3343 5 365
19553 1 443
19554 2 468
34310 1 248
70028 1 248
70960 1 84
80537 1 310
93133 1 655
100545 1 157
122826 1 741
130435 1 170
147170 1 207
148584 1 185
184896 1 316
204740 1 832
244911 1 697
359851 1 557
407719 2 701
410500 1 243
412291 1 249
433473 1 202
435199 1 428
438617 1 1971
445229 3 127
447965 3 113
451842 1 56
472019 7 373
474671 7 964
524 1 211
674 1 425
839 2 441
843 2 447
1273 3 324
1530 2 298
1539 1 301
2212 1 283
2435 21 527
2436 25 583
3308 8 426
3986 6 358
4031 1 532
4233 11 340
4234 16 467
4235 14 444
4236 9 285
4250 13 401
4251 19 547
4252 10 336
4392 1 272
4977 1 510
5761 1 386
6772 1 424
6782 2 327
6802 1 370
7578 2 360
7994 1 326
9166 2 17203
10174 1 439
10193 13 464
11483 9 310
12211 2 366
14522 1 293
14751 1 266
16322 1 457
16405 1 304
16645 15 373
16646 10 349
16647 8 275
18517 1 555
19039 1 457
19045 1 401
20318 1 332
20748 1 247
20777 6 615
21614 2 32241
23491 12 502
23492 15 476
23493 8 275
24947 1 392
26005 1 218
27609 12 296
27610 9 262
27611 9 285
27614 9 234
27615 8 222
27766 1 240
28385 1 343
28409 1 243
28484 1 391
28620 4 334
28621 2 371
29536 8 327
29671 1 290
30116 1 329
30543 1 194
30813 2 404
31160 1 334
32563 1 400
33641 1 621
34310 1 248
35627 2 321
35678 1 253
35870 5 308
36285 2 303
37627 1 159
39169 1 331
39938 2 294
40609 1 408
41100 1 388
41378 2 220
42109 2 213
42110 1 1691
42219 2 392
42636 1 333
42725 1 501
43465 1 423
43520 5 213
44167 10 511
44223 1 406
44851 1 357
45134 1 390
45284 1 297
46314 2 402
47301 1 352
47333 1 413
47362 1 359
47582 1 608
47642 1 11472
48291 1 378
49206 1 311
49322 1 178
51001 1 272
51617 1 259
51959 1 330
52214 1 64459
52385 2 291
52712 1 356
54106 1 186
55919 2 315
56599 2 772
57873 2 175
60334 6 266
62758 19 452
63054 1 135
63896 3 95
66308 1 345
66363 1 2119
68837 1 158
70946 1 329
71089 12 245
72910 4 153
77519 3 88
77719 1 160
80124 1 336
80537 8 310
81290 4 201
82976 9 1323
84239 6 578
86701 2 667
89085 4 79
90455 27 432
91570 6 445
92110 3 127
92265 22 666
92268 10 225
92269 52 802
92272 2 613
92283 2 448
94470 1 524
94594 47 569
94846 3 145
95093 7 96
101108 6 210
105541 5 82
105847 3 136
105849 3 639
108340 2 44
114039 48 1696
117126 3 184
120180 44 807
120182 6 391
121379 6 666
122451 2 499
122454 43 632
123386 14 191
124579 4 824
125156 7 674
126809 1 187
136659 2 63
136684 1 120
138321 5 539
144564 1 835
146177 1 334
147170 3 207
148584 1 185
148836 12 1698
149291 1 52
152186 7 226
153651 3 83
153807 10 92
154715 1 600
154717 10 489
154960 2 784
155700 7 189
155701 40 613
159080 4 419
159614 53 729
161557 5 766
161568 4 669
162238 4 517
165407 3 165
165786 1 199
166630 1 173
169034 1 93
169285 5 832
169823 1 502
170346 3 121
174300 1 235
174311 2 297
175924 8 610
176241 10 779
178126 5 575
179242 8 413
179513 35 710
181337 2 76
181340 5 195
181424 64 2040
181471 1 455
184222 1 587
184743 1 390
184896 1 316
187097 37 865
187100 3 637
187110 15 681
188216 3 85
189178 9 932
191034 1 95
192299 4 93
195862 4 508
199077 2 88
204860 1 88
205307 4 574
205309 4 549
209310 3 99
209372 3 248
212065 1 669
212395 30 549
213359 10 137
215438 1 681
215904 5 880
217588 8 186
217592 2 153
217712 22 3150
220627 5 242
221182 5 99
221750 11 191
221927 3 94
223423 1 477
225806 1 423
227094 3 580
227700 14 207
228634 2 47
228904 19 719
230127 2 635
233709 1 386
234539 2 51
235981 2 607
237508 1 266
237720 24 588
238154 7 285
239959 4 190
240001 1 247
240938 4 122
241768 3 317
244911 2 697
245975 2 237
246388 9 224
246643 1 98
247089 18 553
248301 4 78
248446 10 415
249020 1 125
250045 4 199
251288 2 82
252864 62 1859
254819 1 224
255699 9 552
256775 6 296
258841 2 611
258846 43 669
258857 3 788
258861 1 748
259483 13 144
260839 1 682
262233 7 607
262602 15 831
262607 3 762
264519 9 569
264654 2 1410
264861 2 1391
265816 1 25803
275219 7 356
299201 1 482
308110 7 89
308769 6 509
308807 6 509
308947 1 16976
309001 1 16976
311409 1 285
311518 1 285
311704 1 323
314046 1 1280
314122 1 319
317884 2 320
322023 1 297
325281 1 603
326694 7 863
327394 1 22044
341383 1 302
347721 1 432
349745 1 4074
350349 18 1080
357797 2 92
359570 2 115
371907 6 131
371939 6 131
377430 1 312
385465 1 373
388249 1 138
395355 1 315
395446 1 135
395756 1 379
399132 3 973
402102 12 1433
402245 7 337
404360 81 1194
404645 5 78
406856 2 70
407719 3 701
408558 3 417
408832 27 270
410500 1 243
411486 3 1423
412291 1 249
413376 1 1565
415732 3 311
419200 3 367
419831 1 319
421301 3 1175
426963 2 69
433473 1 202
435199 1 428
437916 1 698
439505 1 260
445229 5 127
447965 10 113
449331 1 409
449443 1 96
454727 14 403
455470 7 477
456865 3 355
459982 1 344
461473 1 586
464004 3 1223
466414 5 628
468632 3 280
469078 9 1116
470777 1 97
471548 51 663
472019 12 373
474671 35 964
476184 2 399
476879 3 43
477911 4 492
480057 1 699
480313 9 985
481747 1 86
481835 2 552
485060 1 415
487860 3 51
487928 4 134
489151 2 106
489909 61 672
490015 2 523
490020 2 444
490893 11 434
491637 2 91
495162 11 340
495507 2 512
496047 4 172
498790 1 682
500628 1 773
502198 20 345
504751 3 353
505606 10 477
506462 1 395
506827 4 488
507984 11 338
523111 1 83
525305 4 678
527184 2 117
528002 1 449
528062 3 2803
