3434 4 491
4177 9 374
4178 1 547
4179 3 569
4189 2 342
4207 6 947
4208 5 999
4209 2 937
15109 2 588
21089 2 545
21220 4 6993
21221 4 1817
21224 6 265
27161 1 441
27374 1 449
30371 1 198
30631 10 1095
36464 4 261
45917 1 6305
47948 3 284
47950 9 1422
48961 4 371
51710 2 284
63615 2 764
63847 1 307
68619 1 191
73038 1 1173
79863 1 106
80054 1 560
85702 1 223
87621 2 103
91659 1 478
92358 2 427
92359 1 427
97629 2 168
100219 1 277
102363 1 643
103073 3 652
106732 2 180
111301 1 741
113149 1 32
117617 1 433
117949 1 133
136024 1 265
136686 1 236
137696 1 115
143824 1 320
153780 2 621
154412 1 312
156751 2 792
157706 1 395
159215 1 208
164133 1 212
169245 1 240
172026 2 58
174601 1 211
182489 1 190
193475 4 240
195751 1 212
202259 1 122
203326 1 178
206532 1 159
219013 2 170
226997 1 436
231254 1 57
231718 2 228
237309 2 356
238002 2 223
238778 1 170
239239 1 159
243313 1 163
249127 1 230
253462 1 586
253922 1 224
256538 1 125
258702 1 860
274974 1 198
274975 5 250
275355 6 399
275567 2 68
287191 1 553
288326 1 139
288411 2 87
288435 1 124
288454 1 207
288456 6 264
288468 1 552
288471 2 67
288472 2 76
288480 1 234
290309 3 856
290331 1 169
307460 1 965
307497 4 1106
307531 1 471
308851 1 215
308862 1 834
325329 4 204
325534 1 2074
325541 5 2827
326211 3 190
326214 1 82
326256 2 451
326274 1 582
326286 1 138
326287 2 328
326349 1 409
336436 1 130
347710 1 307
347821 1 214
348175 1 209
348179 6 266
348182 6 413
348921 1 204
348922 6 258
349585 1 5219
349695 1 2766
350311 1 1111
350321 1 1015
350365 5 205
360660 1 2514
372278 1 28092
373224 2 224
373226 2 197
373271 3 349
374772 4 248
374775 2 125
374912 2 224
374921 1 167
374953 1 392
388558 1 3040
394257 2 192
394987 5 1006
394988 1 118
395031 1 308
395096 2 144
396123 1 470
399300 1 766
402082 1 193
405022 1 221
405714 1 347
406001 1 269
411310 1 910
411799 1 42
419593 5 535
420345 2 483
420514 1 373
420836 1 2667
422115 1 471
428159 1 862
431767 2 491
434208 1 840
434527 1 1397
440689 1 488
442272 2 94
443411 3 513
447103 7 758
450753 1 737
452235 4 945
452238 1 142
453888 1 561
455674 1 1733
458852 1 580
459171 1 233
460506 1 72
471379 1 532
472648 3 604
476858 1 85
478718 1 1216
480517 1 96
481540 1 937
485922 1 486
496960 1 457
497629 2 349
497800 1 44
498101 1 511
498427 2 832
500569 1 189
507592 1 134
513057 1 519
514375 1 258
515122 1 1234
524102 1 552
524375 1 42
525978 1 611
233 2 404
961 4 483
1646 78 55438
3586 1 123
3587 1 130
4209 1 937
5091 4 250
11347 1 144
15109 2 588
15112 1 433
15113 2 469
15115 2 483
21089 2 545
21220 1 6993
21221 16 1817
21224 30 265
21795 4 233
23037 2 356
27127 1 222
27374 2 449
27984 2 644
30371 1 198
34722 3 13257
35320 1 308
36454 3 892
36464 1 261
41814 3 233
45917 3 6305
45947 19 11759
46439 2 710
46440 3 245
46463 1 540
47318 4 448
47937 1 725
47948 1 284
47950 1 1422
47952 1 662
50682 21 32839
61433 1 1080
63615 2 764
66090 1 1163
73038 1 1173
73068 3 90
75254 6 1376
77318 5 146
85702 1 223
87263 1 265
91300 1 999
95063 1 1008
97504 1 140
97629 1 168
103073 1 652
113634 1 762
114551 1 539
119145 1 484
119151 1 271
129728 4 756
130138 1 279
131472 1 404
134671 2 52
136161 1 113
138462 1 585
144017 3 472
152852 1 474
153780 1 621
153782 1 689
154524 1 301
170257 1 220
170812 1 339
171287 1 1744
171446 1 218
174601 1 211
176577 1 56
177788 2 782
182653 2 610
184920 1 418
185021 3 249
185176 1 560
194774 1 337
195346 1 179
196008 1 734
199560 1 320
202259 1 122
205517 1 286
209086 1 548
209126 2 74
210387 1 140
210508 1 157
214393 1 69
215702 1 189
223329 3 263
229940 1 755
233562 1 46
239092 2 442
239168 2 264
240411 1 92
240922 1 336
241137 1 458
245882 1 167
247620 2 201
248988 1 416
253678 2 237
253922 1 224
255629 1 255
257865 1 449
257953 2 197
260645 1 242
261631 1 354
268533 1 125
269711 1 982
286563 4 257
288285 1 375
288298 1 167
288301 1 455
288302 1 203
288304 2 190
288313 1 1891
288326 4 139
288334 10 478
288343 2 654
288399 1 101
288401 2 94
288410 3 79
288411 2 87
288414 2 208
288435 1 124
288471 2 67
288472 3 76
288477 6 252
288480 5 234
288500 1 515
306164 1 464
307460 1 965
307480 1 339
307494 2 304
307497 52 1106
307507 1 259
307513 1 492
307523 4 77
307531 21 471
307588 1 407
307616 1 149
308851 2 215
308862 1 834
316367 1 650
317541 1 157
325540 7 3234
326196 1 241
326211 3 190
326214 2 82
326215 1 114
326216 6 244
326219 4 88
326221 1 125
326256 2 451
326278 1 332
326286 2 138
326287 6 328
326327 3 293
326331 2 51
326345 1 364
326363 2 74
330943 8 140
331499 1 180
335712 4 125
335801 2 313
335959 2 97
336365 7 230
336436 2 130
338643 1 103
347514 1 87
347710 6 307
347806 5 232
347810 3 172
347821 4 214
349585 1 5219
349695 1 2766
350311 1 1111
350321 1 1015
354043 1 3871
355681 2 262
356077 1 3908
360660 3 2514
360800 3 158
360802 1 338
362336 3 1390
365498 1 413
373090 1 705
373091 2 550
373210 8 138
373223 3 195
373233 2 191
373236 1 107
373269 3 269
373271 6 349
374914 7 216
379248 1 145
379583 1 107
388558 1 3040
394987 5 1006
395009 9 260
395031 6 308
395054 4 251
395068 1 288
396123 1 470
399154 4 216
399300 15 766
408380 1 240
408972 4 214
409627 3 229
410214 1 867
412749 1 667
414171 3 199
418736 2 42
420514 4 373
420871 2 108
420951 2 95
423724 4 771
428351 3 190
432061 4 297
441724 1 410
441978 1 143
443411 4 513
447858 2 296
452822 3 339
453888 2 561
459171 1 233
459556 5 649
460506 3 72
461956 1 106
462251 1 398
462296 1 406
463069 3 1263
466038 1 408
471379 1 532
471877 1 364
472013 1 405
472411 4 78
472623 10 208
475992 2 390
482280 2 384
487502 2 194
488623 3 1168
490823 1 532
492097 1 1363
492136 2 1459
496960 1 457
498330 5 158
500018 1 466
500809 2 189
501088 3 62
507592 1 134
509453 10 519
510518 5 509
510981 3 162
515122 1 1234
515592 1 98
515829 1 98
516747 2 249
520679 1 1466
526804 3 85
527402 1 486
