56848 2 442
57908 2 31
60817 1 138
61805 1 554
64604 1 72
67246 1 107
72650 1 552
76072 1 122
76322 1 330
77978 2 134
79139 3 319
80422 1 729
80544 1 496
81700 3 426
82566 1 39
82747 1 142
82996 4 1136
84828 1 480
88549 3 384
91609 1 400
91803 1 757
91828 3 483
93587 1 884
95839 1 42
95859 1 359
95879 3 973
98517 2 389
100700 1 338
107260 1 136
110477 2 589
111772 2 592
112263 3 888
112994 1 469
114016 1 441
118279 3 515
120699 1 247
121169 1 466
121379 2 666
123340 1 470
126111 1 821
127502 2 54
127686 1 371
127965 2 52
128264 2 54
128517 2 59
130719 1 237
133915 1 136
136223 1 125
139274 1 284
140623 1 182
141295 1 45
142222 1 293
143181 1 638
143284 2 107
144440 1 477
144474 2 314
151857 2 554
152483 1 528
152547 2 197
153361 1 1026
153486 1 56
153744 1 42
154416 1 48
154534 3 72
154535 1 58
154639 4 220
154904 8 337
154935 8 285
154939 7 300
155151 4 272
155160 2 224
162204 1 315
162706 2 390
163149 1 139
163327 1 176
163848 1 398
165027 1 132
165246 1 140
168756 1 1592
173028 1 407
173046 1 828
176899 2 1577
179193 2 293
179754 1 497
180027 1 286
181453 1 228
181454 2 245
181456 4 242
182391 2 636
182767 1 54
182842 1 132
182915 1 55
183006 17 611
184095 2 165
184502 1 554
185889 1 137
187191 1 304
188801 1 607
189267 1 136
189388 2 768
192422 1 725
194458 1 70
195301 1 535
196625 1 269
196842 1 442
198721 2 334
200042 2 458
201482 1 342
202035 1 173
204946 1 171
207671 2 402
209070 1 1108
209917 1 94
212081 1 761
213186 2 476
217862 1 380
221580 1 198
222063 5 481
222749 2 664
223808 1 370
226569 1 231
227783 1 144
227884 1 212
229037 1 508
231198 1 148
232173 1 121
232183 1 222
232595 1 437
233465 1 355
233693 1 141
236228 2 647
236692 1 65
238921 1 987
238923 1 351
239540 1 60
239702 2 141
241014 1 132
243086 1 423
245504 1 549
246051 1 496
246984 4 751
247292 2 482
247481 1 49
248299 1 136
249124 2 527
251711 1 133
252908 1 583
254655 4 451
254721 2 526
257571 3 596
259589 3 221
259595 2 655
260611 1 604
261241 4 148
261497 1 40
262238 1 379
262782 3 61
262790 3 61
262987 3 58
263105 1 145
263471 3 101
263625 1 142
264301 1 417
264480 1 161
265171 1 463
265172 1 137
265333 1 449
265334 1 114
266504 2 83
266629 10 304
266630 15 272
266768 2 97
266769 1 189
277205 1 1154
281584 1 313
281785 1 887
282123 1 120
286873 1 493
289724 1 255
290089 1 887
292693 3 206
296435 1 226
299136 2 1192
301865 2 18367
308186 4 36306
309382 1 251
324781 1 2248
327043 12 620
343800 1 483
352919 5 430
352932 5 430
353877 2 368
357748 1 368
358152 1 366
359013 1 876
360888 1 258
362237 2 96
365852 1 827
366741 3 1511
372372 1 1504
374148 1 924
374472 1 635
375626 1 77
380735 2 2157
389343 1 221
393596 1 2560
395836 1 4836
396650 6 269
396944 1 527
398302 3 99
398834 1 435
398940 9 770
398945 1 304
400458 3 259
400463 3 1114
400487 4 177
401705 1 413
401797 1 447
403620 2 300
405674 1 152
406390 2 389
407355 5 380
408191 1 120
409773 1 94
409943 6 317
410409 1 358
411033 1 340
412531 1 244
413323 1 1410
415254 1 333
415649 1 400
416906 1 179
417142 1 1044
417987 3 209
419208 1 166
420484 2 600
420850 1 264
421096 1 360
421377 1 622
422601 2 475
422858 1 407
423147 2 423
423590 4 942
423591 9 268
423790 4 1067
426855 1 272
427013 13 666
427455 5 787
427904 1 1095
428181 4 180
428958 1 104
432506 1 799
432706 3 409
433135 5 236
433417 1 586
433788 2 882
433950 2 843
434018 2 1027
434149 2 83
434819 1 105
435141 2 802
435363 2 870
436875 1 708
437165 1 908
437399 2 396
438284 1 240
438385 1 84
438624 2 556
438680 1 608
438972 1 1081
439240 1 711
440486 1 771
441099 1 474
441954 1 317
441961 1 125
441965 12 596
442275 3 90
442641 4 690
443075 3 179
444165 2 1839
444179 3 3327
444852 14 1142
444883 3 311
445536 2 632
446347 4 245
446835 1 112
446957 25 470
447789 2 79
448156 2 527
448198 1 507
448345 7 1666
448381 1 682
448846 2 218
449357 1 1287
449405 1 86
450091 2 406
451708 1 105
452547 1 362
454170 3 668
454399 1 120
455198 2 176
456484 2 296
458085 2 956
458940 1 764
459254 1 989
459255 1 1106
459543 2 125
459597 1 311
460129 1 2744
460270 2 100
460915 3 2090
461284 1 129
461929 1 1766
462680 1 589
463685 1 249
464617 7 570
464823 2 130
466593 5 119
467375 2 156
471149 1 175
471311 1 515
471498 1 525
473569 3 581
474135 1 976
475940 3 490
476303 2 395
478981 1 912
479043 1 2144
479882 7 666
480255 3 237
480477 1 208
481337 1 924
481387 1 384
481544 1 435
481583 1 791
482245 1 103
482738 9 975
483445 1 274
483867 1 1695
484235 3 1527
484431 1 94
484985 4 725
485735 1 485
486084 1 1476
486115 1 767
486365 1 729
486738 1 884
486741 1 718
488433 1 540
489994 2 733
489997 1 489
490376 5 97
490528 5 219
490814 4 160
491104 4 139
492216 1 212
492605 1 302
494206 1 528
495838 1 928
495855 1 674
495994 5 371
496704 1 512
498143 1 742
498972 2 409
499090 1 2476
499098 2 1363
499776 1 1070
499861 2 383
501138 2 586
501933 1 455
503341 1 98
503717 2 214
504064 1 309
504282 1 1149
504375 2 920
506726 2 821
506764 1 327
506980 1 1371
509677 1 146
510604 1 291
512761 1 1114
513646 2 565
514772 2 313
515109 1 2414
516146 1 420
516407 1 1642
519961 1 305
520348 1 1848
520368 1 122
521090 1 374
521153 1 214
522673 1 83
522955 1 1447
524110 1 651
524327 2 1213
524656 3 1114
525992 1 126
526237 1 1393
526401 1 424
527536 1 851
527762 1 939
527820 4 602
33 2 19382
19121 1 442
75047 2 337
80385 1 339
81134 4 612
84828 1 480
88954 1 304
90920 6 553
118279 1 515
121896 1 805
143220 2 379
145641 1 1039
150585 1 449
156253 2 565
162204 1 315
164567 1 409
168739 1 119
173760 1 617
196893 4 288
206451 3 340
207778 1 440
212081 2 761
224130 1 37
243086 1 423
245504 1 549
268303 1 6782
269996 1 6852
290440 1 15196
307453 4 49380
314210 1 810
314538 1 1587
333597 1 509
341239 1 671
409073 1 1032
424232 1 421
426045 1 307
426186 1 373
431595 1 325
433003 1 394
440301 2 825
440436 1 394
443447 4 802
444165 5 1839
458085 1 956
459254 1 989
459255 1 1106
460458 3 712
464224 1 1183
464601 1 468
464617 1 570
471333 1 445
472370 4 354
475233 2 665
475705 1 640
475940 1 490
479819 6 454
483867 1 1695
486738 1 884
494434 1 65
496237 1 748
499861 1 383
504326 1 516
506490 8 434
506980 3 1371
514974 1 431
516407 1 1642
518299 1 607
520962 1 3046
521733 2 1064
527651 1 650
527821 2 489
