21614 8 32241
36802 1 29903
56081 1 353
56128 2 723
62089 1 150
64667 1 239
64670 1 414
73650 1 1062
75125 1 757
75424 1 1039
83152 2 563
84075 1 386
85106 1 469
85333 1 635
87973 1 836
88430 1 840
96814 2 38
105481 1 729
113281 1 447
116033 3 691
118857 1 805
130750 2 766
132075 1 464
135451 1 794
138076 1 1116
140972 1 347
143167 3 848
146027 1 587
150106 2 542
151859 7 664
153636 1 56
155176 1 1070
155704 1 377
158859 3 725
162203 1 520
162717 1 527
162840 1 1289
162970 1 386
165728 1 538
167936 1 142
174146 1 529
180630 1 369
184741 1 414
187362 5 706
190253 1 333
190711 1 320
195381 1 334
200746 1 48
200771 1 61
204536 1 515
214672 1 456
217111 1 1019
218245 1 549
233439 1 496
238409 3 694
243226 1 333
244422 1 494
253185 4 398
257049 1 504
259597 2 333
261161 1 120
264386 2 479
264630 1 615
264836 1 588
265816 8 25803
265854 18 21100
268435 1 505
269454 2 180
272558 2 356
273001 1 912
274913 1 228
277205 1 1154
278594 1 1281
283370 1 800
284115 1 1009
287134 1 1199
287906 2 5750
289723 2 2907
290440 4 15196
291992 1 407
292004 1 288
292026 5 5959
292247 3 1272
292298 6 2887
298645 1 1703
299122 2 842
301865 3 18367
303734 16 25485
304192 2 385
305947 1 652
306417 6 885
306474 1 610
307084 1 1709
307453 9 49380
308186 53 36306
308827 1 3641
314195 1 438
325633 4 892
326881 4 2766
335176 4 1105
335239 1 568
339669 1 458
340362 1 966
346230 1 285
347837 177 63219
347869 26 47445
348744 1 3039
358123 1 1521
360159 2 595
360182 1 2961
361071 1 232
361680 1 2032
370683 1 671
373834 21 44460
374604 2 2428
374719 2 409
376654 1 3562
377012 1 672
377923 4 796
382914 1 643
383754 12 5970
384381 1 690
387114 3 971
393993 1 1799
405856 4 469
408352 1 400
413486 1 860
414665 1 325
415160 1 821
419121 2 631
422267 2 159
424108 1 434
435949 1 440
437067 3 439
437820 9 585
438140 1 573
438896 4 972
440273 1 732
449639 8 771
459078 1 875
469048 1 618
471596 1 825
490468 1 725
492529 1 492
495598 1 167
496377 1 842
496692 3 862
499378 1 215
501030 1 208
502436 2 705
502887 1 1712
503724 2 217
507117 1 752
508713 1 527
509593 2 708
510482 1 738
511946 1 443
512459 3 1298
513724 1 949
515078 1 433
516179 1 617
517532 1 515
518195 1 618
519581 1 1386
520182 2 600
521232 2 271
522407 2 1068
523663 16 2999
527650 1 1349
64666 1 397
72704 1 945
78476 1 119
82458 1 640
82983 1 479
84330 2 408
85333 2 635
86514 1 249
95157 1 333
95863 4 426
98521 4 368
110243 1 636
113851 1 589
120790 3 1231
121603 3 84
121694 1 110
124112 1 403
127320 3 143
132317 1 132
133684 1 411
136331 2 419
140972 1 347
143167 1 848
144375 1 35
145630 1 421
149700 1 456
155704 1 377
158867 3 325
162717 1 527
162840 1 1289
170027 1 774
174366 2 397
182907 1 432
184102 1 148
186151 1 661
186433 4 169
190253 3 333
190711 2 320
191115 1 200
192460 1 1331
194502 1 335
195381 1 334
198466 1 463
207674 3 543
208733 1 153
210510 1 274
225928 1 245
227962 1 714
234153 1 203
238409 1 694
243226 1 333
244422 1 494
272168 1 308
272558 1 356
276060 1 186
276419 2 196
276747 1 1125
277237 3 478
277382 1 181
279808 1 183
279811 2 305
279818 1 1175
285070 2 533
285314 1 489
285318 1 312
290450 1 3129
291301 1 131
294181 1 367
295938 1 150
298645 1 1703
298922 2 448
299620 1 345
300590 1 360
300780 1 105
301865 3 18367
302652 1 543
303734 1 25485
305947 1 652
306413 1 711
306417 4 885
306426 1 387
306515 1 303
306857 1 502
307084 1 1709
308186 4 36306
308353 2 574
309055 1 1185
311767 1 154
312730 1 214
317659 1 497
318924 1 203
320065 1 106
320066 3 348
320354 1 74
320880 1 206
325633 6 892
326881 1 2766
327061 1 610
335176 1 1105
336468 4 747
337183 1 598
339669 1 458
339898 1 214
348194 1 509
357540 1 99
360182 3 2961
361071 1 232
361165 2 335
361283 6 937
361680 3 2032
362544 1 673
374480 1 530
374604 2 2428
383754 1 5970
383952 2 503
384747 1 129
384855 2 190
386899 1 439
387114 1 971
389445 1 1096
394113 2 402
394210 2 350
394730 1 976
396260 2 642
398273 2 768
398835 1 938
399098 1 122
399494 2 1726
401007 2 1575
401878 2 586
402996 1 133
403337 1 1751
406820 1 338
409786 1 577
410010 2 854
411339 1 741
413222 1 371
413486 1 860
415160 1 821
417057 1 109
417240 2 105
417484 1 488
419121 2 631
421801 1 431
422082 1 361
422267 1 159
424866 1 408
435799 1 118
436472 1 557
436522 1 358
437311 1 337
438140 1 573
438896 1 972
439006 1 252
439057 1 541
439917 2 1820
440273 2 732
440323 2 1819
441240 2 531
444446 10 1488
445989 1 129
446391 1 475
447140 2 1494
449487 1 1090
450407 2 445
450540 3 126
452464 1 115
453941 1 567
454120 1 103
455141 1 439
455784 2 932
457216 1 221
457954 10 439
458946 2 621
459078 2 875
459235 2 109
460106 1 444
461466 1 1140
461572 1 675
461855 1 128
462470 1 1218
462636 1 514
462743 2 793
462778 1 1125
463291 1 284
464254 2 418
464594 1 636
464812 2 88
466262 1 379
466951 1 427
467315 1 118
468624 2 144
468628 2 170
468796 1 461
469048 1 618
469197 1 507
470124 1 367
471566 3 688
471596 1 825
471714 1 226
471787 4 139
472910 1 746
474175 1 421
475990 1 785
479026 1 525
479171 2 909
479938 1 102
485761 1 190
488844 2 692
490468 2 725
492916 5 350
493105 2 361
493510 3 715
495598 1 167
498912 2 98
500532 1 416
501447 1 295
502436 2 705
502698 1 453
505117 1 1292
505341 2 474
506134 1 313
506979 1 1572
507090 1 122
507117 1 752
508066 1 131
511401 1 194
512459 1 1298
513160 1 134
513318 1 219
513724 3 949
515078 1 433
519521 1 256
521232 1 271
522913 1 363
523760 1 187
523895 1 62
525359 1 631
527705 1 435
