33 1 19382
36 8 352
49 4 529
50 2 144
147 4 281
160 2 276
372 2 200
701 1 564
750 3 389
752 4 352
754 1 438
758 5 594
766 2 268
771 3 260
772 4 430
773 1 215
777 3 482
872 5 482
873 1 183
1369 1 644
2721 2 433
2722 1 353
2962 4 372
2963 3 283
3159 3 388
3166 1 308
3175 6 255
3176 4 446
3178 5 442
3180 4 347
3181 4 501
3183 5 271
3188 3 255
3191 4 454
3195 17 378
3672 2 193
3988 8 375
3989 3 232
3990 1 374
3993 1 573
3995 1 340
3998 1 347
4001 2 317
4043 6 452
4053 5 563
4128 1 504
4309 3 400
4311 1 456
4313 4 431
4320 2 367
4323 5 544
4330 1 499
4344 6 229
4347 5 392
4348 2 591
4350 5 355
4351 8 410
4352 1 56
4422 4 288
4423 5 187
4424 1 57
4434 2 327
4616 5 392
4617 3 352
4618 3 480
4621 7 334
4622 6 291
4634 4 444
4636 6 379
4637 7 531
4710 7 553
4711 5 517
4712 1 490
4715 7 413
4716 5 332
5014 2 185
5015 2 278
5291 2 309
5292 6 307
5293 2 483
5301 1 393
5314 3 466
5323 2 458
5327 1 220
5329 1 387
5330 2 447
5332 1 374
5333 2 342
5785 2 363
6073 2 206
6439 4 6333
6456 5 665
6466 3 531
6467 2 336
6468 5 203
6563 2 363
7066 2 380
7155 7 533
7877 5 230
8026 5 292
8027 7 288
8408 2 516
8597 4 244
8615 9 340
8625 6 421
8626 11 464
8627 5 226
8728 7 250
9226 1 482
9622 1 403
9703 6 339
10431 13 254
10432 2 155
10436 2 266
10438 6 448
10508 5 418
10509 4 359
10559 2 269
10935 9 400
11531 9 448
11533 2 131
11534 13 441
11578 8 512
11579 8 594
11580 3 146
11608 7 347
11610 12 420
11611 10 257
11612 9 426
11613 10 399
11614 12 456
11615 11 492
11616 3 80
11897 7 452
11898 7 649
11899 7 459
11900 11 729
11901 8 335
12816 2 625
13158 3 2612
14354 2 321
14355 12 567
14408 10 555
14409 5 190
14412 3 366
14735 5 454
14737 4 380
14789 3 300
14790 2 324
14791 5 233
15356 3 388
15803 2 376
15813 6 312
16187 2 539
16231 2 260
16501 2 466
16802 2 394
16981 2 313
17507 2 645
17579 1 281
17997 2 544
18004 2 326
18013 4 523
18018 1 476
18022 2 454
18184 2 337
18407 3 283
18408 2 521
18409 1 576
18411 1 436
19172 1 445
19577 2 185
20285 1 518
21084 7 864
21340 2 292
21961 5 609
21969 1 581
21971 2 616
21972 1 628
21973 1 509
21974 2 427
21975 3 644
21992 1 555
22302 2 385
22391 6 461
22918 8 437
23151 4 515
23269 4 204
23355 1 430
23715 4 441
23967 10 392
23968 3 131
24264 4 623
24265 3 366
24267 2 484
24268 1 382
24557 1 251
25035 4 248
25036 15 548
25254 4 440
25258 2 372
25793 8 472
25794 10 515
25968 4 151
25970 5 508
25972 9 340
25974 8 529
25975 5 228
26548 1 93
26632 2 415
26633 4 308
26964 2 294
27310 5 265
27509 3 338
27872 8 466
27873 3 192
27875 2 265
28122 7 370
28124 1 282
28126 4 7816
28132 10 379
28137 7 382
28138 2 506
28142 8 487
28406 6 553
28407 3 206
28408 3 81
28490 2 317
29068 8 560
29069 6 269
29186 5 422
29451 6 342
29452 6 336
29453 2 334
29584 5 494
29738 6 354
29739 2 426
29740 4 180
30245 6 327
30247 1 284
30313 3 220
30686 1 4151
30720 1 266
30933 12 627
30934 4 240
31227 2 756
31542 5 487
31551 4 458
31552 5 348
31557 6 611
31561 2 428
31562 3 425
31563 4 381
31809 1 250
31810 1 460
31811 3 475
31822 3 508
31823 2 652
31824 7 370
31825 5 233
31830 3 432
31831 1 368
31832 7 380
31833 7 399
31840 6 504
31843 9 582
31844 7 427
31845 3 168
31883 2 202
32862 2 255
32927 9 696
33060 2 368
33628 5 402
33688 6 618
33689 4 224
33690 8 390
33696 3 509
33699 2 304
33700 1 59
33704 3 187
33707 1 670
33710 2 407
33714 2 77
33715 1 58
33910 4 160
33915 7 621
33916 6 324
33957 4 8237
34750 6 434
35667 4 259
35668 5 321
35669 4 482
35672 2 238
36385 4 586
36933 5 400
37057 2 416
37067 3 537
37068 4 401
37069 7 230
37142 1 2197
37277 2 359
37377 9 555
37378 6 614
37379 5 352
37671 4 453
37673 2 556
37679 1 291
38627 6 476
38643 5 412
38644 12 402
38675 8 288
39054 2 273
39094 8 482
39214 7 447
39477 8 742
39768 4 204
39772 6 688
39773 11 403
39854 2 342
40061 5 19463
40141 5 463
40636 5 149
40639 4 376
40640 6 309
40641 15 450
40842 5 305
41001 4 324
41002 1 198
41184 1 614
41185 3 285
41188 2 292
41190 3 499
41645 2 441
41646 8 411
41655 8 539
41656 2 306
41659 5 472
41821 3 183
41834 1 324
42181 3 422
42183 7 525
42184 2 369
42185 6 354
42359 3 1134
42360 5 348
42361 3 274
42415 4 150
43128 2 482
44206 12 558
44536 4 482
45494 1 184
45820 3 403
45946 1 633
46339 2 575
47201 3 458
47474 1 489
47476 6 348
47769 2 276
48224 6 217
48227 6 432
48228 4 436
48229 6 357
48230 10 266
48258 3 246
48259 5 238
48261 14 508
48687 1 358
48689 8 506
48840 3 378
48841 6 390
49562 7 1216
49759 8 496
49760 4 361
49763 1 961
49764 2 502
49766 2 623
49768 1 542
49774 2 311
49775 3 338
49776 1 59
49779 3 369
49780 8 524
49781 4 406
49786 1 379
49787 1 401
49789 2 268
49792 1 236
49800 3 346
49801 1 62
49805 2 243
49876 2 389
49878 3 373
49879 3 656
49882 3 320
50070 2 195
50071 11 551
50112 3 307
51527 3 78
51530 5 404
51531 9 416
51532 8 240
52214 1 64459
52552 3 387
52553 3 576
52557 2 396
52566 1 342
52929 5 276
52932 2 468
52936 5 215
52940 4 395
52941 5 193
53276 4 520
53277 6 501
53278 5 435
53282 9 510
53283 6 394
53515 5 225
53597 1 237
53715 2 403
53722 3 628
53727 2 719
53731 4 400
53732 1 546
53734 1 508
53803 6 507
53804 4 345
53805 3 110
54047 2 471
54052 2 285
54053 1 343
54054 9 533
54483 7 294
54485 8 192
54486 4 244
54488 3 315
54547 7 352
55063 8 336
55064 2 485
55065 3 498
55070 1 396
55071 3 380
55075 1 637
55086 3 257
55087 3 194
55088 5 227
55163 4 400
55164 1 393
56133 1 25
58591 2 47
58822 1 198
61969 4 385
62119 1 270
62278 1 39
62951 2 124
63073 2 181
63309 1 126
63926 2 226
64032 1 697
64127 2 466
64875 2 216
64921 1 30
64944 1 30
65221 1 187
65620 1 247
66571 1 78
67860 1 204
69565 1 152
72587 1 83
75404 1 252
76360 2 447
77715 1 228
79487 1 287
83189 2 87
83330 3 170
84194 10 930
87591 2 643
92975 2 343
100744 2 1074
102234 1 394
107045 1 298
107319 1 363
110585 1 50
114034 1 599
121970 1 448
128397 2 500
131472 2 404
132814 7 719
140851 1 503
144084 2 460
145796 2 245
147338 3 2122
148397 1 238
148714 1 271
148853 1 274
148912 1 272
148964 1 564
154379 2 221
157558 2 403
161778 1 197
161845 3 575
161998 1 149
162843 4 669
164355 1 94
164744 3 882
166590 2 482
173843 1 590
176232 1 632
181420 1 373
182034 1 471
184736 1 375
193800 1 391
195509 2 115
196806 1 295
198681 1 56
200312 1 44
203952 1 527
215916 1 375
216350 3 503
216668 1 190
217203 1 260
226418 1 82
228003 1 205
228081 1 637
231673 1 213
237358 1 398
239717 2 464
241876 1 737
244998 4 130
252715 2 310
255026 1 69
256014 2 1340
258976 3 197
268506 3 261
269566 2 133
269675 2 139
270250 5 424
285951 4 278
288054 3 325
288111 3 152
288182 2 145
288186 3 265
292192 3 326
307299 3 219
307356 2 164
307453 7 49380
310077 2 111
311905 3 218
326042 3 184
326123 4 14885
327394 2 22044
328894 4 223
328911 4 281
329164 6 601
329223 5 243
329915 6 183
330351 5 217
330858 2 231
347837 9 63219
348725 2 136
348787 6 598
348801 3 228
348803 4 225
348804 5 245
348809 3 63
352355 6 159
352433 3 152
373036 1 203
373187 6 158
373188 3 151
377514 3 191
377758 1 144
377968 3 136
378102 3 136
385289 1 204
394717 2 157
394720 6 184
394772 5 222
394781 2 231
394898 6 26758
396719 1 298
400931 1 45
402733 4 127
406058 1 1024
406424 1 46
406775 2 615
407221 1 358
407324 2 192
408439 2 93
409284 2 92
409654 1 411
410464 3 1156
412260 2 214
413757 6 1489
415677 2 937
416970 2 190
418486 2 187
422084 2 346
423148 4 104
424750 3 844
429317 1 358
430936 1 67
431032 3 516
431696 14 414
433151 2 114
433223 5 514
433600 10 541
436200 1 318
437012 1 862
438908 2 746
440587 1 789
440878 1 138
442421 2 530
443268 2 99
443349 1 376
443708 11 490
443717 5 976
445805 1 49
445807 3 100
445873 8 368
446786 5 123
446898 1 1138
458594 3 267
459515 1 36
461292 1 100
461513 1 655
466016 4 150
471830 17 437
475105 1 103
475107 3 67
475108 2 120
476451 1 188
488525 5 343
488772 1 544
491099 1 616
491119 4 644
491423 29 1326
493759 13 1387
501277 9 1075
501965 2 1757
502211 3 546
503132 1 394
505183 2 74
506991 2 134
513409 2 189
513712 3 491
515421 3 72
516256 8 223
517651 2 86
518093 4 1116
520015 16 647
520254 1 299
520437 2 68
523127 2 220
524042 1 422
524438 3 540
524859 1 295
525431 1 114
525434 3 147
525982 1 573
526490 1 828
527958 1 389
36 14 352
49 11 529
50 1 144
147 3 281
160 1 276
372 1 200
701 5 564
750 7 389
752 12 352
754 13 438
757 7 459
758 22 594
766 8 268
771 10 260
772 11 430
773 8 215
777 7 482
872 13 482
873 6 183
1369 1 644
2721 6 433
2722 6 353
2962 8 372
2963 8 283
3159 6 388
3166 17 308
3170 12 355
3175 6 255
3176 8 446
3178 18 442
3180 15 347
3181 26 501
3183 1 271
3188 5 255
3191 12 454
3195 29 378
3672 4 193
3988 6 375
3989 18 232
3990 9 374
3993 9 573
3995 1 340
3998 10 347
4001 4 317
4043 10 452
4053 12 563
4308 3 201
4309 6 400
4311 1 456
4312 12 511
4313 12 431
4314 2 468
4315 1 444
4317 6 468
4318 3 346
4320 5 367
4323 10 544
4324 2 499
4328 6 388
4329 4 620
4330 4 499
4332 2 294
4334 3 370
4335 4 232
4344 6 229
4347 8 392
4348 9 591
4350 17 355
4351 12 410
4422 9 288
4423 3 187
4434 3 327
4616 4 392
4617 5 352
4618 8 480
4621 12 334
4622 6 291
4634 8 444
4636 14 379
4637 19 531
4710 8 553
4711 17 517
4712 7 490
4715 21 413
4716 7 332
5014 1 185
5015 3 278
5291 5 309
5292 5 307
5293 17 483
5301 16 393
5314 8 466
5316 20 576
5321 2 318
5323 5 458
5327 1 220
5329 4 387
5330 10 447
5331 4 346
5332 3 374
5333 5 342
5336 2 552
5785 2 363
6073 3 206
6439 15 6333
6456 12 665
6466 22 531
6467 8 336
6468 4 203
6563 2 363
7066 3 380
7155 17 533
7877 4 230
8026 14 292
8027 16 288
8408 13 516
8597 4 244
8615 13 340
8625 7 421
8626 17 464
8627 3 226
8728 7 250
8872 4 432
8874 3 495
9226 1 482
9622 18 403
9623 28 462
9703 11 339
10431 7 254
10432 2 155
10436 10 266
10438 24 448
10508 21 418
10509 13 359
10559 3 269
10560 1 181
10935 14 400
11531 10 448
11533 7 131
11534 22 441
11578 23 512
11579 20 594
11580 1 146
11608 5 347
11610 8 420
11611 3 257
11612 12 426
11613 6 399
11614 7 456
11615 15 492
11616 1 80
11897 10 452
11898 25 649
11899 11 459
11900 18 729
11901 12 335
12816 3 625
13158 12 2612
14354 18 321
14355 16 567
14408 24 555
14409 4 190
14412 14 366
14735 11 454
14737 7 380
14789 3 300
14790 1 324
14791 5 233
15356 5 388
15803 4 376
15813 5 312
16187 2 539
16231 2 260
16501 2 466
16802 3 394
16981 2 313
17507 2 645
17579 5 281
17997 2 544
18002 1 418
18004 1 326
18005 2 453
18013 6 523
18018 2 476
18022 1 454
18184 1 337
18407 2 283
18408 2 521
18409 1 576
18411 1 436
19172 1 445
19577 2 185
20285 1 518
21084 17 864
21340 2 292
21614 3 32241
21806 1 242
21961 11 609
21969 1 581
21971 9 616
21972 3 628
21973 16 509
21974 10 427
21975 5 644
21989 7 674
21992 3 555
22302 4 385
22391 5 461
22918 14 437
23151 21 515
23269 4 204
23715 5 441
23967 11 392
23968 2 131
24264 9 623
24265 5 366
24267 2 484
24268 4 382
25035 1 248
25036 9 548
25254 2 440
25258 11 372
25793 6 472
25794 15 515
25968 5 151
25970 11 508
25972 13 340
25974 22 529
25975 6 228
26548 1 93
26632 6 415
26633 7 308
26911 7 2559
26964 1 294
27310 5 265
27509 11 338
27872 21 466
27873 2 192
27875 8 265
28122 4 370
28124 6 282
28126 28 7816
28132 15 379
28137 7 382
28138 5 506
28142 13 487
28406 22 553
28407 7 206
28490 3 317
29068 19 560
29069 6 269
29186 12 422
29451 5 342
29452 9 336
29453 3 334
29584 9 494
29738 3 354
29739 3 426
29740 2 180
30245 4 327
30247 2 284
30313 2 220
30686 30 4151
30933 29 627
30934 5 240
31227 1 756
31542 9 487
31551 21 458
31552 14 348
31557 14 611
31561 12 428
31562 8 425
31563 10 381
31809 5 250
31810 23 460
31811 19 475
31813 16 519
31822 16 508
31823 17 652
31824 13 370
31825 5 233
31830 6 432
31831 7 368
31832 13 380
31833 7 399
31840 10 504
31843 19 582
31844 16 427
31845 1 168
31883 1 202
32862 2 255
32927 21 696
33060 2 368
33628 12 402
33688 7 618
33689 3 224
33690 18 390
33696 3 509
33699 1 304
33704 2 187
33707 3 670
33710 1 407
33714 1 77
33910 3 160
33915 19 621
33916 15 324
33957 36 8237
34750 7 434
35264 4 483
35274 7 551
35275 1 260
35667 5 259
35668 7 321
35669 7 482
35672 2 238
36385 13 586
36802 1 29903
36806 7 834
36933 13 400
37057 2 416
37067 5 537
37068 10 401
37069 6 230
37142 19 2197
37277 3 359
37377 18 555
37378 28 614
37379 7 352
37671 11 453
37672 9 302
37673 14 556
37679 3 291
38627 23 476
38643 16 412
38644 12 402
38675 14 288
39054 1 273
39094 10 482
39214 11 447
39477 12 742
39768 6 204
39772 1 688
39773 18 403
39854 2 342
40061 32 19463
40141 19 463
40359 7 4913
40636 6 149
40639 13 376
40640 14 309
40641 20 450
40842 6 305
41001 3 324
41002 4 198
41184 2 614
41185 1 285
41186 5 604
41188 2 292
41190 2 499
41191 2 456
41645 14 441
41646 13 411
41655 16 539
41656 3 306
41659 10 472
41821 5 183
41834 7 324
42181 8 422
42183 12 525
42184 6 369
42185 8 354
42359 6 1134
42360 4 348
42361 4 274
42415 5 150
43128 3 482
44135 9 522
44206 7 558
44536 2 482
45494 13 184
45820 23 403
45822 10 259
45946 1 633
46339 10 575
47201 2 458
47474 4 489
47476 18 348
47769 4 276
48224 4 217
48227 14 432
48228 15 436
48229 15 357
48230 13 266
48258 12 246
48259 15 238
48261 32 508
48687 13 358
48689 18 506
48840 10 378
48841 13 390
48891 5 465
49562 23 1216
49759 13 496
49760 6 361
49763 4 961
49764 2 502
49766 3 623
49768 3 542
49774 3 311
49775 1 338
49779 2 369
49780 15 524
49781 4 406
49786 2 379
49789 2 268
49792 2 236
49800 1 346
49805 2 243
49876 5 389
49878 6 373
49879 9 656
49882 5 320
50070 11 195
50071 26 551
50112 2 307
50682 30 32839
51104 5 251
51527 6 78
51530 22 404
51531 25 416
51532 9 240
52214 1 64459
52552 1 387
52553 9 576
52557 16 396
52558 14 568
52559 6 622
52563 9 412
52565 6 304
52566 1 342
52622 6 376
52929 2 276
52932 10 468
52936 5 215
52940 18 395
52941 4 193
53276 10 520
53277 26 501
53278 9 435
53282 18 510
53283 11 394
53515 4 225
53597 4 237
53715 23 403
53722 25 628
53727 14 719
53731 6 400
53732 13 546
53734 5 508
53735 6 510
53803 22 507
53804 10 345
53805 1 110
54047 5 471
54052 7 285
54053 14 343
54054 22 533
54483 12 294
54485 8 192
54486 8 244
54488 9 315
54547 23 352
54668 1 492
55063 5 336
55064 9 485
55065 12 498
55070 14 396
55071 10 380
55075 2 637
55086 5 257
55087 5 194
55088 4 227
55163 8 400
55164 3 393
61969 6 385
62119 4 270
62278 1 39
62951 2 124
63073 2 181
63309 2 126
63926 2 226
64032 1 697
64127 3 466
64875 1 216
65620 1 247
66169 2 228
66571 1 78
67860 1 204
69565 4 152
71157 1 76
72587 4 83
73270 3 303
75404 3 252
76192 2 402
76360 4 447
77394 1 575
77531 1 93
77643 1 594
77715 1 228
77761 2 466
79034 4 409
79487 5 287
80043 20 467
80219 3 233
80421 5 330
80674 5 282
83189 3 87
83330 5 170
84194 15 930
87591 4 643
89775 3 196
92975 2 343
93701 9 954
96485 2 146
96936 1 579
97954 1 36
100744 1 1074
102234 2 394
107045 1 298
107319 1 363
118399 1 445
121970 1 448
128397 4 500
128994 8 340
130716 2 538
131472 3 404
132814 15 719
138594 1 290
139391 1 359
140851 2 503
143280 3 528
144084 2 460
145796 2 245
147338 8 2122
148397 1 238
148714 1 271
148853 2 274
148912 1 272
148964 4 564
149786 1 180
154379 2 221
157558 2 403
161778 2 197
161845 4 575
161998 1 149
162843 2 669
164355 1 94
164744 4 882
166590 1 482
167145 3 568
167146 3 629
170156 4 133
173017 13 897
173843 1 590
176217 1 449
176232 3 632
176245 3 666
180324 3 519
181420 2 373
182034 6 471
182400 4 200
184736 4 375
187558 5 378
190724 1 256
192408 1 503
193800 1 391
195509 2 115
196806 1 295
196846 7 291
198681 1 56
200312 1 44
203952 5 527
211516 3 455
214502 2 40
214663 2 75
215916 2 375
216350 2 503
217203 1 260
219078 1 273
220280 1 65
225607 2 229
226418 1 82
228003 3 205
229015 2 718
231954 6 193
235744 2 502
237623 4 650
239717 10 464
241876 3 737
244998 2 130
245754 1 36
252715 7 310
254679 1 54
255026 1 69
256014 2 1340
258976 5 197
268506 2 261
269566 2 133
269675 2 139
270250 1 424
285951 8 278
288054 3 325
288111 3 152
288182 2 145
288186 2 265
292192 3 326
307245 1 1120
307299 2 219
307356 1 164
307453 83 49380
310077 2 111
311905 2 218
326042 3 184
326123 14 14885
326129 3 67196
328894 4 223
328911 3 281
329164 2 601
329223 5 243
329915 6 183
330351 5 217
330858 2 231
347837 7 63219
348725 2 136
348787 2 598
348801 2 228
348803 4 225
348804 5 245
348809 1 63
352355 7 159
352433 1 152
373144 4 494
373187 7 158
373188 1 151
377514 3 191
377968 3 136
378102 3 136
394717 3 157
394720 6 184
394772 5 222
394781 2 231
394898 3 26758
400931 1 45
401030 1 352
402733 7 127
406058 2 1024
406424 1 46
406775 3 615
407221 1 358
407324 2 192
408439 2 93
409284 1 92
409654 1 411
409965 1 115
410464 4 1156
412260 2 214
413757 8 1489
415677 1 937
416970 3 190
422084 2 346
423148 4 104
424750 11 844
429317 1 358
430936 1 67
431032 7 516
431696 23 414
433151 3 114
433223 7 514
433600 10 541
436200 2 318
437012 1 862
438908 3 746
440878 1 138
442421 1 530
443268 1 99
443708 9 490
443717 4 976
445805 1 49
445807 3 100
445873 5 368
446786 4 123
446898 2 1138
456003 1 708
458594 7 267
459364 2 128
459515 2 36
461292 1 100
461513 1 655
461627 10 621
461979 2 691
466016 4 150
470387 2 182
471830 20 437
474061 1 441
475105 2 103
475107 2 67
475108 3 120
476301 3 355
476451 1 188
488525 8 343
488772 3 544
491099 1 616
491119 15 644
491423 38 1326
493759 12 1387
501277 9 1075
501965 3 1757
502211 7 546
503132 1 394
505183 1 74
506991 2 134
513409 1 189
513712 2 491
515421 2 72
516256 4 223
518093 14 1116
520015 27 647
520254 3 299
520437 1 68
523127 5 220
524042 1 422
524438 8 540
524859 4 295
525431 3 114
525434 4 147
525982 10 573
526490 4 828
527958 1 389
50 1 144
147 1 281
160 5 276
372 4 200
701 1 564
777 1 482
3191 5 454
4128 1 504
4308 4 201
4309 5 400
4311 9 456
4312 11 511
4313 7 431
4314 14 468
4315 16 444
4316 9 226
4317 16 468
4318 13 346
4320 6 367
4323 5 544
4324 8 499
4328 11 388
4329 15 620
4330 13 499
4332 6 294
4333 6 212
4334 17 370
4335 2 232
4347 1 392
4348 1 591
4351 1 410
4352 1 56
4423 1 187
4424 1 57
4434 8 327
4712 1 490
5014 3 185
5015 4 278
5785 4 363
6073 1 206
6439 7 6333
6563 11 363
7066 6 380
7067 5 246
7877 4 230
8409 5 241
8872 22 432
8873 6 479
8874 9 495
9226 1 482
10559 4 269
10560 3 181
11612 1 426
11897 1 452
12816 8 625
14789 3 300
14790 5 324
14791 4 233
15042 4 183
16187 7 539
16231 5 260
16501 7 466
16802 5 394
16981 2 313
17997 3 544
18002 1 418
18004 5 326
18005 11 453
18013 3 523
18018 5 476
18022 7 454
18184 4 337
18407 1 283
18408 3 521
18409 1 576
19577 3 185
20285 3 518
21340 4 292
21341 3 164
21806 5 242
21971 1 616
21992 1 555
22302 2 385
23269 2 204
23534 9 1146
23715 1 441
23968 2 131
24262 8 470
24263 6 268
24264 21 623
24265 10 366
24267 10 484
24268 14 382
24557 3 251
25968 1 151
25970 1 508
26548 1 93
26964 4 294
27310 3 265
28138 1 506
28408 2 81
28490 6 317
29453 1 334
30313 3 220
30686 2 4151
31227 3 756
31883 3 202
32862 4 255
33628 1 402
33690 1 390
33699 1 304
33700 1 59
33714 1 77
33715 1 58
35264 23 483
35265 6 383
35274 3 551
35275 1 260
35669 1 482
37142 1 2197
37277 2 359
37679 1 291
37847 8 200
39054 4 273
39854 6 342
41002 9 198
41184 29 614
41185 7 285
41186 12 604
41187 8 551
41188 7 292
41189 15 359
41190 16 499
41191 2 456
41834 1 324
42359 30 1134
42360 5 348
42361 3 274
43128 10 482
43523 11 512
43524 4 204
44135 5 522
44536 1 482
45820 3 403
45822 2 259
45946 4 633
46339 7 575
47474 3 489
47769 4 276
48891 5 465
49760 1 361
49774 1 311
49775 1 338
49776 1 59
49781 1 406
49800 1 346
49801 1 62
50112 5 307
50396 6 239
51527 1 78
52214 1 64459
52622 4 376
53515 4 225
53597 1 237
54668 8 492
55075 3 637
55088 3 227
55163 4 400
63813 1 965
75404 1 252
80043 1 467
89314 1 107
89775 1 196
96936 1 579
97484 2 437
105598 1 37
106927 1 236
108605 1 112
121970 2 448
130716 1 538
130758 1 319
138594 1 290
139391 1 359
139785 1 405
143280 1 528
147387 1 383
147714 1 257
148788 1 319
167146 6 629
176217 4 449
176232 2 632
180324 1 519
192408 1 503
193800 1 391
198751 2 665
231954 1 193
235744 1 502
236787 2 237
241876 8 737
241877 1 564
251946 1 62
256238 1 652
307453 7 49380
324296 1 340
326123 1 14885
401030 1 352
406058 3 1024
406775 1 615
407221 5 358
407526 8 903
409654 2 411
409965 4 115
410464 3 1156
412260 2 214
413757 5 1489
415677 1 937
416970 1 190
422084 1 346
424750 2 844
429317 3 358
431032 1 516
431279 1 386
433223 1 514
437012 3 862
438908 2 746
440878 1 138
440959 2 70
442421 3 530
443349 3 376
445807 1 100
446898 1 1138
456003 1 708
458634 1 261
461292 1 100
474061 3 441
476451 1 188
481900 5 99
501277 1 1075
502211 1 546
503132 5 394
517651 3 86
518093 1 1116
520254 4 299
526490 6 828
527958 5 389
