1042 41 430
1077 19 275
1630 12 350
1633 22 577
1728 9 513
3915 5 555
5680 14 201
7666 11 249
7668 16 416
8205 8 256
8206 8 389
10048 10 542
13134 6 297
13135 8 639
13138 8 517
13143 11 489
13418 6 223
13421 9 344
13422 11 632
13430 5 416
16120 2 536
16135 1 471
16158 3 472
22691 10 201
23117 5 488
23118 3 370
23138 3 368
26171 3 483
26173 2 605
26184 4 590
26186 6 598
26538 2 474
27812 4 564
28031 2 375
28041 5 236
30478 1 342
32986 3 258
36039 3 541
36843 8 426
37838 3 297
38688 5 2505
39167 4 255
39169 1 331
42495 2 114
43040 13 333
43048 21 409
44986 5 366
47594 6 338
47766 12 528
47786 4 2387
50049 7 254
50050 25 428
51639 3 253
51895 3 421
53957 7 438
53958 18 495
54296 3 448
54877 3 480
54972 10 309
55372 815 100383
55373 71 2056
55374 55 2263
55375 1074 40486
56087 3 582
56884 7 110
57469 1 322
57656 8 177
57737 1 55
61475 5 548
62037 20 654
62064 34 4939
62081 3 1049
62142 14 874
62218 47 931
63517 5 364
63643 4 337
64884 10 560
65186 3 302
65768 8 1070
66044 1 178
66541 1 137
66551 1 280
66681 17 592
67092 3 351
67113 2 118
67114 7 133
67201 5 251
67710 1 336
67975 4 458
68352 5 519
68423 6 1084
69725 3 99
70482 4 339
71105 2 280
71575 2 556
72268 2 54
74100 3 166
75030 20 528
75633 1 99
76055 15 627
76139 10 341
76246 10 375
76563 1 244
76662 6 2416
77462 5 176
77623 10 604
83702 4 162
83847 4 205
84352 6 132
85415 2 54
85417 3 82
86284 3 215
86727 7 220
87001 1 99
87357 5 88
89183 1 161
89301 3 261
89533 1 487
90289 7 291
90476 1 216
90719 4 186
90731 19 910
91531 1 45
93946 9 268
94913 2 45
95884 3 93
100268 2 372
102284 1 141
103467 6 84
103896 4 48
105043 1 929
107151 3 239
108145 3 595
109719 4 114
109722 5 368
109729 32 538
111089 14 217
111165 4 72
111339 12 479
112309 2 105
113010 4 84
115437 1 238
115651 4 202
116220 3 61
116763 4 315
117069 1 216
118018 5 249
118276 1 109
119709 5 169
119711 4 170
120780 4 482
124509 2 98
125684 1 360
125687 1 409
125986 4 206
126197 5 976
126845 2 217
127066 1 252
127122 2 236
127290 2 282
127460 4 370
128708 16 561
129025 3 126
129028 6 243
129032 7 380
129149 1 126
129174 7 380
129699 6 80
130844 2 1019
131051 4 732
131136 6 404
131213 12 691
131424 6 620
131700 1 257
132794 5 1344
133067 10 1284
135152 51 4010
135178 6 685
136359 1 214
137197 1 191
137324 3 483
137908 4 378
138951 5 940
139329 5 79
139600 4 305
140422 4 162
140666 2 183
141359 1 112
141380 6 327
141863 4 400
141872 7 292
142115 12 398
142116 9 810
142118 5 406
142137 17 2201
142141 28 7912
142255 7 759
142261 6 265
142265 5 484
143236 1 189
144912 2 188
144918 2 245
146380 1 622
146459 2 975
150134 12 129
150285 4 212
150629 5 352
150803 3 120
155188 18 441
155706 34 6252
156567 3 322
156783 9 277
156786 12 373
157360 6 123
158070 1 308
159866 4 247
160002 4 294
160768 2 139
161501 4 273
161794 1 155
162012 4 370
162991 1 229
163349 5 110
163816 3 270
164093 1 396
164095 3 781
164174 3 225
164180 3 258
164786 9 436
165098 1 148
165465 9 351
165517 2 182
166844 7 671
167084 9 756
167155 4 163
167225 10 711
169111 1 308
170637 3 254
171681 8 153
171787 4 251
173055 2 256
173449 4 333
178142 3 197
178527 9 529
178813 4 317
178851 2 313
178946 11 876
178961 2 134
178986 12 1910
178993 6 728
178996 24 5818
179077 4 1111
179085 2 358
179167 1 158
179175 2 673
179593 3 191
179793 18 1112
181588 9 190
181591 10 274
182875 5 599
182933 9 156
183668 10 231
184879 1 204
187768 24 759
187821 6 292
189997 2 216
190192 1 751
192633 4 220
193699 6 416
194698 3 447
194929 2 358
195435 11 749
196377 2 161
196885 8 233
197081 1 245
198753 7 155
201519 10 209
202114 16 481
202270 7 248
202325 5 226
202719 5 367
203832 2 477
203867 6 376
204020 2 231
204562 3 168
204750 11 685
205267 5 336
206007 5 123
206988 3 333
206989 2 159
207421 2 67
207698 5 260
208506 57 6627
210258 7 630
210854 8 330
211886 6 84
213065 1 204
214528 9 531
216244 9 219
216246 5 173
217668 1 352
217889 3 513
217898 2 550
218027 3 433
218861 3 43
218910 1 306
220284 1 169
220587 1 102
223854 3 107
224788 1 119
225215 6 209
226693 3 105
227647 8 304
227780 5 396
228167 3 710
228406 9 113
228921 5 460
229368 2 989
229659 1 451
230179 1 222
231796 3 161
232307 12 389
232418 4 358
234974 6 214
235719 2 315
238200 1 224
238249 1 307
238887 1 328
241249 3 310
242061 8 642
242943 7 148
243124 2 703
245250 1 129
245358 3 101
245497 11 1021
246908 8 232
247712 5 254
248107 2 256
248573 1 361
248577 1 349
248745 1 298
248973 4 578
249529 4 576
250128 1 316
250282 26 279
250320 8 1510
250325 10 6286
250371 2 215
250397 2 1074
251577 2 47
252878 36 577
252949 4 78
253406 2 186
254174 1 516
254654 1 250
254750 23 456
255313 4 268
255319 5 300
255401 2 385
255830 6 403
259300 1 180
259663 1 237
261619 4 662
263261 2 130
263332 4 265
264643 1 111
264782 8 396
264850 1 96
265619 1 142
265810 23 16729
265813 4 4655
265854 16 21100
267573 3 1125
267876 3 881
268083 1 873
268261 4 447
268522 3 799
269112 1 177
269354 4 555
269695 1 151
269997 20 5054
270642 5 338
270872 2 389
271410 1 364
272269 160 4027
272864 4 123
273275 2 289
273354 16 2901
274792 1 2434
275853 1 311
276172 1 199
276642 4 2816
276727 1 374
280619 5 11500
284427 23 456
286203 1 1398
286270 10 2593
286329 54 3563
286349 13 2967
286583 39 19748
289617 10 1439
289732 8 4132
289855 9 590
290465 31 15747
291193 3 370
291940 2 643
292145 126 2058
293653 5 188
294056 6 279
294093 30 1806
294388 2 360
294389 7 451
294474 7 365
294571 2 375
294586 5 277
294822 72 1490
294949 1 385
295461 1 208
297956 3 3184
297980 9 2523
298728 7 486
298837 7 486
298879 7 486
303734 24 25485
304819 2 295
306060 1 115
306284 3 21202
308513 29 8438
310110 1 574
310959 3 372
312169 9 2117
312383 16 3321
312476 3 500
312868 3 166
312970 2 256
313003 3 422
313104 4 232
313143 5 129
314040 17 727
314476 2 439
316297 15 5294
316777 1 125
316835 2 560
317266 7 371
317374 7 729
317449 2 125
317678 9 625
320248 1 13098
320619 4 189
323663 4 898
324543 1 230
325010 6 1417
325048 31 634
325049 27 508
325081 9 1262
325096 18 5659
325128 3 964
325149 73 1173
325150 45 2127
326129 11 67196
327129 2 1456
327384 4 19585
327407 3 18061
328506 3 4280
329207 1 2263
329226 7 8776
329407 8 7463
330132 5 196
330629 2 146
330854 11 2611
331123 11 2609
331276 2 289
331432 11 8083
331567 2 170
331601 11 308
332631 2 411
333096 1 104
333809 9 297
334038 1 296
334348 1 396
334469 7 394
335934 2 666
338322 4 407
338816 4 1000
343498 8 142
344730 3 196
347426 1 1752
347716 18 1283
347763 3 822
347764 6 1050
349708 5 595
349709 25 779
350477 4 4214
351998 3 3051
352541 5 1060
352610 2 439
353716 1 614
354312 2 1388
354450 12 8639
355072 1 6755
355850 8 733
357317 7 532
357445 5 404
359152 20 9815
360121 6 285
360482 1 301
360925 1 805
361156 13 656
365517 2 358
371772 9 4220
371816 10 1257
371833 20 4625
371839 219 4897
371870 8 4449
371886 16 840
372406 22 14595
374210 11 874
374978 5 4182
376472 8 3670
377498 5 4385
377811 8 1669
378710 32 2896
380052 7 2436
380194 4 315
381311 1 193
381333 2 329
381369 3 325
381724 11 172
381987 2 6233
383647 1 330
384005 1 108
384825 3 555
389624 5 200
390986 1 132
391491 1 121
393300 6 238
393571 28 1152
393642 25 1018
393666 3 1372
396258 42 38258
396763 4 509
396782 1 82
397110 1 441
401325 1 71
402650 1 798
402958 1 683
403670 1 126
406099 1 289
406364 1 323
407302 2 98
408035 6 587
408454 1 1201
409535 4 509
409881 3 589
410410 2 424
411199 1 103
411415 6 362
411429 2 120
411975 1 596
413697 5 335
415280 3 150
416558 7 868
417858 3 438
418099 1 224
418672 8 953
418675 20 913
418679 18 548
419359 2 268
419459 1 91
419509 2 348
420246 22 595
420396 5 931
420489 1 302
421557 6 310
422034 5 681
422222 1 222
422315 2 591
424567 1 498
424628 2 254
424735 1 113
424742 2 621
425003 5 76
425201 1 444
425701 2 416
426521 2 269
426935 1 136
427712 1 106
428164 1 515
429472 1 53
429493 2 450
430113 2 636
430560 4 461
430923 1 195
431303 1 349
432586 1 522
432937 6 345
433165 2 329
433167 4 496
433476 2 197
433554 4 758
433720 10 604
434245 1 1487
434262 1 91
435519 6 408
435589 6 397
435592 3 226
435698 6 601
436027 2 308
436493 2 2559
437882 1 335
438873 1 426
440055 1 386
440536 4 449
443571 1 329
444352 1 918
445721 4 548
446224 2 421
446855 1 887
448330 1 451
450053 1 246
450304 1 350
451625 3 1562
452164 1 145
453204 1 106
453472 1 326
453935 1 515
455558 3 519
456575 1 90
457668 2 131
458735 5 1592
459119 1 215
459705 1 104
460596 1 1297
461495 1 374
461699 14 609
462291 11 381
463185 1 204
463936 24 834
464652 4 173
464655 1 280
464901 2 274
464919 5 319
466421 13 688
466965 1 406
467112 1 133
467873 1 170
468122 4 370
468232 4 761
468614 1 680
469568 2 295
470294 1 83
470442 5 574
471434 1 1615
472528 1 579
472643 2 105
473145 1 197
474130 11 2483
474441 2 187
474775 1 107
474982 2 270
475046 3 260
475290 4 289
477361 2 254
480702 1 629
481689 1 1300
481869 2 188
482854 1 114
483348 1 129
485574 1 210
485813 5 638
485825 3 1275
486214 1 882
486705 2 165
486852 2 217
487652 3 767
487970 2 120
489046 1 110
490099 1 197
490421 1 124
490542 1 191
491665 1 121
491916 1 80
491962 3 495
492929 1 323
493288 1 1045
493634 2 80
495029 1 96
495078 2 276
497966 1 91
498819 1 378
499237 11 204
499689 1 783
499991 17 1258
499998 1 129
500335 9 472
500737 1 947
502108 31 1469
503307 1 224
504311 6 499
505454 1 489
505499 7 117
505739 15 273
506259 1 180
506848 1 343
507997 3 417
510568 7 271
510982 1 188
511898 2 635
512486 1 545
512868 8 272
513244 2 218
515717 1 218
516039 1 400
516065 1 400
516284 1 200
516585 1 151
518263 2 133
518600 2 115
518841 2 322
521098 2 217
521194 1 342
521395 2 776
521618 5 433
523041 2 3025
523567 1 92
523730 1 196
523746 1 129
524656 1 1114
525507 8 542
525657 11 565
526712 1 241
527341 2 112
1630 2 350
1633 4 577
1728 3 513
3915 7 555
5680 9 201
7666 25 249
7668 35 416
8205 6 256
8206 4 389
10048 19 542
13134 13 297
13135 19 639
13138 12 517
13143 11 489
13418 10 223
13421 7 344
13422 18 632
13430 8 416
16120 2 536
16135 2 471
16158 3 472
22691 7 201
23117 7 488
23118 3 370
23138 6 368
26171 2 483
26173 2 605
26184 1 590
26186 2 598
26538 2 474
27812 40 564
28031 3 375
28041 4 236
30478 8 342
32986 3 258
36039 6 541
36843 1 426
37838 3 297
38688 4 2505
39167 3 255
39169 6 331
42495 3 114
43040 4 333
43048 2 409
44986 2 366
47594 7 338
47642 2 11472
47766 13 528
47786 4 2387
50049 10 254
50050 9 428
51639 2 253
51895 3 421
53957 14 438
53958 20 495
54296 14 448
54877 3 480
54972 7 309
55372 1936 100383
55373 117 2056
55374 140 2263
55375 480 40486
56087 8 582
56884 3 110
57176 1 109
57469 10 322
57656 9 177
57694 3 39
57737 3 55
58702 3 87
59069 3 34
61475 18 548
62037 43 654
62064 90 4939
62081 17 1049
62142 24 874
62218 45 931
62672 18 251
63517 19 364
63643 15 337
64884 26 560
65186 15 302
65768 40 1070
66044 7 178
66430 7 64
66541 11 137
66551 5 280
66681 31 592
67092 4 351
67113 5 118
67114 6 133
67201 14 251
67975 15 458
68352 25 519
68423 19 1084
69725 7 99
70482 14 339
71105 9 280
71575 29 556
72268 5 54
73710 4 273
74100 6 166
75030 28 528
75633 5 99
76055 32 627
76139 28 341
76152 20 418
76246 23 375
76563 1 244
76662 18 2416
77462 5 176
77623 22 604
79951 23 531
80380 1 307
80903 1 261
82732 10 158
83702 12 162
83847 13 205
84087 1 298
84352 5 132
85415 3 54
85417 5 82
86284 20 215
86727 7 220
87001 10 99
87357 1 88
87630 2 74
88313 1 30
88421 1 34
89183 7 161
89301 9 261
89533 18 487
90289 13 291
90476 13 216
90719 11 186
90731 34 910
91531 2 45
93946 9 268
94913 4 45
95884 6 93
96709 3 29
100268 6 372
102284 16 141
103467 3 84
105043 9 929
107151 13 239
107642 14 251
108145 21 595
109719 10 114
109722 16 368
109729 2 538
111089 10 217
111165 5 72
111339 26 479
112309 8 105
113010 7 84
114151 1 210
114329 9 2540
115480 12 193
115651 15 202
116220 1 61
117069 2 216
118018 8 249
118276 2 109
118735 3 70
119709 12 169
119711 9 170
120175 2 175
120358 2 166
120780 16 482
124504 5 272
124509 6 98
125687 21 409
125986 5 206
126197 16 976
126845 10 217
127066 4 252
127122 5 236
127201 1 249
127290 8 282
127460 6 370
128708 18 561
129025 7 126
129028 20 243
129032 19 380
129149 6 126
129174 19 380
129388 6 204
129699 1 80
130001 3 45
130235 8 143
130844 16 1019
131051 26 732
131136 32 404
131213 33 691
131424 21 620
131700 10 257
132794 21 1344
133067 54 1284
133215 3 62
135106 18 422
135178 47 685
136359 7 214
136555 11 208
137154 1 430
137324 13 483
137908 6 378
138951 53 940
139595 6 64
139600 20 305
140197 13 460
140422 10 162
140666 2 183
141359 7 112
141380 28 327
141863 19 400
141872 2 292
142115 34 398
142116 47 810
142118 12 406
142137 64 2201
142141 156 7912
142255 20 759
142261 13 265
142265 29 484
143236 8 189
143542 8 290
143569 4 136
144912 8 188
144918 10 245
145735 4 128
145746 9 217
146380 10 622
146381 4 235
146425 7 772
146459 14 975
147191 16 338
147505 2 559
150285 11 212
150629 6 352
153859 1 56
155188 8 441
155706 140 6252
156567 21 322
156783 8 277
156786 12 373
157360 2 123
158070 2 308
159066 1 437
159337 1 492
159866 1 247
160002 19 294
160029 2 128
160768 8 139
161501 8 273
161763 4 73
161794 3 155
162012 5 370
162991 8 229
163349 6 110
163816 9 270
164093 12 396
164095 24 781
164174 11 225
164180 11 258
164786 19 436
165098 5 148
165465 18 351
165517 8 182
166844 40 671
167084 28 756
167155 15 163
167225 21 711
167471 6 90
169063 1 365
169111 3 308
170442 2 231
170637 12 254
170679 1 616
171536 1 194
171681 6 153
171787 17 251
172894 1 234
173055 9 256
173449 3 333
173657 13 759
178142 7 197
178527 18 529
178813 22 317
178821 18 245
178851 13 313
178946 41 876
178961 10 134
178986 68 1910
178993 13 728
178996 70 5818
179077 22 1111
179085 14 358
179167 4 158
179175 21 673
179593 8 191
179714 7 292
179793 72 1112
180947 14 278
181343 4 49
181555 3 91
181588 18 190
181591 21 274
182875 19 599
182933 6 156
183668 10 231
184912 2 134
184915 4 172
187768 16 759
187821 2 292
187995 1 250
188916 1 187
189722 1 90
189951 1 186
189997 5 216
190192 6 751
192633 1 220
193699 19 416
194698 22 447
194929 18 358
195435 44 749
195834 14 263
196221 1 189
196377 14 161
196885 9 233
197081 3 245
198753 8 155
199460 8 152
200500 24 379
201519 7 209
201872 11 140
202114 33 481
202270 13 248
202325 11 226
202695 1 84
202719 16 367
203230 10 265
203832 7 477
203867 22 376
204020 4 231
204562 4 168
204750 27 685
205267 10 336
206007 4 123
206988 9 333
206989 4 159
207421 3 67
207698 10 260
208506 195 6627
209384 5 173
210258 20 630
210794 3 150
210854 12 330
213065 8 204
213516 7 261
214268 1 121
214528 6 531
216244 12 219
216246 9 173
216953 9 215
217212 2 125
217443 1 254
217668 3 352
217889 15 513
217898 23 550
217907 39 746
218027 19 433
218134 2 137
218910 9 306
219737 8 90
220084 9 265
220284 4 169
220587 4 102
220849 1 555
220974 3 357
221261 1 276
221491 4 85
222261 1 616
223848 1 492
223854 9 107
224177 8 86
224201 7 72
224788 6 119
225215 11 209
225965 7 128
226175 1 134
226607 1 130
226693 7 105
227647 15 304
227780 30 396
228167 18 710
228406 3 113
228440 6 206
228921 21 460
228927 7 96
229189 2 124
229659 5 451
230179 2 222
231796 11 161
232307 18 389
232418 16 358
233069 1 171
234748 1 130
234823 2 154
234974 12 214
235719 18 315
236023 3 93
238249 12 307
240021 3 188
241249 2 310
241578 6 88
242061 17 642
242943 6 148
245250 4 129
245358 7 101
245497 6 1021
246908 8 232
247214 3 130
247668 1 178
247712 10 254
248107 15 256
248573 9 361
248577 8 349
248745 5 298
248914 1 122
248973 6 578
249529 36 576
249820 3 227
250100 6 213
250128 1 316
250139 6 165
250282 10 279
250320 21 1510
250325 77 6286
250371 8 215
250397 32 1074
251190 3 682
251489 1 83
251537 2 131
252878 14 577
252949 1 78
253406 11 186
254174 8 516
254654 4 250
254718 8 763
254750 11 456
255313 18 268
255319 6 300
255401 3 385
255830 8 403
257151 4 275
259300 6 180
259351 1 399
259611 6 141
259663 1 237
261619 26 662
262422 1 152
262854 2 516
263261 4 130
263332 6 265
264316 7 117
264643 3 111
264782 17 396
264850 3 96
265619 11 142
265810 28 16729
265813 13 4655
265854 60 21100
267573 90 1125
267876 68 881
267900 4 474
268083 79 873
268261 56 447
268522 92 799
268807 3 446
269112 9 177
269354 44 555
269695 5 151
269997 90 5054
270642 14 338
270872 2 389
271410 1 364
271647 6 493
272269 189 4027
272864 7 123
273275 6 289
273354 142 2901
274792 4 2434
275853 1 311
276172 11 199
276642 8 2816
276727 6 374
280619 14 11500
283301 7 260
283428 4 169
284427 35 456
286203 120 1398
286270 154 2593
286329 338 3563
286349 37 2967
286583 10 19748
287255 16 353
289617 68 1439
289732 17 4132
289855 35 590
289921 27 340
290465 70 15747
291193 9 370
291940 53 643
292145 105 2058
293653 11 188
294056 6 279
294093 93 1806
294388 36 360
294389 34 451
294474 35 365
294571 5 375
294586 10 277
294822 99 1490
294949 6 385
295461 5 208
297526 1 530
297956 9 3184
297980 21 2523
298728 41 486
298749 1 286
298837 41 486
298879 41 486
303734 8 25485
304358 12 278
304819 18 295
305860 69 727
306060 3 115
306284 236 21202
307101 1 290
308513 21 8438
310110 54 574
310431 27 302
310959 38 372
312169 116 2117
312383 63 3321
312476 4 500
312868 4 166
312970 4 256
313003 25 422
313104 8 232
313143 11 129
314040 55 727
314476 2 439
316297 81 5294
316777 8 125
316835 6 560
317266 14 371
317374 14 729
317449 6 125
317678 49 625
320248 5 13098
320619 22 189
323663 29 898
324543 8 230
325010 57 1417
325048 42 634
325049 34 508
325050 16 691
325081 6 1262
325096 116 5659
325128 72 964
325149 80 1173
325150 161 2127
326129 1 67196
327129 67 1456
327384 17 19585
327407 31 18061
328506 1 4280
328993 17 5082
329016 14 254
329021 49 487
329207 16 2263
329226 18 8776
329407 15 7463
329470 7 2619
330132 13 196
330629 10 146
330854 55 2611
331123 55 2609
331276 11 289
331428 4 2727
331432 5 8083
331567 8 170
331601 1 308
332627 2 1128
332631 3 411
333096 1 104
333809 20 297
334014 7 145
334038 1 296
334348 1 396
334469 15 394
335934 17 666
337783 1 610
338322 20 407
338372 2 711
338816 32 1000
342987 3 238
343498 10 142
344730 24 196
347426 13 1752
347716 125 1283
347763 64 822
347764 102 1050
349708 31 595
349709 28 779
350477 28 4214
351998 15 3051
352367 11 265
352541 91 1060
352610 17 439
353716 28 614
353953 19 394
354312 12 1388
354450 22 8639
354696 9 1416
355072 7 6755
355850 42 733
355854 2 1763
357317 46 532
357445 24 404
359152 51 9815
360121 11 285
360402 17 726
360482 7 301
360925 7 805
365517 7 358
368468 8 118
371772 69 4220
371816 42 1257
371833 241 4625
371839 8 4897
371870 9 4449
371886 85 840
372406 81 14595
374210 69 874
374978 17 4182
376472 74 3670
377119 12 3355
377448 5 4232
377498 63 4385
377811 17 1669
378565 16 178
378710 147 2896
379183 3 184
380052 21 2436
380194 4 315
381311 6 193
381333 11 329
381369 20 325
381724 16 172
381889 1 127
381987 4 6233
382564 5 188
383647 11 330
384005 1 108
384825 4 555
384838 5 212
389624 5 200
390986 4 132
391491 1 121
393300 16 238
393571 147 1152
393642 122 1018
393666 94 1372
396258 210 38258
396763 23 509
396782 1 82
397110 1 441
398790 6 162
399569 2 147
401325 3 71
402636 2 103
402650 2 798
402958 1 683
403670 2 126
404291 6 103
406099 3 289
406364 6 323
407302 4 98
408035 15 587
408454 1 1201
409881 18 589
410410 11 424
410508 2 251
411199 1 103
411415 4 362
411429 2 120
411889 2 394
411975 1 596
411982 1 81
413158 1 424
413697 11 335
414162 6 277
415280 9 150
416558 39 868
417858 13 438
418099 12 224
418672 57 953
418675 61 913
418677 4 184
418679 33 548
419359 11 268
419370 2 169
419459 1 91
419509 2 348
420246 53 595
420394 3 856
420396 3 931
420489 6 302
421557 7 310
422034 12 681
422222 2 222
422315 2 591
423351 3 530
424567 1 498
424628 4 254
424735 2 113
424742 2 621
425003 3 76
425111 1 588
425201 2 444
425701 16 416
426521 10 269
426935 1 136
427712 1 106
428161 7 293
428164 4 515
429472 2 53
429493 3 450
430113 2 636
430456 11 284
430560 16 461
430923 3 195
431303 12 349
432586 26 522
432937 12 345
433165 3 329
433167 3 496
433476 8 197
433554 31 758
433720 31 604
434245 1 1487
434262 2 91
434373 2 405
434926 1 157
435519 13 408
435589 10 397
435592 7 226
435698 22 601
436027 2 308
436493 1 2559
436667 3 225
437882 1 335
438009 1 119
438651 3 331
438873 1 426
439816 1 110
440055 1 386
440536 4 449
443571 1 329
444352 1 918
445561 4 199
445721 7 548
446224 25 421
446855 14 887
448330 1 451
450053 1 246
450304 2 350
450651 1 136
451625 2 1562
452164 8 145
452915 1 107
453204 4 106
453472 3 326
453935 1 515
455148 11 485
456575 4 90
457668 7 131
458735 4 1592
459119 8 215
459705 4 104
459995 2 414
460030 1 1870
460596 2 1297
460915 1 2090
461495 1 374
461699 44 609
462291 18 381
463185 1 204
463936 61 834
464652 7 173
464655 1 280
464798 14 440
464901 3 274
464919 21 319
466421 59 688
466965 1 406
467112 3 133
467873 1 170
468122 6 370
468232 8 761
468441 5 281
468614 1 680
468662 1 158
468748 6 363
469568 1 295
470050 3 300
470294 2 83
470442 30 574
470905 1 72
470906 9 521
471192 1 430
471311 1 515
471434 1 1615
472528 1 579
472556 2 222
472643 5 105
473145 2 197
474130 9 2483
474441 2 187
474775 6 107
474936 1 179
475046 3 260
475290 4 289
475997 2 167
476117 1 102
477361 4 254
477543 4 284
478324 1 767
479326 2 790
479762 1 451
480675 2 84
480681 2 76
480702 2 629
481642 5 106
481689 1 1300
481869 3 188
482072 2 173
482292 3 121
482854 1 114
483196 1 84
483348 2 129
484357 37 619
484419 2 82
484512 3 78
485428 1 139
485574 6 210
485784 1 183
485813 11 638
485825 4 1275
486214 1 882
486705 4 165
486852 7 217
487176 1 130
487652 2 767
487970 3 120
489046 2 110
490030 3 652
490099 1 197
490421 1 124
490523 1 83
490542 1 191
491665 1 121
491962 8 495
492350 3 685
492929 3 323
493288 1 1045
493634 3 80
494973 2 190
495029 2 96
495078 1 276
496111 3 197
497765 1 115
497966 1 91
498819 1 378
499237 11 204
499689 2 783
499991 65 1258
499998 3 129
500335 7 472
500605 2 351
500737 4 947
500755 1 84
502108 84 1469
502862 4 341
503307 7 224
503992 2 140
504106 1 169
504311 11 499
504995 7 398
505055 4 125
505454 2 489
505499 5 117
505739 17 273
506128 11 252
506259 3 180
506390 1 101
506848 2 343
507997 19 417
509060 2 75
510568 20 271
510982 3 188
511643 3 284
512486 1 545
512868 9 272
513244 4 218
513764 3 189
514122 2 114
515717 2 218
515975 1 136
516039 4 400
516065 2 400
516284 3 200
516585 4 151
517482 3 183
518263 4 133
518512 4 99
518600 4 115
518835 1 504
518841 10 322
520081 2 306
520687 1 128
520983 7 1010
521077 7 760
521098 5 217
521194 7 342
521375 1 110
521395 14 776
521518 5 402
521618 12 433
521697 2 492
522302 3 419
523041 6 3025
523567 3 92
523730 2 196
523746 3 129
524074 2 235
524656 1 1114
524694 1 71
525013 2 118
525507 12 542
525657 33 565
526712 12 241
526801 4 312
527341 3 112
54296 1 448
56087 2 582
57176 1 109
57469 2 322
58702 2 87
62672 1 251
65186 2 302
66044 2 178
67975 1 458
76563 1 244
79951 1 531
80903 1 261
82732 1 158
83702 2 162
83847 2 205
87630 1 74
88313 1 30
89183 1 161
89301 1 261
93946 2 268
107151 1 239
108145 3 595
115480 1 193
124504 1 272
125687 1 409
125986 3 206
126845 2 217
127066 2 252
127122 3 236
127201 1 249
127460 2 370
129149 1 126
129388 2 204
131213 1 691
133215 1 62
137154 1 430
139600 2 305
140197 1 460
143542 1 290
146380 1 622
146459 3 975
147505 2 559
155706 2 6252
159066 1 437
160002 1 294
160029 1 128
162991 3 229
164093 1 396
164095 7 781
165517 1 182
167471 1 90
169063 1 365
170637 1 254
171536 1 194
173449 1 333
173657 1 759
178813 1 317
178821 1 245
179167 1 158
183668 3 231
184879 1 204
184912 1 134
184915 1 172
187995 1 250
189722 1 90
190192 1 751
194698 1 447
195834 3 263
196377 2 161
201872 1 140
203832 1 477
208506 4 6627
209384 1 173
210258 1 630
214268 1 121
217212 1 125
217668 2 352
217889 2 513
217907 2 746
218134 2 137
218910 1 306
220284 1 169
220587 2 102
220974 1 357
221491 1 85
227647 1 304
229189 1 124
230179 2 222
232418 2 358
234823 1 154
236023 2 93
238249 1 307
240021 2 188
242061 2 642
247214 2 130
247668 1 178
247712 3 254
248745 1 298
248914 1 122
248973 2 578
249529 1 576
249820 2 227
250100 2 213
250139 2 165
250325 1 6286
251489 1 83
251537 3 131
254174 1 516
254654 2 250
257151 2 275
264316 2 117
265619 1 142
265813 1 4655
265854 3 21100
267876 1 881
268083 2 873
268807 1 446
269695 4 151
269997 3 5054
271410 1 364
272269 1 4027
274792 2 2434
276172 2 199
276727 2 374
283301 1 260
283428 2 169
284427 2 456
286270 7 2593
286349 10 2967
287255 2 353
291193 1 370
294822 2 1490
297526 2 530
297956 2 3184
297980 2 2523
298728 1 486
298749 1 286
298837 1 486
298879 1 486
303734 1 25485
304358 2 278
307101 1 290
310431 13 302
316297 4 5294
316777 1 125
317374 1 729
317449 1 125
317678 5 625
323663 4 898
324543 5 230
325010 2 1417
325049 1 508
325081 2 1262
325096 1 5659
325149 1 1173
325150 1 2127
327407 2 18061
328993 2 5082
329016 3 254
329021 1 487
329207 5 2263
329226 1 8776
329407 1 7463
329470 1 2619
330132 1 196
330629 1 146
331276 1 289
331428 2 2727
331432 1 8083
332627 1 1128
333809 1 297
334014 1 145
334348 1 396
335934 3 666
337783 1 610
338322 3 407
338372 1 711
338816 6 1000
347716 4 1283
350477 4 4214
351998 4 3051
352367 2 265
352541 3 1060
352610 5 439
353716 2 614
353953 6 394
354312 6 1388
354450 1 8639
354696 6 1416
355854 1 1763
359152 1 9815
360121 1 285
360402 4 726
360482 2 301
360925 2 805
365517 1 358
368468 3 118
371772 1 4220
371816 8 1257
371833 1 4625
372406 4 14595
373834 6 44460
374210 1 874
374978 2 4182
376472 2 3670
377119 4 3355
377498 2 4385
377811 1 1669
379183 2 184
381311 1 193
381889 1 127
381987 1 6233
382564 5 188
384005 1 108
384825 2 555
384838 3 212
389624 1 200
391491 1 121
393666 1 1372
396258 9 38258
397110 1 441
398790 2 162
399569 1 147
401325 2 71
402636 2 103
402958 1 683
403670 1 126
404291 1 103
406364 3 323
407302 1 98
408454 1 1201
410410 4 424
410508 2 251
411415 3 362
411429 1 120
411889 1 394
411975 1 596
411982 1 81
414162 4 277
415280 1 150
417858 2 438
418099 1 224
419359 3 268
419370 1 169
419509 2 348
420394 2 856
420489 4 302
422222 2 222
423351 3 530
424628 1 254
424735 1 113
424742 1 621
425003 3 76
425201 2 444
426935 1 136
427712 1 106
428161 2 293
429472 1 53
429493 1 450
430113 2 636
430456 6 284
430923 3 195
431303 2 349
434245 1 1487
434262 2 91
434373 1 405
434926 1 157
435519 2 408
435592 1 226
436027 1 308
436493 1 2559
436667 1 225
438009 1 119
438651 2 331
438873 1 426
439816 1 110
440055 1 386
443571 1 329
444352 1 918
445721 1 548
446224 4 421
448330 1 451
450053 1 246
450304 2 350
450651 1 136
451625 1 1562
452915 1 107
453472 1 326
455148 2 485
455558 1 519
459705 2 104
459995 2 414
460596 1 1297
460915 1 2090
461495 1 374
463185 1 204
464919 1 319
466965 1 406
467873 1 170
468122 1 370
468232 1 761
468614 1 680
468662 1 158
468748 1 363
470294 2 83
470442 1 574
470906 1 521
471192 1 430
471311 1 515
471434 1 1615
473145 1 197
474441 1 187
474936 1 179
475046 1 260
475290 2 289
475997 1 167
476117 1 102
477361 1 254
478324 1 767
479326 1 790
479762 1 451
480675 2 84
480702 1 629
481642 2 106
481689 1 1300
481869 1 188
482072 1 173
482292 1 121
482854 1 114
483196 1 84
483348 1 129
484357 1 619
484419 1 82
484512 3 78
485428 1 139
485574 3 210
485784 1 183
486214 1 882
486705 2 165
486852 1 217
487176 1 130
490030 2 652
490523 1 83
491962 3 495
492350 2 685
494973 1 190
495029 1 96
496111 1 197
497765 1 115
497966 1 91
499998 2 129
500605 2 351
500755 1 84
502862 4 341
503992 2 140
504106 1 169
505055 2 125
506128 3 252
506259 1 180
506390 1 101
506848 2 343
509060 2 75
510982 2 188
511643 2 284
512486 1 545
513244 1 218
513764 2 189
514122 2 114
515717 2 218
515975 1 136
516039 3 400
516065 1 400
517482 3 183
518263 3 133
518512 2 99
520081 2 306
520687 1 128
520983 6 1010
521077 5 760
521098 2 217
521375 1 110
521395 3 776
521518 4 402
521618 4 433
521697 2 492
522302 2 419
523041 1 3025
523730 1 196
523746 2 129
524074 2 235
524656 1 1114
526801 3 312
