4935 3 299
24394 2 303
28913 4 197
28914 1 121
38226 2 649
46063 1 118
56130 3 575
58253 1 29
59136 1 169
59594 1 123
61845 1 58
64645 2 128
64647 1 173
66530 2 608
68246 1 28
68963 1 125
69290 3 139
71120 1 29
71251 1 29
71543 1 428
71715 2 38
71733 2 37
72369 2 153
72545 1 127
73864 1 28
74167 3 229
75165 2 517
75393 2 82
75570 2 166
76142 1 73
77496 3 517
78102 2 553
78274 1 121
78488 1 121
79329 1 520
80677 4 550
81150 1 660
81204 2 34
83607 4 521
84539 1 31
87623 1 361
88311 2 173
89112 2 22
89159 11 234
89308 1 395
91151 1 187
91741 2 846
92238 1 392
92866 3 618
96063 4 393
96868 5 246
97046 3 114
98428 3 29
101063 1 140
102109 1 252
102207 3 222
103010 2 55
103110 1 84
106289 1 56
106301 1 33
107551 4 742
109837 2 34
110350 4 349
110805 1 196
113224 2 204
113805 1 117
113812 1 222
114198 7 254
114202 3 170
114794 1 418
115534 3 55
115667 5 180
117835 3 368
120076 1 120
120093 1 120
120340 1 97
121509 1 37
121651 1 375
123241 1 199
127360 1 505
127687 1 167
128483 1 347
128925 1 319
130874 2 94
131663 1 65
132360 1 249
133371 1 520
134149 2 317
134287 1 191
134646 1 341
135257 2 288
135730 1 52
136214 1 695
137514 2 81
139801 3 604
140184 3 357
140815 3 153
144992 1 707
147203 3 183
149289 2 41
149790 1 71
152162 3 114
153298 2 47
155025 1 146
157724 1 469
159289 2 195
159778 1 578
160642 1 54
160933 1 385
166956 1 541
169046 1 595
169586 1 447
170336 1 294
172865 1 492
174353 1 294
176595 2 74
177828 1 160
181372 1 406
181981 2 400
182469 2 260
182823 1 778
188861 3 138
188864 2 105
190270 3 395
190418 2 250
191605 1 46
192814 1 537
192818 1 236
198075 4 241
198903 1 283
199411 1 390
199698 1 274
199838 4 350
200919 3 276
200927 8 488
202439 3 43
203571 3 148
204299 1 193
205732 5 204
206699 2 72
207005 3 286
209205 1 47
209376 2 514
211682 1 106
215158 3 196
215990 1 370
219682 1 715
222220 1 289
222460 2 372
222461 3 588
222485 1 231
223025 1 482
225656 7 199
226629 5 412
226949 1 881
227633 3 176
227852 2 388
232665 4 342
233094 1 133
235789 8 233
236208 1 236
236592 4 254
236746 7 215
239986 1 250
240183 1 569
241071 5 762
242166 4 1006
242304 1 221
242485 1 528
242535 2 70
242779 1 261
242995 1 260
244159 2 58
245016 2 140
245349 1 167
248903 1 136
250564 2 283
255935 2 422
256007 1 564
256879 1 459
259067 1 278
260549 1 361
260922 1 1149
265280 2 209
265383 2 189
265792 1 882
265845 3 17259
265854 1 21100
267491 5 166
267492 2 130
267583 1 131
268303 2 6782
268691 1 455
268769 2 560
268792 3 175
268906 5 1328
269089 4 983
269402 2 185
269465 4 739
269570 2 186
269677 2 211
269771 1 336
269996 2 6852
270658 3 2519
270777 9 789
270890 1 2870
270892 6 2204
270997 12 3144
271258 3 1713
271638 8 164
271999 5 146
272003 7 5868
272187 6 162
272671 1 4397
273492 3 2215
275885 4 343
275953 1 97
276078 1 5007
277168 3 269
277487 2 163
277669 1 408
277699 1 474
277812 6 569
277904 1 122
278657 10 287
278795 4 169
279398 2 326
280619 2 11500
280620 5 177
280637 3 165
280645 5 306
280959 2 438
280960 5 511
281009 2 423
281181 4 64
281267 2 499
281311 2 163
281358 2 300
281745 2 288
281765 3 520
282118 1 150
282229 1 795
282665 1 426
283086 1 113
285750 2 720
285908 4 82
286040 4 134
286155 4 207
286299 1 940
287350 2 261
288615 1 1036
288620 10 2027
289348 6 18428
289387 1 2845
289706 1 1497
290058 1 699
290125 17 3028
290128 15 572
290146 5 1466
290181 4 443
290182 4 446
290184 5 832
290189 1 869
290440 1 15196
290469 1 1090
290887 2 1293
292089 2 142
292768 13 623
292886 3 2418
292917 3 2418
293059 2 317
293080 1 245
293081 4 335
293192 1 328
293212 1 416
293224 3 178
293319 1 440
293469 2 216
293470 2 359
293471 1 285
293861 5 353
293936 4 1816
294064 7 550
294065 4 1271
294071 13 2417
294255 1 345
294326 1 245
294526 3 354
294789 4 496
294805 1 341
294967 3 7544
295009 3 119
295208 1 555
295681 2 522
295698 3 133
295805 1 1037
295946 1 105
296050 1 243
296120 1 199
296908 3 1206
297605 9 1683
297779 3 260
297966 3 309
298141 4 125
298145 5 180
298287 4 498
298413 4 172
298421 1 90
298506 8 284
298513 4 107
298797 1 144
299101 5 358
299242 4 221
299354 4 245
299880 5 117
300115 7 190
300171 13 283
300906 2 436
301228 1 264
301865 3 18367
301987 10 692
302046 1 123
302048 3 104
302162 1 1288
302418 2 413
303580 5 151
303624 2 378
303638 2 231
303734 2 25485
303823 3 213
303828 1 545
303855 1 497
303941 4 247
304024 2 349
305038 2 349
305300 1 144
306092 2 442
307453 1 49380
307776 20 1092
307930 1 245
308178 3 2199
308219 1 2601
308423 2 526
308471 1 2454
308608 1 3120
308655 3 2944
308659 5 2948
308953 1 14138
309007 1 14138
309785 1 198
310076 1 166
310085 7 704
310692 2 534
311094 12 605
311298 3 784
311483 1 854
311764 1 324
312214 9 1796
312335 18 983
312336 2 183
312383 3 3321
312401 3 5388
312414 7 4249
312487 5 686
312488 1 1098
312566 2 971
312575 2 115
312614 1 450
312619 1 2636
313025 13 940
313618 20 1085
313641 1 689
314685 7 135
314836 2 448
315330 2 56
317835 2 483
317934 1 299
319027 4 192
320485 3 418
320817 7 1385
321436 5 305
321782 4 298
321969 2 980
322762 6 297
323104 3 356
323517 1 327
323644 2 181
323666 2 377
323684 1 283
323921 1 368
326469 4 496
326524 1 666
326828 1 2534
326868 17 624
326961 1 736
326973 1 1999
326979 4 1930
327085 3 2494
327329 1 544
327394 3 22044
327403 1 5903
327416 4 1265
327953 5 133
328843 3 76
330272 1 121
330903 16 1224
331357 3 1318
331365 1 212
331476 1 143
331517 4 510
331528 2 1029
332507 3 437
332983 2 939
333201 4 133
333378 3 122
333604 3 298
333762 2 124
333848 1 106
335010 1 238
335718 1 139
335828 5 200
335830 3 87
335838 13 405
335927 1 1573
336053 6 323
336358 4 79
337098 1 1461
337713 2 445
337777 1 109
337955 4 482
338639 2 217
338734 5 243
340086 10 1806
340244 6 91
340719 8 256
340753 5 169
340850 11 162
341251 8 386
341767 1 345
341947 7 113
341948 1 342
342317 3 224
342578 10 133
342833 2 115
343526 5 514
344195 1 105
344450 1 141
345530 1 487
345583 7 128
346329 1 536
346346 1 766
346446 2 182
346931 3 277
346932 1 213
346985 2 256
347163 2 619
347253 1 62
347556 1 133
347613 2 196
347615 1 414
347646 2 276
348206 1 1054
348260 1 225
348726 2 215
348915 1 1069
349474 20 448
349489 5 64
349628 2 950
349686 1 1362
349760 7 115
349973 5 871
350454 1 4709
350479 1 11696
350646 3 66
351794 1 270
351863 1 294
351939 2 576
351948 7 878
352481 4 378
352585 1 327
352761 1 1057
352999 15 346
353153 1 472
353404 14 1031
353737 2 190
353931 8 633
354189 1 402
354383 7 625
354743 6 913
354756 1 1140
354795 1 383
354943 3 302
354944 1 336
355402 1 107
355428 1 303
355596 1 303
355703 2 493
355966 1 200
356077 5 3908
356079 4 1922
356532 1 555
356713 1 334
357295 5 208
357409 5 431
357838 3 274
358048 3 669
358075 1 563
358194 1 230
358511 2 1250
359476 24 1356
360137 4 231
360146 1 596
360484 1 1597
360511 1 100
360582 3 617
360850 2 255
360865 2 255
360965 4 330
361169 3 228
361485 1 223
361714 1 216
361846 3 768
362010 10 631
362593 4 157
362619 3 221
362854 5 116
363031 4 161
363032 1 184
363382 7 277
363386 4 316
363579 2 255
363708 21 358
363709 11 408
364204 4 257
364221 4 98
364282 4 98
365715 6 198
366188 1 147
366644 6 299
366982 1 246
367791 1 2239
367958 2 149
369066 1 436
369425 3 141
369534 2 203
369650 8 225
369667 1 157
369742 3 386
370512 1 270
370588 2 293
370890 2 1461
371329 1 1330
371805 7 1693
371869 3 2409
372326 8 466
373296 2 451
373583 2 223
373584 3 576
373937 1 4632
374112 13 3814
374300 1 3673
374354 3 459
374359 1 967
374413 7 895
374416 13 604
374420 1 580
374960 1 837
374974 1 12901
375389 4 90
375621 4 87
376136 5 80
376405 1 535
376532 1 643
376735 4 725
377450 5 1109
377618 1 382
377697 10 205
377725 2 188
377858 10 205
378006 1 505
378405 3 375
378513 1 1120
378624 3 1805
378668 1 322
378893 1 638
378999 2 579
379013 8 602
379389 1 1966
379497 4 646
380048 3 1588
380121 1 401
380175 5 1734
380578 4 1641
381479 4 1946
382044 11 807
383598 1 2071
383740 2 1875
384640 1 494
384819 1 131
385166 1 364
385272 7 206
385514 3 260
385698 2 287
386220 2 118
386303 4 97
386651 4 307
386652 2 380
386655 1 231
386972 2 2852
387448 1 173
387861 5 79
388864 3 493
390588 5 309
391729 2 256
391742 3 542
391965 1 87
393550 15 30891
393558 8 2739
393633 5 1183
393657 1 798
393659 1 798
393903 10 316
394110 2 567
394898 1 26758
395098 3 271
395129 2 3410
395242 10 23266
395358 3 585
395640 2 17885
395753 4 685
396021 7 540
396064 1 1107
396139 1 3722
396140 3 463
396245 2 2230
396258 1 38258
398767 6 729
401199 3 592
401465 4 513
402081 7 154
403617 7 156
407898 4 1074
408165 1 1025
408509 4 581
411961 1 647
412507 3 269
412765 3 365
413783 1 760
414133 2 302
415676 1 1055
416706 4 235
418068 1 167
419642 1 131
420120 5 242
420406 6 372
420407 2 298
420736 13 631
421211 4 605
422198 4 311
422678 3 389
423370 1 837
423501 2 472
424102 1 111
424380 1 212
424803 1 78
425277 2 148
426050 5 575
431150 1 951
433458 1 153
438390 3 60
441280 3 230
441705 1 411
441834 4 422
442615 9 671
445186 3 395
447194 6 449
447549 8 492
448783 14 509
449490 1 80
450388 1 55
450770 1 102
451837 4 727
452290 1 82
452729 1 200
453891 1 140
454632 3 116
454730 1 386
455012 1 803
455787 1 995
456556 4 150
457105 1 1808
459091 2 616
460257 2 673
464357 1 302
465268 1 640
467099 5 190
468080 1 199
468671 2 541
469741 3 594
470444 2 829
471192 2 430
472508 3 98
473096 2 396
473845 4 678
474128 1 1542
474138 1 208
475617 2 726
478442 4 1117
478733 1 330
480852 6 514
481168 10 704
481169 9 705
481804 31 921
482161 2 245
482489 2 363
483710 7 308
486447 2 396
488379 2 670
488626 4 279
489043 2 217
489205 1 593
489234 6 511
490802 11 555
492095 6 911
492735 2 179
493082 8 348
493085 15 583
494210 10 568
499037 1 1749
499201 1 504
502804 6 755
503246 3 83
506618 3 298
506621 6 306
507406 1 929
510525 5 120
512676 4 354
512890 2 735
513029 1 432
513522 7 452
513762 2 431
515226 25 1029
517459 4 788
520997 1 994
522732 2 656
523667 1 722
523999 4 1289
524927 1 1279
525650 1 633
526408 2 125
527395 3 749
527576 5 330
527937 6 416
71572 4 42
71715 1 38
71733 1 37
74167 1 229
75187 5 183
92238 1 392
98428 2 29
114202 1 170
120340 1 97
121143 9 359
133371 5 520
134149 4 317
134646 5 341
135257 7 288
136000 8 270
140184 6 357
159778 1 578
160933 1 385
188864 1 105
198075 5 241
198903 2 283
210145 4 93
215158 4 196
231519 1 295
236208 1 236
242779 2 261
242995 3 260
248923 1 110
257427 1 207
265792 2 882
267491 2 166
267492 4 130
267583 1 131
272198 3 291
275885 3 343
275953 2 97
278860 3 142
279398 1 326
280591 1 174
280637 1 165
280645 2 306
280959 1 438
280960 1 511
281009 4 423
281267 4 499
286040 2 134
286155 7 207
290189 1 869
293469 1 216
295699 3 444
298406 2 3212
300115 1 190
303624 1 378
303828 1 545
306565 10 626
308608 1 3120
312414 1 4249
317934 5 299
323563 5 285
323638 4 245
323644 1 181
323666 2 377
323684 3 283
323788 3 118
326129 2 67196
335828 1 200
336053 4 323
341767 1 345
341947 3 113
345583 2 128
346446 2 182
347253 3 62
353737 1 190
355428 1 303
355596 1 303
360850 2 255
360851 1 119
360865 2 255
360866 1 119
361846 1 768
362619 2 221
363031 2 161
363032 5 184
363382 1 277
363386 2 316
363579 2 255
363580 1 119
363708 1 358
363709 2 408
364204 1 257
364221 3 98
364282 3 98
367958 2 149
369425 3 141
369534 5 203
369650 5 225
370489 2 142
370512 1 270
370588 1 293
372313 1 255
374112 1 3814
376735 1 725
384640 1 494
385514 1 260
386972 1 2852
387861 1 79
388864 2 493
395640 1 17885
419642 3 131
420406 2 372
420736 6 631
422198 5 311
422678 7 389
424228 9 551
424803 1 78
425507 3 104
426050 2 575
427379 1 602
441280 3 230
447194 8 449
447549 8 492
448783 2 509
449490 2 80
450388 1 55
450770 1 102
453891 1 140
455481 2 288
455787 6 995
481804 2 921
482161 1 245
482489 1 363
489234 3 511
490802 7 555
516648 3 449
522574 9 710
527086 4 69
