1470 4 397
2666 10 497
12985 2 7361
18806 5 252
18807 7 303
23436 6 453
24860 4 719
31077 11 327
35553 7 339
35556 1 518
36802 2 29903
40534 1 228
40535 3 423
40539 2 376
40540 1 284
40543 2 315
40544 2 372
44268 15 586
46670 4 283
46676 11 193
47371 13 379
47899 2 451
51789 7 220
52214 2 64459
52216 9 567
52217 7 402
52220 8 547
52221 4 350
52222 3 340
52224 5 434
52991 1 200
55998 11 521
56421 3 207
58335 10 139
58435 10 318
58475 17 530
59035 3 43
59081 1 497
59643 3 343
60123 6 286
60420 1 43
61713 7 206
63194 3 216
66363 5 2119
67739 3 41
68123 19 697
68712 5 116
69780 6 81
70435 13 212
70717 14 246
71798 1 127
73315 10 244
73464 1 51
75465 1 28
76663 3 2219
78839 21 374
82019 5 81
82505 6 634
83687 12 484
83799 7 384
84243 2 450
84247 12 549
84249 5 773
84574 6 190
85216 6 461
85277 7 135
85395 4 533
85705 1 213
86107 3 395
89266 4 691
91979 5 1997
92722 7 298
94676 4 194
94731 5 258
95485 3 428
95563 19 673
97376 5 198
97645 13 203
97959 2 29
98260 2 35
101883 1 624
101891 4 676
102562 3 90
104276 2 32
104904 11 182
105248 13 242
109894 8 813
114888 2 33
117925 1 250
119349 2 41
120529 1 30
121165 1 213
121240 1 26
121780 1 265
122204 1 32
122565 2 271
123235 9 524
123879 2 31
125929 12 202
127723 10 512
127725 15 693
127727 7 266
127730 25 505
127731 6 454
127733 23 786
128130 6 63
129131 7 191
129397 1 42
129790 1 479
132122 5 288
132577 5 105
132700 2 162
132722 2 162
133946 5 44
138142 2 209
138491 2 173
139764 12 219
139825 1 54
140771 1 557
141204 8 339
142141 1 7912
143039 1 149
143504 2 122
144144 21 724
144150 2 820
144298 3 193
144614 15 280
145800 1 274
146376 18 255
146692 1 43
153680 4 51
154112 4 49
154375 5 119
154862 3 57
154948 13 672
154950 9 595
154955 1 484
154962 7 574
154966 6 597
155370 2 281
157805 22 637
159077 3 576
159789 3 533
159989 12 323
160383 2 65
160938 5 76
162123 3 64
163998 3 49
165770 2 155
166301 6 593
166466 4 84
166605 8 168
167249 18 547
170405 8 253
170731 2 45
172686 10 122
172940 26 532
173039 8 488
173863 8 247
176743 6 558
176860 10 613
178026 4 484
178260 4 63
178561 1 322
178979 3 119
178996 2 5818
179296 4 73
179633 2 235
180333 3 715
181328 4 412
182628 19 255
183962 1 298
183965 1 532
183967 15 676
183968 15 588
183970 3 295
187296 1 339
188035 7 220
188893 4 113
190864 3 136
193606 3 210
193725 1 360
193735 2 379
195129 9 229
195216 5 323
195372 6 346
195511 2 549
195528 13 275
195564 6 266
195782 5 271
196077 12 271
199111 7 101
200344 19 635
200502 7 163
201256 5 75
201407 4 95
202552 1 78
203102 1 542
204379 7 108
205560 4 55
208268 4 56
208535 4 157
208934 4 323
209935 1 327
211224 1 73
211466 1 421
212106 1 474
212911 4 118
213035 1 81
213037 5 91
213039 1 322
213150 3 47
213765 18 472
214152 7 175
214401 16 287
214928 1 294
215364 2 202
215706 6 152
217543 5 67
219042 8 484
219185 8 333
220020 2 228
222901 4 172
223858 1 1194
223976 3 172
224550 10 278
224551 8 293
224557 6 211
224558 5 240
224559 9 240
224561 5 230
224562 7 277
224564 5 741
224566 5 583
224567 32 602
224570 6 606
224573 36 692
225002 5 98
225204 1 260
226109 2 57
226194 3 378
226581 8 384
226584 5 126
226770 1 581
227149 19 538
227369 4 62
227699 8 520
229430 2 272
229639 1 710
229765 1 598
232193 13 311
232195 4 374
232464 23 509
232473 2 760
234460 5 417
234885 5 347
234981 1 391
234996 6 468
235947 1 151
235967 1 35
236147 5 257
236153 5 60
236489 1 443
236514 5 96
236874 10 1372
236946 5 235
237688 3 199
240142 1 68
242471 5 148
242912 1 569
243800 3 225
244495 2 425
245035 1 48
245730 5 212
246226 1 429
247368 8 213
247468 6 126
247829 14 384
249300 7 240
250497 2 125
250722 1 324
251415 6 1096
252747 3 116
252774 2 76
253798 8 149
253809 6 58
253900 17 533
253905 17 470
253911 8 202
253912 12 277
253913 23 534
253915 25 551
253916 12 238
253918 32 829
254607 8 133
256116 4 110
257192 1 49
257582 3 137
257634 6 147
258232 3 59
261185 1 106
261672 5 267
261928 3 223
262146 10 347
262599 1 553
262606 5 440
262716 13 387
263977 5 140
264163 2 79
264495 17 783
264666 12 544
264781 1 300
264873 12 530
264994 1 269
265188 2 86
265265 2 345
265350 2 73
265368 2 322
265816 3 25803
265845 5 17259
265854 12 21100
266291 2 130
266883 1 477
267854 4 270
268207 22 447
277077 7 265
277534 3 186
278154 2 99
278467 3 148
279312 3 107
280968 2 94
284853 2 118
284907 10 207
287268 7 1599
287437 4 166
287469 1 78
287701 7 189
287724 2 225
287778 7 274
288807 7 223
288865 2 107
288987 2 127
289119 3 293
289123 7 225
289337 26 712
290440 5 15196
290465 3 15747
292881 1 222
292885 3 340
292912 1 222
292916 3 340
293084 9 284
293244 3 164
294735 2 122
296244 2 121
298874 5 268
300424 1 1583
301018 1 102
301865 2 18367
302590 3 241
303734 3 25485
303935 10 825
305206 2 234
306675 2 207
306962 2 136
307453 6 49380
308919 3 13545
308947 5 16976
308953 2 14138
308973 3 13545
309001 5 16976
309007 2 14138
309777 4 126
310006 3 294
310284 8 114
310747 16 474
311172 5 853
311705 1 374
311886 5 168
311923 5 1858
312401 1 5388
312467 1 158
315918 2 325
316679 3 247
318768 3 105
324662 2 424
325772 2 152
325820 2 86
326550 4 172
326551 3 220
326554 8 223
326667 1 161
326690 4 142
326691 3 103
327122 4 16929
327123 4 16927
327384 19 19585
327394 7 22044
327407 23 18061
327935 4 91
327936 6 145
328711 1 97
328758 5 163
328833 7 120
329231 1 7437
329569 1 7587
329627 9 474
329804 2 7586
330099 1 6898
330632 12 154
330735 1 1778
331432 2 8083
331513 1 177
331589 1 553
335047 1 684
337923 1 211
341852 2 307
344140 9 1253
344777 8 120
346331 11 841
347035 7 180
347359 8 294
347837 7 63219
348406 5 698
348551 3 217
349069 14 373
349236 1 144
349505 8 310
349889 2 1663
350454 1 4709
350479 3 11696
350496 2 14081
351249 3 386
351358 4 89
352516 1 192
352517 2 259
352557 4 288
353203 2 517
353700 3 2489
354255 9 212
372393 6 201
374014 1 80805
374045 99 2822
374222 1 472
374974 16 12901
374994 7 13993
376386 1 9418
376610 1 7750
378071 4 7768
378497 2 271
378701 10 132
380208 67 1807
383103 13 222
386048 5 328
386484 1 77
387010 2 184
387204 3 130
387677 2 150
387690 3 93
390497 2 189
391729 8 256
393268 1 202
393526 2 8178
393550 2 30891
393747 4 58177
395473 2 191
395559 5 276
395560 9 213
395562 3 265
396308 6 716
396569 1 338
396787 3 398
396877 14 378
396889 1 120
397515 4 99
397596 3 77
397854 1 128
397961 1 90
398051 1 90
398915 2 1109
399777 8 166
400340 12 826
400671 3 890
401265 1 135
401661 1 116
402614 5 369
402834 7 271
402955 5 100
404905 2 643
405863 9 785
405908 2 350
405965 15 277
406625 2 97
409063 1 325
409114 1 83
410420 11 177
410686 2 738
411002 1 130
411572 11 282
411613 9 128
411617 7 134
411670 15 348
411863 6 276
412406 1 87
412765 2 365
413015 5 115
413592 2 92
413713 3 204
415726 2 543
415988 2 879
415989 2 903
415997 2 64
416305 1 647
416526 3 101
417026 2 183
417367 4 595
417977 3 1173
418061 6 1055
418075 4 347
418299 4 471
418476 2 552
418574 1 809
418633 1 1171
418641 3 371
418716 8 206
419238 1 158
420046 16 402
420720 2 663
420812 13 569
421022 1 764
421261 13 648
422690 3 202
423685 2 624
423694 2 71
423717 3 81
424694 7 536
425277 2 148
426697 7 214
428073 3 187
428276 23 383
428773 2 407
428788 4 368
429161 1 99
429164 3 145
429425 6 802
430090 4 162
432125 9 295
434322 47 940
434737 4 44
435107 16 397
435853 2 87
440914 4 297
441763 1 769
441932 1 716
443424 3 263
444036 4 404
444227 3 613
445094 6 554
445104 2 140
445541 8 127
447751 5 426
448991 31 864
449573 6 275
449584 3 495
451751 3 283
452679 1 84
452894 1 346
452920 12 250
453033 34 935
453157 12 512
453750 5 521
453846 3 101
454045 1 456
454747 22 666
454991 2 115
455291 14 443
456315 3 101
456374 7 378
456604 11 349
459020 8 137
459215 7 599
459252 3 86
460178 2 689
460322 10 521
460804 3 363
461391 13 1044
463922 8 961
464621 23 372
465174 27 486
466071 6 616
467366 25 854
467565 2 930
468378 2 187
468524 16 508
469937 3 147
469943 2 89
471561 4 143
471977 1 656
472454 16 202
473097 21 495
473624 2 211
473691 19 304
473767 10 729
474022 11 178
475168 4 641
476520 2 1275
477566 1 433
479094 13 260
479261 1 90
481167 80 2153
481972 6 210
482317 5 710
484285 31 789
484286 15 997
484287 9 246
484289 13 422
484290 9 704
484619 5 220
484783 14 756
486690 27 401
488112 3 341
488281 18 672
488375 7 515
488441 6 139
488628 2 76
488662 18 552
488664 15 464
488665 9 341
488740 1 471
488916 49 1459
488977 15 1012
488978 6 385
489264 9 384
490236 5 819
490250 1 199
490522 3 120
492072 2 334
492683 9 381
493145 8 362
493321 27 1006
493789 6 591
494034 6 295
495457 6 286
495713 3 996
496237 1 748
496264 6 254
496300 3 126
497026 2 120
501277 5 1075
501662 6 59
502760 26 608
503872 6 155
504466 20 458
504920 6 234
505632 9 245
507765 4 478
508294 2 828
508371 28 621
509296 17 397
510842 2 151
511282 46 847
511493 15 213
512040 14 263
512753 18 656
513661 4 111
513758 4 151
513805 18 453
514208 11 397
514865 2 134
515086 4 181
515422 7 275
516222 5 222
517179 1 265
517588 1 258
518517 1 432
519225 4 1369
519921 4 125
520433 6 247
521803 6 473
523084 4 725
523213 32 918
524697 3 252
524965 12 257
525012 1 187
525416 2 626
525687 2 521
527231 2 212
527545 9 326
527570 1 413
2666 3 497
8198 1 203
11151 12 416
11161 4 345
11162 11 358
11164 16 353
11168 15 344
11170 6 349
12985 5 7361
21614 42 32241
23436 2 453
24860 7 719
28918 1 555
29889 1 459
31077 8 327
35553 3 339
35556 3 518
36802 5 29903
38091 1 194
44268 1 586
46670 1 283
46676 2 193
51789 1 220
52214 10 64459
52216 17 567
52217 21 402
52220 24 547
52221 11 350
52222 6 340
52224 18 434
52991 5 200
56263 9 116
58179 1 689
58435 3 318
59643 1 343
62064 6 4939
63619 6 202
63925 3 251
66363 1 2119
72625 5 236
73441 1 62
74347 8 372
75445 3 214
76662 6 2416
76663 1 2219
76999 2 246
77519 1 88
79969 3 364
81396 4 354
81855 1 165
82505 20 634
84249 1 773
84574 1 190
85395 2 533
86915 5 193
86976 2 309
88276 4 347
88372 11 284
88507 3 263
88623 4 232
88805 8 320
90269 2 163
90598 1 810
91979 2 1997
92722 2 298
92866 1 618
93569 3 57
94347 3 169
94676 1 194
94731 1 258
95485 1 428
99822 1 215
101891 2 676
103831 6 104
104705 1 256
104830 1 49
105168 3 644
114329 7 2540
117885 13 248
121165 2 213
121670 4 734
122565 1 271
124869 3 532
127730 1 505
127865 12 551
129131 5 191
131942 1 341
132002 1 321
132019 4 142
133459 6 103
141204 1 339
142052 6 257
142141 15 7912
142233 3 181
143368 1 765
143373 1 1175
143504 1 122
144298 1 193
144312 5 386
145169 3 270
145800 2 274
146434 1 476
146750 1 429
147041 1 170
147257 1 505
149501 4 137
150340 1 602
150666 4 290
151056 8 223
151898 2 198
151962 4 297
152501 5 137
152773 5 223
152776 2 288
153035 2 230
153039 9 445
153235 7 307
153242 6 629
153276 4 433
154955 1 484
154962 1 574
158801 6 432
159081 1 530
159789 2 533
160860 6 513
161561 1 693
161985 1 137
163202 3 173
163998 3 49
165770 1 155
166564 1 184
168111 1 426
168625 10 307
169356 6 399
172940 1 532
173390 5 286
174060 6 274
174235 6 200
174747 9 302
175065 5 197
175955 4 235
178026 1 484
178044 6 264
178809 2 132
178996 18 5818
179701 4 143
180560 1 263
181054 1 216
181136 1 651
181899 1 190
183968 1 588
183970 1 295
187296 1 339
191676 4 61
195216 7 323
195372 6 346
195511 13 549
195528 10 275
195564 9 266
195782 3 271
196077 3 271
203102 3 542
206254 2 238
210887 1 271
211466 3 421
213039 3 322
214702 1 320
214928 3 294
215364 5 202
219185 1 333
219448 1 358
219521 2 576
223250 1 165
223858 1 1194
224558 1 240
224561 1 230
224567 3 602
224571 1 621
225399 2 807
226194 2 378
227166 1 202
227169 1 268
229408 6 393
229639 2 710
229765 1 598
231582 1 266
231646 1 261
232085 2 385
232195 16 374
232464 2 509
232473 1 760
232619 3 203
234981 1 391
234996 1 468
235055 1 661
235621 1 222
235912 5 79
235947 2 151
236153 1 60
236874 1 1372
238889 7 221
239048 9 275
239538 5 312
239784 7 343
243296 1 292
243800 2 225
244790 1 252
245652 2 497
245658 8 640
245934 1 314
247368 1 213
247662 9 225
250259 4 165
250325 12 6286
250722 3 324
253915 1 551
259211 8 266
259467 1 462
260605 20 527
260711 2 149
261185 1 106
262596 2 489
262599 1 553
262606 2 440
264781 1 300
264994 1 269
265763 2 180
265810 24 16729
265816 32 25803
265845 5 17259
265854 7 21100
266291 2 130
266883 2 477
267854 5 270
268303 9 6782
269996 10 6852
270890 8 2870
276078 9 5007
277077 3 265
277534 1 186
277917 4 62
278151 2 77
278154 1 99
278467 7 148
280619 30 11500
280968 1 94
284907 3 207
287437 5 166
287724 3 225
287778 3 274
288762 8 166
288807 5 223
288865 1 107
289119 11 293
289123 2 225
289337 3 712
289348 187 18428
289732 4 4132
289734 1 4107
290256 10 30074
290440 1 15196
290443 3 4140
290465 14 15747
292881 1 222
292884 3 213
292885 1 340
292912 1 222
292915 3 213
292916 1 340
293084 2 284
293244 5 164
294735 1 122
294967 25 7544
295747 1 385
295873 2 3378
296244 2 121
297956 5 3184
298352 2 364
298874 2 268
300424 15 1583
300748 7 150
300982 5 3200
301018 1 102
301865 12 18367
302401 8 161
302590 8 241
303731 9 3106
303734 60 25485
303935 13 825
305206 2 234
306175 1 10421
306237 3 26903
307453 57 49380
308186 13 36306
308513 5 8438
308919 10 13545
308947 17 16976
308953 19 14138
308973 10 13545
309001 17 16976
309007 19 14138
309777 4 126
310006 6 294
311172 16 853
311609 1 3999
311705 10 374
311886 3 168
311923 6 1858
312383 11 3321
312401 4 5388
315071 4 180
315211 2 160
315918 5 325
316679 3 247
318768 5 105
324662 4 424
325820 1 86
326129 9 67196
326551 1 220
326554 6 223
326667 5 161
326690 2 142
326751 4 92
327122 14 16929
327123 14 16927
327384 42 19585
327394 12 22044
327407 16 18061
327935 3 91
327936 5 145
328758 3 163
328833 6 120
328992 3 5954
329225 9 7875
329226 8 8776
329231 13 7437
329493 7 7227
329569 12 7587
329627 4 474
329804 11 7586
330099 9 6898
330632 1 154
330735 34 1778
331432 10 8083
331589 22 553
335047 1 684
335462 15 375
340914 5 97
344140 2 1253
346331 2 841
347035 3 180
347359 11 294
347837 101 63219
347869 7 47445
349069 17 373
349505 11 310
350144 32 2979
350454 3 4709
350479 12 11696
350496 14 14081
351249 3 386
351358 2 89
352516 1 192
352557 1 288
353203 1 517
353700 23 2489
354255 1 212
358337 4 2826
359152 32 9815
361105 7 4143
367210 1 176
370797 1 817
372393 1 201
373834 3 44460
374014 347 80805
374045 3 2822
374222 6 472
374974 17 12901
374994 19 13993
376386 14 9418
376577 2 722
376610 8 7750
376658 1 283
376986 8 206
378071 8 7768
378266 10 7092
379640 3 420
383103 1 222
386048 3 328
386484 4 77
387010 2 184
387204 1 130
387677 3 150
387690 1 93
390497 4 189
391729 5 256
393526 5 8178
393550 21 30891
393747 35 58177
395473 2 191
395560 1 213
395562 1 265
396258 68 38258
396787 9 398
396889 1 120
397515 3 99
398051 1 90
398915 2 1109
400671 6 890
402631 5 104
402834 1 271
402955 2 100
409114 1 83
411002 5 130
411572 9 282
411617 8 134
412406 2 87
412765 2 365
413015 6 115
413592 3 92
418075 4 347
418299 5 471
418476 2 552
418574 1 809
418633 1 1171
419238 4 158
421261 13 648
422690 1 202
422974 2 457
423717 1 81
424070 3 221
424071 1 186
425277 2 148
428073 5 187
428788 7 368
429161 1 99
429425 1 802
432125 1 295
434322 5 940
434737 3 44
435857 1 228
440914 3 297
441712 3 792
444036 2 404
445094 8 554
445104 6 140
447414 1 329
447751 2 426
449573 2 275
453157 1 512
454991 2 115
459215 5 599
461391 1 1044
463445 1 78
463922 1 961
466071 4 616
468378 2 187
468524 1 508
469943 2 89
473624 6 211
473767 2 729
477566 19 433
482317 1 710
484286 1 997
484287 8 246
484290 2 704
484783 2 756
488112 4 341
488281 1 672
488375 4 515
488441 5 139
488662 1 552
488977 6 1012
488978 1 385
489264 1 384
490236 3 819
490250 5 199
490522 2 120
492020 5 93
493321 1 1006
493789 7 591
494034 4 295
495457 4 286
496264 1 254
501277 2 1075
504920 3 234
505498 1 152
507765 2 478
510842 5 151
511282 1 847
513805 3 453
514865 3 134
515086 6 181
517179 1 265
519225 2 1369
520433 1 247
523084 1 725
523213 3 918
524965 2 257
525012 3 187
525648 1 538
525687 1 521
527231 5 212
527545 6 326
527570 5 413
