33 51 19382
1212 1 452
2029 1 235
3462 3 413
8586 1 290
14821 1 269
14822 2 315
18085 1 454
18086 2 476
18132 1 472
18772 2 472
19704 3 668
24025 1 591
24742 1 507
26006 1 350
26007 5 333
26011 1 433
26014 3 355
26015 1 242
26016 1 356
26017 1 379
26064 1 938
28662 1 176
29080 1 300
30081 1 360
35082 2 321
36097 4 526
36102 3 580
36103 2 457
36108 2 321
36110 2 547
36802 18 29903
41662 3 342
41663 2 339
41671 1 394
41678 2 457
41695 1 407
41697 3 459
41698 7 271
41701 2 309
44052 1 496
44764 2 537
48199 1 503
51128 19 461
51129 9 337
52214 19 64459
58904 2 107
64384 1 345
66558 3 273
75427 3 268
84338 1 508
85116 1 685
85153 1 363
86826 1 507
87286 1 254
90675 17 528
94905 1 145
97595 2 176
98124 2 44
98963 1 330
109224 1 478
109244 3 127
109341 1 380
109969 2 158
116542 2 165
120910 3 83
127241 1 145
132646 2 324
132879 4 223
135300 2 234
135775 2 331
135880 5 109
144000 1 631
149036 2 47
157636 1 171
158882 13 537
160813 1 447
163097 1 531
163709 1 162
164807 1 991
167933 1 267
171983 1 53
172308 7 163
174218 3 132
174729 2 186
174794 2 208
189425 2 952
191541 1 198
197782 2 212
199657 2 143
201193 1 475
207574 1 127
207837 2 214
207950 1 384
223491 1 358
236227 1 741
238381 3 313
241641 1 508
245556 1 195
251088 1 304
253575 2 66
254766 2 421
263696 5 259
263933 1 137
279631 1 774
289529 6 558
290134 2 509
292298 7 2887
305861 2 544
307453 8 49380
308859 3 5677
317120 2 1885
326129 109 67196
326960 15 3440
328506 2 4280
337943 9 278
347837 72 63219
384735 17 284
393544 2 2346
398106 17 588
398429 11 217
400772 3 823
401481 2 401
402194 37 828
402361 24 844
402557 1 819
402967 13 616
405275 1 315
405959 1 1096
407358 2 456
407637 2 536
408068 14 705
408198 5 478
408284 7 461
409368 6 376
409670 3 284
410639 1 121
411186 2 1117
412138 3 331
412238 3 369
414150 1 920
414267 3 1128
414623 11 350
415259 1 1135
415313 1 769
416380 2 108
416943 1 576
417929 3 479
418193 2 581
418902 3 1224
420424 3 258
422859 1 242
422860 1 460
423292 3 164
423802 4 494
426113 10 739
426244 4 455
426611 2 290
426750 3 706
429425 1 802
431321 2 354
432970 7 396
433327 7 385
434986 1 250
436945 1 547
439211 1 102
440039 3 505
440316 1 1018
440465 1 672
440725 2 588
441222 14 388
442375 3 553
442735 2 100
443204 2 112
443987 13 399
444107 1 640
445180 1 189
445970 22 1301
445975 21 550
446273 2 686
446850 44 1179
449004 48 744
449005 27 560
449182 1 128
449587 1 757
449782 1 446
450756 1 450
455312 1 847
455657 4 303
456010 2 479
456667 25 588
457223 2 298
459464 5 1440
460047 1 1235
460229 1 98
461056 2 231
461637 5 153
461665 33 618
461941 1 1420
462553 5 119
464746 10 533
465744 8 366
465969 11 169
468399 10 409
468808 17 498
469343 1 328
469977 2 450
470597 1 157
471565 7 745
471720 1 242
471956 4 168
475879 4 792
475930 9 585
476156 1 978
478022 3 173
478994 20 627
479096 12 312
479172 18 1493
479314 2 336
479495 3 882
480533 16 302
480587 14 698
483944 1 118
485483 1 622
487644 6 80
489029 24 1183
491883 2 926
491919 1 402
492810 1 845
493912 1 474
493986 2 722
493993 6 150
494121 1 1162
495542 1 341
495593 7 143
495598 1 167
495836 2 579
497645 1 688
502176 1 306
502381 2 744
502436 2 705
502750 1 563
503746 6 529
505111 2 1150
506768 1 162
507673 3 141
508354 3 73
509609 8 457
510054 5 594
510116 1 1198
511604 4 1319
514976 1 576
517619 1 287
517882 1 333
517887 13 605
518557 11 354
520570 2 1069
520587 12 735
521715 4 159
522708 2 327
522978 44 860
524168 1 314
525567 18 1062
526471 1 431
527714 13 574
33 1 19382
18132 3 472
24025 1 591
26015 1 242
26017 1 379
26064 1 938
30081 1 360
36802 1 29903
41671 1 394
41698 2 271
51129 1 337
52214 3 64459
62334 1 47
65401 1 117
66889 1 29
70332 1 98
70883 1 41
75853 1 64
76541 1 114
81477 1 46
136333 2 414
136722 4 91
136734 4 107
140651 1 44
145491 1 48
164807 1 991
167821 8 190
172759 1 146
186721 1 134
190696 1 150
207950 1 384
210027 1 659
223879 1 244
224165 1 123
230708 1 501
245836 7 178
255860 1 86
286847 9 282
292298 1 2887
305861 1 544
307453 44 49380
308859 2 5677
326129 32 67196
328506 1 4280
347837 17 63219
374946 2 672
396545 2 276
397011 1 210
397733 7 1315
398106 2 588
402361 1 844
403807 1 252
407724 1 943
408387 1 348
421112 3 152
422905 1 683
423292 1 164
423330 1 100
426113 5 739
435740 2 1390
440725 1 588
444147 2 614
445180 1 189
446512 1 318
449004 1 744
449005 1 560
460047 1 1235
461637 2 153
461665 1 618
461941 1 1420
465969 2 169
468808 6 498
471565 1 745
474941 1 212
476063 1 336
476156 3 978
476895 4 643
476986 5 1017
479172 1 1493
479495 1 882
483945 1 75
484530 2 358
489029 1 1183
490285 1 1055
490477 1 448
491883 1 926
493139 2 522
493495 1 270
494121 2 1162
495598 1 167
497487 2 523
497900 1 517
499737 2 551
502436 2 705
505111 2 1150
509609 3 457
516660 1 664
517294 12 1860
517882 1 333
522708 3 327
525567 4 1062
1212 2 452
1909 1 436
2029 3 235
3462 3 413
8586 1 290
9686 1 310
10469 1 448
13725 1 455
14821 1 269
14822 1 315
14828 2 396
18080 1 242
18084 5 497
18085 16 454
18086 4 476
18087 7 585
18088 9 481
18090 8 397
18132 6 472
18772 1 472
19136 3 454
19704 2 668
24025 1 591
24742 2 507
26006 1 350
26014 2 355
26016 4 356
26017 1 379
28659 8 453
28662 3 176
29080 10 300
30076 2 390
30077 8 274
30081 8 360
30085 4 278
30090 5 329
30092 8 372
30096 4 281
30098 7 382
30099 6 297
31195 3 563
34694 3 573
35082 4 321
36097 19 526
36102 18 580
36103 4 457
36108 7 321
36110 3 547
39623 5 441
41662 2 342
41663 7 339
41678 1 457
41695 1 407
41698 12 271
41701 3 309
43706 2 486
43707 5 349
43708 1 427
44052 3 496
44764 2 537
45963 2 540
46768 1 324
48199 1 503
51128 2 461
52214 3 64459
59941 1 176
60689 1 147
61191 1 82
61822 1 42
62256 3 133
62761 3 695
64012 1 373
66526 2 128
69745 1 378
69917 1 995
70326 3 489
72635 6 922
72682 1 604
73016 7 564
73123 3 97
75892 2 393
76031 3 454
81394 2 464
81686 1 376
81768 3 100
82962 11 695
83828 4 462
84338 3 508
85153 2 363
86826 2 507
90675 1 528
96503 2 147
98238 1 42
98288 1 43
106084 3 325
108036 4 441
109224 1 478
109341 3 380
109671 1 645
110338 3 364
111084 1 63
111958 3 118
112077 3 253
114490 2 37
117713 1 97
119540 7 1154
120244 1 334
120790 8 1231
121805 7 555
127358 2 52
132098 1 153
132646 1 324
133013 3 338
133347 1 93
135145 14 854
135501 1 69
136333 1 414
143213 2 140
144000 1 631
144558 5 361
145942 2 150
146018 7 123
156776 7 326
158882 1 537
160813 1 447
162251 6 605
162252 3 367
162314 1 429
163097 1 531
164786 5 436
165325 3 48
165965 2 208
169262 3 116
169754 7 173
172308 3 163
172759 2 146
174729 3 186
178450 4 93
179034 4 121
179437 1 138
179839 2 492
180624 10 922
184084 1 36
184096 2 571
184345 3 196
184862 26 673
185326 5 430
185614 7 223
189425 4 952
191541 2 198
192360 4 101
193269 1 159
196542 1 36
203544 6 105
203607 2 51
203779 1 71
204484 1 405
204518 4 738
204523 1 737
205214 6 334
207574 3 127
207779 1 108
207950 1 384
208805 2 496
209837 1 50
210027 1 659
212567 12 234
212582 1 401
218882 1 94
222961 6 228
223491 1 358
223797 1 343
225289 9 326
226215 1 220
227300 9 558
229621 1 295
230708 9 501
232175 2 418
232423 1 52
236490 1 734
236591 1 517
237494 3 204
237961 1 55
241641 8 508
243141 3 167
243218 1 765
244007 9 265
244158 1 61
244336 4 176
245556 1 195
247249 2 54
247995 1 648
248940 2 48
249419 4 576
249456 3 272
251088 1 304
253479 2 84
254766 1 421
255336 1 353
255679 2 562
256202 2 608
257698 1 623
259561 1 82
259691 1 119
259988 1 644
261054 3 726
261117 7 432
263409 1 177
263933 2 137
263959 2 68
264314 1 91
264503 1 234
264648 2 536
264855 2 518
265757 1 134
290134 12 509
292298 1 2887
301865 10 18367
305861 6 544
308859 7 5677
326129 1 67196
326879 2 2230
326960 3 3440
328506 4 4280
337943 2 278
347837 2 63219
374946 2 672
384735 1 284
396383 1 265
396910 9 250
397011 2 210
397733 18 1315
398106 5 588
398429 7 217
399115 9 517
399386 2 87
400358 3 205
400470 1 206
400687 4 585
400772 7 823
401129 17 529
401481 2 401
401692 2 757
401700 1 622
402194 10 828
402228 3 1012
402361 2 844
402557 11 819
402561 5 129
402940 10 755
402967 3 616
403055 1 315
403324 6 466
403389 1 585
403807 1 252
404573 7 1164
404868 2 700
405275 5 315
405466 9 284
405721 1 640
405959 11 1096
406007 2 132
406940 4 349
406969 3 1875
407210 1 137
407264 1 636
407346 9 682
407358 2 456
407637 4 536
407792 2 467
407919 3 450
408068 12 705
408198 2 478
408284 2 461
408384 4 289
409368 2 376
409670 1 284
410639 1 121
410972 1 879
411186 4 1117
412138 14 331
412238 3 369
413199 17 571
414150 5 920
414267 9 1128
414477 1 301
414505 12 854
414623 3 350
415259 7 1135
415313 9 769
415393 7 541
415736 14 490
416042 2 136
416264 5 398
416380 3 108
416943 1 576
417929 1 479
418193 4 581
418272 2 434
418902 2 1224
419050 3 984
420504 7 231
420505 39 862
422196 4 316
422331 7 582
422580 3 880
422859 8 242
422860 16 460
422905 23 683
423292 1 164
423330 1 100
423449 1 80
423802 1 494
425461 1 339
425941 1 501
426061 6 1520
426113 3 739
426244 2 455
426411 1 480
426611 1 290
427837 5 353
429425 2 802
430856 7 456
431321 1 354
431428 25 847
431463 7 790
431489 7 901
431641 1 212
431764 2 454
431765 3 640
431959 8 335
432326 10 423
432619 4 240
432970 4 396
433327 4 385
433566 2 356
434304 1 205
434440 1 294
434461 3 216
434673 1 292
434986 7 250
435028 7 426
435298 15 546
435740 11 1390
436014 5 433
436507 6 235
436666 3 301
436945 1 547
437285 2 229
437964 8 322
437983 5 400
438080 3 414
438093 5 313
438145 14 335
438825 22 527
439211 2 102
439370 9 685
439404 1 590
439521 1 230
440267 8 397
440268 10 643
440316 2 1018
440335 2 311
440465 1 672
440725 4 588
441222 2 388
441243 2 159
441937 3 109
442375 13 553
442735 4 100
442852 9 287
443204 1 112
443503 3 406
443784 1 422
443987 9 399
444107 4 640
444147 8 614
444891 1 406
444983 3 178
445180 1 189
445221 2 363
445533 5 259
445791 8 261
445970 16 1301
445975 10 550
446273 15 686
446512 7 318
446793 9 739
446850 12 1179
447529 4 141
449004 15 744
449005 7 560
449182 2 128
449332 10 525
449446 4 106
449587 2 757
449782 2 446
450756 2 450
451755 2 170
452558 1 233
454640 29 734
454863 1 392
455228 25 784
455312 28 847
455657 6 303
456010 4 479
456129 5 275
456617 11 536
456667 12 588
456996 3 159
457223 4 298
457562 6 474
457807 12 403
458005 1 454
458063 6 318
458617 23 1212
459150 2 513
459464 3 1440
459868 17 573
460047 1 1235
460229 1 98
460563 7 427
461056 4 231
461637 7 153
461651 8 205
461665 21 618
461667 1 1320
461834 29 542
461941 1 1420
462495 2 269
462496 7 701
462553 7 119
462748 7 582
462892 10 189
463078 2 369
463475 14 1103
463534 2 224
463823 15 606
464746 1 533
465030 1 457
465492 1 287
465639 6 144
465728 7 269
465744 1 366
465969 5 169
466011 10 606
466604 9 1059
467808 3 207
468030 1 299
468808 12 498
469343 6 328
469421 3 741
469895 3 186
469896 4 723
469977 4 450
470451 6 424
470480 1 416
470597 3 157
471034 1 543
471078 3 171
471565 2 745
471607 19 1108
471720 2 242
471956 1 168
472345 8 283
472800 23 914
474941 7 212
475930 3 585
476063 2 336
476156 4 978
476312 15 457
476330 27 1604
476589 10 450
476699 4 147
476895 12 643
476986 13 1017
477954 3 90
478022 2 173
478616 7 617
478994 11 627
479096 1 312
479115 2 354
479172 19 1493
479314 1 336
479372 27 750
479495 4 882
480533 14 302
480587 5 698
480613 2 199
481065 10 494
483759 7 2593
483944 4 118
483945 3 75
484400 18 806
484530 2 358
484626 8 532
484864 2 434
485375 1 144
485483 8 622
485864 4 424
487301 2 443
487644 1 80
489029 8 1183
489261 1 98
490285 17 1055
490327 13 355
490477 9 448
490890 4 486
491277 7 564
491883 4 926
491919 6 402
492121 12 1058
492514 3 207
492729 2 152
492810 13 845
493057 8 379
493139 12 522
493322 6 514
493495 7 270
493912 1 474
493986 4 722
493993 3 150
494121 8 1162
494282 1 293
495542 13 341
495593 4 143
495598 7 167
495918 4 1075
496483 6 306
496671 1 144
496691 6 514
497041 6 138
497195 7 271
497487 10 523
497645 14 688
497648 2 308
497900 5 517
497918 12 282
498308 5 350
498327 9 537
498497 8 572
498739 3 163
498971 3 114
499662 3 182
499737 5 551
499745 3 528
500381 23 659
500632 1 307
501669 2 115
501695 6 1295
501799 4 1083
502176 4 306
502326 5 496
502365 18 771
502381 12 744
502436 19 705
502537 8 331
502628 4 353
502750 4 563
503657 12 281
503746 2 529
503933 13 482
504157 4 103
504304 5 774
505111 18 1150
505648 7 1633
506768 1 162
506990 3 159
506992 1 67
507259 13 1103
508354 2 73
508746 7 237
508934 7 1162
509219 5 184
509764 5 508
510054 1 594
510116 20 1198
511604 5 1319
511769 2 497
511852 7 1668
512653 6 577
512739 12 1108
513644 29 767
513922 24 557
514341 20 513
515821 6 271
516136 6 246
516653 4 461
516660 18 664
516806 23 830
517294 2 1860
517619 2 287
517887 6 605
518880 18 238
519237 5 564
519342 14 300
519458 7 201
520353 2 343
520570 5 1069
520587 9 735
520678 23 1281
521261 1 627
521307 6 775
521715 1 159
522254 5 330
522342 9 230
522708 17 327
522978 15 860
523100 3 200
523122 12 738
523695 7 528
524525 12 753
524823 3 578
525567 6 1062
525708 9 608
526104 35 849
526402 5 809
526471 20 431
526739 3 621
527714 2 574
