26289 5 531
26290 1 307
36802 1 29903
150059 1 461
205890 1 115
329200 1 226
346892 2 133
351672 1 99
394898 1 26758
425361 4 370
425821 4 327
448559 1 118
455 1 18030
909 1 380
1102 6 497
1454 6 648
1894 4 357
1895 3 292
1910 17 414
1913 19 641
1915 3 577
1918 1 575
2540 4 2782
2934 4 295
5559 1 120
6910 1 83
7282 5 426
12356 2 1103
13912 2 17501
15535 1 659
16521 1 655
16824 1 523
18347 2 164
22248 1 372
24103 3 613
24305 1 488
24316 2 563
26281 4 281
26283 1 553
26286 1 372
30965 2 1190
31450 2 618
31534 1 520
31539 3 578
31629 1 21435
34479 2 383
34480 7 762
34482 1 668
34483 1 785
34485 1 347
34486 2 364
34490 10 635
34494 2 691
34498 3 376
34499 1 242
34508 1 245
34759 1 715
34991 9 367
36066 4 312
36068 1 444
36498 1 20156
36802 7 29903
39931 5 557
40061 125 19463
40742 10 411
40751 3 526
41527 1 431
42251 1 408
43306 1 520
43453 5 311
43460 5 356
43507 1 372
45759 1 311
45822 9 259
46070 4 549
47788 2 1044
49027 3 643
49029 1 496
49393 1 355
49907 2 1008
50025 1 97
51087 1 490
52678 5 15365
53018 19 648
53019 5 310
53020 3 529
53022 3 421
53025 5 641
53027 3 518
55057 5 462
59039 3 58
62995 5 143
65703 2 405
72160 2 374
76192 1 402
77685 2 67
80682 1 493
83005 2 187
87987 2 376
88992 1 432
90513 1 532
90553 2 44
94808 1 37
96842 3 49
96935 1 442
98527 3 169
113095 1 655
116717 1 801
124648 2 116
124849 2 116
125302 1 111
129426 1 382
147747 13 757
151234 1 661
151847 3 536
156114 4 128
156347 7 183
156380 1 105
156604 1 233
163236 3 66
163788 1 156
165479 1 209
170404 2 222
170406 1 103
170409 1 136
170927 1 161
171160 1 160
175726 1 68
177289 1 797
179771 1 165
180656 1 623
185370 1 277
189403 1 495
192642 2 117
195451 2 1324
203213 1 282
203415 1 216
206084 2 638
206881 1 334
206978 2 462
207114 1 348
207208 3 673
207482 1 361
210148 1 425
214411 2 160
220830 1 444
223040 9 445
225199 2 64
226091 1 140
226158 1 256
227197 1 393
230771 1 143
231923 8 341
234937 2 282
241974 1 42
247628 1 193
248555 11 873
249373 1 405
249397 1 238
250860 2 303
256594 1 102
260847 2 599
262710 1 76
265810 2 16729
265816 4 25803
265845 3 17259
265854 2 21100
270501 1 3763
280619 1 11500
286348 1 886
286902 4 1566
287715 1 292
289932 2 4403
290435 2 8814
290440 1 15196
290465 6 15747
292700 11 3396
301015 2 2660
301865 1 18367
303734 1 25485
305917 1 2518
307453 15 49380
308187 8 51551
308257 1 12090
308433 1 768
308919 1 13545
308973 1 13545
309389 2 3655
312383 1 3321
314046 5 1280
317730 1 266
325935 2 181
326123 2 14885
326129 2 67196
327122 2 16929
327123 2 16927
327384 4 19585
327394 5 22044
327407 1 18061
329687 12 4905
330099 8 6898
330295 14 262
332981 1 409
347837 55 63219
347982 10 2493
350003 1 1136
359152 2 9815
359553 4 473
371721 1 4737
374014 2 80805
374522 24 619
374974 1 12901
374978 2 4182
374994 4 13993
383291 1 254
388596 2 142
393747 1 58177
394898 1 26758
395572 1 1983
395585 3 30629
395809 1 581
395908 1 156
396258 2 38258
396356 2 362
396531 1 2870
396623 1 342
396702 2 174
396714 2 485
396727 1 166
396794 3 532
397062 1 127
397423 1 156
398198 2 207
398757 1 138
398814 4 351
398852 5 800
399873 2 304
400161 2 1415
400276 1 207
400280 1 120
400568 5 119
401132 2 134
401172 7 418
401185 2 132
401415 1 123
401801 1 129
401803 4 190
402053 5 469
402071 4 236
402105 1 507
402169 2 685
402619 1 126
403719 2 174
403769 1 106
404194 6 275
404707 2 104
404878 2 243
405395 1 82
406016 1 181
406130 1 163
406485 1 858
406584 1 91
406623 12 286
406887 1 149
407647 1 316
407753 1 450
407812 3 109
407961 1 182
408290 1 245
408663 1 345
409164 2 358
409393 1 46
409434 4 342
410320 1 162
410474 3 333
410623 2 116
411089 3 136
412062 1 93
412218 1 117
412526 1 569
413127 7 258
413287 1 571
413526 1 92
414424 1 58
414543 1 372
415290 1 127
415477 1 675
415635 2 363
416611 1 95
416857 1 111
416939 2 88
417146 2 616
418174 2 311
419379 1 123
419384 1 385
419678 1 158
419679 1 100
420449 1 59
420734 1 391
420814 1 187
421158 1 95
421723 1 134
421756 1 252
421807 1 173
421861 1 311
421947 15 897
422377 1 504
422655 3 382
423103 1 101
423489 1 232
423600 2 114
423743 1 83
424008 2 628
424111 1 115
424289 1 89
424518 1 189
425315 2 85
425452 1 103
425483 1 113
425825 3 154
426114 1 87
427214 2 266
428498 1 76
428696 8 604
428701 1 1013
429038 1 150
429149 1 119
429455 1 131
429723 2 313
430137 1 161
430541 1 80
430543 1 142
430545 1 198
431724 1 284
431794 1 285
432222 2 101
434388 1 91
434551 1 767
434611 2 246
434740 1 103
434961 1 82
434965 1 199
435151 1 204
435533 3 321
436556 1 74
436937 2 209
436976 1 95
437147 2 120
437171 4 104
437276 10 487
437463 3 131
437467 1 132
438181 1 161
438182 1 169
438424 1 103
438570 1 156
438595 1 87
438726 1 373
439369 4 198
439897 1 152
441110 1 523
441154 2 372
441789 1 94
441845 2 96
442059 3 408
442070 2 321
442178 1 176
443188 1 335
444067 2 98
444375 1 343
445000 2 93
445972 2 295
446130 1 196
446132 3 436
446227 4 125
446342 1 155
446653 2 57
447075 2 115
447453 5 332
447696 1 101
448103 1 118
448769 1 485
448972 1 600
449685 4 107
449822 1 613
449894 1 142
450636 2 122
450929 1 118
451234 1 167
451379 4 234
452097 2 222
452568 1 106
453179 1 95
453508 1 149
453814 1 139
453817 1 100
454338 1 75
454965 1 108
455138 1 130
455215 6 296
455642 1 99
455647 1 130
457229 1 78
457372 1 153
458592 2 130
458701 1 64
459073 3 369
460070 1 132
460249 1 109
461199 3 541
462134 1 389
462503 2 156
462516 1 204
462678 1 750
463109 1 84
463125 2 504
463136 1 708
463527 3 309
464165 1 761
464462 1 67
464943 1 331
465154 1 133
465344 2 89
465804 2 263
466034 3 770
466835 1 94
467051 1 466
468668 1 489
469424 4 160
469433 2 104
469547 2 96
471010 1 187
471236 1 184
471377 1 108
471803 1 138
471989 1 558
472424 2 246
473031 1 105
473261 1 96
473926 3 70
475091 5 455
475099 1 96
475533 1 213
475826 1 224
475864 1 183
476074 1 140
476389 9 306
476995 1 148
477373 1 809
478241 1 103
478545 1 180
478910 5 1718
478992 1 130
478993 2 291
479502 3 108
479560 3 431
479643 3 86
479805 1 138
479946 1 110
480596 1 107
481225 8 688
481357 4 700
481447 1 135
481507 1 973
481759 1 375
483226 2 369
483281 1 84
483288 3 179
483349 3 191
483447 2 205
483451 2 136
483726 1 1401
483828 2 493
484032 1 196
484033 2 387
484107 5 363
484109 1 516
484127 14 473
484131 2 257
484149 3 378
484263 1 200
484443 3 143
484525 1 322
484810 4 163
485078 1 91
485308 1 522
485369 1 123
485665 1 125
486026 2 245
486397 1 455
486677 1 84
486700 2 241
486742 2 497
486743 6 480
486747 2 102
486763 1 333
487148 1 202
487269 4 90
487763 4 106
488374 3 424
489106 1 184
489130 1 135
489271 1 322
489743 1 157
490192 14 405
491052 1 475
491648 2 169
491838 1 298
492206 4 352
492236 12 1279
492322 2 177
492363 1 73
492370 1 269
492429 1 441
492460 10 643
492934 3 72
493241 3 295
494081 2 163
494130 1 2012
494170 3 127
494528 2 312
495383 1 99
495572 1 89
495626 6 351
495659 5 360
496465 1 120
497010 1 596
497025 1 103
497403 1 335
497542 8 542
497658 1 192
498263 1 222
498267 3 113
498335 14 273
498336 7 332
499505 8 765
499840 5 396
500117 1 141
500118 4 153
500292 1 231
500470 1 137
500734 1 1620
501475 1 93
501756 1 107
502787 2 867
503167 1 405
503686 1 172
504334 2 438
504945 1 93
505191 2 131
505196 1 98
505470 2 276
505492 1 224
505753 1 458
505760 1 183
506185 2 301
506917 1 453
507064 2 673
507793 1 94
508034 8 234
508204 1 141
508372 1 98
508695 5 440
509108 2 148
509380 1 99
509533 1 95
509657 1 120
510020 1 123
510036 1 257
510228 3 175
510819 1 87
511322 1 444
512518 2 137
513191 1 140
513315 1 144
513395 2 99
513466 1 410
513487 2 112
513572 2 145
513599 2 309
513600 2 233
513863 1 984
513949 3 74
514069 1 121
514256 1 327
514328 1 69
514373 5 201
514542 1 82
515505 3 395
516400 1 138
516809 5 507
516903 1 159
517003 1 453
517102 1 175
517723 1 320
518043 9 1039
518334 2 279
518590 4 133
518758 1 312
519555 1 105
520351 2 173
520356 1 394
520850 5 351
520873 3 498
521054 2 112
521327 2 90
521341 3 291
521642 7 250
522687 3 319
522688 2 264
522801 3 261
523275 2 131
523501 1 132
523749 1 237
524104 5 691
525194 1 317
525232 2 274
525812 1 234
526038 1 131
526406 2 117
526467 2 126
526738 4 603
527933 2 625
527960 1 142
137 5 478
455 171 18030
1102 1 497
1454 1 648
1646 1 55438
1894 2 357
1895 1 292
1913 1 641
1915 1 577
1917 3 425
5559 1 120
6910 1 83
8148 227 17754
12709 25 20008
13912 276 17501
16521 3 655
16522 12 493
16824 1 523
18185 7 280
21614 57 32241
22248 1 372
24103 1 613
26206 11 444
26281 2 281
26282 1 232
26283 2 553
26286 3 372
26287 3 464
26289 18 531
26290 2 307
26292 11 504
26294 9 339
26295 17 533
29876 9 543
29883 9 556
31534 10 520
31539 6 578
31629 318 21435
34479 9 383
34480 32 762
34482 13 668
34483 14 785
34485 4 347
34486 7 364
34490 19 635
34494 13 691
34498 7 376
34499 8 242
34508 3 245
34759 1 715
34991 1 367
36068 4 444
36498 281 20156
39788 9 388
39789 8 329
39793 14 422
39795 9 454
40751 6 526
41192 4 507
41197 16 512
42251 16 408
43306 12 520
43307 8 165
43315 8 219
43318 12 510
43319 2 91
43409 10 385
43420 3 267
43460 4 356
43507 2 372
44109 6 437
45201 6 402
45759 2 311
45947 1 11759
46070 5 549
46071 2 378
49027 11 643
49029 11 496
49393 1 355
50025 1 97
51087 20 490
52678 266 15365
53018 1 648
53019 4 310
53020 1 529
53024 1 206
53025 2 641
53027 3 518
53130 22 397
55057 16 462
55327 22 471
56367 1 28
58686 2 55
60456 1 33
63630 1 133
65436 6 135
65703 1 405
66582 1 35
67274 7 198
69764 1 38
70739 1 37
72147 1 72
72406 2 143
77685 1 67
80928 1 30
81352 1 33
83827 6 180
85709 4 578
86753 1 31
86819 1 28
86978 1 207
87635 4 157
88776 1 39
90335 1 41
90507 1 46
90513 1 532
91057 2 33
93759 2 34
96935 1 442
97194 1 34
100295 1 21
101757 2 39
102879 2 44
108284 2 365
109711 3 355
110806 2 94
111552 1 109
111997 3 51
112532 4 69
113335 1 42
115738 1 26
116717 1 801
116980 2 163
119403 1 34
119641 1 38
119827 1 36
120713 3 86
121063 3 68
121417 2 60
122409 4 178
125302 2 111
125896 8 202
128266 1 47
129426 9 382
131859 4 340
132171 3 945
132458 1 418
132555 1 460
132602 1 680
132691 1 419
135890 2 118
135897 2 83
136029 10 288
138663 2 519
144956 2 47
147423 2 582
149517 2 417
150059 1 461
151234 3 661
151847 3 536
153454 2 211
154091 3 52
154634 1 88
155815 1 50
156177 1 39
156347 1 183
157112 3 90
160302 4 111
160360 3 276
162737 2 47
162818 1 57
163825 1 43
165128 2 74
166615 1 69
177289 9 797
179771 2 165
180895 6 191
182973 1 312
183416 1 53
189366 2 43
189403 4 495
189508 2 66
195152 1 92
195192 1 51
198041 2 67
198883 6 262
199700 1 43
200313 1 50
200991 3 78
201809 1 42
202071 2 104
202075 14 345
203213 2 282
205890 3 115
206959 5 89
210148 1 425
214392 3 90
214668 6 211
214686 3 348
217181 1 190
217435 4 71
221909 1 690
222175 4 83
222928 2 57
223777 4 77
223816 2 493
225199 1 64
227084 1 717
229716 3 173
233270 3 55
236179 2 137
237502 2 65
239565 2 180
239750 2 179
241809 1 50
244079 3 53
244090 5 76
246852 1 229
246887 1 685
246896 1 894
246906 2 314
246984 1 751
248555 4 873
249317 4 71
249373 1 405
250577 1 40
251691 2 96
251750 6 218
251758 3 101
251990 7 390
252746 2 85
262712 2 88
262940 1 50
264516 3 81
265265 7 345
265368 7 322
270501 1 3763
280619 1 11500
286583 29 19748
287038 5 618
288355 3 307
289300 5 551
289932 2 4403
290238 1 816
290256 140 30074
290440 1 15196
292891 6 168
301865 2 18367
303734 4 25485
307453 82 49380
307501 1 798
308433 1 768
317730 2 266
320025 11 487
323743 3 137
324657 3 79
325935 1 181
326123 10 14885
326129 32 67196
326672 3 142
327122 1 16929
327123 1 16927
327394 1 22044
327407 3 18061
329200 6 226
329633 7 213
332639 4 105
332642 14 302
332981 7 409
347676 12 2857
347837 40 63219
347982 10 2493
348062 11 1962
348988 4 161
359152 1 9815
359553 8 473
371890 22 992
373834 11 44460
374522 9 619
377680 5 192
379017 5 229
383291 8 254
388596 3 142
393747 10 58177
394898 36 26758
395242 2 23266
395572 10 1983
395685 9 513
395809 27 581
395811 37 2673
395908 2 156
396258 3 38258
396356 1 362
396531 3 2870
396623 3 342
396702 2 174
396714 2 485
396727 4 166
396794 13 532
397062 3 127
397418 4 450
397423 4 156
397678 2 102
398198 1 207
398669 6 181
398757 2 138
398814 1 351
398852 1 800
399640 2 120
399873 7 304
400103 4 185
400161 23 1415
400276 1 207
400280 1 120
400582 13 234
401132 1 134
401172 2 418
401185 3 132
401415 2 123
401801 2 129
401803 8 190
402053 1 469
402071 8 236
402105 11 507
402116 11 169
402169 3 685
402619 2 126
402783 2 642
403613 1 88
403719 2 174
403720 3 90
403769 2 106
404194 5 275
404707 2 104
404878 5 243
405787 1 114
406016 1 181
406130 5 163
406485 5 858
406552 3 124
406623 2 286
406887 2 149
407646 1 133
407647 3 316
407724 1 943
407753 4 450
407961 6 182
407995 4 119
408099 1 73
408290 1 245
408560 1 76
408628 3 97
408663 1 345
409164 3 358
409393 2 46
409434 1 342
410320 4 162
410474 6 333
410614 2 93
410623 5 116
411089 2 136
411091 1 81
412209 2 111
412218 1 117
412526 5 569
413287 5 571
414424 1 58
414543 4 372
415290 1 127
415477 1 675
415635 4 363
416611 3 95
416857 1 111
416939 1 88
417146 7 616
417492 2 98
418174 8 311
419379 2 123
419384 1 385
419678 1 158
420449 1 59
420734 1 391
420812 10 569
420814 4 187
421158 1 95
421723 2 134
421756 2 252
421807 4 173
421861 3 311
421947 18 897
422377 8 504
422655 14 382
423489 1 232
423600 1 114
423743 1 83
424008 4 628
424111 2 115
424289 1 89
424518 1 189
425483 1 113
425825 4 154
426114 1 87
426583 3 87
427214 4 266
427904 2 1095
428400 4 645
428436 19 1036
428498 1 76
428696 1 604
428955 1 121
429149 1 119
429455 3 131
429723 6 313
429828 12 535
430137 3 161
430541 2 80
430543 2 142
430545 2 198
431187 9 517
431724 1 284
431794 2 285
432958 8 152
433700 1 70
433760 3 620
434551 8 767
434611 3 246
434740 2 103
434965 2 199
435151 3 204
435533 2 321
435620 1 82
436160 2 163
436556 1 74
436937 3 209
436976 1 95
436978 1 114
437147 2 120
437276 4 487
437463 2 131
437467 3 132
438181 3 161
438182 3 169
438329 2 154
438570 4 156
438595 3 87
438726 2 373
439346 3 99
439369 1 198
439897 4 152
440210 3 128
441110 5 523
441789 1 94
441845 3 96
442059 2 408
442070 5 321
442178 4 176
442471 2 67
443188 2 335
443779 3 106
443852 10 283
444067 1 98
444375 5 343
445644 6 428
445972 10 295
446069 1 86
446130 3 196
446132 3 436
446227 2 125
446342 1 155
446653 1 57
447045 1 107
447075 2 115
447089 1 173
447453 1 332
447695 1 276
447696 1 101
447877 4 247
448103 3 118
448694 2 114
448769 3 485
448972 4 600
449521 6 638
449822 5 613
449894 4 142
450205 2 104
450212 3 73
450929 4 118
451234 3 167
451379 4 234
452097 3 222
452568 1 106
452938 11 440
453179 1 95
453508 1 149
453814 1 139
453817 1 100
453977 1 339
454338 2 75
454965 2 108
455138 1 130
455336 2 65
455365 2 247
455642 3 99
455647 3 130
456214 3 72
457229 4 78
457519 2 80
457579 2 127
458592 1 130
458701 1 64
460070 5 132
460249 1 109
460418 3 156
460508 3 707
462051 1 181
462134 4 389
462220 2 417
462503 3 156
462516 5 204
462678 10 750
463109 2 84
463125 4 504
463136 6 708
463205 2 58
463527 2 309
463870 1 101
464165 3 761
464462 1 67
464943 7 331
465079 1 99
465154 5 133
465344 2 89
465804 4 263
466025 3 362
466034 3 770
466750 8 205
466835 1 94
466910 5 853
467051 1 466
468378 7 187
469424 3 160
469433 1 104
469547 4 96
469763 4 156
470561 3 132
471010 1 187
471236 2 184
471377 1 108
471803 2 138
471989 8 558
472385 7 327
472424 2 246
472697 2 123
472775 11 390
472863 6 778
473031 1 105
473261 2 96
473926 3 70
474341 3 68
475091 2 455
475099 2 96
475533 4 213
475826 4 224
475864 2 183
476389 2 306
476517 4 98
476671 2 65
476995 6 148
477373 8 809
478219 1 383
478241 3 103
478545 1 180
478910 1 1718
478992 2 130
478993 3 291
479211 1 84
479259 5 141
479560 4 431
479805 1 138
479946 1 110
480267 2 431
480596 2 107
481225 3 688
481357 3 700
481759 2 375
483226 8 369
483288 1 179
483349 1 191
483447 1 205
483451 1 136
483726 4 1401
483828 3 493
484032 2 196
484033 1 387
484107 5 363
484127 9 473
484131 2 257
484149 3 378
484263 1 200
484443 1 143
484525 3 322
484655 3 352
484810 2 163
485150 7 118
485308 1 522
485369 1 123
485665 1 125
486397 1 455
486580 2 350
486677 2 84
486700 3 241
486742 6 497
486743 1 480
486747 3 102
486763 2 333
487148 5 202
487269 1 90
487763 2 106
488374 3 424
489106 5 184
489125 2 43
489130 1 135
489271 2 322
489477 1 130
489743 3 157
490192 2 405
491052 10 475
491648 3 169
491838 1 298
492206 6 352
492236 3 1279
492363 2 73
492370 3 269
492429 9 441
492460 31 643
492934 1 72
493241 3 295
494081 5 163
494170 4 127
494528 3 312
495370 1 36
495383 1 99
495572 3 89
495626 8 351
495659 7 360
495791 4 411
496180 1 106
496465 4 120
496484 1 84
497010 5 596
497025 3 103
497068 3 233
497156 7 303
497370 9 373
497403 4 335
497455 6 129
497542 2 542
497658 4 192
497907 5 326
498263 6 222
498267 1 113
498335 6 273
498336 3 332
498389 1 182
499053 2 66
499505 2 765
499840 5 396
500118 2 153
500258 9 529
500292 3 231
501333 5 352
501475 3 93
501622 17 652
501756 1 107
501769 3 57
502398 2 73
502787 7 867
503167 3 405
503686 3 172
504334 1 438
504470 6 197
504945 1 93
505191 2 131
505196 1 98
505356 16 732
505470 2 276
505492 3 224
505753 9 458
505760 3 183
506120 1 84
506185 4 301
507064 6 673
507558 1 135
507793 1 94
507844 5 283
508204 2 141
508372 1 98
508695 3 440
509107 2 97
509108 1 148
509380 2 99
509382 1 616
509460 1 66
509462 1 52
509657 2 120
509865 3 56
510020 2 123
510036 4 257
510228 2 175
510628 10 340
510736 18 753
510764 3 178
510819 2 87
510945 13 790
511322 2 444
513191 3 140
513315 4 144
513395 3 99
513466 3 410
513487 1 112
513599 4 309
513600 4 233
513949 3 74
514069 2 121
514256 2 327
514328 2 69
514373 4 201
514542 2 82
515029 2 271
515505 2 395
515576 2 55
516055 7 963
516264 1 97
516400 1 138
516809 2 507
516903 3 159
517102 2 175
517477 3 100
517677 1 39
517723 2 320
518043 1 1039
518334 1 279
518590 2 133
518758 8 312
518937 1 83
519555 4 105
520356 4 394
520850 1 351
521054 2 112
521327 2 90
521341 4 291
521642 4 250
522440 3 199
522687 12 319
522688 2 264
523275 3 131
523501 2 132
523749 1 237
524104 7 691
524304 1 59
525194 1 317
525232 4 274
525911 2 86
526038 1 131
526406 1 117
526467 2 126
526738 3 603
526809 1 84
527933 2 625
527960 3 142
