831 3 478
1646 1 55438
3068 1 230
3070 1 233
4166 2 592
4168 2 646
4192 2 903
4193 2 439
4198 2 947
4203 5 928
4421 1 5382
6715 13 1359
6716 6 1016
6812 1 818
7092 1 520
7356 11 1743
9383 6 972
13983 1 1414
19750 1 237
19751 6 590
19752 2 382
19754 14 526
19756 7 410
19757 5 445
19758 2 448
19759 3 307
19760 1 478
19762 6 573
19763 16 351
19766 2 353
19768 2 302
20247 6 1342
24450 1 321
31345 1 1570
31388 1 1146
32456 16 2583
34834 1 1287
36119 1 389
39580 3 446
39712 2 5030
41549 7 925
45947 1 11759
47949 1 285
47950 2 1422
51195 1 451
51638 1 2372
57598 1 137
57708 1 147
58652 1 318
67218 1 87
76330 2 409
82702 2 847
82820 3 185
87837 5 234
95534 1 253
97079 5 134
97629 2 168
97947 1 253
100867 1 363
105276 1 87
106371 5 885
109410 1 297
110731 1 646
111301 27 741
119145 1 484
120322 1 148
133945 5 234
137212 1 189
137769 1 732
145262 1 189
146980 2 269
152460 2 852
155391 1 187
156751 1 792
162340 2 207
164852 6 746
168246 1 492
177683 1 77
177788 4 782
182591 1 211
188762 1 391
194437 1 777
195890 1 141
196599 1 274
196722 1 351
197503 1 189
198556 2 156
199560 1 320
200581 1 183
201795 2 218
202109 2 149
202505 3 275
203132 1 336
203896 1 66
204003 2 315
204135 1 198
207093 1 169
208302 1 354
211950 2 711
212197 1 201
216232 4 349
216571 1 764
216758 3 424
217190 2 325
218572 4 409
223584 1 127
223891 2 413
224441 3 196
228996 3 80
229940 1 755
230012 1 335
233929 5 256
234359 2 860
237687 1 424
237929 1 276
240922 1 336
241074 1 282
241932 1 173
242108 1 181
242843 3 562
242845 3 548
244566 1 509
245114 1 262
245326 2 141
247620 2 201
250984 1 222
251044 1 128
255140 2 46
259162 1 205
260435 1 317
263225 1 147
264168 5 331
264344 1 236
265810 1 16729
269733 2 201
275820 1 958
285837 2 1700
286625 4 150
288333 1 454
288362 1 245
288374 1 216
288408 1 196
288429 2 354
288464 1 180
290399 1 194
297511 1 163
300284 2 555
302733 1 78
307453 2 49380
307456 1 220
307588 2 407
308773 1 1955
308784 1 1114
308811 1 1955
308822 1 1114
308848 5 368
308855 1 3415
316367 3 650
326194 1 178
326274 1 582
327361 5 1715
327403 1 5903
333024 1 99
347838 1 6657
348190 2 1221
348744 2 3039
350284 1 540
350357 3 4293
350389 10 212
350390 11 218
350391 5 199
350392 3 215
350393 6 203
350394 3 210
350395 2 273
350396 4 178
350397 6 254
350398 3 220
360660 3 2514
372278 2 28092
374014 2 80805
374944 1 539
374945 1 879
374954 1 153
393763 3 99
394999 2 240
395109 2 1486
396938 2 181
397234 1 249
397584 6 292
398136 2 72
398139 3 224
398252 3 542
398284 3 544
398713 2 687
402664 1 323
404033 4 437
407925 1 521
409621 1 348
409811 1 56
409852 2 305
410921 3 490
415888 2 666
415890 1 800
416241 2 221
418982 1 278
424569 1 466
429337 6 1080
431554 1 849
434210 1 118
434527 1 1397
435030 2 247
436947 2 316
440686 1 797
441694 1 567
443417 1 119
446434 1 343
447103 10 758
447799 2 180
452313 1 417
455035 4 1570
455099 4 1052
455171 4 1259
456690 1 323
458454 1 59
459116 7 404
459561 1 926
462136 1 876
462443 5 594
463308 2 442
463530 2 597
464976 1 208
467582 1 503
468963 2 369
472096 1 86
476250 1 3982
476667 2 113
479077 1 97
480433 1 256
480926 1 501
483477 3 128
484612 2 747
486655 1 473
487588 3 799
488025 1 70
490097 1 130
490284 1 723
490808 1 103
491629 3 838
492097 1 1363
492136 1 1459
492668 1 396
493991 1 287
496659 2 113
498013 1 479
498156 3 298
502224 3 443
503104 1 447
503473 2 333
506432 1 264
506457 1 758
507881 2 222
508252 1 166
509450 9 508
509527 1 129
515379 2 167
515380 1 472
516625 2 228
519343 1 270
519910 3 381
521942 2 292
522294 1 627
525708 2 608
525867 1 149
527089 4 96
332 4 414
333 3 466
1646 2 55438
3433 2 238
3511 5 394
4164 1 237
4165 1 305
4166 3 592
4167 10 802
4168 2 646
4169 5 566
4181 1 431
4198 1 947
4200 2 594
4299 2 431
9968 1 648
11494 1 466
11752 1 448
12241 2 279
12242 1 127
12243 1 197
12244 2 671
12269 1 180
19754 1 526
19758 4 448
19760 1 478
19763 8 351
19872 1 552
24220 2 346
24442 6 244
24444 6 598
24445 4 484
24449 3 668
24450 4 321
24452 5 513
24457 7 483
24472 1 177
24500 3 353
24503 1 381
28355 4 432
28356 3 430
28357 5 410
36119 1 389
38120 1 734
39842 1 725
46467 2 471
46469 1 521
47948 1 284
47949 3 285
47950 1 1422
51195 1 451
51638 2 2372
54155 1 742
57674 1 101
66309 1 666
68619 1 191
75254 4 1376
75853 1 64
79466 1 101
82470 2 561
84846 1 520
87837 2 234
87993 2 429
96853 8 232
98563 1 109
99211 1 747
100867 1 363
101140 3 222
101258 3 322
106371 4 885
110731 1 646
111301 11 741
111884 3 232
115947 1 572
117182 4 199
120240 4 187
121658 3 90
122786 2 574
127870 1 111
133945 2 234
137769 1 732
139305 1 533
139758 4 507
145365 1 125
147412 1 415
153455 1 184
156751 1 792
158833 1 56
164852 3 746
165686 1 526
168246 1 492
169775 2 765
170348 1 100
180228 2 207
185852 2 201
187000 5 582
194437 2 777
194937 1 226
202505 2 275
204274 2 162
208758 5 542
211950 1 711
216232 4 349
216977 1 47
217190 5 325
217229 2 53
222381 2 856
223139 1 695
223891 2 413
228083 1 503
229940 1 755
233929 2 256
234359 1 860
236725 1 259
241074 1 282
241716 1 111
242507 2 101
244629 1 532
246644 1 107
247620 1 201
249772 1 115
255594 2 239
260470 2 190
261631 1 354
263399 4 232
264168 3 331
264344 1 236
274974 2 198
286776 9 342
286821 5 121
288296 2 178
288424 1 134
288454 2 207
288464 1 180
306254 1 1044
307453 1 49380
307494 1 304
307588 1 407
325456 1 326
326036 1 170
326165 7 1159
327315 2 302
327403 1 5903
334897 1 134
347837 1 63219
347838 1 6657
348175 3 209
348296 1 139
348763 7 283
348921 3 204
350284 3 540
350357 14 4293
350383 2 251
350385 9 687
350390 3 218
350394 1 210
350397 1 254
350401 3 319
360660 3 2514
372068 4 610
372224 8 245
372278 1 28092
374915 3 168
374953 1 392
393465 8 356
394898 1 26758
394984 4 275
396123 1 470
401997 1 770
402664 4 323
409621 1 348
412111 4 887
413252 5 780
413935 5 441
418982 2 278
420514 1 373
424569 2 466
431344 1 488
434527 1 1397
436203 1 420
438404 5 574
439868 4 280
440686 10 797
441978 2 143
442918 9 596
443411 1 513
443417 1 119
443557 3 352
445419 2 589
447103 8 758
455099 5 1052
456391 7 246
456406 3 227
456756 3 377
462443 2 594
463530 3 597
467582 1 503
475157 2 266
479297 5 1308
480926 1 501
481061 1 456
484612 3 747
486655 1 473
487264 1 404
490262 5 396
490305 4 458
490381 3 424
491629 19 838
492097 1 1363
492136 1 1459
492325 1 88
496692 1 862
498013 5 479
498156 1 298
498284 2 708
500231 1 665
500569 3 189
503104 1 447
504905 4 212
506432 1 264
507881 1 222
508252 1 166
513057 1 519
519758 2 531
33 147 19382
332 2 414
1646 6 55438
3068 6 230
3070 5 233
3511 3 394
4117 3 181
4164 2 237
4165 2 305
4166 1 592
4167 5 802
4168 1 646
4172 17 529
4173 4 199
4193 3 439
4203 2 928
4421 6 5382
11494 2 466
11752 2 448
12244 1 671
13983 21 1414
19711 7 305
19766 1 353
19814 1 395
19872 2 552
21614 22 32241
24442 1 244
24444 2 598
24449 1 668
24451 3 333
24484 1 502
24500 1 353
25084 4 458
27161 11 441
28355 4 432
28357 2 410
31345 16 1570
31388 6 1146
34834 2 1287
38120 2 734
39842 2 725
45947 21 11759
46321 3 197
46416 5 861
46428 5 935
46440 1 245
46463 1 540
46467 3 471
46468 4 500
46469 4 521
46470 10 462
47936 12 477
47937 12 725
47939 9 536
47948 3 284
47950 27 1422
47951 15 432
47952 6 662
47953 1 863
51195 2 451
51638 2 2372
57674 1 101
60382 1 26
61496 2 37
63318 3 146
65343 1 586
66309 2 666
67668 6 131
68619 3 191
69917 10 995
71004 1 34
72307 1 29
72392 4 495
73229 2 104
75254 10 1376
76330 1 409
79466 1 101
79497 1 31
80045 1 597
81966 4 704
82702 2 847
82867 3 225
85407 5 560
85702 6 223
87717 5 354
96332 1 146
97468 3 597
97629 2 168
98735 2 43
99117 4 82
99211 6 747
99676 1 31
100867 1 363
102363 5 643
102898 4 307
103073 5 652
106371 15 885
106975 7 130
108255 1 790
109410 1 297
110050 1 123
110731 4 646
111301 4 741
115947 8 572
117703 6 139
120720 2 652
122786 1 574
126202 4 220
129728 10 756
132164 6 611
133413 3 102
134758 2 78
134848 2 78
135894 2 67
136503 2 48
137769 3 732
139305 4 533
141825 4 803
143849 1 48
144820 1 38
145040 1 220
145262 2 189
147141 18 821
147412 6 415
147679 2 124
152460 2 852
153455 3 184
153780 4 621
153782 1 689
154432 1 329
155979 3 102
156751 6 792
156761 1 138
157190 1 310
157338 7 360
157469 3 80
159216 5 625
161042 2 221
161272 2 57
161954 11 705
162340 5 207
162822 2 60
164133 2 212
164852 19 746
165322 6 364
165340 1 49
165686 9 526
166263 3 87
168246 1 492
169106 2 205
169775 10 765
169799 3 72
172317 1 48
174558 1 48
174970 11 730
181974 2 614
184005 11 342
185852 2 201
187000 2 582
188431 9 691
192300 2 92
193120 3 204
194271 1 41
194437 1 777
195751 2 212
196599 1 274
200581 1 183
200840 2 230
201440 3 84
201445 3 112
201801 2 79
202109 1 149
204003 1 315
207650 2 57
207980 1 78
207981 5 619
208758 1 542
210583 1 518
212808 1 631
216232 5 349
216571 1 764
217190 2 325
218572 3 409
221706 1 852
222381 9 856
224400 2 556
226997 2 436
228083 5 503
229940 5 755
230012 3 335
230135 3 243
231254 2 57
231718 4 228
231719 2 260
233929 5 256
234359 3 860
236502 9 507
236709 2 471
237300 1 143
237342 3 268
237687 3 424
237929 2 276
241716 2 111
241945 1 603
243805 3 85
244629 2 532
245114 4 262
245278 5 612
246465 7 180
246644 1 107
247618 3 581
247620 1 201
249694 1 614
250984 2 222
251045 8 653
252704 1 293
252742 3 73
253190 2 93
255047 4 130
255048 6 278
256538 1 125
258702 1 860
259162 1 205
260470 2 190
261631 6 354
262917 3 661
262948 5 191
263616 3 617
263930 1 47
264168 4 331
264344 2 236
265816 3 25803
268303 4 6782
269996 4 6852
270890 1 2870
274974 2 198
275820 1 958
285837 2 1700
286583 2 19748
286677 10 306
288278 1 146
288296 8 178
288313 39 1891
288333 3 454
288362 5 245
288408 3 196
288424 2 134
288429 3 354
288445 10 298
288454 2 207
288480 2 234
288484 5 537
290399 2 194
292026 8 5959
297511 1 163
300284 3 555
301865 11 18367
303734 2 25485
307453 25 49380
307463 2 322
307475 7 564
307494 4 304
307500 2 450
307518 5 391
307588 21 407
308773 17 1955
308784 11 1114
308811 17 1955
308822 11 1114
308855 1 3415
308859 30 5677
316367 2 650
326123 5 14885
326129 3 67196
326165 2 1159
326194 7 178
326241 14 481
326274 12 582
327229 1 389
327349 34 8654
327356 3 1565
327361 20 1715
327403 1 5903
329209 1 5843
347837 41 63219
347838 4 6657
348175 2 209
348190 2 1221
348744 16 3039
348921 2 204
350281 2 229
350284 1 540
350357 1 4293
350385 2 687
350391 1 199
350393 2 203
350395 1 273
350397 1 254
352626 4 7519
355306 1 306
359152 1 9815
360660 14 2514
372069 3 247
372224 3 245
372406 7 14595
374014 1 80805
374915 1 168
374944 5 539
374945 6 879
374953 7 392
393465 4 356
393623 1 2752
394898 4 26758
394984 1 275
394999 2 240
395109 2 1486
396123 6 470
396258 2 38258
396473 1 1546
397234 2 249
398284 1 544
398713 7 687
401997 2 770
402664 1 323
404033 1 437
404229 8 605
406594 5 484
406811 1 586
407925 1 521
408742 6 171
408972 7 214
409852 6 305
411310 7 910
412111 4 887
413252 12 780
413935 3 441
415888 6 666
415890 3 800
417990 11 443
418982 1 278
419824 7 331
420514 11 373
420836 17 2667
422115 2 471
424569 4 466
429337 7 1080
431344 15 488
431554 7 849
432061 9 297
434060 12 428
434210 5 118
434527 13 1397
435030 1 247
436203 16 420
436947 2 316
438404 2 574
439868 1 280
440686 2 797
441694 4 567
441701 2 370
441978 2 143
443411 16 513
445419 14 589
447041 2 132
447044 7 145
447103 9 758
447799 2 180
452313 3 417
452913 4 811
455035 1 1570
455099 18 1052
455171 5 1259
455249 2 330
456690 7 323
457062 6 435
457253 10 835
458756 9 719
459561 4 926
462136 1 876
462443 3 594
463530 1 597
464084 6 850
465275 3 542
467582 14 503
468963 3 369
472096 2 86
476250 7 3982
478718 14 1216
478742 32 1205
479077 1 97
480433 1 256
481061 11 456
481540 4 937
484612 3 747
487264 1 404
487588 7 799
490097 6 130
490284 3 723
490305 1 458
490381 3 424
490808 1 103
491629 7 838
492097 37 1363
492136 38 1459
492325 6 88
492668 2 396
493991 9 287
494630 3 357
496692 20 862
498013 4 479
498056 16 653
499656 6 361
500231 11 665
500569 1 189
503473 2 333
504905 1 212
506432 12 264
506457 1 758
507881 2 222
509450 1 508
509834 14 582
513057 4 519
514375 8 258
515379 9 167
515380 6 472
519343 2 270
519758 2 531
519910 3 381
521942 1 292
522294 1 627
525708 1 608
