9166 9 17203
15012 1 6149
21614 57 32241
24114 4 292
24116 3 372
24677 3 365
33289 1 361
36802 4 29903
52214 29 64459
56859 3 569
57690 1 33
58140 1 618
58251 1 115
59074 1 591
59075 1 444
59076 1 492
59755 1 34
60379 1 31
60381 1 37
61206 5 282
61699 1 637
62064 3 4939
62294 1 48
64170 1 264
64834 1 108
65153 2 504
65248 2 477
65728 1 473
65813 2 771
66833 1 198
66940 2 106
67099 1 556
67202 1 339
67389 1 506
67946 1 515
68873 1 38
68961 1 106
69430 3 29
71735 1 38
72441 1 36
72643 1 681
73980 2 214
74684 1 324
76204 1 464
76390 1 222
76501 2 356
76663 2 2219
77392 4 500
79110 3 883
79845 1 186
79970 1 474
81009 1 176
81367 1 674
81529 1 250
83423 1 35
84272 1 599
85318 2 467
85319 1 546
85383 2 440
86712 1 127
87302 1 134
87424 5 404
88440 6 574
88926 1 105
89113 2 250
90680 1 383
91807 1 374
92207 2 162
92698 2 2034
92869 3 609
93092 1 469
93553 2 334
94837 1 626
94854 2 878
95152 1 33
96665 1 511
96834 2 123
97173 1 591
98037 1 274
99501 1 310
99657 1 449
100404 6 318
101026 4 275
103247 1 119
103640 3 217
104737 1 397
105582 9 306
106278 1 481
107685 2 638
107972 1 119
109055 1 140
109281 1 446
109282 1 264
109612 2 762
109686 3 582
112291 1 426
113247 1 334
115334 1 917
115335 1 349
115448 1 103
116783 1 400
117126 1 184
118295 2 207
118469 3 3145
120875 1 109
122979 4 759
123463 4 161
124222 2 623
125874 3 205
126167 1 613
127562 5 679
127606 1 247
130400 2 480
133703 3 721
133704 2 645
134790 1 118
134834 3 401
135359 3 453
136549 1 51
137145 1 294
139367 1 613
140140 3 516
140371 22 1181
140404 1 461
140465 3 1574
141413 2 635
142141 6 7912
142464 1 138
142820 1 137
143175 1 293
143265 1 631
143368 5 765
144560 1 861
144561 1 682
145979 1 157
147483 1 649
148377 1 181
148938 2 620
149000 1 87
149238 1 169
151648 1 694
151928 2 687
153304 1 482
154247 2 336
154623 2 284
156846 1 205
157323 1 422
157415 3 665
158865 3 692
159199 1 445
160264 3 839
160528 1 492
160618 1 209
160903 1 637
161138 1 512
161931 1 538
163267 3 932
163768 2 231
164836 2 624
165880 4 287
166950 1 297
167931 1 848
168070 3 313
168228 4 512
169996 1 263
171434 2 918
171494 1 657
173029 1 400
173109 1 640
174477 2 613
176205 2 315
176209 2 489
176263 1 500
178080 2 328
178303 1 80
178571 4 253
178573 1 582
178996 4 5818
179374 2 53
180453 1 62
181467 3 342
181525 1 669
181939 1 46
181940 1 73
184477 3 128
184747 1 625
184748 1 500
185373 1 179
185386 1 116
185927 1 307
186138 1 530
186277 1 171
188450 3 181
189373 1 372
189672 1 499
189820 8 596
190741 1 603
192376 1 633
192400 1 419
192401 1 704
193357 6 114
193614 1 338
193932 1 517
195222 1 1325
195279 1 151
196860 4 664
197746 1 48
198376 1 229
198641 2 416
198924 2 230
199358 1 672
200226 1 468
200740 1 232
200784 2 452
200944 1 616
201713 1 142
201717 1 217
202529 1 76
203155 5 304
204473 2 208
204706 2 213
204929 1 99
205029 1 708
205976 1 449
206402 1 445
207181 1 92
207236 1 220
207500 1 179
208561 2 460
208789 3 268
208924 1 138
208927 1 459
209091 1 469
209934 2 436
210055 1 593
210056 1 366
210057 1 384
210256 1 219
210730 1 247
211001 2 235
211755 2 245
212954 2 368
213152 1 229
213176 1 431
213542 5 575
214275 1 326
214400 1 540
214515 5 727
215287 1 264
215314 1 207
216414 2 100
216651 1 70
217505 5 1250
217567 1 140
218276 1 1089
218959 2 1346
220563 2 139
220613 2 86
220626 1 271
220820 2 758
221237 1 166
221919 1 465
222041 5 406
222045 1 635
222697 1 231
223878 1 458
223935 2 160
224479 1 154
224700 2 352
224845 1 287
224927 1 441
225121 5 1337
225360 1 461
226340 1 470
226821 1 49
227341 2 184
227468 3 631
227585 4 370
227638 2 239
228063 1 441
228134 1 419
228553 1 424
229022 1 454
230937 1 168
231038 1 153
231298 1 247
233671 1 222
236459 2 209
237851 2 216
238640 1 116
238887 4 328
238906 1 720
239258 2 96
239354 1 119
239792 3 138
241073 9 648
242226 1 346
242785 1 556
243212 2 305
243227 3 431
243300 1 413
246329 1 578
246958 1 451
247043 1 1072
247237 1 48
248202 2 113
249311 1 537
249414 6 353
249446 1 760
249472 2 456
249935 1 179
251441 5 739
252599 2 51
252735 6 557
254718 2 763
257740 2 1040
260607 2 423
260612 2 698
260747 3 292
260856 6 1241
261091 1 613
261268 14 645
261273 12 735
262179 3 345
262819 1 522
262821 9 621
263501 3 481
263905 2 430
264038 5 1278
264440 1 92
265274 1 133
265377 1 121
265810 30 16729
265845 24 17259
268303 21 6782
268304 1 457
268721 1 529
269996 21 6852
272798 3 212
280619 33 11500
280748 1 426
281867 3 237
285433 4 298
287552 1 335
287762 2 394
289732 1 4132
289734 4 4107
289773 5 617
289920 7 7272
289932 44 4403
290075 2 394
290465 19 15747
291688 1 2710
292700 3 3396
292701 1 2069
293249 1 207
293274 5 554
299778 24 5938
301865 19 18367
301930 9 910
302437 2 196
303734 55 25485
305941 9 2259
305961 4 2264
306592 3 596
307356 2 164
308186 5 36306
308513 16 8438
308907 11 13313
308919 22 13545
308947 42 16976
308961 11 13313
308973 22 13545
309001 42 16976
311586 3 207
312401 27 5388
312662 1 126
320247 5 10051
320824 3 868
325071 2 1365
327025 2 468
327384 40 19585
327394 55 22044
327407 45 18061
328914 3 4587
328993 2 5082
329207 1 2263
329209 10 5843
329226 10 8776
329548 1 2241
329582 1 719
330014 1 657
330086 3 3800
330099 7 6898
330296 4 3448
332092 2 188
332290 1 79
333639 1 208
333641 1 178
333642 1 138
342133 1 136
344316 4 1235
347837 172 63219
347869 134 47445
348614 4 463
349651 2 358
351998 2 3051
353162 3 94
353339 1 268
353367 39 3964
353492 6 302
353493 6 312
353629 2 168
354450 6 8639
358123 11 1521
359152 28 9815
365729 9 1181
366935 1 179
369356 8 620
371433 1 344
374014 9 80805
374211 10 1277
376386 16 9418
376473 2 3399
377050 2 198
377197 18 8628
377462 8 222
378071 9 7768
378263 1 670
392866 2 236
394355 1 246
395640 14 17885
396111 3 618
396258 64 38258
396366 1 733
396651 1 144
396914 1 74
397110 1 441
397396 1 75
397664 1 688
397687 2 1495
397876 1 645
398465 1 1098
399506 2 248
400081 1 111
401047 2 425
402650 1 798
404167 1 992
404509 1 135
404755 3 1052
405620 1 912
405838 1 307
406144 1 107
407877 1 1680
408183 2 669
409714 1 564
410800 1 2430
410920 1 369
411029 1 1123
411749 1 90
413061 2 797
413829 1 980
414131 2 105
414739 3 952
414812 3 117
415981 5 719
416289 1 92
416585 1 54
416917 1 1015
417424 1 841
419691 1 1323
419808 2 554
421658 2 535
421705 1 421
423150 2 524
423652 3 573
424230 5 1423
424642 1 198
426403 1 800
428705 1 1184
428957 2 96
429008 1 81
429100 1 112
429524 2 738
429623 2 84
430113 1 636
430225 1 138
430831 1 814
431127 8 2034
431247 6 848
431512 1 1024
431879 1 550
433790 3 1125
434224 1 578
436326 4 1235
437015 1 1409
437314 1 43
438046 1 91
438142 3 403
439161 1 431
439516 1 137
440473 1 524
441619 5 902
441720 1 1152
442327 1 558
442994 1 108
443064 1 525
444422 1 100
444423 1 95
444905 1 812
445152 1 165
445561 2 199
446091 2 890
447658 3 70
448366 1 976
449059 3 184
449416 2 484
449671 1 87
450899 1 87
451663 1 1432
451885 1 596
452602 2 976
453449 1 381
453545 1 464
454266 2 1381
455102 1 102
456584 1 528
456672 3 770
456741 4 1060
458175 1 159
459188 1 205
459217 1 305
459570 1 1007
459649 1 961
460618 1 897
460885 1 126
460902 1 102
461643 3 2428
461994 2 81
464603 1 921
465709 1 98
466307 1 419
466426 1 159
466440 1 282
466464 2 758
467551 1 127
468757 1 108
469937 1 147
469988 1 82
470229 3 377
471486 5 1034
471979 1 108
472103 1 212
472556 1 222
473279 1 77
474019 1 949
475399 1 88
475814 1 409
477341 1 122
477735 1 638
478490 2 420
480010 1 551
481059 1 395
481365 1 826
482579 1 166
482980 1 646
483073 1 98
483761 5 2997
484009 2 151
485360 1 743
485687 9 582
486209 3 1767
486922 1 780
486993 1 883
487312 1 82
489332 7 739
489635 2 756
489669 2 38
490670 2 274
491962 1 495
493275 1 539
493531 1 854
493756 1 1333
493972 1 446
494135 1 914
494483 1 117
494967 1 103
497056 1 90
499093 1 828
499176 1 587
499313 3 1321
499530 2 91
502214 1 1021
502277 1 422
504231 2 845
504258 2 788
504356 1 45
505168 2 101
505955 2 705
507267 1 94
507657 1 508
507664 1 754
507697 1 123
507905 1 103
508442 1 622
508788 1 494
509212 1 875
509369 1 616
510318 3 702
510755 1 65
510962 1 248
511009 1 95
511908 1 704
512176 1 951
512558 2 317
512852 1 2033
513711 1 438
513722 2 927
514053 4 2001
514084 1 1096
514921 2 1471
515162 1 1127
516330 1 493
516584 1 96
516586 1 117
517356 2 469
518227 1 114
518363 2 744
519619 1 182
519746 1 223
519953 2 724
520316 1 1195
520760 2 224
523996 2 831
525481 2 1010
525787 1 2409
525989 1 1589
525990 2 546
526830 1 106
15012 1 6149
21614 1 32241
24114 10 292
24116 5 372
36802 1 29903
55889 4 129
56859 15 569
57525 1 190
57732 5 508
58041 4 227
58140 2 618
59074 3 591
59075 7 444
59076 7 492
59077 12 615
59352 4 235
59587 5 244
59755 2 34
60466 6 425
60634 2 264
61369 18 388
61699 3 637
62730 8 534
62733 7 413
63747 11 513
64733 49 546
65153 16 504
65248 7 477
65258 4 541
65565 1 523
65728 11 473
66199 3 44
66311 5 404
67099 8 556
67202 2 339
67389 3 506
67494 2 344
68873 1 38
69110 3 31
69867 4 198
69915 11 572
69995 15 733
70319 6 609
72643 32 681
73455 6 246
74684 1 324
76200 10 442
76204 4 464
76390 5 222
76501 3 356
76663 2 2219
77392 1 500
79108 12 524
79109 7 847
79110 4 883
79758 2 25
79970 4 474
80994 1 198
81365 14 557
81367 13 674
81371 1 194
81683 10 481
81828 15 568
82924 7 344
82973 3 517
83673 4 207
83675 2 121
83810 1 439
84272 14 599
84627 11 548
85318 3 467
85319 13 546
85383 13 440
86712 2 127
87302 3 134
88440 16 574
88978 13 202
90680 9 383
90689 6 477
91352 7 292
91369 25 311
91807 1 374
92207 4 162
92698 1 2034
92869 6 609
93092 4 469
94148 7 130
94837 4 626
94854 26 878
94855 8 607
94884 7 279
95152 1 33
96665 7 511
96834 9 123
96915 5 487
97173 8 591
98516 4 373
99208 5 593
100140 1 250
100404 3 318
100686 12 517
100692 14 714
101162 4 200
101366 2 147
103247 3 119
103678 24 589
106278 1 481
106583 3 86
107685 24 638
107693 7 307
107972 1 119
109281 11 446
109282 3 264
109683 11 653
109684 3 217
109686 15 582
109979 8 486
109992 2 67
110975 18 514
111010 7 572
111138 2 31
111170 11 383
111176 1 232
112291 10 426
113032 34 594
113247 5 334
113264 3 151
114471 2 202
114531 1 48
114541 3 91
115334 16 917
115335 7 349
115355 10 261
115448 1 103
115637 2 243
115906 3 220
116783 6 400
117128 5 428
118392 10 171
122338 7 471
122718 11 728
122933 9 528
123277 3 216
123607 11 248
124022 13 513
124222 20 623
124446 6 378
127020 7 88
127506 1 116
127560 6 689
127562 7 679
127665 1 57
127900 12 161
128987 3 457
130400 17 480
132564 4 166
133668 18 854
133675 12 519
133703 14 721
133704 6 645
133912 8 498
135359 13 453
136326 13 606
136337 4 641
136877 12 470
137145 1 294
137920 2 132
139277 4 417
140140 8 516
140371 1 1181
140404 12 461
141322 7 444
142141 1 7912
142820 3 137
143174 13 585
143175 3 293
144256 10 473
144553 16 337
144560 5 861
144561 12 682
145535 4 68
145539 5 113
145629 30 869
145979 2 157
146043 3 302
147791 2 238
148377 2 181
148832 12 730
148834 7 380
149238 2 169
149311 7 486
149515 4 239
150085 11 498
150602 2 469
150645 6 244
151319 2 271
151648 7 694
151840 16 560
152241 2 50
153304 6 482
153309 23 538
153410 10 135
154247 9 336
156228 5 571
157323 11 422
157348 1 592
158865 10 692
159199 5 445
160264 2 839
160528 4 492
161138 7 512
161931 16 538
162499 5 447
167931 3 848
168044 4 400
168070 4 313
168699 5 541
168702 10 404
169012 5 492
170150 3 725
171320 4 70
171999 9 518
173023 12 616
173029 3 400
173050 8 499
174631 4 88
175917 5 298
175921 11 547
176205 8 315
176209 7 489
176263 2 500
178110 6 411
178571 2 253
178573 11 582
178996 1 5818
179198 22 356
179374 2 53
179742 11 504
179745 17 455
180453 1 62
180752 7 118
181467 2 342
183955 5 125
184184 3 48
184477 3 128
184506 5 156
184744 12 505
184747 4 625
184748 5 500
185373 1 179
185386 2 116
186138 11 530
186309 2 47
187911 8 443
188532 7 388
188538 12 642
189370 2 409
189373 7 372
189672 4 499
190741 2 603
192400 4 419
192401 8 704
193614 12 338
193808 9 588
193839 6 671
193932 5 517
195222 1 1325
196750 14 485
196860 16 664
198376 3 229
198641 3 416
199313 2 40
200139 4 461
200143 4 166
200944 13 616
201202 6 183
201492 5 464
201713 6 142
201717 11 217
202669 4 395
202671 5 367
202840 9 463
203489 17 540
204530 20 553
204531 2 390
205029 1 708
205976 19 449
207661 9 245
208534 3 85
208924 4 138
208927 18 459
209017 9 630
209327 13 526
209934 7 436
210055 10 593
210056 14 366
210057 6 384
211693 7 668
212764 9 463
213176 11 431
214219 2 40
214275 1 326
214309 2 67
214400 2 540
214515 8 727
215314 12 207
216190 4 452
216672 1 75
217505 1 1250
217578 2 67
217708 8 340
218959 2 1346
219117 3 444
219685 4 71
220701 10 469
220820 5 758
221237 3 166
221919 6 465
222041 13 406
222045 1 635
223483 3 406
223631 3 116
224700 13 352
225121 1 1337
226340 4 470
227585 9 370
228063 5 441
229022 8 454
230937 5 168
231195 7 615
232167 2 73
232274 22 422
234450 2 48
234757 4 447
236459 2 209
237851 4 216
238906 11 720
239074 1 44
239258 1 96
241073 12 648
241995 1 69
242785 10 556
243227 14 431
244627 2 731
244700 3 87
246031 3 116
246313 4 476
246329 14 578
246506 1 501
248202 1 113
249311 12 537
249414 6 353
249415 6 474
249472 9 456
250027 13 257
250285 2 117
250325 3 6286
250358 10 209
252730 5 60
252735 2 557
253820 3 65
255339 1 115
255558 4 154
256200 23 399
256211 9 480
256212 13 666
257740 1 1040
259358 1 42
259446 4 51
260607 1 423
260856 2 1241
261091 7 613
262819 4 522
262820 5 286
262821 10 621
263905 18 430
264038 1 1278
268303 4 6782
268304 1 457
269996 4 6852
280619 2 11500
287552 1 335
287762 1 394
289920 1 7272
289932 2 4403
290075 1 394
293249 15 207
299778 1 5938
301865 4 18367
301930 1 910
302437 1 196
303734 5 25485
305941 13 2259
305961 3 2264
306991 1 394
307356 1 164
308186 162 36306
308907 2 13313
308919 1 13545
308947 1 16976
308961 2 13313
308973 1 13545
309001 1 16976
311586 11 207
320247 6 10051
325927 1 286
327394 1 22044
329209 1 5843
329226 5 8776
330099 2 6898
332092 9 188
332290 9 79
332533 1 259
333639 13 208
333641 5 178
333642 3 138
335934 1 666
344948 1 197
347869 3 47445
349651 2 358
351998 1 3051
353339 1 268
353367 3 3964
353492 1 302
353493 1 312
353629 5 168
354450 5 8639
357290 18 338
359152 1 9815
374014 4 80805
376386 3 9418
377050 5 198
377197 4 8628
378071 4 7768
395640 1 17885
396283 14 401
396323 3 886
396366 16 733
396538 35 1271
396628 41 803
396651 3 144
396710 30 815
396914 3 74
397396 8 75
397664 25 688
397687 1 1495
397876 30 645
398465 37 1098
398626 11 356
398783 1 315
399291 5 353
399783 1 147
400081 4 111
400941 20 400
402538 1 152
402539 2 183
402650 1 798
403237 12 730
403375 7 425
404167 26 992
404509 3 135
404755 27 1052
405216 1 438
405351 1 83
405620 11 912
405838 15 307
406144 5 107
407262 8 353
407721 12 465
408183 20 669
408345 2 49
408772 11 974
409714 19 564
409718 5 282
410011 4 170
410210 5 320
410211 13 499
410245 2 137
410800 37 2430
410801 35 1019
410920 8 369
410941 3 459
411029 13 1123
411522 2 98
411749 3 90
412566 1 168
413061 34 797
413453 10 295
413641 37 746
413756 35 657
414131 3 105
414647 24 424
414812 3 117
415203 18 435
415981 15 719
416004 39 693
416289 2 92
416345 16 616
416585 1 54
416917 8 1015
418234 8 367
418392 19 864
419691 22 1323
419808 8 554
421171 7 135
421400 22 735
421704 6 617
421705 9 421
422055 2 160
422970 8 390
422971 10 489
423150 2 524
423363 13 476
423652 17 573
424016 24 500
424022 29 753
424230 44 1423
424642 2 198
424797 12 714
425083 23 618
425976 16 632
426289 3 126
426403 19 800
427525 2 85
427568 11 412
428644 30 707
428705 51 1184
428932 1 409
428957 4 96
429008 1 81
429100 2 112
429623 3 84
429819 21 731
430113 2 636
431127 65 2034
431247 3 848
431402 3 224
431512 16 1024
431879 15 550
432053 27 660
432260 8 764
432569 9 331
433005 33 1222
433199 13 747
433592 6 703
433790 38 1125
434224 29 578
434349 10 810
434777 5 298
436148 12 159
436326 39 1235
436440 4 104
436630 15 466
436922 28 665
437015 5 1409
437066 2 315
437127 23 506
437314 1 43
438046 3 91
438088 1 445
438142 11 403
438316 29 836
438782 24 875
438862 7 208
439161 3 431
439516 1 137
439999 8 149
440405 1 121
440473 13 524
441296 9 550
441573 22 869
441619 11 902
441717 14 461
441720 27 1152
441880 20 489
442056 9 242
442695 17 723
442994 5 108
443064 10 525
443975 23 736
444233 5 890
444422 3 100
444423 3 95
444486 16 796
444621 24 433
445096 5 531
445152 3 165
445833 2 32
445875 10 499
446126 9 797
446246 8 260
446333 17 900
446477 29 437
446626 22 896
446863 1 204
447658 3 70
448749 2 254
449271 20 934
449341 20 467
449382 15 430
449416 26 484
449480 15 412
449671 3 87
450525 8 168
450899 3 87
451349 2 468
451617 36 865
451663 30 1432
451885 11 596
453545 16 464
453683 1 132
454197 13 847
454266 2 1381
455097 4 595
455102 2 102
455689 1 414
456026 9 502
456584 9 528
456672 9 770
456741 36 1060
457694 5 446
457712 2 321
457817 5 1227
458175 4 159
458464 9 672
458486 5 130
458745 2 173
459084 2 519
459217 2 305
459310 71 2447
459377 4 88
459570 9 1007
459649 22 961
459775 6 357
459845 2 157
459923 1 81
460618 19 897
460664 7 575
460902 2 102
461508 17 671
461534 12 128
461643 74 2428
461821 10 765
461994 5 81
462077 2 540
462526 10 343
462665 23 920
462965 3 345
463267 6 440
463522 10 562
463621 5 465
463984 1 535
464299 14 926
464544 4 355
464603 32 921
465709 3 98
466220 13 769
466307 5 419
466358 12 703
466426 1 159
466440 17 282
466464 16 758
466632 23 1262
466708 15 667
468757 1 108
468783 26 915
469154 42 1423
469601 6 110
469937 1 147
469988 1 82
470229 1 377
470877 4 217
471115 24 559
471485 1 46
471486 18 1034
471609 15 1060
471635 21 1014
471979 2 108
472103 1 212
473279 3 77
473829 19 1045
474019 27 949
474269 8 525
475399 3 88
475814 5 409
475875 17 393
476041 11 309
476197 20 458
476840 20 735
477209 13 981
477341 3 122
477735 27 638
477942 12 609
478063 6 345
479183 4 129
479217 28 755
479454 4 366
479975 18 612
480010 24 551
481059 12 395
481365 41 826
481386 6 368
481678 37 791
481831 16 481
482359 21 883
482579 2 166
482980 27 646
483073 4 98
483753 50 1336
483761 2 2997
484009 3 151
484042 25 680
485360 18 743
485687 26 582
486209 22 1767
486922 13 780
486993 30 883
487197 22 511
487312 3 82
487948 15 437
488834 16 508
489332 24 739
489635 20 756
489669 2 38
489693 1 77
490514 20 863
491399 19 852
491412 10 462
491641 1 93
491796 4 357
493275 19 539
493756 24 1333
493972 9 446
494135 1 914
494759 1 91
494891 10 172
494967 6 103
495177 12 428
495449 20 535
496088 44 661
496527 67 2015
496577 10 1218
497056 2 90
497290 2 282
498798 2 53
499093 16 828
499104 19 486
499116 18 717
499176 14 587
499270 2 249
499313 1 1321
499530 4 91
499561 13 331
499705 9 731
499771 9 751
500078 8 514
500419 27 649
500953 5 250
501147 42 1092
501498 23 609
501539 9 321
501594 5 398
502102 18 371
502277 15 422
503827 13 348
503842 11 622
503952 8 219
504258 21 788
504275 15 491
504322 30 757
504356 1 45
504359 64 1748
505053 5 930
505955 8 705
506171 13 641
506626 6 143
507288 33 585
507526 7 453
507657 20 508
507664 16 754
507697 4 123
507905 4 103
508442 18 622
508788 10 494
508789 10 246
508892 17 363
509369 3 616
509494 30 713
509714 20 788
510318 6 702
510658 7 442
510755 2 65
510859 11 690
510962 8 248
511009 1 95
511395 2 292
512176 27 951
512558 5 317
512756 3 81
512852 47 2033
513711 2 438
514053 10 2001
514084 23 1096
514921 38 1471
514929 14 622
515162 10 1127
515213 27 663
515393 7 387
515461 15 506
515483 2 117
515581 4 656
515935 7 236
516330 25 493
516584 2 96
516586 2 117
516630 4 255
516756 2 266
516793 10 504
517086 8 125
517356 5 469
518363 24 744
518587 14 458
518629 1 65
519031 19 447
519220 1 122
519619 6 182
519688 4 204
519746 13 223
519953 24 724
520182 20 600
520316 24 1195
520760 3 224
521499 25 494
522387 6 65
522588 23 646
522769 46 950
522957 38 1066
523251 4 793
523371 41 1003
523996 11 831
524348 14 768
524757 12 635
524822 8 609
525475 22 529
525481 54 1010
525787 13 2409
525794 18 522
525989 56 1589
525990 18 546
526041 41 784
526379 11 912
526830 4 106
527875 19 955
57316 3 40
57429 11 210
58304 2 35
60360 2 29
60379 2 31
60381 2 37
62294 5 48
62351 7 125
64535 2 30
65565 2 523
66447 7 112
66546 10 137
66833 1 198
66853 17 366
67504 1 303
67946 1 515
72441 2 36
72762 1 136
73857 2 43
74684 7 324
79377 1 704
79978 3 55
81371 2 194
86712 1 127
87149 1 629
87424 1 404
91727 4 453
98516 3 373
101158 7 149
107685 1 638
107972 5 119
115637 3 243
116118 2 33
117577 5 47
118295 1 207
118469 1 3145
120869 2 46
122979 5 759
123463 7 161
125667 4 411
125874 1 205
128440 2 63
129741 4 94
130197 2 62
133347 7 93
134834 3 401
135841 1 258
142854 3 68
142861 7 137
142868 9 171
147174 6 85
152489 8 145
160618 1 209
165481 3 74
168831 8 118
168844 9 145
171434 7 918
173870 1 364
175449 6 109
178080 1 328
180381 1 215
181939 1 46
186082 2 205
193357 3 114
195222 1 1325
199358 1 672
200143 1 166
204473 4 208
207236 12 220
210256 1 219
215287 2 264
216414 1 100
216651 1 70
216922 5 102
219077 12 241
224700 1 352
224739 15 296
224806 2 46
226600 4 75
227341 2 184
229411 2 51
231298 1 247
231978 3 45
232046 4 48
232208 8 86
232222 10 116
235392 2 53
237653 10 173
243212 2 305
244942 1 223
250325 1 6286
252599 3 51
252735 8 557
257740 1 1040
260612 5 698
262179 1 345
263501 2 481
265845 1 17259
268721 5 529
268806 2 498
268807 2 446
269373 1 207
269409 1 207
270725 1 297
276631 1 181
277557 1 830
277718 1 236
280619 21 11500
280748 9 426
282962 12 436
285433 11 298
287552 4 335
289732 6 4132
289734 1 4107
289773 34 617
289920 16 7272
289932 69 4403
291688 17 2710
291738 1 164
292700 15 3396
292701 13 2069
293179 3 137
299778 16 5938
301865 4 18367
301930 1 910
303734 40 25485
306991 1 394
308186 1 36306
308513 3 8438
311544 2 288
312401 1 5388
316138 13 217
320247 2 10051
320824 3 868
325071 6 1365
325927 9 286
327025 4 468
328914 39 4587
328993 57 5082
329129 5 194
329207 20 2263
329209 1 5843
329226 4 8776
329548 2 2241
330014 6 657
330086 25 3800
330099 6 6898
330296 23 3448
330442 5 694
331442 3 457
335934 1 666
337689 1 854
344315 3 227
344316 47 1235
344948 2 197
347837 15 63219
348614 1 463
351753 6 306
351998 26 3051
352046 5 243
352526 11 599
352538 2 212
353367 5 3964
353492 1 302
353493 1 312
353700 19 2489
354092 6 229
354450 1 8639
359152 3 9815
365729 23 1181
366935 2 179
369356 21 620
371433 9 344
371766 6 414
374014 1 80805
374182 17 399
374211 17 1277
375748 2 224
376386 2 9418
376440 8 1977
376473 23 3399
377197 1 8628
377293 7 358
377369 9 157
377462 1 222
377574 5 328
377878 11 1428
378071 2 7768
378207 3 359
378263 7 670
378620 7 666
378697 9 490
383759 3 167
384473 3 235
389639 4 139
392866 6 236
394121 13 775
396111 15 618
396258 2 38258
399506 1 248
399783 1 147
402504 3 255
405254 28 915
407877 1 1680
410920 1 369
411129 13 190
412466 21 549
412801 16 355
413756 1 657
413829 26 980
415059 48 669
421658 7 535
424230 3 1423
424628 1 254
427352 1 197
429524 1 738
430019 12 277
431127 1 2034
431342 7 555
434193 12 1128
437066 1 315
438813 6 591
440405 4 121
440841 25 407
441991 1 277
443975 2 736
444707 63 1891
449059 1 184
451663 1 1432
453449 4 381
454179 1 359
454266 1 1381
454616 7 830
455097 9 595
455689 10 414
455954 7 214
456026 1 502
457694 1 446
457817 21 1227
458898 1 455
459084 1 519
459570 2 1007
459649 1 961
463267 1 440
463522 1 562
463526 3 451
464299 3 926
464603 1 921
467551 1 127
469519 1 221
469988 1 82
471609 1 1060
474269 1 525
475814 13 409
476957 2 354
478063 1 345
478490 1 420
482870 6 403
484009 3 151
487916 1 475
488607 2 905
490670 3 274
490848 1 179
491962 1 495
496664 22 268
497290 9 282
497541 1 252
505053 1 930
505168 1 101
505674 1 393
508629 1 344
512309 1 481
514855 1 2107
517086 1 125
517099 1 506
519478 1 242
525741 3 695
525794 1 522
526455 12 255
