352 4 173
1351 5 597
1628 1 391
2308 4 260
3061 4 220
7339 7 277
7340 13 359
7344 6 324
7444 21 316
7446 21 300
7641 15 226
9166 3 17203
9205 4 257
9809 11 257
10731 15 338
10771 19 308
10773 20 252
11496 25 433
11498 7 331
11499 4 251
11765 10 276
11767 9 264
11771 7 386
13294 9 346
14741 12 441
14743 11 373
17784 4 262
18342 13 387
18557 21 433
18558 15 446
19352 7 370
19353 5 638
19364 7 388
19371 5 380
19376 13 413
19377 11 395
19381 7 318
19382 7 351
19385 7 349
19386 4 248
19387 7 377
19388 4 265
19389 1 187
19571 40 551
19572 38 541
19573 39 583
21333 40 581
21614 5 32241
22869 4 259
23039 13 620
24523 4 352
24988 1 438
25002 1 482
25012 1 341
25018 1 300
25029 1 408
25133 7 208
26801 2 80
27902 4 483
28800 4 505
30684 5 624
32978 6 264
33890 11 512
33909 1 124
34525 18 245
34526 21 304
35843 2 76
35844 2 74
35994 15 278
36589 14 402
36590 12 320
36591 5 362
37151 9 282
38512 13 469
38516 10 562
38517 3 266
39364 6 266
39593 18 262
39722 14 452
39723 16 757
40545 8 287
40548 6 244
41114 22 466
42189 14 9638
42879 6 389
43671 6 454
44152 7 320
44335 19 571
44366 483 12535
44440 5 259
46932 4 184
47787 5 632
47896 8 316
48354 5 187
48372 25 535
48373 18 360
48378 16 340
48402 14 464
52214 109 64459
53144 20 445
53816 18 337
53817 11 153
54005 10 227
54533 2 75
54534 6 265
54777 6 267
55073 16 366
55085 6 274
56439 1 459
56613 3 634
56695 1 598
57348 8 130
57352 8 143
60203 4 158
62064 4 4939
62717 2 100
64828 12 274
65362 4 109
66999 11 489
67558 16 309
68523 4 75
68984 1 30
69078 4 133
69295 9 161
70465 7 129
71949 6 159
71951 8 208
72388 5 79
74138 2 29
74256 2 36
78233 2 29
78485 13 221
78914 7 377
79790 9 208
79929 1 36
80756 3 201
80992 11 165
83465 3 54
84222 2 917
84920 7 88
86575 3 40
86862 5 1043
88814 15 186
91526 21 319
94469 3 779
96036 5 96
96158 15 193
96857 4 398
100148 11 207
102930 11 207
103528 9 172
103649 2 77
103801 3 129
106661 15 331
110261 1 101
110501 11 224
111823 3 95
112344 5 516
113730 2 57
114329 5 2540
114338 9 127
114516 22 842
116699 6 259
117000 36 444
117633 2 258
118220 3 40
120359 6 231
120717 7 197
121650 7 145
122342 1 319
122843 8 736
122845 1 882
124439 5 112
124530 5 159
124561 1 431
124580 1 543
125172 6 477
125683 12 243
126699 11 242
128459 35 501
128464 30 455
129184 3 60
131142 1 242
131645 11 674
131874 8 251
133163 14 254
134368 13 275
134991 10 318
135121 6 111
136834 9 146
137491 1 293
137568 12 209
139871 4 297
140234 2 696
140263 3 408
140614 17 325
141090 1 665
142048 6 207
142140 32 4381
142141 16 7912
142148 17 220
142570 8 204
142586 9 665
143816 11 284
144984 1 579
145141 7 123
146465 1 287
146744 1 602
146764 9 146
147378 7 200
148638 9 183
149485 11 165
152290 2 473
152350 1 151
152446 10 157
152523 3 57
152757 3 70
153008 2 102
153138 2 863
153228 12 246
153841 16 227
154558 7 159
154598 67 1902
157094 6 258
157737 16 279
159289 8 195
159377 5 88
159783 22 335
160038 17 272
163932 9 254
163992 2 272
167654 4 594
168327 3 194
171810 6 823
172615 3 52
173392 11 775
173975 9 164
176790 6 143
178486 5 76
178991 25 3916
178996 11 5818
179048 12 163
179651 5 166
180204 2 903
182729 11 463
183544 5 276
184712 7 245
185381 7 233
185715 7 117
185849 1 117
185854 7 392
186064 5 62
188308 7 379
188708 8 200
189667 4 566
189967 5 110
190068 17 538
191473 15 232
191755 14 211
192113 1 99
192145 8 189
192288 7 130
194509 2 252
194512 8 478
194515 4 229
194590 9 213
196091 12 436
196313 6 93
196558 18 572
197461 1 585
197988 2 136
199152 6 289
202370 8 157
202926 11 267
205008 27 502
205020 32 889
205500 7 110
206801 8 213
208206 2 1100
212393 1 627
215382 4 128
218978 2 1153
219929 2 1275
220256 5 97
221438 1 433
221565 3 266
221945 11 222
223172 1 383
223992 4 495
224432 6 694
224433 11 224
225140 2 533
227966 4 222
228602 4 566
230870 3 50
231013 2 294
232069 2 754
232174 5 386
235555 3 72
235833 3 204
236526 7 173
240598 1 170
241340 27 837
241739 2 297
243595 3 335
243646 19 491
244306 4 79
245467 2 193
245595 19 321
245630 12 293
246055 8 108
247187 2 133
248600 13 269
250318 38 5290
250325 9 6286
250600 16 234
253542 2 191
255158 7 173
255994 1 521
255995 22 774
257183 8 108
260347 2 319
260739 1 356
260922 12 1149
262693 17 750
263491 35 607
265810 93 16729
265816 78 25803
265845 89 17259
265847 33 5294
265854 101 21100
265994 6 2146
267350 3 190
268303 9 6782
269996 9 6852
272310 8 179
272671 18 4397
273082 8 171
273500 1 892
275671 9 597
276078 6 5007
279013 1 1828
280619 9 11500
281031 1 263
284506 4 194
287167 8 498
289610 7 2184
289708 13 278
289732 1 4132
289734 4 4107
289884 22 837
290247 1 1213
290440 93 15196
290443 4 4140
290465 48 15747
292364 23 541
292365 24 516
292806 21 379
293449 11 253
293720 98 7581
294750 12 187
294967 11 7544
295897 4 101
300982 8 3200
302611 1 1120
303734 21 25485
304124 4 189
306007 7 184
306237 4 26903
306250 5 134
306692 2 892
306696 5 239
307453 2 49380
307748 17 261
307760 7 161
307762 4 3336
307826 2 870
307827 4 231
308513 25 8438
308919 55 13545
308947 46 16976
308953 62 14138
308973 55 13545
309001 46 16976
309007 62 14138
310319 1 642
310407 5 156
311295 42 1150
311783 4 1265
312401 16 5388
313038 20 677
313336 7 157
313485 2 148
313661 8 261
316383 6 232
316553 2 867
317862 14 2336
320571 2 321
321975 12 2794
322069 2 882
322074 10 219
322075 4 231
325066 114 1983
326123 1 14885
326129 2 67196
326524 17 666
326912 4 1261
327384 90 19585
327394 70 22044
327407 73 18061
328884 13 176
328992 16 5954
329225 13 7875
329226 24 8776
329231 25 7437
329242 3 128
329493 13 7227
329569 7 7587
329576 8 1089
329804 22 7586
330099 9 6898
331432 11 8083
331750 6 167
331751 11 190
335107 57 1279
335121 3 208
341069 4 291
341945 3 207
342364 3 120
344314 11 323
346025 9 156
346416 13 296
346730 12 271
346855 7 286
347029 13 238
347720 80 3607
347740 70 2309
347837 44 63219
347869 15 47445
348288 3 208
349028 3 208
349574 67 1163
349644 47 1118
349902 3 3417
350038 13 241
350096 13 241
350138 1 2976
350144 18 2979
350449 93 14072
350454 20 4709
350479 46 11696
350496 53 14081
351808 27 2165
352035 11 141
352219 1 387
352961 34 1278
354103 10 2929
356169 4 137
356799 33 1063
356956 9 184
357379 13 289
358337 10 2826
359152 29 9815
361105 8 4143
369377 3 164
369729 2 324
370129 10 111
372016 1 2105
372406 7 14595
373892 6 327
374254 1 5056
374974 85 12901
374994 48 13993
376386 15 9418
376610 19 7750
376822 26 7531
377391 46 1571
378071 27 7768
378266 8 7092
378957 10 231
379029 51 1558
379292 16 1988
379638 12 185
379749 16 434
380072 25 409
380200 12 159
381790 20 465
382019 1 164
384153 1 2310
389822 2 195
390474 2 349
391334 6 340
393550 5 30891
393575 62 2742
393646 29 2442
393747 1 58177
393937 1 591
393949 2 715
394026 94 1529
394027 84 1265
394120 48 767
394898 15 26758
395115 8 289
395242 79 23266
395268 7 500
395270 9 798
395584 31 8890
395585 107 30629
395949 3 1697
396072 9 451
396187 30 471
396258 74 38258
399985 5 145
400564 9 1014
404812 28 632
411072 9 1057
411319 1 621
420821 5 324
428269 9 410
445134 1 179
445958 12 448
447141 32 1110
447407 7 257
452488 1 1034
453091 16 564
456343 7 570
457336 16 421
457439 19 476
459239 9 847
467985 7 536
468200 3 175
479428 1 491
480238 10 248
491239 11 624
502479 1 203
511096 3 106
518900 2 478
521123 3 86
523459 3 120
33 12 19382
352 2 173
1351 6 597
2308 3 260
3061 5 220
3661 2 611
3662 1 248
3663 3 599
3667 1 572
7339 10 277
7340 10 359
7344 12 324
7444 3 316
7446 3 300
7641 1 226
8148 76 17754
9166 47 17203
9205 3 257
9809 7 257
10673 2 359
10731 4 338
11496 6 433
11498 2 331
11499 1 251
11765 6 276
11767 3 264
11771 5 386
13294 5 346
13491 2 377
13855 2 476
13858 3 281
13957 1 326
13964 4 302
13965 1 263
14741 3 441
14743 4 373
14786 2 402
15111 3 501
17209 5 447
17784 3 262
18342 5 387
18557 5 433
19352 6 370
19353 24 638
19364 5 388
19371 20 380
19374 11 258
19375 20 306
19376 16 413
19377 14 395
19380 12 243
19381 12 318
19382 5 351
19385 9 349
19386 3 248
19387 4 377
19388 12 265
19389 5 187
19412 7 353
19571 4 551
19572 4 541
19573 4 583
19872 1 552
20610 4 2790
21333 4 581
21614 44 32241
22869 3 259
23039 8 620
24523 7 352
24546 1 321
24547 1 532
24548 2 506
24988 1 438
25002 4 482
25012 1 341
25018 1 300
25029 1 408
25133 3 208
25597 3 232
25598 1 306
25599 3 533
25600 5 312
26801 3 80
26958 1 355
27892 1 366
27893 1 359
27897 3 509
27898 1 460
27902 2 483
28800 2 505
30446 9 12899
30684 3 624
30939 2 6023
31003 3 610
31585 5 838
31629 45 21435
32103 1 316
32978 5 264
33141 1 202
33890 4 512
33909 1 124
34246 52 19523
34526 3 304
34610 1 421
34770 3 705
35843 3 76
35844 3 74
35994 3 278
36391 104 10294
36589 7 402
36590 3 320
36591 4 362
36802 54 29903
37151 2 282
37157 1 420
37458 4 377
38323 12 457
38512 10 469
38516 16 562
38517 5 266
39364 2 266
39593 3 262
39722 9 452
39723 5 757
40545 11 287
40548 6 244
40554 9 164
41114 5 466
42189 9 9638
42879 13 389
43124 1 581
43671 7 454
44152 5 320
44335 20 571
44366 16 12535
44440 2 259
46802 1 440
46932 2 184
47787 4 632
47896 5 316
47950 2 1422
48354 5 187
48372 26 535
48373 14 360
48378 19 340
48402 38 464
52214 69 64459
52540 30 785
53144 11 445
53816 1 337
53817 2 153
54005 13 227
54533 3 75
54534 5 265
54777 2 267
55085 1 274
55371 20 52248
56590 1 645
56593 1 496
56600 3 569
56608 2 558
56613 2 634
56615 1 959
57436 1 649
60203 1 158
62064 1 4939
62717 4 100
63636 2 131
66900 4 2583
66999 13 489
67558 3 309
68523 3 75
68984 2 30
69078 3 133
70465 2 129
71949 4 159
71951 9 208
76725 2 848
77358 1 591
78914 13 377
79790 9 208
79929 2 36
80756 7 201
83522 1 172
84222 12 917
86680 2 411
91587 4 448
92115 2 312
96020 1 657
100019 2 669
101138 2 342
102718 1 230
102930 1 207
103649 1 77
103801 1 129
105611 4 894
105621 1 256
105636 2 634
106661 2 331
110261 1 101
111823 3 95
112344 2 516
113730 2 57
113754 1 321
114329 8 2540
114516 7 842
114934 3 514
116699 1 259
116807 3 198
117308 5 56
120359 1 231
120594 1 459
120640 2 616
122303 1 179
122342 1 319
122450 1 830
122843 1 736
122845 5 882
124530 5 159
124560 1 316
124561 1 431
124570 1 362
124580 1 543
127407 2 1208
130909 1 708
130949 3 547
130951 3 631
130953 2 583
130954 1 708
131142 1 242
131645 2 674
131874 1 251
135483 1 157
136834 7 146
137606 2 1201
139871 1 297
140123 2 857
141090 1 665
141094 1 553
141105 1 586
141107 6 657
141587 7 1689
142048 2 207
142140 1 4381
142141 9 7912
142570 1 204
142579 4 455
142580 1 719
142588 7 595
143816 2 284
144279 12 481
144984 3 579
146429 5 793
146716 3 397
146738 13 469
152032 3 1055
152290 3 473
152350 4 151
152523 2 57
152757 2 70
153138 3 863
153841 1 227
154584 2 819
154598 1 1902
154722 1 554
155261 1 523
157094 1 258
157412 3 41
159289 5 195
160038 4 272
161557 1 766
163932 3 254
163992 3 272
166388 1 297
167654 2 594
168369 4 594
170327 1 694
170882 2 162
171810 1 823
173392 4 775
173651 1 719
173721 1 719
175432 3 424
176054 1 167
178996 11 5818
179387 2 618
179512 3 708
179517 2 624
179518 6 773
179539 2 506
179651 2 166
180204 1 903
181138 2 187
182729 7 463
183322 2 605
183544 5 276
184124 1 381
184169 3 588
184712 3 245
187095 1 602
188308 5 379
188395 1 180
189667 1 566
190068 1 538
191473 1 232
192113 1 99
192145 2 189
194509 4 252
194512 12 478
194515 4 229
194590 1 213
194648 3 573
195865 2 729
195873 7 491
195877 3 403
195882 1 223
196091 21 436
196383 1 648
197461 2 585
197614 1 300
197988 1 136
199152 9 289
201779 1 335
202146 2 96
202926 10 267
205008 1 502
206175 2 490
206382 1 1218
206450 2 620
208206 1 1100
210635 1 592
212392 1 585
212393 5 627
213188 3 317
214189 1 416
215475 1 588
216050 2 370
216062 1 581
216065 3 858
216066 1 927
217948 1 248
218776 6 56
218978 1 1153
219929 3 1275
221565 1 266
222474 7 177
223024 1 500
223026 1 446
223028 2 479
223029 7 441
223033 2 504
223173 7 764
227966 5 222
234129 5 258
234739 1 1168
235518 2 548
241203 1 325
241521 1 285
241739 5 297
243646 13 491
245595 1 321
248600 1 269
250037 4 37
250318 2 5290
250325 13 6286
253542 2 191
254054 1 690
258852 8 714
259270 5 53
259955 2 113
260605 2 527
260722 1 555
260922 3 1149
262405 2 602
263895 1 274
263918 1 751
265810 17 16729
265816 6 25803
265845 16 17259
265847 1 5294
265854 13 21100
265994 2 2146
268303 14 6782
269996 13 6852
272310 6 179
272671 8 4397
273082 5 171
275671 1 597
276078 7 5007
280619 14 11500
281031 1 263
283139 1 1325
284506 6 194
287167 2 498
289610 5 2184
289708 13 278
289732 4 4132
289734 11 4107
289884 3 837
290245 1 863
290247 4 1213
290440 22 15196
290443 6 4140
290465 19 15747
292364 1 541
292365 1 516
293449 7 253
293720 2 7581
294967 14 7544
295897 5 101
297980 1 2523
300982 3 3200
302611 1 1120
303734 20 25485
304124 5 189
306237 42 26903
306250 1 134
306255 21 3178
306692 6 892
306696 5 239
307453 46 49380
307748 6 261
307760 7 161
307762 5 3336
307826 5 870
307827 4 231
308178 1 2199
308187 192 51551
308192 14 3979
308513 20 8438
308919 10 13545
308947 13 16976
308953 14 14138
308973 10 13545
309001 13 16976
309007 14 14138
310319 4 642
311295 7 1150
312401 10 5388
313336 7 157
313485 1 148
313661 4 261
316553 2 867
317503 1 1225
317862 1 2336
320571 1 321
321975 1 2794
322069 5 882
322074 10 219
322075 4 231
325066 36 1983
326123 6 14885
326129 10 67196
326524 4 666
326838 2 1167
327124 3 730
327384 17 19585
327394 12 22044
327407 15 18061
328992 63 5954
329225 27 7875
329226 14 8776
329231 17 7437
329242 2 128
329493 19 7227
329569 15 7587
329576 4 1089
329804 19 7586
330099 14 6898
331432 33 8083
331750 4 167
331751 6 190
335121 2 208
341069 6 291
341945 4 207
342364 3 120
344314 6 323
346025 1 156
346416 5 296
346730 11 271
346855 9 286
347029 2 238
347720 3 3607
347740 12 2309
347837 243 63219
347869 36 47445
348288 5 208
349028 4 208
349574 30 1163
349644 5 1118
349742 1 1678
349902 3 3417
350038 2 241
350096 2 241
350138 1 2976
350144 4 2979
350349 5 1080
350449 3 14072
350454 6 4709
350479 9 11696
350496 4 14081
351379 5 97
351808 3 2165
352961 8 1278
354103 4 2929
356169 3 137
356799 1 1063
356956 7 184
357379 6 289
358337 2 2826
359152 11 9815
361105 3 4143
369377 4 164
370129 4 111
372006 3 325
372016 4 2105
372250 1 716
372406 22 14595
373834 193 44460
373892 1 327
374014 83 80805
374254 4 5056
374974 16 12901
374994 11 13993
376386 21 9418
376610 35 7750
376822 14 7531
377391 3 1571
378071 41 7768
378266 24 7092
378957 11 231
379292 13 1988
379638 1 185
379749 1 434
380072 18 409
380858 1 284
389822 2 195
390474 1 349
391334 8 340
393550 42 30891
393575 5 2742
393646 2 2442
393747 226 58177
394027 3 1265
394153 1 287
394898 25 26758
395115 10 289
395242 55 23266
395268 6 500
395270 4 798
395584 75 8890
395585 278 30629
395711 2 2234
395949 1 1697
396072 22 451
396187 3 471
396258 72 38258
399985 1 145
400564 6 1014
404812 10 632
410084 1 258
411072 3 1057
411319 1 621
413810 1 978
420821 2 324
428269 4 410
442766 13 828
447141 17 1110
447407 3 257
453091 8 564
454742 2 607
457194 2 195
457336 2 421
457439 1 476
459239 8 847
467985 3 536
468200 3 175
468417 1 222
479428 1 491
480238 3 248
484835 1 608
487024 3 1699
489205 1 593
491239 5 624
499441 1 1342
500240 1 461
505252 1 644
510258 1 96
511096 2 106
518900 2 478
519734 6 439
523459 2 120
1351 1 597
28800 1 505
30684 3 624
95091 1 81
152290 1 473
232174 3 386
280958 1 225
290245 1 863
308178 1 2199
350138 1 2976
395585 6 30629
504265 2 1186
505252 1 644
