128 1 250
308 3 287
309 2 223
310 4 509
311 3 127
510 1 560
865 9 320
866 9 298
867 9 337
1746 11 286
1987 3 603
2856 7 702
2933 21 460
3966 1 293
5247 6 559
5300 7 389
5302 12 193
5303 6 221
6636 12 988
7534 12 268
8325 2 465
9105 12 260
10750 16 253
10941 13 222
11509 2 361
11513 1 219
12015 3 516
12734 6 456
12735 4 283
13238 3 212
14060 2 246
14979 19 323
14981 10 297
17567 26 588
17702 14 356
18138 11 317
18139 7 463
18140 1 473
18141 2 554
18142 9 552
18143 4 515
18144 13 370
18145 7 479
18146 13 434
18148 8 446
18149 11 565
18271 5 243
18399 32 473
18400 17 390
18451 3 306
18452 11 594
18455 11 497
18603 17 223
18857 16 386
18995 1 388
19405 19 268
19901 22 606
20654 6 261
20675 2 250
20681 10 258
20682 34 451
21049 3 226
21050 23 642
21053 12 463
21057 20 383
21058 20 258
21614 11 32241
21710 3 232
21711 4 446
21713 8 476
21920 1 146
21954 12 253
22080 8 603
22375 20 621
22505 22 396
23643 29 527
23645 9 255
23788 15 211
23994 5 569
24078 15 451
24081 10 206
25324 14 361
26252 2 259
26509 7 450
26510 8 385
26511 3 387
26512 3 112
27400 18 262
27789 1 181
28790 16 722
28791 16 728
28886 14 361
29579 16 343
30381 11 216
30382 1 450
30484 34 593
31291 13 245
31435 16 277
31700 13 193
31701 20 276
31702 12 249
32829 1 545
32832 3 440
32835 1 601
32887 6 408
35965 9 626
35968 5 249
35977 7 493
35978 12 573
35979 9 316
35981 8 355
35982 7 612
35983 6 251
36381 2 575
37463 3 335
38797 7 391
38893 7 414
38905 21 434
39898 15 280
39990 3 291
39991 7 441
39995 9 581
39996 3 215
40001 3 352
40004 8 300
40005 2 184
40006 3 391
40008 7 607
40010 3 396
40626 13 258
40628 15 348
40979 2 366
42058 6 543
42411 11 190
42951 14 592
44093 2 308
44098 1 292
44702 13 367
44992 6 187
45146 1 292
45321 19 386
45692 2 296
45698 4 437
45783 2 206
45846 8 139
46256 7 348
47648 16 301
48415 8 770
48836 3 656
49299 7 311
49460 3 297
50324 2 365
51251 14 559
52109 1 258
52214 36 64459
53107 6 421
53108 3 501
53179 5 732
53598 14 357
53766 3 200
53767 4 381
54446 2 579
55461 2 357
56686 1 229
57037 3 550
58501 1 262
59444 1 283
63271 1 341
64927 2 678
66483 15 671
67440 2 1206
67976 2 181
68125 4 246
68846 5 136
70460 5 518
71082 1 280
72420 10 513
73371 1 1047
73824 6 336
75303 4 128
76662 1 2416
78406 1 289
78787 5 276
79255 1 392
79908 2 468
85001 1 210
86037 1 148
86187 2 339
87797 2 42
89938 1 480
94874 1 64
95558 12 368
97402 1 445
98744 1 761
99762 6 158
101196 6 423
102376 1 92
102583 1 120
103458 1 505
104364 1 644
104841 16 469
105031 2 25
107413 1 195
107487 2 31
108433 1 489
109318 1 228
113538 1 350
114111 2 457
119189 1 178
119610 2 361
120939 3 110
125481 1 477
125959 1 82
126206 1 176
126316 2 255
126827 1 162
126877 1 238
128282 3 256
128283 13 613
129014 1 996
129397 2 42
129585 6 231
130075 8 169
130191 2 181
139209 1 279
141353 1 538
142141 1 7912
145334 3 476
148724 1 394
150855 1 123
151411 4 572
152301 1 344
152634 1 947
154379 4 221
154684 2 55
155465 26 655
156192 7 140
157946 2 373
158465 5 649
161998 1 149
162843 4 669
164387 8 470
165358 1 632
166726 4 169
166903 4 201
167075 1 239
167265 1 60
167993 1 246
169163 8 187
170506 1 161
173164 4 201
173174 4 298
175667 8 727
176160 3 103
180739 1 330
182691 3 121
183804 1 69
184687 5 1178
185936 1 139
186848 2 669
188195 2 433
188197 6 253
188855 15 598
189140 5 243
189760 4 475
191122 1 231
191810 1 140
191927 3 50
196961 1 199
198237 3 163
199060 25 1111
199147 5 55
200050 1 72
200319 1 305
201271 1 69
205134 1 169
206482 1 195
207846 2 54
208500 2 388
209804 1 139
212025 1 422
213974 16 738
214502 1 40
216819 1 299
217148 3 466
217701 4 298
218680 2 183
220366 4 467
222108 1 572
226616 1 254
227459 2 916
229475 18 535
232873 5 79
233071 3 544
237258 1 765
237473 1 113
240563 3 624
241287 1 319
243424 4 431
243675 3 462
243759 32 743
244237 1 258
245165 2 623
247992 1 808
250537 4 114
252905 25 1086
253174 1 256
253933 3 234
254045 3 200
255557 1 135
255627 6 119
255680 3 777
257212 1 555
259486 1 553
259584 3 511
260010 1 83
263459 3 86
265203 9 128
265412 9 111
265810 1 16729
265816 19 25803
265845 8 17259
266358 2 422
266727 1 122
267534 1 1535
267778 28 5216
267841 2 379
268118 12 148
268303 2 6782
268585 7 2656
268746 21 554
269996 2 6852
270890 3 2870
271454 1 477
271456 2 102
271590 5 252
271704 1 131
271755 6 172
271777 1 222
274602 1 2243
276078 7 5007
276292 5 3523
276798 1 1030
277308 2 762
280286 1 325
280619 3 11500
281005 1 2216
284616 2 256
285850 1 1490
287040 2 554
287239 2 898
288062 2 378
288083 1 435
289348 4 18428
289610 14 2184
289732 4 4132
289734 9 4107
290440 5 15196
290443 4 4140
290465 9 15747
291530 2 109
291751 1 397
294967 4 7544
295339 1 273
295873 3 3378
295981 1 354
297822 1 484
298937 4 889
299482 1 166
300128 1 86
300982 2 3200
301198 3 2151
301865 12 18367
303731 1 3106
303734 27 25485
306314 5 4250
306520 3 693
306858 4 406
306951 1 119
307132 4 894
307453 132 49380
308109 2 878
308186 39 36306
308187 50 51551
308257 1 12090
308436 2 1926
308513 18 8438
308662 1 1054
308907 6 13313
308919 7 13545
308947 3 16976
308953 3 14138
308961 6 13313
308973 7 13545
309001 3 16976
309007 3 14138
311609 14 3999
312383 5 3321
312401 4 5388
312657 1 148
312915 6 92
313150 2 1293
313488 1 191
313649 1 163
316828 1 322
317295 6 358
318669 1 229
319231 1 484
319887 17 2095
319908 1 456
320039 17 2095
320340 1 324
320370 1 86
321447 2 1675
323712 2 222
325091 50 2545
326123 83 14885
326129 22 67196
326980 3 5042
327022 1 1083
327384 12 19585
327394 11 22044
327407 11 18061
328336 1 98
328992 6 5954
329024 1 1311
329208 16 9390
329225 9 7875
329231 7 7437
329493 7 7227
329569 12 7587
329804 2 7586
331143 9 132
331432 16 8083
332201 1 217
332202 2 280
333236 5 1529
333547 1 194
334870 1 310
336248 2 1506
336788 1 1460
336966 1 92
345962 1 357
347269 1 159
347484 1 123
347837 68 63219
347869 2 47445
348132 2 3201
348652 1 321
349187 1 73
349497 3 375
349507 1 162
349902 9 3417
349931 1 1417
350099 3 1607
350479 4 11696
350527 1 83
350874 4 174
351191 2 121
351625 5 198
352190 4 267
353403 1 1694
353763 219 2453
353881 1 160
354696 2 1416
354820 1 152
355089 1 188
355291 3 254
356266 1 343
356616 5 529
358024 1 229
358069 1 487
359152 2 9815
359489 1 136
361144 1 404
362810 3 1284
363447 1 163
363453 1 3056
367791 5 2239
368448 4 1528
370104 1 834
370278 1 444
370372 1 814
371247 7 419
372175 2 369
372406 12 14595
373711 3 262
373851 2 624
374014 155 80805
374027 2 779
374994 5 13993
375912 5 185
376214 16 291
376386 8 9418
376610 13 7750
377197 3 8628
377498 2 4385
377684 1 834
377935 19 3616
378071 10 7768
380660 1 335
380672 5 302
380913 1 132
381579 1 162
381986 1 3213
387640 2 1302
389361 1 153
392637 7 198
393526 10 8178
393550 77 30891
393557 1 2127
393583 2 656
393747 105 58177
394898 6 26758
395640 12 17885
395887 1 993
396258 4 38258
396345 1 745
397355 2 1855
400571 2 221
401031 1 569
401332 7 966
401343 16 1531
401731 1 135
402109 1 470
402290 1 249
403581 1 1058
405734 1 84
405848 2 695
407217 1 544
408164 2 2548
408323 1 1233
409565 2 120
410666 1 111
410738 2 404
410927 1 629
411295 3 844
411446 1 404
412375 2 788
415006 1 932
415677 24 937
415915 1 246
415958 1 859
416444 3 715
418213 1 3418
420006 20 567
420408 1 312
420864 1 425
421512 1 976
423276 1 890
423701 8 829
423721 16 559
423724 3 771
423784 2 491
423957 1 1026
424686 2 93
428996 3 676
429313 1 76
431599 3 139
432496 1 128
434471 6 535
435661 5 699
436161 29 1465
438379 1 441
438531 1 826
440233 4 136
442615 3 671
444813 1 476
446099 2 409
446851 48 2098
448507 2 344
449279 1 104
449362 2 517
451366 1 1285
451459 2 1095
452507 4 211
453444 2 688
453741 3 664
453864 5 141
456683 2 518
456840 5 609
456967 1 56
457334 5 1691
457438 5 1679
457559 4 699
457854 1 526
459250 1 103
459462 12 191
462002 1 352
462171 1 113
463042 4 120
463737 5 356
464189 4 79
464448 3 1617
464928 1 1564
466530 1 86
467060 4 1675
470238 4 460
471273 1 1010
471988 8 692
473581 1 158
474193 17 2427
479026 6 525
479356 4 165
479359 1 510
480710 1 1041
481167 6 2153
481194 1 431
483052 1 255
483236 1 112
484882 5 249
485104 2 279
486737 6 1476
489030 2 977
489987 1 81
494432 1 243
494495 1 540
495190 2 461
495194 1 444
495347 2 114
496714 4 597
498187 2 499
498431 13 492
499087 10 822
499190 1 158
501900 1 605
502164 2 985
502266 8 1041
502382 5 102
503551 5 624
506621 1 306
510346 6 712
510509 1 1053
511692 1 364
514717 1 346
516013 7 320
518429 10 949
521965 20 1841
523209 3 932
523354 2 572
523649 9 663
525432 2 232
526110 9 1045
527650 12 1349
128 9 250
308 7 287
309 3 223
310 13 509
311 2 127
865 5 320
866 5 298
867 5 337
1746 2 286
1987 13 603
2743 5 283
2856 5 702
2933 6 460
3966 5 293
5247 16 559
5300 7 389
6636 2 988
7534 4 268
9105 3 260
10750 4 253
11509 10 361
11513 8 219
11567 7 260
12015 1 516
12734 18 456
12735 11 283
13238 14 212
14060 7 246
14979 2 323
14981 4 297
15732 12 496
16988 5 467
17702 2 356
18138 10 317
18139 13 463
18140 9 473
18141 8 554
18142 16 552
18143 8 515
18144 11 370
18145 9 479
18146 11 434
18148 5 446
18149 12 565
18271 8 243
18399 2 473
18400 3 390
18451 9 306
18452 10 594
18455 7 497
18603 2 223
18857 3 386
18995 8 388
19178 9 159
19405 3 268
19901 1 606
19960 5 408
20654 6 261
20674 4 164
20675 4 250
20678 22 503
20681 3 258
20682 6 451
21049 11 226
21050 16 642
21053 15 463
21057 10 383
21058 5 258
21614 2 32241
21710 7 232
21711 5 446
21713 9 476
21920 3 146
21954 3 253
22080 15 603
22375 5 621
22505 2 396
23643 6 527
23645 8 255
23788 3 211
23994 9 569
24078 11 451
24081 1 206
25324 2 361
26252 8 259
26509 14 450
26510 15 385
26511 3 387
26512 5 112
27400 2 262
27789 6 181
27849 7 517
28711 32 530
28712 36 545
28713 25 453
28715 12 465
28716 26 664
28717 21 366
28720 28 599
28742 19 464
28746 17 514
28749 6 186
28750 16 198
28751 5 178
28754 38 617
28760 23 716
28762 16 450
28764 16 383
28886 2 361
29579 4 343
30382 18 450
30481 5 288
30484 12 593
31291 2 245
31435 3 277
31700 1 193
31701 3 276
31702 3 249
32577 4 463
32829 14 545
32832 7 440
32835 10 601
35965 18 626
35968 5 249
35977 10 493
35978 12 573
35979 7 316
35981 10 355
35982 7 612
35983 7 251
36380 10 401
36381 10 575
37463 8 335
38797 9 391
38893 4 414
38905 2 434
39898 4 280
39990 7 291
39991 7 441
39995 5 581
39996 7 215
40001 5 352
40004 9 300
40005 8 184
40006 6 391
40008 4 607
40010 3 396
40626 3 258
40628 3 348
42058 11 543
42411 3 190
42951 7 592
44093 7 308
44098 9 292
44671 5 323
44702 3 367
44992 2 187
45146 4 292
45321 3 386
45692 7 296
45698 6 437
45783 7 206
46256 10 348
47648 4 301
48415 20 770
48836 11 656
49460 5 297
50324 1 365
51176 6 282
51251 8 559
52109 5 258
52214 16 64459
53030 7 414
53107 12 421
53108 7 501
53179 28 732
53598 4 357
53766 6 200
53767 8 381
54446 13 579
55460 5 246
55461 3 357
55751 1 33
56333 3 43
57031 9 391
57302 1 229
57368 12 199
57553 1 248
57724 30 887
58366 3 202
58367 4 121
58501 14 262
58973 2 354
59058 5 211
59286 7 207
59444 4 283
59990 1 36
60209 7 272
60572 4 134
63430 1 35
64637 10 134
64927 11 678
65411 10 126
65960 25 532
66483 34 671
66582 2 35
66618 5 186
67440 2 1206
67976 3 181
68007 5 105
69101 2 35
69109 2 35
69114 2 42
69764 2 38
70252 8 109
71082 1 280
72342 12 230
73371 1 1047
73824 1 336
75303 3 128
76663 1 2219
78366 3 519
78406 18 289
78506 13 291
79043 4 36
79255 7 392
79719 11 168
81536 1 676
84077 13 671
84083 13 376
85001 1 210
85036 13 179
86037 1 148
86187 3 339
86660 13 254
88206 23 616
89853 21 611
89938 2 480
90320 4 402
95558 5 368
97063 2 38
97402 1 445
97481 8 257
97496 2 34
98744 25 761
98910 10 807
99018 20 578
99762 6 158
101196 17 423
102376 1 92
102495 16 399
102583 1 120
103955 6 85
104364 1 644
104942 5 272
106036 15 227
106307 1 734
107871 3 36
108334 15 580
108345 16 717
108346 20 614
108370 22 722
108433 20 489
110327 2 356
110565 1 27
111380 1 27
111620 1 28
113072 3 49
113538 1 350
114111 1 457
116248 1 728
117709 2 208
118547 17 452
119518 8 153
119610 8 361
120160 8 499
120939 1 110
121374 1 558
122265 12 157
123289 10 482
124832 2 37
125481 17 477
125959 5 82
126316 8 255
126877 11 238
128283 19 613
129014 1 996
129024 15 614
129585 7 231
136989 10 346
137439 5 70
141353 11 538
145334 17 476
145846 16 325
148071 1 270
148073 1 560
148450 12 358
148724 1 394
149055 4 149
149283 2 46
151117 25 558
151371 1 212
151411 24 572
154411 17 321
156192 2 140
157232 12 306
157946 18 373
162584 1 163
162733 2 34
162845 10 323
163587 27 651
164938 11 132
165358 1 632
166726 5 169
166903 2 201
167075 1 239
167993 1 246
169163 7 187
169647 21 513
169657 3 95
170506 11 161
171006 22 663
173164 5 201
173174 6 298
174896 16 312
175667 24 727
176882 1 1109
177432 7 330
181540 7 129
183463 3 260
184687 45 1178
186848 1 669
186879 17 568
188197 14 253
188855 10 598
189140 2 243
189760 1 475
190086 21 570
191972 1 59
194898 6 130
195549 1 92
195605 5 581
196961 6 199
198237 7 163
199060 11 1111
200050 1 72
201271 1 69
202743 13 490
204323 16 235
204722 2 47
205134 1 169
208500 2 388
209804 5 139
211523 20 499
211569 21 522
212025 4 422
212207 3 46
213974 34 738
214093 17 273
214335 15 236
216416 1 325
217148 3 466
217701 3 298
218680 5 183
220366 1 467
221618 16 473
221632 6 84
222108 1 572
222195 13 258
223677 14 398
224215 4 138
227459 1 916
228336 4 63
233782 8 108
234874 6 215
235885 6 110
237258 1 765
237956 2 342
237963 1 306
238790 1 653
239280 3 126
239287 12 203
240563 2 624
241287 1 319
241339 20 568
242769 8 125
243675 12 462
243804 1 50
244237 1 258
244766 5 139
245165 15 623
247992 2 808
248189 9 452
250473 1 83
253542 3 191
253933 7 234
254930 5 271
255375 13 238
255557 1 135
255680 3 777
257212 12 555
259486 10 553
260010 2 83
260101 12 249
260497 2 71
260509 2 62
263549 13 169
265039 18 419
265480 18 398
265816 24 25803
265845 10 17259
266358 4 422
266727 5 122
267534 2 1535
268840 2 183
270189 7 113
270201 12 180
270945 1 173
271454 4 477
271456 5 102
271590 15 252
271704 6 131
271755 11 172
271777 1 222
272810 3 102
276292 4 3523
276798 1 1030
279764 3 386
280286 1 325
287239 27 898
287302 1 855
287345 1 154
288083 1 435
289734 1 4107
290440 4 15196
290465 3 15747
291168 1 294
291530 2 109
291751 32 397
292891 9 168
294967 1 7544
295339 2 273
295981 5 354
297822 1 484
298656 4 296
299482 3 166
300128 2 86
300520 3 160
301865 9 18367
302160 1 330
303734 1 25485
305593 1 153
306314 4 4250
306858 5 406
306951 1 119
307453 43 49380
308109 1 878
308186 18 36306
308187 15 51551
308195 28 612
308227 20 2247
308241 6 228
308257 3 12090
308436 1 1926
308662 1 1054
308907 19 13313
308919 9 13545
308947 10 16976
308961 19 13313
308973 9 13545
309001 10 16976
310488 13 214
311617 9 187
313150 4 1293
313488 1 191
313649 2 163
313856 5 476
314838 1 149
316827 6 210
316828 10 322
317476 4 320
318669 1 229
319231 4 484
320370 3 86
323712 2 222
325278 2 3456
326101 3 739
326116 6 409
326123 27 14885
326129 14 67196
327394 21 22044
327407 2 18061
328336 1 98
329024 27 1311
329208 5 9390
329225 1 7875
329395 33 1596
329493 2 7227
329569 3 7587
330138 19 350
332201 1 217
332202 3 280
333236 4 1529
333547 1 194
334445 2 142
334870 2 310
336248 3 1506
336675 1 163
336788 2 1460
336966 1 92
338478 3 218
340619 1 112
341626 1 168
343945 19 627
345962 19 357
346095 14 219
346943 2 191
347269 1 159
347484 1 123
347837 129 63219
347869 1 47445
348132 8 3201
349187 1 73
349497 1 375
349507 1 162
349515 4 329
349717 35 810
349902 1 3417
349931 1 1417
350099 20 1607
350479 3 11696
350527 1 83
350874 4 174
351191 6 121
353403 1 1694
353763 1 2453
354696 7 1416
354820 1 152
355089 1 188
355291 2 254
356287 1 456
358024 1 229
358069 9 487
358337 1 2826
360403 13 327
361144 2 404
362810 1 1284
368448 20 1528
368570 6 201
370109 3 213
370368 6 162
371247 1 419
372175 1 369
372406 3 14595
373566 3 385
373711 2 262
373851 23 624
374014 40 80805
374027 2 779
374334 1 3216
374994 1 13993
375366 1 473
376052 1 151
376610 3 7750
377197 3 8628
377684 1 834
377935 135 3616
380329 1 195
380660 16 335
380913 1 132
381270 3 381
381579 1 162
381986 2 3213
383217 8 176
385676 18 373
387640 1 1302
388814 1 860
389361 1 153
393550 25 30891
393583 2 656
393747 108 58177
393897 1 395
394898 7 26758
395242 3 23266
395640 2 17885
395887 1 993
396258 4 38258
396345 1 745
397355 2 1855
400571 1 221
402109 1 470
402290 1 249
403134 2 1014
403581 2 1058
405734 1 84
405848 1 695
407217 2 544
407616 1 100
408164 1 2548
408323 1 1233
410738 18 404
410927 1 629
411900 1 302
412375 14 788
415006 1 932
415677 1 937
415915 1 246
415958 1 859
416444 1 715
418213 1 3418
420006 13 567
420864 1 425
423276 2 890
423701 1 829
423721 1 559
423784 2 491
423957 1 1026
424686 3 93
427378 25 810
428996 6 676
429313 2 76
431599 2 139
432496 3 128
434471 28 535
435661 7 699
436596 3 64
438379 1 441
438531 17 826
442615 1 671
444813 1 476
446099 1 409
446851 10 2098
451366 31 1285
452507 1 211
455793 6 94
456683 1 518
456840 12 609
457334 1 1691
457438 1 1679
462002 1 352
463737 19 356
467060 2 1675
470238 12 460
471273 1 1010
472763 2 38
473581 1 158
474193 5 2427
476300 1 429
481167 1 2153
481194 1 431
483330 3 41
484882 6 249
487663 11 168
488763 1 215
489030 2 977
495347 2 114
497116 3 73
498431 2 492
499087 1 822
499190 5 158
501468 8 275
501725 4 54
502164 8 985
502382 5 102
507914 4 583
510346 5 712
511692 2 364
512019 5 91
512336 11 191
514717 1 346
523209 18 932
523354 1 572
523649 26 663
525432 2 232
526110 3 1045
9959 21 608
9963 3 480
32577 6 463
32887 2 408
49299 3 311
52214 29 64459
55669 2 220
55751 1 33
56133 2 25
56368 2 34
57031 4 391
57455 3 209
57686 2 44
58246 4 168
58366 3 202
58487 1 27
58501 4 262
59058 1 211
59444 3 283
59495 1 30
59990 2 36
60209 4 272
60572 5 134
61221 3 31
61747 1 33
61753 2 29
62277 2 40
63073 5 181
63851 1 30
66618 1 186
67426 2 28
67434 2 28
67440 1 1206
67492 1 109
67646 1 35
68007 1 105
68125 6 246
68167 2 269
70351 1 292
70460 1 518
70879 1 33
71116 1 30
72420 1 513
73298 1 650
73371 1 1047
73929 1 48
74365 3 40
74886 1 33
75076 1 33
76662 1 2416
76663 1 2219
77240 1 64
78787 2 276
80188 1 40
83834 3 183
86502 2 164
86510 1 31
87534 1 453
88170 1 159
88206 1 616
89333 1 33
89749 2 172
90412 2 203
91141 2 490
91422 2 29
91549 2 267
94874 1 64
95025 2 65
95221 3 184
96012 1 37
96089 1 53
96749 1 193
97481 1 257
97680 2 49
97804 2 481
99230 2 96
99538 1 91
104364 1 644
104841 1 469
106307 1 734
107413 3 195
108382 2 35
108403 1 24
111637 1 195
116127 2 135
117867 2 660
119189 1 178
125125 3 43
126206 6 176
126827 3 162
127319 1 147
127924 3 54
130191 2 181
132304 1 750
134946 2 43
138725 5 498
139209 2 279
143496 1 101
143821 3 127
148073 1 560
148450 1 358
149055 1 149
150232 1 158
150855 1 123
154102 2 68
154135 2 134
154411 1 321
154684 2 55
156024 1 513
156169 4 83
159582 1 280
161998 2 149
163636 1 283
164387 3 470
165358 1 632
167265 2 60
167821 1 190
169255 1 155
169502 3 513
171206 2 40
172865 1 492
174336 9 341
174513 2 54
178069 1 144
178996 1 5818
179380 4 367
182123 1 271
182195 2 241
182461 3 254
183394 1 186
185168 1 181
187320 1 68
189140 1 243
191475 2 238
194479 5 91
194494 5 139
194500 4 175
194898 1 130
196046 4 116
196961 1 199
198237 4 163
200126 1 60
200319 10 305
201271 1 69
202456 3 1374
202639 4 227
205512 4 188
205735 1 230
206482 4 195
206499 2 44
210265 2 45
213310 3 221
215962 1 263
216416 1 325
220027 3 82
220366 2 467
221234 8 267
221239 6 255
221823 4 200
221983 2 109
222108 1 572
222737 2 43
224215 1 138
224518 1 80
224535 2 51
227459 1 916
229720 9 226
230755 6 1066
232910 4 95
237486 2 68
237956 5 342
237963 2 306
238790 1 653
239287 2 203
239746 4 167
240357 1 225
240563 1 624
241287 1 319
241634 1 55
241825 2 235
243804 2 50
244125 1 265
245165 1 623
245627 2 41
245641 2 53
245836 1 178
246467 9 305
246707 1 237
247479 2 59
247992 1 808
248141 2 56
252629 1 587
253542 3 191
254045 1 200
254071 10 355
257130 5 104
259584 1 511
260016 2 84
262714 3 65
262963 6 261
263459 1 86
263752 2 51
264236 1 101
265810 1 16729
265816 1 25803
267534 2 1535
268303 2 6782
268585 2 2656
268746 1 554
269766 3 459
269934 3 394
269996 2 6852
271704 2 131
277168 1 269
277308 1 762
279010 2 1943
281005 1 2216
283672 1 349
285282 1 76
285850 3 1490
287040 6 554
287302 2 855
287340 2 898
287345 3 154
288584 2 899
288618 2 1871
289348 1 18428
289732 1 4132
290007 1 1726
290124 1 1056
290440 2 15196
290465 4 15747
293997 1 187
295981 1 354
300330 1 553
300982 1 3200
301865 3 18367
303731 1 3106
303734 6 25485
305205 2 892
305593 3 153
306492 3 5234
306681 2 298
306692 5 892
306756 6 237
306757 2 273
306758 1 158
307375 3 124
307453 1 49380
307826 5 870
307851 3 254
307947 3 254
308109 1 878
308662 5 1054
308757 3 1196
308795 3 1455
308907 5 13313
308919 1 13545
308923 1 3318
308947 5 16976
308961 5 13313
308973 1 13545
308977 1 3318
309001 5 16976
312095 2 1082
312401 2 5388
312646 1 163
312657 2 148
313576 3 252
314064 1 153
314822 1 6501
316828 1 322
319318 3 173
319478 1 109
319887 3 2095
319908 2 456
320039 3 2095
320324 2 290
321447 1 1675
321969 1 980
322069 5 882
323092 5 228
323771 6 606
323901 2 1057
324782 2 270
325278 1 3456
326123 8 14885
326129 5 67196
326980 1 5042
327094 1 3381
327384 3 19585
327394 4 22044
327407 1 18061
329024 1 1311
329208 3 9390
329225 1 7875
329231 1 7437
329493 1 7227
329569 1 7587
330635 1 171
330895 2 223
331383 6 139
333429 2 269
338622 5 411
341988 6 278
345578 2 216
345903 2 1132
345962 10 357
347156 6 211
347193 6 211
348239 1 76
348289 2 219
348896 3 395
349011 1 125
349931 1 1417
349973 1 871
350099 1 1607
350479 1 11696
351625 3 198
352190 2 267
352875 2 147
353123 1 190
353403 1 1694
354696 6 1416
355143 7 212
355459 2 228
355611 2 224
355642 2 242
360515 3 347
361105 1 4143
361144 2 404
362912 1 249
363453 3 3056
363538 1 184
369781 4 120
370104 1 834
370109 1 213
370368 2 162
370611 2 543
370793 4 148
371308 1 281
372494 3 162
373326 1 181
373334 1 319
373395 3 248
374334 1 3216
374994 6 13993
376386 1 9418
377197 4 8628
377684 1 834
377996 1 489
378071 4 7768
380082 1 114
380913 1 132
381501 1 321
381986 2 3213
383217 1 176
385648 1 219
388814 1 860
389098 1 140
391194 3 248
391355 4 122
391455 5 165
392207 1 311
393557 69 2127
394219 6 415
394241 1 182
394256 1 223
394278 1 181
394289 3 315
394295 6 210
394898 34 26758
395098 1 271
395099 2 274
395126 6 215
395127 2 221
395129 11 3410
395242 29 23266
395243 5 140
395245 2 222
395329 6 412
395640 5 17885
395887 1 993
396258 13 38258
397412 8 494
399898 7 532
401731 1 135
402554 4 146
403581 1 1058
403674 2 765
408323 1 1233
409284 6 92
415006 3 932
415677 1 937
417809 4 410
419812 2 489
423701 1 829
424688 3 208
425188 3 472
428990 1 456
429844 7 109
432760 1 102
436596 1 64
438531 1 826
440683 1 1052
442459 1 483
446851 1 2098
449336 1 1949
449362 3 517
450071 1 331
450504 7 559
451623 1 871
451626 3 1245
451637 2 156
453741 3 664
453825 6 99
453832 1 91
456967 1 56
457559 1 699
457854 8 526
458342 1 98
459664 11 613
461126 2 778
461979 1 691
463481 6 285
464189 1 79
467237 3 192
467498 2 83
471049 2 99
471273 1 1010
474193 3 2427
476300 4 429
478105 3 440
479356 4 165
481728 11 480
489711 5 928
490090 2 266
492120 2 871
493465 1 484
495347 1 114
496375 3 431
497116 2 73
498054 1 1429
500218 4 76
502382 2 102
507914 1 583
508400 3 84
510509 2 1053
511692 1 364
