530 3 242
1131 4 434
1646 7 55438
1930 6 672
3163 5 491
3187 1 485
3512 1 516
3589 3 311
4057 3 543
4312 14 511
4316 12 226
4327 15 361
4434 10 327
4439 5 397
4696 1 4744
6525 4 411
6562 6 183
6563 13 363
6820 3 459
7419 3 483
7427 2 312
7877 7 230
8409 7 241
8855 5 343
8856 2 351
9109 8 201
9226 3 482
9640 8 306
11826 6 587
12084 8 411
12085 5 357
12182 2 406
12985 8 7361
13714 1 454
13717 2 314
14031 4 514
14038 4 646
14791 6 233
16187 12 539
16378 2 347
16501 11 466
16707 2 217
16722 1 387
16801 3 303
17984 9 404
18002 3 418
18004 5 326
18012 7 398
18013 6 523
18017 4 430
18018 6 476
18022 11 454
18881 2 620
19031 3 564
19423 2 360
20246 10 1019
20456 10 447
21492 1 412
21551 1 354
21614 190 32241
21854 2 277
21966 1 643
22087 1 620
22097 1 603
22302 6 385
22507 2 531
23534 12 1146
23986 6 4690
24262 11 470
24263 6 268
24264 25 623
24557 5 251
25218 6 9144
25274 2 506
25990 9 342
26546 1 542
26547 1 433
27310 5 265
28086 3 377
28087 1 542
28091 2 461
30379 1 185
31550 1 373
33071 4 528
34249 1 354
34993 1 409
36382 27 691
36383 11 226
36853 1 332
38005 6 166
39825 1 382
40340 1 418
41184 30 614
41189 15 359
41190 17 499
42187 2 657
42360 10 348
42361 5 274
42662 4 404
43128 14 482
43788 3 603
43902 2 595
44135 8 522
45021 2 290
45709 1 524
46784 2 285
47149 2 356
47452 2 426
47551 1 398
50112 7 307
50792 1 399
51077 9 349
51192 1 129
52214 2 64459
52509 6 326
53515 6 225
54668 10 492
55164 1 393
55340 1 217
55371 19 52248
59893 3 489
64002 1 363
66615 4 247
67233 2 239
69975 2 31
73095 3 365
77405 5 788
80072 7 113
80407 1 1090
80987 5 573
82991 1 423
84679 6 276
88438 1 623
89775 1 196
93701 1 954
97468 1 597
100744 2 1074
102876 1 689
106927 2 236
108018 2 63
109209 3 32
112183 4 66
123664 3 308
124073 7 368
124135 2 856
124690 8 287
124779 14 332
125172 2 477
131510 1 424
131882 2 44
138734 2 45
139254 1 268
139758 1 507
145963 7 97
146714 1 219
147129 6 75
147714 3 257
148788 2 319
149920 1 206
151514 4 46
152190 1 32
159375 2 332
159782 1 673
159783 1 335
163825 2 43
164527 2 48
169509 1 594
170749 3 487
170863 1 550
182034 2 471
190735 2 290
194553 1 509
194585 3 433
195830 1 536
196275 2 47
197964 5 1207
203200 2 894
206329 1 319
207960 1 97
208727 1 97
213068 1 230
213649 2 45
228905 1 287
236909 2 554
239717 1 464
245278 21 612
258401 1 606
259760 2 73
260041 11 325
260076 5 482
260165 3 190
261186 1 113
265810 7 16729
268924 1 321
283520 2 176
284997 2 612
288178 2 317
288230 2 933
290440 5 15196
292638 3 827
307453 13 49380
308919 3 13545
308947 1 16976
308973 3 13545
309001 1 16976
310209 5 100
310271 2 259
314015 4 464
326119 1 366
326120 2 478
326123 10 14885
326129 2 67196
326179 1 407
327384 1 19585
327407 19 18061
330304 7 139
347801 17 1864
347837 54 63219
347838 2 6657
348891 2 606
357877 7 123
372095 11 547
372278 11 28092
372279 2 5420
372281 7 5554
372406 2 14595
372981 2 165
373834 1 44460
374381 1 2931
374789 1 263
376610 1 7750
379143 5 174
381400 46 1559
393550 19 30891
393747 1 58177
394898 12 26758
397864 2 442
402509 4 456
402612 1 413
405421 2 1053
405830 1 1131
406058 6 1024
408431 1 927
409368 3 376
412260 4 214
413201 1 443
413757 11 1489
413969 1 613
414046 5 724
414821 2 489
417611 1 107
419044 1 93
419514 10 115
420212 7 781
420230 1 367
420262 3 471
421266 1 582
421609 2 713
421872 1 565
422648 1 501
424700 11 485
425637 19 414
426275 1 474
427264 14 336
428078 5 666
429868 5 2232
429994 1 358
430468 2 369
430561 1 577
431270 1 662
432719 8 444
432823 10 395
434005 3 266
435197 2 873
436491 11 529
437169 3 272
437457 2 683
437814 1 416
438175 1 443
438757 1 676
440175 2 156
441175 21 272
441326 8 461
441336 1 210
441533 1 5725
442421 5 530
442910 1 461
444767 15 383
445517 3 361
446578 2 98
448292 3 1099
449167 1 791
449503 19 855
449701 1 287
451092 1 600
451779 20 1487
452900 13 238
452938 25 440
453700 1 747
454433 2 510
460950 3 499
460967 6 94
461323 3 221
461981 19 777
463787 3 423
464550 8 489
464825 2 404
464882 1 497
465179 1 47
465423 6 156
467683 7 396
469242 6 975
469514 8 235
470024 9 489
470528 2 443
470659 5 450
471250 3 755
472875 2 696
474864 1 741
474872 18 265
475089 5 105
475631 16 570
476341 15 355
476722 21 979
476904 7 204
476990 32 694
477558 1 373
478106 22 574
478688 2 449
478772 3 66
479297 5 1308
480076 1 338
480780 4 546
481218 24 844
481896 2 409
481964 8 226
481977 8 234
482741 2 518
482862 25 754
483212 7 458
484986 7 174
485205 2 564
486093 3 259
486160 3 1307
486401 3 124
486587 11 542
487464 2 439
487750 3 672
488177 4 196
489375 13 688
489499 10 498
489613 3 715
490243 1 109
492723 1 578
493448 1 643
493491 11 343
493999 1 75
495038 1 896
495851 1 520
496710 14 305
496984 1 733
497072 4 418
498044 1 736
499415 25 623
499441 2 1342
500457 1 674
502111 4 424
503543 1 620
504274 1 405
504709 2 773
504828 12 508
506614 10 622
507266 1 393
508782 6 251
508962 3 358
512181 21 556
512627 2 1707
512655 2 287
513253 10 246
513724 4 949
515682 2 274
516627 5 282
516812 23 722
517175 3 1495
517557 3 1751
517915 4 308
518093 2 1116
519550 3 837
520384 32 2192
520607 2 306
520608 8 1577
520874 6 736
520974 13 379
521641 11 464
522231 2 203
522294 11 627
523463 1 342
523520 1 573
523833 3 340
524597 1 427
526608 1 467
526629 2 474
527068 7 429
527085 37 628
527601 1 107
527914 1 398
32 1 9957
33 16 19382
34 13 2289
151 8 598
1646 3 55438
2173 5 253
2698 5 397
3087 1 385
3163 1 491
3187 2 485
3990 1 374
3997 1 327
4001 1 317
4009 1 119
4045 6 601
4049 5 451
4387 4 1363
4696 1 4744
4713 2 333
5243 1 423
6454 2 482
6525 1 411
7379 9 358
8068 1 333
8315 3 316
10437 1 380
10888 2 291
12331 3 677
12985 9 7361
15634 6 567
15648 1 421
15658 1 286
17249 5 393
17274 3 232
17300 5 424
17383 5 711
20004 7 540
20246 1 1019
20358 10 632
20374 11 515
20375 10 476
20376 13 507
20377 11 425
20390 11 583
20391 11 579
20392 12 569
20393 15 518
20636 1 393
21492 1 412
21551 2 354
24763 10 520
25971 3 597
27475 5 277
30379 1 185
31218 1 695
31299 4 288
31812 3 620
32843 2 395
34489 5 517
36853 2 332
39711 1 2291
40022 1 346
40077 1 354
40351 2 168
41648 2 230
41654 4 446
42353 4 258
42354 6 651
42662 1 404
45708 3 687
45709 8 524
45710 7 473
45711 6 420
47452 3 426
47551 1 398
48227 2 432
48247 1 306
48741 2 383
48839 6 377
48840 4 378
48842 6 487
49460 1 297
50378 4 527
51913 4 422
51914 9 498
52214 1 64459
52554 5 496
53216 2 524
54644 1 395
55164 1 393
55475 1 456
56543 1 107
58480 4 618
60482 3 550
64737 1 112
65192 1 161
75818 1 381
80407 2 1090
81045 3 552
83732 11 597
84629 2 474
86985 1 537
87996 12 383
89530 4 288
91261 2 463
91831 2 612
92351 4 208
93620 1 786
93701 1 954
95558 1 368
102177 2 203
108958 3 566
110978 1 421
113015 5 516
115710 3 99
117501 5 261
120720 1 652
122123 5 168
123664 1 308
124073 1 368
124135 3 856
124350 7 219
127528 4 651
129593 4 115
132203 1 329
133858 1 67
134009 2 320
138826 2 125
143663 3 625
147962 4 228
148692 3 84
152232 4 167
155529 1 262
158395 1 345
159782 1 673
159783 2 335
166590 2 482
171431 2 481
176801 1 210
177031 2 795
178574 1 814
180648 1 665
181438 5 563
187000 1 582
190414 1 887
190735 2 290
194553 8 509
195393 1 593
200153 7 373
203704 2 358
204465 3 210
204552 1 372
207568 1 774
207697 12 523
207960 1 97
208727 2 97
209042 2 945
211228 14 529
212417 11 498
213068 1 230
217018 2 446
218383 1 181
220369 2 464
220612 2 503
223824 4 491
232226 1 268
235744 1 502
237259 4 557
237933 1 583
238532 5 237
238920 5 542
241834 2 356
241871 1 585
246323 1 534
255086 4 206
255692 2 773
261209 2 43
261260 3 690
265854 6 21100
267640 7 126
268187 5 176
268486 7 317
268657 6 188
268823 9 754
269029 38 2154
269293 9 130
269753 11 1864
269908 12 158
277567 1 396
286812 3 180
287906 3 5750
288178 1 317
289920 9 7272
290440 1 15196
292042 2 1176
292540 10 291
292899 20 429
293413 6 801
295771 1 183
303734 1 25485
307270 1 571
307453 13 49380
308907 2 13313
308961 2 13313
310121 3 151
310609 2 132
310783 2 313
311619 5 617
311634 14 188
312208 28 1153
325079 6 1391
326123 7 14885
326129 1 67196
326165 2 1159
327288 4 139
327308 8 231
327384 1 19585
327394 1 22044
329035 12 1672
329308 2 260
329654 3 182
329859 13 350
330077 1 273
330313 4 146
330713 4 331
330812 1 336
331435 6 172
331598 8 583
344361 1 98
347801 2 1864
347837 4 63219
347838 2 6657
349695 9 2766
349699 2 1047
349849 1 1837
350108 1 367
351845 23 349
352037 18 429
352707 22 735
352840 11 259
353072 1 98
354099 11 172
358425 1 2399
362840 4 210
363672 6 128
368319 5 310
372034 8 232
372040 6 174
372278 1 28092
372406 2 14595
373158 1 479
374096 6 757
374381 1 2931
374789 1 263
374840 1 190
376610 3 7750
376716 30 479
376980 6 287
377062 5 749
377310 3 172
377550 2 222
377799 11 573
387425 3 165
390173 4 563
393526 17 8178
393550 1 30891
393668 21 1962
393747 6 58177
394192 7 2619
394494 1 922
394710 1 335
394819 1 97
395656 3 621
396031 1 1694
396258 1 38258
398139 1 224
399865 1 57
401997 1 770
402255 3 704
402509 1 456
402612 1 413
403747 4 102
404826 1 438
405032 2 578
405303 1 151
405830 3 1131
408431 2 927
409778 7 679
410443 6 560
412106 5 245
413201 2 443
413385 4 1194
414567 2 479
414821 3 489
415979 1 499
416266 1 480
417098 2 895
417100 2 436
417364 4 296
418287 15 927
418945 3 1014
420164 3 233
420230 3 367
421872 2 565
422232 4 684
422494 7 498
424027 2 90
428966 6 167
429868 14 2232
429994 2 358
432681 10 1851
435786 1 545
436439 1 110
437707 12 984
437814 1 416
438054 2 510
438175 2 443
438664 10 689
439160 2 475
440624 5 805
441052 1 155
441258 2 339
441336 1 210
441533 4 5725
442773 4 124
442786 12 844
443426 3 290
444306 1 83
444708 2 626
445400 7 360
445837 9 460
448047 15 1448
448292 10 1099
448634 2 621
449167 2 791
451779 1 1487
455514 1 420
455517 6 461
455705 6 349
456772 1 999
459204 4 397
460699 2 724
460950 1 499
464116 13 354
464438 2 1292
464550 1 489
465199 16 627
465264 3 335
466264 3 477
467763 1 439
468194 2 302
468760 2 625
469140 7 1071
470211 1 353
470528 1 443
471336 1 499
472493 2 633
472603 10 356
472713 1 579
472755 1 397
472806 5 704
475279 3 360
475407 1 295
476320 4 184
477535 17 1029
477539 11 532
478197 1 106
480668 1 378
481367 8 422
483151 6 763
483693 4 732
484462 1 343
486093 1 259
486160 7 1307
486587 1 542
487473 1 341
487587 5 567
491426 1 1735
492507 2 360
492723 3 578
496376 2 534
496556 12 1660
496598 2 1410
496984 1 733
497726 1 504
498013 1 479
498044 1 736
499441 1 1342
500642 3 173
501182 5 379
501460 5 533
503209 4 793
503543 2 620
503825 1 515
504709 1 773
511292 5 422
512627 7 1707
513498 2 339
514090 1 101
514558 1 889
515506 2 1059
516304 4 1045
516627 1 282
517175 3 1495
517469 7 523
517557 4 1751
520083 1 102
520127 1 309
521632 2 327
521778 2 216
526023 24 798
