455 2 18030
21614 1 32241
25656 2 15042
27424 2 13034
34246 7 19523
40061 3 19463
43640 1 18238
54527 4 19068
57284 13 194
57850 1 221
58050 3 33
59162 3 464
60579 3 43
61362 2 165
62127 1 81
64419 1 58
64424 1 35
67508 5 128
67623 10 302
68745 1 36
69493 1 34
69851 3 177
69955 17 443
70712 2 264
70931 8 232
71211 3 105
71548 2 61
71693 5 195
72165 1 106
72659 1 887
73325 2 107
74225 14 502
77721 3 103
77849 5 154
80980 2 96
81514 2 77
82357 5 103
82617 11 184
82911 2 47
83131 2 337
84494 6 132
84803 1 29
85310 3 316
85811 2 565
88386 4 40
90516 1 567
91563 6 183
92870 10 493
93979 2 26
94832 3 113
94861 3 119
95768 6 284
96104 5 140
97505 1 67
98373 6 160
98803 2 39
99736 3 33
103422 2 55
103899 3 42
104675 5 124
104816 6 170
106001 7 219
108677 4 126
109621 4 202
109840 2 32
112286 6 357
113021 1 479
115720 3 511
117980 9 188
118569 2 88
119486 1 50
119712 1 497
120251 3 26
121091 4 208
121649 6 146
125159 10 431
127817 3 100
127826 1 213
127916 3 52
128266 3 47
128827 4 157
129190 5 50
130743 1 554
130748 2 860
131066 5 136
131153 4 83
131904 6 121
131912 4 50
133146 4 219
133772 1 625
135883 1 188
136532 5 150
137988 1 76
138406 4 134
139116 1 66
139505 3 92
139706 2 80
139850 6 76
139954 7 68
140115 11 273
142983 8 219
143455 7 150
146009 4 292
146016 2 51
147417 14 432
149103 2 81
153261 5 114
155292 4 58
155374 3 76
158076 6 151
158400 1 76
158752 1 42
161852 4 142
162233 1 565
162418 9 275
162939 1 189
164542 4 68
164746 9 396
165008 1 68
166592 13 538
167341 8 302
167810 4 112
169671 6 112
169729 1 205
172051 8 166
173728 1 403
173889 8 133
174449 5 93
175455 14 263
175474 10 198
177278 1 668
178191 1 343
178304 1 435
178859 1 307
179224 1 314
179628 1 478
180703 8 178
180953 4 123
182062 4 128
182637 4 175
182694 9 345
184673 6 319
186327 1 345
190683 3 48
191525 2 80
191537 6 189
192059 1 437
192914 1 368
193035 6 772
193149 1 371
193822 11 577
195703 1 272
196787 7 290
197099 4 92
197223 2 116
197837 4 243
198578 8 217
198682 6 68
201562 1 282
202048 10 581
202104 6 445
203423 3 212
204673 3 73
205983 3 365
206340 4 135
206411 10 146
207780 6 187
208187 6 231
208324 1 415
208443 9 276
208552 2 100
208725 17 832
209698 3 167
209779 6 250
209964 9 288
212004 3 98
213503 2 85
213738 6 108
213759 6 127
214295 2 209
214458 2 261
216233 3 541
216426 3 615
216877 2 167
217446 4 88
217886 4 648
217887 12 324
219047 1 195
219956 2 147
221015 11 630
222207 2 53
224833 1 502
224954 4 165
225019 5 56
226133 2 190
226362 2 45
226872 13 473
227699 7 520
229910 12 347
230067 2 474
230107 10 224
230112 5 221
230162 4 100
230812 2 57
230821 3 75
232293 1 463
232383 8 287
232798 6 261
232860 5 181
233564 10 392
233568 7 385
233787 3 208
233788 8 447
233791 2 262
233795 5 358
233821 3 45
234181 4 270
235148 10 493
236343 5 63
237193 1 146
238327 2 97
239085 5 92
239751 1 479
239885 1 262
240230 8 741
240324 1 36
240963 3 177
241809 2 50
241816 3 59
242232 2 240
242772 1 42
243654 1 330
243901 1 293
243951 9 538
244790 1 252
245340 1 155
245653 1 663
245828 1 261
246061 1 68
246237 1 988
246293 4 95
247014 1 517
247490 2 47
247720 2 46
247732 1 1323
249181 4 87
249345 5 229
249459 2 396
249641 1 54
249870 2 49
250458 6 87
251281 1 238
251412 2 453
252641 4 1248
252900 4 402
252905 1 1086
253772 1 44
253919 1 326
254867 6 97
254874 8 132
254903 2 47
255117 1 637
255308 2 63
255591 2 52
255597 3 51
255618 11 233
255778 1 247
255813 13 282
255884 4 127
256132 3 70
256273 7 241
256677 1 290
256955 1 732
257472 1 1373
257587 2 286
259710 1 59
259761 2 269
260224 4 63
260310 2 212
260573 2 53
260828 3 49
260905 2 203
261082 1 304
261146 1 310
262162 1 323
262240 9 511
262264 1 798
262932 1 396
263203 2 153
263233 1 345
263480 11 421
263481 6 181
263727 2 124
263740 2 49
263795 1 321
263927 3 268
264002 6 310
264022 14 345
264030 2 69
264031 8 289
264115 8 280
264242 1 500
264245 3 406
264398 15 668
264400 1 319
264421 2 186
264429 4 216
264461 8 365
264683 4 243
264766 5 356
264977 5 332
265166 1 150
265328 1 136
265739 1 386
265774 2 399
265810 4 16729
265816 2 25803
282053 1 430
282993 3 95
287880 2 83
308186 2 36306
308187 3 51551
308246 12 20735
313779 1 324
327394 2 22044
331285 4 359
344407 2 116
349780 1 414
355463 5 113
370475 3 85
374014 11 80805
396235 1 443
397514 3 86
400761 1 797
405644 1 457
407056 9 1087
413354 1 990
413758 4 70
415224 1 58
416467 1 361
419540 6 488
421049 3 849
421225 6 489
424428 23 690
425110 2 112
426803 3 106
428552 6 432
428879 12 529
430784 3 70
431072 1 1260
431148 12 548
431560 13 499
431903 3 91
432712 1 505
432928 4 627
433786 3 1819
434631 1 529
442513 5 312
444044 1 316
444211 1 744
444768 1 42
445391 1 381
449040 2 105
449217 1 860
451309 10 179
451570 3 87
453281 6 253
460366 15 670
460984 6 102
462170 12 1075
462487 9 354
462675 1 157
465678 5 448
467887 11 475
468043 2 738
468680 1 370
470219 1 74
471978 12 690
472541 2 1307
472958 25 557
474360 6 533
477835 14 641
480821 1 300
481186 2 362
481921 1 1095
482708 2 58
484020 2 936
487203 1 106
487215 9 396
487382 2 48
488373 5 582
488815 44 1268
489735 11 311
489800 11 329
490246 2 664
491314 2 894
491816 1 50
493631 16 467
494074 1 352
500617 2 403
503692 3 193
504034 1 194
508233 1 349
508925 3 96
510711 2 44
514801 1 37
515266 2 668
516727 5 87
523540 6 101
525165 3 219
525526 13 468
526306 8 206
526619 1 49
455 8 18030
25656 1 15042
27424 1 13034
39791 1 518
43640 8 18238
57973 2 360
65638 1 32
85811 1 565
90713 2 657
90911 2 55
94832 1 113
94861 1 119
96873 1 66
119712 2 497
122223 1 26
128873 1 141
131153 1 83
133772 2 625
135883 1 188
156180 1 48
162233 1 565
164836 1 624
177278 1 668
193035 2 772
193047 1 383
196787 1 290
197793 3 166
205983 1 365
209782 2 121
213981 1 224
218519 1 274
218727 1 322
224954 1 165
226344 1 146
229910 4 347
231753 1 253
233564 6 392
233568 3 385
233787 1 208
233788 4 447
233795 5 358
235938 1 1146
239885 1 262
245653 1 663
245828 1 261
247014 1 517
249181 1 87
249345 3 229
249641 1 54
249870 1 49
251412 5 453
252641 1 1248
252905 1 1086
254867 1 97
254874 1 132
255618 1 233
255778 1 247
255813 2 282
255961 1 54
255964 1 66
256132 1 70
256955 1 732
257472 1 1373
260224 1 63
260310 2 212
260576 1 46
260828 1 49
260905 1 203
262162 1 323
262240 1 511
262264 1 798
263480 2 421
263481 1 181
263727 1 124
263740 1 49
264022 1 345
264031 1 289
264242 1 500
264245 1 406
264398 7 668
264400 3 319
264461 1 365
265166 1 150
265328 1 136
265739 1 386
266973 1 169
288119 1 193
288653 1 194
290256 19 30074
294428 1 150
303734 2 25485
308187 1 51551
313779 1 324
326101 3 739
341934 2 111
342817 2 152
351998 1 3051
373059 1 1969
378238 1 216
383830 5 312
383924 1 323
384153 2 2310
385161 1 183
390392 1 166
393747 2 58177
396562 4 459
400761 1 797
404157 10 165
405644 1 457
405952 1 41
410333 2 68
414163 1 262
417963 4 579
425813 2 130
426803 1 106
430894 4 729
431372 6 937
432712 1 505
433786 1 1819
434911 2 306
439804 1 100
440696 1 51
444044 2 316
444768 1 42
447069 2 182
458476 2 346
463989 3 229
464015 3 619
465676 1 146
466881 2 1353
468043 1 738
468680 1 370
471204 2 100
471731 1 42
471978 1 690
472541 1 1307
480821 1 300
483338 1 41
484020 1 936
489728 1 303
494213 1 442
498096 1 77
500870 1 57
504034 1 194
508233 1 349
510028 2 341
510563 2 185
512990 1 100
515423 1 243
525526 1 468
