455 8 18030
1646 1 55438
2079 1 348
6367 4 17463
7537 2 214
7538 3 441
8148 2 17754
9202 1 575
13912 10 17501
14146 1 468
18276 1 425
21989 3 674
21990 5 698
21991 1 745
21992 2 555
21993 4 662
21994 5 329
21995 4 429
21996 2 355
21997 4 532
21998 4 431
21999 4 265
22001 3 614
22002 3 213
22003 4 258
22004 3 307
22006 4 435
22007 5 419
22008 3 443
22009 4 387
22010 4 468
22012 3 377
22013 1 333
22014 3 541
22015 2 713
22016 3 670
22017 1 376
22018 3 357
22019 3 610
22020 3 662
22021 4 674
22022 3 394
22023 3 645
22025 3 515
23713 1 601
23714 1 480
25656 2 15042
26870 16 508
27784 1 727
31629 2 21435
33627 5 315
33630 1 854
36498 1 20156
36806 3 834
36807 5 537
36808 1 723
36809 3 817
36810 4 519
36811 5 299
36812 3 407
36813 2 356
36814 4 536
36815 8 690
36817 3 463
36818 6 441
36819 4 336
36820 3 516
36821 3 366
36822 5 549
36823 7 585
36824 4 593
36825 3 528
36826 4 808
36828 1 511
36829 3 586
36830 1 459
36831 3 358
36832 3 645
36833 3 358
36834 1 409
36835 3 494
36836 3 337
36837 3 626
36839 3 515
40061 4 19463
43640 3 18238
45518 3 426
45820 1 403
48517 1 140
48852 11 272
51331 30 184510
53547 2 741
54527 1 19068
55915 1 244
59494 1 27
61046 1 978
62379 9 412
62765 1 533
63769 1 666
64369 1 147
66303 3 641
67482 4 750
71357 1 476
71967 1 32
72734 2 42
72936 2 31
74482 1 40
76360 1 447
76861 5 189
81691 5 363
81815 1 177
82028 1 91
82033 2 299
83150 1 284
83198 2 109
84219 6 77
84251 1 28
84334 3 829
84463 15 894
85333 33 635
85350 3 64
85554 25 676
86020 5 129
86056 19 301
86287 3 35
87977 1 455
88403 14 497
89010 1 653
89105 4 255
90529 4 157
92698 4 2034
93759 2 34
94796 1 33
95629 1 530
95863 20 426
96111 2 201
96543 1 30
96545 1 40
96939 4 445
98234 1 47
101079 3 152
101274 3 124
103455 1 331
103525 1 467
104384 1 679
104785 2 1134
106021 18 563
106264 6 953
107713 1 473
110940 4 270
111468 5 305
111959 1 360
115305 1 25
115340 13 9448
115664 1 565
117166 1 486
118387 1 379
119082 67 1560
119761 17 1026
120790 2 1231
121276 2 259
122178 2 183
123881 5 73
124229 2 1055
124285 8 1866
125050 4 273
132147 3 86
132814 2 719
132979 19 767
133037 1 831
137149 3 204
138829 2 476
139436 2 46
139785 1 405
140977 3 109
141947 1 439
143361 26 519
143855 1 504
145630 2 421
145640 2 475
146426 2 796
147877 1 303
150096 1 668
152739 2 621
154067 1 778
156082 13 730
156176 6 315
156225 1 490
160081 1 388
161487 5 203
162202 1 396
162987 1 558
163954 1 485
165916 2 47
165937 1 756
168245 26 622
169989 2 213
171424 3 751
175499 3 200
176283 4 1097
179748 1 815
180603 2 50
181373 1 288
181766 2 822
182938 13 8475
184720 1 43
187590 3 914
187899 5 598
191041 3 45
192736 3 102
195384 3 429
195386 1 568
195404 2 412
196020 1 300
198725 1 404
199828 1 554
200692 4 82
201086 4 591
202524 5 109
203218 15 457
206235 3 57
208488 3 44
210017 1 56
210155 4 162
216047 1 50
216853 1 356
218117 1 549
218156 3 52
222637 1 564
223151 1 34
223233 9 551
223601 17 576
223858 2 1194
224229 40 616
225171 3 909
225618 6 111
226443 4 326
228087 1 489
229143 34 611
229644 20 419
232248 1 394
233298 2 1202
236909 2 554
237475 2 613
240218 1 431
240459 12 329
240492 1 355
240604 11 243
241334 31 496
241723 1 413
241869 2 631
241876 2 737
243235 1 196
245769 1 326
246718 2 306
247472 1 497
248461 4 158
251375 2 410
252255 1 38
254327 1 1170
255542 5 78
257198 32 628
258258 1 478
259596 2 419
261052 1 508
262828 3 669
263904 2 143
264298 1 558
264634 3 616
264840 3 602
264912 1 196
265845 13 17259
268549 1 223
271692 1 1068
278063 2 370
278592 2 282
280596 4 839
280619 1 11500
281437 6 288
286217 1 965
288055 1 262
289420 22 488
290256 1 30074
290440 1 15196
291454 3 1919
292152 1 263
296598 1 868
298796 1 223
301415 34 1123
301865 14 18367
301868 3 113
301978 5 185
302442 5 145
302523 1 721
303731 1 3106
303734 2 25485
305299 1 223
306638 1 677
307265 26 1819
307453 37 49380
308171 1 697
308186 1 36306
308187 3 51551
308211 6 217
308277 15 807
308279 9 188
309384 5 2349
309389 1 3655
313699 1 395
315846 1 1566
316232 2 1385
316736 9 876
320486 6 132
320513 3 1724
321530 8 147
321936 15 249
322331 1 1667
322723 11 207
323242 2 1059
323493 5 306
324993 1 456
325171 1 1068
325668 1 1091
326123 11 14885
326129 12 67196
326813 31 1528
327394 2 22044
327407 1 18061
328650 1 93
329804 1 7586
332824 1 911
334032 1 1027
335002 1 1119
335162 1 831
342915 4 188
342918 1 88
342971 5 148
342972 6 144
342973 4 89
342974 6 99
342975 7 149
342976 7 421
343074 5 127
343120 6 206
343167 6 253
343168 7 287
343169 4 198
343273 4 251
343278 3 133
343379 7 172
343407 6 214
343509 9 223
343512 6 272
343514 4 157
343635 9 208
343641 8 196
343720 4 241
343722 7 166
343723 2 96
343892 11 213
343895 8 327
343921 5 132
344113 5 169
344182 6 209
344474 12 236
344551 7 257
344553 5 134
344554 11 256
344832 8 190
344833 10 255
345007 6 153
345238 10 420
345330 47 1578
347837 1 63219
348801 1 228
350635 1 172
351655 12 1635
359307 1 404
365714 3 104
365879 5 191
365960 7 203
365961 8 143
366349 3 265
366849 3 218
367014 5 103
367160 9 252
367751 8 256
367796 6 110
369086 1 255
369738 7 222
371564 7 164
373834 2 44460
373989 73 1497
374014 4 80805
374435 2 718
374994 4 13993
376072 1 2235
379905 1 533
385486 1 6673
389328 6 173
390622 3 327
390825 4 84
390951 4 155
390953 3 184
391168 4 183
391171 6 132
391172 4 103
391175 5 170
391178 5 176
391251 3 136
391356 3 175
393550 2 30891
395657 6 283
395658 15 450
395714 1 4780
396147 3 5877
396258 3 38258
398046 7 1608
398562 1 663
399250 8 83
399256 10 109
399494 43 1726
399910 25 511
400242 93 1777
400620 24 1029
400913 21 17082
401007 57 1575
401167 34 847
403095 3 1307
404383 1 70
404928 29 497
405009 1 536
406739 5 197
406870 1 1503
407397 1 504
407448 1 243
408086 14 429
408310 54 1364
410804 1 343
410843 3 1553
410872 1 555
410922 1 487
411215 1 554
411250 32 450
411334 25 570
411954 2 967
412010 4 853
413220 8 207
413222 7 371
413323 11 1410
413458 47 1098
414217 1 471
414753 23 392
415059 7 669
415537 38 560
416253 32 1398
416366 32 873
417660 2 709
418496 1 652
418692 5 1017
419622 3 373
420005 72 1376
420034 13 373
420192 7 340
420700 21 409
421322 2 120
421489 3 1297
422577 1 1013
423732 1 521
426405 1 1008
426410 2 756
426508 31 653
428916 1 459
429116 14 682
429537 5 382
433223 1 514
433905 1 1344
434225 51 1148
436200 1 318
436739 30 681
436999 2 556
438387 3 217
438630 3 242
438786 23 514
439108 3 1314
439834 1 526
439858 1 341
439917 58 1820
441635 8 796
441700 21 741
441850 39 843
441933 1 145
441992 1 736
442509 1 598
442967 67 1185
442970 21 357
443717 1 976
444446 71 1488
445807 1 100
446850 65 1179
447140 39 1494
447574 9 589
448193 11 138
449055 8 242
449214 1 1310
449355 12 847
449438 25 549
449447 2 1249
450761 1 594
450936 1 358
451156 1 577
451635 19 1057
451887 56 907
451982 1 374
452636 2 402
452889 3 193
452990 3 71
454044 2 130
454303 24 971
454315 5 196
454454 2 309
455220 1 579
455393 10 1828
455570 17 342
456774 1 579
457149 12 388
457273 1 958
458185 1 232
459689 1 702
459828 27 618
460376 24 592
460484 1 107
461627 1 621
463412 1 720
463442 35 1097
464027 31 2344
464254 17 418
465186 17 469
465372 1 128
465754 1 1153
465818 1 80
465984 1 210
466648 1 642
466649 1 658
466971 22 584
468142 4 209
470383 7 250
471201 9 814
471689 1 1618
471798 26 442
471831 1 1171
472123 1 391
473745 19 350
474129 1 1019
475063 1 744
475626 14 505
475990 36 785
476220 3 644
476977 1 454
477398 1 665
477412 1 199
477889 3 93
478072 1 1237
478119 1 102
478717 10 879
478852 76 3420
478853 61 2131
478904 61 2131
479144 3 597
479631 2 321
480440 7 180
480627 1 197
481231 5 228
483175 15 588
483339 9 354
483381 10 599
483625 1 753
483667 10 191
484138 16 341
484142 17 371
485493 6 169
486360 4 144
486439 10 580
486518 1 146
486975 3 201
487114 4 132
487369 3 703
487847 10 493
488308 2 124
489032 7 559
489165 17 603
489603 1 186
489748 2 739
491138 21 729
491255 4 2605
492124 1 1039
492507 2 360
492540 10 395
492931 32 688
492933 49 1235
493301 4 270
494215 3 506
494604 1 95
494991 90 1722
495020 1 76
495228 1 611
495241 1 146
495827 1 483
496087 37 604
496882 1 91
497128 1 920
497199 6 174
497861 1 356
498630 3 278
499441 2 1342
499849 3 91
499958 11 100
500067 1 597
500416 2 663
501219 4 115
501795 2 1240
501965 1 1757
502307 3 219
502377 22 471
502698 11 453
502919 2 568
503026 17 470
504640 1 403
504671 58 702
504909 1 502
505396 1 77
511666 2 399
512047 19 510
512499 8 1096
515467 4 83
516380 1 592
517294 46 1860
519716 3 129
520347 123 3139
520555 1 445
520602 1 1196
520855 2 88
520962 88 3046
520979 11 1034
522884 1 717
523786 12 246
524092 3 778
525606 20 2915
526127 1 1442
526596 1 483
526915 2 99
526953 3 761
527705 19 435
528060 33 1396
32 13 9957
33 28 19382
154 3 530
155 2 554
779 1 429
1646 1 55438
1972 1 512
2079 1 348
2127 2 486
2855 1 398
4064 2 3618
6845 1 1638
7537 8 214
7538 15 441
9202 14 575
9592 1 414
11117 1 450
11244 9 561
11245 1 278
12332 1 455
13593 2 923
14146 14 468
17505 2 288
17506 3 667
17507 8 645
17979 11 290
17980 31 529
17981 21 402
18134 14 496
18135 27 276
18136 23 718
18276 1 425
18830 1 391
21614 1 32241
21806 4 242
21989 8 674
21990 17 698
21991 28 745
21992 7 555
21993 7 662
21994 7 329
21995 9 429
21996 5 355
21997 9 532
21998 3 431
21999 4 265
22001 8 614
22002 1 213
22003 3 258
22004 2 307
22006 4 435
22007 6 419
22008 3 443
22009 9 387
22010 7 468
22011 7 145
22012 4 377
22013 5 333
22014 5 541
22015 1 713
22016 4 670
22017 1 376
22018 4 357
22019 17 610
22020 5 662
22021 17 674
22022 1 394
22023 2 645
22025 5 515
23713 1 601
23714 1 480
23715 1 441
23716 1 450
27784 3 727
28141 1 548
28405 2 408
31629 3 21435
33627 8 315
33630 6 854
34722 1 13257
35316 1 478
36391 4 10294
36802 1 29903
36806 10 834
36807 15 537
36808 21 723
36809 16 817
36810 7 519
36811 7 299
36812 7 407
36813 5 356
36814 9 536
36815 7 690
36817 6 463
36818 3 441
36819 3 336
36820 1 516
36821 2 366
36822 7 549
36823 6 585
36824 13 593
36825 11 528
36826 10 808
36828 1 511
36829 4 586
36830 1 459
36831 4 358
36832 17 645
36833 5 358
36834 12 409
36835 5 494
36836 1 337
36837 2 626
36839 5 515
40061 5 19463
42319 1 295
43640 1 18238
45518 1 426
45917 2 6305
45946 16 633
45947 4 11759
46766 1 323
48517 1 140
49773 1 461
49799 1 427
50682 4 32839
51331 12 184510
52214 2 64459
53547 4 741
57164 7 81
59600 2 246
61046 1 978
62064 1 4939
62379 1 412
65664 2 520
71357 1 476
73710 1 273
76360 1 447
78217 1 129
82028 1 91
82033 1 299
82766 1 352
82795 2 191
83842 4 178
84334 1 829
89010 4 653
89105 1 255
91227 1 245
95629 1 530
96945 2 160
97953 1 182
98056 1 25
98497 2 518
98681 1 968
103455 1 331
103525 1 467
104085 1 950
104785 1 1134
105729 1 129
106264 1 953
107713 1 473
108129 3 48
109835 1 226
114918 3 46
115340 3 9448
115664 1 565
116093 1 199
117166 1 486
118387 1 379
118469 2 3145
121276 1 259
122065 2 887
124229 1 1055
125983 1 376
126769 1 258
132814 5 719
132979 1 767
133037 1 831
141947 1 439
142141 2 7912
142934 1 432
145630 1 421
145640 1 475
146426 1 796
149459 5 53
150096 2 668
150952 1 46
156082 1 730
156225 1 490
161862 1 444
162987 1 558
163108 2 365
165302 1 180
165937 1 756
171424 2 751
172245 2 1104
176741 1 265
176798 1 273
178996 2 5818
179245 1 564
179748 1 815
180002 2 74
181766 1 822
182938 3 8475
183821 1 266
186465 2 495
190727 18 513
191261 2 145
193014 1 477
195386 3 568
196912 1 190
198725 1 404
199828 1 554
199935 1 214
203019 1 1371
213067 2 380
214595 1 302
216853 1 356
219018 2 1009
220195 4 95
220615 1 297
224704 1 522
233656 3 62
236239 1 631
239526 1 134
241869 4 631
241876 15 737
247472 1 497
247958 1 488
249064 1 173
249212 2 52
250325 2 6286
252107 1 323
253297 3 67
254327 1 1170
258725 1 137
259596 6 419
260698 2 517
261117 2 432
263185 1 184
264912 2 196
265845 2 17259
268303 5 6782
268549 1 223
268585 1 2656
269996 4 6852
274298 1 241
274460 1 3312
274602 1 2243
275337 1 152
276078 1 5007
278063 1 370
278592 1 282
278712 2 488
279249 2 453
280596 1 839
280619 4 11500
281437 1 288
281800 1 4068
288055 1 262
289348 5 18428
289732 2 4132
289734 2 4107
289875 2 3644
290256 4 30074
290440 2 15196
290465 9 15747
291454 1 1919
292152 1 263
292388 1 341
292536 1 276
294967 7 7544
296164 1 785
296464 1 181
296598 1 868
297215 1 449
297259 1 370
298796 1 223
300350 1 938
300577 1 208
301415 1 1123
301865 4 18367
302523 1 721
303734 11 25485
305299 1 223
306237 3 26903
306492 1 5234
306638 1 677
307265 1 1819
307305 16 295
307453 8 49380
308005 3 439
308186 4 36306
308187 6 51551
308513 1 8438
309384 1 2349
310987 16 295
312383 5 3321
312401 2 5388
314875 1 239
314918 1 239
316232 1 1385
320166 1 1181
320513 1 1724
322331 1 1667
323242 1 1059
324993 1 456
325668 1 1091
326021 17 159
326129 1 67196
326568 1 127
326813 1 1528
327122 1 16929
327123 1 16927
327394 4 22044
327407 1 18061
328992 7 5954
329231 6 7437
329566 1 467
329804 4 7586
332824 1 911
334032 1 1027
335002 1 1119
335162 1 831
335390 1 264
335442 1 287
339144 2 135
343145 1 183
343895 1 327
344551 1 257
345330 1 1578
347837 23 63219
347869 6 47445
348801 4 228
349160 2 143
349492 1 580
350144 1 2979
350635 1 172
351655 1 1635
352611 12 345
358582 1 147
359152 1 9815
359307 1 404
361105 1 4143
363881 1 436
367791 2 2239
369086 1 255
372039 21 972
372192 1 374
373834 5 44460
374014 3 80805
374435 1 718
374727 6 190
376386 3 9418
378071 2 7768
378439 1 272
378585 2 391
382834 1 260
383105 1 286
383828 1 2521
385486 2 6673
390485 2 1004
393550 1 30891
393747 13 58177
396258 3 38258
396402 16 793
398046 2 1608
398562 1 663
398868 19 491
398869 9 552
399800 9 479
399848 16 470
400380 2 598
400913 2 17082
401116 2 656
401201 1 453
401696 1 423
403095 1 1307
404000 1 99
404383 4 70
405009 1 536
406870 1 1503
407397 1 504
410804 1 343
410843 1 1553
410922 55 487
411350 2 71
412967 80 776
413257 1 377
413323 1 1410
413626 1 319
414217 1 471
415369 1 400
415766 1 209
416970 1 190
418496 1 652
419622 1 373
419657 1 64
420192 1 340
420861 16 804
420898 2 541
422084 1 346
422577 1 1013
423732 2 521
424750 1 844
426405 1 1008
428105 1 441
428229 6 95
428753 16 305
429108 1 1097
431010 2 59
431792 2 447
432147 10 143
432692 2 1280
433905 1 1344
435212 1 235
435926 1 515
436109 1 105
436200 1 318
436999 2 556
437781 3 297
437912 1 755
439108 1 1314
439834 2 526
439858 8 341
441190 11 430
441635 1 796
442509 2 598
444446 1 1488
444945 1 402
445807 1 100
446710 3 382
446872 5 113
447574 1 589
449214 3 1310
449355 2 847
449447 1 1249
450761 1 594
450936 1 358
451156 2 577
451691 8 634
452636 1 402
452889 1 193
454454 13 309
455045 4 197
455220 2 579
455393 1 1828
456774 1 579
457273 1 958
457660 12 207
458594 1 267
459689 1 702
460376 2 592
462823 1 918
465818 5 80
465984 1 210
466648 1 642
466649 1 658
466971 1 584
468873 1 304
469806 1 205
470387 1 182
470450 2 272
471201 1 814
471522 2 745
471689 2 1618
471831 68 1171
472067 1 458
474129 1 1019
475063 1 744
476935 27 1444
476977 21 454
477047 27 1444
477398 22 665
477412 12 199
478072 15 1237
478515 4 93
478546 11 442
478852 1 3420
478853 1 2131
478904 1 2131
479144 29 597
479631 2 321
481805 2 536
482019 4 95
483625 21 753
483975 3 377
484342 1 762
485347 2 401
485434 19 1709
485579 4 1288
485612 2 417
486439 1 580
486518 4 146
487369 1 703
487451 4 568
488001 43 475
488308 3 124
488621 1 993
489165 1 603
489603 1 186
489748 3 739
491099 29 616
492124 4 1039
492339 8 362
492507 5 360
493301 1 270
493769 9 790
494106 4 290
494215 3 506
495020 4 76
495161 1 417
495228 1 611
495241 11 146
495700 2 118
496233 1 462
496721 25 460
496882 1 91
498823 1 407
499398 17 792
499430 1 1585
500067 9 597
500416 2 663
500750 3 90
501657 2 306
501795 4 1240
501965 74 1757
502292 3 1409
502331 1 103
502351 1 316
502698 1 453
502722 2 310
502897 1 101
502919 16 568
502935 17 464
504476 1 307
504640 2 403
504909 13 502
504973 12 474
505396 5 77
505870 6 480
511617 3 152
511666 2 399
512499 1 1096
512602 4 346
515411 11 524
516741 1 726
517294 1 1860
519891 14 663
520347 1 3139
520555 1 445
520602 1 1196
522884 53 717
523164 2 650
523922 21 356
524092 1 778
525230 1 149
525982 2 573
526127 28 1442
526596 1 483
526915 9 99
526953 2 761
527705 1 435
33 3 19382
33711 1 400
34722 4 13257
49773 1 461
49799 1 427
55915 5 244
56677 2 30
56765 2 35
57661 3 46
57876 2 30
58123 3 67
58158 1 201
59251 1 672
59600 2 246
59612 1 30
61046 1 978
63769 2 666
63936 2 30
64032 1 697
64255 1 33
64369 4 147
64419 3 58
66873 3 86
66894 1 34
67482 1 750
67539 2 39
67543 2 32
67653 2 40
68169 3 71
71357 1 476
71967 1 32
73477 3 212
73710 1 273
74482 1 40
75383 1 49
75573 2 89
75634 3 59
76663 1 2219
76853 5 238
81691 1 363
81815 1 177
82033 1 299
83198 2 109
84542 1 25
85481 2 78
85692 1 295
85841 2 30
86020 2 129
88620 4 92
88773 2 32
89105 1 255
89755 1 34
90407 5 131
90638 1 305
91155 3 108
92397 1 41
93579 2 39
94438 1 35
95234 3 78
95629 1 530
96111 5 201
96545 1 40
96775 1 31
97029 5 201
97207 4 133
98234 2 47
98235 1 41
98594 5 202
99303 2 37
100062 3 60
100318 4 292
100618 3 58
101503 3 140
101847 1 389
103396 4 200
103521 1 549
103525 1 467
104085 2 950
106264 1 953
107713 1 473
107805 3 40
108129 2 48
109039 2 1279
109835 2 226
110069 4 214
110566 2 30
110940 6 270
111468 3 305
111719 3 65
111841 5 194
112411 2 54
114430 3 79
114435 4 132
115340 1 9448
115664 1 565
115739 1 37
116545 2 50
117344 3 86
117570 3 79
118469 2 3145
119082 2 1560
121952 3 41
122065 2 887
122815 2 39
123480 1 37
124127 1 398
124142 4 398
124229 1 1055
124285 2 1866
124297 1 37
125024 7 178
125050 6 273
125983 3 376
126769 6 258
127125 2 49
128114 3 197
128267 2 64
128783 2 53
128957 2 58
132863 3 77
132979 2 767
133037 1 831
135059 1 275
135833 2 121
137149 4 204
138613 2 52
138829 1 476
139857 2 50
140977 2 109
142141 1 7912
142233 4 181
142469 3 85
142477 5 169
142934 4 432
143855 4 504
144381 5 242
144384 2 54
144954 4 97
145564 5 210
146324 4 186
146330 6 205
146959 5 195
148366 3 230
150246 3 116
150415 3 117
152313 2 41
152957 1 279
153469 2 44
153891 4 320
154324 2 403
156082 3 730
156176 3 315
156225 1 490
158732 2 89
160081 7 388
160376 5 311
160525 4 73
161487 2 203
165101 3 97
165302 3 180
165315 3 60
165937 1 756
167096 2 59
169775 3 765
169840 8 217
169989 5 213
172072 4 114
172245 2 1104
172786 1 227
174156 1 392
175499 1 200
176283 5 1097
176899 3 1577
177304 3 129
177612 2 73
179748 2 815
180049 4 98
180092 4 220
180125 1 380
181766 1 822
182206 3 142
182938 1 8475
183821 2 266
184699 3 274
184720 1 43
184723 1 313
185153 11 200
185371 1 491
187047 3 140
187590 1 914
187899 7 598
190037 1 498
192586 2 55
193367 4 101
194285 4 157
195384 3 429
195386 1 568
195848 7 310
196066 6 167
196836 3 56
199828 2 554
201273 4 72
203101 9 378
204987 1 66
207013 2 46
207783 3 803
208998 2 52
210017 2 56
210155 5 162
211787 1 314
212933 1 271
215403 1 459
216047 1 50
216853 1 356
217636 8 297
218117 3 549
218406 1 43
219782 3 120
219992 1 824
220535 1 210
220615 1 297
223233 1 551
223601 1 576
225201 5 74
226443 5 326
227033 6 247
227039 5 235
228248 6 345
228534 2 46
230349 1 221
231234 2 160
232248 2 394
233298 2 1202
236116 1 769
236732 3 129
237475 1 613
238063 2 48
238275 2 40
239526 3 134
240604 2 243
242765 2 46
244099 4 269
246664 5 211
247008 1 363
247958 1 488
252554 3 110
253286 5 131
255029 1 102
256014 1 1340
257804 3 101
259525 7 190
259529 1 420
260698 1 517
264283 2 378
264912 1 196
265624 1 209
268549 1 223
273647 7 265
274016 4 129
274036 1 2768
274460 4 3312
274579 1 146
278063 4 370
278067 1 136
278169 5 140
278238 2 107
279115 5 124
279812 1 273
280596 2 839
283871 2 98
284812 7 328
286217 1 965
288295 2 454
289348 12 18428
289732 1 4132
289875 1 3644
290256 46 30074
291454 2 1919
292388 5 341
296464 4 181
296564 2 194
296619 2 129
298796 1 223
300513 3 141
301344 5 356
301415 1 1123
301865 10 18367
302523 1 721
303002 4 164
303734 6 25485
304442 2 159
305299 1 223
306638 1 677
307265 1 1819
307453 1 49380
308005 1 439
308171 15 697
308186 174 36306
308187 264 51551
308277 2 807
309203 6 225
310687 7 176
315846 2 1566
316080 4 154
316232 2 1385
320486 1 132
323242 1 1059
324993 1 456
325171 4 1068
325668 5 1091
326129 5 67196
326568 1 127
326813 1 1528
327394 1 22044
327407 2 18061
327736 4 161
328650 2 93
332824 4 911
334032 1 1027
335002 4 1119
335390 9 264
335442 3 287
337659 1 186
339624 2 103
340034 3 116
340958 3 88
341108 5 90
341371 1 188
342915 1 188
342918 2 88
342971 2 148
342972 2 144
342973 2 89
342974 2 99
342975 2 149
342976 2 421
343074 2 127
343120 2 206
343145 1 183
343167 2 253
343168 2 287
343407 1 214
343509 1 223
343720 1 241
343895 2 327
345238 2 420
347837 16 63219
349389 5 130
349492 3 580
351655 10 1635
354273 3 365
358582 8 147
359307 3 404
363881 4 436
364630 4 139
365445 2 116
365451 3 107
365567 2 279
365960 1 203
367751 1 256
368282 2 178
369086 1 255
370403 6 172
371564 3 164
373245 1 142
373812 6 175
373834 263 44460
373989 2 1497
374014 737 80805
374435 1 718
376386 1 9418
378585 3 391
379905 2 533
383828 1 2521
387616 1 2572
390622 2 327
391178 2 176
391251 1 136
393550 141 30891
393747 27 58177
395714 1 4780
396147 2 5877
396258 3 38258
396402 1 793
397355 1 1855
398046 1 1608
398869 1 552
399456 1 147
399910 1 511
400913 2 17082
401116 2 656
401696 4 423
402651 5 818
403459 1 118
405009 2 536
405490 3 77
406739 2 197
407397 1 504
407448 1 243
407726 9 804
407912 3 71
408086 1 429
408310 2 1364
410498 4 308
410843 1 1553
411826 3 238
411954 7 967
413220 2 207
413222 1 371
413323 2 1410
413458 1 1098
413471 3 257
413757 1 1489
414217 1 471
414593 2 79
415059 3 669
415766 2 209
418496 1 652
419622 1 373
420861 5 804
420898 1 541
421489 2 1297
422368 2 152
422577 1 1013
423732 1 521
426089 2 135
426410 2 756
426790 17 466
427713 2 201
428749 6 675
429116 3 682
430180 3 401
432692 5 1280
433905 1 1344
434225 1 1148
435920 1 107
436098 2 543
436999 1 556
438363 3 80
438387 2 217
438630 5 242
439108 3 1314
439917 3 1820
441116 8 228
441635 1 796
441933 1 145
441992 1 736
442509 1 598
444945 1 402
446872 1 113
447140 2 1494
447574 1 589
449055 2 242
449355 1 847
449438 1 549
450761 1 594
451017 18 422
451982 2 374
452636 2 402
452990 1 71
454044 4 130
455393 2 1828
455570 1 342
456701 1 729
456774 1 579
457273 3 958
458185 1 232
459689 1 702
460484 3 107
461627 1 621
462322 1 57
462823 4 918
464254 1 418
465186 1 469
465818 1 80
466648 1 642
466981 3 127
468194 2 302
468873 3 304
469848 3 332
470383 1 250
471201 3 814
472123 1 391
474129 1 1019
475063 1 744
475747 2 127
475990 4 785
476935 1 1444
477047 1 1444
477398 9 665
477889 2 93
478072 2 1237
478119 2 102
478717 1 879
478853 1 2131
478904 1 2131
480003 1 1133
480440 3 180
480627 1 197
481231 6 228
481785 1 495
482019 1 95
483175 3 588
483339 8 354
483381 12 599
485347 5 401
485493 4 169
485579 1 1288
486360 1 144
486439 3 580
486975 2 201
487114 1 132
487369 1 703
487451 1 568
487847 6 493
488621 9 993
489603 1 186
489919 4 552
491099 2 616
491138 1 729
492124 1 1039
492507 3 360
492540 4 395
492933 1 1235
494666 3 148
495228 2 611
497128 8 920
497199 4 174
497861 2 356
498630 1 278
498823 1 407
499430 3 1585
499441 2 1342
499849 2 91
500416 1 663
501219 5 115
502292 1 1409
502307 1 219
502377 1 471
502722 1 310
502919 1 568
504909 1 502
504988 1 462
505915 3 74
506051 18 456
506493 3 123
511843 4 219
512499 2 1096
515411 2 524
515467 1 83
517294 1 1860
519716 1 129
519881 1 210
520347 1 3139
520555 2 445
520855 2 88
520979 2 1034
525606 1 2915
526596 1 483
526953 1 761
528060 9 1396
