2428 5 628
7287 1 322
38722 3 497
38723 1 334
38726 1 462
38727 3 616
53560 3 363
53575 3 508
58416 1 246
58513 2 238
66977 1 270
67098 1 618
71339 2 415
75400 1 512
81231 1 794
85377 1 262
88734 1 117
90676 1 750
93009 1 262
94835 1 324
96313 2 681
100459 2 183
110251 1 311
114016 1 441
124131 1 398
124500 1 183
124989 1 626
124992 1 126
130740 2 337
133678 2 736
135539 2 242
143169 1 430
148004 1 376
148031 1 73
150948 1 153
160745 1 202
160809 1 502
164854 2 134
167177 1 1063
168042 1 501
170705 1 233
173310 1 352
173760 1 617
181554 1 66
183004 1 554
184633 1 252
188230 2 71
188280 1 608
191916 1 332
193307 1 79
196613 1 179
200748 1 122
202298 1 678
204411 1 67
205743 1 79
210063 1 270
216988 1 671
227634 3 431
230349 1 221
233211 1 417
237101 1 365
239462 1 122
242038 11 744
248112 2 261
248251 3 64
248264 1 249
248296 1 322
248551 1 579
248552 1 315
249481 2 173
249570 5 223
249639 1 125
250519 1 277
250794 1 515
252673 1 181
252893 2 260
253185 1 398
253362 6 264
253714 7 195
253721 1 246
256078 1 59
256645 1 76
257170 2 253
258385 1 637
261210 1 87
290256 2 30074
397439 1 94
397478 2 461
397579 3 657
397637 2 1106
398072 2 511
398539 2 460
398750 2 496
400242 1 1777
400418 1 198
400431 1 536
401829 1 536
401940 1 503
403371 1 269
403944 1 438
404513 2 178
405825 6 514
406429 1 286
406664 1 77
407869 4 813
407884 2 160
407885 1 113
408003 2 199
408012 1 485
408310 9 1364
408452 1 743
408650 11 545
409893 3 1182
410715 1 124
410728 6 67
410729 2 40
410730 2 89
410734 3 94
412073 2 134
412614 3 634
412727 1 254
413243 1 121
413375 3 684
413478 2 881
413543 1 667
413645 2 1197
413926 1 106
414358 3 95
414428 1 663
414618 3 912
414691 3 101
414731 2 1087
414836 5 668
415140 2 167
415187 1 193
415545 3 141
415659 7 413
415681 3 138
416398 3 516
418231 2 118
418279 1 218
418462 4 92
418669 16 733
419092 2 1545
419450 6 971
420005 8 1376
420222 3 518
420388 2 192
420505 1 862
420854 3 132
422012 1 434
422890 2 144
423644 1 392
423902 1 682
425017 1 204
425415 2 366
425677 5 252
426037 1 261
426402 2 284
426632 2 423
427526 8 118
428169 1 499
428383 3 102
428517 1 318
428653 1 2120
428864 69 1812
428873 19 574
428874 6 252
428875 12 459
430799 11 360
430997 1 242
431516 5 136
431796 1 690
432813 1 386
433001 2 904
433197 6 568
433541 1 554
433871 2 54
433872 3 56
433873 3 51
433876 5 125
433921 8 1020
434089 20 614
434751 5 223
435140 9 544
435171 3 203
435461 1 98
435600 1 793
436375 4 85
436377 3 43
436659 3 229
437619 1 108
438213 1 1077
438718 2 79
438779 4 222
439711 2 231
440435 2 811
441395 1 109
441427 1 1210
442912 3 781
442967 1 1185
443909 2 521
444015 1 576
444179 2 3327
444432 4 127
444516 1 129
444668 1 93
445029 1 94
445542 15 689
446297 1 414
446686 2 1090
447037 8 162
447099 18 663
447140 1 1494
447738 1 315
448038 1 78
448573 3 245
448973 7 426
449164 1 175
449165 1 160
449171 3 82
449563 6 1012
449637 1 239
450245 2 305
450281 5 349
450412 3 515
450415 2 157
451337 1 158
451614 1 143
452065 7 99
452456 1 44
453842 1 203
454167 1 112
454611 4 239
454693 2 302
454829 3 279
454858 5 413
454918 1 86
454983 2 324
455235 2 610
455252 7 1131
455327 1 127
455685 2 364
455732 2 89
456150 3 206
456444 4 681
456446 3 281
456454 3 508
456925 17 336
456979 2 620
457206 4 1299
457330 2 146
457706 4 639
458118 1 285
458178 1 93
458535 4 452
458605 1 217
458849 1 174
458906 1 521
458907 1 665
459005 1 635
460125 6 411
461297 1 579
461507 7 212
461609 1 85
461775 19 1029
461873 1 377
461997 3 445
462143 2 363
462717 1 113
463202 1 1261
463263 7 282
463550 1 84
463573 2 118
463819 1 783
463843 2 113
463844 6 147
463845 12 207
463846 15 250
464296 3 384
465990 1 466
466261 2 108
466356 1 1769
466359 6 1075
466471 2 3403
466571 1 523
466634 6 884
467121 15 777
467953 1 701
468170 1 120
468229 2 444
468613 3 677
468780 1 150
468791 1 92
469136 6 206
469137 3 193
469191 2 449
470852 1 417
471109 1 441
471169 1 117
471317 1 741
471339 1 582
471462 1 685
471506 2 69
471564 4 124
471610 1 1586
471871 1 796
473285 1 1253
473444 1 171
473825 10 1587
473827 12 917
474148 1 175
474181 10 329
474578 12 324
475650 1 515
475874 9 400
476358 2 903
476544 1 856
477455 7 737
477737 3 177
477918 1 1233
478400 3 149
478477 3 487
478849 3 229
478850 46 1183
479045 1 271
479157 7 251
479497 2 393
480224 1 249
480476 3 179
480894 3 695
481081 1 69
481083 4 140
481302 14 1003
481638 1 90
481916 2 97
482666 2 90
482723 1 87
482762 1 706
483300 20 505
483760 1 149
483887 11 1143
483989 2 163
485683 4 493
485921 1 710
486214 6 882
487022 1 450
487527 3 590
488099 1 956
488514 4 395
488517 1 88
488569 1 551
488647 3 579
488658 1 335
488694 2 150
488719 1 81
489547 2 79
489769 4 555
490438 4 378
490878 1 136
492636 9 271
493516 1 451
493547 1 109
493805 1 1109
493942 1 254
494179 2 100
494896 3 149
495186 10 620
495944 5 476
495995 6 103
496528 2 1153
496582 2 159
496894 2 479
497181 6 965
497281 9 1003
497391 8 358
497511 1 370
497718 3 83
498373 3 260
498415 1 747
498578 1 89
498775 6 380
498777 1 84
498900 3 348
499438 1 1496
499460 4 868
499499 1 298
499529 1 134
500016 3 362
500052 1 387
500077 2 598
500147 3 210
500599 2 227
501591 3 154
501723 7 700
501854 4 374
501970 24 917
502097 1 87
502296 3 334
504058 1 807
504176 1 690
504372 14 389
504534 1 314
504535 1 232
504536 1 257
504537 2 288
504538 5 480
504539 1 461
504810 1 528
504903 1 941
504988 1 462
505442 1 406
505447 4 302
505897 2 589
506617 2 600
506802 13 658
506981 21 1853
508585 1 410
508635 2 589
508981 1 164
509102 1 453
509877 2 1182
511378 1 106
511710 3 119
512069 2 322
512146 4 158
512633 15 1634
512638 5 776
512639 4 433
512960 2 900
513651 4 553
514285 1 1326
514593 2 569
514999 4 112
515170 2 196
515339 1 596
516194 1 386
517913 1 505
518046 3 80
518743 3 583
520321 1 1697
520391 1 188
520761 4 274
522837 4 436
523195 1 1175
523200 4 1248
523605 3 579
524483 1 208
524747 3 99
525389 4 763
525480 4 268
525656 1 390
525782 3 424
525783 5 422
525787 1 2409
525837 2 103
525859 2 121
526236 1 359
526673 2 1271
526762 1 481
527154 3 127
527447 8 609
527548 19 401
527549 7 441
527550 3 366
527663 2 523
527799 2 1567
527887 3 750
528077 5 840
57316 3 40
57429 11 210
58304 2 35
59242 1 781
60360 2 29
60361 1 36
60379 2 31
60381 2 37
62294 5 48
62351 7 125
62589 1 35
64003 1 703
64535 2 30
66447 7 112
66546 10 137
72441 2 36
73857 2 43
75323 1 42
79978 3 55
82473 4 91
84463 3 894
85204 1 370
85217 1 435
85293 2 407
85333 3 635
85554 2 676
91136 9 182
94432 2 48
96313 1 681
101158 7 149
116118 2 33
117577 5 47
120869 2 46
124989 1 626
124992 1 126
128440 2 63
128709 4 350
128984 9 787
130197 2 62
130204 3 95
130389 13 569
132163 1 565
133347 7 93
133678 1 736
138076 1 1116
141816 1 749
142061 1 45
142854 3 68
142861 7 137
142868 9 171
147174 6 85
151632 1 448
152489 8 145
156761 4 138
161431 1 138
161503 1 552
162263 4 1189
165481 3 74
167403 1 334
168831 8 118
168844 9 145
171829 7 169
175449 6 109
176779 4 112
180534 1 674
184809 3 1064
190201 1 705
192108 1 899
192752 4 144
204657 19 704
205239 9 704
207236 12 220
209290 1 61
213175 1 319
214387 2 628
216922 5 102
219077 12 241
224739 15 296
224806 2 46
226600 4 75
229411 2 51
230349 3 221
231978 3 45
232046 4 48
232208 8 86
232222 10 116
235392 2 53
236005 7 288
236235 5 740
237653 10 173
250325 1 6286
252599 3 51
253185 1 398
260536 1 465
262642 25 519
265845 1 17259
270890 2 2870
276078 3 5007
276470 10 782
280619 21 11500
289348 4 18428
289732 6 4132
289734 1 4107
290117 1 188
292061 2 136
292552 4 139
294967 3 7544
301865 4 18367
303731 10 3106
303734 40 25485
308186 1 36306
308513 3 8438
312401 1 5388
316351 1 4224
320247 2 10051
320248 8 13098
326129 1 67196
329231 2 7437
329569 1 7587
329804 4 7586
337203 1 153
347837 15 63219
352626 1 7519
359152 3 9815
367791 3 2239
373834 1 44460
374994 2 13993
376386 2 9418
378071 2 7768
378318 2 549
387619 10 1894
393550 2 30891
396258 2 38258
399252 2 189
400431 2 536
400913 5 17082
401829 1 536
404960 1 136
406969 1 1875
412727 1 254
413101 1 1074
413645 1 1197
414372 1 117
414618 1 912
414731 1 1087
418279 1 218
419092 1 1545
422012 4 434
426516 1 123
428874 1 252
436739 1 681
438213 1 1077
442956 2 322
442967 2 1185
444179 6 3327
446686 1 1090
447259 7 200
447738 1 315
448345 29 1666
449165 2 160
449421 1 135
449637 4 239
453460 15 424
453605 1 119
453889 1 238
461873 2 377
462143 1 363
463202 2 1261
463819 1 783
465245 1 457
466471 1 3403
466571 3 523
466780 1 1225
467711 9 357
467953 1 701
469191 1 449
470852 1 417
471856 1 126
471871 1 796
472590 1 445
473568 1 557
473825 2 1587
473877 8 584
475823 1 377
475990 1 785
476544 1 856
478315 2 778
478852 2 3420
480476 1 179
482723 1 87
483300 1 505
483764 1 71
484105 3 94
486214 2 882
487022 4 450
488099 1 956
488569 2 551
488658 2 335
489309 12 221
493547 1 109
496894 1 479
497128 9 920
498246 1 459
504903 1 941
505897 2 589
508635 1 589
510759 1 153
512633 1 1634
512960 1 900
513262 2 387
520321 8 1697
521261 2 627
525424 1 597
525606 2 2915
527549 1 441
527963 1 145
