55729 1 219
56573 1 484
56701 1 496
57761 5 494
58696 1 125
60148 3 183
60810 3 216
64632 1 150
65474 1 84
65926 3 157
66599 1 32
66816 1 31
67627 1 116
67874 1 214
68080 2 135
69072 2 356
69208 2 213
69677 3 465
71934 2 175
72174 9 182
73814 1 403
73837 1 73
73940 2 179
75074 1 25
75533 1 248
76205 1 447
76262 11 1017
76409 1 440
76937 1 76
78102 7 553
78827 6 176
78996 7 541
80494 1 30
83599 5 553
83603 1 662
83607 12 521
83608 4 530
83610 11 785
84560 5 159
85149 1 179
86502 2 164
89159 1 234
89857 2 216
90180 2 188
90685 4 435
90896 1 157
91059 2 233
91182 4 100
91377 2 142
92430 1 98
94626 1 181
95187 1 286
95441 2 73
95475 2 124
95804 1 30
97984 8 555
103140 4 122
105268 1 74
107383 1 276
108851 1 156
109635 2 209
110164 6 193
113409 5 160
113835 5 471
114244 1 404
116605 2 560
117014 1 164
117741 1 88
118005 1 68
118087 3 158
119002 2 208
121031 3 579
122038 7 619
123350 3 237
123473 1 233
129536 1 824
129541 2 452
130238 2 122
130701 2 503
130792 2 507
132483 1 119
133175 3 541
133904 1 118
135745 1 195
139485 4 472
139998 2 380
140346 1 775
142355 2 213
142415 1 100
142506 1 73
143569 2 136
144236 2 98
145757 7 177
146240 4 292
146448 10 512
146456 3 313
146458 3 637
146460 4 440
146461 12 805
149608 2 217
150323 3 498
150785 5 184
150801 1 254
152881 3 432
153076 2 206
154642 2 277
155530 1 151
157301 3 176
158426 2 51
160193 2 112
160602 4 485
161504 1 163
161628 2 96
161782 1 224
162369 1 41
163941 3 519
166628 3 193
167485 3 413
168364 1 103
173767 3 229
174575 1 580
175375 1 175
175570 9 288
176673 1 242
177910 2 645
178637 3 138
180685 5 475
186071 2 136
186077 2 184
188060 1 183
189749 2 140
190257 2 191
192805 2 504
193166 3 237
193596 4 517
195550 1 101
197612 5 131
197777 2 146
197905 4 466
200614 1 156
201031 1 160
202587 3 185
205029 6 708
205521 2 209
206825 4 205
207568 11 774
209366 2 550
212257 1 82
212583 2 214
213118 4 181
218108 3 128
218114 3 191
219873 2 91
219932 1 1280
220562 1 186
222707 1 191
224215 2 138
224621 2 134
226480 7 561
228477 1 159
228483 5 566
233239 3 427
234610 2 241
235789 5 233
236746 1 215
238685 1 200
239538 1 312
240589 3 565
241040 1 59
241269 3 189
242671 1 594
242677 6 579
242680 1 764
243036 1 1204
243867 2 193
244364 4 621
244716 5 528
245984 7 182
246860 1 643
248363 1 172
248376 1 171
250230 12 529
250827 12 601
252306 1 238
252783 4 379
253743 1 114
254181 1 1275
254946 1 122
254961 1 114
256612 1 133
257048 3 142
257551 1 131
261016 2 143
262645 1 75
275703 2 162
275705 1 72
275707 2 105
275881 1 90
276090 6 201
276220 6 313
276251 6 313
276288 3 253
276293 3 253
276338 2 352
276339 3 122
276433 5 327
276457 2 152
276484 7 419
276485 4 358
276540 6 210
276541 3 170
276627 2 660
276681 3 198
276682 3 160
276693 2 94
276742 1 138
276785 3 263
276844 1 463
276891 7 512
276893 1 298
276894 4 334
276954 1 120
277075 3 247
277153 10 450
277171 9 446
277243 4 426
277252 4 201
277433 1 295
277538 1 301
277669 1 408
277746 3 196
277748 7 330
277815 1 193
283988 1 545
284172 3 139
284238 7 443
287345 1 154
293581 1 157
293772 1 163
297848 2 342
298026 2 252
298027 2 308
298028 2 242
298548 4 299
298549 5 605
298655 3 176
298656 4 296
298822 4 534
298871 2 364
298995 3 215
298996 5 234
299100 1 83
299134 5 232
299275 2 152
299292 3 319
299360 1 117
299986 5 208
305593 1 153
306866 6 121
307778 3 262
316357 6 377
316530 6 466
316709 2 132
316808 4 147
316822 12 474
316827 1 210
316828 5 322
316833 5 202
316867 1 224
317026 4 251
317163 2 336
317377 3 259
317476 3 320
317477 3 147
317505 4 355
317542 6 118
317856 1 113
317857 2 364
319614 3 90
319691 3 90
324803 3 222
330804 2 132
330805 2 184
330806 5 184
331580 3 104
337215 4 300
337301 4 340
337302 2 555
337333 5 400
337431 7 160
337481 2 411
337581 1 66
337679 4 114
337704 1 94
337743 5 130
337776 3 243
337789 3 241
337797 10 346
337799 4 297
337802 5 177
337999 9 193
338013 8 171
338022 3 99
338127 5 243
338186 6 284
338187 3 247
338214 1 378
338215 1 151
338296 2 129
338403 1 170
338425 6 194
338478 5 218
338479 5 284
338576 1 110
338774 2 162
338823 1 92
338824 1 150
338840 6 170
338940 10 455
338971 1 184
351986 4 121
352792 3 76
358396 1 3630
360208 3 108
360365 14 1408
360366 6 190
360484 5 1597
360945 3 150
361034 3 231
361108 2 528
361184 2 125
361250 3 144
361297 6 220
361423 11 305
361510 2 235
361533 4 970
361562 4 282
361634 17 743
361943 3 218
361944 4 280
362022 10 446
362097 7 284
362162 7 380
362191 6 197
362351 5 165
362360 4 254
362361 4 137
362372 7 384
362412 4 254
362413 4 137
367452 4 385
373848 1 2678
378238 8 216
378589 3 158
379158 6 133
379159 5 274
383608 2 480
383745 5 1317
383828 17 2521
383829 1 219
383830 3 312
383831 4 292
383873 2 115
383986 6 2003
383999 1 163
384002 6 221
384106 7 752
384210 3 199
384300 1 97
384304 2 201
384305 3 197
384411 6 257
384518 2 549
384629 12 411
384630 4 264
384631 3 181
384719 2 318
384800 2 134
384994 5 204
384999 3 234
385160 9 247
385161 6 183
385214 6 505
385340 3 329
386936 1 129
388840 8 250
389700 2 97
389939 2 183
389941 2 93
389994 4 191
390218 2 230
390330 2 230
391379 7 328
392341 3 184
392508 2 99
392749 1 733
395242 3 23266
400781 3 374
412587 3 152
422758 1 262
444338 3 776
472508 1 98
476519 1 974
496690 3 590
498738 3 278
500984 5 369
518275 5 71
521971 5 461
56573 2 484
56701 4 496
57754 2 40
57761 1 494
58112 16 205
60148 1 183
60810 4 216
66381 1 294
69196 4 49
71119 1 28
71518 2 210
72174 1 182
73814 2 403
74474 2 37
75260 1 105
75533 1 248
75579 1 27
75607 2 105
76084 2 227
76205 1 447
76262 12 1017
76409 4 440
76937 1 76
78102 7 553
78233 2 29
78750 1 431
80001 3 423
81571 3 146
82541 2 60
82704 2 61
83599 1 553
83607 1 521
83610 1 785
89159 3 234
90685 6 435
90896 1 157
91059 1 233
99745 3 40
101153 4 77
102903 1 161
104687 2 41
107195 1 152
107383 1 276
108851 4 156
109071 1 39
109799 2 33
110164 1 193
110368 2 31
112693 2 30
113409 1 160
113927 2 194
114244 1 404
115981 2 107
116605 1 560
116915 2 155
117014 2 164
117741 1 88
118592 4 188
118669 2 31
119326 1 169
121031 27 579
122038 1 619
123350 6 237
123473 10 233
125337 2 38
125374 1 57
128814 1 36
129536 1 824
129541 1 452
130701 1 503
130792 1 507
133175 3 541
133396 2 50
133904 2 118
135341 4 417
136463 4 49
139216 6 283
139485 1 472
139804 1 154
139998 4 380
140346 1 775
142415 1 100
143051 3 37
143062 3 40
144900 2 141
145072 3 31
145757 5 177
146456 2 313
146458 2 637
146460 3 440
146567 2 41
146886 2 36
148737 2 40
149506 2 93
149608 3 217
150785 2 184
150801 1 254
151731 3 36
156817 5 257
156963 3 51
157040 1 235
157088 2 180
157301 7 176
159494 2 38
160469 5 159
160602 1 485
161246 5 217
161782 4 224
161843 5 259
162975 1 43
163577 3 53
164579 2 162
166628 4 193
167483 3 161
167772 1 107
168166 5 76
169621 3 55
170211 2 45
171283 3 48
171776 2 204
174290 3 162
174702 2 41
175375 4 175
176673 2 242
176790 3 143
176927 6 104
177910 2 645
178567 1 52
178786 3 209
178794 2 152
180785 2 46
181152 2 36
184727 4 59
185870 4 64
186071 1 136
186077 1 184
186129 6 194
186297 4 73
188957 1 205
189299 1 132
189948 2 209
189971 1 136
190257 3 191
190592 3 245
193166 5 237
194177 3 41
197208 3 45
197905 3 466
200501 2 226
200815 1 48
201031 2 160
201279 8 164
201777 1 170
204028 1 104
204891 3 43
205029 2 708
205521 3 209
208730 2 217
209142 1 190
209804 2 139
209948 3 116
210752 4 41
212202 2 39
213096 3 314
215099 3 40
218108 1 128
218114 2 191
218259 1 167
218301 2 47
219251 2 797
219932 1 1280
222707 1 191
223676 1 610
224462 10 209
225006 9 199
225010 12 187
225894 2 289
228190 3 49
231370 3 41
233239 3 427
234610 1 241
235620 3 61
236004 8 173
237110 3 40
237958 2 54
238021 3 164
238428 3 40
238839 5 97
239543 3 53
242677 1 579
242934 2 40
243036 4 1204
246860 7 643
247105 1 36
248363 3 172
248376 1 171
249809 5 133
252502 5 72
252783 6 379
253743 4 114
254946 2 122
254961 2 114
256612 3 133
257376 2 85
257551 5 131
258704 3 41
259268 3 40
260272 1 82
260956 4 88
261016 5 143
264294 2 414
265180 2 46
265342 2 30
265854 9 21100
267927 3 345
269996 2 6852
273641 4 143
276220 2 313
276251 2 313
276288 7 253
276293 7 253
276338 6 352
276339 3 122
276433 5 327
276484 5 419
276485 7 358
276540 6 210
276891 1 512
276893 1 298
276894 6 334
277243 1 426
277433 3 295
283988 3 545
285734 1 151
287345 1 154
291636 8 325
292190 1 120
297538 3 2306
297848 2 342
298026 1 252
298211 1 211
298474 2 160
298548 8 299
298656 8 296
298759 5 148
298822 4 534
298871 2 364
299292 3 319
303726 6 248
305593 1 153
308953 5 14138
309007 5 14138
316357 8 377
316530 2 466
316828 7 322
316867 1 224
317163 1 336
317476 1 320
324803 3 222
327394 12 22044
330209 21 654
330333 14 336
330623 15 1698
330894 9 472
331005 6 232
331081 27 938
337301 10 340
337302 4 555
337333 1 400
337704 1 94
337776 6 243
337797 1 346
338296 1 129
338479 1 284
338576 1 110
338774 3 162
338940 2 455
347869 3 47445
353931 24 633
354154 9 199
358396 1 3630
360366 5 190
360484 1 1597
361034 1 231
361510 1 235
361944 4 280
362360 1 254
362361 2 137
362412 1 254
362413 2 137
363965 8 6146
367452 1 385
373848 8 2678
377341 22 719
378378 34 945
381121 5 122
383608 8 480
383745 1 1317
383829 1 219
383830 2 312
383986 1 2003
384106 7 752
384719 2 318
385161 1 183
386936 3 129
386937 14 253
392341 1 184
392749 1 733
393550 11 30891
393747 1 58177
395242 6 23266
412587 1 152
444338 1 776
466295 3 123
472508 1 98
476519 1 974
493082 5 348
510289 1 179
33 3 19382
4338 3 16989
36802 4 29903
47642 12 11472
52214 13 64459
55729 2 219
60810 3 216
61845 3 58
67627 1 116
67874 2 214
68246 1 28
69208 1 213
71120 1 29
72174 1 182
73814 2 403
73864 1 28
78102 1 553
82541 2 60
83604 1 471
83607 6 521
83610 1 785
95187 1 286
101153 2 77
109635 2 209
114244 1 404
118087 1 158
119326 11 169
124348 1 783
125374 3 57
126264 2 49
130701 1 503
130792 1 507
133175 1 541
137683 1 300
139485 1 472
139804 1 154
139998 4 380
141634 1 237
146240 1 292
146448 1 512
146456 1 313
148174 1 452
150801 1 254
154642 1 277
160193 1 112
161843 1 259
176790 1 143
176927 1 104
177910 1 645
186071 1 136
186077 1 184
186129 1 194
200614 1 156
200815 1 48
205004 1 1118
205521 1 209
209948 1 116
216862 2 37
218108 1 128
218114 1 191
224462 1 209
225894 3 289
228483 1 566
232185 1 447
236746 1 215
238030 1 505
239538 1 312
242677 4 579
243501 1 206
252306 1 238
252783 1 379
254181 2 1275
257048 1 142
264294 1 414
265854 11 21100
267927 2 345
269996 17 6852
275707 1 105
275881 1 90
276220 1 313
276251 1 313
276338 2 352
276339 2 122
276433 3 327
276484 4 419
276485 1 358
276540 1 210
276541 3 170
276627 2 660
276681 2 198
276693 1 94
276785 1 263
276844 2 463
276891 2 512
276893 2 298
276894 1 334
277153 2 450
277243 4 426
277252 1 201
277669 2 408
277748 2 330
280619 33 11500
283988 2 545
284172 2 139
284238 1 443
286583 9 19748
289348 71 18428
290440 1 15196
291636 5 325
292823 1 720
293581 2 157
293772 1 163
297538 48 2306
298026 1 252
298027 2 308
298548 2 299
298549 1 605
298871 1 364
298995 2 215
298996 1 234
299100 1 83
299292 1 319
299986 8 208
301865 30 18367
303726 4 248
303731 3 3106
303734 70 25485
307453 18 49380
307762 5 3336
308553 78 8271
308953 1 14138
309007 1 14138
312213 16 1329
316277 1 234
316357 2 377
316416 3 222
316789 1 506
316822 1 474
316833 1 202
316867 2 224
317688 1 242
319614 2 90
319691 2 90
320540 3 1515
324803 1 222
326129 25 67196
326980 10 5042
327122 13 16929
327123 13 16927
327394 19 22044
330209 9 654
330333 7 336
330623 15 1698
330804 1 132
330805 1 184
330806 2 184
330894 7 472
331005 3 232
331081 12 938
331580 4 104
337301 1 340
337302 2 555
337431 1 160
337481 5 411
337581 1 66
337679 1 114
337704 1 94
337743 1 130
337789 1 241
337797 1 346
337799 4 297
338013 1 171
338022 3 99
338186 4 284
338187 1 247
338214 7 378
338215 4 151
338774 1 162
338823 1 92
338824 3 150
338940 2 455
338971 1 184
347837 26 63219
347869 2 47445
351986 1 121
352792 1 76
353931 6 633
354154 3 199
356395 1 260
357489 1 244
358396 3 3630
360365 2 1408
361108 1 528
361250 1 144
361510 1 235
361533 12 970
361644 1 92
361943 1 218
362022 12 446
362097 2 284
362162 1 380
362191 1 197
362351 1 165
362360 3 254
362412 3 254
363965 35 6146
368581 1 141
373834 21 44460
377341 8 719
378378 4 945
378837 1 148
380593 1 565
383608 1 480
383697 1 380
383745 1 1317
383754 2 5970
383828 4 2521
383831 5 292
383873 1 115
384002 5 221
384106 1 752
384210 2 199
384223 1 222
384304 5 201
384305 2 197
384518 15 549
384561 4 256
384629 9 411
384630 1 264
384719 3 318
384999 3 234
385214 4 505
385340 4 329
386937 5 253
389700 2 97
389701 3 125
389939 3 183
389940 4 246
389941 1 93
389994 4 191
390218 3 230
390330 3 230
391379 1 328
393550 17 30891
395242 7 23266
395574 1 1272
396258 42 38258
412587 2 152
425360 1 53
472508 3 98
476519 2 974
478342 1 62
493082 11 348
