57209 1 36
57762 7 303
58231 3 586
58745 10 1019
58978 2 605
58981 5 995
60045 1 328
63669 2 61
64365 1 180
69101 1 35
69109 1 35
69114 2 42
71003 2 37
72282 1 82
72306 2 32
75687 2 355
75836 2 73
76864 10 453
77516 3 159
78791 2 65
79358 2 431
80137 1 110
82029 1 305
82032 1 350
83193 4 514
83512 2 74
85484 1 59
85493 1 37
85658 6 924
87424 1 404
91630 2 325
92144 2 42
93573 3 588
93957 2 183
95629 7 530
96086 4 293
96543 1 30
97541 5 639
97807 3 47
98051 2 173
98052 2 113
99415 2 191
99448 5 290
100302 2 328
101079 2 152
101274 3 124
104821 1 53
105018 3 289
107268 1 31
107607 1 256
108903 1 114
110940 4 270
111522 1 236
115319 1 40
115807 1 255
116608 2 383
116617 1 284
120124 1 155
134154 3 136
134162 1 79
139338 4 1081
140977 1 109
143374 3 747
144722 3 475
144894 2 308
150754 1 175
150768 4 260
152531 1 197
153315 2 506
153712 3 411
153785 1 266
154551 3 730
154809 3 301
154815 3 335
155006 1 365
155541 4 274
155763 1 352
155800 5 420
156082 7 730
156176 5 315
158150 1 471
159264 1 202
161217 1 83
162841 6 409
162843 5 669
162857 6 691
167262 1 192
168328 4 228
168648 2 135
168662 3 142
169259 3 509
169922 3 124
169989 1 213
171355 1 95
171815 1 232
173091 1 592
173890 1 233
173892 3 267
174189 1 48
176283 3 1097
178566 2 65
181560 3 585
182205 8 469
184720 1 43
186984 2 165
187702 1 282
187989 1 289
188347 1 329
195390 2 532
195810 5 475
197509 1 136
198895 1 90
199208 1 53
200453 1 281
203171 2 58
204010 2 484
204349 1 1322
205769 1 581
207629 1 175
208998 1 52
212623 1 60
212670 1 213
215398 1 85
215434 1 45
216047 2 50
217210 3 557
218637 2 219
219294 1 106
220224 5 452
221243 1 107
222451 1 125
223284 1 115
223468 1 49
226335 4 564
226616 1 254
226813 2 294
227035 1 644
227037 1 357
227380 1 377
227633 1 176
227855 1 55
228265 1 301
228394 1 379
228492 1 258
228724 16 500
228948 1 363
229710 1 114
229711 2 104
232927 4 486
233037 2 275
233246 9 538
233748 4 359
234984 1 246
235364 1 137
238043 2 293
239674 1 254
240318 5 785
241328 4 507
241359 4 623
241538 5 561
241549 5 900
243179 1 186
244338 1 191
245845 4 242
246706 3 150
247876 1 125
250779 1 252
250829 2 576
251533 4 300
252591 1 300
253830 3 347
253834 4 324
254123 1 152
255334 11 334
255388 1 116
258489 1 291
259042 6 1100
261244 1 47
262113 3 375
265845 3 17259
265913 1 122
265960 1 298
265994 1 2146
266053 3 956
266058 1 132
266072 2 450
266083 2 450
266258 2 709
266339 3 226
266389 5 811
266405 3 315
266473 1 250
266496 1 245
266713 8 2399
266727 1 122
267225 1 126
267230 1 277
267311 1 235
267325 1 87
276320 6 403
287467 2 101
287593 7 409
288257 1 784
289311 1 3214
290450 1 3129
290497 1 196
290505 3 343
290556 6 329
290648 2 328
290731 4 246
290806 3 183
290905 3 614
291105 2 137
291122 3 357
291130 9 1424
291386 3 380
291458 3 623
291501 1 192
294967 1 7544
300655 4 424
301865 9 18367
308246 1 20735
309044 3 546
309295 1 230
309302 1 392
309338 14 1379
309389 2 3655
309404 1 108
309524 1 395
309596 4 192
309617 2 150
309728 1 314
309824 3 181
309852 5 538
309902 1 100
312401 1 5388
327426 2 247
327520 1 87
327610 2 101
327661 1 192
327704 3 2711
327746 1 213
327779 1 318
327884 4 214
327945 6 115
328134 1 378
328138 6 505
328160 1 318
328228 1 189
328257 1 163
328319 7 1482
328339 1 146
328398 1 388
328437 3 861
328471 2 367
328527 1 228
328528 1 237
328752 1 396
328810 4 345
328818 1 301
328832 1 328
328842 1 266
328854 4 1138
329947 5 338
331399 9 388
337817 9 447
346036 1 121
346211 3 388
346258 1 217
346274 2 372
350520 7 554
350551 2 272
350567 2 422
350617 5 660
350664 3 170
350678 1 398
350732 2 161
350806 2 204
350807 6 260
351039 1 168
351067 2 252
351100 10 1658
351103 1 358
351104 1 112
351106 1 139
351150 4 239
351155 2 414
351157 1 237
351241 2 598
351242 1 105
351249 2 386
351395 9 169
351401 3 134
351442 1 200
351503 5 318
351525 2 182
351588 2 123
351646 2 189
351655 5 1635
351682 1 166
353131 4 133
354417 2 565
356266 2 343
359152 1 9815
361728 1 130
369454 6 537
369958 3 587
370377 3 215
370876 4 761
371179 2 357
371184 1 182
371230 1 290
371236 1 197
371251 2 294
371298 6 1001
371334 3 307
371385 6 499
371510 1 208
371515 3 333
371568 4 805
371572 4 268
373200 1 280
375099 1 239
375169 2 198
375173 2 360
375317 1 129
375321 1 387
375333 3 189
375366 4 473
375380 1 106
375430 1 199
375642 1 312
375815 1 87
375839 1 197
375892 2 88
375941 1 149
375974 4 570
376023 1 268
376047 1 633
376100 1 114
376109 6 217
376138 1 133
376203 1 333
392615 1 224
393550 1 30891
400571 2 221
400692 6 400
400780 13 541
400913 6 17082
410272 1 76
410707 4 506
413020 3 115
416438 1 740
418838 1 740
428221 2 262
429110 5 649
441635 6 796
447544 7 954
449175 1 725
452716 1 317
455524 1 71
457090 5 422
458668 7 445
463208 5 897
463689 5 372
464310 2 303
465839 2 291
467060 23 1675
470243 1 227
471962 1 203
472273 2 578
473059 1 76
474194 5 1171
474277 2 159
474583 2 150
474820 13 600
475175 5 409
476648 4 258
477012 5 565
477277 2 262
477410 1 599
478107 2 474
478726 3 306
479739 3 102
480152 5 605
480532 2 231
480614 2 106
481592 2 106
481663 2 541
483323 5 324
486424 3 416
486464 8 295
486666 5 1186
486737 8 1476
490080 2 379
490355 4 358
491892 2 171
493510 5 715
496094 5 437
499386 1 434
500382 2 403
513044 1 105
513382 5 962
516390 5 222
518289 2 499
520962 3 3046
528060 2 1396
9456 6 477
9469 3 230
9480 4 496
9489 3 534
9490 1 656
9515 3 397
9523 2 260
9567 5 305
18937 3 643
38688 21 2505
52214 1 64459
52792 6 715
52802 3 457
52809 2 839
52814 3 774
52815 1 475
52831 3 735
52867 7 475
52868 3 166
58033 1 547
58113 1 615
58356 1 268
60102 2 488
62224 2 116
66360 1 29
68751 3 330
71562 5 278
72282 1 82
72625 2 236
72848 1 215
74780 2 53
75769 1 337
79688 2 108
80912 1 239
82029 1 305
82032 2 350
85484 1 59
87424 1 404
93573 2 588
93979 1 26
95175 3 352
96086 1 293
97224 2 246
97541 1 639
98350 1 408
98878 1 126
99503 3 41
100125 1 310
100128 2 492
102591 1 116
107553 1 415
107931 1 451
109485 1 73
111522 3 236
115527 2 161
116707 1 193
117746 2 150
117867 1 660
118970 1 37
119867 1 38
120741 1 56
123007 1 396
124498 2 49
124506 2 545
125879 3 313
126065 1 58
127125 1 49
129024 1 614
132602 1 680
133173 5 248
133864 1 219
135025 5 315
137054 2 204
138615 1 178
138648 2 519
138661 1 177
139664 1 45
142661 1 130
142882 2 240
142934 1 432
143140 1 408
147380 1 151
148088 2 181
150024 1 240
150036 4 251
150754 2 175
151084 6 525
153315 1 506
153785 3 266
154673 1 97
154921 3 331
157745 5 483
158093 1 128
158150 5 471
158852 2 232
159264 2 202
160583 1 75
160584 2 272
160961 9 442
161820 1 355
162584 2 163
163244 1 206
165097 1 506
165877 1 137
166509 2 107
166644 2 179
167073 5 258
167263 6 224
169143 1 92
169590 2 371
169989 3 213
172508 1 255
172599 1 597
173661 1 194
173666 3 288
173703 1 54
173877 2 474
173890 3 233
175656 2 487
176650 1 92
177365 1 475
185936 3 139
186847 10 378
186848 4 669
187702 1 282
189760 1 475
189981 1 412
203154 1 177
205769 1 581
205927 2 86
207848 1 58
209988 2 287
210532 1 62
211277 1 338
212670 2 213
212879 2 467
213121 2 261
213311 5 463
213360 1 366
214901 2 265
214910 2 268
215390 2 78
215992 1 315
217210 6 557
217644 1 160
218637 1 219
219294 2 106
219541 1 227
220305 1 211
223633 1 203
224243 1 205
224499 3 177
225174 1 336
226173 1 288
226206 1 171
226335 1 564
226616 1 254
226813 1 294
227373 1 389
227380 2 377
227855 1 55
228265 1 301
228394 3 379
228492 1 258
229709 1 582
231060 1 50
233748 1 359
234625 1 184
235834 4 229
238063 1 48
238867 2 320
239674 1 254
240179 1 374
241062 1 264
241486 1 302
242976 1 205
243174 1 549
243844 3 404
244392 2 160
244981 1 350
246937 1 1056
249364 1 348
253530 2 135
253878 1 126
254381 1 618
256085 3 258
259322 1 93
261244 1 47
262007 1 41
265845 3 17259
265960 2 298
265994 1 2146
266057 5 107
266058 5 132
266072 1 450
266083 1 450
266221 4 173
266258 1 709
266339 1 226
266405 1 315
266421 1 109
266473 3 250
266496 3 245
266507 1 261
266661 1 381
266682 3 179
266713 6 2399
266727 1 122
266797 1 137
266866 1 132
267144 2 245
267225 2 126
267230 3 277
267311 1 235
267327 3 119
267328 2 124
268303 1 6782
269869 20 595
269996 1 6852
270172 16 504
272675 2 396
276420 3 451
276947 3 168
278564 2 479
280222 1 419
280619 1 11500
281372 1 225
283823 1 788
286583 55 19748
286791 22 1566
287345 1 154
288510 2 483
288808 1 352
289006 3 456
289311 2 3214
289348 1 18428
290440 1 15196
290450 1 3129
290465 2 15747
290497 1 196
290531 1 160
290648 1 328
290809 2 158
290810 1 163
290811 2 301
290813 2 185
290905 2 614
291130 2 1424
291180 1 229
291182 2 108
291401 1 132
291406 1 405
291501 1 192
291530 4 109
292816 6 132
293927 3 250
295375 1 475
295411 2 187
295873 4 3378
296069 1 294
296335 2 179
297956 2 3184
298357 1 100
298376 1 203
298903 1 282
299458 1 74
300582 1 194
300590 2 360
300655 4 424
301016 1 1779
301865 2 18367
302412 3 88
303432 1 108
303734 6 25485
305593 1 153
307453 1 49380
307766 1 396
308246 7 20735
308257 2 12090
308513 6 8438
308654 1 2015
308919 3 13545
308973 3 13545
309044 1 546
309188 1 97
309210 1 83
309302 3 392
309320 1 84
309338 1 1379
309524 1 395
309617 1 150
309637 1 81
309824 1 181
309852 3 538
309902 1 100
309924 2 110
310018 1 137
314756 3 130
316566 2 320
316665 13 328
316754 1 376
317344 2 313
317737 4 393
317847 4 393
317851 1 434
318452 1 1374
318587 2 127
320025 2 487
322597 1 717
323063 1 168
323637 3 231
325193 2 1586
326775 3 240
326816 7 759
327384 1 19585
327394 2 22044
327464 1 186
327501 1 65
327549 3 231
327662 1 306
327678 2 326
327679 2 172
327747 1 200
327764 4 199
327779 6 318
327787 1 111
327817 1 117
327925 2 267
327947 2 100
328006 4 191
328012 1 182
328079 1 133
328081 3 112
328134 3 378
328228 1 189
328257 2 163
328277 1 328
328339 1 146
328413 2 230
328528 1 237
328535 1 176
328723 2 259
328810 2 345
328818 1 301
328819 2 197
328842 1 266
329225 3 7875
329226 1 8776
329231 2 7437
329407 2 7463
329441 14 350
329569 1 7587
330099 3 6898
331432 2 8083
335777 5 320
335879 1 197
336580 1 112
338098 4 297
338491 9 278
339304 2 170
339312 1 190
339313 3 72
339361 2 201
339677 3 131
339713 2 283
343371 2 219
346211 1 388
346258 1 217
346274 2 372
346391 1 142
346464 1 566
346481 1 222
347658 1 137
347837 11 63219
347869 9 47445
350502 4 289
350551 2 272
350620 2 539
350626 1 199
350638 7 376
350639 2 110
350678 2 398
350687 4 166
350738 6 396
350753 3 182
350765 3 199
350766 2 210
350770 1 126
350772 1 292
350831 4 234
350832 3 106
350835 3 281
350863 2 321
350873 2 138
350875 2 115
350901 1 372
350938 1 142
350946 5 234
350974 1 98
350975 1 317
351039 3 168
351042 3 145
351078 1 145
351082 3 89
351103 3 358
351155 2 414
351181 1 114
351208 4 325
351211 1 224
351213 3 174
351243 4 183
351246 1 175
351249 1 386
351297 1 128
351300 5 362
351336 1 285
351361 2 73
351362 2 301
351419 4 420
351486 2 88
351520 1 215
351529 1 213
351532 3 370
351581 2 121
351582 2 256
351588 2 123
351619 1 240
351633 3 458
351646 1 189
351655 1 1635
351682 1 166
354417 2 565
355167 1 154
356101 1 150
356266 2 343
359172 1 2405
361105 1 4143
361728 1 130
363371 1 270
363373 1 104
363695 1 141
363939 1 83
364171 2 233
365077 1 152
365321 3 203
365356 2 108
365399 2 204
365673 5 366
369958 1 587
370034 1 204
370377 1 215
370876 1 761
371179 1 357
371184 1 182
371230 1 290
371251 1 294
371298 1 1001
371334 2 307
371515 2 333
372327 7 1947
373200 1 280
373614 7 474
373640 1 71
373808 1 209
373834 1 44460
374014 2 80805
374605 1 474
374974 7 12901
375019 1 306
375021 2 142
375099 2 239
375142 2 234
375173 3 360
375175 7 657
375282 1 167
375333 2 189
375393 3 121
375471 2 137
375553 2 260
375578 1 138
375642 2 312
375706 1 98
375707 1 96
375839 1 197
375941 1 149
375974 3 570
376023 1 268
376047 1 633
376113 2 160
376138 1 133
376148 1 93
376153 2 160
376203 1 333
376204 1 357
376386 3 9418
376610 5 7750
377998 1 122
378266 1 7092
381151 1 107
381852 3 105
381996 4 305
382610 2 265
385142 17 838
385288 7 474
386438 1 114
386815 4 126
387803 2 187
388012 5 321
390146 1 264
392558 1 415
392615 1 224
393526 1 8178
393550 3 30891
393747 14 58177
393955 2 2373
395103 2 400
395640 10 17885
395648 4 1177
396258 2 38258
396575 3 101
398430 2 334
398916 1 482
399293 15 497
399304 3 457
400571 1 221
401693 2 541
402543 1 875
403304 1 772
403961 7 564
404180 6 695
405141 8 422
405950 2 747
407445 2 362
408139 1 81
410110 2 764
410707 1 506
411014 1 557
413020 1 115
413036 8 833
413673 11 423
418071 1 644
422118 3 325
422328 13 482
423276 2 890
423278 1 317
423408 2 398
424065 2 1393
424129 4 241
428681 3 416
429113 1 311
430171 1 394
432395 1 86
435603 2 266
436587 1 355
442169 1 1247
442759 2 426
448017 3 464
449011 1 42
449175 2 725
450674 4 83
451892 2 1467
452229 1 109
452716 2 317
453819 1 178
454442 2 392
455524 1 71
457183 2 177
457333 2 619
459242 3 754
461949 1 534
463208 1 897
463956 2 402
464310 5 303
465839 1 291
468514 2 280
468673 1 161
471404 6 2313
471962 1 203
472273 1 578
474194 2 1171
475175 1 409
476515 3 90
476648 3 258
477012 2 565
480577 3 540
481889 3 604
483323 2 324
483560 1 429
484427 2 430
486464 1 295
486666 2 1186
487650 3 725
488627 1 245
488900 2 536
488903 2 209
494198 1 823
494781 1 399
498914 1 86
499842 2 481
499852 1 482
507079 1 383
510524 1 235
510944 8 522
511530 1 385
512499 1 1096
512773 3 548
516650 5 1217
517936 1 324
518289 1 499
518384 4 702
518942 2 100
524327 4 1213
524927 3 1279
524932 3 322
525285 2 1386
525290 1 155
525366 2 790
525652 3 595
525671 7 1314
525673 4 760
525688 4 544
526457 1 439
527077 1 826
528060 1 1396
528082 1 69
9456 9 477
9469 3 230
9480 5 496
9489 4 534
9490 2 656
9515 4 397
52214 1 64459
52792 9 715
52802 3 457
52809 5 839
52814 5 774
52815 2 475
52831 4 735
52838 5 602
55931 1 40
57209 1 36
58113 1 615
58231 3 586
58356 1 268
58978 2 605
59125 2 28
59366 1 185
59794 1 358
59878 1 34
59992 2 53
59999 2 27
60102 1 488
62064 1 4939
62519 1 248
63993 1 30
66566 1 40
68174 1 31
68751 2 330
69101 1 35
69109 1 35
71003 1 37
71123 1 30
71254 1 30
71562 1 278
72282 1 82
72489 2 33
72625 1 236
73011 2 32
74780 2 53
75104 2 41
75169 1 61
75273 1 40
75769 1 337
75777 1 46
76663 1 2219
80137 1 110
80912 1 239
81160 1 30
84420 2 30
85296 2 36
85493 1 37
85658 1 924
86266 2 31
90663 1 125
93978 1 25
95175 1 352
96086 2 293
97224 1 246
99524 1 215
100128 1 492
100295 1 21
100302 1 328
101836 1 328
104821 1 53
105018 3 289
107553 1 415
107931 1 451
110940 1 270
112219 2 58
115305 1 25
115319 1 40
120741 1 56
120762 1 32
123007 2 396
124506 1 545
125436 2 71
125879 1 313
135025 2 315
136852 1 45
139338 5 1081
140396 1 48
142661 1 130
142882 2 240
143140 3 408
148088 2 181
150596 3 395
150754 2 175
153315 4 506
153712 5 411
154551 2 730
154673 1 97
154809 3 301
154815 3 335
155006 1 365
155541 2 274
155763 2 352
155800 1 420
156082 2 730
156176 1 315
156177 1 39
158150 2 471
160349 1 115
160583 1 75
160961 2 442
161217 3 83
161820 1 355
164204 1 45
165097 1 506
165877 2 137
165916 2 47
166644 1 179
167073 1 258
168328 1 228
168330 2 40
168662 1 142
169143 1 92
172599 6 597
173457 4 352
173877 1 474
173892 1 267
173958 2 48
174150 2 255
176283 4 1097
176601 1 207
177365 1 475
178090 2 65
181919 2 56
185936 1 139
186847 1 378
186848 1 669
187375 1 517
187702 1 282
188347 1 329
189981 1 412
191813 1 256
201922 2 40
203154 1 177
209988 2 287
211277 2 338
212670 1 213
212877 1 349
212879 2 467
215992 1 315
217148 2 466
217210 1 557
217644 1 160
218637 1 219
219081 1 194
219294 1 106
219438 1 412
220072 1 361
220224 1 452
223284 1 115
224243 1 205
225660 3 282
226173 3 288
226616 1 254
226813 1 294
227035 4 644
227037 2 357
227373 3 389
227380 2 377
227633 1 176
228394 2 379
228948 1 363
229709 2 582
232927 2 486
233748 1 359
234984 1 246
235173 1 160
235834 1 229
235836 1 42
238063 1 48
239674 1 254
239991 1 281
240318 1 785
240725 1 133
241018 2 312
241066 2 45
241279 1 322
241549 3 900
242976 1 205
243174 3 549
243844 1 404
244981 1 350
246937 1 1056
250779 1 252
250844 3 340
251533 2 300
251816 3 54
255388 1 116
256085 1 258
260536 1 465
262007 2 41
265845 1 17259
265960 1 298
265994 1 2146
266053 1 956
266221 1 173
266258 26 709
266389 25 811
266713 1 2399
266727 1 122
267144 1 245
268303 1 6782
269996 1 6852
270890 1 2870
272671 2 4397
272675 1 396
276320 1 403
276420 7 451
276947 2 168
280222 1 419
286583 25 19748
287593 1 409
288257 2 784
289006 7 456
289723 2 2907
290440 1 15196
290450 2 3129
290648 1 328
290809 1 158
290905 20 614
291122 2 357
291458 1 623
295411 1 187
296069 1 294
296335 1 179
298357 1 100
298376 1 203
299802 1 556
300590 1 360
301865 10 18367
303731 2 3106
303734 2 25485
304844 2 1094
307453 3 49380
308187 2 51551
308513 2 8438
309044 2 546
309210 1 83
309320 1 84
309852 1 538
309902 1 100
313095 1 442
316566 1 320
317344 1 313
317737 3 393
317847 3 393
317851 2 434
323637 1 231
325193 2 1586
326775 1 240
327160 1 945
327394 2 22044
327661 2 192
327662 4 306
327722 1 282
327746 2 213
327795 1 274
327798 3 171
327884 3 214
327909 2 368
327925 1 267
328077 1 318
328079 1 133
328160 1 318
328228 2 189
328277 1 328
328339 1 146
328398 2 388
328413 1 230
328431 2 1271
328471 4 367
328527 1 228
328528 1 237
328535 1 176
328649 1 256
328723 2 259
328752 1 396
328842 1 266
335777 2 320
335879 1 197
338098 1 297
339304 1 170
339361 1 201
346036 1 121
346258 1 217
346464 1 566
346481 1 222
347658 1 137
347837 10 63219
349658 1 1312
350496 1 14081
350502 1 289
350567 1 422
350569 1 481
350678 2 398
350738 1 396
350753 1 182
350772 1 292
350806 1 204
350835 1 281
350922 2 212
350976 1 152
351039 1 168
351078 1 145
351100 2 1658
351155 2 414
351157 1 237
351158 2 124
351211 1 224
351241 1 598
351243 1 183
351401 1 134
351520 11 215
351599 1 799
351655 13 1635
356101 1 150
356266 5 343
365077 2 152
369454 2 537
369958 1 587
370136 1 548
371185 1 218
371251 1 294
371292 1 89
371298 1 1001
371334 1 307
371385 1 499
371568 3 805
372327 3 1947
373614 2 474
373640 1 71
373834 2 44460
373977 2 1049
374605 2 474
375019 1 306
375089 1 185
375169 1 198
375173 1 360
375175 1 657
375268 1 242
375321 3 387
375642 2 312
375974 1 570
376023 1 268
376044 1 178
376113 2 160
376153 2 160
376203 1 333
376204 1 357
381996 1 305
382610 1 265
385142 1 838
385288 2 474
386815 1 126
393550 9 30891
393747 1 58177
393955 5 2373
395103 1 400
395640 5 17885
395809 9 581
396258 3 38258
396575 1 101
398430 1 334
398916 6 482
399293 5 497
399304 3 457
400692 1 400
400780 2 541
400913 30 17082
401200 3 888
401693 3 541
402543 1 875
403304 2 772
403961 6 564
405950 2 747
406050 2 602
408139 2 81
410110 1 764
410707 3 506
413020 1 115
416438 5 740
418071 2 644
418213 1 3418
418838 5 740
422328 10 482
423276 1 890
423278 1 317
423408 1 398
424065 9 1393
428221 1 262
429110 1 649
429113 2 311
433929 2 199
435603 3 266
437851 1 97
438768 1 734
441635 11 796
442169 1 1247
448017 2 464
449011 1 42
451892 2 1467
452229 1 109
452881 1 558
454442 3 392
459242 4 754
459873 2 921
463208 3 897
468673 1 161
471404 2 2313
472020 1 514
473845 3 678
477277 1 262
478107 1 474
478739 1 454
479033 1 339
479256 1 489
480152 5 605
481663 2 541
484427 3 430
486464 2 295
486666 1 1186
487650 2 725
488900 6 536
488903 2 209
493510 1 715
494198 4 823
496094 2 437
499415 8 623
499842 2 481
499852 1 482
501622 1 652
504832 1 182
507079 3 383
511530 5 385
513044 4 105
513382 7 962
516650 4 1217
518289 2 499
518384 2 702
518942 1 100
519165 1 595
520360 1 458
520962 1 3046
521636 2 917
524327 6 1213
524927 1 1279
524932 2 322
525285 1 1386
525673 7 760
525688 1 544
526457 3 439
528060 3 1396
528082 1 69
