174 1 456
812 4 453
1142 3 264
1664 4 304
2000 1 152
2001 2 296
2002 1 389
2003 1 556
2004 1 420
2018 1 385
2326 1 139
2604 1 176
4370 1 358
4376 4 520
4377 1 467
4768 3 555
4769 1 134
4770 1 446
4772 1 128
4773 2 279
4775 2 753
5053 1 389
5794 2 159
8099 2 466
8331 1 361
8334 2 316
8335 1 344
8337 2 331
8885 1 160
9237 1 152
10103 2 139
10104 2 140
10870 3 352
11284 2 288
11924 1 174
11932 3 589
12364 2 345
12367 1 407
12370 1 376
12829 2 153
13196 1 157
13197 6 785
13198 3 700
13199 1 828
13200 1 367
13201 3 402
13801 1 265
14162 2 356
14163 1 160
14167 1 404
14168 1 382
14170 3 144
14471 3 317
14474 1 547
14476 3 604
14477 1 265
17524 1 157
18205 1 153
18568 1 206
18569 3 284
18570 5 367
19083 1 121
19856 1 145
20710 1 652
21367 1 191
22324 1 438
22644 1 117
22895 3 454
22896 1 901
22897 1 646
24583 2 512
24585 4 459
24586 1 199
24588 3 638
24589 1 353
25064 2 210
26356 1 195
26357 1 197
26679 2 157
26680 2 154
26981 1 130
26984 2 293
26986 1 615
26987 1 372
27324 2 127
27325 1 139
28431 2 119
29531 3 527
29945 2 391
30330 1 499
30695 2 174
31904 6 458
31905 3 776
31907 3 564
31908 2 428
31909 1 352
33083 2 124
33766 2 281
33767 2 274
33768 1 304
36421 2 442
38381 2 124
38382 2 244
38383 2 624
38384 2 733
38385 1 641
38386 1 824
39065 2 395
39380 2 121
39631 3 215
40112 4 206
40375 1 143
40879 2 413
40881 2 556
40882 2 311
40883 1 333
41351 1 444
41352 4 444
41766 4 196
42000 2 163
42372 1 148
42382 1 194
42925 2 359
43591 1 135
44176 1 233
44471 2 190
44792 2 121
44793 1 514
45548 1 216
45806 1 827
46595 3 201
46957 1 483
47256 1 568
47266 2 159
47499 3 276
49593 1 158
49595 3 266
49605 1 564
49966 5 546
50155 1 736
50411 2 239
50769 2 207
51244 2 532
51253 1 330
52257 2 155
52564 1 493
53547 4 741
53843 1 234
53844 1 237
53899 4 392
53900 6 200
53901 4 439
53902 2 386
54463 2 359
56116 1 628
57891 1 316
61752 1 216
62440 5 260
64663 1 222
64880 3 181
70992 1 128
71104 1 186
72958 1 528
73838 1 72
74716 4 335
76324 1 69
84790 3 138
89697 3 212
90592 3 1449
91500 1 175
92601 1 145
94240 1 165
100943 19 591
100946 2 642
101205 1 88
104236 1 569
104551 1 54
111386 1 33
115286 1 147
115314 1 46
116965 1 104
117592 2 431
118014 1 249
118236 1 133
118245 1 36
118979 1 132
119925 2 79
120499 2 87
123725 2 392
124245 1 198
129346 1 401
131383 1 549
133626 1 228
135014 1 279
136176 1 248
146451 1 601
146988 3 837
146989 3 636
146990 1 673
151396 2 433
159557 2 390
166292 1 119
166949 1 240
178561 1 322
180200 2 824
182410 1 458
182416 1 680
186320 1 134
187620 1 191
194630 1 252
194711 4 527
195453 1 212
198267 1 300
198920 1 408
199764 1 631
203584 1 138
204941 1 121
205288 1 304
207334 1 278
207480 1 66
209672 1 503
213592 2 512
215749 1 145
215805 1 446
218208 1 171
218700 1 608
218705 3 619
220246 1 178
228792 3 648
232260 1 225
235575 1 508
241268 1 116
247726 1 228
250113 1 311
251114 1 56
252110 1 490
255333 1 488
255687 1 764
259094 1 60
259738 3 516
260549 2 361
264207 1 89
265810 3 16729
265816 3 25803
268604 1 605
269872 3 357
270148 1 260
270820 1 98
271051 3 317
271259 7 764
271887 1 257
272332 3 189
272774 3 133
272777 4 517
276845 1 288
276856 2 439
277397 4 101
286395 6 207
286398 1 101
286403 1 327
286447 3 305
286452 1 86
289140 4 109
289581 1 634
290195 3 400
290440 1 15196
292118 1 843
292442 1 369
292707 3 235
292819 2 207
294506 1 501
295245 1 113
295314 3 370
300877 5 971
301539 1 357
305988 1 1574
306237 8 26903
307212 3 364
307453 1 49380
308495 1 516
308702 1 364
308776 40 1983
308814 40 1985
308919 4 13545
308973 4 13545
311644 1 165
312845 5 162
314382 1 160
314540 3 361
316201 5 254
316724 2 436
317819 1 165
320495 4 434
325095 3 1507
325410 1 1084
326123 3 14885
326129 1 67196
327220 3 174
328992 1 5954
329208 1 9390
329285 1 296
329362 2 226
329405 1 3218
329476 1 4825
329682 1 4492
330099 1 6898
330582 1 150
331432 2 8083
331725 15 1685
332197 3 1026
332560 2 508
333206 1 85
333278 2 145
333594 5 280
334662 5 261
336426 1 112
336719 2 6871
337343 4 389
338162 1 326
338889 3 399
339403 1 413
341715 2 192
347837 2 63219
348721 6 216
349000 4 392
350449 2 14072
350479 1 11696
351800 2 361
353434 3 1348
353467 2 209
354050 1 4508
354266 2 317
354268 1 198
354756 4 1140
355392 1 339
356057 3 102
357040 2 175
357360 1 375
357872 1 108
358821 2 143
360481 4 194
360987 5 105
361441 3 249
367155 1 138
372972 1 190
374994 2 13993
376293 1 152
376386 1 9418
376430 6 179
376456 1 223
377174 4 4120
377848 1 325
378071 2 7768
378505 1 189
378800 2 342
381953 2 208
382321 2 486
382631 1 98
384036 1 242
384443 3 155
384991 1 201
385342 1 129
392397 1 159
394898 2 26758
395681 1 571
396050 1 1184
396602 1 1070
446089 1 91
447118 4 194
457052 5 1491
459274 1 1194
464426 3 535
471830 2 437
489237 1 98
492956 1 526
508489 6 789
518535 5 459
174 15 456
242 17 612
246 3 325
455 27 18030
783 3 547
784 1 549
812 10 453
1050 11 410
1142 8 264
1664 11 304
1974 4 643
2000 4 152
2001 9 296
2002 10 389
2003 17 556
2004 10 420
2005 5 416
2018 5 385
2326 4 139
2604 6 176
2641 23 17392
2678 27 522
2679 31 533
3737 15 526
3815 1 489
3822 7 441
4137 32 16130
4244 9 494
4245 13 413
4246 3 204
4338 76 16989
4370 5 358
4376 19 520
4377 6 467
4768 11 555
4769 5 134
4770 15 446
4772 4 128
4773 13 279
4774 12 352
4775 17 753
4777 8 406
5017 6 416
5053 7 389
5436 8 557
5792 6 484
5794 6 159
6367 29 17463
6610 11 262
6638 8 502
6679 2 398
7269 16 474
8099 12 466
8148 31 17754
8324 2 441
8331 5 361
8334 16 316
8335 15 344
8336 11 465
8337 12 331
8339 4 220
8885 6 160
9237 5 152
9632 4 548
9717 19 311
9755 9 185
10103 6 139
10104 3 140
10187 11 396
10870 6 352
10871 5 333
10901 22 474
10931 9 297
10938 15 510
10999 12 406
11284 13 288
11285 11 274
11286 10 390
11315 12 320
11331 17 482
11358 3 191
11924 6 174
11932 33 589
12364 18 345
12365 17 451
12366 20 421
12367 21 407
12368 10 410
12369 19 440
12370 12 376
12371 12 381
12373 11 458
12514 18 507
12822 8 441
12824 7 532
12829 7 153
12864 9 416
12865 13 454
13194 8 409
13196 6 157
13197 6 785
13198 13 700
13199 10 828
13200 9 367
13201 10 402
13202 9 449
13203 25 602
13204 11 558
13206 9 438
13232 15 341
13311 11 338
13312 9 293
13801 4 265
13912 39 17501
14162 12 356
14163 8 160
14164 11 421
14165 16 505
14166 19 374
14167 8 404
14168 9 382
14169 15 346
14170 9 144
14457 8 372
14467 6 411
14468 6 584
14471 11 317
14472 10 389
14473 12 409
14474 19 547
14475 19 303
14476 15 604
14477 4 265
14479 10 534
14480 4 209
14831 15 409
15684 8 275
16197 3 293
17524 6 157
17897 14 360
17898 21 557
17903 18 521
18205 6 153
18250 13 289
18568 7 206
18569 9 284
18570 14 367
18712 13 440
19083 5 121
19142 17 403
19147 20 353
19150 7 310
19300 2 521
19696 12 394
19697 14 416
19699 6 456
19713 28 301
19714 23 394
19854 5 332
19856 5 145
20139 4 317
20140 4 333
20603 18 572
20710 15 652
20729 14 447
21367 7 191
21526 34 316
21529 18 323
21530 29 467
21532 30 423
21533 26 391
21539 5 473
21540 4 467
21543 4 656
21614 2 32241
22224 16 437
22271 8 468
22324 5 438
22461 14 340
22644 5 117
22895 13 454
22896 17 901
22897 10 646
23470 17 438
24034 11 559
24583 9 512
24585 17 459
24586 4 199
24587 7 449
24588 21 638
24589 14 353
24590 7 490
24591 11 467
24592 11 350
24594 9 393
24728 24 727
24730 23 469
24744 28 549
24747 18 553
25064 7 210
25086 8 412
25266 14 550
25656 28 15042
26023 11 326
26047 8 633
26125 18 483
26132 23 380
26356 6 195
26357 6 197
26679 6 157
26680 6 154
26826 2 449
26981 5 130
26984 7 293
26985 8 180
26986 16 615
26987 14 372
27324 3 127
27325 4 139
27373 2 300
27424 24 13034
27595 11 393
27596 22 335
27632 5 260
27952 18 508
27970 12 412
27981 2 341
28170 4 456
28185 17 725
28223 9 591
28228 3 208
28294 16 207
28431 3 119
28576 12 440
28578 16 322
29529 24 575
29530 8 309
29531 14 527
29532 19 482
29542 3 243
29653 10 172
29657 12 243
29660 16 371
29666 20 434
29945 5 391
30330 21 499
30695 9 174
30824 20 570
31045 8 647
31629 42 21435
31840 15 504
31904 12 458
31905 21 776
31906 13 342
31907 26 564
31908 8 428
31909 11 352
32883 30 2700
33083 6 124
33766 5 281
33767 5 274
33768 7 304
33794 10 534
34050 1 390
34246 37 19523
34557 6 546
34880 13 411
35282 12 824
36421 10 442
36466 13 493
36498 38 20156
36802 83 29903
37015 3 447
37662 12 387
37836 7 231
37992 10 329
38381 3 124
38382 5 244
38383 14 624
38384 29 733
38385 15 641
38386 14 824
39065 9 395
39380 5 121
39618 4 331
39620 1 279
39631 6 215
40112 8 206
40375 5 143
40879 6 413
40880 5 193
40881 14 556
40882 14 311
40883 11 333
40884 11 465
41327 2 520
41329 8 295
41351 9 444
41352 10 444
41382 35 363
41766 8 196
42000 6 163
42372 6 148
42382 6 194
42507 15 439
42548 27 418
42898 11 422
42916 21 476
42925 5 359
43589 11 585
43591 4 135
43640 28 18238
44118 2 589
44176 8 233
44471 6 190
44792 3 121
44793 17 514
45241 9 354
45548 4 216
45806 22 827
45811 13 752
45851 23 353
45872 23 15512
46090 33 502
46285 3 430
46592 6 220
46595 6 201
46957 12 483
47256 15 568
47266 5 159
47499 9 276
48857 16 419
49274 5 483
49593 6 158
49595 7 266
49605 15 564
49966 18 546
50121 20 613
50155 9 736
50411 7 239
50505 11 398
50682 1 32839
50683 1 9266
50769 8 207
51244 8 532
51253 1 330
51412 18 296
51819 18 489
51822 30 423
51823 26 391
51829 5 473
51830 4 467
51837 2 259
52214 27 64459
52257 6 155
52564 8 493
53004 25 198
53547 17 741
53843 12 234
53844 14 237
53899 8 392
53900 5 200
53901 8 439
53902 13 386
54239 8 407
54428 4 345
54463 23 359
54527 34 19068
54900 2 447
55017 2 689
55247 2 308
55475 6 456
56116 2 628
56118 3 390
56452 2 87
56580 2 114
56693 1 536
57393 3 610
57448 1 93
57891 2 316
59013 12 795
59037 2 79
59395 2 576
59963 1 33
60341 2 86
61752 3 216
62047 2 3896
62634 1 49
63247 3 584
63910 2 59
64880 1 181
65605 1 115
65611 3 97
66557 3 112
66921 5 455
67522 8 154
69438 2 565
69871 2 47
69873 1 62
70190 2 284
70992 3 128
71104 4 186
71792 3 988
72958 3 528
72989 1 573
73475 1 459
73838 1 72
74716 7 335
76077 1 70
76081 1 154
76114 2 797
77422 1 42
77425 2 99
77426 1 41
77556 2 40
79025 2 118
79235 2 53
79365 3 625
79676 1 196
80042 5 582
80051 5 530
80067 4 522
80277 1 143
81146 1 583
81227 13 534
81598 8 642
82185 15 605
82380 3 173
83585 4 583
83587 1 576
83588 15 438
83590 4 686
83743 3 72
84194 1 930
84471 1 721
84790 3 138
84859 2 151
85298 4 887
85313 10 508
86032 2 535
86034 6 360
86047 6 599
86048 9 711
86358 1 57
88195 2 477
88887 2 57
88892 2 85
90321 11 566
90592 2 1449
90795 5 310
91271 2 208
91500 1 175
91706 1 46
91925 7 190
92133 3 343
92385 2 400
92607 3 512
94240 3 165
94414 2 445
94630 2 424
95680 1 67
96837 5 79
96841 1 46
97502 7 180
100200 3 347
100567 1 56
100568 1 56
100943 2 591
101205 1 88
101242 3 442
102154 2 61
102603 5 567
102604 6 262
102606 6 699
102607 13 732
103106 8 408
104236 5 569
105306 1 614
105454 2 78
105971 1 47
106024 16 422
107510 1 146
107575 2 965
107946 3 581
108419 8 829
108884 2 588
108978 2 77
109591 2 66
109594 1 98
110077 1 540
110351 3 40
111058 4 232
111408 1 235
112181 1 111
112185 1 63
112704 2 290
113617 2 589
114316 3 72
114329 10 2540
114819 1 41
115256 1 41
115286 1 147
116090 13 940
116965 1 104
117373 4 579
117592 4 431
118236 1 133
118979 4 132
119183 2 126
119539 4 77
119806 2 453
120153 1 522
120389 5 432
123119 1 45
123725 9 392
124031 1 44
124895 2 476
125951 3 45
126270 12 250
126462 13 345
126600 30 560
128129 2 64
129346 9 401
130282 5 570
130616 1 129
130619 1 67
131383 3 549
131507 8 270
132593 11 531
132868 12 453
136176 4 248
136230 1 101
137929 1 74
139652 3 464
140353 3 120
140851 3 503
142141 14 7912
144470 1 55
144734 2 506
145100 1 190
145492 1 60
145943 2 138
146459 5 975
146704 6 521
146988 4 837
146989 10 636
146990 3 673
146999 5 720
147754 3 915
147759 3 626
148742 1 79
151396 2 433
151426 1 143
151631 9 754
151814 11 578
154598 6 1902
155043 3 56
155075 3 70
156093 2 92
156534 3 91
159557 6 390
159785 1 624
159793 7 591
161943 2 57
163179 1 66
163943 1 184
164674 1 55
165838 2 36
166292 2 119
166499 8 483
166949 3 240
167963 1 65
168908 1 632
169934 3 77
170434 5 214
172604 3 192
173337 2 1056
173843 3 590
178561 5 322
178933 2 248
178990 16 3085
180090 7 632
180200 10 824
180272 2 538
181525 2 669
182416 3 680
182417 2 843
182581 6 479
183635 4 164
184687 2 1178
186225 2 168
186320 2 134
186321 3 151
187620 5 191
187950 15 453
188017 8 290
189739 5 194
191257 25 708
191864 4 81
194711 3 527
195453 4 212
198267 5 300
198887 8 608
198920 1 408
199764 11 631
201418 3 202
201617 1 383
202058 1 64
202321 15 608
203972 1 54
204941 2 121
205288 2 304
205490 3 55
205720 1 46
207215 6 368
207334 7 278
207480 2 66
209672 3 503
211429 2 125
212272 2 92
213592 14 512
214039 1 778
214857 18 675
215750 9 831
216722 1 531
217634 2 108
217785 1 435
217807 1 94
218690 6 803
218700 11 608
218705 3 619
220246 2 178
223615 6 242
225105 2 601
225118 1 1163
225626 7 237
225634 4 107
226106 3 902
226623 6 195
227463 2 555
228941 6 541
230667 5 542
232161 1 873
232260 3 225
233053 1 535
233421 4 212
234814 7 537
235575 9 508
241268 2 116
243863 3 226
246049 6 197
247452 5 551
247726 6 228
248849 5 398
250113 1 311
250313 16 2682
252110 6 490
252634 1 641
252791 6 195
252929 1 433
253211 6 606
254636 4 84
255314 2 214
255333 10 488
255687 7 764
256866 5 341
257415 6 318
258015 5 736
258250 3 111
259738 15 516
260549 1 361
260932 7 275
262943 2 60
263649 6 255
264207 3 89
265180 3 46
265342 2 30
265600 2 50
265634 2 39
265810 60 16729
265816 66 25803
265845 70 17259
268056 5 929
268604 14 605
268834 7 185
268982 2 167
269872 2 357
270148 6 260
270318 3 416
270820 1 98
271259 10 764
271887 4 257
272332 5 189
272774 3 133
272777 11 517
276845 17 288
276856 18 439
286391 11 1273
286393 8 1429
286394 16 2410
286395 3 207
286398 2 101
286403 9 327
286442 3 345
286447 3 305
286452 1 86
289581 2 634
290195 2 400
290440 76 15196
290465 70 15747
291651 9 291
292083 7 150
292118 10 843
292442 5 369
292707 3 235
292819 2 207
294506 11 501
295245 4 113
295314 22 370
300877 14 971
301539 1 357
303734 11 25485
305988 2 1574
306237 205 26903
307212 11 364
307453 130 49380
308328 12 598
308495 4 516
308702 1 364
308919 70 13545
308973 70 13545
310137 5 172
310338 9 124
311644 4 165
312639 19 288
312845 3 162
313099 3 184
314382 4 160
314540 11 361
316201 4 254
316724 10 436
317819 1 165
320495 4 434
325095 45 1507
325410 29 1084
325763 16 888
326123 20 14885
326129 49 67196
327384 114 19585
327407 94 18061
328926 35 1132
328992 57 5954
329208 40 9390
329285 5 296
329362 2 226
329391 7 305
329405 10 3218
329476 59 4825
329682 27 4492
330099 34 6898
330582 6 150
331432 43 8083
331725 30 1685
332197 7 1026
332560 5 508
333206 1 85
333278 1 145
333594 5 280
334662 2 261
336426 1 112
336719 14 6871
337343 5 389
338162 1 326
338889 6 399
339403 16 413
339431 9 291
341715 1 192
347837 89 63219
347869 538 47445
348721 5 216
349000 5 392
350449 87 14072
350479 57 11696
351800 10 361
353434 13 1348
353467 6 209
353933 23 1232
354050 20 4508
354266 2 317
354268 2 198
354280 8 220
354729 8 729
354756 25 1140
355392 2 339
356057 4 102
357040 5 175
357360 12 375
357872 4 108
358011 4 172
358821 2 143
360481 4 194
360987 4 105
361441 3 249
370709 3 415
371783 5 788
371919 8 293
371951 8 293
372972 6 190
372986 14 478
373834 12 44460
374014 1 80805
374974 76 12901
374994 84 13993
376293 18 152
376386 45 9418
376456 7 223
377174 82 4120
377848 3 325
378071 55 7768
378505 6 189
378800 6 342
378966 20 270
381522 8 261
381523 14 474
381953 2 208
382321 1 486
382631 1 98
384443 5 155
384991 5 201
385342 2 129
391346 1 359
392397 3 159
393550 39 30891
393720 27 637
393722 21 1292
393724 28 2280
393747 74 58177
394898 84 26758
395681 7 571
396258 25 38258
396602 7 1070
398423 1 1240
404517 36 689
405387 4 122
425685 2 80
429479 5 534
435993 13 441
442052 5 437
444141 20 982
446089 1 91
447118 5 194
448373 15 585
450516 9 279
452199 18 718
457052 18 1491
459274 7 1194
464426 3 535
471830 1 437
471988 2 692
473169 2 381
477399 8 1051
479049 5 1953
484020 4 936
489237 1 98
489878 8 358
492956 6 526
497831 17 1124
499220 8 827
505755 12 312
506577 22 437
508489 2 789
509294 8 309
517949 3 121
518331 8 322
518535 1 459
521468 6 521
521624 2 150
522434 8 246
523270 5 672
