33 5 19382
1646 6 55438
6358 2 419
10920 5 318
11737 44 3608
12709 1 20008
19131 34 546
29784 6 500
31031 11 178
41586 4 378
50682 1 32839
54684 7 399
55836 7 198
56091 1 745
56321 3 658
56568 5 711
56743 3 47
57003 8 154
57915 3 490
59019 40 997
59026 1 129
59746 2 40
60796 7 246
61071 8 310
61558 1 150
61706 1 97
61747 2 33
62064 3 4939
62849 2 32
63921 17 315
63946 2 157
64007 3 411
64146 2 277
64648 6 216
65025 9 258
65357 4 65
65672 1 173
65722 30 752
66144 8 172
66191 8 441
67175 5 64
67254 1 183
67712 5 142
69506 9 633
69823 1 31
69864 3 867
70501 6 594
70615 2 29
70624 2 26
70634 2 26
71092 8 194
71913 5 76
72553 1 291
73337 7 520
73908 1 189
74166 8 234
74172 21 2117
74403 3 653
74565 4 98
76061 3 86
76662 4 2416
76663 3 2219
76681 19 448
77436 13 303
77579 7 337
77697 5 88
77700 3 153
77835 10 181
78976 3 491
79131 3 602
79485 1 414
79570 2 280
81382 2 637
81828 15 568
82346 1 703
84128 1 344
84199 4 128
85571 2 91
85673 2 167
85869 13 238
86359 3 53
86604 8 398
87317 1 98
88137 12 260
88939 7 843
89549 1 28
90668 1 364
90787 29 534
90881 1 279
91245 15 431
91976 3 241
93621 2 729
94438 2 35
94591 2 663
94773 11 252
94786 10 188
95354 2 52
95550 6 94
95849 14 440
95851 2 680
95890 8 299
96850 3 47
97613 1 26
97799 2 183
97988 1 507
99087 24 487
99181 5 69
99741 18 373
99789 4 225
99794 15 588
99896 8 281
100049 10 319
101477 4 466
101669 13 470
101761 12 2011
102484 2 249
104134 6 241
104722 16 392
104724 12 677
104884 3 224
105319 5 91
105597 2 24
105973 1 259
106168 1 577
107692 8 419
108144 7 286
110014 1 49
110368 2 31
110774 3 319
111789 4 151
113022 1 1463
113497 6 106
113631 19 565
114409 3 384
114529 12 284
115062 5 103
115374 32 896
115847 2 301
115849 3 1027
116488 14 246
116533 18 492
116630 10 138
116815 17 562
118206 4 160
118261 1 425
118492 2 349
119155 28 496
119353 6 103
119356 11 161
120031 5 133
120033 3 463
120036 4 1203
120872 3 59
121247 15 482
123192 1 308
124999 12 329
125379 8 186
125847 2 63
125861 11 392
126013 2 493
126786 3 214
128217 3 158
129317 8 267
130223 3 164
130289 1 750
131992 10 444
132068 3 232
133668 13 854
133929 2 185
134335 17 450
134337 14 288
134671 2 52
134776 3 515
135903 3 194
136008 10 465
136443 4 174
137273 11 180
137638 24 495
138016 1 718
138028 5 578
138591 3 206
138996 3 130
139941 39 644
141162 2 519
141295 2 45
142933 23 401
142954 20 568
142967 4 852
143209 9 626
143369 1 616
143453 1 200
143802 12 243
144652 1 512
146614 7 192
147426 3 643
148370 1 362
148536 16 473
151090 3 569
151491 2 138
151885 6 482
152322 5 147
152430 6 198
153813 10 938
154343 7 276
155300 11 402
156346 2 189
156394 2 54
156750 8 149
157234 6 152
157246 2 49
157438 5 140
157455 4 60
159475 6 448
159515 1 64
159726 4 211
159964 2 359
159968 3 84
159972 2 66
161178 1 178
161793 7 155
162314 11 429
162822 3 60
162966 8 814
162998 2 143
163098 21 524
163858 1 533
164101 7 184
164807 30 991
165124 1 57
166429 9 545
166776 1 269
166855 2 389
167021 4 307
167683 4 365
167759 2 138
167958 2 135
168477 2 270
168647 3 169
168681 2 50
168692 14 743
168902 3 403
169067 2 162
169961 13 480
171407 11 427
171850 2 579
172019 10 615
172348 5 522
172520 6 650
172523 28 704
172611 1 231
172793 3 70
174816 1 54
174960 2 142
175016 1 83
175024 4 71
175460 4 61
176338 1 557
176642 2 37
177552 5 621
178226 24 472
178818 12 249
178996 1 5818
180126 5 648
180534 3 674
181333 4 95
182134 14 489
184164 1 69
184171 1 157
184339 10 135
184354 3 237
185292 5 262
185555 5 128
186124 2 166
186494 2 62
186750 5 257
187034 3 56
187266 1 150
187680 2 236
187691 3 87
188015 1 305
188143 1 243
188315 4 65
188842 5 229
188850 5 339
192396 11 398
193406 1 342
193647 2 506
193754 2 93
193869 5 820
194252 1 361
195773 9 215
196040 13 588
196839 5 427
196848 1 416
198213 12 312
198707 1 388
199416 2 84
201505 2 212
203208 2 192
203769 22 497
205148 11 527
207589 2 128
208739 5 375
208831 1 317
208935 15 369
209070 10 1108
212178 1 75
214506 2 410
214526 7 370
215113 14 211
215118 1 188
218311 1 478
218840 6 390
219105 2 39
219143 12 607
219368 3 192
219447 1 739
220130 30 500
220478 11 183
220807 12 401
221186 14 646
221895 14 274
221903 1 119
222896 30 746
223399 8 403
223970 2 168
225291 2 465
226560 14 519
227093 16 515
227671 2 41
228498 1 259
229019 1 477
229671 1 223
229687 3 72
230289 4 306
230708 11 501
232008 15 389
232106 17 510
232224 4 530
232372 8 656
232377 5 558
232940 11 710
233471 6 616
233684 3 402
233734 5 263
233739 10 657
233744 10 608
233802 10 435
234966 10 151
235402 3 253
236125 1 235
237641 3 252
238182 4 359
238183 6 742
240163 6 467
240168 10 273
241199 5 357
241459 20 466
241573 5 308
242238 6 248
245107 6 106
245487 11 207
246634 12 162
248374 1 133
249527 3 1420
250325 1 6286
250671 5 699
251156 6 202
251303 16 245
253468 1 527
253623 33 617
254776 1 540
254960 1 188
255268 1 517
256078 1 59
256934 19 464
257061 3 577
257701 4 417
258156 1 393
258719 6 331
259474 2 290
259941 39 552
260746 4 350
261996 5 373
262251 3 636
263419 4 112
263724 2 323
263920 4 424
267080 39 510
267296 1 4554
267855 13 144
268028 1 3609
268243 16 259
268244 27 454
268274 10 178
268303 3 6782
268394 19 428
268585 1 2656
268705 5 927
268894 11 281
269532 20 450
269933 2 149
269996 3 6852
270131 4 323
270163 22 622
270529 9 207
270890 2 2870
271508 10 218
273038 4 429
273320 1 501
275914 2 866
276078 1 5007
276586 1 376
277471 3 422
279534 1 137
282240 1 128
286221 25 1494
286305 4 896
287096 2 1192
288352 10 352
289664 5 668
289794 3 840
290082 62 836
290198 1 770
290465 1 15747
290794 1 418
291689 3 1872
291882 7 184
291887 21 389
292835 3 3737
293477 2 675
294614 1 1954
294967 3 7544
294997 1 1766
296323 7 1261
297788 1 289
298058 1 136
298507 1 831
299285 8 165
301865 8 18367
302582 1 198
302652 1 543
304398 7 1163
305366 1 1607
305680 1 665
305977 1 3942
306492 1 5234
306660 4 238
307453 2 49380
307622 3 209
308460 1 2657
308513 1 8438
308913 1 1478
309001 1 16976
309619 4 466
310442 8 153
310622 17 337
311397 18 393
311888 16 215
312383 1 3321
316351 3 4224
317265 8 773
317763 1 162
320247 12 10051
320248 13 13098
320513 3 1724
320593 1 1689
320722 1 374
321513 3 490
321520 6 625
321679 2 980
321680 1 70
321889 4 393
322000 1 153
322002 2 519
322452 1 315
322457 1 109
322458 2 310
322465 1 630
323236 2 566
323641 9 613
325106 17 397
326129 4 67196
326922 21 860
326966 1 1107
327005 16 4958
327053 1 1352
327970 10 568
328993 5 5082
329186 1 382
329225 1 7875
329231 2 7437
329337 1 164
329569 1 7587
329798 1 699
329804 4 7586
330298 3 170
330941 7 303
331705 1 1771
331802 1 1079
334544 8 225
334549 8 705
335504 4 1378
337542 1 1015
337575 3 203
341256 11 201
344001 1 167
344444 2 508
344911 2 999
345403 2 217
347119 5 69
348122 1 2838
351146 1 417
351164 2 1084
351730 6 228
351882 12 219
351933 21 265
352154 13 255
352155 30 385
352156 17 299
352157 17 430
352158 30 365
352159 26 413
352160 31 353
352161 24 425
352162 23 418
352206 1 324
352278 4 212
352296 6 116
352311 13 202
352324 7 210
352583 18 287
352589 10 1108
352602 33 604
352626 488 7519
352627 19 2778
352666 11 254
353157 19 286
355302 36 765
358285 1 147
359152 1 9815
361026 1 353
361105 5 4143
361138 12 352
361360 2 1877
364739 1 420
367358 1 696
367618 1 628
368402 1 618
369411 1 1121
371754 45 652
371784 45 652
371804 1 1232
373190 7 211
373264 2 186
373685 14 438
374073 6 426
374101 3 1356
374257 1 3016
375347 1 75
375348 1 224
375415 3 528
375427 8 599
376055 2 112
376386 2 9418
378006 1 505
378206 18 232
378290 9 189
378753 17 235
381306 3 442
381565 2 215
382018 4 176
382944 1 400
383675 4 546
385102 3 1216
385634 2 411
386497 1 348
387620 24 1327
389483 1 184
392150 4 333
392298 8 341
393526 1 8178
393567 3 777
393576 14 544
393629 2 327
393630 23 311
394056 6 1181
395640 4 17885
395776 1 2404
395902 45 987
395983 1 1484
396088 2 3539
396161 2 1336
396258 1 38258
396549 1 152
400915 6 184
401286 2 390
401331 59 1017
401352 2 60
402428 33 917
403398 3 136
403635 23 1022
403947 4 196
404060 2 101
404576 1 402
404685 3 202
405721 25 640
406927 3 105
406969 2 1875
407015 4 366
407264 16 636
408387 14 348
408532 10 552
409366 44 604
410268 15 627
411163 3 555
413694 4 784
413832 13 426
414495 3 412
415390 2 775
415951 25 422
416325 49 774
416612 3 69
417489 21 757
417929 15 479
418394 7 1124
419907 4 65
420539 4 444
420640 47 822
420941 1 202
421272 15 602
423667 45 866
423710 9 86
423914 3 112
424255 25 584
425093 6 91
425802 11 617
427135 1 103
428711 3 63
428803 2 262
428860 11 501
430176 2 130
431644 12 364
431645 9 446
432440 9 249
432499 62 1458
433069 9 235
434829 2 400
434871 3 894
436193 56 1148
436736 7 326
437010 8 186
437437 5 509
437977 18 469
438957 3 383
438966 22 595
439376 5 347
442755 7 142
444214 8 574
446785 16 739
448347 16 898
449187 9 965
449740 7 112
451647 26 563
451663 6 1432
451916 9 476
452197 1 494
453171 13 497
454360 3 2176
454552 6 200
454787 21 922
457319 8 164
457475 3 206
458463 6 245
459090 5 502
459356 3 500
460179 8 370
460278 1 220
461563 3 174
462074 9 685
462288 16 189
462461 5 753
462837 3 87
462936 31 634
463551 1 156
463745 1 182
463997 1 52
464198 10 281
464444 1 87
464694 1 389
464780 1 1046
464804 6 93
465245 3 457
466168 60 1630
466356 1 1769
468046 11 747
468766 4 117
469045 2 214
469048 6 618
469134 11 1133
469364 2 721
469388 16 353
469978 6 478
470457 9 654
471547 46 1262
471571 1 63
471810 3 104
471844 3 427
471851 2 220
472298 9 454
472860 3 397
473023 18 1347
473132 11 292
473221 3 221
473741 14 406
474891 10 624
475874 8 400
475912 8 451
476148 4 204
478850 30 1183
480155 13 212
480853 12 919
480981 4 392
482341 3 498
482953 3 464
484782 3 585
485469 8 500
486653 9 426
488099 8 956
488512 4 152
488847 5 570
493913 20 424
494746 4 475
495488 6 397
496152 5 264
496228 10 513
496375 7 431
496795 4 140
497707 1 529
498009 1 431
498519 15 470
498800 2 161
499541 36 1177
499651 37 850
500864 1 728
501608 4 177
501916 2 128
502063 3 72
504054 8 876
504303 43 829
504681 5 117
504699 4 471
505288 8 680
506942 10 578
507116 1 625
508035 6 104
508352 4 155
509703 2 637
509834 26 582
509999 13 659
510482 1 738
512171 6 429
512370 8 813
512371 11 488
512465 31 768
512467 1 778
512962 4 167
514251 44 1092
515471 9 249
515521 19 393
515750 21 574
517022 1 926
517178 1 926
517881 40 761
517895 2 443
518232 8 736
518799 10 363
519152 1 653
519205 1 120
520020 15 503
520156 4 225
520825 47 1005
522317 2 69
522845 43 597
523394 5 102
524743 16 467
525163 4 130
525425 37 736
525606 6 2915
525612 9 412
525828 41 766
526007 9 180
526318 9 185
56091 1 745
57686 1 44
58235 1 210
58304 2 35
59650 8 682
60916 2 366
61071 5 310
61477 7 565
61747 1 33
62064 4 4939
62647 3 494
62705 3 113
62904 5 539
63064 2 239
63380 2 190
63946 5 157
64146 8 277
64215 5 165
64635 2 253
65357 2 65
65358 5 277
65440 1 315
65550 2 242
65672 1 173
65896 2 95
66144 2 172
67254 2 183
67490 3 211
67712 1 142
68634 2 208
69506 2 633
69535 3 500
69864 4 867
69920 2 215
70168 3 159
70501 1 594
71301 7 209
71690 1 47
72154 15 676
72553 1 291
73304 1 120
73484 7 254
74164 4 228
74565 1 98
74949 1 332
75750 1 1646
76662 5 2416
76663 8 2219
76674 1 210
76865 2 289
76988 1 495
77697 2 88
77700 1 153
77835 2 181
79358 3 431
79570 1 280
80255 3 44
82190 1 613
82346 1 703
82843 1 674
83089 2 29
83901 1 430
84128 3 344
84722 7 364
85571 2 91
85799 1 269
85843 2 30
86375 2 282
88363 4 238
88849 2 353
88925 3 508
88939 3 843
88957 2 415
89173 3 235
89453 4 464
89658 6 506
89925 7 377
90048 2 700
90150 2 641
90286 9 315
90287 4 521
90336 4 394
90482 6 446
90485 4 253
90504 3 452
90570 3 162
90631 3 599
90668 2 364
90839 3 350
90872 1 202
90881 3 279
90917 3 386
91033 2 303
91362 5 448
91422 1 29
93621 2 729
94591 5 663
95890 1 299
97799 1 183
100065 1 29
100668 2 48
104708 4 169
104884 2 224
108144 2 286
108213 4 46
110014 1 49
110562 10 357
114329 1 2540
114529 2 284
115374 1 896
115757 2 292
116373 1 208
116992 7 445
118113 1 600
118223 3 239
118492 3 349
122747 4 971
125847 1 63
126013 1 493
128217 1 158
128420 1 76
129243 7 361
129317 1 267
130176 4 473
131992 2 444
133929 1 185
136443 1 174
137273 1 180
138076 1 1116
139828 1 257
141844 1 278
141875 1 185
142141 6 7912
142933 4 401
142967 3 852
143369 2 616
144285 1 90
144294 1 259
145175 8 385
145319 5 392
145443 1 310
147763 3 50
148334 4 367
148336 1 271
148407 3 286
148415 3 303
148579 1 117
149479 1 228
149729 1 254
149940 1 141
151279 1 192
151491 1 138
153668 1 231
153816 1 224
154275 10 779
155300 1 402
157655 2 572
157684 2 351
157687 2 322
158424 3 359
159071 4 219
159360 2 723
159515 1 64
159971 1 357
160687 1 97
162966 1 814
163708 7 496
163736 1 398
164807 4 991
165300 4 335
167618 1 261
168647 1 169
168825 3 453
169645 6 480
171137 1 147
171803 1 341
171980 1 307
172029 1 273
172246 1 230
172611 1 231
172787 1 357
172793 1 70
174203 2 497
174535 3 278
175016 1 83
175024 2 71
175446 1 230
175714 3 201
176338 3 557
177358 3 65
178226 4 472
178996 7 5818
180126 2 648
180312 4 701
181333 1 95
182203 3 371
182380 3 746
183133 3 208
183905 1 352
184164 1 69
184171 4 157
184268 8 374
185134 1 212
185378 6 553
186124 3 166
186494 2 62
186828 2 49
187680 1 236
187691 1 87
188658 2 42
188842 1 229
188850 1 339
189128 1 51
189144 1 307
189203 13 466
190026 1 59
190595 2 268
191130 5 201
192527 1 245
193271 4 505
193406 2 342
193511 4 728
193647 3 506
193757 7 304
193817 3 477
193869 3 820
194252 3 361
198484 6 282
200264 3 787
201542 1 97
202456 2 1374
202613 3 275
202901 2 182
204487 3 641
206042 3 301
206696 2 241
206786 1 51
206883 3 284
206928 6 311
207625 3 521
208060 1 458
208320 7 317
208343 8 295
208429 3 311
208831 4 317
210469 1 182
212515 9 201
212840 11 489
212852 5 487
212853 5 390
213281 2 354
213581 1 302
217361 6 370
218160 2 150
219447 1 739
220130 2 500
220963 2 1150
221903 2 119
221907 20 398
222000 4 144
223452 3 252
224140 22 617
225121 1 1337
226768 1 191
228499 5 163
229145 5 1028
242169 3 482
243281 1 1067
245500 11 196
245580 9 375
245798 1 262
249223 1 700
250325 3 6286
251156 2 202
253468 1 527
253577 3 332
254517 6 600
255268 1 517
255950 6 248
256078 3 59
256631 2 523
256877 4 319
258156 1 393
260681 4 299
261025 4 390
262251 3 636
263419 1 112
267296 1 4554
274761 1 763
279534 1 137
280619 6 11500
281424 4 361
281790 2 219
282240 2 128
282299 3 312
284030 1 61
284187 6 173
289348 13 18428
289610 1 2184
289664 2 668
289732 1 4132
289735 1 1633
290082 5 836
290198 12 770
290465 1 15747
290764 2 2010
296323 1 1261
297157 4 1365
297300 7 238
297788 9 289
297956 2 3184
298076 2 2226
301865 11 18367
302582 8 198
303043 1 152
303731 4 3106
303734 7 25485
303775 2 248
304398 1 1163
305152 3 1458
305680 9 665
306090 7 1518
306237 1 26903
306482 9 626
308435 4 1889
308438 2 1743
308460 9 2657
308467 18 749
308513 2 8438
308525 4 1889
308535 3 961
308599 1 1094
308913 10 1478
308976 1 1748
309001 8 16976
309619 2 466
310090 6 504
310569 3 1121
311811 2 875
314783 3 1263
316115 4 457
317592 3 105
317763 4 162
320247 1 10051
320521 2 692
320568 5 472
320593 9 1689
320722 3 374
320929 3 2061
321513 5 490
321520 12 625
321528 7 1048
321669 5 326
321679 15 980
321680 1 70
321889 2 393
322000 2 153
322002 2 519
322452 6 315
322457 1 109
322458 1 310
322465 2 630
322467 3 408
323236 5 566
323527 3 145
324919 1 262
326129 9 67196
326882 9 856
326914 7 598
326922 1 860
326966 14 1107
327053 11 1352
327394 6 22044
330652 1 273
331705 1 1771
331802 12 1079
332996 1 126
335504 7 1378
335734 5 1007
336009 9 1481
336090 1 335
336182 3 593
336719 6 6871
336720 2 451
337575 3 203
342321 2 119
342418 4 185
344001 6 167
344444 1 508
344843 4 356
344911 6 999
345403 1 217
346360 1 586
347869 3 47445
349608 1 1323
349829 6 2300
350044 1 694
351164 5 1084
352626 1 7519
352666 2 254
352980 1 819
358285 4 147
358318 7 365
359152 1 9815
359955 3 247
363280 3 276
366175 12 778
366856 4 131
367393 1 3233
367496 15 1991
367576 3 634
367791 1 2239
367866 17 1136
367989 1 135
369159 36 442
369411 1 1121
369804 9 1199
370192 23 471
374073 4 426
374101 2 1356
374336 2 571
375347 2 75
375348 5 224
375415 21 528
375427 25 599
375662 6 177
382018 1 176
382209 9 1103
382691 15 1154
382944 1 400
383508 2 500
384646 3 155
388253 2 189
389483 5 184
392650 10 339
392656 28 519
395640 13 17885
395776 1 2404
395899 1 1791
395902 5 987
395983 8 1484
396116 21 1301
396150 2 3399
396161 2 1336
396258 14 38258
402237 1 196
406475 1 377
413694 2 784
415390 4 775
419093 8 775
419907 1 65
420640 1 822
420790 4 660
424549 1 591
427135 2 103
428803 3 262
432933 3 655
433069 1 235
437233 1 74
444980 4 91
451916 2 476
458989 16 586
462074 1 685
462461 3 753
464198 1 281
466342 1 607
469134 1 1133
469364 3 721
469388 3 353
469978 1 478
470457 4 654
473023 3 1347
474005 1 824
480981 4 392
482953 5 464
498800 1 161
500748 8 413
500864 2 728
504681 2 117
504697 3 1390
504699 5 471
505118 1 749
507917 5 401
508035 2 104
510482 1 738
522845 9 597
527224 5 395
