21 1 420
1553 2 533
2205 2 337
2223 1 464
5121 2 480
5146 2 480
6653 1 389
9686 12 310
9695 1 439
10153 4 381
10618 1 309
10920 3 318
10921 11 513
10997 1 517
13270 2 652
13596 8 326
13598 9 516
13602 4 562
13928 2 564
13937 2 453
14821 3 269
18355 2 613
18716 18 468
18986 2 437
19295 1 429
19618 5 295
19620 2 386
20610 1 2790
24742 19 507
25116 1 299
25373 19 350
25375 4 474
25722 2 371
25723 1 401
25730 2 473
26044 3 458
28388 1 621
29459 1 643
29809 2 452
30375 2 493
32199 6 515
34358 1 463
34870 1 833
34899 10 398
34901 19 415
35571 1 585
37764 9 416
38781 1 599
39116 1 373
41677 9 379
42455 2 535
42524 10 515
42526 15 356
44662 2 566
45006 1 6265
45139 8 179
45142 26 344
45143 20 364
45570 10 277
45571 9 301
45572 5 148
45573 12 383
45574 5 409
45576 4 455
45578 4 198
45579 9 297
45580 5 244
47642 4 11472
49723 1 390
50443 3 330
52214 5 64459
55596 8 524
56401 4 228
58342 2 232
59988 1 41
63266 2 117
64900 1 125
65893 1 221
70687 1 382
76662 1 2416
78679 1 134
79741 1 230
82107 1 263
83434 4 235
98408 3 119
101588 2 196
102192 1 157
104555 7 348
106227 1 114
110750 2 132
110848 1 209
118447 1 215
120679 1 637
122765 1 782
127719 1 233
131459 1 163
136879 2 454
143131 1 189
144419 1 555
148071 4 270
148076 4 200
151493 2 385
157746 1 57
163079 2 40
163235 6 183
164574 2 106
174742 1 279
177341 1 327
178996 1 5818
183900 1 143
186723 1 227
187348 2 261
193010 1 182
198731 1 447
199365 1 206
201051 7 367
205067 1 149
206279 2 82
206382 2 1218
208221 1 241
212604 4 267
212642 2 290
213983 5 250
214931 2 57
215994 1 157
218139 1 147
230111 1 178
233059 1 674
237275 1 261
237714 1 605
242949 2 261
250325 1 6286
250494 1 255
250539 1 380
251478 2 498
252439 3 137
256907 2 48
268027 1 1166
268303 3 6782
269996 3 6852
274036 1 2768
290443 1 4140
290767 1 846
303731 2 3106
317348 1 456
325759 16 315
327394 1 22044
329231 2 7437
329569 3 7587
329804 2 7586
355727 8 974
361105 4 4143
369858 1 484
376386 4 9418
378071 1 7768
396258 2 38258
396563 3 2512
397111 5 398
399305 1 1405
400830 1 1163
403171 3 428
404238 12 162
404573 23 1164
405959 29 1096
414032 3 944
414535 1 231
414935 23 779
427981 21 842
430009 7 209
431489 11 901
431762 5 216
431765 12 640
438030 10 262
438118 1 327
439824 1 81
440267 10 397
441547 2 1679
453048 2 335
453141 1 689
454173 1 454
454212 2 340
455308 2 291
455657 8 303
455672 10 379
455690 2 325
455901 4 901
460189 20 526
463620 9 273
464787 19 323
465847 9 354
466414 1 628
466424 11 444
467252 5 157
468523 8 571
471339 13 582
471462 12 685
471748 25 895
472019 1 373
473419 8 239
474493 1 799
476081 5 1060
476146 3 647
476589 36 450
477243 11 294
478960 23 669
488918 15 716
490285 23 1055
491520 14 660
492461 19 547
494651 11 616
513055 16 409
514976 14 576
515613 6 72
515616 7 139
517030 4 365
517246 1 198
520799 6 438
521307 20 775
521967 2 308
523695 7 528
523752 4 458
527538 2 322
1348 5 349
1348 5 349
3073 1 228
3073 1 228
3666 2 406
3666 2 406
4595 7 316
4595 7 316
4596 9 171
4596 9 171
4761 1 366
4761 1 366
7023 13 574
7023 13 574
7169 10 540
7169 10 540
7283 1 360
7283 1 360
7309 11 348
7309 11 348
8505 1 391
8505 1 391
8507 1 201
8507 1 201
8529 1 229
8529 1 229
8733 2 464
8733 2 464
9054 2 302
9054 2 302
9055 1 483
9055 1 483
9113 17 326
9113 17 326
9114 26 552
9114 26 552
9115 22 367
9115 22 367
10175 1 259
10175 1 259
10258 7 135
10258 7 135
10285 12 406
10285 12 406
10376 1 150
10376 1 150
10783 25 626
10783 25 626
10784 11 478
10784 11 478
10785 13 489
10785 13 489
10786 22 565
10786 22 565
10787 18 498
10787 18 498
10788 29 453
10788 29 453
10789 11 227
10789 11 227
10991 2 208
10991 2 208
11275 1 179
11275 1 179
13096 3 123
13096 3 123
13602 1 562
13602 1 562
13705 13 419
13705 13 419
13901 1 408
13901 1 408
13902 13 386
13902 13 386
14522 13 293
14522 13 293
14821 1 269
14821 1 269
14975 1 474
14975 1 474
15541 1 313
15541 1 313
16372 6 223
16372 6 223
16598 10 447
16598 10 447
16606 10 350
16606 10 350
16755 43 821
16755 43 821
16756 26 685
16756 26 685
16757 24 624
16757 24 624
16969 19 595
16969 19 595
16972 19 626
16972 19 626
16973 15 515
16973 15 515
17519 3 619
17519 3 619
18227 1 402
18227 1 402
18294 10 313
18294 10 313
18850 28 560
18850 28 560
19148 2 373
19148 2 373
19208 4 440
19208 4 440
19611 1 387
19611 1 387
19804 5 412
19804 5 412
20610 5 2790
20610 5 2790
20673 1 457
20673 1 457
22446 8 350
22446 8 350
22462 2 411
22462 2 411
22631 14 338
22631 14 338
24420 2 402
24420 2 402
24421 23 476
24421 23 476
24422 12 366
24422 12 366
24423 17 538
24423 17 538
24424 20 372
24424 20 372
24425 27 512
24425 27 512
25096 3 308
25096 3 308
25116 8 299
25116 8 299
25123 7 681
25123 7 681
25153 4 384
25153 4 384
25154 3 333
25154 3 333
25375 1 474
25375 1 474
25529 5 133
25529 5 133
26126 9 339
26126 9 339
26133 12 366
26133 12 366
26954 1 331
26954 1 331
27937 1 286
27937 1 286
28327 5 426
28327 5 426
28592 8 392
28592 8 392
29097 15 427
29097 15 427
29098 16 453
29098 16 453
29414 7 163
29414 7 163
29460 1 445
29460 1 445
30002 9 258
30002 9 258
30375 2 493
30375 2 493
30446 2 12899
30446 2 12899
31024 1 557
31024 1 557
31107 14 315
31107 14 315
31882 4 372
31882 4 372
32199 1 515
32199 1 515
34339 1 726
34339 1 726
34774 1 736
34774 1 736
34870 1 833
34870 1 833
35187 4 418
35187 4 418
35215 3 532
35215 3 532
35415 1 469
35415 1 469
35435 2 353
35435 2 353
35690 1 343
35690 1 343
36345 20 513
36345 20 513
36391 21 10294
36391 21 10294
36463 1 275
36463 1 275
36648 5 515
36648 5 515
36790 27 618
36790 27 618
37801 1 399
37801 1 399
38661 8 155
38661 8 155
38927 6 263
38927 6 263
39912 5 219
39912 5 219
40359 7 4913
40359 7 4913
41235 3 242
41235 3 242
41244 5 266
41244 5 266
41341 7 654
41341 7 654
41542 2 371
41542 2 371
41895 11 263
41895 11 263
41941 6 298
41941 6 298
42526 1 356
42526 1 356
43088 7 191
43088 7 191
43123 3 396
43123 3 396
44208 7 668
44208 7 668
44211 9 592
44211 9 592
44439 2 274
44439 2 274
44919 9 198
44919 9 198
45006 1 6265
45006 1 6265
45570 1 277
45570 1 277
46074 1 353
46074 1 353
46405 1 220
46405 1 220
47240 2 627
47240 2 627
47497 1 397
47497 1 397
47642 1 11472
47642 1 11472
47897 2 385
47897 2 385
48466 1 278
48466 1 278
48877 3 853
48877 3 853
48914 2 219
48914 2 219
49187 2 543
49187 2 543
49552 4 534
49552 4 534
49692 3 437
49692 3 437
49966 4 546
49966 4 546
50032 5 336
50032 5 336
50035 2 212
50035 2 212
50086 1 450
50086 1 450
50470 1 246
50470 1 246
51273 2 480
51273 2 480
51285 1 289
51285 1 289
51297 8 261
51297 8 261
51477 26 443
51477 26 443
51478 33 438
51478 33 438
51479 18 369
51479 18 369
51480 18 341
51480 18 341
51953 18 364
51953 18 364
51954 38 432
51954 38 432
51955 25 249
51955 25 249
51956 26 261
51956 26 261
51957 41 425
51957 41 425
51958 15 236
51958 15 236
52214 5 64459
52214 5 64459
52488 22 762
52488 22 762
52492 4 370
52492 4 370
52493 8 229
52493 8 229
52619 1 335
52619 1 335
52917 6 322
52917 6 322
53183 1 334
53183 1 334
53198 4 145
53198 4 145
53290 12 321
53290 12 321
53292 18 286
53292 18 286
53306 24 1229
53306 24 1229
53307 15 551
53307 15 551
53899 2 392
53899 2 392
54510 1 226
54510 1 226
54513 13 417
54513 13 417
54650 15 456
54650 15 456
54651 10 422
54651 10 422
54652 6 398
54652 6 398
54655 14 531
54655 14 531
54656 5 325
54656 5 325
54657 1 420
54657 1 420
54660 38 704
54660 38 704
54661 49 684
54661 49 684
54693 16 655
54693 16 655
54694 13 629
54694 13 629
55249 6 330
55249 6 330
56180 1 70
56180 1 70
56617 1 721
56617 1 721
57874 2 698
57874 2 698
60046 9 245
60046 9 245
60065 3 168
60065 3 168
62240 1 609
62240 1 609
64618 4 202
64618 4 202
64619 21 749
64619 21 749
64620 2 185
64620 2 185
66908 4 395
66908 4 395
68155 12 220
68155 12 220
72055 5 155
72055 5 155
72166 6 191
72166 6 191
74849 18 499
74849 18 499
76768 1 793
76768 1 793
77412 7 200
77412 7 200
77832 1 254
77832 1 254
80766 1 817
80766 1 817
82510 9 572
82510 9 572
83530 5 360
83530 5 360
85997 3 127
85997 3 127
86227 3 323
86227 3 323
88188 21 518
88188 21 518
91565 1 402
91565 1 402
91569 1 335
91569 1 335
91570 6 445
91570 6 445
92272 8 613
92272 8 613
92275 1 518
92275 1 518
92283 22 448
92283 22 448
92286 1 647
92286 1 647
93247 3 627
93247 3 627
93340 1 460
93340 1 460
93995 3 309
93995 3 309
94499 1 875
94499 1 875
94594 1 569
94594 1 569
98269 8 239
98269 8 239
98408 3 119
98408 3 119
98800 1 28
98800 1 28
98977 2 64
98977 2 64
102792 1 462
102792 1 462
105610 16 223
105610 16 223
105611 4 894
105611 4 894
105849 20 639
105849 20 639
105852 11 234
105852 11 234
109380 1 168
109380 1 168
111314 2 34
111314 2 34
111976 1 236
111976 1 236
112184 3 38
112184 3 38
113847 3 202
113847 3 202
114550 1 389
114550 1 389
114939 2 647
114939 2 647
115183 1 394
115183 1 394
115891 2 334
115891 2 334
117582 4 71
117582 4 71
118875 2 27
118875 2 27
120148 10 488
120148 10 488
120180 2 807
120180 2 807
120181 1 746
120181 1 746
120182 2 391
120182 2 391
120192 1 1090
120192 1 1090
120596 1 832
120596 1 832
120639 3 617
120639 3 617
120640 27 616
120640 27 616
121899 3 141
121899 3 141
121900 1 401
121900 1 401
122450 3 830
122450 3 830
122451 8 499
122451 8 499
122456 2 506
122456 2 506
122457 1 608
122457 1 608
122493 4 761
122493 4 761
122765 2 782
122765 2 782
122796 11 362
122796 11 362
122826 8 741
122826 8 741
122844 6 200
122844 6 200
123268 1 178
123268 1 178
124561 2 431
124561 2 431
124711 17 895
124711 17 895
126582 1 988
126582 1 988
126584 6 556
126584 6 556
126588 4 552
126588 4 552
126592 3 1056
126592 3 1056
126602 3 592
126602 3 592
129203 1 153
129203 1 153
130952 1 616
130952 1 616
130953 3 583
130953 3 583
130955 1 608
130955 1 608
132500 2 43
132500 2 43
133866 1 99
133866 1 99
134512 5 304
134512 5 304
