21614 8 32241
30446 1 12899
55965 13 342
55980 1 1937
56994 8 231
57858 4 264
58372 2 260
58459 1 45
58821 5 770
58897 5 290
58955 1 286
59068 1 24
59141 1 29
59363 2 235
59365 5 277
59729 11 224
59730 8 212
59972 5 191
59975 10 399
60095 4 253
60096 5 189
60113 1 255
60244 5 346
60277 5 185
60279 2 118
60325 19 1164
60413 2 616
60435 6 227
60583 1 34
60778 4 168
60950 2 175
61099 4 450
61103 2 77
61211 2 250
62959 2 179
63187 2 336
63648 16 547
64519 4 234
64739 11 1049
64903 6 460
65149 2 500
65414 1 619
65548 11 299
65631 1 34
65639 1 34
66800 2 571
67276 2 74
67407 7 488
67629 5 317
67746 3 70
67856 4 177
68102 1 571
68180 8 488
68478 4 745
68519 8 404
68522 6 182
69431 2 29
69659 5 218
69728 1 127
70204 5 221
71558 2 499
72060 2 507
72072 1 339
72425 6 637
72428 3 690
72441 1 36
72756 7 982
72976 2 518
73081 1 359
73529 2 80
74974 2 217
75094 1 744
75370 2 386
75570 1 166
76017 2 466
77386 6 428
77482 1 29
77878 2 278
78365 2 299
78570 3 456
79236 5 199
79587 1 283
80037 16 573
80367 4 70
80481 3 80
80558 4 208
81348 1 25
81958 4 327
82265 8 175
82766 6 352
82794 7 687
82868 4 120
83590 1 686
83699 9 699
83725 2 675
83729 5 1548
83816 3 475
83934 2 125
84087 1 298
84143 3 193
84154 6 504
84173 2 562
84193 9 353
84511 4 95
84810 1 373
84819 4 765
84916 1 660
85137 9 393
85292 1 254
85794 4 139
86142 10 486
86174 1 630
86274 7 469
86373 5 240
86503 3 402
86601 2 201
86647 3 743
86728 2 120
86729 6 493
86755 9 759
86798 4 114
86814 8 387
86853 4 544
86904 25 999
86946 4 178
87282 13 341
87329 1 209
87431 3 382
87647 1 29
88092 6 308
88166 6 308
88307 1 361
88508 4 855
88550 1 403
88912 1 292
89659 3 425
89660 3 684
89707 5 567
89774 3 561
89904 2 265
90662 1 349
90836 1 260
91015 1 398
91157 3 347
91675 1 533
91925 6 190
92719 6 222
92867 1 745
92920 5 242
93002 3 183
93060 3 224
93228 10 437
93234 1 474
93375 1 342
93575 10 355
95798 1 335
95990 1 22
96888 2 480
96987 14 559
97482 1 352
97547 1 107
97577 4 243
98219 1 26
98681 7 968
98944 6 649
100810 1 195
100818 3 179
101269 7 234
101283 4 471
101753 3 342
102035 12 299
104262 1 27
104631 12 381
105027 4 247
105730 2 174
106009 3 675
106187 2 404
107197 7 234
107570 10 546
108568 4 192
108682 3 279
109037 1 152
109329 1 313
110329 1 241
111809 9 516
111830 1 270
112210 1 250
113402 2 612
113482 1 365
113970 3 266
114227 1 589
114390 1 198
116074 6 259
116413 1 533
116965 2 104
117553 2 84
117990 3 157
118030 5 557
118221 1 74
118469 6 3145
118639 1 261
118915 2 132
118917 6 299
120513 7 252
120736 3 118
121987 1 48
122189 1 109
122487 1 31
123119 1 45
123146 7 250
123177 1 1099
123248 4 126
123289 5 482
123429 3 325
123662 5 139
123717 1 78
123725 3 392
124080 6 245
124292 1 31
125402 2 129
126012 4 743
126061 2 312
126417 4 148
127056 2 268
127499 1 68
127950 3 413
127987 1 46
128265 1 50
128760 2 73
129346 11 401
129381 1 41
129400 1 198
129834 2 42
133286 5 429
133289 7 228
133349 3 464
133363 7 190
136192 2 590
136728 4 226
136980 7 699
136984 9 772
137264 3 1708
138315 5 162
138344 1 482
138612 1 205
138785 3 729
139163 3 94
140040 1 591
140465 4 1574
140969 2 401
140990 1 644
141025 1 205
141516 5 221
142141 14 7912
142301 4 409
142504 3 315
142707 4 247
142898 3 264
142917 2 288
144078 2 77
144329 6 208
144761 1 183
145323 9 734
145691 2 636
145849 3 439
146340 3 382
146345 3 155
146408 3 298
146424 1 839
146425 4 772
146431 7 1417
147196 4 339
147204 7 177
147483 5 649
148696 10 550
148938 1 620
149432 1 274
149687 5 129
149692 8 784
149716 1 1648
150261 3 584
150392 1 501
151225 4 245
151317 6 160
151322 6 206
151402 2 463
151612 1 314
151700 1 1011
151749 1 1469
151928 1 687
151984 1 315
152445 5 409
152538 2 162
152543 4 238
152548 1 200
152550 5 326
152817 3 251
152837 1 189
152845 1 364
153093 11 571
153448 4 133
153710 3 288
154391 3 140
154657 1 204
154680 1 357
155023 5 297
155093 14 424
155094 2 212
155316 11 393
155450 1 278
155565 4 371
155678 2 255
156824 1 153
156997 3 146
157080 1 275
157623 5 482
157842 1 172
157922 6 750
159072 2 416
159269 5 281
159291 2 295
159330 1 173
159341 1 666
159572 3 178
159840 1 173
160026 9 523
160027 4 209
160136 5 197
160177 1 183
160281 11 563
160635 1 44
161234 4 477
161271 1 46
161929 5 122
162844 2 506
162856 19 1797
162876 1 186
162960 2 384
162988 4 454
163096 4 809
163229 5 306
163423 5 239
163553 2 137
163599 1 1151
163790 8 195
164012 1 176
164221 1 176
164373 7 642
164836 2 624
164935 1 187
165235 6 199
165293 8 234
165344 1 55
165572 1 178
165742 3 217
165897 5 273
166144 1 165
167548 1 180
167747 5 420
167832 2 138
167838 3 235
167844 2 195
167915 2 263
167932 4 411
168010 2 68
168013 4 175
168014 3 66
168231 4 927
168678 2 288
169092 5 194
171097 7 149
171494 1 657
171758 2 629
171852 10 177
171858 11 938
171861 8 604
171880 7 457
171883 18 559
172079 6 277
172247 2 341
172419 1 167
172506 5 411
172603 3 236
172649 1 168
172824 3 186
172827 5 254
172998 9 358
173184 2 160
173904 5 139
174057 3 442
174140 2 304
174314 3 185
174318 3 232
174477 3 613
174788 7 441
175107 1 152
175271 3 252
175502 5 136
175524 2 313
175742 4 120
175746 9 226
175777 2 59
175826 1 176
176026 11 438
176155 2 102
176523 3 156
177644 5 411
178092 3 104
178810 2 237
178996 3 5818
180610 1 49
181525 3 669
182253 4 498
182281 1 168
182287 1 393
182770 1 47
182908 4 2086
183383 1 136
183638 2 195
184089 1 227
184186 1 348
184490 3 279
184576 3 288
184936 4 185
185140 3 237
185655 2 519
185716 1 182
185799 1 804
186081 1 150
186228 3 606
186518 1 484
186884 1 178
187051 3 196
187363 1 624
187646 1 646
188061 1 186
188347 8 329
188613 2 429
189998 7 573
190068 8 538
190088 1 173
191730 6 327
191982 3 317
192281 1 1033
192376 1 633
192552 3 301
192804 9 311
193378 4 208
193708 2 123
194137 2 603
194142 1 145
194641 1 135
194896 2 89
194970 1 178
195164 10 622
195340 2 168
195347 4 301
195473 1 469
195543 10 834
196373 1 48
196798 1 503
197170 2 1148
197522 7 262
197777 2 146
198188 7 1115
198948 1 120
199686 4 233
199816 3 515
200368 2 300
200848 9 198
201014 4 202
201242 1 186
202927 6 258
202935 1 200
203039 5 546
204057 1 157
204615 2 428
204706 9 213
205252 1 265
205889 1 126
206058 1 408
208500 6 388
209091 1 469
209391 5 298
210099 4 529
210234 1 304
210608 1 223
211016 4 719
211027 3 167
211117 3 134
211571 1 163
211781 5 149
212329 1 52
213269 8 533
213592 7 512
214383 8 255
215668 5 312
216186 7 570
216754 1 125
217197 2 112
217659 4 144
217785 2 435
217897 1 496
218007 1 227
218034 6 233
218727 1 322
219538 2 480
219545 4 240
219929 1 1275
220380 2 495
220397 1 217
220681 3 537
221062 1 300
221529 5 545
221788 1 455
221789 5 300
221836 2 783
222007 1 46
222455 1 176
222510 1 214
222675 1 186
222716 3 353
222980 6 186
223158 4 856
223244 3 275
223431 3 155
223435 5 186
223440 6 251
223674 1 368
223916 17 709
223988 2 584
224594 1 181
224815 1 46
224845 1 287
225183 2 514
225662 8 304
225831 15 512
226474 10 801
226487 1 1368
226623 5 195
228552 7 379
228781 6 283
228891 2 179
228941 13 541
229752 5 579
229753 5 588
229757 2 503
229787 6 509
229793 14 780
229921 1 647
229928 2 165
230005 12 341
230006 9 318
230015 4 442
230622 8 213
230876 10 451
231490 3 311
231497 2 510
231541 1 49
232844 4 149
233037 3 275
233244 3 123
233445 1 315
234254 1 377
234637 3 292
234751 2 496
234825 5 369
235418 7 360
236002 4 311
236125 4 235
236876 1 105
237752 1 273
238477 6 292
238741 5 510
239550 4 268
239589 1 597
239758 4 560
239761 4 558
239892 19 1060
240318 10 785
240651 7 649
240946 20 705
240955 1 240
241021 7 528
241330 1 420
241400 1 120
241423 11 713
241679 3 372
241730 6 893
241783 6 427
242170 14 595
242257 7 336
242730 3 498
243504 8 589
243635 12 625
243758 2 268
243858 4 663
244182 3 362
244558 4 276
244682 3 447
245006 2 140
245008 5 274
245052 1 459
245385 7 330
245501 1 228
245752 2 270
245831 1 775
246070 1 201
246082 1 133
246700 4 478
246711 3 498
246958 1 451
247043 8 1072
247708 2 535
247734 1 1355
247806 3 152
248452 3 764
250204 4 367
250489 4 133
250603 1 303
251235 1 136
252226 4 159
252543 6 282
252626 2 361
252820 3 49
252929 1 433
253017 9 235
253440 3 235
254351 2 421
254597 1 245
255098 8 545
255325 4 254
255412 4 426
255435 3 461
255692 4 773
255985 2 696
256156 6 626
256790 2 275
258057 5 189
258250 3 111
258473 4 129
258480 1 263
258813 2 193
259047 1 126
259325 3 316
259488 3 938
259738 3 516
259750 1 203
260855 18 923
260932 8 275
261714 3 298
261740 1 315
262223 1 43
262406 1 273
262649 1 157
262688 10 416
262727 1 406
263083 21 1252
263233 1 345
263333 3 301
263423 10 470
263709 3 216
263710 2 58
263711 5 295
263876 5 236
263987 8 294
263988 4 461
264122 10 395
264129 6 147
264207 2 89
264696 4 441
265021 1 296
265810 13 16729
265813 3 4655
265845 12 17259
265847 8 5294
265859 2 5419
265861 2 5419
265947 5 478
266018 1 152
267296 29 4554
267663 4 5386
268028 10 3609
268303 25 6782
268585 9 2656
269590 3 1418
269996 25 6852
270501 1 3763
271013 4 1522
273829 1 423
274348 1 533
275451 2 141
276662 3 2455
277312 8 591
279010 15 1943
279096 4 5450
280533 2 167
280619 23 11500
281054 1 1643
281285 2 298
281461 4 137
282043 5 1308
283094 1 223
283141 17 4279
284374 2 1150
285472 1 1080
285534 1 293
286331 12 4171
286527 14 1743
286614 9 1800
286639 2 1212
288172 1 203
288286 5 123
289348 114 18428
289479 5 1532
289522 3 1732
289538 5 4464
289610 9 2184
289732 6 4132
289734 2 4107
289829 5 2157
289841 1 4173
289916 3 1173
290128 2 572
290256 6 30074
290440 11 15196
290465 9 15747
290466 1 7226
291851 2 6502
292277 2 1911
292582 12 311
292835 14 3737
294044 4 912
294180 2 671
294525 11 1988
294594 2 1123
294967 11 7544
294998 15 2354
296219 1 770
296422 1 201
296571 2 478
296623 3 1961
297320 3 722
297916 2 246
297922 2 246
298191 2 226
298323 6 1495
300001 14 2382
301558 2 294
301559 2 355
301735 4 954
301816 1 650
301865 82 18367
302162 8 1288
302611 7 1120
302849 2 172
302873 3 1083
303035 9 602
303731 11 3106
303734 95 25485
304433 1 789
304529 6 527
304902 7 658
305122 2 985
305538 3 1995
305874 36 5512
305916 11 4660
305923 3 5770
305951 1 1060
305981 8 4277
306052 1 3462
306237 40 26903
306420 4 332
306492 4 5234
306535 14 894
307453 15 49380
307762 7 3336
308186 70 36306
308479 1 486
308513 18 8438
308528 1 342
308553 13 8271
308555 4 1070
308599 1 1094
308608 3 3120
308692 1 980
308907 17 13313
308919 20 13545
308929 68 12027
308947 9 16976
308961 17 13313
308973 20 13545
308983 68 12027
309001 9 16976
309792 3 192
310249 11 4923
310424 3 1435
310476 3 581
311602 11 275
312123 4 459
312401 8 5388
315283 1 205
315876 2 883
316469 4 231
316760 2 250
318306 3 294
318414 2 429
319461 3 720
320248 8 13098
320602 3 822
320636 2 542
321640 2 187
322760 1 226
322920 2 581
323216 2 786
323232 2 528
323387 1 429
324669 1 1168
324730 3 721
326123 10 14885
326129 110 67196
326868 1 624
327009 2 440
327384 15 19585
327394 20 22044
327407 11 18061
327457 7 155
328992 5 5954
329208 6 9390
329209 11 5843
329225 13 7875
329226 3 8776
329227 6 3765
329231 4 7437
329407 4 7463
329430 9 161
329479 5 1864
329493 6 7227
329569 3 7587
329725 10 298
329804 9 7586
330099 6 6898
330244 17 327
331432 9 8083
336237 29 1231
336239 1 219
336876 2 1025
337415 1 115
338649 8 7414
338976 11 383
338988 2 160
340364 1 285
341235 7 246
341256 3 201
341983 12 161
342641 4 996
344637 6 210
344933 1 487
344944 3 475
346771 1 148
347412 2 171
347496 5 198
347837 132 63219
347869 26 47445
348735 8 592
350012 6 1083
350121 4 1460
352280 16 252
354243 1 280
354450 8 8639
355071 10 4735
355072 1 6755
355696 2 365
358396 10 3630
358721 1 744
358938 1 491
359187 2 1848
359202 3 325
359310 4 836
359396 7 216
359818 2 895
362240 6 204
362463 3 138
365052 2 223
365631 3 223
367573 1 1120
367895 1 401
367899 2 293
368700 7 166
370412 4 770
371073 2 150
371155 4 1635
371704 3 1274
371775 20 374
372319 15 936
373834 24 44460
374014 8 80805
374249 5 1370
374254 12 5056
374416 2 604
374581 3 578
374994 16 13993
375761 2 343
375906 4 184
376386 9 9418
376610 5 7750
377197 3 8628
377560 3 6597
378071 6 7768
378266 7 7092
379384 1 459
380975 7 336
381275 1 490
381308 6 1713
382210 1 1458
382268 4 206
382331 4 454
383224 8 363
383225 1 246
385339 1 120
387234 11 485
387713 4 217
391568 1 292
391938 2 324
392978 1 460
393415 5 1069
393550 97 30891
393601 2 1475
393641 5 3436
393673 11 10585
393747 19 58177
394898 23 26758
395640 9 17885
395873 2 3601
395944 2 2593
395959 1 1755
396149 28 3367
396186 12 690
396258 35 38258
399249 2 239
399831 4 110
400965 5 525
401041 1 654
403341 1 401
404609 3 116
407966 1 886
408935 1 110
408971 1 81
409365 3 82
410030 8 433
410815 1 105
414070 8 318
415734 4 960
416778 5 122
419224 5 667
420525 3 276
423266 1 48
429802 11 305
430286 15 624
432363 2 475
439023 11 606
443027 1 60
447384 11 750
449879 6 346
451891 1 710
452192 7 335
452488 15 1034
454767 6 930
462489 3 651
462671 1 341
463069 2 1263
463257 6 256
463748 11 744
464195 5 280
464881 10 950
466779 12 510
469362 3 704
481837 14 933
482349 1 245
486426 2 868
486607 4 237
486774 1 309
488206 1 297
489152 13 373
489485 11 361
491424 11 888
492740 6 186
495374 17 536
496150 6 347
496606 4 133
496609 3 83
506948 2 595
517895 6 443
523246 1 1608
523837 3 441
524499 1 397
525169 8 447
526249 10 396
526372 4 738
13665 4 314
21614 1 32241
30446 2 12899
53014 2 401
55965 20 342
55980 9 1937
56994 14 231
57555 8 127
57858 1 264
58372 2 260
58821 5 770
58897 9 290
58955 14 286
59068 1 24
59141 1 29
59363 3 235
59365 9 277
59729 8 224
59730 8 212
59972 2 191
59975 24 399
60095 7 253
60096 6 189
60113 1 255
60244 1 346
60277 3 185
60279 1 118
60325 44 1164
60366 4 580
60413 1 616
60435 13 227
60542 9 156
60583 3 34
60778 3 168
60950 6 175
61099 4 450
61211 1 250
61957 21 155
62839 10 74
62959 15 179
63187 11 336
63648 37 547
64294 12 152
64519 4 234
64642 23 180
64739 6 1049
64867 1 147
64903 2 460
65149 1 500
65414 19 619
65548 14 299
66570 1 53
66800 3 571
66850 11 81
67276 2 74
67407 4 488
67629 9 317
67746 3 70
67856 6 177
68102 6 571
68163 4 130
68180 9 488
68478 19 745
68519 17 404
68522 5 182
68539 6 353
69210 4 66
69431 1 29
69659 6 218
70204 6 221
71558 2 499
72072 9 339
72370 7 134
72425 7 637
72428 5 690
72448 1 764
72756 1 982
72976 4 518
73081 8 359
73524 6 342
73529 1 80
74974 4 217
75094 2 744
75370 3 386
75570 4 166
76017 13 466
77077 16 137
77386 12 428
77482 2 29
77878 1 278
78570 2 456
79236 2 199
79333 2 247
79587 8 283
80037 4 573
80367 5 70
80481 4 80
80558 2 208
81069 10 138
81348 2 25
81958 2 327
82265 7 175
82766 4 352
82794 13 687
82868 2 120
83699 5 699
83725 2 675
83729 9 1548
83816 2 475
84087 1 298
84143 12 193
84154 14 504
84173 6 562
84193 2 353
84511 3 95
84810 1 373
84819 2 765
84916 5 660
85137 7 393
85292 11 254
85794 4 139
86099 1 33
86102 2 83
86142 9 486
86174 1 630
86274 2 469
86373 4 240
86503 2 402
86601 6 201
86647 5 743
86728 1 120
86729 2 493
86755 31 759
86798 1 114
86814 6 387
86853 1 544
86904 5 999
86946 7 178
87282 14 341
87329 9 209
87431 7 382
88092 8 308
88166 8 308
88307 1 361
88476 21 291
88508 10 855
88550 1 403
88912 8 292
89659 4 425
89660 2 684
89707 1 567
89774 22 561
89904 2 265
90662 1 349
90836 1 260
91015 3 398
91157 3 347
91675 1 533
91925 11 190
92047 4 153
92719 5 222
92822 1 169
92867 2 745
92920 3 242
93002 3 183
93060 6 224
93172 20 140
93228 15 437
93234 10 474
93375 16 342
93575 4 355
93908 5 45
95164 6 278
95209 3 474
95798 8 335
95990 1 22
96884 3 251
96888 7 480
96987 22 559
97482 11 352
97577 4 243
97680 3 49
98681 7 968
98944 9 649
99160 9 247
99666 1 216
100818 11 179
101269 6 234
101283 6 471
101753 2 342
101951 3 28
102035 7 299
102595 3 111
105027 9 247
105124 30 262
105320 14 246
105730 1 174
105759 8 76
106009 6 675
107197 8 234
107570 14 546
107989 11 75
108568 8 192
108682 6 279
109055 13 140
109329 7 313
109868 10 99
109871 13 164
109913 10 78
110394 7 79
110514 9 127
111099 4 81
111145 3 32
111152 14 160
111809 25 516
111830 2 270
111864 5 35
112210 1 250
112412 3 84
113402 8 612
113482 21 365
113970 2 266
114227 1 589
114390 13 198
114461 1 249
114500 5 353
115024 7 428
116074 31 259
116413 2 533
116965 2 104
117990 10 157
118030 8 557
118221 3 74
118469 149 3145
118639 14 261
118915 2 132
118917 10 299
119115 2 675
119567 7 378
120513 14 252
122189 1 109
122980 1 172
123119 1 45
123146 11 250
123177 3 1099
123248 7 126
123289 3 482
123429 10 325
123634 12 139
123662 3 139
123717 8 78
123725 2 392
124080 10 245
124292 2 31
124987 2 417
125402 6 129
126012 14 743
126061 4 312
126417 9 148
127950 3 413
128974 8 140
129346 19 401
129381 4 41
129400 11 198
129834 3 42
131893 7 75
133245 34 254
133286 4 429
133289 4 228
133349 3 464
133363 9 190
133992 4 238
134137 4 242
135950 6 76
135975 16 123
136192 4 590
136208 37 467
136212 17 353
136215 9 209
136728 18 226
136980 8 699
136984 12 772
138241 11 142
138309 15 203
138315 5 162
138344 35 482
138612 2 205
138785 4 729
139163 3 94
140040 5 591
140107 9 235
140297 22 276
140307 20 546
140465 5 1574
140969 12 401
140990 2 644
141025 3 205
141516 1 221
141806 10 87
142141 7 7912
142301 3 409
142504 2 315
142707 2 247
142898 4 264
142917 11 288
143808 6 84
144078 4 77
144265 4 35
144329 14 208
144990 7 621
145089 5 41
145323 2 734
145691 1 636
146340 19 382
146345 9 155
146408 4 298
146424 63 839
146425 2 772
146431 29 1417
147196 3 339
147204 7 177
147483 3 649
147552 5 211
147632 6 128
148594 18 252
148601 16 213
148696 10 550
149432 3 274
149687 5 129
149692 18 784
150146 16 247
150261 29 584
150392 19 501
151225 3 245
151240 5 42
151317 8 160
151322 9 206
151402 41 463
151501 9 184
151612 2 314
151749 5 1469
151821 6 74
151984 3 315
152445 5 409
152538 7 162
152543 14 238
152548 8 200
152550 16 326
152817 2 251
152837 9 189
152845 12 364
153093 8 571
153448 6 133
153710 3 288
154391 5 140
154414 15 307
154656 5 110
154657 5 204
154663 6 123
154680 14 357
155002 2 522
155023 7 297
155093 9 424
155094 3 212
155316 15 393
155450 2 278
155565 4 371
155678 4 255
156824 2 153
156842 4 267
156997 3 146
157080 1 275
157415 1 665
157623 17 482
157825 20 473
157922 2 750
159072 18 416
159269 5 281
159291 15 295
159341 57 666
159572 2 178
160026 6 523
160027 2 209
160136 9 197
160281 8 563
160536 6 48
160999 20 262
161211 1 261
161234 7 477
161929 3 122
162844 3 506
162856 32 1797
162960 1 384
162988 3 454
163096 4 809
163229 34 306
163423 9 239
163553 2 137
163599 4 1151
163790 8 195
164373 24 642
165235 7 199
165293 10 234
165742 1 217
165819 4 711
165897 10 273
166067 1 91
166166 18 157
166854 12 202
166933 3 189
167208 2 646
167548 1 180
167747 8 420
167832 1 138
167838 2 235
167844 8 195
167915 8 263
167932 3 411
168010 3 68
168013 8 175
168014 4 66
168097 4 133
168188 8 56
168231 7 927
168678 6 288
168787 1 626
169092 8 194
171097 6 149
171146 6 99
171478 4 459
171852 3 177
171858 8 938
171861 5 604
171880 7 457
171883 18 559
172079 11 277
172247 17 341
172506 29 411
172603 9 236
172770 15 234
172824 9 186
172827 12 254
172998 17 358
173184 3 160
173896 2 233
173904 7 139
174057 10 442
174140 1 304
174314 4 185
174318 4 232
174788 22 441
175271 4 252
175502 6 136
175524 2 313
175742 6 120
175746 11 226
175777 3 59
176026 17 438
176155 3 102
176523 5 156
177644 4 411
177960 11 138
178092 5 104
178255 12 98
178429 5 121
178810 5 237
178996 4 5818
181374 21 315
182253 5 498
182287 1 393
182908 7 2086
183383 1 136
183453 25 468
183638 3 195
184089 10 227
184186 20 348
184365 20 367
184490 1 279
184576 1 288
184936 14 185
185140 2 237
185655 26 519
185799 13 804
186081 2 150
186518 30 484
187051 3 196
187363 1 624
187435 4 112
188347 1 329
188566 16 184
188613 3 429
189998 14 573
190068 6 538
190073 2 351
190763 4 1025
190789 3 352
190913 1 366
191730 6 327
191732 8 149
191982 5 317
192281 8 1033
192552 6 301
192804 16 311
192841 4 182
192865 6 101
192869 9 138
193378 5 208
193708 3 123
194137 29 603
194142 1 145
194641 4 135
194896 3 89
195164 15 622
195340 3 168
195347 4 301
195543 13 834
196097 18 329
196373 4 48
196619 6 124
196798 19 503
197022 2 476
197170 45 1148
197522 7 262
197777 5 146
198156 16 198
198188 1 1115
198948 1 120
199686 3 233
199751 5 38
199816 18 515
199967 10 59
200848 9 198
201014 2 202
201242 11 186
202905 7 72
202927 6 258
202935 4 200
203039 2 546
204139 17 132
204706 1 213
205252 4 265
205889 4 126
206140 14 225
206712 2 432
209391 7 298
211016 2 719
211027 3 167
211117 4 134
211548 33 436
211781 7 149
212607 14 125
213269 26 533
213592 9 512
214383 7 255
215668 19 312
216186 23 570
216325 19 131
216459 3 177
216595 7 53
217197 2 112
217659 15 144
217897 10 496
218007 12 227
218034 5 233
219538 23 480
219545 8 240
219929 11 1275
220380 2 495
220681 19 537
221529 7 545
221788 15 455
221789 8 300
221836 2 783
222119 1 467
222455 10 176
222811 10 69
222978 9 188
222980 10 186
223158 6 856
223244 4 275
223277 5 71
223343 4 52
223431 12 155
223435 4 186
223440 4 251
223457 7 196
223674 1 368
223711 1 360
223723 25 276
223916 4 709
223988 3 584
225183 12 514
225662 5 304
225831 26 512
226474 23 801
226487 7 1368
226623 9 195
228552 8 379
228781 6 283
228891 9 179
228941 12 541
229752 11 579
229753 1 588
229757 25 503
229787 1 509
229793 23 780
229921 3 647
229928 1 165
230005 16 341
230006 9 318
230015 5 442
230622 12 213
230774 7 222
230876 8 451
231490 4 311
231497 4 510
231537 23 221
231541 5 49
232844 7 149
232942 2 80
233037 2 275
233244 4 123
233445 8 315
234637 7 292
234825 9 369
235076 1 494
235418 7 360
235812 3 81
236002 4 311
236125 4 235
236876 1 105
238280 7 63
238320 28 220
238477 11 292
238544 28 211
238741 3 510
239044 8 65
239550 14 268
239589 38 597
239592 33 729
239758 20 560
239761 16 558
239892 3 1060
240318 10 785
240651 15 649
240946 15 705
240955 1 240
241021 29 528
241330 5 420
241400 11 120
241423 37 713
241679 16 372
241730 32 893
241783 19 427
242170 11 595
242257 1 336
242730 9 498
243504 5 589
243635 17 625
243758 22 268
243858 29 663
244182 4 362
244375 13 274
244558 14 276
245006 1 140
245008 4 274
245052 1 459
245385 15 330
245501 1 228
245752 6 270
245780 5 123
245831 1 775
246082 3 133
246700 9 478
246711 3 498
247043 4 1072
247708 2 535
247734 12 1355
247806 4 152
248452 5 764
250204 3 367
250489 5 133
250768 13 159
251235 13 136
251773 9 67
252226 7 159
252329 6 122
252543 11 282
252626 22 361
252820 4 49
253017 14 235
253440 1 235
254597 1 245
255098 6 545
255122 9 112
255191 12 115
255325 5 254
255412 5 426
255435 5 461
255692 5 773
255985 55 696
256156 12 626
256784 2 89
256790 12 275
257397 17 273
258057 6 189
258250 6 111
258473 5 129
258480 1 263
258813 5 193
258862 2 305
259047 3 126
259325 21 316
259488 6 938
259738 20 516
259750 2 203
260151 10 136
260855 3 923
260932 12 275
261714 1 298
261740 2 315
262223 3 43
262349 3 493
262406 1 273
262649 4 157
262688 13 416
262990 2 294
263083 22 1252
263233 2 345
263333 17 301
263423 18 470
263709 3 216
263710 2 58
263711 7 295
263876 3 236
263987 6 294
263988 5 461
264122 11 395
264129 6 147
264207 4 89
264909 10 95
265021 1 296
265810 81 16729
265813 27 4655
265845 63 17259
265847 16 5294
265947 5 478
266018 1 152
267296 2 4554
267663 1 5386
267778 49 5216
268303 22 6782
269996 22 6852
270103 2 3182
274348 1 533
274905 2 948
276662 7 2455
276679 2 114
277312 9 591
279010 13 1943
279096 12 5450
280533 1 167
280619 9 11500
281054 2 1643
281258 4 139
281461 3 137
282043 3 1308
283094 1 223
283141 9 4279
284076 1 1336
284374 44 1150
285472 1 1080
285534 1 293
286331 2 4171
286527 1 1743
286614 80 1800
288172 1 203
288286 6 123
289348 2 18428
289479 1 1532
289522 1 1732
289538 2 4464
289610 12 2184
289611 2 1375
289732 18 4132
289734 30 4107
289829 1 2157
289916 2 1173
290440 56 15196
290465 41 15747
290466 2 7226
290734 18 288
291851 2 6502
292277 8 1911
292582 13 311
292835 1 3737
293738 5 5107
294044 4 912
294180 4 671
294594 6 1123
294967 8 7544
294998 12 2354
296219 1 770
296422 1 201
296571 4 478
296623 3 1961
297916 2 246
297922 2 246
298191 2 226
298323 5 1495
301558 11 294
301559 3 355
301735 10 954
301865 2 18367
302162 1 1288
302849 1 172
302873 2 1083
302945 1 98
303035 9 602
303734 75 25485
304122 5 289
304529 1 527
305538 1 1995
305874 1 5512
305916 1 4660
305951 54 1060
305981 293 4277
306052 10 3462
306237 6 26903
306402 13 575
306420 1 332
306535 9 894
307453 13 49380
308186 1 36306
308479 3 486
308513 22 8438
308528 1 342
308553 1 8271
308599 2 1094
308687 1 611
308692 65 980
308907 80 13313
308919 51 13545
308929 204 12027
308947 119 16976
308961 80 13313
308973 51 13545
308983 204 12027
309001 119 16976
309792 3 192
310249 5 4923
310424 25 1435
310476 6 581
311602 14 275
312123 1 459
312401 21 5388
315283 1 205
316026 1 280
316469 2 231
316760 4 250
318306 3 294
318414 5 429
319461 4 720
320248 13 13098
320602 5 822
321640 2 187
322760 2 226
322920 2 581
323216 1 786
323232 1 528
323387 1 429
323437 7 628
324669 3 1168
324730 1 721
326123 13 14885
326129 30 67196
327009 1 440
327103 7 199
327384 112 19585
327394 186 22044
327407 93 18061
327457 9 155
328992 14 5954
329208 18 9390
329209 2 5843
329225 17 7875
329226 15 8776
329227 4 3765
329231 10 7437
329407 4 7463
329430 9 161
329479 2 1864
329493 13 7227
329569 3 7587
329725 11 298
329804 10 7586
330099 12 6898
330244 19 327
331432 17 8083
332372 6 636
332374 32 430
333133 51 791
336237 35 1231
336239 1 219
336876 1 1025
338649 3 7414
338976 11 383
338988 2 160
341235 6 246
341256 1 201
341983 16 161
344144 3 246
344637 5 210
344933 1 487
344944 36 475
346771 1 148
347412 2 171
347496 4 198
347837 7 63219
348659 24 484
348735 9 592
350012 70 1083
350121 124 1460
352280 16 252
353941 1 448
354243 13 280
354450 6 8639
355071 124 4735
355072 133 6755
358396 49 3630
358721 14 744
359187 10 1848
359310 10 836
359818 8 895
362193 8 202
362240 6 204
362463 4 138
365052 2 223
365631 3 223
365756 1 359
367115 7 113
367573 33 1120
367895 2 401
367899 3 293
368700 8 166
370412 1 770
371073 1 150
371155 1 1635
371775 20 374
372319 31 936
373834 4 44460
374014 50 80805
374249 37 1370
374254 396 5056
374581 26 578
374994 111 13993
375761 2 343
375906 4 184
376386 10 9418
376610 12 7750
377197 4 8628
377560 9 6597
378071 18 7768
378266 9 7092
379384 17 459
380975 5 336
381275 29 490
381308 2 1713
381665 2 771
382268 9 206
382331 6 454
385339 1 120
387234 10 485
389655 13 189
391459 1 168
391568 3 292
391938 4 324
393302 2 316
393550 8 30891
393601 63 1475
393641 299 3436
393673 1 10585
394898 12 26758
395640 1 17885
395873 123 3601
395944 238 2593
395959 5 1755
396025 15 353
396149 3 3367
396186 11 690
396258 494 38258
398157 7 157
399249 2 239
399831 3 110
400965 39 525
404609 6 116
405500 18 385
407966 1 886
408935 2 110
409365 5 82
410030 14 433
410815 2 105
411585 3 311
414070 3 318
416778 7 122
419224 1 667
420525 3 276
429802 3 305
430286 14 624
432363 7 475
439023 11 606
443027 4 60
447384 14 750
449879 13 346
452192 19 335
452488 7 1034
454767 6 930
458825 1 134
462489 1 651
463257 13 256
463748 15 744
464195 10 280
464881 13 950
466779 10 510
469362 15 704
475682 8 105
481837 29 933
482349 5 245
486426 2 868
486607 5 237
486774 1 309
489152 14 373
489485 17 361
491424 6 888
492740 5 186
495374 18 536
496150 7 347
496606 1 133
496609 2 83
512956 2 72
513623 1 418
517895 1 443
520838 37 500
523837 3 441
525169 8 447
526249 14 396
526372 15 738
21614 5 32241
27801 2 410
30446 2 12899
33937 2 469
36157 2 455
52214 16 64459
57555 1 127
57858 1 264
58459 1 45
59365 4 277
60244 1 346
60413 2 616
60435 1 227
61090 1 237
61099 4 450
61103 1 77
61957 2 155
62959 1 179
63187 1 336
64294 1 152
64739 3 1049
64903 2 460
66800 1 571
67746 1 70
67856 1 177
68478 2 745
68539 1 353
70204 2 221
71558 2 499
72060 2 507
72072 2 339
72370 3 134
72425 1 637
72428 3 690
72448 2 764
72756 1 982
73545 1 323
73551 2 189
75094 2 744
75370 2 386
77878 1 278
77927 1 354
78365 2 299
79587 1 283
80037 1 573
80558 1 208
81069 1 138
81230 3 470
83590 1 686
83725 1 675
83729 1 1548
84087 2 298
84132 2 183
84173 3 562
84916 4 660
86373 2 240
86647 3 743
87647 2 29
88307 2 361
88508 1 855
88912 1 292
89659 1 425
89660 5 684
90662 1 349
90836 5 260
91015 3 398
91157 1 347
91675 1 533
91925 1 190
92867 1 745
93060 1 224
93228 2 437
93234 1 474
93575 1 355
95164 2 278
95209 1 474
95798 1 335
96372 1 230
96888 1 480
98681 4 968
98794 2 513
98944 1 649
99666 1 216
101283 1 471
101753 3 342
104631 2 381
105027 1 247
105124 2 262
105320 3 246
108682 1 279
109055 1 140
109868 2 99
109871 2 164
110514 1 127
111099 2 81
111152 3 160
111809 2 516
111830 1 270
112210 1 250
112412 2 84
113402 2 612
114227 1 589
114390 1 198
114461 1 249
116413 4 533
116965 1 104
117553 1 84
117990 1 157
118030 1 557
118221 1 74
118469 6 3145
118639 2 261
118917 6 299
120736 1 118
122189 1 109
122487 2 31
122980 1 172
123146 1 250
123177 2 1099
123248 3 126
123634 3 139
123725 1 392
124080 1 245
124987 1 417
125402 2 129
127950 1 413
128265 1 50
128974 3 140
129346 1 401
133349 1 464
135950 1 76
136208 3 467
136448 1 557
136980 1 699
136984 1 772
137264 1 1708
138309 3 203
138344 3 482
138785 7 729
140307 1 546
140969 1 401
142141 1 7912
142917 1 288
144329 1 208
144990 1 621
145323 2 734
146340 1 382
148594 2 252
148601 2 213
150146 4 247
150261 2 584
151402 1 463
151431 1 107
151501 2 184
151700 1 1011
151984 1 315
152538 1 162
152548 1 200
152817 1 251
152837 1 189
152845 1 364
153093 2 571
154414 3 307
154656 1 110
154657 1 204
154663 1 123
154680 3 357
155093 1 424
155316 3 393
156842 1 267
157922 2 750
159341 1 666
159572 1 178
160181 4 372
160635 1 44
160999 1 262
161211 1 261
161271 2 46
162856 1 1797
162988 1 454
163096 7 809
163423 3 239
163599 2 1151
165293 3 234
165742 1 217
165819 1 711
165897 2 273
166854 2 202
167932 1 411
168013 1 175
168097 3 133
168231 2 927
171146 1 99
171531 2 299
171858 1 938
171861 1 604
171880 2 457
171883 3 559
172079 1 277
172247 1 341
172603 1 236
172998 2 358
174057 1 442
174140 1 304
174788 2 441
175271 1 252
175524 1 313
176155 1 102
176793 1 160
178996 1 5818
181374 1 315
182287 2 393
183383 4 136
183453 1 468
183638 1 195
184089 1 227
184186 1 348
184365 1 367
184490 3 279
184576 3 288
184936 1 185
185140 1 237
185799 2 804
187051 1 196
187363 4 624
187435 3 112
188347 3 329
188566 1 184
188613 2 429
190068 1 538
191982 1 317
192281 2 1033
192376 1 633
192865 2 101
192869 1 138
194137 2 603
195164 2 622
195340 1 168
196619 1 124
197022 1 476
197170 2 1148
197522 2 262
199816 2 515
201014 1 202
201242 1 186
202927 1 258
202935 1 200
204706 2 213
206140 1 225
207757 1 125
210234 1 304
211016 2 719
211548 1 436
212329 1 52
213269 1 533
213592 3 512
218007 1 227
219538 1 480
220380 1 495
221529 1 545
221539 3 403
221789 1 300
221836 2 783
221974 1 409
222007 2 46
222675 1 186
222716 1 353
223158 4 856
223198 1 155
223244 2 275
223277 1 71
223343 1 52
223431 2 155
223457 2 196
223988 3 584
225183 3 514
225831 2 512
226623 1 195
228941 1 541
229752 1 579
229753 3 588
229793 2 780
230005 3 341
231497 2 510
233445 1 315
234751 1 496
236876 1 105
236939 5 337
239550 1 268
239589 1 597
239592 1 729
239758 1 560
239761 1 558
239892 2 1060
240651 2 649
240836 1 511
240955 1 240
241021 2 528
241423 2 713
241679 3 372
241730 3 893
241783 1 427
242257 1 336
243635 1 625
243758 1 268
243858 2 663
244375 3 274
245385 1 330
245501 1 228
245831 4 775
246082 1 133
246700 1 478
246711 2 498
247708 1 535
248452 2 764
250204 1 367
252226 1 159
252626 2 361
254597 2 245
255412 3 426
255692 1 773
256156 1 626
256784 1 89
257397 2 273
258480 1 263
259488 2 938
259738 3 516
259750 1 203
260855 2 923
260932 1 275
261714 1 298
261740 2 315
262349 1 493
262688 3 416
263083 5 1252
263709 1 216
264122 1 395
264129 1 147
265810 7 16729
265813 6 4655
265845 12 17259
265847 6 5294
265859 11 5419
265861 11 5419
266018 4 152
267296 1 4554
267539 3 1511
268028 2 3609
268585 1 2656
269023 3 489
269590 1 1418
269994 1 2943
270103 1 3182
270253 3 1776
270501 8 3763
271013 1 1522
274285 1 631
274905 1 948
274991 1 131
276180 1 411
276662 3 2455
279096 2 5450
280619 3 11500
280678 1 814
281258 1 139
282043 2 1308
283094 1 223
283141 4 4279
283905 4 346
284076 9 1336
284374 2 1150
285472 1 1080
285768 1 535
286614 1 1800
286639 7 1212
287198 1 1022
288172 1 203
289348 1 18428
289522 4 1732
289538 2 4464
289610 1 2184
289611 4 1375
289829 3 2157
289841 2 4173
289916 2 1173
290128 1 572
290256 4 30074
290423 1 3060
290440 14 15196
290466 15 7226
292277 1 1911
292505 2 2460
293738 5 5107
294044 1 912
294180 8 671
294525 2 1988
294967 2 7544
294998 3 2354
296571 1 478
296623 1 1961
296704 1 1517
298191 1 226
298323 3 1495
300001 5 2382
300175 13 690
300301 1 751
301558 1 294
301559 1 355
301816 3 650
301865 4 18367
302162 1 1288
302849 1 172
302873 1 1083
303035 3 602
303628 1 743
303731 1 3106
303734 8 25485
304122 3 289
304433 3 789
304529 2 527
304902 2 658
305122 2 985
305538 1 1995
305874 2 5512
305923 2 5770
306052 3 3462
306237 4 26903
306420 1 332
306492 1 5234
307412 1 649
307453 22 49380
307762 1 3336
308186 10 36306
308260 1 1095
308479 2 486
308513 9 8438
308553 9 8271
308608 4 3120
308687 3 611
308692 3 980
308865 4 703
308907 5 13313
308919 21 13545
308929 1 12027
308947 3 16976
308961 5 13313
308973 21 13545
308983 1 12027
309001 3 16976
310412 2 827
315283 1 205
315876 4 883
316469 1 231
316760 1 250
318306 3 294
318414 5 429
319461 5 720
320248 19 13098
320602 1 822
320636 3 542
321640 1 187
322760 1 226
322920 1 581
324669 2 1168
324730 1 721
326123 2 14885
326129 13 67196
326868 1 624
327009 2 440
327384 4 19585
327394 3 22044
327407 5 18061
329208 1 9390
329209 1 5843
329226 1 8776
329227 1 3765
329231 3 7437
329407 1 7463
329493 3 7227
329569 1 7587
329804 1 7586
332372 2 636
333133 1 791
336239 1 219
338649 2 7414
340074 9 308
340364 4 285
342641 3 996
344144 1 246
344933 5 487
347412 1 171
347837 9 63219
347869 35 47445
355071 4 4735
355072 4 6755
355696 3 365
359187 1 1848
359310 1 836
359828 2 498
362193 1 202
365631 1 223
365756 3 359
367115 1 113
367895 1 401
370412 1 770
371073 4 150
371155 2 1635
371704 1 1274
372319 3 936
373834 25 44460
374581 1 578
374994 4 13993
376386 2 9418
377197 3 8628
378071 2 7768
381275 3 490
381308 7 1713
381665 5 771
382210 11 1458
382331 1 454
385513 3 263
387713 2 217
389655 1 189
391459 4 168
391568 2 292
392978 2 460
393415 6 1069
393498 1 166
393550 17 30891
393601 1 1475
393673 6 10585
393747 13 58177
394898 17 26758
395640 10 17885
396025 3 353
396258 15 38258
398157 1 157
399249 2 239
400965 3 525
401041 9 654
407966 3 886
408935 1 110
408971 2 81
410030 1 433
410815 1 105
415734 4 960
419224 1 667
420525 2 276
423266 1 48
430286 4 624
432363 1 475
447384 3 750
449879 1 346
451891 3 710
452488 2 1034
458825 3 134
462489 2 651
462671 2 341
463069 3 1263
463748 4 744
464195 1 280
464881 3 950
475682 3 105
481837 1 933
486426 1 868
486607 1 237
486774 3 309
488206 2 297
489152 1 373
489485 1 361
491424 8 888
495374 1 536
496150 2 347
496606 1 133
497588 1 734
498274 1 489
506948 1 595
512956 2 72
517895 2 443
520838 2 500
523246 2 1608
523837 2 441
524499 3 397
525169 3 447
526338 1 632
