14798 1 549
47512 2 356
83200 1 214
83556 1 231
83585 1 583
88232 1 266
89697 2 212
96487 1 243
119091 1 128
119099 1 156
142047 1 221
142214 1 137
142216 1 176
142576 1 580
144148 1 677
144471 1 57
148222 1 199
153693 1 70
153988 1 379
154426 1 198
157907 1 306
165685 8 595
167592 1 126
168210 5 214
168982 3 699
169515 1 167
170521 3 309
180305 1 251
181565 1 61
186566 2 214
186678 4 269
186697 3 170
189201 3 1191
193402 1 195
193453 1 142
193822 2 577
194217 1 378
199019 1 137
205904 2 143
205909 1 88
210482 1 175
217703 1 668
221022 1 469
221043 1 715
224432 1 694
226871 1 308
228329 2 495
234180 1 242
241399 1 708
245340 1 155
246462 1 973
257093 1 249
260118 1 157
263169 1 104
263513 1 50
290431 1 646
292204 1 172
299755 2 139
308953 1 14138
309007 1 14138
325383 2 867
327272 2 176
350496 4 14081
352507 6 131
399388 1 108
407867 1 491
414089 1 901
418521 2 456
422398 1 425
466881 1 1353
478258 1 408
481186 1 362
504803 2 817
517673 1 398
519740 1 151
33 47 19382
168 2 470
169 1 518
170 3 494
171 3 221
1525 1 193
2864 5 241
4338 29 16989
4839 2 241
7129 12 232
7269 2 474
7273 1 303
8438 2 683
14797 2 660
14798 1 549
14799 1 537
14801 3 460
18567 5 556
19258 2 572
19270 1 480
19271 2 576
19280 5 488
19282 1 514
19285 2 522
19378 1 369
19383 4 361
19384 2 341
20143 13 211
24867 3 575
26856 6 383
26857 30 413
26858 22 496
26859 10 497
26860 11 592
26861 6 758
26862 8 617
26863 30 525
26864 7 483
26865 3 430
26866 15 616
26867 47 747
26868 18 423
26869 6 253
26874 11 390
26875 19 416
26876 21 564
26877 6 484
26878 29 405
32537 23 329
32638 25 523
32641 22 383
32650 11 372
32654 34 690
32656 23 528
32679 17 689
32682 23 393
32685 16 262
32686 16 461
32689 8 177
32715 34 690
32718 30 771
32739 15 474
32741 26 500
32744 26 375
32748 8 133
32757 11 372
32762 34 690
32766 13 569
32867 2 756
32868 2 765
32869 6 753
32870 3 752
32871 9 813
33788 22 678
39076 2 369
39628 4 381
42412 1 480
45921 1 505
45924 1 236
46640 13 355
46641 9 169
47512 1 356
52214 1 64459
55371 3 52248
81969 1 103
120149 1 763
220018 1 910
225949 3 169
228892 1 351
251273 3 734
265810 4 16729
265816 1 25803
265822 4 5726
265845 1 17259
267538 2 187
269053 1 296
270221 1 242
271643 2 373
276413 7 320
286735 3 2545
286827 10 670
286871 6 1003
286883 1 243
287014 32 486
287054 82 2862
290280 3 175
290431 1 646
290440 11 15196
290465 10 15747
292015 3 163
292396 3 1204
294320 1 262
299755 1 139
300982 1 3200
305994 3 339
305996 4 1161
306008 3 147
306018 3 129
306019 4 142
306175 1 10421
306194 11 1012
306217 7 1035
306237 33 26903
306282 28 4220
306585 7 304
308374 3 479
308770 8 756
308808 8 756
308919 1 13545
308947 2 16976
308950 3 2258
308953 5 14138
308973 1 13545
309001 2 16976
309004 3 2258
309007 5 14138
311068 1 256
312013 1 175
313146 6 142
314274 3 271
317455 1 119
323606 4 562
325374 4 3698
325377 4 420
325380 5 487
325383 29 867
325545 11 2289
325578 157 2828
326123 1 14885
327035 1 536
327384 4 19585
327394 1 22044
327407 1 18061
328926 2 1132
328992 4 5954
329208 2 9390
329225 1 7875
329727 1 267
329804 2 7586
329912 1 163
330099 2 6898
330122 2 278
330159 4 304
331179 1 115
331432 3 8083
332370 4 568
332664 11 1462
332665 2 1470
332992 6 261
333126 4 610
333128 7 1533
333527 8 295
333528 3 262
333812 2 221
334293 1 182
338010 9 415
338140 7 277
342640 4 149
346643 1 1086
347790 4 120
347791 4 121
347792 9 126
347793 4 103
347794 4 102
347795 8 113
347835 10 209
347836 11 167
347837 57 63219
347838 33 6657
347839 1 234
347869 98 47445
348034 2 311
349806 3 248
350222 1 1456
350224 2 529
350293 9 210
350309 8 311
350326 21 372
350419 12 191
350425 22 551
350438 3 111
350449 8 14072
350451 25 2377
350475 1 1208
350477 2 4214
350479 6 11696
352507 4 131
352552 1 73
353316 1 1787
353465 1 153
353627 1 128
354049 3 3732
354583 5 460
354809 5 281
357504 1 216
358056 1 360
371968 6 197
371969 5 105
371978 6 154
371982 2 177
371985 5 227
371987 10 309
371988 6 306
371993 9 220
371995 4 240
372023 2 280
372111 5 376
372122 2 343
372128 15 710
372130 1 424
372136 5 615
372146 10 5349
372190 3 613
372195 3 783
372278 19 28092
372281 7 5554
374974 10 12901
374994 2 13993
376302 2 344
376444 1 109
376827 9 195
376918 2 311
377017 4 1109
379028 3 153
379980 3 117
380413 2 201
380520 2 134
380585 2 115
381382 7 322
381385 7 763
381661 18 465
384493 7 275
387320 2 102
389145 9 170
393705 3 128
393708 2 318
393714 7 203
393749 1 255
395581 1 216
395584 18 8890
395585 51 30629
396090 2 164
397718 6 350
397756 7 498
399899 2 1128
401617 17 755
403839 1 698
414598 3 676
415693 1 46
417008 1 238
420101 3 640
421675 1 539
422398 3 425
434591 5 232
435707 1 71
438322 1 365
438978 1 684
442951 5 143
449425 1 1412
452167 2 148
453139 1 543
453571 1 235
464639 1 657
465658 3 471
466881 1 1353
470712 1 425
472284 1 124
472336 1 231
475527 1 156
477411 1 407
477715 1 308
484647 9 214
486573 2 404
492549 1 114
504803 2 817
508150 2 497
511566 3 80
515739 2 100
516446 2 376
516816 1 140
518576 1 239
519740 4 151
520200 1 893
521795 1 318
525472 5 2326
168 3 470
169 3 518
170 3 494
171 3 221
1525 1 193
2864 5 241
4839 7 241
7269 2 474
7273 1 303
8438 3 683
14797 3 660
14798 4 549
14799 2 537
14801 6 460
18567 5 556
19258 2 572
19270 1 480
19271 2 576
19280 5 488
19282 1 514
19285 2 522
19378 5 369
19383 4 361
19384 2 341
24867 3 575
26856 4 383
26857 15 413
26858 14 496
26859 10 497
26860 11 592
26861 6 758
26862 10 617
26863 16 525
26864 9 483
26865 5 430
26866 9 616
26867 27 747
26868 4 423
26869 3 253
26874 4 390
26875 5 416
26876 10 564
26877 5 484
26878 3 405
32638 1 523
32641 1 383
32656 4 528
32679 2 689
32682 1 393
32685 1 262
32718 1 771
32741 1 500
32748 1 133
32766 2 569
32867 4 756
32868 4 765
32869 5 753
32870 4 752
32871 11 813
39076 1 369
39628 4 381
42412 1 480
45921 1 505
45924 1 236
47512 1 356
55371 16 52248
56074 1 209
56692 3 1065
57100 1 110
57778 1 300
58122 1 98
59577 1 32
60213 1 86
61790 1 274
64122 1 78
67628 1 203
67667 3 305
69077 1 84
70231 1 415
70580 7 342
71079 1 330
75124 1 177
76539 4 112
81038 6 265
81969 3 103
83200 5 214
83316 3 91
83397 1 382
86042 1 456
88381 1 221
96487 6 243
97993 1 171
100806 1 91
103647 2 217
113292 5 133
119011 3 617
119091 2 128
119099 2 156
120149 2 763
120185 2 527
120187 1 561
120192 2 1090
122216 2 575
125158 3 410
131190 2 182
131248 2 182
131440 2 175
131531 2 175
132363 1 350
139360 2 164
140249 2 129
141105 2 586
142576 1 580
142906 2 83
143349 2 73
143352 6 93
143762 7 505
144148 1 677
145136 2 145
145713 1 184
147118 1 128
148273 2 265
148511 3 352
149917 3 587
154692 1 197
154696 5 1204
159616 1 600
159621 2 725
159623 2 628
159624 13 566
159630 2 818
160117 2 232
160283 3 44
165685 15 595
167592 2 126
168982 3 699
170521 1 309
171250 1 715
171990 2 418
173320 1 661
173643 3 343
173647 1 623
173910 6 161
174212 1 137
174972 3 360
176857 1 288
178480 1 262
180194 2 699
180305 1 251
183942 1 110
184582 1 283
184965 1 275
185752 7 66
186566 1 214
186678 1 269
186697 1 170
187109 1 725
187958 3 284
188345 1 248
189182 4 625
189183 3 946
189184 2 598
189201 2 1191
193396 1 277
194217 1 378
194675 1 641
196306 2 215
196385 5 597
196609 2 413
198979 3 630
199010 2 402
199019 1 137
203678 1 148
203714 4 101
206669 8 187
208045 2 105
209635 2 296
209693 2 242
210434 1 392
210476 3 217
210867 3 234
211344 7 462
211585 1 167
211590 1 216
212389 1 794
212391 1 573
213061 4 631
213062 3 266
214865 1 172
215349 2 216
215393 4 200
217934 2 471
220018 13 910
221025 1 663
222988 2 144
223241 1 260
224607 1 156
225101 3 501
225372 1 218
225949 5 169
226576 1 151
226650 1 81
227731 2 176
228266 1 225
228892 1 351
232913 9 226
233328 2 138
234915 5 1193
236097 2 185
236357 8 203
236494 3 515
236911 2 568
240332 1 258
240541 1 293
241399 2 708
241990 3 229
242727 1 266
244006 1 807
244492 6 803
246202 2 658
246462 3 973
247628 1 193
247841 1 429
249020 1 125
249955 2 354
251273 3 734
252020 1 352
252610 3 714
253460 1 193
253666 3 144
255986 2 810
257558 1 222
258764 1 69
258793 3 375
260118 1 157
260586 1 104
260773 3 94
260847 2 599
261643 3 407
261713 1 294
261725 2 453
262187 1 97
262563 1 51
262770 2 262
263024 1 119
263037 1 209
263169 1 104
263783 4 689
264001 2 203
264005 2 254
264165 1 220
264732 2 594
264770 1 192
264942 2 576
264981 1 165
265810 3 16729
265822 14 5726
265845 2 17259
265854 2 21100
267538 2 187
269053 1 296
270221 3 242
271643 2 373
276413 7 320
286735 13 2545
286827 22 670
286871 6 1003
286883 1 243
286946 14 4569
287014 23 486
290280 5 175
290431 1 646
290440 10 15196
290465 20 15747
292015 3 163
292396 3 1204
293074 1 184
294320 1 262
305994 3 339
305996 6 1161
306008 2 147
306018 3 129
306019 4 142
306135 6 316
306175 7 10421
306194 12 1012
306217 7 1035
306237 15 26903
306282 28 4220
306585 6 304
308374 3 479
308770 8 756
308808 8 756
308919 1 13545
308947 1 16976
308950 3 2258
308953 6 14138
308973 1 13545
309001 1 16976
309004 3 2258
309007 6 14138
311068 1 256
312013 1 175
313146 6 142
313819 2 143
313829 2 143
314274 6 271
317455 1 119
323606 4 562
325374 3 3698
325377 4 420
325380 5 487
325383 24 867
325398 2 142
325545 10 2289
325578 50 2828
327035 1 536
327272 2 176
327384 3 19585
327394 1 22044
328926 2 1132
328992 3 5954
329175 3 101
329208 2 9390
329225 1 7875
329493 1 7227
329727 1 267
329804 1 7586
329912 1 163
330099 2 6898
330122 2 278
330159 4 304
330690 1 174
331179 1 115
331294 9 162
331432 1 8083
332370 4 568
332664 17 1462
332665 2 1470
332992 6 261
333126 5 610
333128 7 1533
333527 9 295
333528 9 262
333812 2 221
334293 3 182
338010 8 415
338140 7 277
342640 4 149
346643 1 1086
347790 4 120
347791 4 121
347792 8 126
347793 4 103
347794 4 102
347795 6 113
347835 10 209
347836 11 167
347837 41 63219
347838 12 6657
347839 1 234
347869 55 47445
348034 2 311
349806 3 248
350222 1 1456
350224 2 529
350293 7 210
350309 9 311
350425 8 551
350438 3 111
350449 7 14072
350451 27 2377
350475 1 1208
350479 2 11696
350496 5 14081
352264 7 402
352265 1 485
352507 4 131
352552 1 73
353316 1 1787
353465 1 153
353627 1 128
353745 5 317
354049 1 3732
354583 8 460
354809 5 281
357504 1 216
358093 1 218
358180 2 209
371914 1 484
371946 1 484
371968 6 197
371969 5 105
371978 6 154
371982 2 177
371985 5 227
371987 6 309
371988 5 306
371993 4 220
371995 11 240
372023 2 280
372111 16 376
372122 10 343
372128 14 710
372130 5 424
372136 5 615
372146 10 5349
372190 3 613
372195 3 783
372278 41 28092
372281 6 5554
373834 14 44460
374014 4 80805
374974 10 12901
374994 18 13993
376302 17 344
376444 1 109
376827 9 195
376918 2 311
377017 4 1109
379028 3 153
379980 3 117
380413 2 201
380520 3 134
380585 2 115
381382 7 322
381385 7 763
381661 18 465
384493 9 275
387320 2 102
389145 8 170
393550 2 30891
393705 4 128
393708 2 318
393714 5 203
393747 27 58177
393749 1 255
395581 1 216
395584 48 8890
395585 130 30629
396090 2 164
397718 1 350
397756 3 498
399899 2 1128
401617 17 755
403839 1 698
414598 3 676
415693 1 46
417008 1 238
420101 6 640
421675 1 539
422398 3 425
434591 4 232
435707 1 71
438978 1 684
442951 5 143
449425 1 1412
452167 2 148
453139 1 543
453571 1 235
464639 1 657
465658 3 471
466881 1 1353
470712 1 425
472336 1 231
475527 1 156
477411 1 407
477715 1 308
486573 2 404
492549 1 114
504803 2 817
508150 2 497
511566 3 80
515739 2 100
516446 2 376
516816 1 140
518576 1 239
519740 4 151
520200 1 893
521795 1 318
525472 6 2326
33 2 19382
169 1 518
171 1 221
7269 1 474
7273 1 303
8148 8 17754
8438 4 683
14799 2 537
15012 25 6149
18567 5 556
19258 3 572
19270 1 480
19271 5 576
19282 1 514
19378 2 369
19383 3 361
19384 2 341
19413 26 434
26856 4 383
26857 18 413
26858 13 496
26859 15 497
26860 21 592
26861 30 758
26862 25 617
26863 15 525
26864 30 483
26865 14 430
26866 20 616
26867 11 747
26868 4 423
26869 9 253
26874 14 390
26875 20 416
26876 36 564
26877 21 484
26878 23 405
26881 1 33
26887 1 32
32682 1 393
32741 1 500
32871 6 813
34246 1 19523
39628 3 381
42412 2 480
45921 1 505
45924 2 236
47512 6 356
52214 59 64459
55371 38 52248
56074 1 209
56692 2 1065
57100 3 110
57778 4 300
59577 1 32
59832 1 30
60213 5 86
61790 2 274
64122 5 78
67628 1 203
67667 1 305
69077 4 84
70231 3 415
70343 5 110
70354 3 45
70580 3 342
71079 2 330
71193 2 242
76539 2 112
80661 4 110
81038 1 265
83200 12 214
83316 3 91
83397 8 382
83585 1 583
84288 2 158
84634 6 102
86042 4 456
88179 1 43
88232 2 266
88381 3 221
88916 1 23796
89697 6 212
91299 9 138
92069 9 181
92266 1 283
92826 1 130
96487 1 243
96956 8 412
97928 10 103
97935 1 221
97993 1 171
100806 1 91
102165 1 654
103647 8 217
104963 1 35
111572 11 158
113292 2 133
119011 1 617
119091 6 128
119099 8 156
120185 5 527
120187 10 561
120192 2 1090
122216 14 575
122248 31 547
125158 5 410
127826 1 213
128447 19 257
130636 1 154
131190 2 182
131248 2 182
131440 2 175
131531 2 175
132363 3 350
138145 6 70
139360 4 164
140249 5 129
140949 6 74
141105 2 586
141580 4 45
142576 3 580
142906 3 83
143349 3 73
143352 3 93
143762 5 505
144148 1 677
144187 7 81
144944 2 725
145136 4 145
145502 5 47
145713 5 184
146209 6 69
147118 3 128
148222 3 199
148273 8 265
148511 7 352
149917 2 587
152166 1 326
152750 4 40
153681 7 91
154360 8 83
154426 2 198
154692 3 197
154696 23 1204
157907 3 306
159616 10 600
159621 15 725
159623 4 628
159624 6 566
159630 4 818
160117 5 232
160633 7 275
164667 2 45
165685 14 595
166332 4 147
166454 4 47
166533 3 47
167414 5 71
167592 4 126
168210 6 214
168982 6 699
169515 1 167
170521 13 309
171990 17 418
172278 3 39
173320 1 661
173643 13 343
173647 4 623
173766 5 91
173910 4 161
174212 3 137
174972 14 360
176857 4 288
177350 2 261
178480 6 262
178730 3 39
179418 3 252
180194 4 699
180305 1 251
182756 3 37
182849 3 41
183219 3 246
183942 2 110
184582 5 283
184965 2 275
186566 4 214
186678 7 269
186697 3 170
187109 3 725
187958 11 284
188345 1 248
189182 2 625
189183 4 946
189184 10 598
189201 1 1191
189320 11 160
189662 13 383
193396 14 277
194217 1 378
194675 2 641
196306 2 215
196385 16 597
196609 3 413
197102 3 48
197630 3 56
198979 11 630
199010 4 402
199019 1 137
199154 8 137
200763 12 180
201814 4 50
203678 7 148
205297 3 530
205485 5 92
205904 4 143
205909 4 88
206936 5 58
208045 2 105
209374 5 277
209635 1 296
209693 1 242
210476 4 217
210867 6 234
211344 2 462
211585 7 167
211590 7 216
212389 44 794
212391 7 573
213061 10 631
213062 4 266
214865 3 172
215349 5 216
215393 2 200
215750 3 831
215925 4 58
216432 6 473
217049 6 153
217703 1 668
217934 5 471
218305 16 179
219742 7 191
221025 2 663
222988 7 144
223241 3 260
223642 2 379
224432 3 694
224607 8 156
225101 3 501
225372 8 218
225949 1 169
226576 2 151
226650 3 81
227731 1 176
228022 11 236
228266 1 225
228329 4 495
228892 1 351
231216 5 44
231266 2 747
234180 1 242
234590 9 244
234915 6 1193
236097 6 185
236192 16 341
236357 6 203
236494 9 515
236911 5 568
240332 8 258
240522 2 36
241399 5 708
241990 6 229
242429 1 507
242727 1 266
244006 4 807
244492 13 803
246202 1 658
246462 5 973
247628 1 193
247841 7 429
248546 8 156
249020 1 125
249096 1 141
249955 8 354
251009 1 167
251273 19 734
252020 14 352
252610 5 714
253460 4 193
255986 1 810
256807 14 204
257558 1 222
258764 1 69
258793 6 375
260118 1 157
260586 1 104
260773 1 94
260843 1 367
260847 2 599
260952 2 369
261089 16 6821
261643 2 407
261713 3 294
261725 5 453
262187 5 97
262360 9 150
262563 2 51
262770 2 262
263024 1 119
263037 4 209
263043 13 577
263169 5 104
263783 40 689
263973 3 55
263974 3 98
264001 4 203
264005 4 254
264165 3 220
264732 7 594
264770 7 192
264942 6 576
264981 6 165
265810 8 16729
265816 3 25803
265822 2 5726
265845 1 17259
267538 1 187
269053 1 296
270221 3 242
271643 1 373
272671 2 4397
276413 7 320
286658 2 483
286735 1 2545
286780 3 485
286871 4 1003
286946 2 4569
290256 21 30074
290431 1 646
290440 4 15196
290465 3 15747
292015 2 163
292204 2 172
292396 3 1204
294320 1 262
295842 1 2346
299755 2 139
305994 1 339
306018 5 129
306019 3 142
306194 9 1012
306217 4 1035
306237 31 26903
306585 4 304
307390 1 898
308374 1 479
308770 12 756
308808 12 756
308919 4 13545
308947 2 16976
308950 1 2258
308953 6 14138
308973 4 13545
309001 2 16976
309004 1 2258
309007 6 14138
311068 1 256
312013 1 175
313146 1 142
314274 1 271
325374 10 3698
325377 16 420
325383 14 867
325398 2 142
325545 1 2289
325578 53 2828
327035 1 536
327384 2 19585
327394 2 22044
327407 1 18061
328926 1 1132
328992 1 5954
329175 5 101
329208 1 9390
329225 1 7875
329727 1 267
329912 1 163
330099 1 6898
330122 1 278
330159 6 304
330690 9 174
331294 9 162
332370 2 568
332664 41 1462
332665 2 1470
332992 6 261
333126 5 610
333128 6 1533
333527 10 295
333528 3 262
333812 10 221
334293 1 182
338010 13 415
338140 6 277
346643 4 1086
347792 6 126
347793 4 103
347794 5 102
347835 12 209
347836 4 167
347837 7 63219
349806 1 248
350224 3 529
350309 3 311
350425 1 551
350449 11 14072
350451 26 2377
350475 1 1208
350479 7 11696
350496 16 14081
352264 6 402
352265 1 485
352507 4 131
352552 3 73
353316 1 1787
353627 7 128
353745 4 317
354049 1 3732
354583 7 460
354729 3 729
354809 2 281
357504 1 216
358093 1 218
358180 2 209
360653 1 291
363499 1 320
371914 1 484
371946 1 484
371978 1 154
372023 6 280
372122 2 343
372128 10 710
372136 13 615
372146 14 5349
372190 3 613
372195 9 783
374014 7 80805
374726 2 276
374974 6 12901
374994 6 13993
376302 19 344
376444 1 109
376610 1 7750
376827 12 195
377017 1 1109
378071 1 7768
379028 3 153
380413 4 201
380520 5 134
380585 2 115
381316 8 151
381382 1 322
381385 5 763
387320 1 102
387888 2 60
392840 2 614
393550 1 30891
393705 6 128
393714 8 203
393747 25 58177
395581 1 216
395584 4 8890
395585 28 30629
396090 1 164
397461 1 448
397756 6 498
399899 4 1128
401617 5 755
403839 1 698
407867 1 491
414598 28 676
415693 1 46
417008 11 238
418213 1 3418
420101 2 640
421675 1 539
422398 7 425
434591 10 232
435707 1 71
443330 16 345
449425 2 1412
452167 7 148
453139 1 543
453571 17 235
464639 1 657
465658 2 471
466881 1 1353
470712 19 425
472284 6 124
472336 10 231
475527 1 156
477411 2 407
477715 17 308
478258 2 408
478533 1 102
481186 1 362
492549 6 114
497993 24 395
504803 32 817
508150 2 497
515739 1 100
516446 15 376
516816 6 140
518576 1 239
520583 4 409
521795 1 318
525472 1 2326
