14355 1 567
61388 1 704
61461 2 718
65465 7 435
78246 1 495
79152 1 828
87920 1 931
89007 1 522
105474 1 617
105478 1 981
109271 4 620
128873 2 141
150107 1 572
160785 1 50
163409 1 759
164092 1 382
164360 1 206
167752 1 655
177263 2 57
177704 2 44
177953 2 63
178070 1 59
178521 1 157
179356 16 630
193597 5 155
193766 2 694
194272 2 43
195111 1 734
196749 1 147
202419 1 287
208087 2 52
210078 2 522
239234 1 117
246976 9 519
253331 1 465
254701 1 374
286813 2 313
308334 1 389
318896 1 270
326807 1 594
329012 1 469
349628 1 950
374015 1 388
384366 1 302
397815 2 352
402624 1 63
402935 1 116
405288 3 572
421957 1 1124
423799 1 555
426675 2 89
427847 4 209
428636 4 222
430085 2 78
431902 6 270
432088 2 282
433331 5 245
433730 4 217
434053 4 193
435081 3 159
436259 3 203
436588 2 229
436607 2 84
437324 5 566
437341 5 316
437668 2 393
438079 4 461
439217 2 35
439520 1 487
440263 3 82
440939 1 594
440941 1 534
441997 1 503
442820 1 323
443715 1 376
443717 2 976
443843 2 171
444107 1 640
444169 3 1150
444508 2 96
444717 2 143
447750 3 435
449622 8 1046
450125 2 96
453564 1 208
453809 2 292
455795 1 59
461053 8 227
461254 2 203
461660 1 588
462293 3 168
462527 1 312
462801 2 123
462803 3 138
462806 3 103
463606 3 113
463960 6 237
464093 1 449
464303 12 963
464546 13 506
464640 1 759
465727 2 1521
466048 3 403
466736 2 182
468516 1 174
469796 2 58
469797 4 140
470239 1 456
470248 1 294
471048 3 116
471639 1 430
475295 2 86
475315 2 152
475627 3 243
475628 1 220
476395 1 69
478158 1 193
481901 1 293
484083 1 967
484829 1 451
485250 1 473
492264 1 169
497679 1 104
498302 1 71
499639 2 425
500120 1 45
502127 4 182
507503 3 223
513557 4 293
520976 1 569
523364 1 1120
527376 4 189
8992 4 460
32744 1 375
45101 3 626
45129 1 217
53627 1 349
53632 1 311
61461 2 718
64356 1 219
65250 1 515
65465 16 435
67083 2 750
71361 2 481
72025 1 638
73253 1 393
85095 1 226
87058 1 514
87820 1 208
88594 1 131
89041 3 1171
93845 5 202
101833 1 561
103445 1 341
106467 1 657
109271 3 620
111527 1 390
119659 2 345
121344 1 831
121481 3 565
121581 1 459
128873 3 141
136054 1 416
136377 3 1043
139281 2 287
141320 3 557
142739 1 409
144580 1 494
153309 1 538
160785 1 50
163409 1 759
164092 2 382
164360 1 206
166257 1 586
167752 1 655
168101 6 182
172509 1 478
172916 1 285
176029 2 46
177546 1 493
177704 1 44
177953 1 63
178070 2 59
178521 1 157
178704 1 372
179356 7 630
179749 1 273
179758 1 358
181408 1 412
193597 3 155
193766 1 694
194272 1 43
195111 1 734
195797 1 56
196749 1 147
202419 1 287
203505 1 225
206660 1 571
208087 1 52
209913 1 51
210078 2 522
211317 1 396
211435 1 509
214510 1 343
214639 1 669
222774 1 521
234558 1 346
237392 3 488
238909 3 406
239234 1 117
242554 1 494
242905 1 111
243510 1 522
246976 6 519
247995 1 648
254701 1 374
257458 2 803
259584 1 511
286794 5 633
286813 1 313
289469 3 186
306135 6 316
306150 6 479
306175 11 10421
308334 9 389
312031 1 173
326807 1 594
347869 2 47445
355719 1 398
367352 1 141
372108 9 565
374014 1 80805
374015 10 388
374662 7 298
374667 5 322
374860 7 283
384366 1 302
393747 1 58177
395697 7 586
397815 9 352
398565 13 516
401218 2 140
401539 2 91
402624 2 63
402935 4 116
405351 6 83
406972 1 612
409368 1 376
409727 10 223
420200 3 358
421957 65 1124
423799 1 555
426675 2 89
427847 8 209
428636 7 222
430085 2 78
431902 5 270
432088 8 282
433331 8 245
433730 3 217
434053 6 193
435081 4 159
436195 11 375
436259 5 203
436588 3 229
436607 2 84
437324 21 566
437341 12 316
437668 14 393
438079 26 461
438437 1 47
439217 1 35
439520 1 487
440263 6 82
440939 1 594
440941 1 534
441997 1 503
442820 1 323
443715 1 376
443717 13 976
443843 3 171
444107 1 640
444169 2 1150
444508 3 96
444717 8 143
447750 1 435
449622 34 1046
450125 2 96
450192 4 486
451381 6 338
453564 2 208
455562 8 424
455795 1 59
456865 3 355
460027 1 333
461053 3 227
461254 3 203
461660 1 588
462293 3 168
462488 9 581
462527 1 312
462801 3 123
462803 3 138
462806 2 103
463606 3 113
463960 6 237
464093 1 449
464303 26 963
464546 15 506
465727 9 1521
466048 8 403
466736 1 182
467868 3 311
468516 1 174
469248 3 129
469796 2 58
469797 5 140
470239 1 456
470248 2 294
471048 3 116
471639 1 430
473286 4 465
474672 1 1235
474985 2 469
475295 2 86
475305 7 459
475315 4 152
475627 11 243
475628 2 220
476395 1 69
478158 1 193
480527 8 354
481901 1 293
483978 6 227
484083 8 967
484829 1 451
485250 1 473
488633 1 268
489241 4 437
492264 1 169
498302 1 71
500120 1 45
501924 2 1126
502127 4 182
503237 1 219
507503 6 223
511870 11 326
511929 1 211
511979 1 366
512870 2 136
513557 5 293
515419 3 327
516364 1 97
518072 11 346
518133 8 205
518739 14 400
519899 17 727
520320 12 630
520322 1 378
520966 10 405
520976 1 569
521047 10 357
523364 1 1120
524219 9 1447
525999 31 1690
527376 4 189
31 3 12233
4338 10 16989
12709 3 20008
21614 11 32241
27424 2 13034
36802 9 29903
38514 1 147
50682 2 32839
52214 19 64459
61388 1 704
61461 1 718
65465 1 435
68064 1 524
69522 1 494
72025 1 638
75612 1 300
77185 1 520
77382 1 29
79211 1 74
89086 2 778
101578 1 290
103445 1 341
105587 1 540
119659 1 345
138993 1 529
141320 2 557
144570 2 1058
158143 1 490
164360 1 206
167752 1 655
171858 1 938
172869 1 412
181408 1 412
191252 1 528
195445 1 68
204111 1 64
206680 1 606
211435 1 509
216846 2 258
221165 1 362
222138 3 82
232465 2 711
232941 2 66
240934 2 476
242181 1 537
242429 1 507
252975 2 483
256180 2 265
286794 2 633
289348 19 18428
289478 4 2380
306150 1 479
306175 1 10421
306237 36 26903
307453 8 49380
308181 2 3094
308186 101 36306
308721 1 1938
308947 5 16976
309001 5 16976
312031 2 173
324006 4 952
326129 14 67196
329012 1 469
330231 1 279
347837 287 63219
347869 7 47445
349516 1 3933
351800 1 361
363220 1 821
366939 1 977
371876 4 1474
372108 2 565
373834 58 44460
374014 74 80805
392986 1 514
393550 32 30891
393747 35 58177
395697 1 586
396258 29 38258
415994 1 591
418794 1 383
421957 1 1124
423799 1 555
435081 1 159
444169 1 1150
462801 1 123
463273 1 639
464093 2 449
464546 2 506
464547 1 308
465727 2 1521
465728 1 269
477612 1 479
479875 1 508
489241 1 437
503389 1 669
511870 1 326
520320 2 630
