68 12 379
74 8 303
75 4 357
1944 2 394
1991 11 293
2180 15 359
2303 2 279
2324 5 308
2527 10 301
2790 4 463
2811 8 443
2831 6 331
2832 4 373
2833 5 354
2834 3 362
2846 10 319
2847 5 219
2850 2 419
4338 14 16989
4532 10 456
4535 5 423
4537 1 483
4538 10 354
4539 12 405
4540 4 343
4541 4 350
4543 9 327
4554 6 395
4560 4 381
4564 1 380
4565 2 350
4975 11 329
4976 9 315
6336 6 321
6575 11 469
6686 10 562
7267 16 478
7268 7 253
7276 19 486
7287 2 322
7288 10 802
8267 11 289
8532 12 137
8533 16 352
8534 8 327
9641 11 275
9645 5 257
10087 5 316
10391 11 525
12820 27 629
12821 9 466
12822 15 441
15056 8 458
15057 6 306
15234 8 333
15595 10 636
15908 5 528
15909 5 488
15937 8 415
15938 3 290
15951 3 602
15953 5 490
16425 10 294
16641 15 444
16643 83 3816
16648 22 518
16652 12 412
16654 14 164
16655 20 488
16657 15 502
18295 8 442
18945 6 510
19048 5 481
19053 2 346
20405 5 249
21605 8 274
21614 1 32241
23219 1 516
23222 2 532
23230 1 498
23237 1 496
23252 3 409
24105 5 411
25156 11 675
25158 5 267
25160 3 362
25163 11 443
25164 3 401
25166 9 582
27554 19 415
28005 6 494
28573 6 233
29153 4 314
30086 7 360
32767 24 625
32769 5 333
32770 2 634
32771 7 244
32772 2 468
32773 2 380
32774 2 302
33721 9 489
33722 2 343
33723 8 520
33730 4 462
33732 3 342
33762 5 251
34732 7 9225
34797 6 264
36102 4 580
36668 7 595
36802 42 29903
36866 12 217
38690 12 286
39062 2 343
39175 28 404
39176 25 374
39177 42 637
39179 13 437
39623 9 441
41416 3 527
42359 45 1134
42362 13 274
44052 3 496
44454 5 254
46075 5 420
46252 3 551
46477 20 408
46479 8 465
47642 3 11472
47789 6 623
49703 9 232
49704 5 222
50665 7 527
51409 14 525
51411 3 378
52214 1 64459
53537 4 220
54541 6 357
56356 10 414
56431 1 30
56432 2 65
57033 7 217
57740 7 405
57741 2 121
57976 12 513
58463 9 487
58563 4 250
58977 33 610
58984 1 495
59568 1 178
59705 1 184
59941 5 176
60074 8 251
60905 21 801
61191 4 82
61387 7 884
61469 2 92
62502 2 148
62696 5 315
62720 3 170
62857 2 327
62858 8 1524
63802 18 822
66859 4 138
66993 5 175
67737 1 39
69793 2 105
70179 2 52
70335 4 122
71513 4 448
71671 18 549
71785 6 265
71929 2 302
74219 11 376
74359 1 230
74649 10 370
74743 1 42
75134 1 1066
75147 3 210
75248 10 365
75298 4 220
75369 12 340
76662 12 2416
76663 2 2219
76960 8 368
77102 1 28
77391 12 570
77614 1 54
77994 6 169
78871 5 346
79002 4 152
79764 3 231
80893 4 196
81037 5 260
81537 4 387
81768 5 100
82500 1 30
82739 1 141
82793 3 160
82908 1 35
83661 1 329
84777 1 53
84966 16 376
85588 35 636
86774 9 655
86979 1 487
88275 6 459
89844 5 679
91746 1 206
93012 1 37
93498 19 620
94171 2 246
94449 5 202
94617 4 155
94782 3 218
94864 12 509
94941 2 158
95128 3 173
95165 1 69
95381 1 221
95656 3 243
95848 4 598
95983 2 120
96349 1 222
96505 7 141
96941 3 503
97026 7 217
97159 5 500
97472 1 212
97564 5 117
97792 4 245
97819 3 260
98100 1 238
98211 2 96
98343 41 975
98506 10 437
101137 1 343
101344 28 995
101396 11 380
101398 1 31
101472 15 606
106112 6 739
107508 7 471
108721 1 123
109206 1 35
111000 7 657
111084 1 63
112631 6 342
112732 5 286
112872 7 440
114329 5 2540
116563 1 489
116682 8 207
116793 13 2075
116795 2 494
116797 7 593
117499 1 586
118406 8 968
119064 2 260
121292 4 131
122358 1 118
124242 1 38
124707 1 68
124891 4 462
125351 2 80
125382 4 185
125970 4 225
126212 4 101
126454 4 159
126736 6 127
128167 5 235
129266 13 575
130709 4 243
130855 3 236
132364 5 225
132369 5 242
132578 3 176
132961 1 244
133241 5 188
133362 1 168
134070 1 60
134126 1 158
134345 4 124
135524 4 212
135536 4 212
135949 3 66
136471 4 64
137739 7 318
139024 8 289
139043 4 61
139098 4 295
139544 11 184
140954 4 180
141238 2 179
141240 6 155
141433 1 544
142141 3 7912
142226 5 217
142627 7 205
143534 7 162
143774 4 181
144282 2 50
144309 3 169
144316 3 170
144318 3 302
144391 6 497
144668 5 296
145041 9 267
145061 10 482
145353 3 177
145370 3 210
145533 4 88
145534 2 78
145744 2 143
146018 3 123
146617 7 299
147164 5 150
148330 8 219
149431 6 427
149726 1 252
149935 5 387
149994 6 274
150005 5 254
150984 6 294
151759 5 202
152256 9 240
152584 7 215
153127 11 510
153412 5 661
154098 5 221
154380 7 180
154604 13 298
154863 3 71
155024 19 411
155081 7 282
155126 8 275
155285 2 70
155433 4 245
155479 3 101
155694 1 39
156011 6 256
156079 9 265
156521 4 198
156627 4 313
156983 6 271
157050 9 338
157252 2 71
157717 3 179
158338 8 78
158596 2 115
158606 2 146
159228 11 238
159337 1 492
159800 26 635
160295 3 172
160298 12 199
160299 11 248
160644 20 512
161183 1 82
161759 7 164
162121 5 504
162332 5 131
163321 6 789
163408 7 595
163749 12 248
163926 3 292
164120 10 128
164138 2 234
164191 6 327
165280 5 416
165920 2 387
166480 4 263
166786 18 283
167250 10 322
167780 8 194
168280 3 212
168426 7 335
168478 6 494
168479 9 224
168520 5 283
168623 4 171
169042 13 574
170928 1 469
171304 6 308
171307 7 222
171327 5 62
172052 1 62
172536 1 250
172801 2 75
173143 5 226
173352 3 220
173881 7 55
174105 3 80
174506 4 201
174516 2 110
174991 5 274
175084 1 1451
175680 8 189
176580 4 141
176591 2 265
176955 10 247
177605 2 93
177904 3 133
178251 7 175
178856 6 108
178990 6 3085
178996 11 5818
179349 1 206
179404 3 238
180050 3 193
180938 10 249
180943 5 268
180945 3 296
181128 4 162
181429 5 1089
182433 1 258
182437 6 516
182515 4 243
182517 4 233
182652 19 582
182688 3 352
182689 20 323
182837 3 174
183101 4 195
184128 3 131
184548 11 206
185858 1 791
186147 7 519
186198 16 1016
186743 11 177
187979 9 404
188599 5 50
189061 5 169
190473 6 93
192116 8 163
192167 8 221
193268 15 705
193291 5 161
193302 6 238
193557 2 84
193940 1 69
194648 1 573
195076 2 211
195119 15 301
195155 14 294
196605 6 73
196785 4 126
197178 11 271
200976 6 223
201239 1 177
201840 5 227
202084 6 167
202353 2 193
202897 2 78
203794 4 62
204350 23 549
204483 8 496
204486 1 397
205210 2 64
205233 3 89
205536 1 60
206440 18 544
206659 9 183
207187 4 194
207189 7 262
207571 2 489
208311 3 75
208726 5 546
209147 7 549
209296 5 427
209350 4 244
209358 5 122
209498 5 284
209577 10 285
209578 12 278
209619 10 383
209951 4 117
210125 13 530
210370 1 196
210899 13 498
210902 6 581
210904 2 429
210911 12 885
211050 7 246
211214 21 508
211283 8 321
211529 13 487
212251 11 265
212254 10 351
212567 7 234
212740 10 235
212812 10 268
214003 5 275
215623 5 1256
215958 5 84
216995 12 564
217153 8 404
217232 8 616
220470 6 280
220551 5 380
220725 6 203
221738 3 91
221746 4 175
223478 4 755
224449 3 523
225097 11 566
225172 1 276
225470 19 608
227335 9 360
227338 6 127
227987 5 366
229788 3 717
230071 3 550
231717 7 259
231740 4 207
231890 2 57
231894 2 72
231949 14 267
231987 5 285
232377 8 558
232664 5 475
232853 3 184
232862 7 246
233067 7 268
233082 8 345
233481 7 883
234143 4 381
234332 2 270
234383 6 353
234387 2 210
234913 4 377
235506 14 721
235538 2 304
235714 3 201
235779 4 281
237475 3 613
239040 1 57
239497 10 136
239690 11 237
239732 2 107
241413 2 1172
241961 1 245
242447 5 212
242699 3 204
243802 3 121
244078 2 41
244747 4 231
245548 4 175
246332 6 765
247208 9 503
247642 3 238
248607 3 48
248958 13 322
249082 15 451
250325 6 6286
250422 2 137
251061 7 331
251441 1 739
251800 9 303
252435 11 403
252476 4 567
252477 4 416
252479 11 354
252480 1 176
252481 1 547
252484 4 323
252487 1 111
252488 1 190
252490 3 235
252491 9 513
252494 1 463
252545 9 248
252581 4 288
252607 12 501
252722 8 824
253226 5 348
255022 3 311
255071 10 566
255073 5 362
256341 1 1061
257403 6 286
257667 7 465
257668 7 547
257670 3 154
257671 5 885
258435 4 242
259310 9 234
259561 4 82
260972 9 5560
261273 4 735
261432 9 302
261433 2 152
261437 6 221
262147 4 180
262540 12 520
263616 4 617
264553 2 211
265810 6 16729
265845 1 17259
265847 3 5294
267427 10 181
267523 33 507
267533 10 2478
267567 8 3974
267766 11 308
267851 17 436
267852 3 184
268303 40 6782
268414 2 155
268613 13 330
269536 66 1197
269697 11 751
269994 23 2943
269996 40 6852
270890 9 2870
275233 2 314
280619 35 11500
281492 1 485
283097 1 162
286210 32 1714
286583 38 19748
288438 1 1058
289732 3 4132
289734 1 4107
289804 2 1389
289851 9 3131
289852 9 3230
290440 3 15196
290443 1 4140
290465 1 15747
291684 8 266
291742 1 776
291849 13 671
291884 50 772
292178 5 1517
292429 23 484
292434 13 659
292498 19 268
293261 12 2224
294950 1 533
294967 31 7544
295842 3 2346
297459 9 4676
300221 8 1865
301865 33 18367
302007 1 220
303731 4 3106
303734 57 25485
305874 4 5512
305912 4 1839
307453 45 49380
308172 25 918
308186 12 36306
308204 56 1086
308513 8 8438
308868 16 826
308919 2 13545
308973 2 13545
310400 6 224
310764 12 300
310861 54 783
310863 17 223
310891 4 149
311169 16 832
311393 2 376
311869 18 844
312018 18 314
312216 4 275
312383 1 3321
312401 12 5388
314234 6 141
316320 3 1885
317012 6 411
317013 6 241
324400 6 411
324401 6 241
325109 2 1198
325186 32 1774
325221 7 1865
325608 8 462
326129 158 67196
326883 223 4723
327384 6 19585
327394 7 22044
327407 3 18061
328992 20 5954
329034 10 4775
329122 2 156
329225 44 7875
329231 26 7437
329380 1 375
329384 1 263
329569 35 7587
329633 1 213
329682 6 4492
329685 10 4983
329687 9 4905
329804 35 7586
330099 27 6898
330245 4 4448
330594 19 271
330884 6 3321
331238 2 1343
331431 2 316
331432 44 8083
336030 22 2998
336719 34 6871
337106 14 1458
341605 5 774
347701 29 1004
347738 1 2893
347739 3 1263
347837 36 63219
347869 10 47445
350144 1 2979
350844 2 1483
351472 3 245
351768 1 228
351917 1 228
352534 2 697
352927 6 381
352940 6 381
352976 29 682
353100 70 910
353315 1 941
353365 107 1557
353542 11 151
353545 64 1450
353547 24 389
353765 1 642
354040 5 3576
354041 9 3810
354042 6 3333
354044 7 4950
354046 6 3673
354048 5 3345
354050 12 4508
354058 1 258
354117 1 344
354238 240 3820
354240 66 1402
354287 3 424
354311 2 682
357896 4 303
358023 1 451
358423 3 249
359152 24 9815
361105 9 4143
366259 17 319
367791 3 2239
370317 2 285
371804 2 1232
371883 12 3015
372294 10 1091
372406 39 14595
372477 14 222
373834 3 44460
373839 6 733
374232 1 1121
374416 2 604
374505 5 1572
374994 4 13993
375461 15 702
376286 7 293
376386 49 9418
376439 25 492
376586 77 1331
377551 9 325
378071 31 7768
378266 34 7092
378831 12 196
380190 2 4356
380222 4 485
380675 2 321
380703 3 2085
380736 2 1839
381526 1 932
381577 1 197
383470 2 158
392760 1 493
393446 6 1819
393526 25 8178
393527 8 4576
393550 3 30891
393552 3 2385
393570 3 2455
393574 1 2047
393581 30 492
393626 5 1054
393627 73 2838
393639 5 4255
393673 57 10585
393747 6 58177
394850 1 168
396258 11 38258
396869 1 480
397058 5 492
397954 2 608
398424 7 932
398697 12 376
398754 5 805
398819 10 419
399868 15 565
401013 4 113
401309 6 757
401687 24 1279
401774 23 1164
404928 7 497
405024 5 646
405134 1 874
405465 6 403
405716 7 451
409003 3 464
409710 4 603
410639 1 121
410807 6 1895
411247 3 1168
411503 5 409
411943 3 82
412201 5 799
413311 7 467
413495 3 581
413720 3 692
413936 14 1191
414044 3 1189
415840 12 1759
415845 20 522
416049 3 362
418057 4 399
418348 8 399
418734 11 419
419073 19 632
419533 3 285
419922 8 528
420540 2 187
420730 2 1454
421017 3 366
421107 4 388
422217 10 666
423094 5 684
423221 6 407
423230 3 505
423700 2 594
423957 9 1026
424988 3 99
425660 4 691
425989 6 674
426061 8 1520
426128 11 606
426249 8 1066
426750 2 706
428940 20 407
429704 4 436
430257 20 483
430986 1 602
431392 11 815
431530 5 273
431695 6 979
432814 4 405
433221 2 425
433607 17 652
433609 9 843
434000 2 651
434773 2 505
434969 12 682
435136 1 476
435479 31 1258
435556 7 354
436401 3 579
437127 9 506
437890 8 325
437983 3 400
438786 1 514
439048 6 724
439476 3 347
439742 5 689
441263 6 270
442760 6 432
442767 13 450
442829 3 594
444028 4 403
445225 12 635
445457 4 1113
445749 2 331
445780 7 582
446273 6 686
446693 3 537
447351 40 1951
448527 2 73
449636 3 722
450017 3 377
450089 5 714
451684 16 475
451756 12 854
451935 10 1078
452317 1 729
452347 1 319
452735 19 437
453482 7 613
454732 6 727
454776 1 562
455844 6 588
456747 13 1494
456812 4 189
456895 4 1028
456988 3 490
458305 6 590
459275 25 733
459449 13 794
459576 6 711
460129 13 2744
460459 2 141
460760 5 626
460797 2 449
461118 8 573
461128 4 1447
461583 7 440
461809 3 598
463212 9 300
463914 4 414
465331 7 1670
465852 8 540
466611 7 284
466642 8 928
467001 3 665
469077 14 969
469230 12 304
470518 9 655
471685 9 647
472242 5 118
472800 5 914
472962 2 974
474620 2 156
476098 9 365
477386 11 463
477918 3 1233
478707 3 531
480382 14 322
480510 19 1198
480979 32 557
481138 4 265
481323 3 684
482427 1 656
483927 2 246
483934 10 1325
484036 1 241
484792 2 115
484800 1 1529
485430 1 211
486286 18 541
486335 14 1237
486404 4 716
486891 2 726
486936 3 472
487568 4 99
487626 5 451
487638 13 914
488202 8 1257
489249 3 848
489664 5 809
489824 25 1737
490322 2 232
490504 25 722
491474 3 240
491569 12 515
492258 6 482
492387 33 1371
492408 30 896
492810 9 845
493197 11 347
493908 2 142
494048 5 404
495800 7 426
496151 3 379
497274 1 615
498748 6 246
499344 6 1135
499470 8 598
499476 7 710
500533 18 639
500615 2 179
501949 8 866
502327 12 511
502603 5 187
503357 2 134
503880 3 223
503881 4 460
504031 33 1226
504303 19 829
504929 9 1000
505365 13 443
506016 35 3702
506780 9 871
506805 18 1379
507740 3 213
507938 12 972
508514 2 141
508774 1 503
508955 9 623
509206 16 452
509246 15 520
509988 8 642
510047 1 509
510150 11 566
510189 3 569
510219 8 188
510293 8 875
510649 2 83
511061 2 230
511959 7 697
511965 6 632
512303 10 935
512633 1 1634
512870 1 136
513370 12 704
513922 2 557
513946 6 356
513950 4 417
514000 5 461
515250 9 1316
515355 6 917
515435 6 889
516176 11 807
516251 12 554
516743 6 180
517704 15 1546
517827 4 602
518234 16 812
518974 7 406
519122 5 370
519897 1 1891
520191 1 690
520442 4 808
520506 3 552
521397 6 597
521482 1 207
521732 5 1010
522851 3 404
522858 10 892
523135 15 1635
523334 11 1043
523452 19 1176
523775 16 946
524769 10 497
524829 4 350
524903 11 133
524904 5 206
525191 5 330
525981 11 342
526104 16 849
527081 6 311
527618 3 248
527695 3 75
527754 2 225
527897 9 551
68 5 379
75 1 357
290 27 535
518 20 386
1349 17 230
1843 13 580
1844 27 550
1944 3 394
1991 1 293
2303 1 279
2324 1 308
2527 2 301
2641 40 17392
2790 23 463
2811 19 443
2831 14 331
2832 24 373
2833 21 354
2834 31 362
2846 8 319
2847 16 219
2850 22 419
3660 22 281
3661 25 611
3666 19 406
4338 73 16989
4532 2 456
4535 5 423
4537 5 483
4538 4 354
4539 2 405
4540 2 343
4554 4 395
4560 3 381
4564 5 380
4565 12 350
4656 9 226
4975 1 329
4976 2 315
6336 2 321
6575 1 469
6686 10 562
7267 3 478
7276 3 486
7287 1 322
7775 18 285
7781 9 476
8267 2 289
8443 29 639
8532 4 137
8533 5 352
8534 3 327
8741 17 381
8742 12 330
8754 25 343
8797 28 534
8800 18 296
8810 24 491
8812 24 508
8815 25 478
8828 28 408
8830 60 1019
8836 20 410
8986 20 451
8987 19 628
8990 17 408
9645 1 257
10087 1 316
10234 31 537
15056 1 458
15057 2 306
15234 2 333
15595 2 636
15908 33 528
15909 25 488
15937 13 415
15938 18 290
15950 34 464
15951 46 602
15953 14 490
16425 1 294
16641 1 444
16643 2 3816
16648 1 518
16654 4 164
16655 6 488
16657 5 502
17695 21 538
18295 1 442
18732 19 315
18945 4 510
19048 5 481
19053 3 346
20405 1 249
21605 2 274
21614 336 32241
23219 12 516
23221 5 518
23222 4 532
23230 6 498
23237 13 496
23252 5 409
23263 18 234
24105 1 411
25156 5 675
25158 2 267
25163 3 443
25164 6 401
25166 1 582
25268 7 413
25716 13 175
27554 2 415
27896 19 275
27897 27 509
27998 34 497
28005 7 494
28573 6 233
30201 19 529
30207 21 516
30684 43 624
32174 26 1116
32574 17 466
32767 12 625
32769 4 333
32770 14 634
32771 6 244
32772 9 468
32773 8 380
32774 4 302
33067 20 224
33068 41 467
33721 2 489
33722 4 343
33723 6 520
33730 3 462
33732 4 342
33762 1 251
34732 81 9225
34797 1 264
35092 23 474
36639 27 597
36668 1 595
36802 151 29903
36866 3 217
37156 19 210
38690 3 286
38872 8 165
39175 2 404
39176 6 374
39177 8 637
39179 14 437
39426 14 329
39427 20 420
39428 19 410
39623 2 441
40569 14 263
40572 39 498
40655 24 252
40656 45 546
41416 2 527
42359 30 1134
42683 18 541
43122 17 255
43299 14 246
43426 18 516
43428 17 486
44454 1 254
46252 21 551
46477 4 408
46479 2 465
47642 10 11472
47789 2 623
49703 2 232
49704 2 222
50560 150 3018
50665 2 527
51409 2 525
51927 13 211
51929 15 364
52120 14 368
52214 167 64459
52618 15 209
53537 1 220
54541 4 357
56567 1 66
56608 16 558
57033 2 217
57740 2 405
57741 1 121
57976 2 513
58463 8 487
58977 3 610
58984 2 495
59568 2 178
59705 2 184
60074 3 251
60905 5 801
61191 4 82
61387 3 884
62064 3 4939
62240 2 609
62502 7 148
62720 1 170
62858 3 1524
63802 6 822
64026 1 709
66859 2 138
66993 2 175
70179 2 52
70335 4 122
71513 1 448
71671 2 549
71785 1 265
71929 1 302
72283 2 72
72674 2 402
74219 2 376
74359 1 230
74649 1 370
74743 1 42
75113 4 77
75134 2 1066
75147 1 210
75248 2 365
75298 1 220
75369 4 340
76662 11 2416
76663 8 2219
76960 1 368
77368 35 741
77391 2 570
77994 2 169
78659 16 342
80344 1 48
80893 2 196
81537 2 387
82739 1 141
85781 5 202
86774 2 655
88275 1 459
92214 2 50
93498 1 620
94171 2 246
94449 2 202
94617 2 155
94782 1 218
94864 6 509
94941 2 158
95124 1 66
95128 3 173
95165 4 69
95381 7 221
95656 5 243
95758 14 588
96349 1 222
96505 1 141
97472 1 212
97792 4 245
97819 1 260
98100 4 238
98343 5 975
98506 1 437
101344 5 995
101730 1 111
105636 1 634
107508 2 471
108721 1 123
109206 2 35
110175 2 172
110607 1 304
112828 2 723
112872 1 440
114329 1 2540
116795 1 494
116797 1 593
117499 1 586
117752 7 108
118639 2 261
119064 5 260
120679 5 637
120910 2 83
121368 2 327
121457 9 135
122358 1 118
124580 6 543
124891 3 462
125351 4 80
125382 6 185
125970 1 225
126454 1 159
126736 2 127
130545 6 970
130855 1 236
132578 1 176
132961 2 244
133241 3 188
133362 9 168
134070 1 60
134126 2 158
135524 3 212
135536 3 212
136471 3 64
137271 29 594
137739 3 318
139024 1 289
139566 3 785
140954 2 180
141238 1 179
141240 2 155
141433 1 544
142226 1 217
142627 5 205
142818 6 154
144391 1 497
145061 11 482
145353 1 177
145370 1 210
145421 19 271
145533 2 88
147143 13 292
147144 46 708
147145 21 357
149431 1 427
149730 4 88
149935 2 387
151759 1 202
152584 1 215
153127 1 510
153412 3 661
154098 1 221
154380 8 180
154586 1 561
155024 1 411
155081 1 282
155126 1 275
155285 1 70
155433 5 245
155479 1 101
156983 2 271
157050 1 338
158596 1 115
158606 2 146
158790 18 375
159228 1 238
159242 5 166
159337 6 492
159800 1 635
160295 1 172
160644 1 512
161285 4 709
161759 1 164
163321 4 789
163749 2 248
163926 2 292
164120 1 128
164191 10 327
165280 9 416
165920 7 387
166480 1 263
166786 2 283
167780 1 194
168280 1 212
168426 2 335
170878 24 859
170928 2 469
171304 1 308
171307 3 222
173352 1 220
174991 3 274
175084 2 1451
175693 5 209
176591 1 265
176955 2 247
177904 4 133
178251 1 175
178990 1 3085
178996 4 5818
179349 3 206
179404 4 238
180050 1 193
180938 2 249
181128 2 162
181429 1 1089
182432 1 300
182433 1 258
182437 1 516
182688 6 352
182894 10 184
184128 6 131
185858 1 791
186147 5 519
186198 1 1016
186743 4 177
189061 1 169
189818 17 557
189819 43 611
189820 30 596
189821 26 607
189822 37 587
189823 58 745
193268 3 705
193291 3 161
193302 3 238
193557 2 84
194648 2 573
195119 1 301
195155 1 294
200976 4 223
201239 2 177
202084 4 167
202456 1 1374
202987 21 624
203561 31 494
204012 2 71
204350 1 549
204468 3 67
206440 2 544
207571 1 489
208726 2 546
209147 1 549
209296 1 427
209358 1 122
209498 1 284
209577 1 285
209578 1 278
209619 1 383
209951 3 117
210370 7 196
210624 11 135
210899 1 498
210902 1 581
210904 3 429
210911 1 885
211050 1 246
211529 2 487
212251 1 265
212254 2 351
212567 1 234
212740 2 235
212812 2 268
214827 11 622
215623 1 1256
215893 12 191
215958 1 84
216995 4 564
217153 1 404
217232 4 616
220470 2 280
221292 27 626
223435 5 186
223440 7 251
223478 1 755
224449 1 523
224954 1 165
225172 1 276
225470 1 608
225872 17 643
226369 11 418
227335 1 360
227770 2 847
229788 2 717
230071 2 550
230810 7 185
231717 4 259
231740 2 207
231949 2 267
232069 9 754
232377 1 558
232664 1 475
232862 1 246
233082 1 345
233481 2 883
234143 1 381
234332 1 270
234387 2 210
234913 3 377
235137 4 567
235506 6 721
235538 1 304
235714 2 201
235779 1 281
238048 1 93
239690 1 237
240120 11 243
240929 9 168
241087 1 895
241413 2 1172
242447 1 212
244500 1 90
245548 2 175
246332 1 765
246636 9 153
247208 1 503
249446 1 760
249881 5 491
250325 7 6286
251052 10 152
251061 1 331
251748 1 167
251800 4 303
252272 13 249
252477 1 416
252490 5 235
252545 2 248
252607 1 501
252722 2 824
253226 2 348
254718 1 763
255022 7 311
255071 2 566
255073 2 362
256341 1 1061
257403 6 286
257667 1 465
257670 1 154
257671 1 885
258435 1 242
259561 1 82
260224 3 63
260972 13 5560
261266 26 472
261268 42 645
261269 15 250
261271 35 751
261273 40 735
261432 2 302
261433 3 152
261437 2 221
263542 1 159
263547 1 160
263616 1 617
265810 6 16729
265845 9 17259
265847 4 5294
267427 1 181
267533 6 2478
267567 7 3974
268303 6 6782
268414 1 155
269536 1 1197
269697 2 751
269996 6 6852
270890 1 2870
275233 1 314
280619 12 11500
281492 2 485
283097 1 162
283257 1 200
286210 2 1714
286583 7 19748
286796 5 314
289610 3 2184
289732 2 4132
289734 3 4107
289804 2 1389
289851 2 3131
289852 2 3230
290440 7 15196
290465 7 15747
291684 2 266
291742 1 776
291849 1 671
291884 1 772
292429 2 484
292434 2 659
292498 1 268
293261 2 2224
294950 4 533
294967 3 7544
295842 5 2346
297459 7 4676
300221 1 1865
301865 2 18367
302007 4 220
303731 5 3106
303734 28 25485
305874 5 5512
305912 5 1839
307453 97 49380
308172 1 918
308186 2 36306
308204 1 1086
308513 6 8438
308868 1 826
308919 26 13545
308973 26 13545
310400 1 224
310764 2 300
310861 1 783
310863 1 223
311169 3 832
311393 1 376
311869 1 844
312216 2 275
312383 2 3321
312401 8 5388
312973 3 198
316320 2 1885
325186 3 1774
325221 2 1865
325608 1 462
326129 3 67196
327384 16 19585
327394 12 22044
327407 20 18061
328992 6 5954
329034 10 4775
329225 21 7875
329231 10 7437
329380 1 375
329384 5 263
329569 6 7587
329682 3 4492
329685 5 4983
329687 4 4905
329804 9 7586
330099 6 6898
330245 2 4448
330594 1 271
330884 1 3321
331238 21 1343
331432 10 8083
332500 2 174
332659 21 279
336030 6 2998
336719 10 6871
337106 1 1458
347701 2 1004
347738 4 2893
347739 5 1263
347837 325 63219
347869 15 47445
349820 43 1531
350144 2 2979
351472 3 245
351768 2 228
351917 2 228
352927 1 381
352940 1 381
352976 1 682
353100 2 910
353365 1 1557
353542 2 151
353545 2 1450
353765 1 642
354040 2 3576
354041 3 3810
354042 1 3333
354044 10 4950
354046 3 3673
354048 4 3345
354050 6 4508
354058 3 258
354117 1 344
354238 3 3820
354240 1 1402
354287 4 424
354328 2 2042
354690 2 480
354781 5 354
354978 4 343
355302 1 765
357233 2 152
358023 2 451
358423 1 249
359152 7 9815
361105 4 4143
367791 2 2239
370317 1 285
371804 1 1232
371882 2 1923
371883 3 3015
372406 22 14595
372477 4 222
373834 14 44460
374416 1 604
374505 2 1572
374994 8 13993
375461 1 702
376286 3 293
376386 15 9418
376439 3 492
378071 7 7768
378266 6 7092
378831 1 196
379912 5 177
380547 1 4345
380703 3 2085
381577 1 197
383470 2 158
392760 1 493
393446 2 1819
393526 13 8178
393527 4 4576
393552 5 2385
393570 1 2455
393574 2 2047
393581 1 492
393586 2 937
393639 2 4255
393673 28 10585
393747 21 58177
394850 1 168
396258 28 38258
398697 1 376
398819 1 419
404928 1 497
405465 1 403
405716 1 451
409003 3 464
410807 4 1895
411247 1 1168
412201 2 799
413495 2 581
413720 1 692
415840 1 1759
418348 2 399
418734 1 419
423094 1 684
423230 1 505
424727 5 169
425660 1 691
425989 2 674
426128 1 606
426249 1 1066
427277 3 313
428940 1 407
429704 1 436
431695 2 979
432814 2 405
434773 10 505
435136 2 476
435479 2 1258
439048 1 724
439476 2 347
439742 1 689
441263 1 270
442760 2 432
442767 1 450
445780 5 582
446273 2 686
446693 2 537
447351 2 1951
448527 1 73
449636 1 722
450017 1 377
450089 1 714
451684 1 475
452347 1 319
454776 5 562
456747 3 1494
459275 10 733
459449 1 794
459576 4 711
460129 1 2744
460760 1 626
461118 1 573
461583 9 440
465331 2 1670
466611 1 284
467001 1 665
469230 1 304
474620 1 156
475529 2 701
476241 2 209
478707 1 531
481138 1 265
481323 3 684
483927 1 246
484792 1 115
484800 7 1529
486286 8 541
486335 1 1237
486936 1 472
487626 1 451
489249 1 848
489824 3 1737
490322 1 232
491569 1 515
492258 1 482
492810 1 845
496151 3 379
497274 1 615
498748 2 246
499344 1 1135
499470 1 598
499476 7 710
500615 2 179
501122 2 413
501949 1 866
502327 1 511
502419 34 894
502603 1 187
502991 1 116
503880 2 223
504303 1 829
506016 1 3702
506780 1 871
506805 1 1379
507938 1 972
508955 1 623
509206 1 452
509988 2 642
510293 1 875
510649 1 83
514000 1 461
515250 8 1316
515355 1 917
515435 1 889
516176 1 807
516251 1 554
516743 2 180
517827 2 602
519897 1 1891
520191 2 690
520506 2 552
521397 1 597
521732 1 1010
523135 1 1635
523775 1 946
524769 1 497
524829 2 350
524903 1 133
527081 2 311
527754 1 225
