10857 3 5056
45006 5 6265
47642 2 11472
52842 1 938
55749 2 26
57906 2 36
58033 1 547
58256 1 30
58342 3 232
58352 3 41
58914 1 27
58959 1 261
59265 1 30
63313 1 294
64257 1 31
64900 2 125
66684 4 318
66894 1 34
66994 1 183
67057 4 186
67503 4 501
67750 4 69
67875 4 74
67973 1 108
68174 1 31
68286 2 146
68290 4 380
68647 1 178
68727 1 207
68920 5 286
70591 2 47
72200 1 39
72287 1 116
72490 3 32
73647 3 61
75284 2 31
75322 1 30
75430 4 39
75652 2 37
77744 4 366
78095 3 52
78129 1 36
78235 5 84
78974 2 83
82050 3 28
82697 34 631
82802 2 32
84095 3 52
84224 1 151
84424 3 111
84542 2 25
84656 1 35
85133 1 60
85483 21 356
85493 2 37
85899 6 321
86020 2 129
87147 2 91
87427 1 285
88964 1 61
89921 1 69
90381 1 126
91149 2 62
93082 1 40
95616 2 73
96083 13 237
96086 10 293
96162 4 125
96383 3 112
98077 1 169
101065 20 403
101493 4 120
101503 3 140
102089 5 121
102094 2 34
103391 2 32
103417 1 47
103423 3 41
104821 1 53
105018 1 289
106257 2 36
106664 1 37
107765 4 104
108881 2 30
109510 1 45
110940 3 270
112654 1 52
113558 5 312
114187 1 285
115305 1 25
115319 1 40
115320 1 162
116144 2 136
116396 5 53
119620 1 34
120046 4 59
121143 1 359
121239 2 35
121262 3 241
121298 1 41
122158 1 32
122566 3 154
123666 1 199
123928 1 37
124067 2 242
124517 2 91
125879 1 313
126769 8 258
127125 1 49
127961 2 241
132953 2 50
140046 3 179
140162 3 105
140245 2 236
140977 1 109
142052 2 257
142557 1 788
143630 2 49
144070 4 127
144380 2 80
145150 10 284
146181 19 279
146935 2 335
147207 2 550
147402 1 232
147558 1 162
148761 18 387
149431 1 427
149565 1 222
149785 6 268
150024 3 240
150580 7 178
151338 2 244
151987 1 402
152271 3 111
154398 2 171
155585 7 200
155763 7 352
157961 5 74
157988 5 72
160013 2 110
160376 2 311
163000 17 456
163001 18 408
163777 10 93
163947 1 313
163953 1 303
165324 2 57
166644 1 179
167285 3 49
168320 2 51
169822 1 446
169995 3 186
172859 3 54
172968 16 351
173579 9 248
173606 1 138
173877 6 474
174126 8 318
174988 9 102
176574 6 67
176768 4 275
176923 6 65
178996 2 5818
179144 5 179
179874 1 258
181830 4 83
185380 1 194
186133 4 50
186437 12 268
186503 13 273
187270 6 229
187489 11 175
187710 3 123
187711 3 571
187732 2 48
188045 1 618
188511 1 49
188592 11 200
194006 10 185
194249 2 359
194286 2 49
198905 1 677
199805 9 164
199806 4 258
201061 4 50
201905 1 56
202156 1 48
203728 1 29
206990 2 82
207856 1 40
209138 1 646
210232 3 212
211083 1 87
216922 5 102
217729 22 428
218653 3 45
220570 4 301
221521 2 121
221826 4 1187
223008 3 50
223284 1 115
223928 3 463
225707 2 53
226463 4 158
230906 2 583
232583 39 801
232889 2 626
233430 6 334
234127 1 306
235198 4 53
235394 3 40
235537 7 236
235836 1 42
237193 3 146
237359 1 367
237969 5 300
238500 3 88
238713 4 57
239290 2 263
240668 8 203
240683 1 294
241408 9 286
244572 3 45
245870 4 277
246746 8 208
250473 1 83
250814 1 570
251125 3 117
251532 1 357
251545 7 185
251792 2 128
253034 11 337
254315 16 496
254424 3 110
254875 2 125
256169 2 118
257119 4 128
257438 2 564
259067 1 278
259339 8 526
260259 1 434
262552 2 234
263405 13 194
263470 1 57
264260 2 47
266949 13 408
267175 4 189
270333 3 227
274207 1 86
274412 1 175
276238 3 367
276322 6 261
276420 3 451
276886 10 1575
276936 12 721
276947 1 168
277858 1 188
277938 3 180
277942 7 205
278186 4 149
278403 2 813
278898 2 142
280183 4 145
280486 14 283
284814 2 434
285555 2 201
285888 1 296
285914 1 296
285941 2 92
286217 2 965
286474 3 396
286583 14 19748
287619 6 268
287621 2 374
287694 10 1584
288808 1 352
288820 1 1264
288840 8 490
288886 2 79
288888 2 88
288889 4 122
288894 2 84
288998 3 355
289006 3 456
289050 2 66
289732 1 4132
291922 2 157
292007 12 251
296245 6 232
296473 6 232
298357 1 100
298606 10 165
298984 3 181
299084 3 179
299664 2 137
299721 4 161
299885 6 358
299993 3 204
300108 2 153
300148 5 224
300285 2 102
300407 3 123
300497 1 913
301865 1 18367
304949 1 335
304951 3 342
305096 1 423
305134 1 412
305441 1 1257
307043 15 352
307097 3 184
307099 19 358
308005 11 439
308063 2 178
308065 5 234
308070 1 89
308071 1 153
308087 6 218
308106 2 292
308126 6 371
308680 17 1379
309048 28 569
309338 15 1379
314408 6 233
314702 4 198
315943 2 233
316074 2 298
316315 10 215
317059 3 166
317737 5 393
317847 5 393
319449 1 115
319625 3 576
319700 3 576
320123 26 1698
324064 3 98
325071 10 1365
325799 10 217
325828 4 206
325841 5 283
325895 5 283
326129 2 67196
326565 13 649
326574 2 153
326583 1 82
326597 7 182
326598 4 128
326710 5 434
326759 4 205
327394 7 22044
327521 4 275
327602 4 237
327639 1 169
328019 4 165
328378 1 148
329085 18 396
332134 1 197
334906 1 382
335158 1 203
336144 1 142
336926 1 76
338002 3 772
338596 1 111
338766 14 272
338849 1 96
339084 1 270
339361 1 201
339808 5 107
340284 1 379
340324 2 64
340438 3 1565
340697 4 133
340898 5 207
341542 1 158
345686 3 189
346530 2 341
346842 1 1552
346931 11 277
346992 3 163
347527 1 136
347837 14 63219
348071 2 239
348114 1 372
348642 1 112
349077 3 284
349112 1 206
349132 4 151
349149 5 130
349194 2 97
349199 1 143
349210 1 202
349355 18 356
349422 3 778
349460 5 216
349463 4 139
349506 3 163
349528 1 1223
350502 2 289
350790 10 416
350792 7 517
351300 3 362
352855 1 157
355332 7 131
358686 6 264
360234 2 137
360270 1 194
360427 7 168
361168 1 231
361178 2 335
362631 4 140
362899 16 1497
364232 10 206
364257 2 155
364427 8 129
364489 4 197
365514 8 126
368953 1 121
370034 1 204
370315 9 494
371333 9 178
372315 6 1381
372859 3 205
373516 17 629
373566 3 385
373574 2 145
373593 4 178
373595 3 145
373596 1 201
373705 10 419
373717 2 143
373800 9 498
373808 1 209
375040 4 134
376012 3 223
376014 4 220
376087 5 137
381270 3 381
381969 6 199
382000 1 144
382355 41 1099
383049 1 248
384013 3 151
384099 3 151
384495 5 439
384516 11 278
385860 1 66
385934 4 483
386356 3 76
386410 5 182
386625 1 274
386631 6 349
386844 5 119
386918 1 159
386919 2 92
387078 5 267
387252 2 102
387386 10 392
387873 1 162
393550 6 30891
393747 2 58177
394307 10 447
394500 13 934
394526 5 469
394591 9 423
395461 6 456
395530 2 92
395531 1 119
395540 5 274
396356 8 362
396565 2 150
396575 1 101
396895 5 113
397236 1 285
397237 19 377
397473 5 107
397679 11 378
397752 10 260
397771 4 212
397774 1 252
397848 9 578
397918 1 693
397960 2 223
398714 6 168
398833 1 163
399362 16 475
399446 10 249
399540 5 144
399573 4 199
399752 8 410
400166 3 85
400553 8 241
400605 3 289
400625 2 339
400864 13 2397
400869 23 496
401045 4 141
401599 15 372
401830 18 879
402408 1 136
402543 2 875
402892 1 728
404376 5 283
404864 2 103
405380 4 302
405671 3 233
406053 5 157
406183 5 1090
406792 5 149
407447 2 192
407500 7 151
407569 5 155
407621 6 93
408139 2 81
408317 1 2578
408549 2 77
409373 2 685
410045 9 334
410405 2 46
410486 1 481
410825 6 223
411219 3 99
412061 6 246
412210 18 748
412314 11 750
412767 15 595
412988 5 106
413521 26 1228
413863 23 534
414052 17 931
414054 10 356
414369 10 375
414375 2 276
414612 7 146
414613 6 414
414767 9 203
414840 7 118
416160 16 399
416653 3 221
416940 6 288
417102 12 525
417376 12 318
417394 6 243
417436 4 647
417605 14 541
418865 15 457
419600 5 387
419680 3 157
419872 4 126
420044 16 490
420484 1 600
420811 13 1167
420865 2 53
421138 2 362
421569 16 565
422154 5 306
422202 1 110
422872 4 148
423024 7 186
423214 9 282
423505 25 1174
424329 10 186
424452 6 290
424739 10 437
425549 6 284
425554 1 85
425573 16 515
425939 8 234
426112 2 69
426849 10 211
426888 3 133
427181 10 379
427603 4 164
427914 4 216
427971 1 96
428002 11 386
428245 2 395
428362 10 313
429508 2 117
429814 1 65
429818 10 539
430177 11 218
430403 13 509
430729 6 191
431599 2 139
431724 11 284
432074 5 220
432179 10 146
432726 24 748
433007 4 94
433078 10 830
433138 7 499
433399 8 336
433729 8 221
434019 1 107
434099 10 728
434601 3 460
434620 3 257
434670 2 883
434701 2 250
435481 11 519
435489 1 76
435852 2 77
435903 12 257
435925 9 431
436589 3 118
436610 7 510
437460 10 342
437613 5 99
437891 2 275
438230 2 99
438312 38 1734
438334 2 174
438465 4 716
438540 15 564
438588 12 513
438620 21 615
438730 18 918
439021 5 377
439252 4 214
439480 2 99
439872 9 268
440050 19 302
440500 5 353
440706 9 288
441172 1 240
441461 1 252
441635 20 796
441656 1 85
441746 8 131
441970 2 112
442023 2 370
442294 1 176
442714 5 138
443646 8 178
444142 14 695
444143 27 1843
444622 4 98
444675 3 270
444685 1 290
444853 14 981
444949 5 141
445447 5 497
445949 10 352
446456 8 385
446489 20 524
446494 4 246
446637 14 572
446864 1 444
447115 1 329
447167 5 342
447957 1 78
449055 3 242
449468 3 549
449548 6 388
449820 4 425
449831 1 789
449956 2 140
450337 4 677
450758 3 261
450971 7 568
451455 7 161
451634 3 223
451682 5 348
451883 2 92
451940 13 273
452738 6 364
452843 13 770
452909 5 364
452957 3 115
453058 4 159
453643 1 69
453725 2 110
453849 4 184
453956 3 571
454282 13 398
454442 2 392
454450 9 157
454495 4 134
454641 10 546
455070 4 186
455243 13 540
455268 1 121
455519 3 76
455543 3 183
455544 2 80
455677 7 1044
456341 9 377
456461 5 124
456775 4 617
457227 31 680
457333 13 619
457379 2 108
457383 5 101
457504 5 360
457511 6 94
457615 2 103
457827 2 98
458022 2 85
458024 5 97
458037 2 88
458568 6 257
458917 18 813
459007 2 48
459966 5 93
460426 2 145
460430 5 246
461634 5 645
461672 5 210
462028 10 148
462175 11 549
462285 12 339
462342 3 171
462638 7 533
462694 4 86
462848 6 174
462996 12 212
463220 1 235
463298 4 688
463325 5 160
463358 30 1159
463539 6 232
463608 4 100
463647 1 545
463648 19 702
463869 4 126
463875 4 153
463935 3 899
464016 6 336
464340 13 869
464464 13 501
464564 14 299
464646 1 113
464677 9 514
464846 6 247
464907 6 257
464937 15 416
464964 4 90
465051 16 443
465156 14 597
465239 1 131
465628 18 468
465719 8 127
465830 5 141
466096 8 199
466324 5 245
466532 10 1081
466896 6 197
467073 7 181
467317 2 101
467336 2 105
467420 8 131
467600 2 87
467892 2 88
468528 1 120
468536 6 130
468906 1 1863
469307 1 134
469607 2 100
470225 18 607
470369 16 1611
470639 2 785
470838 3 312
471002 4 88
471628 7 369
471707 1 190
471872 10 322
472404 2 121
472647 7 345
472685 5 354
472688 6 191
472695 12 219
472775 8 390
473304 11 509
473308 3 556
474469 6 383
474502 2 115
474507 1 113
474935 6 347
475076 14 376
475159 16 390
475248 9 425
475308 1 207
475374 2 351
475532 8 447
475655 3 140
475660 7 969
476097 6 139
476272 2 86
477000 6 139
478123 7 247
478124 1 219
478127 6 135
478420 3 213
478438 5 70
479008 26 1507
479386 7 146
479434 2 396
480089 19 370
480418 4 128
480978 4 617
481830 9 1010
481971 3 149
482499 1 455
482512 6 118
482556 20 502
482840 10 421
482843 1 251
482960 1 133
482972 7 303
482991 6 243
483392 5 185
483485 7 183
483832 8 544
483924 1 254
484105 3 94
484146 5 264
484458 6 146
484712 3 79
484786 7 343
484845 10 1355
485188 9 337
485248 3 92
485559 10 228
485870 22 602
485973 7 480
486770 4 156
486925 5 1440
487114 4 132
487271 2 75
487760 2 81
487890 22 678
488247 9 370
488613 4 124
488905 2 451
489104 2 92
489738 6 316
489884 2 109
489944 5 387
490134 15 413
490478 5 593
490818 1 683
491420 8 314
491609 27 655
492141 5 177
492386 6 705
492388 4 734
492461 10 547
492938 20 385
494157 16 434
494229 8 145
494347 1 222
494352 10 270
494570 17 284
494603 4 223
494645 4 108
494702 8 245
495085 4 452
495140 2 85
495167 9 319
495920 10 396
496529 11 230
496868 2 110
496889 2 338
496985 7 172
497590 40 1256
497647 18 432
497748 22 549
497770 11 761
498157 14 486
498326 7 442
498503 13 473
498506 2 133
498664 2 68
498854 2 328
499472 6 333
499651 1 850
499725 13 217
500394 3 63
500581 1 108
501382 9 254
501936 3 673
502068 3 129
502210 5 137
502342 9 406
502366 46 1674
502477 3 265
502527 4 85
502725 4 381
503574 9 471
503621 12 407
503801 2 76
503891 9 193
504375 6 920
504846 11 279
504900 7 397
505050 1 65
505051 9 426
505736 1 284
505994 3 128
506177 9 258
506617 18 600
506635 17 572
506803 14 846
507008 18 287
507341 18 1389
507550 4 94
507625 7 377
507769 6 551
508093 13 760
509468 4 127
510230 5 211
510460 3 254
510840 7 365
510970 8 333
511522 5 710
511769 4 497
511840 17 365
511892 3 107
512164 4 72
512193 1 152
512620 7 174
512778 5 249
513044 4 105
513382 30 962
513464 1 208
513567 13 353
513748 8 128
513806 5 117
513903 1 125
514010 4 339
514249 5 1291
514629 27 520
514835 4 77
514919 20 1035
515080 5 682
515094 1 82
515106 3 382
515331 14 380
516415 8 159
516680 15 384
517028 7 258
517080 14 480
517242 2 174
517309 11 209
517925 27 980
518503 4 116
518682 6 219
518683 6 198
518970 21 419
519765 8 483
520325 13 979
520774 1 93
521160 5 703
521705 2 106
522113 7 207
522298 1 111
522502 4 133
522743 2 72
523019 31 1067
523209 5 932
523585 3 683
523680 5 120
524327 2 1213
524927 2 1279
524967 6 303
525123 13 415
525290 1 155
525303 5 126
525703 24 853
525704 17 402
525715 1 244
525972 5 123
526053 3 83
526621 7 170
526978 2 93
527052 16 500
527160 9 188
527212 6 167
527214 4 295
527215 10 334
527546 19 565
527578 1 868
527782 7 540
527939 19 663
527956 4 178
528060 42 1396
528082 1 69
528085 16 362
33 4 19382
12709 7 20008
21614 21 32241
30446 1 12899
36802 1 29903
52214 1 64459
55023 1 387
58342 1 232
59125 2 28
59878 1 34
59992 2 53
59999 2 27
66566 1 40
66684 2 318
66884 2 365
67503 1 501
67973 1 108
68174 1 31
68290 1 380
68727 1 207
68751 2 330
68920 2 286
72489 2 33
73011 2 32
74878 1 286
77744 2 366
81160 1 30
82802 1 32
82946 1 388
84224 2 151
84420 2 30
84424 1 111
85133 1 60
85296 2 36
85493 1 37
86020 4 129
87427 2 285
90381 1 126
91932 6 103
93202 10 199
93978 1 25
96086 2 293
101065 3 403
102089 4 121
102094 1 34
102902 1 103
103423 1 41
104821 1 53
105018 3 289
106257 1 36
106664 2 37
109486 1 143
110561 1 222
110940 1 270
115305 1 25
115319 1 40
116960 1 77
120741 1 56
120762 1 32
121143 1 359
122158 1 32
122566 2 154
123666 1 199
124067 1 242
125879 1 313
130008 1 144
132953 1 50
140245 2 236
143140 3 408
145150 2 284
151338 1 244
155585 1 200
155763 2 352
156177 1 39
160376 1 311
160961 2 442
162177 1 122
165916 2 47
166052 1 110
166644 1 179
167075 2 239
167285 2 49
168320 1 51
168330 2 40
169143 1 92
169822 3 446
169995 2 186
172599 6 597
173877 1 474
176652 2 152
178090 2 65
179874 2 258
186848 1 669
187711 1 571
191918 1 303
192550 2 222
193602 2 403
198905 1 677
199806 3 258
201905 1 56
201922 2 40
202156 2 48
206135 1 316
210232 1 212
218117 1 549
222031 4 410
223008 1 50
223284 1 115
223928 1 463
226455 2 49
234127 1 306
235836 1 42
237359 3 367
238063 1 48
239290 2 263
239552 4 265
239746 2 167
243174 3 549
243377 1 261
243844 1 404
245870 1 277
246746 1 208
251532 4 357
251816 3 54
254424 1 110
259067 1 278
260259 1 434
260265 1 172
262007 2 41
262552 1 234
266949 1 408
271404 1 168
274412 1 175
276238 1 367
276420 7 451
276886 4 1575
276947 2 168
277858 1 188
277938 1 180
280183 2 145
280413 1 90
285555 2 201
286583 25 19748
287621 1 374
287694 4 1584
288757 1 179
288820 1 1264
289006 7 456
290256 9 30074
291922 3 157
292007 1 251
298357 1 100
299664 1 137
299721 2 161
299993 1 204
300109 1 310
300497 1 913
301865 10 18367
303734 2 25485
304948 1 168
305096 2 423
305134 3 412
305441 1 1257
308005 2 439
308126 1 371
308187 2 51551
308513 2 8438
314869 1 121
317737 3 393
317847 3 393
323637 1 231
325071 1 1365
325841 12 283
325895 12 283
326129 5 67196
326226 1 135
326574 1 153
326710 1 434
326775 1 240
327394 2 22044
327521 1 275
327602 6 237
328019 1 165
334906 2 382
335158 1 203
338002 2 772
338596 1 111
339084 2 270
339361 1 201
341503 1 111
341542 1 158
344431 1 188
346547 1 173
346842 3 1552
347837 10 63219
348642 1 112
349112 1 206
349132 3 151
349149 1 130
349422 2 778
350502 1 289
350790 1 416
358686 1 264
363162 1 241
363207 2 104
363866 3 224
370315 2 494
372315 7 1381
373614 2 474
373640 1 71
373705 1 419
373800 2 498
373834 2 44460
376014 3 220
385288 2 474
385860 1 66
386625 2 274
386844 2 119
393550 9 30891
393747 1 58177
395461 1 456
395531 2 119
396258 3 38258
396356 3 362
396565 2 150
396575 1 101
397236 3 285
397237 5 377
397679 5 378
397752 2 260
397771 1 212
397848 1 578
397918 1 693
398714 1 168
399293 5 497
399362 4 475
399573 1 199
399752 1 410
400605 3 289
400625 2 339
400864 10 2397
400869 4 496
400912 1 452
401297 1 76
401599 2 372
402543 1 875
402892 1 728
404376 1 283
404823 2 150
405380 1 302
406183 12 1090
406792 1 149
407447 1 192
407621 1 93
408139 2 81
408317 2 2578
408587 5 478
409373 1 685
410045 1 334
412314 2 750
412767 1 595
413863 3 534
414052 3 931
414054 4 356
414369 1 375
414375 1 276
414612 2 146
414613 2 414
414840 1 118
414956 2 83
415990 1 1507
416160 7 399
416653 3 221
416940 1 288
416979 2 204
417102 9 525
417394 2 243
417436 2 647
417605 2 541
419680 2 157
419872 1 126
420044 2 490
420484 3 600
420811 1 1167
420865 1 53
421138 1 362
421569 7 565
422154 5 306
422328 10 482
423024 2 186
423505 17 1174
424452 2 290
424519 2 204
425939 2 234
426358 2 242
426849 1 211
426888 2 133
427914 3 216
428002 2 386
428245 3 395
428362 1 313
429508 3 117
429814 2 65
429818 8 539
430177 1 218
430403 5 509
431599 1 139
432179 3 146
432726 4 748
433007 1 94
433078 1 830
433138 1 499
433399 1 336
434099 3 728
434601 4 460
434620 2 257
434701 3 250
435489 1 76
435852 2 77
435903 2 257
435925 1 431
436589 1 118
436610 1 510
437460 3 342
437891 3 275
438230 2 99
438334 1 174
438465 1 716
438540 1 564
438588 1 513
438620 4 615
438730 3 918
439252 1 214
439480 2 99
439872 1 268
440050 3 302
440500 7 353
441039 1 105
441635 11 796
441656 1 85
441746 1 131
442023 8 370
442294 2 176
442832 1 400
443334 2 396
444142 1 695
444143 10 1843
444675 2 270
444685 4 290
444853 1 981
444949 1 141
445447 2 497
446456 1 385
446494 2 246
446637 2 572
446864 2 444
447115 2 329
447167 2 342
449055 3 242
449548 4 388
449820 7 425
449831 2 789
450971 1 568
451455 1 161
451634 2 223
451940 1 273
452738 1 364
452843 4 770
452957 2 115
453725 1 110
453849 2 184
453956 2 571
454442 3 392
454450 4 157
455243 1 540
455677 7 1044
456216 4 252
456341 6 377
456461 4 124
456775 1 617
457379 3 108
457504 5 360
458022 2 85
458568 1 257
458917 2 813
459966 1 93
460426 1 145
460430 4 246
461634 10 645
461672 1 210
462028 1 148
462285 3 339
462638 18 533
462694 2 86
462848 7 174
462996 4 212
463220 6 235
463298 20 688
463358 3 1159
463539 1 232
463647 8 545
463875 1 153
463935 18 899
464016 2 336
464464 2 501
464564 9 299
464646 1 113
464677 1 514
464907 2 257
464937 2 416
465051 1 443
465156 3 597
465628 5 468
465719 5 127
466096 1 199
466324 1 245
466532 6 1081
467073 4 181
467317 1 101
467336 2 105
467600 2 87
467892 2 88
468536 2 130
468906 8 1863
469307 1 134
470639 1 785
470838 1 312
471002 1 88
471628 2 369
471872 1 322
472404 1 121
472647 2 345
472692 1 240
472775 3 390
473304 7 509
473308 3 556
474052 1 73
474935 1 347
475080 1 147
475159 2 390
475248 1 425
475308 1 207
475374 4 351
475532 1 447
475655 2 140
475660 4 969
476097 5 139
477000 1 139
478123 2 247
478127 2 135
479008 2 1507
479386 2 146
480089 1 370
480978 1 617
481830 2 1010
482556 6 502
482840 2 421
482843 1 251
482960 1 133
482972 2 303
483392 1 185
483485 1 183
483832 3 544
484105 1 94
484712 1 79
484786 1 343
484845 5 1355
485248 1 92
486617 3 203
486770 4 156
487114 1 132
487890 1 678
488247 1 370
489738 2 316
489884 1 109
489944 4 387
490134 1 413
490478 4 593
490818 1 683
491609 2 655
492141 1 177
492388 1 734
492461 9 547
494157 1 434
494347 4 222
494603 1 223
495085 8 452
495167 1 319
495920 4 396
496868 3 110
496889 1 338
496985 1 172
497647 2 432
497748 2 549
497770 4 761
498326 2 442
498506 1 133
499472 6 333
499651 1 850
501382 2 254
502210 1 137
502366 7 1674
502477 1 265
502527 2 85
502725 2 381
504375 3 920
504846 2 279
504900 1 397
505050 1 65
505051 4 426
505736 2 284
506177 1 258
506617 10 600
506635 5 572
507008 1 287
507341 4 1389
507550 1 94
507625 3 377
507769 3 551
508093 1 760
510661 2 278
510840 1 365
511769 4 497
512193 1 152
512620 1 174
513044 4 105
513382 7 962
513567 1 353
513903 1 125
514010 2 339
514835 1 77
515080 1 682
515106 2 382
515331 1 380
516415 4 159
516680 4 384
516758 2 95
517028 1 258
517080 2 480
517309 4 209
517925 4 980
518503 1 116
518682 6 219
518683 1 198
518970 1 419
519765 2 483
519881 2 210
520325 5 979
520774 2 93
521160 1 703
522228 1 282
522710 1 336
523209 1 932
523585 1 683
523680 2 120
524327 6 1213
524927 1 1279
525123 1 415
525303 1 126
525703 6 853
525704 4 402
525715 2 244
525972 3 123
526053 1 83
526621 3 170
527214 9 295
527215 6 334
527546 4 565
527578 1 868
527782 3 540
527956 2 178
528060 3 1396
528082 1 69
528085 2 362
