19170 6 259
33473 12 338
33474 6 337
34246 2 19523
49245 2 123
51331 2 184510
55371 3 52248
58019 1 1416
58232 3 99
59327 8 481
59622 8 341
61086 2 227
63024 4 225
67091 1 670
68874 1 35
69995 1 733
72577 1 37
72646 8 329
73837 3 73
77180 1 59
78184 4 196
79909 1 217
82747 2 142
82996 20 1136
85523 2 282
87352 2 87
88430 2 840
88517 11 252
89115 1 12804
95868 4 353
102166 1 2186
102231 1 844
103021 2 30
103224 1 34
103438 1 474
103938 3 42
104151 2 28
104375 2 29
104569 2 28
107304 1 77
108718 2 231
109706 1 682
112646 1 66
112842 1 779
116646 3 202
117156 2 579
117284 1 426
117289 1 485
118373 1 376
124266 1 116
124378 4 220
132761 3 248
133035 1 909
136377 10 1043
143381 1 429
143443 6 164
143471 1 197
150557 6 178
155921 1 488
156528 1 357
158835 1 51
163309 2 655
164502 2 112
164807 1 991
164821 1 550
164921 1 580
165151 1 491
165348 1 373
165553 1 563
166224 4 494
166342 1 363
166954 7 482
169356 2 399
170732 1 458
170793 10 270
170823 1 242
170833 3 162
171435 1 444
177488 6 229
177516 1 215
179521 3 321
182836 1 809
189392 1 805
192059 1 437
195222 1 1325
197266 1 89
198242 4 249
199322 2 131
201481 1 569
203247 1 1066
204428 3 277
205138 1 102
205993 1 543
206789 1 333
207255 1 295
207736 1 322
207860 1 293
208103 1 321
209085 1 350
210541 2 92
210566 1 54
211970 1 644
213670 5 197
213686 1 173
214934 1 43
218540 1 73
220474 2 88
220711 1 114
220810 1 667
222209 3 65
222360 1 142
224738 3 117
225277 1 422
226209 2 45
228059 2 805
228398 1 133
228589 6 157
228615 1 217
231041 6 295
231771 3 122
231786 3 72
235172 5 428
235177 3 104
235595 2 113
236591 1 517
238408 1 145
238498 2 53
238856 1 140
240066 1 2346
245389 2 50
246316 1 781
246982 2 115
246983 7 200
248761 3 134
248796 1 275
253425 3 80
254327 32 1170
254410 1 405
256201 4 410
257642 6 195
259600 3 486
259914 1 136
260304 2 50
264159 2 82
264635 1 1187
264841 1 1174
266262 2 69
270981 1 294
272341 2 344
276302 2 85
278975 6 92
279296 11 457
279428 15 253
280496 4 158
284770 6 95
284796 6 163
285204 2 90
285323 9 337
285325 5 214
301368 3 111
301587 6 812
303734 1 25485
303925 2 193
304045 7 247
304117 1 799
304395 6 131
304497 4 179
304521 4 170
305368 3 184
308553 1 8271
311828 4 190
316333 1 113
317967 3 229
317969 2 136
318026 3 243
318266 3 363
318342 6 175
318906 4 299
323613 1 286
324215 6 211
324391 1 216
324438 1 518
324545 2 179
324581 3 291
324773 1 115
324987 1 129
324989 3 83
325832 1 292
325883 1 292
338839 2 121
339497 6 208
339971 7 139
340078 6 207
340159 7 158
340247 5 92
346427 1 1387
346801 1 350
347624 6 109
347625 5 112
362219 4 73
369766 17 587
371392 3 83
371577 2 118
371636 9 244
371637 5 285
371691 4 89
383754 1 5970
388376 4 83
391806 3 153
392895 8 141
396564 9 296
397367 4 266
397633 1 532
400432 8 258
400817 6 151
401122 4 81
403313 3 72
404428 4 88
405018 9 375
405112 2 46
405481 2 103
405667 10 448
405790 1 2995
406100 4 104
406356 8 409
408151 2 76
411010 2 55
416916 2 1505
417037 13 426
417180 5 135
417687 7 167
419599 15 493
420003 16 737
420410 4 362
420733 6 652
423202 2 679
423335 7 572
424287 2 86
424510 3 235
424826 1 435
425482 2 154
425891 6 420
425928 3 118
426357 9 267
427990 3 142
428808 5 1324
430503 3 121
431452 8 227
433048 4 102
434048 11 455
435162 2 100
435487 3 261
435674 10 424
436255 13 579
436577 5 467
436586 7 259
438391 2 76
438621 16 619
438855 2 201
438863 1 74
438896 6 972
439112 9 337
439387 6 203
439513 2 159
439750 4 187
440057 8 360
440690 11 387
440947 7 356
441198 1 42
441279 9 275
442155 9 490
442628 1 430
442811 11 384
443309 3 134
443310 9 431
444165 1 1839
444452 18 594
444730 1 41
445107 2 287
445728 2 387
446032 1 78
446040 3 317
446715 1 513
447243 3 90
448980 6 225
449572 4 466
450775 2 74
450868 5 145
451456 13 445
451913 1 581
451922 8 282
452556 8 484
452638 4 101
453353 4 102
454039 8 424
454509 13 536
455340 3 75
456143 3 94
457858 4 174
458983 7 1006
459244 5 109
459246 7 171
459916 1 106
460248 1 36
463643 3 394
464884 2 65
466922 2 135
467233 4 390
469782 2 68
477152 2 840
478592 6 169
478732 4 76
478787 6 178
479887 2 46
479988 3 85
480175 4 78
481009 4 178
481644 4 114
481942 7 211
482800 9 346
482944 8 422
483233 2 95
483336 3 94
483755 3 2496
483922 3 395
485237 4 116
485373 2 110
485404 1 1350
485564 3 89
485698 1 47
486222 3 77
486471 7 223
486530 1 420
486697 6 263
488883 6 675
489065 3 274
490555 1 143
491549 4 91
491987 3 115
492118 2 46
492260 3 354
492830 1 493
493454 1 344
493621 2 91
493623 4 126
493800 2 58
494051 3 65
494351 7 290
494413 4 198
494639 2 65
496238 7 245
496345 1 712
496973 11 341
497598 9 430
498095 5 98
498165 7 192
498802 3 88
500499 7 210
501381 6 477
501387 6 206
501465 2 94
504268 3 498
504412 7 426
504452 2 56
505163 2 108
506593 4 104
506659 4 350
506836 1 408
507090 1 122
507923 3 340
508096 2 450
508433 2 75
509424 3 407
510325 1 144
512328 5 187
514710 4 386
515928 3 95
516890 5 115
517115 8 260
517672 6 326
517884 19 531
518602 6 209
519962 1 435
520550 5 256
521533 10 415
522081 3 85
522374 7 228
523219 6 518
524008 6 338
525133 1 220
525348 1 138
525530 13 671
525603 1 413
525654 17 574
525936 3 67
526238 7 350
526250 3 593
527236 4 536
81465 3 164
82747 1 142
82996 11 1136
110246 1 328
118312 1 616
118450 1 231
139301 1 428
140403 1 1285
143757 1 277
181132 1 245
189392 2 805
203247 1 1066
209304 1 637
220474 1 88
224398 1 663
225837 1 292
247964 1 369
252834 1 331
254410 3 405
261628 1 240
346427 1 1387
402328 1 569
402662 1 715
417875 1 598
424284 1 379
432482 4 404
432913 1 44
434573 1 489
437437 1 509
439387 1 203
440057 1 360
456419 1 573
456860 1 633
456866 2 934
463373 1 428
477152 1 840
477209 1 981
488965 1 382
494274 1 418
494351 1 290
524822 1 609
