4215 1 365
8515 2 337
9166 9 17203
15111 5 501
15112 2 433
15113 4 469
15114 1 351
16634 2 466
22349 1 587
23313 4 391
24941 1 439
24942 1 426
28587 15 362
33023 9 440
36114 1 736
36802 4 29903
39711 4 2291
40921 1 349
41680 3 403
47642 6 11472
50560 65 3018
52214 29 64459
55599 2 459
56135 1 28
57909 1 27
58912 1 32
59496 1 37
60346 4 343
60379 1 31
60381 1 37
62119 6 270
62294 1 48
64894 1 249
65017 2 582
68465 2 87
68708 2 116
68785 2 179
69430 3 29
69856 7 231
70463 1 127
72441 1 36
74684 1 324
76902 1 34
78781 1 463
79711 1 24
79824 1 298
81816 4 216
81867 1 61
84014 5 241
84937 7 404
86519 1 153
90818 3 92
90952 4 212
93932 1 292
97396 2 229
97497 1 34
98544 1 33
100926 2 249
102099 3 459
105977 1 28
106109 2 676
107777 1 164
108084 1 238
108087 3 365
108773 1 147
109212 1 228
110776 3 196
112537 2 137
115644 1 588
116465 5 499
117034 4 141
117974 1 21
118055 1 591
118705 1 71
120327 1 401
124522 1 166
124643 2 244
125882 1 507
126260 2 258
126484 1 83
127258 3 35
127391 4 249
128554 1 206
130549 7 744
131659 1 228
132203 4 329
132466 1 191
133296 1 613
134834 3 401
138078 1 436
141264 2 220
144497 1 381
144908 1 104
144909 2 240
145161 1 179
145204 1 74
145765 1 288
145872 1 135
145879 1 197
146935 2 335
147145 8 357
151733 3 39
159015 1 53
160052 1 300
163878 2 215
164200 2 144
164380 1 92
164385 1 144
167478 2 560
169581 1 172
171185 1 489
174388 2 644
174984 9 744
175030 1 471
175178 4 209
175180 5 269
175567 2 158
175988 1 240
178278 1 117
179664 1 169
181372 1 406
181373 3 288
181910 1 151
181939 1 46
182824 1 55
182911 1 167
182912 1 236
182919 2 91
185122 3 691
185174 2 63
185646 1 464
186289 1 213
186576 9 388
187209 1 310
189823 18 745
192522 2 276
193780 2 212
195612 5 149
196806 2 295
202324 1 252
203354 1 71
203371 1 55
203541 1 121
204494 2 517
207168 1 185
207236 1 220
208057 1 84
212007 1 161
212885 4 178
213539 5 240
214328 3 637
215575 2 457
216704 1 48
216990 3 836
218117 1 549
218395 3 297
219302 2 231
219750 2 518
219858 4 345
219951 2 215
220879 2 1227
221298 7 319
222099 3 1137
223963 1 446
224257 1 49
225164 1 340
227198 3 692
227263 1 198
227341 2 184
231284 1 126
232444 1 229
233290 3 49
233757 3 135
235934 3 167
236206 1 148
239356 4 191
240582 5 250
240932 2 301
240956 2 534
244157 2 198
244396 3 255
245845 5 242
248213 2 183
248832 1 77
248998 3 160
249634 1 311
249776 3 474
249846 3 229
252599 2 51
252735 6 557
254901 1 243
255399 1 584
255400 1 648
255438 1 660
255441 1 792
255544 1 128
256869 2 97
256938 4 355
259351 1 399
260610 1 465
260611 4 604
261990 1 295
263689 2 268
263707 2 393
264475 2 305
265280 1 209
268303 21 6782
268976 2 1418
268977 2 1714
269010 1 362
269996 21 6852
271559 3 188
271731 5 296
272955 1 137
273922 1 124
275956 6 1514
276030 1 163
276184 2 157
276409 1 181
276508 1 752
276592 1 181
276697 1 133
276815 1 653
276886 1 1575
277415 2 455
278798 3 638
280236 6 2163
280619 33 11500
281205 1 111
281296 1 476
281373 2 696
281775 4 630
281938 1 676
282556 2 1968
283181 4 631
283209 2 1947
283334 1 125
283916 5 483
284068 3 930
284294 1 335
284986 4 234
285207 1 496
285433 4 298
285469 5 275
285650 3 255
286147 2 590
286338 1 830
286339 1 835
286583 17 19748
287390 3 275
287392 1 533
287407 1 182
287423 2 377
287429 1 230
287457 3 428
287458 5 263
287486 4 761
287509 3 165
287510 1 167
287530 6 825
287549 4 259
287552 1 335
287556 1 526
287557 1 454
287558 3 393
287566 1 334
287594 1 185
287604 1 734
287667 2 128
287673 3 548
287687 1 138
287694 1 1584
287698 1 659
287748 4 304
287765 3 452
287785 2 727
287834 2 460
287836 20 1989
287875 4 380
287888 2 879
289219 4 643
289348 108 18428
289393 3 1413
289478 10 2380
289530 3 707
289610 2 2184
289732 1 4132
289773 5 617
289824 6 639
289826 9 1025
289930 1 1060
289932 44 4403
289969 6 701
289984 2 653
290034 5 891
290043 1 1452
290071 7 536
290105 2 882
290112 2 426
290125 25 3028
290238 2 816
290240 1 1262
291689 1 1872
291792 4 1333
292202 3 385
292700 3 3396
292701 1 2069
292835 8 3737
293703 2 132
294620 1 106
294967 24 7544
297054 1 372
297536 3 306
298187 1 502
298406 33 3212
298407 12 922
298461 5 323
298604 2 276
298620 1 261
298788 4 315
298937 2 889
299153 1 226
299357 2 374
299377 1 178
299750 1 770
300238 6 218
300781 3 149
302162 15 1288
302611 12 1120
303205 6 895
303279 2 181
303484 5 967
303731 4 3106
303734 55 25485
303857 1 171
303911 3 183
304253 1 493
304574 3 309
304665 1 255
305217 1 219
305353 3 391
306222 5 1038
306237 38 26903
306257 4 393
306391 1 296
306858 1 406
306863 6 1833
306869 2 166
306874 1 283
306879 4 340
306895 3 136
306897 1 155
306908 3 558
306918 1 516
306919 3 347
306927 1 506
306930 1 218
306945 1 444
306950 4 1346
306961 1 778
306998 13 2256
306999 3 622
307002 1 137
307024 3 906
307031 1 633
307034 3 388
307072 1 350
307075 8 415
307080 3 440
307081 2 610
307085 5 328
307104 2 281
307107 4 314
307132 2 894
307134 1 268
307135 2 284
307172 3 395
307174 1 378
307185 1 231
307188 2 370
307193 3 658
307259 34 898
307453 51 49380
307745 4 1270
308102 1 349
308363 9 1229
308408 1 962
308553 20 8271
308607 3 661
308632 9 2968
308859 23 5677
310366 1 194
312401 27 5388
312588 2 1566
312916 2 1637
313758 5 1412
313946 6 1313
313948 1 906
315354 1 340
316482 1 1212
317354 4 335
317611 6 1827
317820 2 162
317862 1 2336
318645 1 217
320248 10 13098
320731 1 232
321006 1 248
321357 13 2299
321528 2 1048
321969 9 980
323693 2 478
323785 2 1066
324264 1 876
325071 2 1365
325072 1 969
325304 5 1279
325537 41 4579
325787 4 924
325793 1 186
325804 1 1218
325848 1 599
325850 4 750
325853 1 426
325880 1 349
325898 4 124
325909 2 431
325940 2 679
325953 1 172
326123 41 14885
326129 97 67196
326539 2 152
326762 2 378
326828 12 2534
326867 11 1603
326893 2 371
326948 2 371
327033 5 1795
327085 16 2494
327132 3 603
327174 34 901
327349 19 8654
328230 4 268
328256 2 144
328914 3 4587
328918 1 388
328993 2 5082
329161 1 1719
329207 1 2263
329208 14 9390
329225 16 7875
329226 10 8776
329228 1 2701
329231 11 7437
329407 7 7463
329470 1 2619
329493 8 7227
329569 3 7587
329804 16 7586
330086 3 3800
330099 7 6898
330296 4 3448
331432 13 8083
333813 3 302
334371 4 2079
335176 8 1105
336322 1 426
336719 22 6871
337052 1 281
337208 4 329
337330 2 251
337457 1 245
337475 1 245
337486 2 360
337661 1 1278
338113 1 496
338412 4 404
341848 2 301
341870 2 55
342367 1 1475
343819 2 163
343867 14 497
343948 1 756
344316 4 1235
344937 4 381
345115 1 189
345393 8 1028
345426 4 1778
345487 1 221
346414 4 398
347837 172 63219
347869 134 47445
347982 9 2493
348307 2 774
348331 4 333
348345 1 287
348381 1 1414
348406 4 698
348426 1 1085
348489 3 262
348491 1 206
348498 3 369
348499 1 259
348504 3 256
348533 4 140
348536 1 621
348572 1 502
348652 2 321
348667 1 283
348686 1 426
348701 5 411
348705 2 1012
349579 4 463
349600 2 879
349710 4 658
349809 2 441
349820 17 1531
349836 5 846
349902 4 3417
349961 2 925
350133 7 2654
350144 17 2979
353368 14 488
353492 6 302
353557 3 383
353688 3 169
354153 4 317
354267 7 554
354450 6 8639
354756 3 1140
355307 4 200
356368 1 1417
357389 6 181
358660 3 270
359010 1 357
359152 28 9815
360553 1 224
360949 1 94
361232 3 317
361233 3 203
361880 16 1542
361978 1 427
361981 1 389
362201 1 354
365015 6 1038
365160 5 271
365729 9 1181
365775 7 1763
365847 2 211
366695 24 972
366858 24 825
367124 32 2991
367546 2 238
367625 8 443
367879 4 2971
368085 1 273
368170 3 194
368297 1 220
368300 1 696
368301 2 327
368906 1 605
369049 5 107
369052 3 251
369197 1 603
369204 3 402
369225 2 690
369228 1 414
369341 3 911
369356 8 620
369864 1 196
370122 1 201
370517 1 205
370917 1 236
371166 2 499
371330 1 283
371546 1 450
372523 1 942
372540 4 308
372604 1 732
372642 1 231
372643 3 443
372645 2 283
372695 2 290
372698 8 837
372748 2 112
372763 1 336
372778 2 406
372779 2 898
372782 2 316
372784 1 207
372790 1 98
372834 1 361
372842 2 497
372847 2 394
372868 2 843
372883 1 392
372917 16 1545
372936 3 175
373790 1 209
373939 4 1158
373953 1 2268
374013 11 3129
374014 9 80805
374095 11 1785
374098 20 745
374099 20 1179
374122 3 432
374145 3 1450
374171 3 826
374211 10 1277
374222 2 472
374300 13 3673
374373 10 3397
374410 9 836
374411 2 544
374565 1 1404
376386 16 9418
376654 1 3562
377032 4 148
377119 3 3355
377448 3 4232
378266 8 7092
378358 1 3937
379367 1 973
379458 1 122
379952 11 3817
380789 6 452
381592 6 1704
381652 43 2111
381866 2 758
382269 3 305
382760 1 455
383878 2 171
383889 1 284
383970 2 314
384330 1 118
384347 7 506
384357 1 145
384418 2 135
384666 4 499
384687 2 534
385352 4 303
389009 1 115
389028 1 139
389393 3 423
389443 4 361
389444 6 343
389737 16 1106
390518 4 160
390962 3 406
392866 2 236
393171 2 368
393673 30 10585
393747 13 58177
394305 1 379
394315 2 704
394316 2 1558
394317 1 169
394392 4 393
394411 1 286
394427 2 322
394437 7 506
394500 3 934
394509 2 177
394514 1 992
394515 1 844
394521 1 123
394530 2 142
394548 1 149
394549 4 500
394604 2 541
394609 1 252
394611 3 454
394657 6 456
394696 2 370
394699 1 138
394701 1 638
394706 8 408
394857 2 175
395713 1 1651
395714 10 4780
395781 4 1444
395791 8 1795
395863 8 733
395907 2 1296
395947 5 5473
396018 1 620
396111 3 618
396166 4 1156
396212 1 860
396258 64 38258
397690 1 1083
400816 1 261
402931 1 838
403242 2 663
405092 1 322
405673 1 143
406605 1 210
412248 1 730
412570 3 1304
413033 1 635
415841 1 1860
418213 5 3418
422032 2 1047
422779 1 358
424230 5 1423
432697 3 1979
441576 1 2819
441577 1 283
443845 2 147
446658 1 46
447061 1 1113
456506 1 568
456507 1 442
461924 1 644
461964 4 365
463885 1 542
465265 1 519
465808 1 327
466735 2 746
474058 2 343
474704 1 92
475056 2 506
477090 1 305
480978 1 617
480988 2 557
481321 1 716
481536 1 96
481687 1 794
481696 1 529
482265 1 528
482320 1 728
484600 1 609
486932 1 466
489838 1 189
493297 2 252
495495 1 567
496937 2 358
499324 1 531
502177 1 230
509122 1 213
513027 1 912
514535 1 615
514607 2 87
514608 1 323
514714 1 571
521160 2 703
522135 1 561
523603 1 67
523632 2 433
1722 6 467
3775 9 445
4215 4 365
4216 7 354
4218 6 313
4219 5 420
4553 3 360
4566 1 367
6475 5 429
7295 2 287
8264 3 458
8515 1 337
9072 12 520
9166 47 17203
10928 4 345
11740 7 594
12851 5 408
12959 7 366
13598 4 516
13605 3 213
15111 7 501
15113 1 469
15114 11 351
15961 4 486
16632 1 359
16633 5 380
16634 6 466
16652 3 412
16656 5 318
16657 6 502
18015 4 465
18295 2 442
18362 7 464
19150 1 310
19156 2 311
19695 11 234
20447 1 304
20463 1 189
20729 2 447
21392 4 455
21393 1 308
22348 7 540
22349 7 587
22447 3 210
23313 5 391
23327 2 448
26013 2 176
26045 2 373
26825 16 402
26826 5 449
27630 13 321
27631 3 231
27632 1 260
27977 4 389
27980 2 333
28227 3 206
28233 5 300
28479 1 288
28587 1 362
28593 7 419
29574 1 350
30523 10 491
30524 3 476
30525 6 352
30537 11 433
30538 13 321
30539 7 264
30542 12 176
31090 2 432
31788 3 464
31934 2 312
33023 2 440
33794 2 534
35321 6 311
35322 4 274
35433 4 454
36114 30 736
36802 19 29903
39073 1 665
39711 8 2291
40915 6 494
40916 7 254
40921 1 349
41680 4 403
42358 13 707
42516 1 267
47642 6 11472
50560 17 3018
52214 31 64459
54550 6 240
54553 5 398
54554 7 407
55599 2 459
55609 2 485
55611 2 672
55622 1 402
65015 1 97
68465 1 87
74160 2 36
118854 1 418
126260 1 258
130005 1 158
134915 1 56
138078 1 436
142854 1 68
152838 2 310
175449 1 109
179169 1 261
181910 1 151
182690 14 196
185646 1 464
215575 1 457
219053 1 492
223195 1 101
224739 1 296
226600 1 75
232444 1 229
233290 2 49
266949 1 408
267425 5 150
268303 12 6782
268392 3 873
268807 2 446
268976 5 1418
268977 20 1714
269091 4 196
269996 11 6852
271559 1 188
271731 3 296
272955 1 137
275186 14 690
275756 1 174
275956 1 1514
276184 1 157
276278 2 484
276409 1 181
276421 1 223
276422 2 410
276508 1 752
276592 1 181
276724 2 362
276790 2 164
276815 1 653
276882 2 205
276886 14 1575
276997 5 598
277289 2 679
277415 1 455
277421 3 314
277881 5 1097
278798 8 638
280236 1 2163
280619 66 11500
281058 3 1090
281205 2 111
281296 4 476
281373 7 696
281775 4 630
281938 1 676
282073 4 561
282556 33 1968
282562 17 672
282860 8 1251
282962 9 436
283042 3 136
283181 11 631
283209 10 1947
283334 2 125
283491 3 219
283667 8 718
283916 8 483
284068 3 930
284294 10 335
284986 3 234
285207 7 496
285433 5 298
285650 3 255
286147 1 590
286338 7 830
286339 7 835
286583 179 19748
287414 1 299
287416 2 343
287419 1 180
287423 3 377
287457 2 428
287458 4 263
287486 1 761
287509 1 165
287511 2 488
287530 1 825
287549 2 259
287552 4 335
287556 4 526
287557 8 454
287566 10 334
287577 1 549
287594 1 185
287604 1 734
287605 2 370
287608 2 417
287671 3 157
287673 5 548
287693 2 170
287694 14 1584
287698 1 659
287717 2 211
287725 8 282
287748 6 304
287765 1 452
287785 2 727
287825 3 318
287826 1 216
287834 1 460
287836 5 1989
287842 2 687
287872 14 693
287875 4 380
287888 4 879
289219 11 643
289348 58 18428
289393 9 1413
289478 5 2380
289530 19 707
289610 6 2184
289732 15 4132
289773 13 617
289824 9 639
289826 12 1025
289924 37 2273
289930 24 1060
289932 71 4403
289969 5 701
289984 4 653
290034 4 891
290064 20 783
290071 2 536
290105 4 882
290112 3 426
290125 8 3028
290149 3 142
290238 11 816
290240 4 1262
291146 1 189
291689 10 1872
291792 4 1333
292202 4 385
292238 9 363
292700 5 3396
292701 24 2069
292835 31 3737
293703 1 132
294620 2 106
294967 61 7544
297054 6 372
297536 1 306
298186 4 208
298187 1 502
298240 3 617
298406 10 3212
298407 8 922
298461 1 323
298620 1 261
298667 1 150
298788 2 315
299026 1 295
299030 2 337
299074 8 157
299357 3 374
300238 2 218
300781 2 149
301016 10 1779
302162 5 1288
302611 5 1120
302656 4 380
303205 28 895
303279 3 181
303731 5 3106
303734 90 25485
303857 4 171
303911 4 183
304253 7 493
304574 4 309
304665 3 255
305217 3 219
305342 5 137
306222 5 1038
306237 27 26903
306257 4 393
306863 12 1833
306869 2 166
306874 2 283
306877 2 228
306878 4 534
306879 1 340
306892 38 1907
306895 1 136
306908 3 558
306927 1 506
306928 1 198
306945 2 444
306950 4 1346
306998 7 2256
306999 4 622
307007 4 212
307009 1 151
307011 3 283
307013 3 376
307020 1 526
307023 3 621
307024 2 906
307031 1 633
307034 4 388
307059 3 195
307072 6 350
307075 4 415
307078 4 386
307085 1 328
307092 8 160
307099 6 358
307107 2 314
307134 1 268
307135 3 284
307136 12 489
307174 6 378
307185 1 231
307259 24 898
307453 107 49380
308102 6 349
308106 2 292
308128 4 636
308363 27 1229
308408 9 962
308553 12 8271
308632 8 2968
308859 47 5677
310366 3 194
311386 10 628
311543 3 233
312401 29 5388
312588 5 1566
312916 8 1637
313758 11 1412
313946 8 1313
313948 7 906
314538 41 1587
315354 4 340
315918 6 325
315923 3 875
316390 4 635
316482 3 1212
317136 6 605
317354 1 335
317406 2 90
317553 2 226
317611 12 1827
317820 2 162
317862 12 2336
318645 7 217
320248 365 13098
320731 1 232
320732 1 217
321006 4 248
321357 6 2299
321528 2 1048
321753 4 266
321969 2 980
323193 2 219
323693 12 478
323785 2 1066
323812 6 356
323815 14 556
323842 6 356
323845 14 556
324264 9 876
324860 2 662
325071 7 1365
325072 8 969
325537 21 4579
325750 1 346
325787 4 924
325804 3 1218
325850 1 750
325852 4 644
325853 1 426
325880 4 349
325911 5 193
325940 1 679
325953 1 172
326123 63 14885
326129 851 67196
326539 2 152
326618 3 806
326762 10 378
326771 6 358
326828 3 2534
326893 6 371
326948 6 371
327033 15 1795
327132 6 603
327174 24 901
327349 61 8654
328230 3 268
328256 1 144
328914 30 4587
328918 2 388
328993 74 5082
329032 8 626
329161 10 1719
329207 25 2263
329208 53 9390
329225 40 7875
329226 37 8776
329228 42 2701
329230 72 2543
329231 31 7437
329332 1 215
329407 28 7463
329470 25 2619
329493 43 7227
329569 19 7587
329804 21 7586
330086 27 3800
330099 17 6898
330296 32 3448
330595 15 344
330732 15 344
330735 28 1778
331428 66 2727
331432 34 8083
333813 1 302
334371 12 2079
335053 13 329
335176 35 1105
336322 3 426
336719 9 6871
336816 7 217
337052 2 281
337208 2 329
337330 1 251
337441 1 143
337460 2 365
337477 2 365
337540 1 239
337557 2 191
337661 2 1278
337731 1 204
338104 2 761
338113 10 496
338182 8 481
338229 5 327
338412 2 404
338582 6 292
341848 3 301
341870 3 55
342367 17 1475
343491 7 158
343819 1 163
343867 3 497
343948 1 756
344316 29 1235
345115 2 189
345393 7 1028
345426 21 1778
345487 7 221
346414 4 398
347216 1 305
347837 143 63219
347869 55 47445
347982 9 2493
348308 1 460
348326 5 1100
348327 2 398
348330 1 236
348331 2 333
348345 2 287
348381 7 1414
348426 2 1085
348427 2 378
348491 2 206
348499 1 259
348504 1 256
348533 2 140
348536 1 621
348553 2 768
348572 10 502
348578 5 333
348609 1 164
348626 6 295
348652 1 321
348667 2 283
348686 3 426
348701 2 411
349301 4 412
349579 2 463
349600 4 879
349710 13 658
349820 11 1531
349836 24 846
349888 2 1445
349902 6 3417
349961 15 925
350133 37 2654
350144 6 2979
351753 8 306
351888 2 463
352397 46 1759
353368 7 488
353492 3 302
353688 1 169
353700 14 2489
353716 3 614
354267 1 554
354450 38 8639
354701 1 1538
354756 4 1140
355307 4 200
356368 7 1417
358660 2 270
359010 8 357
359152 20 9815
360553 1 224
361150 5 110
361232 1 317
361836 8 1575
361880 8 1542
361903 8 1575
361978 1 427
361981 1 389
362012 1 234
362031 1 238
362201 3 354
362244 5 201
365015 4 1038
365160 4 271
365460 1 126
365729 17 1181
365775 23 1763
365847 4 211
366695 17 972
366858 17 825
367124 8 2991
367546 4 238
367625 19 443
367817 3 482
367879 4 2971
368085 1 273
368170 1 194
368295 2 231
368297 1 220
368299 6 218
368300 8 696
368301 5 327
368509 5 281
368580 9 915
368588 4 614
368759 4 223
368760 1 242
368761 7 217
368763 2 236
368903 5 182
368906 14 605
369049 2 107
369052 3 251
369197 5 603
369204 13 402
369225 3 690
369228 6 414
369317 4 240
369341 2 911
369356 15 620
369864 2 196
370122 5 201
370517 4 205
370898 4 170
370917 3 236
371156 7 230
371162 6 624
371166 11 499
371330 7 283
371546 4 450
372523 1 942
372531 1 266
372537 1 413
372540 6 308
372560 1 210
372570 1 243
372604 11 732
372622 1 132
372642 1 231
372645 5 283
372698 12 837
372711 7 399
372748 3 112
372763 2 336
372779 1 898
372782 1 316
372784 5 207
372799 3 185
372805 8 1583
372818 5 265
372834 8 361
372842 11 497
372883 1 392
372884 1 232
372917 8 1545
372936 1 175
373790 5 209
373939 6 1158
373949 7 726
373953 3 2268
374013 5 3129
374014 499 80805
374095 21 1785
374098 2 745
374099 27 1179
374122 5 432
374140 8 1214
374145 17 1450
374171 5 826
374211 21 1277
374222 7 472
374300 5 3673
374373 40 3397
374410 4 836
374411 2 544
374565 12 1404
376386 34 9418
376440 17 1977
376654 55 3562
377032 3 148
377119 53 3355
377210 1 172
377448 49 4232
377843 3 365
378266 23 7092
378321 7 247
378358 61 3937
378700 2 174
379367 16 973
379458 2 122
379952 4 3817
380789 1 452
381491 1 590
381592 13 1704
381652 3 2111
381866 5 758
382269 10 305
382760 23 455
383655 2 130
383799 2 400
383832 2 165
383836 2 355
383878 3 171
383889 1 284
383970 1 314
384141 2 325
384295 1 672
384339 1 250
384347 12 506
384357 3 145
384418 3 135
384666 4 499
384687 5 534
385119 1 263
385234 1 241
385352 6 303
388310 1 446
389009 1 115
389028 1 139
389393 2 423
389414 2 377
389443 6 361
389444 5 343
389737 6 1106
390962 1 406
391500 5 168
391710 3 222
392811 5 102
392866 2 236
393171 4 368
393487 2 165
393673 58 10585
393747 170 58177
394315 1 704
394338 2 324
394339 2 355
394411 1 286
394423 2 411
394427 1 322
394437 12 506
394500 1 934
394505 2 165
394509 3 177
394514 7 992
394515 1 844
394530 3 142
394534 1 677
394541 1 248
394543 3 1029
394548 3 149
394549 4 500
394592 1 122
394604 5 541
394609 3 252
394628 3 478
394638 7 244
394657 1 456
394696 4 370
394701 1 638
394706 2 408
394857 3 175
395307 1 312
395713 41 1651
395714 4 4780
395781 9 1444
395791 3 1795
395863 3 733
395907 2 1296
395947 65 5473
396018 2 620
396111 4 618
396166 23 1156
396212 4 860
396258 74 38258
396704 1 175
400816 1 261
402101 2 761
402553 1 526
418213 2 3418
421136 3 621
422032 1 1047
424419 1 526
426755 11 438
431984 9 285
432697 2 1979
433940 1 1084
441056 1 712
441576 3 2819
444707 1 1891
454689 2 70
455719 2 258
457849 7 384
457864 2 82
462786 1 632
463584 1 390
465808 1 327
466735 1 746
467768 2 601
473258 9 490
475056 1 506
475507 3 308
477090 1 305
477874 1 819
479875 1 508
479886 2 769
480978 1 617
481536 1 96
481687 1 794
486932 8 466
487193 1 156
488023 1 132
489941 3 452
493297 1 252
496372 8 490
496937 9 358
498653 8 1138
499443 1 356
501996 3 1330
502177 7 230
513027 1 912
514607 2 87
521160 1 703
524007 1 365
526917 2 100
4214 3 468
4215 2 365
4216 1 354
4219 10 420
4388 1 411
6475 1 429
8264 1 458
13598 2 516
15961 15 486
18362 2 464
24941 1 439
29574 2 350
31090 1 432
31788 1 464
47642 2 11472
55599 3 459
55610 6 388
55611 1 672
55622 1 402
57176 1 109
57316 3 40
57429 11 210
58131 1 36
58304 2 35
60346 3 343
60360 2 29
60379 2 31
60381 2 37
62294 5 48
62351 7 125
63532 4 191
64535 2 30
65015 1 97
66447 7 112
66546 10 137
69206 1 231
72441 2 36
73857 2 43
74684 7 324
75322 1 30
75323 1 42
77568 3 247
79978 3 55
82473 4 91
84937 2 404
91136 9 182
93932 1 292
94398 3 95
100926 3 249
101158 7 149
102473 3 212
102573 3 346
102700 1 141
102798 1 221
103115 6 384
103291 3 239
104116 1 250
105977 1 28
106109 13 676
107777 3 164
108084 4 238
108087 5 365
108773 3 147
109212 3 228
109492 2 165
111353 3 263
112415 2 303
112671 1 193
116118 2 33
116693 1 286
117577 5 47
118055 3 591
118936 1 186
120869 2 46
125882 3 507
128440 2 63
129496 3 300
130197 2 62
130204 3 95
131659 1 228
132203 1 329
132333 5 106
132335 5 131
133296 6 613
133347 7 93
134834 3 401
136283 4 180
138078 3 436
142328 4 545
142854 3 68
142861 7 137
142868 9 171
144070 1 127
144497 2 381
144606 3 1024
145161 2 179
145765 2 288
147174 6 85
152489 8 145
152838 1 310
159015 1 53
160052 1 300
164200 6 144
164338 3 104
164380 3 92
164385 6 144
165481 3 74
168831 8 118
168844 9 145
171185 4 489
175449 6 109
176073 1 299
178520 1 204
179169 3 261
181372 3 406
181373 2 288
181910 2 151
181939 1 46
185174 2 63
185414 1 49
186289 3 213
191554 1 105
193780 5 212
196642 3 136
196806 1 295
201654 2 67
202324 4 252
202703 1 192
203371 1 55
203541 3 121
203597 2 243
205243 1 228
207236 12 220
209355 2 62
212007 6 161
212233 2 268
214445 1 633
215697 3 68
216922 5 102
218395 8 297
219053 3 492
219077 12 241
219918 15 640
223963 1 446
224739 15 296
224806 2 46
226600 4 75
227198 1 692
227341 2 184
229411 2 51
229417 2 74
230400 1 117
231284 1 126
231978 3 45
232046 4 48
232208 8 86
232222 10 116
235392 2 53
236225 2 74
237653 10 173
240582 9 250
240932 5 301
242302 1 56
243829 1 106
244157 7 198
244396 5 255
246277 5 393
252599 3 51
252735 8 557
255400 1 648
256869 1 97
256938 9 355
259350 1 183
259351 1 399
260611 8 604
263707 3 393
264475 7 305
267425 2 150
268180 2 189
268392 11 873
268807 2 446
268976 11 1418
268977 6 1714
269010 3 362
269091 7 196
275186 11 690
275757 2 265
275869 1 236
275956 9 1514
276278 2 484
276422 1 410
276697 1 133
276815 1 653
276997 3 598
277105 1 143
277415 1 455
277421 4 314
278798 19 638
280236 1 2163
280619 21 11500
281058 3 1090
281296 1 476
281373 18 696
282556 1 1968
282962 12 436
283042 4 136
283181 5 631
283209 4 1947
283334 2 125
283916 11 483
284068 2 930
284294 6 335
284986 8 234
285207 8 496
285433 11 298
285469 2 275
286338 9 830
286339 9 835
286583 10 19748
287391 1 273
287417 1 392
287418 2 272
287457 1 428
287507 1 247
287511 2 488
287530 9 825
287537 2 188
287549 1 259
287552 4 335
287556 5 526
287557 8 454
287558 1 393
287566 6 334
287608 1 417
287671 1 157
287687 1 138
287698 1 659
287725 3 282
287748 11 304
287777 2 212
287820 1 150
287825 4 318
287826 3 216
287836 7 1989
287872 11 693
287875 1 380
287888 2 879
289219 5 643
289348 4 18428
289732 6 4132
289773 34 617
289824 1 639
289826 19 1025
289930 31 1060
289932 69 4403
289969 10 701
289984 9 653
290034 20 891
290043 2 1452
290064 16 783
290071 6 536
290105 2 882
290112 5 426
290125 2 3028
290149 4 142
290238 4 816
290240 20 1262
291146 2 189
291689 14 1872
291792 2 1333
292202 13 385
292700 15 3396
292701 13 2069
292835 1 3737
293703 6 132
294967 3 7544
297054 4 372
297536 2 306
298187 3 502
298406 5 3212
298407 2 922
298667 1 150
298937 2 889
299028 1 381
300781 3 149
302656 2 380
303205 22 895
303279 4 181
303731 10 3106
303734 40 25485
303857 4 171
303911 2 183
304253 3 493
304574 9 309
304665 3 255
305217 2 219
305342 2 137
305353 4 391
306391 1 296
306858 4 406
306863 4 1833
306874 3 283
306878 1 534
306888 1 231
306892 17 1907
306895 6 136
306908 1 558
306927 3 506
306930 1 218
306945 3 444
306950 2 1346
306968 1 294
306991 1 394
307009 1 151
307031 2 633
307034 13 388
307059 1 195
307072 1 350
307075 11 415
307078 2 386
307080 2 440
307099 5 358
307132 2 894
307135 2 284
307136 1 489
307172 4 395
307174 4 378
307185 3 231
307189 4 500
307193 5 658
308102 1 349
308128 2 636
308607 5 661
308632 1 2968
310366 4 194
311386 5 628
311543 3 233
312401 1 5388
315354 4 340
315918 6 325
315923 7 875
316390 1 635
317136 6 605
317553 2 226
317611 4 1827
317862 15 2336
320248 8 13098
320731 5 232
320732 8 217
321006 9 248
321753 7 266
323193 9 219
323785 2 1066
323812 8 356
323815 14 556
323842 8 356
323845 14 556
324264 7 876
324654 1 163
325071 6 1365
325072 2 969
325787 2 924
325852 1 644
325853 4 426
325880 4 349
325936 4 526
325940 2 679
326002 1 169
326129 1 67196
326539 3 152
326771 9 358
326893 3 371
326948 3 371
328230 2 268
328914 39 4587
328993 57 5082
329161 15 1719
329207 20 2263
329208 1 9390
329226 4 8776
329228 4 2701
329230 27 2543
329231 2 7437
329332 1 215
329470 24 2619
329493 1 7227
329569 1 7587
329804 4 7586
330086 25 3800
330099 6 6898
330296 23 3448
330409 2 171
330595 8 344
330732 8 344
330735 17 1778
331428 22 2727
331432 6 8083
333813 1 302
335053 13 329
335176 34 1105
336322 11 426
336719 9 6871
336816 10 217
337441 2 143
337457 1 245
337460 1 365
337475 1 245
337477 1 365
337540 2 239
337557 1 191
337661 2 1278
338104 4 761
338182 17 481
338582 2 292
341848 6 301
342367 2 1475
343491 10 158
343819 6 163
343867 12 497
344316 47 1235
345115 2 189
345393 2 1028
345426 1 1778
345487 8 221
346414 9 398
347216 3 305
347837 15 63219
348327 5 398
348335 2 191
348426 2 1085
348427 1 378
348489 1 262
348491 1 206
348499 2 259
348533 3 140
348536 1 621
348553 4 768
348609 1 164
348626 2 295
348652 1 321
348667 4 283
348686 11 426
349579 2 463
349600 2 879
349710 10 658
349809 2 441
349836 22 846
349902 2 3417
349961 19 925
350133 5 2654
350144 7 2979
351753 6 306
351888 6 463
352397 12 1759
353492 1 302
353557 13 383
353688 1 169
353700 19 2489
353716 1 614
354153 2 317
354267 5 554
354450 1 8639
358660 2 270
359010 6 357
359152 3 9815
360553 1 224
361150 2 110
361232 2 317
361836 7 1575
361880 4 1542
361903 7 1575
362031 1 238
362201 7 354
362244 10 201
365015 1 1038
365160 4 271
365460 1 126
365729 23 1181
365775 9 1763
365847 12 211
366695 18 972
366858 4 825
367546 6 238
367625 15 443
367724 10 182
367817 9 482
367847 7 214
367879 2 2971
368085 5 273
368170 1 194
368295 5 231
368297 7 220
368299 3 218
368300 10 696
368301 15 327
368509 8 281
368580 23 915
368588 14 614
368759 9 223
368760 7 242
368761 9 217
368763 4 236
368903 6 182
368906 14 605
369049 4 107
369052 2 251
369197 17 603
369204 9 402
369228 10 414
369317 5 240
369356 21 620
369864 3 196
370898 1 170
370917 1 236
371156 8 230
371162 9 624
371166 10 499
371330 11 283
371546 4 450
372537 1 413
372604 3 732
372642 1 231
372695 2 290
372698 5 837
372711 3 399
372763 1 336
372782 2 316
372805 7 1583
372818 1 265
372834 6 361
372842 10 497
372847 4 394
372917 4 1545
372936 1 175
373949 7 726
374014 1 80805
374095 5 1785
374098 17 745
374099 24 1179
374122 10 432
374140 20 1214
374145 24 1450
374171 45 826
374211 17 1277
374222 13 472
374373 26 3397
374410 20 836
374411 23 544
374565 12 1404
376386 2 9418
376440 8 1977
376654 48 3562
377119 24 3355
377210 2 172
377448 34 4232
377843 7 365
378266 2 7092
378321 1 247
378358 26 3937
378700 2 174
380789 1 452
381592 2 1704
381969 1 199
382269 3 305
382760 18 455
383799 2 400
383889 3 284
384295 1 672
384347 4 506
388310 2 446
389393 3 423
389414 10 377
389443 7 361
389444 4 343
389737 23 1106
390962 6 406
391500 4 168
391710 3 222
392811 5 102
392866 6 236
393487 2 165
393673 2 10585
394305 1 379
394316 1 1558
394411 3 286
394423 2 411
394437 4 506
394514 6 992
394534 1 677
394592 1 122
394628 6 478
394638 1 244
394657 1 456
394706 1 408
395307 3 312
395714 2 4780
395781 1 1444
395791 39 1795
395863 11 733
395907 50 1296
396111 15 618
396166 30 1156
396212 9 860
396258 2 38258
400554 7 400
400816 1 261
402101 3 761
402931 2 838
405092 1 322
412570 1 1304
415957 1 714
417615 1 253
424230 3 1423
424419 1 526
426755 10 438
431984 1 285
433940 5 1084
441461 2 252
444707 63 1891
445101 3 879
452158 3 98
454689 1 70
457849 7 384
461964 1 365
462786 4 632
463584 2 390
465265 1 519
467150 11 488
467768 3 601
471877 3 364
473258 10 490
475507 2 308
477090 3 305
484963 2 120
486931 1 174
489941 5 452
491835 1 450
493297 1 252
494840 2 605
496372 9 490
498653 16 1138
499443 5 356
499504 1 824
502177 6 230
513027 4 912
514607 3 87
514714 4 571
523625 6 1950
523632 5 433
524007 4 365
