31 22 12233
33 574 19382
229 3 461
232 5 307
1417 4 320
1646 57 55438
3518 1 339
4338 16 16989
4421 9 5382
5382 1 259
5414 2 193
6367 1 17463
7284 2 602
7285 1 241
7900 5 355
7901 3 455
10223 10 434
10625 3 165
10857 39 5056
12216 8 450
12219 10 492
12220 14 415
12221 2 688
12222 2 256
12236 11 646
12266 10 653
12274 1 276
12278 15 547
12279 6 503
12280 6 453
12709 65 20008
12985 6 7361
13448 1 431
13695 10 525
13696 10 576
13855 7 476
13858 1 281
13986 1 449
14712 7 293
14713 1 256
14719 6 283
15724 9 449
15802 1 403
17062 1 1165
18102 2 360
18104 4 312
18122 1 555
18590 10 325
19009 3 499
19015 1 422
19051 5 433
20139 3 317
20140 4 333
20443 2 113
21220 2 6993
21614 112 32241
21615 1 470
21625 1 537
22338 14 461
22343 8 424
22344 5 402
22345 7 286
22929 4 390
23494 3 5641
23772 2 180
23865 9 377
25437 6 484
25936 3 285
27115 10 553
27967 14 364
27968 40 459
27969 14 184
28227 16 206
28315 1 243
28362 1 278
28713 3 453
28734 1 546
29609 3 368
29617 8 333
29967 6 309
30076 4 390
30163 1 447
30168 1 624
30169 1 469
30184 1 536
30198 5 558
30199 9 440
30201 9 529
30206 3 455
30348 9 461
30394 2 257
30645 4 437
30652 2 562
31204 7 478
31629 4 21435
32238 32 493
32399 4 255
32401 2 481
32478 4 241
32506 1 425
32525 1 249
32551 1 288
32585 14 615
33141 3 202
33793 21 236
34246 3 19523
34249 6 354
34255 13 608
34422 1 261
34460 5 247
34671 2 389
34722 9 13257
34732 68 9225
34755 5 551
35315 14 324
35707 4 448
36353 1 531
36354 2 488
36355 3 591
36356 1 379
36357 6 543
36358 5 491
36359 4 413
36489 2 2150
36498 1 20156
36802 52 29903
38546 5 579
38741 15 200
39073 1 665
43302 9 491
43320 1 243
43331 1 411
43398 1 426
43401 1 425
43411 5 349
43416 14 386
43422 5 379
43423 3 367
43424 7 450
43426 9 516
44196 2 162
44827 1 312
45206 1 329
45568 5 917
46014 28 468
46025 5 216
46917 13 10490
47642 5 11472
50682 56 32839
52000 1 363
52006 1 254
52007 4 548
52011 3 377
52214 128 64459
53048 10 367
53050 2 212
53190 6 380
53191 5 496
53192 3 372
53193 17 478
53194 10 362
54527 3 19068
54631 15 737
54632 3 110
54707 1 466
54709 3 788
54726 1 154
54731 2 193
54755 5 595
55023 6 387
55054 5 218
55371 86 52248
56796 7 144
57536 6 64
57949 4 168
59991 3 36
62268 1 37
63318 5 146
64411 8 506
66657 4 670
68083 14 211
70453 1 113
70703 2 164
71514 7 157
71687 9 196
72028 1 307
72036 1 62
73557 1 201
73564 3 38
75047 4 337
76662 10 2416
76663 2 2219
79756 4 260
82070 5 181
84908 1 677
86582 3 207
86788 3 108
88173 1 116
90486 1 38
90492 133 2141
90592 1 1449
91659 13 478
93339 5 375
93900 4 56
94606 3 301
95923 1 148
98094 4 463
101827 6 58
103535 2 32
104455 2 811
106489 2 38
107458 7 202
108799 5 179
109132 3 531
109519 12 179
111768 11 409
112628 4 178
113634 2 762
114397 2 306
114801 20 604
114939 1 647
119114 1 1008
122448 8 535
122473 2 44
122493 2 761
122829 3 161
124480 6 204
126299 1 547
129384 8 95
129764 5 343
129814 8 309
131051 1 732
133094 2 252
135220 3 102
135831 5 67
136029 7 288
136963 1 245
137215 2 261
137532 4 483
139589 2 205
142141 3 7912
142594 2 352
146199 1 150
146279 1 132
147533 4 68
151263 1 753
152461 3 384
153432 6 308
154726 3 539
154861 2 107
156409 1 465
156643 1 404
156871 2 426
157398 2 468
157456 2 63
157546 2 565
159004 2 102
161274 5 64
161551 6 522
161746 1 68
162340 4 207
167855 4 91
168820 3 64
169310 4 65
169561 3 61
169781 4 89
172408 1 782
172558 9 200
172800 1 100
175797 1 423
175800 1 766
175806 1 830
176527 3 144
176613 9 139
177529 3 236
177626 5 65
178996 10 5818
179507 1 919
179793 2 1112
182383 1 667
182697 6 77
183965 3 532
183968 1 588
185319 2 71
186476 9 118
186483 3 306
187268 7 90
191048 3 458
198273 3 53
198379 2 383
200058 2 571
200991 2 78
201923 1 319
202075 9 345
202108 1 241
202460 1 757
204728 3 516
204746 1 676
208962 8 82
209085 1 350
209342 9 107
210356 4 76
211243 1 236
212710 4 68
216859 4 53
217435 2 71
219846 2 208
220002 5 599
221020 1 465
221025 1 663
223041 1 543
224984 1 844
225269 6 71
228268 4 557
231944 2 590
232054 1 417
235606 2 263
236744 2 113
237723 1 642
240502 1 711
240703 1 238
241446 13 302
241756 6 351
250325 11 6286
250539 4 380
251750 3 218
252247 1 388
253308 1 280
253511 3 193
253601 9 909
254067 3 45
254093 1 171
254148 1 239
255059 3 276
255060 4 333
255072 1 186
256106 1 192
256855 4 62
256905 1 294
257380 5 594
257813 2 166
258835 4 562
258857 1 788
259584 1 511
260731 5 175
260732 2 130
260972 13 5560
262155 4 41
265810 3 16729
265816 14 25803
265822 1 5726
265845 1 17259
265854 7 21100
268303 6 6782
269699 1 1880
269996 7 6852
269997 5 5054
270890 6 2870
271313 1 648
272764 1 1085
273155 1 114
273354 2 2901
274036 5 2768
274460 1 3312
276048 2 756
276078 5 5007
276642 1 2816
276662 1 2455
276750 7 1833
276877 1 636
277771 4 1805
280619 16 11500
284487 2 1102
284639 1 810
286304 1 803
286354 1 1664
286583 42 19748
286641 5 1450
287914 1 279
288092 1 283
289717 1 2190
289732 1 4132
289753 1 4176
289978 4 4235
290256 1 30074
290435 1 8814
291049 1 275
294310 2 1780
294967 8 7544
295926 2 1292
296513 4 1864
297980 2 2523
299778 9 5938
301865 1 18367
303734 3 25485
305987 1 2653
306144 1 800
306242 1 872
306284 3 21202
306331 1 650
307245 2 1120
307453 57 49380
307591 2 425
308391 1 3053
308417 1 771
308513 7 8438
308626 2 927
308773 24 1955
308811 24 1955
308827 4 3641
308850 2 1922
308855 11 3415
308856 15 1434
308859 274 5677
309007 1 14138
310780 2 218
312401 8 5388
312809 1 312
323878 9 418
325455 1 351
325535 5 6095
326123 23 14885
326129 82 67196
327349 326 8654
327355 3 1935
327394 4 22044
328992 2 5954
332888 12 240
347837 24 63219
347838 5 6657
347869 7 47445
348744 31 3039
350319 28 462
350320 28 596
350387 4 1924
358002 13 213
359152 20 9815
364233 1 1261
372012 1 282
372278 1 28092
373834 1 44460
374779 1 389
374795 5 389
374944 5 539
376006 19 415
376386 10 9418
378071 7 7768
393550 1 30891
393673 4 10585
393747 25 58177
394898 14 26758
396614 1 156
398475 2 594
398546 8 1060
399300 17 766
400312 1 75
402426 2 950
404577 4 364
406969 4 1875
407669 6 376
407731 4 410
408506 11 1160
413413 3 489
413434 1 2936
413782 15 1079
413991 4 261
414108 1 333
416722 4 130
417723 2 409
418864 1 753
419129 8 497
421071 10 2514
421382 1 1033
423958 1 1364
424044 7 372
424622 4 270
425057 4 142
425307 9 335
425370 6 335
425641 2 201
426608 1 470
429411 4 668
433182 9 385
433733 4 1456
433996 2 171
434527 4 1397
436947 3 316
437434 2 195
441701 1 370
442580 2 96
443270 1 995
443588 1 460
444414 3 423
446970 17 578
446972 2 538
447443 8 709
447858 8 296
448601 3 523
450746 4 168
452046 4 976
452757 4 279
453344 14 574
454071 3 514
456613 6 316
456969 5 1081
457528 1 821
457970 3 849
458228 1 593
458900 1 93
459141 3 408
461201 1 686
461478 6 503
462678 3 750
462945 2 357
463848 1 487
464171 1 209
465570 2 1543
465737 4 221
465843 4 339
466060 3 329
466961 55 1550
467087 1 548
469069 1 365
469076 2 914
472906 9 422
474352 4 146
475378 10 452
475425 3 242
476212 3 584
476362 4 1042
477915 3 617
478446 1 509
478645 8 645
479631 1 321
480688 3 158
481686 1 607
482169 1 398
482494 1 473
482874 3 917
482942 1 718
484401 1 324
485258 1 120
486559 1 120
487735 10 350
488030 2 140
488557 7 479
488943 5 1121
490672 8 240
492121 2 1058
492451 4 348
493605 4 909
494223 1 423
496082 3 351
496601 1 479
497329 11 396
498178 2 404
498930 4 560
499244 1 581
499737 4 551
502619 4 130
504635 2 529
504992 3 292
506051 1 456
508636 1 487
509852 2 582
511525 10 363
514240 1 704
514341 2 513
515485 6 1328
516653 12 461
518490 4 449
518950 2 104
519244 2 111
520609 5 1617
520679 16 1466
520967 3 425
523246 3 1608
523628 2 494
525848 11 1216
525978 1 611
526649 1 534
528013 1 1503
1417 5 320
2549 1 508
2591 3 845
8095 11 1320
10857 9 5056
10859 4 2006
12240 2 154
12709 6 20008
12985 19 7361
13855 3 476
13858 3 281
20139 1 317
20140 1 333
21614 1 32241
22345 3 286
25032 18 479
28315 4 243
28339 2 244
28713 5 453
29257 1 587
29996 4 436
31415 4 256
32401 1 481
33069 3 326
33141 1 202
34246 2 19523
34501 3 454
34671 1 389
34720 2 225
34732 4 9225
35493 7 390
36358 1 491
36489 28 2150
38331 2 351
43112 3 340
43870 6 450
44832 2 207
44958 1 412
45568 3 917
46025 1 216
46741 4 437
46917 1 10490
47022 3 320
47385 5 525
47386 5 269
47642 16 11472
49964 8 237
51230 2 502
52699 1 560
55054 2 218
55371 55 52248
55760 12 599
55765 4 494
56600 28 569
56606 37 440
56615 61 959
56617 59 721
56693 5 536
57366 7 89
57560 2 88
59450 5 95
62498 22 308
62737 3 521
63753 40 548
65158 2 893
65460 20 471
66013 1 232
66209 11 606
66657 6 670
66900 20 2583
66907 25 593
66910 56 621
66912 36 799
67483 4 329
68691 4 371
69622 3 178
70331 1 89
70453 1 113
70703 1 164
71090 7 539
72028 1 307
73154 3 38
74377 1 397
74537 2 131
75047 1 337
76670 3 77
76761 14 393
76762 10 153
76770 10 699
76897 1 231
77669 1 72
77819 6 77
80766 11 817
81290 9 201
82070 6 181
83894 10 357
84192 1 95
84247 1 549
84998 6 129
85395 4 533
85561 35 675
85998 2 132
88173 3 116
88746 7 788
89563 1 445
89830 8 375
90192 17 423
90426 28 578
90427 28 574
90876 4 53
90907 1 373
91024 19 750
91586 11 435
92262 8 1038
92272 7 613
92283 5 448
92456 10 103
92593 10 134
92635 5 187
92816 5 316
92916 1 1665
93246 22 724
93340 10 460
93852 4 127
94312 3 42
94595 5 327
94606 2 301
94822 3 41
95364 1 202
97431 3 46
97966 1 251
98652 4 69
100019 10 669
100020 2 110
102275 2 512
103768 13 770
105623 5 171
105627 1 91
105790 24 508
105791 26 501
108535 19 238
110351 3 40
111867 1 96
111896 17 285
111901 2 272
111977 20 483
112209 5 787
114801 1 604
114915 1 253
114932 6 552
114939 8 647
119114 14 1008
119419 13 181
119903 1 543
120592 28 508
120661 4 307
121879 2 75
122448 2 535
122493 8 761
122829 6 161
122840 10 1065
123194 3 198
124566 10 474
124779 1 332
124860 12 419
126299 1 547
127116 4 63
127407 27 1208
127732 1 593
127872 3 95
129764 3 343
129814 5 309
129959 9 649
129965 8 119
130927 23 528
130949 10 547
130953 25 583
135497 2 45
137246 8 365
137532 2 483
137606 30 1201
139557 3 103
139589 7 205
140920 20 353
141101 21 796
142733 9 558
143092 10 290
143142 12 231
144279 8 481
144842 1 145
144844 1 218
146199 3 150
146279 1 132
146719 29 708
146726 13 529
149464 10 550
151263 4 753
152638 2 234
153783 12 624
154715 15 600
154726 10 539
154732 5 525
154971 4 482
156961 9 68
158961 2 106
161141 5 81
161551 10 522
161570 3 850
161578 6 417
161581 1 144
161582 14 608
162238 14 517
163182 7 500
163470 2 169
163476 2 218
167774 5 543
169561 1 61
171050 2 49
172004 11 445
172016 2 84
172800 1 100
172940 1 532
174946 2 1027
175776 28 741
175796 15 716
175797 4 423
175800 17 766
175802 10 694
175803 25 615
175806 23 830
176536 6 83
176653 1 462
177873 5 71
179507 6 919
179513 8 710
179517 14 624
179817 1 177
182666 6 374
183695 4 65
183965 1 532
183968 1 588
184203 20 532
184219 12 564
184743 3 390
185071 1 93
185201 3 103
186285 1 241
186420 2 258
186461 3 110
186483 1 306
187099 20 734
187112 20 890
188305 1 695
189024 6 57
189181 9 684
191048 1 458
192008 1 417
193571 1 332
194217 1 378
194649 1 142
194657 2 114
194658 13 861
194678 11 607
194685 8 710
194793 21 794
196283 1 537
197447 3 327
197573 1 244
199078 3 107
199758 9 458
200716 2 38
202460 8 757
203228 4 582
204257 11 458
205312 32 725
205633 1 208
206458 2 221
206674 3 82
207295 13 270
208226 8 505
208503 9 367
208506 11 6627
208787 7 472
210433 33 559
214448 3 205
215110 2 568
216055 15 615
216065 23 858
218047 17 807
219468 3 112
220924 1 517
221595 1 495
222815 6 85
223041 8 543
223047 18 555
223048 11 437
223049 23 362
224165 1 123
225107 6 382
227310 1 120
228184 1 105
228205 1 158
229434 3 104
230679 3 727
231578 5 182
231944 16 590
232054 2 417
232193 1 311
232603 2 602
233851 11 249
234597 3 139
234937 3 282
234943 9 268
235239 3 39
235606 15 263
239037 2 267
239319 1 91
240114 22 724
240502 4 711
241741 5 357
241754 3 303
241756 4 351
241775 16 353
242182 6 609
245279 2 85
245329 4 57
245826 2 285
251478 18 498
252087 3 61
253462 24 586
253601 2 909
253759 3 37
253788 3 548
253890 4 617
253906 6 515
253908 7 545
254148 1 239
255049 1 398
256106 4 192
256905 7 294
257380 8 594
258835 7 562
258857 25 788
258861 12 748
259584 2 511
260953 7 301
260972 2 5560
262116 18 546
262371 1 208
262507 2 213
263822 13 150
265810 13 16729
265816 17 25803
265822 16 5726
265845 17 17259
265854 4 21100
267377 2 176
267896 3 93
269708 56 783
269996 1 6852
269997 1 5054
272764 1 1085
273155 1 114
280619 2 11500
286751 1 479
286791 5 1566
286817 5 519
286937 13 2024
287052 9 2922
287056 2 3996
287914 2 279
288092 5 283
288241 10 477
290256 6 30074
290435 3 8814
294310 3 1780
294967 1 7544
295059 3 436
295102 3 105
299778 1 5938
301865 1 18367
303734 1 25485
306144 2 800
306255 15 3178
306260 28 5918
306266 2 385
306284 2 21202
306331 5 650
307453 6 49380
308186 2 36306
309007 5 14138
311783 31 1265
318907 2 343
325344 3 354
325455 7 351
325535 6 6095
325545 12 2289
326123 2 14885
326129 6 67196
327394 12 22044
328992 1 5954
329727 5 267
330780 2 109
332665 14 1470
333128 13 1533
334294 3 314
346129 1 579
347837 151 63219
347838 6 6657
347869 15 47445
347928 3 1145
347983 1 1570
349689 2 688
350098 1 884
350319 2 462
350320 11 596
352265 4 485
355071 15 4735
355159 1 662
357327 1 280
359553 1 473
364233 1 1261
371914 4 484
371946 4 484
372012 2 282
372234 4 301
372270 4 1513
372278 10 28092
373834 79 44460
374014 2 80805
374489 53 1941
374865 2 278
374867 24 789
374944 2 539
376386 1 9418
377953 3 216
378547 1 154
380704 1 1654
381365 3 722
393550 2 30891
393673 1 10585
393747 32 58177
393771 1 1908
394588 6 146
394898 3 26758
396614 2 156
397598 1 125
397932 7 257
398475 1 594
398540 2 690
398546 1 1060
398638 4 444
399471 18 507
399899 13 1128
402735 6 410
406386 3 137
407731 1 410
408769 1 577
408815 3 64
409457 6 618
410414 12 281
412089 22 728
412521 3 650
413413 1 489
413636 1 92
414032 42 944
414759 5 178
415037 3 456
415072 1 33
415853 2 1082
417219 18 357
417723 1 409
417801 2 81
418846 12 182
418864 2 753
419068 16 215
419129 7 497
419507 2 57
419862 5 124
420395 3 1540
421071 39 2514
421382 1 1033
421405 1 726
421970 1 490
422402 4 213
423604 2 205
423630 18 2932
423800 22 990
423958 39 1364
426608 2 470
428964 4 490
432199 3 74
432763 4 122
433134 1 622
433733 8 1456
433782 2 268
434243 2 416
436968 5 216
437095 1 120
437916 5 698
439234 2 463
439690 2 673
441701 1 370
441880 1 489
443270 23 995
444414 2 423
445671 2 587
446975 2 683
447443 15 709
447716 11 404
452757 5 279
453770 1 493
453924 2 850
454623 2 295
455758 3 730
456969 1 1081
458228 16 593
458300 4 74
458704 4 349
458900 2 93
461201 2 686
462060 21 1061
462068 4 506
462500 14 475
462945 1 357
463848 2 487
465031 11 393
465305 5 336
465548 18 1007
465551 11 321
468365 35 2035
469038 1 926
469076 7 914
469078 12 1116
471543 9 353
476235 2 682
476362 1 1042
476883 4 533
477309 3 352
477911 13 492
479631 1 321
479665 2 454
480589 1 336
481686 18 607
482874 5 917
482942 4 718
483390 1 272
483731 1 579
483755 4 2496
484286 1 997
484401 2 324
484947 23 623
485275 5 84
485973 1 480
486462 4 1171
486650 1 64
486756 8 487
488215 2 502
488662 4 552
488977 5 1012
489028 1 723
489486 4 325
490672 7 240
491314 3 894
493642 3 480
495470 1 109
496082 6 351
496601 1 479
496628 1 703
497085 14 529
497329 1 396
498178 1 404
498968 2 1813
499942 3 964
502059 8 163
502250 4 622
503339 1 571
504647 1 544
504702 1 346
504992 3 292
505041 2 114
505825 6 73
507807 7 580
508367 5 140
508636 1 487
509641 2 144
511480 2 368
513499 1 209
514023 21 552
514240 3 704
514290 1 352
514341 1 513
514436 13 476
514832 2 112
514953 3 291
515485 1 1328
515915 3 136
515917 17 555
516694 1 735
516784 1 257
516954 2 108
518490 3 449
518900 12 478
520405 3 275
525848 1 1216
526059 2 129
526768 1 146
527090 1 97
528013 4 1503
1388 5 185
1646 3 55438
2591 4 845
5382 4 259
5414 3 193
6367 1 17463
8095 5 1320
10857 3 5056
10859 4 2006
11152 11 398
11164 26 353
11165 36 336
11166 25 374
11167 28 370
11168 21 344
11169 16 301
11171 8 429
12236 1 646
12240 2 154
12985 8 7361
13695 1 525
13696 1 576
13858 1 281
13986 15 449
15012 74 6149
17062 6 1165
19009 7 499
19015 5 422
19019 3 411
19029 14 462
21614 154 32241
21615 7 470
23865 1 377
25437 29 484
25936 1 285
26203 7 380
28339 2 244
29257 1 587
29609 3 368
29996 4 436
30348 1 461
31415 15 256
32399 15 255
32401 18 481
33069 5 326
34246 2 19523
34255 1 608
34460 4 247
34671 8 389
34720 2 225
34722 1 13257
34755 4 551
35493 15 390
36498 1 20156
36802 1 29903
38331 1 351
43112 1 340
44832 1 207
44958 37 412
44959 15 245
44960 18 612
44962 6 76
44963 12 463
44964 15 372
45568 2 917
46741 1 437
47022 3 320
47385 4 525
47386 2 269
47642 1 11472
47674 13 354
49964 1 237
50682 1 32839
51230 1 502
52214 4 64459
52699 7 560
54527 5 19068
54631 1 737
55371 2 52248
55426 5 487
55760 1 599
55765 2 494
56600 2 569
56615 1 959
56617 1 721
57560 1 88
62737 1 521
64187 3 49
65158 1 893
66013 1 232
66156 7 179
66209 8 606
66907 1 593
66912 1 799
67483 1 329
68691 1 371
69391 1 290
69622 1 178
69809 6 144
70331 2 89
71090 7 539
74537 2 131
76670 1 77
76761 5 393
76897 2 231
77669 1 72
80766 3 817
81172 5 148
81290 1 201
82070 1 181
83687 14 484
83799 9 384
84192 1 95
84247 10 549
84998 1 129
85395 1 533
87881 2 33
89563 1 445
89830 1 375
90106 10 173
90426 1 578
91586 4 435
91659 2 478
92262 11 1038
92272 1 613
92283 3 448
92635 1 187
92816 1 316
93340 1 460
94595 1 327
94606 2 301
94763 2 31
95563 9 673
100019 2 669
100020 6 110
103913 15 584
105623 1 171
105627 1 91
105790 1 508
105791 1 501
111867 1 96
111896 1 285
114932 2 552
114939 1 647
119903 2 543
120592 1 508
120976 2 43
121879 1 75
124566 2 474
124860 1 419
127727 13 266
127731 13 454
127732 11 593
127872 2 95
129764 1 343
129814 1 309
129959 5 649
132122 7 288
132123 7 286
135831 2 67
137532 1 483
142733 2 558
143142 1 231
143533 2 146
144144 12 724
144298 8 193
144842 3 145
144844 1 218
146343 4 255
146642 2 87
146655 3 136
148602 4 67
149464 1 550
154726 1 539
154971 2 482
158961 1 106
163182 1 500
163470 1 169
163476 1 218
167774 1 543
168739 1 119
171050 1 49
172004 2 445
172016 2 84
172940 8 532
174946 2 1027
175796 1 716
175797 1 423
175802 2 694
175803 1 615
175806 1 830
178211 2 113
179517 7 624
179817 1 177
180857 8 220
182666 2 374
183965 1 532
183968 5 588
184203 2 532
184219 1 564
184743 1 390
185071 4 93
185201 1 103
185686 4 129
185882 5 162
186461 6 110
189181 5 684
191048 1 458
192121 4 88
192135 6 109
194217 1 378
194649 1 142
194657 1 114
194658 1 861
194678 2 607
194685 6 710
196283 1 537
197223 3 116
197447 5 327
199342 1 188
200346 20 647
204728 4 516
205312 1 725
205633 1 208
206458 3 221
206674 1 82
208226 2 505
208506 2 6627
208787 2 472
209806 6 160
213038 2 77
214448 5 205
216055 1 615
216065 3 858
218047 2 807
219468 1 112
221020 3 465
221025 5 663
223047 2 555
223049 1 362
224551 7 293
224556 9 245
224558 14 240
225107 2 382
227310 2 120
228184 6 105
228205 8 158
229434 1 104
230679 1 727
232054 1 417
232193 5 311
233851 1 249
234597 1 139
234943 1 268
239037 1 267
240502 7 711
241741 2 357
241754 1 303
241775 1 353
242182 2 609
245309 7 177
245826 1 285
247830 6 446
251094 7 149
251478 2 498
253788 1 548
253890 11 617
253899 4 218
253906 4 515
253908 3 545
253912 10 277
254148 1 239
255049 9 398
255072 1 186
256106 1 192
256905 1 294
257813 1 166
258857 1 788
259023 5 243
259584 1 511
260086 2 539
262116 1 546
262507 1 213
263822 1 150
263984 10 463
264495 23 783
265810 2 16729
265816 5 25803
265822 3 5726
265845 4 17259
265854 3 21100
267377 1 176
267896 1 93
268303 1 6782
269996 1 6852
282827 5 140
286583 18 19748
286791 4 1566
288009 5 165
288092 1 283
295059 1 436
301628 6 136
303734 3 25485
306255 17 3178
306260 4 5918
306284 2 21202
307245 1 1120
307453 2 49380
307591 1 425
308417 10 771
308626 14 927
308856 4 1434
309007 2 14138
311783 1 1265
318466 1 270
321155 15 458
321710 11 178
325344 3 354
325455 1 351
325545 13 2289
326123 3 14885
326129 12 67196
327394 2 22044
329727 1 267
330080 1 329
330780 1 109
332665 2 1470
333128 7 1533
334294 2 314
343322 11 505
347837 6 63219
347869 2 47445
349894 9 911
352265 1 485
355071 3 4735
355159 1 662
357327 1 280
357848 1 299
364233 1 1261
371914 1 484
371946 1 484
372270 7 1513
373834 1 44460
374489 6 1941
374865 6 278
374867 1 789
376006 3 415
377953 1 216
378547 1 154
380704 5 1654
381365 1 722
393550 4 30891
393747 28 58177
393771 3 1908
394588 1 146
394898 2 26758
396614 1 156
397598 1 125
397932 1 257
398546 1 1060
398638 2 444
398650 2 70
399471 1 507
399899 2 1128
400312 1 75
401784 9 396
402426 1 950
402735 1 410
402784 10 434
404577 1 364
405635 8 151
405636 7 154
406386 1 137
409457 2 618
410414 1 281
411572 4 282
413636 1 92
414032 4 944
415037 3 456
415072 1 33
415853 3 1082
417219 1 357
417723 1 409
417801 1 81
418846 1 182
419068 1 215
419507 1 57
419862 1 124
420046 4 402
421071 2 2514
421382 1 1033
421405 1 726
421970 1 490
423800 1 990
423958 3 1364
427059 2 78
428964 1 490
432199 4 74
432763 2 122
433134 1 622
433733 2 1456
435107 11 397
436947 1 316
437095 7 120
437916 1 698
438142 10 403
439234 1 463
439690 11 673
441115 2 98
441880 1 489
445671 1 587
447443 8 709
447716 5 404
450170 2 86
450746 4 168
451215 3 286
452757 3 279
453157 15 512
454623 1 295
454747 18 666
454778 37 1200
455291 12 443
455758 1 730
458228 1 593
458300 1 74
458704 1 349
458900 3 93
459141 2 408
462060 1 1061
462500 3 475
463848 1 487
464171 1 209
465031 1 393
465305 3 336
465548 3 1007
465551 1 321
465570 1 1543
466060 1 329
468365 2 2035
469038 1 926
469069 8 365
472906 3 422
473925 14 697
475378 3 452
476883 1 533
477309 1 352
477911 1 492
478446 1 509
478794 1 419
480589 10 336
481686 1 607
481726 6 337
482169 1 398
482494 1 473
482874 2 917
482942 2 718
483390 5 272
483731 14 579
484286 33 997
486462 1 1171
486650 2 64
486756 1 487
487082 12 652
487848 1 875
488030 2 140
488215 4 502
488281 24 672
488662 17 552
488663 3 74
488664 11 464
488665 8 341
488977 31 1012
488978 9 385
489264 10 384
489486 1 325
491191 4 156
493321 20 1006
493642 1 480
494730 16 621
495470 1 109
496082 2 351
497085 1 529
499942 1 964
502059 1 163
502250 1 622
505041 1 114
505766 3 626
505825 1 73
507807 2 580
508636 2 487
511480 1 368
513499 1 209
513805 10 453
514436 7 476
514832 1 112
515917 1 555
516784 1 257
516954 1 108
518914 5 315
518950 3 104
519244 4 111
520470 7 207
521803 11 473
523628 2 494
525848 3 1216
526768 1 146
527090 2 97
528013 1 1503
