450 4 404
1646 15 55438
2092 4 173
3202 2 550
4198 1 947
5760 38 1678
9095 9 1687
11319 1 167
13499 2 457
14861 4 525
14977 8 489
15553 10 420
15556 2 331
15779 6 579
16754 7 1162
17344 1 333
17867 2 799
20456 1 447
21220 3 6993
24065 3 886
29710 11 406
31429 1 1867
32363 2 279
32364 4 198
32365 11 334
32869 2 753
34633 7 835
34635 4 710
34636 2 755
38743 2 2241
39112 3 276
39712 20 5030
40564 4 514
46022 1 582
46040 2 152
47218 11 347
50682 6 32839
50969 2 325
50974 2 339
50976 4 229
50977 4 220
54001 60 2174
54830 3 467
63509 1 55
65224 2 139
65924 5 90
66760 8 610
67409 6 131
67661 1 413
67677 9 242
67969 5 121
69116 1 490
69132 2 111
69689 6 158
71004 2 34
71988 6 189
72110 2 199
73268 2 416
73275 16 512
73498 1 469
73507 6 106
73822 12 560
74695 1 414
74811 21 377
74892 2 407
75118 10 174
76255 3 429
76349 15 318
76510 2 233
77780 3 128
82020 1 103
83614 1 348
86540 6 185
88135 1 395
89787 1 124
91303 1 457
91445 3 211
91596 2 223
91760 1 465
91949 4 98
101616 1 128
101885 4 505
101886 13 417
102414 1 381
105477 1 304
113168 3 78
120571 2 215
126367 1 322
136092 1 238
138739 2 504
141609 2 166
141788 1 46
147934 1 88
150142 2 1056
153813 1 938
156678 1 174
160396 1 685
160992 10 252
161041 7 379
161239 10 226
162265 1 254
178182 1 393
182311 2 277
183308 6 748
191100 2 140
201134 7 248
202053 1 197
204133 4 273
204784 2 252
205605 2 239
206190 2 256
207527 3 149
208604 2 47
209155 2 196
211746 4 232
215841 3 200
222543 1 198
225839 5 723
226010 8 198
226262 8 198
227129 1 137
227308 3 148
231953 1 142
232603 9 602
232672 3 151
234022 1 47
234027 2 51
234157 1 94
237072 2 278
242149 1 221
242874 4 564
251020 2 70
252916 2 493
253270 5 230
255540 1 81
259825 1 276
260060 1 249
262791 40 1179
286910 41 1405
286989 40 1378
290355 6 302
303734 4 25485
306126 1 1279
308186 5 36306
319578 1 3245
325368 4 362
325550 1 370
325563 6 236
327212 8 152
327349 5 8654
347869 8 47445
356484 3 2925
356488 3 2924
372069 6 247
372202 1 207
374353 1 937
374811 4 344
374949 4 218
393692 5 386
393768 3 3160
393773 6 2486
393839 7 1698
395584 4 8890
395585 6 30629
399571 1 425
401219 1 669
405490 1 77
407549 5 364
409281 3 140
409610 6 219
412255 1 829
416371 3 92
416488 1 440
416713 1 210
417890 2 84
419787 1 945
420914 1 908
421392 1 89
422813 11 653
423617 1 1544
424638 4 235
425067 2 144
425073 2 82
425483 1 113
428668 2 107
431729 1 455
432336 1 480
434335 1 869
435045 1 628
435994 3 425
436236 2 55
437546 1 493
437700 7 573
438712 5 658
439236 5 160
443992 3 752
450208 1 153
455171 1 1259
455560 1 592
456969 1 1081
462251 4 398
462296 4 406
462443 19 594
462444 3 191
462585 1 599
464383 2 302
466320 11 313
475650 1 515
478203 1 80
480711 2 556
482829 1 102
484252 47 1072
486823 12 682
488523 2 198
489539 1 447
492072 3 334
495359 2 184
496554 3 2170
502368 3 392
502441 3 959
505111 1 1150
507913 1 510
509698 3 306
511541 2 199
517468 2 225
518361 58 1460
519238 3 136
520353 3 343
520679 65 1466
521156 5 1350
521333 4 293
521491 4 73
522247 1 861
524187 1 73
524399 2 541
525044 1 68
3019 11 527
3020 6 424
3021 8 404
3022 6 448
3023 12 379
3024 7 423
3025 4 148
5760 1 1678
8270 5 348
8271 1 430
8273 3 453
9695 2 439
15613 1 409
15615 1 555
28858 4 348
33826 3 370
39733 1 573
39735 1 602
46014 3 468
47344 4 371
52744 3 520
52745 1 518
52746 2 290
52747 3 616
54001 1 2174
92589 1 83
105430 2 184
105568 1 563
105593 2 242
107239 3 537
154128 1 352
162549 1 72
176199 1 544
183014 1 611
211237 1 199
224167 1 199
231445 1 628
232215 2 101
240852 1 467
242458 2 61
365498 1 413
401219 1 669
406061 2 1174
421265 1 678
426739 4 580
434358 1 274
435022 2 501
435026 2 510
453160 9 606
460129 2 2744
462435 1 684
462443 3 594
466556 1 436
491980 1 1141
496052 2 178
498262 3 294
502850 1 378
503388 1 97
509998 2 1750
510621 1 314
513104 2 1065
527127 1 72
