31 7 12233
32 9 9957
33 21 19382
1646 10 55438
3297 3 598
3536 3 478
3869 1 273
4696 12 4744
4809 2 821
5464 1 146
9039 1 424
9166 11 17203
9218 2 357
12709 108 20008
13487 3 209
13591 2 291
14120 3 758
17082 8 639
18280 3 376
19931 2 144
21614 155 32241
21949 1 577
22453 1 451
22868 2 552
23011 1 453
26911 4 2559
29194 1 206
30446 2 12899
30823 1 533
30899 3 745
30946 2 188
32466 1 616
33161 1 701
33162 1 610
33163 1 461
33171 1 454
34339 2 726
34722 2 13257
36391 38 10294
36802 23 29903
41237 1 564
41341 2 654
41536 1 512
41973 1 293
42392 1 571
44556 3 556
44565 2 584
44587 1 619
44589 1 668
45917 2 6305
45947 9 11759
50682 39 32839
50683 48 9266
50713 1 317
51212 2 354
52214 150 64459
52265 2 280
52266 2 273
53096 3 6232
56439 2 459
56602 7 555
56767 2 99
57257 2 38
57524 1 340
58089 4 703
59834 1 51
59953 2 273
62064 19 4939
64342 1 172
65487 4 462
65497 9 711
65673 4 1225
66491 3 295
67483 3 329
69193 1 200
69422 1 254
72060 5 507
73128 1 460
73133 2 92
73232 2 92
74412 1 477
75334 4 1016
77119 1 77
77257 1 311
77469 1 108
78905 1 361
79881 12 946
80848 1 274
81300 1 143
81575 5 510
83310 1 134
84622 1 549
84637 1 28
87281 5 378
87893 3 458
88400 1 282
88896 1 303
89404 2 463
89607 2 378
91889 1 188
92282 1 688
92692 4 333
93245 3 612
97984 3 555
98066 1 207
98193 1 579
98690 6 678
99840 1 692
99958 1 378
101251 1 479
103192 1 269
103861 7 607
104723 1 487
105786 2 461
106960 1 29
107585 2 611
108241 2 156
110591 5 486
110722 4 901
111150 1 39
111975 10 341
112986 2 584
112989 7 544
114329 11 2540
114854 1 118
117527 1 85
120596 3 832
122826 4 741
123027 2 267
123873 5 523
125090 1 72
126204 5 582
126247 4 217
126474 2 65
126855 6 587
127306 1 63
127313 1 88
127584 5 1110
128063 1 81
128134 2 119
128141 2 147
128320 1 245
130546 2 528
130549 6 744
133231 1 161
134304 2 228
134681 2 371
135642 2 87
135884 1 53
136061 8 631
136689 4 439
137089 7 771
137270 2 442
137304 2 151
137316 2 175
137805 3 213
138135 5 908
138864 3 1085
139182 2 355
140154 4 640
141088 2 581
141110 4 741
142141 25 7912
142569 1 457
142586 3 665
142840 2 145
142946 2 296
143404 3 394
143466 2 230
143531 2 145
143838 1 234
144288 2 278
144388 4 758
144419 3 555
144720 2 170
144805 2 161
146289 12 868
146399 2 2244
146490 3 254
146802 3 214
146894 1 202
146951 1 190
147061 1 56
147087 1 247
147136 12 846
147140 2 380
147268 1 248
147455 1 167
147503 1 158
148429 2 90
149085 1 136
149497 2 70
149767 1 95
150666 1 290
150746 2 204
151595 1 157
151896 1 1182
152439 1 81
152903 4 517
153032 1 451
153325 1 631
153698 1 100
153774 15 662
154732 1 525
154759 1 622
155002 1 522
155029 1 73
155950 4 756
156974 1 258
157063 1 82
157408 3 253
157443 1 980
157626 2 266
157795 1 248
157872 1 157
158063 2 117
158081 2 160
158301 1 389
159590 2 207
159945 1 504
160250 3 189
160389 2 189
160710 3 1374
161263 2 251
161308 27 1412
161508 9 465
161514 3 219
161536 4 104
161540 3 548
162042 6 145
162218 1 255
162359 3 247
162368 3 268
163055 2 257
163358 1 296
163441 6 754
163858 2 533
163971 11 507
163972 5 424
163973 5 396
163974 5 374
163975 2 414
164096 1 451
164181 2 213
164584 2 212
164821 1 550
164856 4 659
164887 2 108
165115 2 253
165122 3 292
165134 1 60
165269 4 181
165346 5 304
165424 5 256
165772 4 1918
165888 6 325
165895 3 279
165990 3 273
166169 1 105
166319 2 192
166564 1 184
166654 3 230
166834 3 289
166956 11 541
167086 2 293
167090 4 222
167108 2 297
167186 3 238
167291 2 181
167439 2 211
167444 3 258
167495 5 402
167604 3 363
167654 7 594
167656 1 280
167677 1 52
168096 2 48
168300 5 280
168490 4 291
168657 2 453
168665 2 312
168716 4 374
168871 4 265
168988 5 296
169001 4 264
169009 1 544
169125 4 380
169360 5 441
169363 6 298
169479 3 301
169577 1 99
169851 2 299
169863 2 288
170003 2 315
170106 2 256
170315 3 166
170440 1 461
170464 1 153
170466 1 149
170470 2 293
170713 4 256
170717 5 291
170836 2 338
170929 5 432
170947 3 347
170953 3 334
171146 1 99
171522 1 199
171524 6 1001
171546 1 61
171580 2 267
171974 2 262
171991 1 209
172237 1 268
172732 1 299
172850 10 167
173068 1 52
173175 2 208
173841 3 720
174428 1 1336
174551 1 168
175009 2 47
175084 12 1451
175437 1 42
176639 2 393
176722 2 273
176908 1 85
177109 1 621
177191 1 153
177928 2 499
177929 4 454
178727 17 513
178996 17 5818
179104 1 791
179435 7 531
179525 1 312
179826 2 355
180171 3 327
180375 1 51
180543 3 722
180901 2 79
181314 1 357
181372 3 406
183560 1 251
183605 1 59
183688 1 260
183918 1 202
184660 1 981
184842 2 248
185464 6 482
185854 2 392
186052 1 190
186724 1 63
187094 3 632
187096 3 498
187327 3 234
187914 1 88
188448 1 57
188490 1 571
188686 2 604
190438 2 590
192210 1 485
192744 1 46
192893 2 241
193103 2 330
193104 11 903
193433 1 541
193640 1 426
193725 1 360
194337 3 628
194455 1 59
195300 1 1353
195830 2 536
195872 1 579
195883 1 348
195884 3 809
196026 1 198
197816 2 161
197998 1 136
198419 3 713
198440 2 167
198662 2 393
198849 1 601
198976 3 309
199233 3 211
200124 1 59
201483 5 363
201562 1 282
201670 1 315
201715 2 305
201796 6 526
201967 1 158
202579 1 71
202748 1 687
203250 1 207
203267 1 232
203452 2 196
203458 2 257
203723 2 276
204664 1 69
205008 1 502
205719 4 213
206514 4 593
208140 1 178
208548 1 43
208763 1 101
209234 2 138
209297 4 229
209613 2 313
209688 1 89
209823 2 246
210011 1 49
210304 1 378
210406 1 217
210586 21 684
210836 1 175
211016 2 719
211957 1 47
212156 2 270
212364 1 385
212409 1 387
213138 1 222
213188 1 317
213569 4 263
213876 1 170
213984 1 150
214190 2 674
214195 2 691
214410 1 678
214945 5 348
215146 2 78
215312 1 132
215327 1 43
215508 2 94
215770 2 409
216928 1 155
217201 1 524
217664 3 523
218140 2 295
218170 1 170
218646 2 222
218714 2 366
218821 4 399
218856 6 545
218875 3 110
218980 2 1508
219053 5 492
219493 1 206
219738 2 115
219909 1 91
220580 3 473
221552 3 238
221905 2 152
221915 1 504
222197 2 234
222217 1 197
222728 2 330
222744 3 147
222774 1 521
223022 1 521
223043 1 544
223172 6 383
224143 1 88
224821 3 382
224986 4 459
225121 8 1337
225286 1 362
225344 2 227
225978 1 369
226649 1 75
226855 2 385
227095 6 570
227194 1 41
227249 1 48
227310 1 120
227675 1 478
228031 3 307
228334 1 228
228583 1 232
228627 1 245
229676 1 46
229754 3 571
230688 1 152
231408 1 104
231532 1 300
231686 1 50
231710 2 259
231945 1 368
232177 1 1093
232337 2 420
232814 1 317
234349 1 236
234626 4 253
234875 1 942
235330 9 802
235847 2 389
235981 1 607
235988 2 254
236022 1 93
236482 2 135
236611 1 400
236792 3 417
236996 4 403
237440 3 410
237993 1 101
238010 2 71
238081 3 410
238783 1 59
239339 4 410
239506 2 492
239596 5 397
239813 4 396
240937 2 49
241092 3 404
241724 2 282
241922 1 366
242713 1 454
243045 1 166
243281 6 1067
243297 1 389
243352 1 59
243789 1 460
243839 2 565
244171 1 362
244678 1 391
245671 2 414
245937 1 420
246219 1 240
247171 2 45
248283 3 831
248565 3 357
249183 1 155
249446 4 760
249837 3 82
249931 3 534
250325 20 6286
250332 2 473
250719 1 53
251411 1 472
251686 1 176
251968 4 470
252282 7 400
252758 2 1063
252808 2 289
253275 9 225
253328 3 673
253629 4 844
254054 2 690
254536 1 37
254731 2 585
255081 1 56
255298 1 156
255485 2 229
256128 1 897
256288 2 403
256591 3 277
257110 1 62
257604 1 225
258552 3 427
259111 4 409
259524 1 291
259655 1 430
260234 1 223
260607 14 423
260839 1 682
261726 2 479
261763 3 414
261972 1 262
262121 1 72
262384 4 412
262494 3 550
262642 1 519
262917 5 661
263330 1 211
263384 3 588
263780 7 566
264039 2 127
264359 2 422
265187 1 111
265810 153 16729
265816 99 25803
265845 123 17259
265854 92 21100
267583 2 131
267616 2 313
267631 11 2350
267706 1 289
267755 1 136
268303 21 6782
269996 22 6852
270116 1 247
270154 3 385
270305 1 286
270962 1 144
271264 1 172
271482 6 2212
272671 53 4397
276841 7 332
277160 3 404
279010 2 1943
280619 18 11500
280845 1 196
280879 1 117
280880 1 140
280956 2 187
280957 1 262
280960 3 511
282354 1 385
284127 1 289
285051 8 483
286965 1 311
286966 4 445
286973 1 218
286980 86 2698
287045 1 378
287156 1 771
288681 1 387
289542 7 2296
289610 11 2184
289732 10 4132
289734 30 4107
289852 26 3230
289932 5 4403
289976 38 3486
290035 11 1428
290058 4 699
290256 40 30074
290440 106 15196
290465 108 15747
291818 1 300
292260 43 617
292701 2 2069
293884 1 127
295699 3 444
297506 2 147
298325 5 372
298554 7 484
301865 11 18367
303265 3 759
303734 46 25485
305352 3 670
305917 3 2518
306237 256 26903
306255 3 3178
306484 5 815
307453 234 49380
308178 2 2199
308513 17 8438
308735 1 805
308736 1 911
308764 4 614
308802 4 614
308904 9 1614
308919 97 13545
308929 23 12027
308953 118 14138
308958 9 1614
308973 97 13545
308983 23 12027
309007 118 14138
311295 3 1150
311483 2 854
312401 18 5388
313034 2 249
314478 13 1863
314821 1 1975
321922 2 310
324538 11 327
324539 3 128
325390 1 407
325459 1 191
326129 125 67196
326873 1 639
327060 10 1343
327193 2 703
327329 5 544
327384 168 19585
327394 119 22044
327398 7 1738
327407 120 18061
327418 3 1529
328992 52 5954
329576 5 1089
329911 2 241
330086 4 3800
330120 11 1078
330206 3 162
330296 2 3448
333236 8 1529
333276 1 157
333443 10 266
337107 8 350
338578 3 224
338701 1 461
338888 1 310
342236 1 421
346758 6 209
347837 680 63219
347869 436 47445
347988 2 223
348256 1 425
349026 1 420
349628 1 950
349672 2 1947
349687 5 1756
349902 17 3417
350027 10 931
350133 1 2654
350138 1 2976
350144 8 2979
350449 82 14072
350454 24 4709
350479 106 11696
351808 9 2165
352106 14 1502
353336 1 122
353418 4 1453
353616 2 136
353949 2 346
355349 1 239
355899 5 160
358425 6 2399
359152 9 9815
360922 2 368
361526 2 412
362258 3 410
362371 5 454
364217 1 232
370598 1 2392
371823 15 2221
372180 21 1132
373834 5 44460
374033 2 522
374131 6 3358
374399 25 3264
374967 47 4003
374974 91 12901
374994 94 13993
376725 1 421
377807 1 292
378340 2 313
378799 9 3228
379054 1 125
379119 3 255
379292 12 1988
380055 1 353
380423 1 347
380799 1 329
382507 2 480
383598 1 2071
383740 10 1875
391564 2 208
392251 1 837
393550 14 30891
393553 7 2021
393620 16 1674
393747 145 58177
393830 3 390
395106 10 1562
395242 12 23266
395781 3 1444
395909 1 1314
396188 1 1709
396258 73 38258
396658 1 798
397688 16 962
398480 11 1310
402000 3 1044
403388 8 1169
411101 13 997
417424 1 841
418157 2 759
418867 2 203
419264 1 88
434081 3 531
434496 2 574
434885 7 639
435136 3 476
438890 6 482
439912 2 742
440455 4 391
442321 7 467
444905 2 812
446091 2 890
447051 6 654
447141 8 1110
447215 4 805
448366 3 976
451687 2 344
451837 1 727
452602 3 976
453917 28 550
454257 12 509
454258 3 1125
455086 3 589
456940 5 837
458367 8 727
459492 17 776
462356 3 833
462623 1 292
466292 2 668
467820 4 957
469348 3 475
470444 1 829
473883 3 614
474944 2 382
474978 2 359
475888 1 88
477879 1 64
478146 8 247
478250 2 946
480136 6 654
482204 2 237
483221 4 503
484192 4 703
484235 1 1527
486757 1 195
488598 8 990
489296 2 598
493253 1 81
495914 3 732
497112 4 483
498341 1 258
499313 2 1321
500188 7 423
500738 2 791
501778 9 1123
501788 4 347
504231 2 845
504976 1 1145
507152 1 1262
509212 2 875
511908 2 704
513626 1 176
513640 1 287
513995 7 943
515016 3 1237
518491 2 585
518906 20 1075
523999 1 1289
526439 9 658
58089 1 703
58885 1 211
59834 1 51
81575 1 510
88896 1 303
98066 1 207
101812 3 1199
103192 1 269
108241 1 156
123027 2 267
126204 5 582
126247 5 217
126474 1 65
128134 1 119
128141 1 147
134304 1 228
137304 1 151
137316 1 175
137805 2 213
138135 3 908
144388 1 758
146289 1 868
146490 1 254
146802 1 214
151896 6 1182
158063 1 117
158081 1 160
159590 1 207
160250 1 189
160389 1 189
161263 1 251
161308 2 1412
161508 1 465
161514 1 219
161536 1 104
161540 1 548
162042 1 145
162359 1 247
162368 1 268
163055 1 257
163441 4 754
163971 2 507
163972 4 424
163973 3 396
163974 2 374
163975 3 414
164181 1 213
164584 1 212
164856 1 659
165115 1 253
165122 1 292
165346 2 304
165424 2 256
165772 2 1918
165888 1 325
165895 4 279
165990 3 273
166319 1 192
166654 2 230
166834 1 289
166956 1 541
167086 1 293
167090 3 222
167108 3 297
167186 1 238
167291 1 181
167495 1 402
167604 1 363
168300 2 280
168490 2 291
168657 1 453
168716 1 374
168871 3 265
168988 1 296
169009 3 544
169125 3 380
169360 2 441
169363 3 298
169479 1 301
169851 2 299
169863 1 288
170003 1 315
170106 1 256
170315 1 166
170713 2 256
170717 1 291
170836 1 338
171524 4 1001
171580 1 267
172850 1 167
173175 1 208
176639 1 393
176722 1 273
177928 1 499
177929 1 454
179826 1 355
180543 1 722
181372 7 406
187096 1 498
187327 1 234
192893 1 241
194337 1 628
197816 1 161
198419 2 713
198849 2 601
203452 1 196
203458 1 257
203723 1 276
205719 1 213
209613 1 313
209823 1 246
212156 1 270
213138 2 222
213569 2 263
214945 2 348
215770 1 409
218140 1 295
218646 2 222
220580 1 473
221552 2 238
221905 1 152
222197 1 234
222217 2 197
222728 1 330
222744 2 147
225286 3 362
225344 1 227
228031 1 307
236022 1 93
236482 1 135
239506 3 492
240937 1 49
241724 1 282
249183 1 155
252808 1 289
253275 3 225
254731 1 585
260607 14 423
263780 4 566
265792 2 882
267583 1 131
267616 2 313
267668 4 335
270437 4 161
273887 3 433
274066 3 106
274567 1 141
274568 1 719
274942 2 228
275146 4 508
280620 2 177
280845 1 196
280852 1 629
280879 2 117
280880 1 140
280957 3 262
280960 4 511
281009 1 423
281917 4 216
284127 1 289
284150 16 629
284614 1 342
284787 3 263
285051 1 483
288986 1 351
290058 2 699
290440 2 15196
292702 3 144
293081 1 335
293319 5 440
293461 3 168
293469 1 216
293471 2 285
293594 3 72
295698 2 133
296050 3 243
297506 3 147
299354 2 245
300854 3 410
301228 3 264
303265 7 759
303707 1 147
303824 2 156
305723 4 705
306092 5 442
307930 4 245
308178 1 2199
308629 5 618
308644 4 912
308953 2 14138
309007 2 14138
311483 3 854
312431 3 101
313781 2 164
316843 4 207
321009 1 168
321012 1 119
321349 3 164
321441 1 273
323879 1 622
323921 4 368
324538 9 327
324539 1 128
326534 1 624
329155 1 157
329879 1 594
330211 2 253
331527 4 180
331665 9 282
332998 3 254
334822 4 415
338578 3 224
338701 4 461
341948 3 342
346758 4 209
347035 4 180
347646 6 276
348989 9 289
349628 2 950
350133 3 2654
350454 3 4709
351794 4 270
354862 4 93
355194 6 121
355428 5 303
355596 5 303
355994 2 150
356402 1 589
357255 6 144
357455 6 374
357523 4 123
358194 4 230
358452 1 83
360484 3 1597
366982 5 246
367111 1 235
370598 6 2392
371546 1 450
378958 9 191
379547 2 339
381673 4 127
382507 1 480
386651 7 307
386652 6 380
386653 1 96
386655 6 231
388778 4 233
391422 2 222
391564 2 208
392251 5 837
395106 1 1562
401199 3 592
402317 2 72
417808 4 360
418478 1 134
418867 2 203
419264 1 88
420406 1 372
420735 6 388
420736 4 631
422198 2 311
424848 4 348
431150 4 951
437848 2 82
437948 6 337
438890 3 482
449605 2 90
451837 8 727
453098 2 441
453455 8 491
453890 6 531
454258 1 1125
457949 1 65
458240 3 561
458754 3 616
466292 3 668
466978 2 97
467134 3 100
468013 1 72
468080 3 199
468375 5 257
470444 8 829
471868 3 349
474138 2 208
474944 4 382
474978 2 359
475888 1 88
477879 2 64
479824 2 79
481224 2 63
484192 2 703
490242 2 79
493253 1 81
495196 5 161
495637 5 437
496101 2 184
497129 3 127
497955 6 390
498354 3 88
498815 5 373
499546 3 188
502896 4 216
507152 2 1262
514857 2 135
523999 4 1289
526439 4 658
