11632 4 378
14623 15 503
19378 3 369
21651 2 219
23912 5 297
28154 11 365
28155 16 462
29313 3 361
45099 5 724
45103 7 694
45130 5 378
49040 9 519
49041 2 471
49042 20 397
49065 4 414
49067 3 425
49108 3 496
49112 4 462
49511 8 184
49523 17 423
52762 6 305
56187 4 114
56617 3 721
56693 2 536
56697 2 863
58346 5 61
58374 2 82
58399 15 238
59173 13 372
60580 1 40
61564 10 97
61712 13 190
64009 8 367
64498 3 183
65454 13 431
65816 13 443
66209 7 606
67739 4 41
68318 5 367
68941 17 309
69176 10 331
69917 1 995
70439 7 223
71091 2 186
72628 2 33
74384 6 382
81363 8 336
83589 4 372
83789 8 117
83996 3 74
85374 7 346
86449 5 197
88189 7 214
88876 1 607
89259 1 89
89390 3 120
90043 8 111
92283 4 448
93333 5 687
94468 5 434
94469 10 779
94496 16 543
94498 34 795
95399 4 66
97614 2 33
99549 10 337
104112 7 125
105543 18 589
106318 5 297
109674 9 358
110972 12 355
112464 13 902
116782 8 379
117303 12 177
119032 4 263
119836 3 33
119870 3 33
119966 2 35
121351 17 343
121481 8 565
122678 4 184
124122 11 330
124206 4 84
126135 14 359
126192 2 73
126427 2 96
128720 4 41
133017 13 356
133487 9 160
134949 4 367
134982 32 689
138023 10 365
138998 4 148
139238 23 539
139279 24 538
139446 8 128
139539 1 85
139548 9 127
139963 4 44
139965 10 204
141091 7 694
141324 11 353
142488 13 215
142587 10 621
142799 13 238
143171 9 314
143508 4 140
144550 14 351
146015 3 46
148758 8 135
149995 8 62
151522 4 39
151729 4 34
155261 1 523
155501 19 246
156201 14 456
157250 3 157
158039 3 127
158134 3 385
161556 5 431
161562 6 451
162333 14 321
162371 15 302
162518 2 645
164812 2 184
165650 3 381
168482 18 192
168641 5 57
169804 10 150
170030 6 380
172431 1 102
173021 9 376
174377 7 363
175127 3 251
177870 5 458
179645 6 130
179699 3 712
180495 12 241
180670 7 181
181139 24 735
181181 13 126
182960 13 357
183221 7 520
184098 11 221
187286 20 222
189183 3 946
189705 6 78
189711 8 126
190225 14 253
190405 9 229
190867 14 216
191510 1 559
191527 4 60
192172 5 160
192320 4 42
193718 5 350
193954 9 134
194007 5 116
194149 5 141
194652 3 168
194852 14 352
195144 17 198
195219 4 263
195779 9 193
196085 2 137
196349 2 129
197621 2 199
197950 4 267
200239 11 159
200708 14 731
202456 8 1374
204097 8 79
204284 7 106
204884 2 114
212065 8 669
214643 34 594
214830 3 150
215055 13 161
215955 22 345
217074 7 196
217186 9 162
217980 14 351
218603 7 89
218608 5 54
222177 4 50
223207 12 148
225114 5 558
225865 3 44
228153 15 193
228242 14 468
228412 6 609
232060 13 647
233679 4 98
234314 11 117
234562 4 149
236144 4 357
238655 18 262
240972 4 40
244567 11 285
245517 1 388
246645 2 93
247964 7 369
249513 1 462
251367 7 320
251763 9 180
252839 12 387
253516 1 63
254113 1 50
254287 9 341
254716 10 380
257822 6 82
258034 1 50
259194 10 187
259201 4 56
259305 23 329
259368 1 61
260841 5 622
261716 2 80
261794 2 207
262800 13 234
263781 24 535
271566 5 584
272568 5 171
278655 2 131
280743 6 113
280782 2 215
289470 9 242
293559 7 205
294527 27 424
294859 7 182
295842 10 2346
296159 10 152
297049 2 232
302537 5 109
303887 5 117
306315 8 490
308268 98 1421
308892 7 148
310107 6 142
313097 3 68
316137 7 239
319417 11 171
320737 26 559
321352 17 362
323811 7 145
323841 7 145
325467 7 490
325534 4 2074
325544 24 2857
326806 7 648
327246 4 129
329905 8 172
330527 11 136
336498 2 152
336572 2 303
337095 2 220
339040 76 885
341564 2 120
345120 3 82
347256 2 92
349298 4 173
349510 5 1757
349588 257 4254
353642 2 105
354148 9 286
355278 1 155
356948 1 168
357307 3 333
358670 2 106
361083 6 137
361638 24 559
365130 2 120
366842 6 148
369414 5 197
372060 4 593
373874 17 709
374031 1 201
374299 25 434
374705 2 206
374890 2 224
376012 2 223
379213 10 165
381134 7 211
384983 23 700
387876 24 222
396039 9 513
398835 13 938
399679 5 344
399826 8 411
403461 9 433
403839 3 698
405220 1 103
406093 2 611
406318 2 915
407230 5 129
408629 3 301
409369 6 998
412637 4 84
413668 1 107
413979 6 1085
416451 1 582
416872 3 89
417441 4 140
421675 2 539
424037 2 282
429809 5 341
430295 18 757
431328 1 65
435027 16 554
436195 10 375
437489 1 229
439736 1 1061
440362 3 195
442564 20 518
442668 14 223
447166 5 689
453811 13 360
454645 5 254
455562 5 424
456125 12 243
456940 6 837
459826 6 557
465399 2 303
466165 6 773
466475 1 3188
469827 2 142
470300 1 107
470826 6 341
471711 1 77
473537 1 63
475598 1 253
476387 8 775
477718 9 382
477943 7 448
478580 8 362
479737 2 550
481357 5 700
481360 40 1889
481690 8 684
486342 3 1253
488040 1 221
488698 6 620
488770 10 457
489248 1 358
490411 5 397
495507 3 512
496597 3 1499
496980 3 990
497311 1 668
498231 5 108
502643 10 196
502773 1 80
503713 1 120
504751 4 353
506467 2 113
506802 14 658
510025 2 407
511284 19 1004
511929 2 211
512145 6 549
514784 3 289
515254 4 395
515739 5 100
517885 1 500
521968 10 606
525772 5 207
526460 42 1169
527690 7 952
19378 1 369
45099 1 724
49040 2 519
49041 4 471
49065 6 414
49067 1 425
49072 1 308
49108 1 496
52762 3 305
56617 1 721
64347 1 114
65454 7 431
65816 1 443
67083 2 750
83589 1 372
88876 1 607
89259 1 89
94496 2 543
98439 1 307
104112 1 125
105543 2 589
107113 1 393
112464 1 902
119032 1 263
119836 1 33
119870 1 33
119966 1 35
121481 2 565
126111 1 821
126427 2 96
134949 3 367
134982 1 689
138998 2 148
139238 1 539
139279 1 538
139446 2 128
139539 1 85
139548 2 127
139965 3 204
141104 1 196
142587 1 621
142799 9 238
156201 2 456
157250 1 157
158039 1 127
162518 1 645
165229 1 816
165686 1 526
168482 1 192
172431 2 102
177870 3 458
179645 1 130
189183 1 946
190225 1 253
190405 2 229
190867 2 216
191510 1 559
200708 1 731
202456 1 1374
212065 1 669
214519 12 422
214643 2 594
214830 1 150
217186 1 162
228242 2 468
244567 1 285
246645 3 93
251521 1 311
259305 1 329
265191 1 97
265353 1 85
271566 1 584
286937 13 2024
289470 4 242
293559 2 205
294859 1 182
295842 3 2346
296159 2 152
297049 1 232
303887 1 117
306315 12 490
308268 6 1421
308892 1 148
310107 1 142
313097 1 68
316137 12 239
320737 2 559
323811 1 145
323841 1 145
325467 3 490
325534 8 2074
325544 34 2857
326806 3 648
327246 3 129
327258 9 186
336498 1 152
336572 1 303
339040 2 885
345120 3 82
349510 7 1757
349588 1 4254
353642 3 105
355278 1 155
356948 1 168
357307 2 333
361083 1 137
361638 2 559
366842 1 148
369414 2 197
372060 5 593
373874 5 709
374031 1 201
374299 2 434
374890 5 224
379213 5 165
379397 4 1489
381134 7 211
387876 5 222
403839 2 698
405220 2 103
406093 2 611
406318 1 915
408629 2 301
409369 1 998
413979 2 1085
416467 2 361
417441 1 140
420419 8 320
421675 2 539
424037 4 282
431049 1 534
432050 1 681
434527 1 1397
436195 1 375
437489 1 229
442668 1 223
447166 1 689
449248 1 621
452235 4 945
453811 1 360
455562 1 424
459826 1 557
462136 2 876
465336 1 693
465399 1 303
466475 11 3188
470300 1 107
475598 1 253
476825 1 504
477943 1 448
478580 1 362
479737 1 550
481360 2 1889
481540 1 937
485824 1 637
486342 3 1253
488040 1 221
490411 1 397
494625 1 223
495507 2 512
496597 3 1499
496980 7 990
497863 2 360
502773 1 80
506467 1 113
510025 1 407
511284 1 1004
514784 1 289
515254 6 395
517885 1 500
518580 4 513
525848 1 1216
526460 3 1169
527690 1 952
228 2 496
234 2 498
3068 4 230
6111 1 624
10802 5 499
20378 4 592
20394 4 610
25172 3 143
25846 2 482
30086 6 360
34105 4 655
34268 3 458
34281 2 148
37031 3 231
58665 6 74
58666 2 36
61040 1 24
64347 3 114
67083 5 750
74384 1 382
77934 3 238
81966 12 704
82703 6 334
91395 2 255
103073 1 652
105004 8 132
107113 16 393
108255 1 790
119830 2 45
121351 1 343
126111 1 821
131354 2 53
133669 1 403
134949 5 367
136235 2 300
136791 2 234
141104 5 196
147141 14 821
155261 1 523
160570 1 145
162776 14 255
165229 1 816
165686 6 526
168739 1 119
174377 2 363
174970 4 730
179699 1 712
190414 1 887
191510 1 559
191605 2 46
196872 4 463
200036 5 100
202538 1 209
213727 1 91
219045 2 711
228675 1 405
234562 1 149
237291 2 932
245281 4 89
247618 1 581
249769 7 119
251293 1 1059
254767 6 525
262182 2 114
265191 3 97
265353 3 85
278655 1 131
286937 29 2024
295842 1 2346
300850 3 168
307597 10 372
325448 1 297
365130 5 120
379397 21 1489
393771 3 1908
396472 1 159
397453 1 404
399506 1 248
401219 3 669
402412 1 204
402657 2 236
404366 1 102
405909 1 69
407798 1 450
413252 5 780
414686 1 223
416162 23 593
416451 1 582
418777 2 695
422928 1 584
423443 8 1371
423741 1 526
424260 12 873
424966 19 476
427310 1 120
427707 1 502
431049 2 534
432050 1 681
434335 18 869
434527 9 1397
434658 1 588
435027 2 554
438012 4 256
439477 3 151
441980 1 157
442836 12 328
444467 7 599
445419 12 589
446222 1 414
447557 1 225
448993 1 280
449248 5 621
450208 6 153
452235 15 945
454213 2 136
454484 1 87
460640 1 110
462776 5 722
465336 1 693
466786 15 767
474628 19 418
475183 15 488
476825 10 504
477943 1 448
479795 23 463
481680 2 942
483169 1 486
485824 12 637
486342 5 1253
486583 2 177
488040 2 221
491188 4 410
492097 1 1363
492136 1 1459
492824 1 807
494625 1 223
496554 1 2170
496597 12 1499
496601 7 479
497507 9 812
498178 5 404
498231 1 108
498380 1 90
498717 1 630
500231 15 665
505160 7 109
511153 11 454
511541 10 199
515346 1 521
518580 13 513
519164 1 890
525187 4 258
525772 1 207
525848 4 1216
228 20 496
229 20 461
230 25 415
231 7 518
233 4 404
234 18 498
406 11 196
1170 19 478
2749 7 560
3068 2 230
3283 14 277
4402 12 457
4484 13 271
4485 19 519
4486 14 210
5469 11 189
6111 4 624
6861 15 275
6862 15 282
9698 14 283
9699 11 273
11668 7 242
11672 7 149
12232 6 288
12233 2 699
12236 6 646
12258 6 520
12396 15 281
12403 11 192
13090 16 778
14057 6 436
14192 14 236
14193 18 409
14818 12 2367
18594 14 270
18595 15 273
20138 11 280
20139 11 317
20140 15 333
20141 8 341
20142 25 455
20357 11 646
20370 25 570
20371 11 555
20373 13 583
20374 16 515
20376 14 507
20378 2 592
20386 19 543
20387 17 529
20390 20 583
20391 9 579
20393 27 518
20394 5 610
23278 2 411
23775 14 299
24634 11 280
24635 11 197
25172 2 143
25846 4 482
26542 121 7045
27344 30 4421
27380 13 307
32455 5 1542
32501 8 397
32502 5 496
32503 4 239
32537 1 329
32590 7 431
32706 13 352
34105 1 655
34268 2 458
34755 2 551
34756 2 374
37785 13 266
37787 11 275
37789 14 346
39888 14 272
44106 15 347
44514 9 305
46453 2 490
46465 2 529
47319 8 372
47320 11 230
48887 9 227
50907 11 440
51711 1 287
52012 10 300
56693 10 536
56697 4 863
57167 2 93
69917 4 995
71529 3 217
72391 2 274
75648 2 36
76541 5 114
77934 10 238
81966 1 704
86163 2 27
91395 15 255
102090 1 27
103021 2 30
103073 6 652
108255 25 790
109189 5 55
110826 2 28
110972 1 355
114478 2 42
119347 2 33
127866 18 550
128914 10 263
130858 8 202
131840 5 230
134949 5 367
135094 3 631
136024 13 265
136235 2 300
136791 1 234
151955 4 65
152590 2 55
152753 18 376
153055 1 160
158833 2 56
160570 1 145
161377 2 310
165229 1 816
168689 7 216
168739 1 119
174970 8 730
177329 2 270
177340 3 95
178564 4 55
181139 1 735
182653 8 610
188571 2 150
190414 5 887
193931 3 211
196872 6 463
198684 2 148
202538 1 209
210191 14 195
211744 10 191
213727 4 91
218572 6 409
223043 4 544
224708 9 345
227816 17 264
228675 9 405
228802 2 680
229940 13 755
230135 14 243
236725 9 259
237291 3 932
238119 4 75
238764 1 82
245517 5 388
246660 24 456
247618 32 581
247619 7 222
249513 1 462
251044 6 128
251045 43 653
251046 12 230
251293 1 1059
253623 5 617
254767 2 525
255594 12 239
257400 1 270
262182 1 114
263933 1 137
263952 1 329
264665 4 484
264872 4 470
265643 2 740
288405 12 153
288427 21 280
300850 1 168
307533 18 893
308773 6 1955
308791 4 1367
308811 6 1955
308829 4 1367
325448 9 297
325534 2 2074
325540 39 3234
326277 26 485
347256 5 92
347710 7 307
348010 12 503
348022 11 371
373177 6 219
374705 2 206
374940 6 175
379397 2 1489
393761 10 162
393771 49 1908
394970 24 249
394986 5 85
395003 12 370
395004 13 279
395005 28 374
395031 7 308
396036 7 150
396472 12 159
397208 5 671
397453 2 404
397503 9 340
397512 7 131
399506 1 248
400067 27 407
400544 15 589
400834 9 657
401219 1 669
401223 6 156
401584 4 94
402412 1 204
402657 1 236
402664 14 323
402708 7 111
404366 1 102
405909 1 69
407230 1 129
407798 24 450
408352 12 400
408856 13 575
408881 17 399
411162 13 152
412578 1 118
413252 17 780
413494 34 432
413668 1 107
413719 5 157
414686 3 223
417364 4 296
417576 23 456
418777 5 695
420836 59 2667
422928 10 584
423443 5 1371
423741 17 526
423809 6 289
424044 9 372
425848 4 81
427310 2 120
427707 2 502
427835 18 615
429809 18 341
431049 2 534
431328 1 65
431666 10 155
432050 6 681
432098 1 225
433415 22 730
434062 7 130
434208 33 840
434527 5 1397
434658 9 588
436636 5 173
437844 4 88
438012 2 256
438089 6 248
439477 2 151
439736 29 1061
441854 30 747
441980 6 157
442836 1 328
443990 9 678
445419 1 589
446222 18 414
447042 1 152
447557 6 225
448993 3 280
449248 1 621
450208 8 153
452313 17 417
454213 1 136
458868 1 220
459474 2 106
459839 56 914
460640 1 110
461147 9 212
461353 24 503
462136 27 876
465336 8 693
466242 26 450
470237 2 479
470750 1 207
470830 19 501
471711 1 77
472272 11 446
472370 19 354
472806 20 704
473537 1 63
474884 3 325
475183 1 488
476666 4 159
476690 14 334
477286 4 344
480516 6 91
481070 7 589
481540 11 937
481680 4 942
483058 4 120
483169 16 486
484647 10 214
484816 18 628
485101 23 652
485824 1 637
486202 20 556
486342 2 1253
486557 9 141
487908 1 224
489248 1 358
491188 2 410
492097 4 1363
492136 4 1459
492824 7 807
492995 14 428
494625 2 223
494687 37 496
495292 14 357
496554 4 2170
496556 69 1660
496597 13 1499
497311 23 668
497507 3 812
497863 2 360
498380 1 90
498717 10 630
499556 3 140
501665 1 194
502798 11 449
503713 1 120
504555 15 321
505362 4 793
505750 13 282
507627 10 127
507856 31 879
508106 5 71
510481 33 886
512900 6 149
513763 9 288
515346 11 521
515512 16 330
518824 9 474
519164 6 890
520354 3 415
520967 10 425
521513 17 329
523992 20 381
524102 5 552
525187 1 258
525833 9 863
525848 22 1216
526231 24 2610
