202 7 389
772 2 430
773 2 215
1408 1 323
1646 6 55438
2722 10 353
2854 3 411
3159 6 388
3165 1 260
3168 1 566
3176 3 446
3181 2 501
3189 4 416
3801 5 207
3989 2 232
4053 1 563
4348 4 591
4351 10 410
4422 5 288
4621 1 334
4622 8 291
4637 3 531
4708 4 173
4718 3 325
5293 2 483
5330 2 447
6627 4 365
7155 6 533
7537 5 214
7538 2 441
7539 1 355
8068 3 333
8410 3 382
8411 2 231
8626 2 464
9162 2 420
9619 2 496
9703 5 339
10067 2 566
10509 5 359
10810 6 394
11514 7 343
11531 1 448
11534 3 441
11578 2 512
11579 4 594
11608 11 347
11612 1 426
11614 1 456
11615 5 492
11897 6 452
11898 5 649
11900 12 729
11901 9 335
13823 23 3071
14351 6 416
14355 9 567
14406 7 613
14408 3 555
14412 1 366
14737 3 380
14740 5 434
15803 6 376
15804 9 322
16853 3 525
16854 1 367
17506 3 667
17577 6 429
17578 5 264
18277 4 463
19172 10 445
20153 6 590
20757 4 285
21424 5 406
21992 15 555
22393 3 387
22918 4 437
23151 1 515
23716 11 450
23966 8 230
25547 7 422
25793 1 472
25794 2 515
25968 5 151
25972 1 340
25974 1 529
25975 1 228
27657 3 370
27658 3 356
27876 4 411
27877 2 654
28130 8 226
28135 1 500
28138 3 506
28139 3 476
28141 5 548
28143 18 448
28401 5 295
28402 4 340
28406 5 553
28407 1 206
29060 5 541
29064 1 240
29067 3 584
29069 7 269
29584 7 494
29739 1 426
30245 8 327
30753 6 374
30933 8 627
31552 5 348
31557 4 611
31563 5 381
31810 3 460
31824 5 370
31832 6 380
31844 2 427
32927 2 696
32928 7 430
33496 5 552
33626 6 663
33690 3 390
33705 2 498
33916 2 324
34352 5 391
36385 8 586
36386 1 160
36932 4 330
36933 5 400
37068 2 401
37378 1 614
37465 6 440
37466 5 437
38425 4 394
38622 7 395
38644 7 402
38675 6 288
39117 5 351
39765 1 472
39771 1 425
39773 2 403
39776 2 351
40061 65 19463
40139 5 349
40141 4 463
40434 5 598
40636 4 149
40641 3 450
40843 4 367
40861 1 376
40998 5 436
40999 1 277
41000 5 274
41646 2 411
41653 1 410
41655 1 539
41659 7 472
41821 4 183
41926 2 616
41927 1 665
42182 2 310
42183 1 525
42185 2 354
44536 4 482
45494 1 184
45593 4 335
45820 5 403
45822 7 259
47206 8 256
47461 5 473
47465 1 539
47478 1 613
48224 7 217
48229 1 357
48230 2 266
48232 4 259
48261 5 508
48684 8 312
48687 1 358
48689 3 506
48740 1 341
48841 10 390
49759 11 496
49780 9 524
49881 2 419
50072 3 255
50823 6 415
50824 4 194
50825 2 292
51106 2 302
51116 1 286
51253 1 330
51524 5 426
51531 1 416
51684 1 454
52214 1 64459
52552 7 387
52553 2 576
52556 3 448
52559 1 622
52562 2 532
52653 6 410
52654 8 385
52655 12 585
52929 5 276
52932 1 468
52933 2 782
52936 3 215
52940 3 395
53216 7 524
53274 5 514
53280 2 581
53282 3 510
53283 6 394
53720 2 394
53721 1 397
53722 2 628
53730 1 372
53804 2 345
54054 4 533
54482 4 380
54547 5 352
55070 4 396
55475 5 456
55515 4 367
56077 1 271
58822 1 198
59364 1 382
61969 3 385
62119 1 270
63309 3 126
63926 3 226
64032 3 697
66571 1 78
67860 1 204
70829 1 63
71395 1 501
73270 4 303
75379 1 137
75404 1 252
76360 1 447
76981 1 44
77394 1 575
77643 4 594
79487 1 287
80031 1 532
80421 2 330
84194 3 930
84351 3 89
84645 2 226
87591 1 643
92921 1 294
93701 12 954
107319 1 363
109687 3 289
113171 1 391
118398 2 537
128397 5 500
130716 2 538
131302 1 75
132539 1 122
132814 3 719
134828 2 158
135453 1 139
139485 1 472
139814 2 59
139972 8 768
142434 2 138
145336 1 492
147125 1 145
147338 1 2122
152739 4 621
154379 1 221
154837 2 139
157558 1 403
157934 1 143
161703 1 244
161778 2 197
161845 1 575
161998 1 149
162728 1 155
162843 5 669
162987 3 558
163319 6 689
164700 3 52
164744 8 882
165286 1 129
165294 1 159
166590 11 482
167146 3 629
168807 1 190
169646 1 654
171414 3 453
173017 2 897
176245 1 666
178055 1 343
178848 4 119
181420 1 373
181427 2 341
182454 3 344
183948 1 50
184295 1 132
184736 1 375
187590 8 914
190432 1 138
190471 3 63
190724 1 256
191122 1 231
192379 5 60
192380 7 134
195551 3 110
196802 1 112
196806 5 295
198681 1 56
200312 1 44
202560 1 213
203952 1 527
204322 1 171
205330 1 231
206482 1 195
206911 1 141
207836 1 63
207841 5 185
207842 8 258
210281 3 150
210531 2 65
211136 1 1346
211516 3 455
214502 1 40
214663 1 75
215314 5 207
216350 1 503
218704 1 580
220280 1 65
220366 12 467
221714 2 598
225607 1 229
226418 3 82
227499 1 197
227794 11 611
228003 1 205
228081 1 637
231954 3 193
235744 4 502
236909 1 554
237623 8 650
237837 1 120
239717 3 464
241421 1 162
241876 8 737
242646 2 683
244636 4 521
244998 2 130
245260 1 85
245509 1 146
247506 1 248
247958 1 488
250432 2 137
252715 2 310
256014 1 1340
256208 3 267
257063 2 369
258976 1 197
258978 2 353
261915 2 221
267605 5 231
268195 6 160
268506 7 261
268803 5 1021
268866 5 209
269398 4 244
269399 4 281
269566 4 133
269567 1 150
269568 2 155
269675 1 139
269677 1 211
269683 4 228
269813 6 173
269814 11 286
269838 7 180
270250 3 424
270267 6 196
288053 2 210
288056 2 325
288094 5 237
288099 2 520
288180 3 164
288181 4 249
288182 1 145
288183 5 214
288184 4 233
288185 6 165
288186 7 265
292191 2 209
292302 2 325
293434 1 240
307245 3 1120
307299 2 219
307305 5 295
307320 1 278
307356 5 164
307373 2 1099
307453 6 49380
310301 1 154
310987 5 295
311905 2 218
326022 5 170
326042 1 184
326043 1 162
326127 84 1789
326129 1 67196
326179 4 407
327418 1 1529
328358 1 1941
328894 3 223
328911 1 281
329164 2 601
329194 4 133
329195 3 184
329223 3 243
329914 6 185
329915 3 183
330017 13 216
330202 1 231
330351 3 217
330858 9 231
348711 8 180
348723 4 284
348724 2 157
348725 4 136
348726 1 215
348727 11 289
348787 2 598
348801 3 228
348802 6 198
348803 3 225
348804 3 245
348879 3 534
351865 6 188
352433 1 152
354074 1 152
372990 11 230
373188 1 151
373189 6 190
376599 4 255
377433 2 191
377514 2 191
378592 11 227
380699 3 223
394720 3 184
394721 6 188
394722 11 218
394772 3 222
394781 9 231
394853 4 257
394898 12 26758
394905 3 223
394914 2 195
396543 1 283
398242 5 594
398562 2 663
401030 1 352
401263 3 685
402733 2 127
403680 2 189
405942 1 1340
406969 1 1875
407710 2 144
412987 2 172
413257 3 377
413540 1 128
413757 11 1489
414010 5 142
416991 4 562
418417 9 546
418486 1 187
419598 2 671
421021 1 1530
421049 1 849
423148 1 104
424244 1 364
424750 32 844
426158 1 176
427484 6 423
430013 6 701
431696 5 414
433151 4 114
433223 6 514
433343 1 637
433600 4 541
433722 3 2969
439342 1 106
439395 1 773
440328 1 459
440426 6 528
441992 22 736
443708 6 490
443717 5 976
443830 4 1113
445102 1 447
445807 1 100
445873 4 368
445883 1 542
446851 14 2098
447205 1 74
450665 5 475
450958 3 59
451556 16 869
452078 5 495
454174 2 510
456389 2 134
456701 10 729
458594 4 267
459344 3 758
459663 3 861
460261 1 411
461627 15 621
463184 1 157
463599 1 206
463867 5 195
465791 3 1263
466056 1 107
469263 5 675
470796 1 281
471830 2 437
473536 7 326
473742 1 193
473770 2 1090
475107 1 67
476301 2 355
478072 8 1237
478954 1 375
480003 18 1133
482803 8 233
482804 6 329
483344 2 368
483693 2 732
484725 1 95
487708 3 238
488996 5 875
489919 4 552
490820 2 736
491119 3 644
491423 6 1326
492507 3 360
496697 1 777
496962 2 86
498660 3 85
498917 1 130
498989 1 213
499441 4 1342
499444 1 523
500379 7 1497
500887 7 442
501277 28 1075
502211 4 546
503466 5 591
507063 6 1524
511329 2 362
512917 10 713
513712 4 491
515958 5 684
517365 2 225
517629 7 526
518093 1 1116
520015 10 647
520384 6 2192
520410 5 898
520602 7 1196
524627 2 97
525177 23 2500
525431 1 114
525434 1 147
525982 3 573
758 2 594
1646 1 55438
3196 1 383
3801 1 207
4053 1 563
4350 1 355
4636 2 379
4708 1 173
4718 1 325
5293 1 483
5301 11 393
5316 2 576
5330 4 447
7155 1 533
7538 4 441
8623 1 520
9162 1 420
10438 1 448
10508 1 418
11514 1 343
11531 1 448
11578 1 512
11612 4 426
11614 1 456
11898 2 649
11901 1 335
14351 1 416
14354 1 321
14406 1 613
14408 1 555
14412 1 366
14737 1 380
14738 1 362
15803 1 376
17577 1 429
23151 2 515
23966 1 230
25793 3 472
25970 3 508
25972 1 340
25973 2 456
27657 1 370
28132 2 379
28135 2 500
28137 1 382
28139 1 476
28141 1 548
29065 2 409
29066 1 592
29067 1 584
29068 1 560
29584 1 494
30245 1 327
31551 1 458
31810 1 460
31842 3 379
31843 1 582
33626 2 663
33915 2 621
37140 3 428
37378 1 614
37466 1 437
38425 1 394
38622 2 395
38627 2 476
38643 1 412
39765 1 472
39771 1 425
39776 1 351
40434 1 598
40636 1 149
40639 1 376
40640 2 309
40999 2 277
41653 1 410
41821 1 183
41926 2 616
41927 1 665
42181 1 422
42185 1 354
44536 1 482
47461 1 473
47465 4 539
47470 2 445
47476 5 348
47478 2 613
48224 1 217
48228 3 436
48232 1 259
48240 1 377
48258 3 246
48684 1 312
48687 2 358
48689 2 506
49881 2 419
50071 1 551
51524 1 426
51529 3 338
51530 2 404
52557 1 396
52565 1 304
52937 1 544
53274 1 514
53280 1 581
53721 11 397
53722 1 628
53730 1 372
53735 2 510
54482 1 380
55070 2 396
58822 1 198
59364 1 382
64254 1 30
66169 1 228
69565 1 152
70518 1 263
73270 1 303
76360 3 447
79563 1 292
80031 1 532
80043 1 467
80421 5 330
83330 1 170
84194 3 930
89775 1 196
90696 1 353
119035 1 108
120300 1 30
128994 2 340
130716 1 538
132814 1 719
134828 1 158
134984 1 215
136286 1 42
141813 1 121
144655 1 73
147338 4 2122
151713 1 61
161845 2 575
163319 1 689
164744 1 882
168571 1 39
169646 1 654
173017 2 897
176245 1 666
180227 3 227
182034 4 471
183948 2 50
184736 1 375
191436 1 101
196846 1 291
202639 1 227
203952 3 527
206482 1 195
207576 1 156
211136 1 1346
211516 1 455
221714 1 598
224940 1 307
226418 1 82
228003 1 205
231954 6 193
244051 2 723
244998 1 130
252715 3 310
254775 1 1027
258976 2 197
262374 1 102
270250 2 424
287906 2 5750
288054 2 325
288099 4 520
292192 2 326
307232 1 515
307245 1 1120
307270 1 571
307320 1 278
307373 1 1099
307453 2 49380
316524 1 147
324296 1 340
326026 1 213
326127 3 1789
326129 1 67196
327394 1 22044
328358 1 1941
328911 1 281
329164 1 601
331490 1 231
347837 5 63219
348787 1 598
348801 1 228
352079 1 104
352433 2 152
352764 4 255
354074 1 152
373116 1 295
373188 2 151
394717 1 157
396543 3 283
398242 2 594
398562 2 663
401263 6 685
402733 3 127
403680 1 189
405942 1 1340
407710 1 144
409965 1 115
410931 1 122
412987 1 172
418241 3 627
419598 2 671
424244 5 364
424750 2 844
425875 1 485
426158 1 176
426602 1 171
427161 3 196
427169 1 98
430013 1 701
433223 1 514
433343 1 637
433722 3 2969
437214 1 173
438431 1 158
439357 3 935
440326 6 657
440328 1 459
443708 1 490
443717 2 976
443830 2 1113
444047 3 809
445807 2 100
445873 3 368
445883 1 542
446123 1 109
446786 2 123
446851 1 2098
447205 1 74
450665 1 475
450958 1 59
452078 1 495
453336 8 562
453434 1 90
453825 1 99
456389 1 134
458594 2 267
459344 1 758
459364 1 128
459663 3 861
463181 2 88
463182 1 60
463867 1 195
465791 2 1263
466056 1 107
466185 1 314
466822 1 1255
467282 1 97
470386 1 83
470796 1 281
471830 3 437
473536 1 326
473742 1 193
473770 2 1090
475105 1 103
475107 1 67
476301 5 355
478072 1 1237
478954 1 375
479825 1 117
480003 2 1133
482804 1 329
483344 1 368
487708 1 238
488996 2 875
490815 2 498
491099 2 616
491119 3 644
500887 1 442
501213 1 119
501277 1 1075
501474 1 98
502211 3 546
511329 1 362
512917 2 713
514932 1 1351
515958 1 684
517629 3 526
518093 9 1116
520015 4 647
520410 1 898
520602 1 1196
523127 1 220
523450 1 129
525177 1 2500
525431 1 114
525982 8 573
