32 1 9957
33 6 19382
228 2 496
229 1 461
232 2 307
233 1 404
1646 12 55438
3202 1 550
4064 5 3618
4346 1 289
9889 1 283
9992 1 421
10367 2 3061
10802 5 499
10896 1 97
11395 3 213
12217 1 211
12224 1 603
12225 19 490
12230 1 745
12231 1 693
12234 5 637
12244 2 671
12252 1 268
12261 1 238
12263 3 609
12265 1 286
14069 3 2071
15110 1 257
17872 3 326
18065 2 548
20255 1 1690
20736 1 180
21220 5 6993
22602 6 2235
24456 7 528
25533 2 1882
25886 1 383
25946 1 507
25952 4 316
25953 7 461
25955 2 419
25990 2 342
27161 1 441
27986 1 423
28330 2 1262
28461 3 5536
28853 2 3522
31345 5 1570
31513 1 824
33803 3 327
33807 2 398
34115 1 698
34256 2 604
34258 2 494
34259 1 312
34260 2 328
34262 6 529
34268 1 458
34271 1 355
34275 1 759
34301 1 249
34302 1 343
34303 1 722
34722 2 13257
34837 3 1991
35430 2 362
36050 3 376
37217 1 458
37798 2 366
37799 2 502
37800 3 375
39077 2 551
39710 5 2655
39712 3 5030
40359 2 4913
42295 4 440
45165 2 911
47820 3 192
50631 1 1547
50682 8 32839
51709 1 224
52214 4 64459
53096 2 6232
53166 3 513
53585 3 1920
54477 3 1749
54721 15 571
54727 1 299
54729 1 374
54732 1 193
54733 1 479
54735 1 283
54738 1 200
72028 8 307
95158 1 339
99254 1 238
117617 1 433
121364 1 1173
121370 1 346
122783 3 103
135064 1 421
141825 1 803
147141 1 821
153187 1 502
153813 2 938
154412 2 312
158825 3 433
160707 1 341
170467 1 402
176541 1 824
181377 2 474
181384 1 413
183373 1 184
184302 2 748
190679 1 700
190723 1 235
196722 1 351
203132 1 336
205155 1 782
208302 1 354
209037 1 568
223231 2 456
224162 1 575
232012 2 419
240170 2 452
244566 2 509
244618 1 297
247877 2 467
257637 2 396
263107 1 113
286672 1 403
286706 2 437
286721 1 1527
288030 2 532
288208 1 1172
289861 1 1176
290322 1 194
290326 1 201
290414 8 1670
306139 1 5267
306253 1 266
308781 82 1674
308783 1 2409
308819 80 1640
308821 1 2409
325540 2 3234
327233 2 266
347837 2 63219
347869 1 47445
347885 2 474
350260 1 259
350265 10 736
350357 3 4293
350401 1 319
368784 1 125
372068 1 610
372223 1 301
372224 1 245
372278 2 28092
374463 1 1239
374784 5 202
374817 1 244
374928 2 2941
374931 4 201
374938 2 235
395094 1 170
397764 1 1008
398735 1 446
399642 2 588
400256 2 238
402425 1 540
403576 1 480
406950 2 676
407049 1 292
408881 1 399
412111 1 887
412308 3 494
413471 1 257
413988 1 970
419313 1 93
422228 4 785
423630 1 2932
427331 2 375
429869 1 848
429959 1 1342
430680 1 252
432050 1 681
433238 4 848
433827 1 412
434998 3 1252
437707 1 984
438724 1 1585
441612 1 373
441854 1 747
445392 1 835
447557 1 225
452046 1 976
453467 1 365
463026 1 883
464179 1 1717
464434 1 1103
465203 1 805
465275 1 542
465754 2 1153
470830 1 501
472999 1 319
474816 28 531
476453 1 101
477051 1 416
479795 4 463
481424 1 379
481680 2 942
484628 1 1519
487414 1 457
489854 2 389
493052 1 505
496597 6 1499
496598 3 1410
505678 1 180
512492 1 109
513415 2 1113
514494 1 378
517799 2 460
519289 1 865
525570 3 396
526258 1 373
