94 7 492
892 11 362
2641 71 17392
3697 15 459
4646 16 413
4649 9 279
4651 3 123
4652 2 103
5364 9 577
5370 7 636
5394 4 222
6089 18 596
6101 10 378
6102 39 599
6103 40 581
6108 14 374
6113 14 779
6241 26 473
6242 20 391
7413 25 269
7892 1 102
7894 8 235
8148 45 17754
8475 38 369
8538 8 307
8539 19 373
8540 11 510
8705 8 411
8887 8 236
9378 3 356
9650 7 675
9653 8 543
9666 6 400
10058 12 395
10090 2 317
11687 6 340
12620 27 481
12899 7 453
12922 10 214
12964 5 427
12965 3 776
13042 1 371
14338 5 580
14498 7 833
14991 19 378
14999 35 469
15075 8 242
15186 20 237
15430 18 399
15482 5 529
16518 8 301
16519 13 577
16520 23 542
16523 12 314
16524 20 577
16525 9 315
16603 12 478
17051 2 652
17052 8 670
17064 7 841
17111 6 426
17205 11 491
17212 31 534
17307 3 507
17385 19 657
17391 14 604
18970 2 497
19596 8 249
19655 10 317
20168 4 286
20406 10 350
20407 16 738
20408 2 188
20788 5 613
20807 9 228
21595 16 603
21596 6 281
21597 2 283
21598 6 404
22636 2 459
22638 2 275
23282 5 267
23649 4 627
24297 11 525
24345 4 170
25282 8 453
25283 8 442
25285 3 329
25350 7 372
25656 25 15042
25807 19 555
25810 20 512
25815 21 480
25816 50 562
25817 7 421
25819 9 488
25820 7 466
25825 51 608
25826 34 422
25827 47 523
25861 11 416
25862 12 415
25865 9 322
25866 8 157
25867 15 203
25868 16 191
25870 25 340
25871 21 228
25872 25 517
25873 54 611
25874 6 345
25876 29 669
25877 31 511
25878 24 454
25881 25 598
25882 12 230
25884 13 338
25887 13 231
25888 40 518
25892 8 130
25893 25 345
25894 24 225
25896 59 476
25897 7 226
25898 25 460
25901 28 376
25911 9 291
25912 14 392
26347 1 225
26628 7 1050
26774 6 659
28461 13 5536
28604 1 340
28605 1 327
28945 24 688
28960 5 424
28963 10 435
28969 2 407
28972 11 2567
28973 3 225
28975 16 1782
31109 4 423
31112 15 438
31114 7 547
31135 5 498
31148 2 260
31449 27 514
31450 58 618
31451 40 485
31452 58 625
31453 49 710
31454 57 523
31455 40 651
31456 58 604
31457 56 647
31458 34 639
31462 10 323
31468 35 524
31470 47 660
31471 60 600
31472 58 684
31473 43 565
31474 30 513
31475 36 532
31476 39 568
31477 22 471
32881 4 684
32883 3 2700
32886 2 275
32888 2 724
32890 5 596
32941 27 622
33082 8 258
33666 1 590
33764 3 436
34059 10 418
34093 25 687
34094 18 457
34096 23 597
34122 76 1040
34123 16 637
34684 57 544
34685 33 607
34686 26 445
34753 6 455
34863 2 234
36136 2 228
36137 4 446
36418 11 463
36533 5 586
36550 10 486
36552 1 603
37178 23 476
39235 35 432
39278 24 383
39279 21 405
39280 18 261
39281 20 254
39284 16 223
39287 43 462
39295 26 297
39314 14 324
39315 19 171
39318 39 419
39320 31 393
39323 15 296
39325 28 328
39326 17 234
39337 30 416
39523 12 336
40661 3 401
40666 16 607
40667 14 229
40672 23 398
40686 23 380
41199 38 603
41200 21 446
41201 30 485
41409 12 505
41410 24 618
42004 3 961
42921 8 243
43372 5 453
43564 1 380
46967 8 242
47833 7 199
49987 4 265
50124 8 250
50306 2 275
50856 3 452
52214 2 64459
52501 7 580
52678 68 15365
53156 8 253
53776 30 515
53777 33 557
53778 49 576
53781 17 171
54563 17 438
54564 12 551
54565 4 314
54566 26 712
54574 29 564
54575 33 482
54579 7 318
54581 10 495
54582 4 429
54583 6 470
54584 6 456
54585 4 438
54586 4 339
54587 10 480
54588 10 501
54595 2 281
54596 6 386
54609 1 550
55371 8 52248
55557 5 198
55648 10 326
56094 3 740
56099 3 583
56540 1 380
59716 3 446
60314 4 121
60425 2 139
62040 22 934
62064 3 4939
63523 4 441
64991 9 186
65538 2 47
66489 1 688
66554 3 139
67380 1 98
67613 13 385
67961 11 285
70327 3 646
70329 3 81
71044 3 72
71261 18 1114
71436 2 488
73300 2 705
74112 2 130
76662 1 2416
76663 1 2219
77187 2 1202
79357 1 806
79900 1 116
80675 1 199
81045 22 552
81097 3 105
81223 11 659
82696 3 54
83339 1 34
83360 1 29
83436 2 58
83572 3 113
83583 3 668
83584 2 644
83592 2 523
83699 2 699
84104 1 556
84222 1 917
84963 1 310
85996 5 89
88521 4 338
90319 2 276
92674 1 24
93238 2 486
96486 1 218
96737 2 48
96745 3 66
97562 2 330
97643 3 324
99331 2 130
100200 14 347
100821 2 745
100946 9 642
100948 3 659
102697 9 121
103055 2 272
103178 2 308
103275 2 166
104236 1 569
105306 7 614
106463 2 945
107575 20 965
107642 2 251
107957 4 474
108638 27 612
109043 4 263
109914 1 506
110004 2 910
110005 13 429
110719 6 126
110899 4 996
110901 2 255
112101 11 508
112102 3 580
112452 1 212
112455 4 293
112494 4 256
112637 2 269
112886 1 217
112937 1 226
112959 1 38
113507 3 219
113616 6 682
113617 2 589
113618 5 634
113622 4 525
113624 2 499
113787 10 404
116239 7 498
116528 3 184
118852 9 988
119057 5 533
119423 1 347
119448 9 766
119613 1 554
119757 5 955
120085 4 399
120150 12 450
120152 6 601
120205 3 766
120452 4 964
120461 1 437
121080 2 243
121943 5 105
122351 2 110
122485 2 36
123211 7 189
123637 1 27
124245 3 198
124491 3 415
124752 1 578
124889 1 100
125535 1 185
126468 12 241
128729 1 340
129005 2 364
129264 3 108
129457 3 72
130531 6 420
130535 11 893
131106 2 385
131387 6 364
133129 6 715
133270 1 543
133273 2 294
133275 1 459
133727 1 1143
134333 5 594
135005 5 642
136518 1 221
137252 3 147
138598 3 76
138701 3 88
138744 1 367
138800 1 221
138890 2 317
139164 2 140
139363 1 280
139613 5 285
139786 7 272
142132 18 464
142134 12 193
142141 17 7912
142149 11 356
142252 3 239
142435 3 826
142454 3 53
143794 2 186
144057 7 214
144910 1 254
145413 3 388
146883 3 746
146989 1 636
146990 2 673
146994 1 845
147002 1 458
147004 5 631
148288 5 593
149194 2 69
150274 1 216
153091 2 113
153837 2 75
158567 3 620
158571 5 604
158572 4 552
158576 1 654
158577 5 680
158780 1 224
159838 4 116
159874 3 156
160025 7 275
160280 5 577
160509 4 428
160581 2 65
161188 3 169
161498 1 222
161876 7 231
162001 1 238
162783 4 282
163156 2 734
164314 3 591
164509 1 429
165227 2 429
166226 5 133
166432 2 137
166589 3 554
167657 6 483
168410 5 192
171381 2 45
172545 1 40
174921 2 190
175019 2 159
175911 2 153
177273 8 316
177706 11 619
177712 3 585
177727 4 625
177728 6 657
178604 6 589
178854 1 292
178947 4 67
178990 3 3085
178996 21 5818
179081 1 154
179125 4 364
181122 3 218
182409 7 653
182412 5 682
182414 7 500
182417 6 843
182833 6 240
182883 14 305
183610 7 284
183615 6 236
184273 3 152
184527 2 596
184667 9 227
184668 4 271
185886 6 210
186172 9 200
186756 7 269
186761 2 70
186762 1 63
188814 1 509
189507 2 60
190693 2 214
191912 11 723
192439 12 360
192636 3 583
193056 5 370
193280 9 725
193660 1 634
195453 1 212
196253 18 895
196254 1 252
196281 7 617
196973 1 324
196979 5 102
198714 2 461
199134 6 80
199426 4 159
199441 1 267
200084 14 598
200086 8 220
200458 2 129
201233 1 465
201283 12 198
201503 5 509
202310 4 611
202693 6 123
203122 2 125
203126 3 168
203511 1 526
204670 1 369
207148 13 396
207988 2 630
207991 2 611
207993 1 550
207995 2 599
207996 1 750
208001 4 126
210544 4 107
212809 6 537
215995 2 149
216989 1 541
217244 5 154
218074 6 759
218630 6 243
218688 15 401
218689 8 704
218696 6 605
219085 12 273
219301 6 190
221242 5 122
221299 1 809
221459 1 565
221577 3 595
221717 9 580
223637 5 201
223979 3 173
224399 1 594
224784 4 275
225604 19 567
225605 8 233
225960 6 128
226441 3 166
226447 3 167
227312 3 776
227817 3 196
228474 6 197
228786 3 539
228957 2 508
229001 2 279
229395 3 78
230129 7 137
231245 1 219
231671 3 175
232390 3 62
233051 10 404
233716 3 262
234422 12 381
234591 11 497
234739 6 1168
236052 1 139
236351 4 288
236363 12 384
236491 1 273
236959 3 299
236971 3 282
237427 2 274
237618 2 838
237979 3 396
238220 4 91
238263 5 308
238420 3 506
241076 6 575
241494 3 114
241767 7 196
245093 1 289
246162 7 164
247078 5 220
247133 8 301
247377 3 542
247671 3 295
248136 6 311
248355 10 222
248937 2 569
248944 1 55
250279 3 72
250317 14 1095
250325 8 6286
251104 1 184
251178 5 686
252498 7 429
252502 6 72
252624 5 605
252625 6 485
252629 8 587
252635 1 475
252637 4 554
252639 2 787
253163 1 187
254549 1 420
254668 13 382
254718 1 763
254865 1 105
255559 4 391
255619 2 59
256602 2 102
258411 1 281
259493 2 67
263209 2 116
264624 5 368
264830 5 353
265810 1 16729
265816 8 25803
265822 8 5726
267198 7 3674
268652 1 143
270793 13 2426
271588 1 191
272233 3 192
272359 8 219
272671 2 4397
275691 1 456
275895 3 104
275966 2 74
276866 1 215
280239 7 3674
280619 2 11500
283128 2 169
283272 1 123
285322 3 615
285581 5 275
286453 6 2139
286454 1 712
286694 1 313
286721 2 1527
286770 2 284
286772 3 424
286911 1 208
286915 11 344
286927 16 408
286955 22 502
286958 4 242
286985 28 5408
287013 8 499
287038 8 618
287043 26 271
287049 6 2008
287052 63 2922
288060 1 373
288105 7 556
288190 2 181
288505 1 201
288520 3 143
288553 2 551
288591 4 97
288598 4 249
288599 9 278
288608 3 466
288613 8 179
288627 5 160
288637 1 222
288657 2 529
289289 21 887
289558 9 673
289613 4 1798
289672 6 851
289732 2 4132
289734 4 4107
290256 6 30074
290435 46 8814
290440 5 15196
290441 51 2293
290465 1 15747
292810 1 371
294108 7 234
294967 1 7544
295142 4 89
295190 10 181
295215 17 1405
295216 17 1444
298036 3 147
299728 1 87
301623 2 183
303734 15 25485
305992 5 869
306175 2 10421
306192 1 698
306237 73 26903
306261 17 385
306262 5 339
306263 10 326
306270 13 448
306273 7 344
306278 1 285
306284 154 21202
306831 14 515
307267 4 171
307295 17 526
307443 5 449
307453 46 49380
307664 3 494
307700 8 213
307704 8 381
307710 5 182
307823 4 135
307859 8 238
307909 14 515
308186 6 36306
308246 69 20735
308250 1 352
308513 2 8438
308641 16 994
308771 124 8972
308777 10 767
308786 30 1397
308789 7 3638
308809 124 8972
308815 10 756
308824 32 1393
308827 7 3641
308872 2 908
308919 6 13545
308947 5 16976
308953 5 14138
308973 6 13545
309001 5 16976
309007 5 14138
310232 2 533
311565 1 117
312565 6 576
312833 7 337
313009 3 228
314479 1 404
314595 3 221
317585 10 194
318994 3 486
320693 6 146
320807 2 91
321776 4 152
321975 14 2794
323981 2 667
325340 1 209
325372 2 284
325412 14 924
325420 9 847
325430 3 163
325431 3 123
325434 19 1036
325438 3 257
325439 11 439
325440 23 352
325441 5 290
325480 5 337
325483 10 781
325484 25 1752
325485 21 996
325486 17 688
325488 16 364
325489 12 626
325492 24 527
325493 17 1103
325494 18 877
325509 68 2115
325510 35 3054
325514 11 1887
325537 10 4579
325543 3 2471
325571 11 195
325573 5 419
325579 1 344
325580 2 174
325581 2 242
325584 9 522
325586 7 1077
325587 30 2931
325671 1 1012
326105 2 669
326123 19 14885
326129 2 67196
326166 1 692
326170 1 202
326382 9 616
326408 4 151
326449 1 155
326474 5 523
326847 21 557
327020 8 418
327224 1 193
327342 1 182
327343 4 176
327384 2 19585
327394 4 22044
327403 8 5903
327407 9 18061
330556 2 131
331851 6 563
332294 19 287
332663 4 118
332713 8 946
333402 5 167
333438 2 278
333513 2 170
334488 17 436
335746 8 193
338591 2 245
338711 6 232
339539 4 275
339716 4 568
343673 6 203
345320 3 109
347378 5 195
347420 16 1196
347472 4 173
347617 4 200
347837 35 63219
347838 1 6657
347869 6 47445
347870 1 1104
347932 4 875
347986 40 1497
348014 9 121
348023 11 852
348025 8 514
348029 48 2308
348062 3 1962
348877 5 513
348930 3 1448
348954 9 231
348986 2 237
348987 6 383
349008 4 280
349901 7 1708
349902 3 3417
349994 98 8773
350144 2 2979
350325 16 427
350445 8 555
350449 2 14072
350479 3 11696
350496 5 14081
351462 1 208
354175 5 230
354497 3 104
354549 3 183
354732 4 89
354741 10 796
355139 2 100
355140 1 151
355690 6 217
355909 2 162
356460 7 172
356480 7 172
356955 4 145
357005 5 266
357132 4 187
357323 5 5269
357453 4 517
357597 7 367
359152 1 9815
359754 3 291
361105 1 4143
364208 1 116
366789 2 139
367791 1 2239
367940 7 164
369406 5 294
371002 2 204
371931 27 2532
371963 27 2533
372000 10 415
372018 1 341
372063 4 136
372065 2 352
372066 21 505
372096 5 113
372217 5 179
372236 4 198
372258 11 4260
372270 3 1513
372271 30 3535
372278 38 28092
372279 3 5420
372281 6 5554
372406 6 14595
372485 22 1458
372977 5 413
373077 1 421
373171 1 298
373280 27 743
373283 4 314
373284 4 262
373285 1 162
373287 3 200
373288 6 396
373301 5 367
373305 22 370
373339 8 264
373349 11 339
373353 9 264
373422 7 179
373423 9 164
373428 10 221
373430 7 152
373431 9 211
373434 9 324
373440 3 198
373445 5 177
373469 9 177
373470 7 170
373471 3 180
373767 3 90
373834 14 44460
374014 89 80805
374713 4 132
374719 9 409
374720 9 397
374882 6 266
374883 2 399
374884 1 407
374994 1 13993
376386 1 9418
377034 3 162
377444 3 345
378139 4 401
378223 1 150
378297 2 126
379011 5 143
379124 3 194
379398 5 373
379423 1 911
379652 4 311
379768 3 160
380181 2 442
380211 11 335
380268 27 740
380403 8 312
380636 8 156
380637 7 171
380698 3 179
380805 6 395
380806 3 199
380857 9 212
380863 9 262
380915 5 173
381046 9 178
381047 7 165
381170 5 145
381198 4 352
381280 2 315
381412 3 261
381586 4 143
381647 5 413
381648 9 558
383055 1 153
383743 1 306
384311 2 245
387446 22 363
388703 2 204
389149 6 184
391686 3 182
391757 4 158
392333 8 262
392672 10 314
393285 3 174
393526 1 8178
393550 6 30891
393739 1 417
393740 4 264
393742 10 2994
393743 1 2166
393747 56 58177
393774 4 436
393789 47 1407
393795 12 269
393812 7 226
393817 16 300
393827 24 307
393834 1 255
393837 7 240
393841 5 440
393845 14 2852
394715 4 576
394739 4 304
394740 18 647
394809 5 1375
394881 6 183
394897 7 218
394898 28 26758
394907 8 3529
394919 1 153
394954 15 421
395132 2 171
395139 8 199
395164 4 567
395211 4 233
395234 4 120
395242 35 23266
395254 11 233
395256 1 309
395257 2 252
395273 6 263
395309 6 159
395316 9 186
395317 7 206
395319 5 188
395322 5 205
395326 8 239
395860 3 1844
396258 15 38258
397334 2 533
405363 1 319
407797 2 133
408359 2 401
411214 3 171
421402 24 961
421886 3 120
422222 2 222
426547 5 534
426677 4 94
428066 1 541
428318 1 897
430873 1 127
434811 5 781
436740 5 2252
439909 4 253
440453 26 899
441608 2 142
444033 1 1236
444111 2 413
447260 1 296
451911 5 474
453145 18 275
453334 5 840
455358 6 443
456853 15 1714
456894 17 738
458430 6 421
459054 20 649
465291 2 526
465565 5 302
466339 1 682
467214 1 91
474972 1 1119
476214 3 567
476310 2 385
476640 10 1461
477334 3 133
477627 1 648
480620 2 112
482476 2 588
486867 9 321
491228 1 604
492970 5 170
493459 20 849
494259 1 721
495713 45 996
495717 2 594
496302 4 613
496694 2 428
498144 18 528
499461 3 1140
500376 3 443
502043 1 1345
502249 2 752
506913 2 304
508489 2 789
520581 1 1016
520609 5 1617
520969 3 451
522364 12 846
522733 1 57
526399 15 813
33 10 19382
94 4 492
2641 19 17392
4646 1 413
4649 4 279
4650 1 93
4651 3 123
4652 3 103
5364 7 577
5370 4 636
5394 10 222
6089 2 596
7892 1 102
7894 2 235
8148 14 17754
8496 1 259
8705 9 411
8887 2 236
9378 5 356
9653 1 543
9666 3 400
10058 9 395
11687 2 340
11791 9 443
12899 4 453
12922 7 214
12965 1 776
13042 14 371
14338 5 580
14991 1 378
15075 2 242
15686 1 381
17051 2 652
17052 2 670
17064 10 841
17111 2 426
17307 7 507
17385 2 657
17391 1 604
18970 4 497
18976 5 346
19596 2 249
20788 1 613
20807 1 228
21614 20 32241
22638 1 275
22777 1 388
22780 3 550
23282 1 267
23649 1 627
24297 1 525
24576 1 471
24577 1 416
25656 3 15042
25819 5 488
25826 1 422
25862 1 415
25865 1 322
25881 1 598
25896 2 476
25897 2 226
25912 1 392
26628 13 1050
27915 1 557
28604 3 340
28605 2 327
28945 1 688
28960 3 424
28969 2 407
28972 54 2567
28975 50 1782
31112 1 438
31148 2 260
31462 1 323
32881 2 684
32883 6 2700
32886 2 275
32888 2 724
33082 2 258
33666 30 590
33764 1 436
34732 11 9225
34753 5 455
36136 1 228
36137 1 446
36418 14 463
36533 1 586
36550 1 486
36552 4 603
39279 1 405
39287 1 462
39314 1 324
39318 2 419
39523 4 336
40661 3 401
40666 1 607
40667 1 229
40672 2 398
41199 3 603
41200 3 446
41201 2 485
42921 2 243
43372 2 453
43564 1 380
46967 2 242
47642 40 11472
49987 1 265
50124 2 250
50306 2 275
50682 9 32839
50888 1 309
50976 16 229
52214 42 64459
52501 6 580
52678 8 15365
53156 2 253
53778 1 576
54574 1 564
54575 4 482
54583 2 470
54609 1 550
55371 8 52248
56094 4 740
56099 2 583
57800 2 161
59716 1 446
60425 1 139
62064 2 4939
63221 1 608
63738 1 313
66489 1 688
67782 1 836
70327 1 646
72424 2 543
73300 2 705
74112 1 130
74293 2 536
77187 1 1202
78609 1 538
79357 1 806
79900 1 116
80675 2 199
81045 5 552
81223 1 659
83528 2 1189
83584 2 644
83592 2 523
84104 1 556
84963 1 310
85332 1 1030
88521 1 338
90319 2 276
93238 1 486
96486 1 218
97054 1 222
97643 1 324
99331 1 130
100200 4 347
100821 3 745
100946 2 642
100948 1 659
100949 1 609
102697 1 121
103055 2 272
103073 1 652
103178 2 308
104236 2 569
105306 1 614
106463 1 945
107575 1 965
107642 2 251
107957 2 474
108638 1 612
109914 2 506
110004 1 910
110005 1 429
110719 1 126
110901 1 255
112102 1 580
112455 1 293
112494 1 256
113617 7 589
113618 1 634
113622 1 525
116239 2 498
116528 2 184
118603 3 274
118852 4 988
120085 2 399
120150 1 450
120152 1 601
120205 4 766
120461 1 437
120727 1 241
121080 2 243
124245 1 198
124491 1 415
124752 2 578
124889 1 100
127270 1 657
128729 1 340
130535 2 893
131106 1 385
131387 1 364
133129 2 715
133273 1 294
133275 1 459
133727 1 1143
134333 5 594
136518 2 221
137093 1 425
138890 1 317
139164 2 140
142141 2 7912
142149 1 356
143794 1 186
144910 2 254
146989 1 636
147002 1 458
147004 1 631
148288 5 593
153837 1 75
154580 1 310
158571 3 604
158572 2 552
158576 2 654
158577 1 680
158780 1 224
160280 2 577
160509 2 428
161188 1 169
161498 2 222
162001 1 238
163156 1 734
164314 1 591
164509 1 429
164510 1 359
165227 2 429
166589 1 554
173585 2 71
175911 1 153
176805 1 400
177712 4 585
177728 1 657
178604 1 589
179125 1 364
182412 1 682
182417 1 843
184422 1 1330
184527 1 596
190693 1 214
191912 1 723
192636 1 583
193280 1 725
193660 1 634
195453 1 212
196253 1 895
196254 2 252
196973 1 324
201283 1 198
204670 2 369
207991 2 611
207992 2 480
207993 1 550
216989 1 541
218074 1 759
221299 2 809
221577 1 595
221685 1 405
225604 1 567
226441 2 166
226447 2 167
227312 1 776
227817 4 196
228738 6 536
228957 1 508
229395 2 78
231245 2 219
231671 1 175
233051 1 404
234591 1 497
234739 1 1168
236351 1 288
237618 1 838
238420 2 506
245093 1 289
245984 1 182
247671 1 295
248136 1 311
248445 1 618
251046 1 230
252498 3 429
252625 1 485
252639 1 787
253163 1 187
254549 2 420
255559 1 391
258411 5 281
261717 1 72
264624 1 368
264830 1 353
265810 2 16729
265816 6 25803
265822 4 5726
268303 1 6782
269996 1 6852
270890 2 2870
271588 3 191
275895 2 104
275966 1 74
276566 3 390
280619 10 11500
283272 2 123
286448 1 343
286453 1 2139
286455 1 1284
286694 1 313
286721 2 1527
286770 1 284
286772 1 424
286911 1 208
286927 1 408
286958 1 242
286985 17 5408
287049 3 2008
288060 2 373
288190 1 181
288505 3 201
288591 3 97
288608 2 466
289289 1 887
289558 8 673
289610 1 2184
289613 1 1798
289672 4 851
289732 3 4132
289734 1 4107
290256 2 30074
290435 8 8814
290440 11 15196
290441 2 2293
290443 5 4140
290465 5 15747
292810 2 371
294108 7 234
294967 8 7544
295142 3 89
295190 4 181
299728 2 87
301623 1 183
303731 1 3106
303734 13 25485
305992 3 869
306175 33 10421
306192 3 698
306237 8 26903
306273 1 344
306284 20 21202
307453 111 49380
307664 1 494
307710 1 182
307859 7 238
308186 6 36306
308246 2 20735
308250 1 352
308513 3 8438
308641 2 994
308771 2 8972
308777 7 767
308786 13 1397
308789 7 3638
308809 2 8972
308815 5 756
308824 13 1393
308827 7 3641
308872 2 908
308919 4 13545
308947 9 16976
308953 8 14138
308973 4 13545
309001 9 16976
309007 8 14138
311565 2 117
312401 14 5388
314479 1 404
318994 1 486
320807 1 91
321975 2 2794
323981 3 667
325340 2 209
325372 1 284
325403 2 427
325431 1 123
325438 2 257
325480 1 337
325484 4 1752
325485 1 996
325492 1 527
325493 1 1103
325509 1 2115
325510 4 3054
325514 1 1887
325537 2 4579
325538 3 1844
325573 2 419
325579 1 344
325671 2 1012
326017 1 342
326105 3 669
326123 30 14885
326129 575 67196
326166 3 692
326170 2 202
326382 3 616
326408 3 151
327020 1 418
327224 3 193
327384 6 19585
327394 16 22044
327403 6 5903
327407 10 18061
328992 2 5954
329225 6 7875
329231 2 7437
329804 3 7586
330556 1 131
331432 1 8083
332294 1 287
338711 1 232
339539 2 275
341673 3 60
345320 2 109
347378 4 195
347420 1 1196
347472 3 173
347837 56 63219
347838 8 6657
347869 21 47445
347986 1 1497
348023 1 852
348029 3 2308
348870 5 307
348877 4 513
348986 6 237
349008 2 280
349994 21 8773
350144 2 2979
350325 1 427
350449 13 14072
350479 3 11696
354266 1 317
354497 3 104
354549 3 183
355139 4 100
355140 1 151
357005 4 266
357323 6 5269
359152 13 9815
360820 1 434
361105 3 4143
362231 1 600
364208 1 116
366789 1 139
367791 1 2239
369406 2 294
371002 1 204
371931 1 2532
371963 1 2533
372000 3 415
372140 1 120
372258 2 4260
372271 10 3535
372278 15 28092
372279 6 5420
372280 1 5317
372406 11 14595
372485 3 1458
373062 1 384
373077 2 421
373171 8 298
373280 3 743
373283 5 314
373349 3 339
373422 1 179
373428 4 221
373430 2 152
373440 3 198
373471 1 180
373767 1 90
373834 10 44460
374014 14 80805
374713 2 132
374720 5 397
374882 2 266
374884 2 407
374974 2 12901
374994 5 13993
376386 2 9418
376610 5 7750
377034 4 162
377444 1 345
378071 5 7768
378223 1 150
378266 2 7092
379124 3 194
379652 5 311
379768 4 160
380211 3 335
380268 3 740
380637 1 171
380698 1 179
380857 4 212
380915 2 173
381170 2 145
381412 4 261
381586 1 143
381648 2 558
383743 1 306
384311 8 245
388485 1 1153
388703 2 204
391757 1 158
392672 1 314
393526 2 8178
393550 6 30891
393740 5 264
393741 1 307
393742 1 2994
393743 1 2166
393744 1 104
393747 17 58177
393774 1 436
393789 1 1407
393812 2 226
393817 2 300
393834 1 255
394715 19 576
394897 2 218
394898 8 26758
394907 7 3529
394919 1 153
395242 13 23266
395254 4 233
395256 1 309
395257 8 252
395309 1 159
395316 4 186
395322 3 205
395326 1 239
395860 6 1844
396258 42 38258
397334 1 533
398883 2 721
405363 2 319
405701 2 327
407797 2 133
408359 2 401
411214 4 171
426547 1 534
426677 2 94
428066 1 541
428318 1 897
430873 1 127
434811 6 781
436740 2 2252
444033 2 1236
444111 1 413
447260 1 296
451911 1 474
453145 1 275
453334 1 840
456853 1 1714
456894 4 738
458430 4 421
459054 1 649
466339 6 682
467214 2 91
474972 2 1119
476214 4 567
476310 1 385
476640 2 1461
477334 1 133
477627 1 648
480620 2 112
490193 1 422
491456 2 362
494207 1 1210
494259 1 721
495713 1 996
495717 7 594
496302 3 613
496694 4 428
499461 8 1140
500376 5 443
502043 2 1345
502249 2 752
506913 1 304
508484 2 614
508489 9 789
518378 2 367
520581 3 1016
520609 7 1617
520969 1 451
522364 1 846
526399 5 813
