3064 1 352
4198 1 947
5091 1 250
21221 1 1817
30081 1 360
47950 1 1422
287191 1 553
288347 2 362
288468 1 552
288489 2 173
307459 1 92
307511 1 182
326237 1 280
326297 2 334
327160 2 945
358002 1 213
365498 1 413
374917 1 234
376610 1 7750
395066 3 484
395085 2 125
406156 1 111
439235 1 148
483653 1 1992
4338 1 16989
12709 1 20008
21221 1 1817
21614 2 32241
34722 4 13257
36802 16 29903
42195 2 422
42196 1 329
46917 3 10490
50682 8 32839
52214 11 64459
59146 1 34
61001 1 31
62346 1 215
62569 5 72
66006 5 77
67936 1 293
69522 1 494
76663 5 2219
83102 1 29
84062 1 25
84933 4 55
88091 1 23
89328 2 32
98359 1 757
102094 1 34
102197 3 43
102487 3 51
111031 3 1103
112461 1 40
115534 4 55
117703 1 139
121952 3 41
128178 3 64
130718 1 406
134076 1 792
136291 1 46
144117 2 57
147141 2 821
147679 1 124
147856 2 411
149575 1 453
158988 1 220
163824 3 51
164309 3 41
172932 1 732
175084 2 1451
178446 2 38
180782 1 41
194455 4 59
202456 1 1374
214655 5 77
215146 5 78
220283 19 294
220950 3 61
221815 1 44
222934 1 271
226491 1 1280
229801 1 1448
231710 16 259
242462 2 411
244663 2 988
247852 5 66
250325 2 6286
250843 1 55
255307 5 65
256342 1 539
259265 2 38
260037 2 56
260743 3 74
265810 5 16729
265845 14 17259
280619 1 11500
286335 1 827
288258 1 207
288264 1 172
288376 1 785
288484 1 537
289348 4 18428
289732 1 4132
289734 9 4107
290256 18 30074
290465 14 15747
294698 1 1294
301865 10 18367
303734 8 25485
305977 4 3942
307453 1 49380
307497 2 1106
308186 6 36306
308919 9 13545
308973 9 13545
326129 10 67196
326190 2 226
326191 2 197
326362 2 192
327384 5 19585
327394 2 22044
327407 8 18061
328992 3 5954
329225 1 7875
329493 5 7227
329569 1 7587
329804 1 7586
330245 7 4448
331432 2 8083
344012 2 1118
347837 9 63219
347869 4 47445
350144 1 2979
350454 1 4709
350496 4 14081
357388 2 303
358002 2 213
367791 5 2239
373249 2 189
373834 60 44460
374014 99 80805
376386 5 9418
377498 2 4385
389588 2 191
393526 1 8178
393550 4 30891
394898 5 26758
395014 1 444
396258 2 38258
397286 1 144
404220 1 667
404318 1 571
406969 1 1875
411310 1 910
421419 1 89
421768 2 343
424569 1 466
428159 2 862
454748 1 677
458756 2 719
466354 1 700
471022 1 509
480518 1 448
484020 1 936
491233 1 387
497880 1 338
501655 2 616
512370 2 813
523195 1 1175
526032 7 565
3065 1 212
3065 1 212
3070 20 233
3070 20 233
3071 6 154
3071 6 154
15111 9 501
15111 9 501
15112 2 433
15112 2 433
15113 4 469
15113 4 469
21795 1 233
21795 1 233
22349 15 587
22349 15 587
25168 2 301
25168 2 301
25169 2 426
25169 2 426
25170 8 250
25170 8 250
25171 10 286
25171 10 286
29544 3 224
29544 3 224
34682 6 602
34682 6 602
36455 1 431
36455 1 431
41814 1 233
41814 1 233
52279 2 399
52279 2 399
57629 1 489
57629 1 489
66123 1 522
66123 1 522
73314 1 152
73314 1 152
75254 4 1376
75254 4 1376
117368 2 36
117368 2 36
127984 2 42
127984 2 42
129728 3 756
129728 3 756
134076 3 792
134076 3 792
138028 1 578
138028 1 578
143824 1 320
143824 1 320
144017 2 472
144017 2 472
164852 1 746
164852 1 746
166279 2 304
166279 2 304
188347 1 329
188347 1 329
204502 3 594
204502 3 594
210264 1 69
210264 1 69
256342 1 539
256342 1 539
265272 1 134
265272 1 134
265375 1 111
265375 1 111
275691 1 456
275691 1 456
286335 2 827
286335 2 827
288376 6 785
288376 6 785
292380 1 182
292380 1 182
305152 1 1458
305152 1 1458
308256 1 266
308256 1 266
326190 9 226
326190 9 226
326191 7 197
326191 7 197
326192 18 356
326192 18 356
326206 2 252
326206 2 252
326290 2 733
326290 2 733
326348 6 347
326348 6 347
326349 5 409
326349 5 409
330245 1 4448
330245 1 4448
331606 3 314
331606 3 314
332690 1 176
332690 1 176
350081 1 179
350081 1 179
351803 1 192
351803 1 192
358002 1 213
358002 1 213
360428 1 1510
360428 1 1510
360800 2 158
360800 2 158
371194 1 107
371194 1 107
372978 4 311
372978 4 311
373209 3 312
373209 3 312
378071 1 7768
378071 1 7768
384585 1 2617
384585 1 2617
395066 11 484
395066 11 484
395072 1 166
395072 1 166
397449 1 835
397449 1 835
401162 1 137
401162 1 137
404220 2 667
404220 2 667
404318 1 571
404318 1 571
406156 1 111
406156 1 111
