6968 1 5837
8095 6 1320
8363 1 635
8791 7 355
17238 1 499
17263 1 497
17264 4 556
17289 1 391
17290 4 550
18392 1 448
19368 2 341
19370 4 303
21377 2 4381
24544 1 548
25218 2 9144
26434 31 725
28175 3 417
32366 8 437
33142 4 265
33747 2 305
34482 13 668
34483 33 785
34501 7 454
36224 3 423
36233 2 498
38314 1 376
39626 3 254
41237 2 564
42273 3 300
42285 3 440
43127 2 326
46032 5 554
47788 4 1044
49043 1 280
51799 20 428
52214 9 64459
53317 1 5949
55183 2 234
56598 3 621
57403 7 231
57425 1 197
60763 3 124
60900 3 142
62642 1 81
64772 1 230
66903 6 663
67394 1 74
74577 1 52
75702 1 178
76793 1 100
79112 1 407
79675 2 335
80661 1 110
82427 2 186
86044 1 779
87690 4 106
90130 2 131
91395 2 255
92618 2 39
92635 1 187
93206 2 716
96169 1 154
96437 3 126
97622 2 50
97771 3 148
98528 2 271
99158 4 478
99159 5 420
99176 6 375
100403 4 550
102133 3 154
102559 2 117
103375 2 209
103715 1 590
104033 1 251
104206 1 75
105004 1 132
105100 2 348
110204 2 326
111406 1 93
111690 5 209
113087 10 230
113152 5 154
116194 1 109
117179 1 100
119903 4 543
123074 5 697
124577 10 368
124727 5 300
129929 2 72
130101 3 165
132936 1 217
133432 1 216
137560 3 142
138857 1 87
139709 5 107
140481 3 620
142838 2 218
143519 4 123
145791 1 145
150216 3 642
150218 2 273
152181 1 78
152544 1 123
153808 1 130
154716 1 580
155474 2 526
156377 1 154
156378 1 364
158060 1 71
158188 1 194
159622 3 657
160579 4 208
163479 3 312
164534 9 375
166685 2 68
168891 1 588
170588 2 87
172773 3 176
172940 1 532
173831 3 459
174990 3 169
177662 1 227
178018 1 139
178292 1 50
178449 1 95
181301 1 1176
185084 3 450
188931 1 528
191263 16 491
192948 1 129
194154 5 96
195187 2 376
196793 1 627
196896 1 594
197558 2 289
198110 1 1245
199607 1 49
200167 6 475
200450 1 122
204382 8 324
204426 1 140
204880 1 112
206278 2 115
207543 8 212
207926 14 312
207936 7 173
211048 2 196
212388 1 568
212472 7 279
213487 1 207
214562 3 87
217030 2 173
217476 1 121
219560 1 224
221040 2 715
223034 4 426
226973 10 148
229506 1 52
230065 2 484
230560 3 438
231222 3 107
233438 1 371
234485 2 240
234762 4 516
240873 2 223
241803 1 88
243388 1 319
243789 2 460
244915 4 151
247112 15 549
249884 2 406
250095 6 168
252147 3 198
254528 3 40
254613 1 109
254640 11 287
254974 3 242
258851 6 562
260715 2 489
261424 9 239
261434 4 483
263154 2 160
265191 2 97
265353 2 85
265822 3 5726
270647 2 164
272633 6 129
277529 1 699
284282 1 186
285041 1 307
286684 2 442
286735 2 2545
286778 11 482
286779 2 691
286903 11 237
286910 16 1405
286946 11 4569
286960 12 248
286985 3 5408
287036 20 965
289479 2 1532
290263 1 121
290290 2 204
290349 14 358
290465 1 15747
294566 3 132
295567 1 219
295830 20 334
302365 1 129
306014 3 284
306130 1 614
306161 2 715
306175 9 10421
306212 3 391
306269 1 236
306282 4 4220
306291 2 1387
307453 1 49380
308337 4 195
308760 7 2376
308798 7 2343
308878 2 137
308947 2 16976
309001 2 16976
311034 5 203
313368 3 144
323696 1 570
324618 2 87
325391 4 237
325442 34 1076
325443 1 632
325444 9 933
325543 1 2471
325589 4 158
327333 15 1452
327384 2 19585
327403 2 5903
327407 3 18061
327409 1 3377
330224 1 230
345414 1 150
347837 22 63219
347838 8 6657
347869 41 47445
347882 4 325
347883 1 213
347895 2 313
347937 1 337
347940 5 312
347950 2 381
347955 9 315
347962 32 1735
347973 2 192
347974 18 369
347976 4 209
348035 3 190
349510 1 1757
350068 1 1518
350208 2 198
350215 8 173
350355 14 542
350407 7 259
350449 1 14072
369585 1 252
370918 7 178
372272 1 797
372273 1 242
372274 8 508
372278 20 28092
374627 2 172
374862 2 394
393550 3 30891
393727 3 342
393739 1 417
393747 8 58177
393764 1 2086
393767 3 259
393777 15 242
393778 9 597
393805 17 282
395584 32 8890
395585 54 30629
397093 1 254
397094 2 221
397343 1 304
399026 2 303
400898 1 910
401570 8 421
401622 5 268
401649 3 88
403185 37 855
403576 15 480
403743 1 924
405045 1 257
406093 4 611
407852 2 459
407878 3 605
413982 2 486
415689 2 693
416162 12 593
417039 2 621
418885 1 722
419925 1 530
421623 3 95
423593 2 814
426192 1 691
427313 1 200
432226 1 610
434335 12 869
434343 3 122
434660 1 96
435530 1 467
436740 1 2252
439742 22 689
440076 3 120
444414 1 423
447040 49 932
447911 1 359
449642 1 146
452343 3 289
454749 1 658
455649 1 297
457460 2 112
458694 2 588
462440 1 32
464945 1 383
468104 8 446
470249 4 235
472473 1 185
472611 5 582
473535 1 219
474087 8 327
476852 4 88
476927 1 387
476985 1 304
477264 3 439
477598 1 242
478358 4 96
478580 16 362
487084 1 109
488224 3 444
489458 5 104
494625 1 223
494794 1 439
496597 21 1499
497268 1 517
497314 1 511
497483 1 33
497749 1 294
498331 1 174
499470 29 598
500232 1 483
503681 3 380
505131 3 366
507628 1 127
507746 1 447
507845 1 315
514907 1 567
515683 15 397
517997 1 417
521305 2 416
523268 1 567
525833 5 863
61079 1 119
74577 1 52
79112 1 407
86044 1 779
100403 3 550
145791 1 145
152544 1 123
156377 1 154
156378 1 364
168891 1 588
183284 1 137
188931 1 528
195187 1 376
196793 1 627
196896 1 594
197558 1 289
198110 1 1245
200167 1 475
217117 1 67
221040 1 715
223311 1 1082
225290 2 275
230065 1 484
233438 1 371
241803 1 88
242429 1 507
243388 1 319
247112 5 549
282395 2 132
282397 2 220
283257 4 200
284282 1 186
285041 1 307
286684 2 442
286735 1 2545
294566 2 132
295830 10 334
306161 3 715
306212 1 391
324618 2 87
325442 8 1076
325444 3 933
325543 1 2471
347837 2 63219
347882 4 325
347883 1 213
347962 1 1735
347976 6 209
350355 2 542
366920 3 130
369585 1 252
370918 5 178
372273 1 242
372274 2 508
388527 2 143
389902 3 137
390349 2 103
393777 1 242
393778 4 597
397093 1 254
397094 1 221
397343 1 304
399026 2 303
400898 1 910
403743 1 924
405045 1 257
407852 3 459
407878 3 605
413982 1 486
415689 2 693
417039 3 621
418885 1 722
419925 1 530
423593 2 814
426192 1 691
427313 1 200
432226 1 610
435530 1 467
439352 3 487
444414 1 423
454749 1 658
455649 1 297
464363 3 198
468104 7 446
472473 1 185
472611 2 582
473535 1 219
476927 1 387
476985 1 304
477264 3 439
477598 1 242
488224 2 444
489908 1 309
491312 1 298
494794 1 439
497268 1 517
497314 1 511
497749 2 294
498331 1 174
500232 1 483
503681 2 380
507746 1 447
507845 1 315
514907 1 567
517997 1 417
521305 2 416
523268 1 567
79112 1 407
79112 1 407
86044 2 779
86044 2 779
100403 1 550
100403 1 550
188931 1 528
188931 1 528
197558 1 289
197558 1 289
221040 2 715
221040 2 715
230065 7 484
230065 7 484
247112 1 549
247112 1 549
286678 2 200
286678 2 200
306161 16 715
306161 16 715
314004 1 273
314004 1 273
325442 13 1076
325442 13 1076
325443 2 632
325443 2 632
325444 1 933
325444 1 933
325535 1 6095
325535 1 6095
325589 1 158
