85368 3 74892
85645 7 153229
85773 11 82661
86034 1 48792
90678 32 9199
92609 1 24495
93098 1 6371
93926 1 5234
96049 3 78606
99325 1 20141
100428 1 447
102447 1 428
122429 1 145
240366 30 117963
243196 4 13700
243248 18 97794
243565 1 14930
243744 1 19522
244295 2 43543
244515 10 137580
245449 2 35219
245668 1 47659
245998 1 26287
246220 15 47306
247469 13 160821
247550 33 255154
248335 1 39898
248562 1 40310
249740 18 228328
250267 1 10956
250893 1 42856
253018 81 331696
253067 18 104143
253311 1 35432
253593 3 171848
253661 7 22094
253795 1 27039
254108 6 174176
255144 3 25727
255235 1 22001
255289 14 51128
255830 9 84137
257345 1 89736
257812 2 103213
258355 1 12953
258559 11 52150
258846 4 18003
258856 1 6607
457116 1 182
106 36 660
286 16 374
288 16 381
1210 5 653
1275 36 647
1463 1 261
1687 3 217
1690 16 238
2207 11 220
3061 9 312
3690 25 362
3951 1 236
4237 22 444
5289 12 195
5337 7 109
5566 4 306
5667 1 517
5813 5 263
6104 10 358
6252 4 246
6381 21 419
6550 6 358
7000 1 409
7633 9 214
7827 11 160
9094 8 192
9150 3 312
9313 12 203
9755 1 406
10338 17 220
10652 13 290
11013 3 358
11096 1 471
12214 3 107
12441 3 219
13371 1 209
13989 6 244
14588 3 464
14731 4 330
14944 33 605
15127 5 120
16326 2 478
16435 2 132
16532 12 378
17520 9 260
17899 3 264
18650 6 506
19232 13 180
19620 33 500
19629 38 795
20016 10 376
20212 5 277
20215 10 386
20240 2 313
20286 11 363
20338 6 100
20371 12 388
20458 3 263
20505 31 464
20506 26 450
20734 14 363
20865 38 783
20959 9 167
21393 8 213
22373 15 482
23291 24 440
23384 3 642
23533 14 269
24231 22 517
24237 33 278
24805 6 137
24827 62 642
24829 50 513
24920 7 288
25101 27 312
25322 3 627
25735 2 107
25785 6 266
26033 19 434
26074 49 350
26101 10 459
27019 11 211
27720 9 204
27949 15 414
28001 3 97
28030 14 417
28437 12 636
28440 6 527
28495 9 153
28591 5 111
28648 9 105
28935 1 147
29039 3 147
29179 7 331
29189 1 427
29257 10 218
29967 44 428
29969 28 293
29997 16 463
30311 11 164
30540 6 113
30784 2 330
30787 9 169
30807 9 196
30838 7 184
30879 11 141
31174 21 376
31507 8 140
31658 1 471
31790 4 227
31964 20 439
32290 6 433
32702 4 468
33300 1 293
34391 6 388
34511 4 418
34981 18 345
35145 2 403
35375 18 256
35381 3 446
35488 23 157
35497 3 191
35504 14 347
35508 9 403
37042 1 422
37249 1 225
38560 1 444
38857 4 186
39733 5 157
40994 1 545
42159 12 143
42202 7 205
42429 3 553
42563 6 280
42608 10 204
43957 25 357
43994 4 319
44031 1 368
44081 11 350
46533 1 324
47116 18 223
47308 5 571
48025 7 103
48086 1 360
48380 24 392
48785 3 323
48900 16 457
48953 3 437
49054 1 416
49394 6 102
49743 3 345
50044 1 221
50353 2 361
50432 11 124
50453 1 671
50858 4 135
50878 26 437
50911 27 446
50990 4 612
51080 2 228
51122 15 360
51213 13 331
51297 33 700
51799 1 450
51905 3 435
52080 5 128
52563 2 699
52617 3 423
52693 16 197
53041 13 202
53247 14 234
53497 4 359
53809 30 428
53890 2 373
54421 1 178
54430 7 461
54952 6 160
55072 2 404
55579 7 166
55737 8 237
55827 11 221
55867 5 163
56064 9 247
56118 7 252
56264 19 482
56324 9 215
56337 4 267
57661 14 380
57770 18 464
57813 17 440
57940 9 232
57969 19 399
58031 11 421
58519 1 304
59297 5 264
59614 4 134
59832 7 116
59988 2 550
60061 6 192
60331 9 141
60632 7 301
61209 2 564
62155 6 410
62185 1 179
62225 7 415
62935 2 454
63101 5 98
63460 2 472
64266 4 123
64285 1 178
64389 3 117
65181 16 424
65433 1 103
65589 13 391
65779 8 389
66758 3 368
67705 5 331
67781 2 542
68338 12 203
68722 1 180
68803 31 700
69790 15 375
69829 1 378
69833 8 185
69965 14 434
70337 9 149
70354 3 522
70483 13 263
70645 11 140
71126 33 197
71154 2 339
71894 4 308
72218 3 277
73115 4 314
73576 1 430
73585 6 96
73827 1 569
74166 12 304
75288 13 415
75321 14 324
75380 11 291
75395 15 553
75396 22 433
75432 1 97
75593 1 530
76621 4 318
76697 9 183
77273 3 162
77367 1 340
78425 7 441
78875 16 586
78885 16 346
78913 30 376
79146 4 117
79419 6 187
80483 2 29468
80974 1 1114
81603 5 9651
83777 25 2819
84642 77 2372
85188 56 3388
85368 225 74892
85481 35 70500
85645 56 153229
85773 7 82661
86034 25 48792
87677 1 1556
88428 7 1735
88516 10 646
88797 17 717
89403 1 1637
89679 2 5826
89812 538 13490
90894 14 5316
91246 4 3311
92558 41 15447
92609 15 24495
92842 25 4038
92917 2 166
93266 191 4210
93381 4 1810
93519 2 222
93730 1 325
93926 93 5234
94592 253 7523
95013 66 9897
95689 19 4224
95852 345 16553
96049 22 78606
96063 3 37082
96136 14 20896
97559 1 10199
98685 3 814
99072 14 4760
99336 50 3278
99791 4 575
100056 9 427
100130 4 221
100259 5 582
100428 3 447
100456 29 810
100457 1 307
100494 10 372
100665 21 925
101257 3 171
101403 13 547
101529 1 625
101953 1 742
101983 3 503
101993 3 231
102057 4 667
102447 13 428
102465 18 556
102485 33 1086
102530 1 429
102642 11 288
102759 1 115
102809 34 667
103064 1 513
103263 21 466
103315 2 58
103332 3 872
103368 2 564
103621 1 285
103714 6 525
103760 6 124
103778 13 346
104206 26 544
104382 7 470
104522 1 443
104680 1 318
104777 15 761
105012 10 179
105335 3 195
105628 22 703
105722 42 719
106073 12 419
106138 18 565
106280 3 635
106571 3 55
106848 1 35
107026 5 195
107048 2 556
107070 7 101
107319 4 209
107410 5 832
107492 40 654
107510 58 850
107511 1 789
107513 31 652
107514 1 386
107570 15 789
107665 16 434
107860 12 527
107993 22 370
108048 2 256
108200 1 606
108210 36 1097
108317 2 627
108460 2 739
108566 24 449
108707 11 1661
108838 2 114
109190 15 327
109207 14 478
109313 10 561
109611 4 197
109692 2 552
109761 17 363
109807 24 663
109993 21 430
110082 15 305
110269 9 606
110270 8 618
110652 3 72
110805 1 683
111076 11 447
111119 7 441
111374 1 594
111459 2 471
111543 21 538
111726 4 460
111754 2 449
111896 3 257
111968 3 85
112179 26 752
112257 16 596
112513 2 261
112542 1 304
112696 21 429
112697 6 693
113016 42 692
113147 5 1320
113169 34 644
113220 15 307
113304 10 614
113780 32 571
113808 6 682
114156 2 645
114683 1 133
114699 1 721
114702 5 158
114933 2 614
115074 1 501
115106 2 487
115538 2 655
115548 1 845
115620 1 1320
115698 5 573
115741 22 828
116300 18 461
116510 10 637
116556 28 542
116630 2 1325
116788 8 345
117068 5 409
117360 9 666
117362 49 1016
117372 14 423
117506 16 544
117663 21 452
117665 1 492
117700 4 90
117993 1 252
118079 24 757
118151 4 727
118175 6 124
118361 12 1832
118459 16 364
119030 3 84
119053 2 720
119067 2 1458
119126 12 600
119445 3 929
119472 1 170
119533 4 358
119563 4 487
119614 4 88
119767 5 74
120077 3 651
120218 7 296
120730 2 505
120858 12 838
121048 10 805
121397 1 478
121524 2 707
121525 1 375
121557 1 207
121756 3 146
121762 10 769
122168 1 769
122222 20 539
122429 2 145
122470 1 214
122661 1 1567
122692 1 1739
123089 7 1171
123162 35 600
123441 10 797
123634 28 521
123676 19 342
124094 6 143
124113 9 458
124420 2 371
124421 1 573
124571 1 862
124661 6 1035
124801 11 337
124838 35 468
125265 2 567
125308 7 719
125328 13 419
125462 5 569
125670 6 676
125684 2 467
125768 1 1419
125838 1 201
126046 11 260
126305 52 730
126520 12 1431
127947 20 576
127950 1 344
128241 1 239
128666 6 520
128837 8 156
128965 2 1463
129311 17 785
129425 20 498
129434 9 3012
129601 6 134
129800 2 511
129933 43 474
130153 4 2207
130292 3 236
130355 12 587
130543 22 752
130658 1 248
130828 19 443
130888 28 764
130908 2 266
130909 7 1286
131386 11 377
131466 81 1379
131467 3 435
131551 1 200
131671 1 408
131805 3 864
131956 5 832
132103 10 1240
132325 6 190
132423 8 785
132637 10 1117
132795 5 172
132924 2 774
132980 8 150
133112 15 214
133250 25 713
133269 10 319
133395 10 613
133493 5 83
133847 6 811
134014 50 676
134077 5 126
134112 5 54
134117 1 1307
134163 21 851
134246 3 503
134256 16 221
134472 39 1469
134531 1 276
134575 22 491
134643 5 524
134656 17 455
134708 3 297
134747 5 86
134826 4 237
134986 3 516
135001 1 145
135296 2 138
135492 4 1033
135524 6 128
135758 14 795
135764 13 758
135794 26 306
135812 2 582
135818 4 1206
135829 8 639
136017 50 638
136163 6 302
136189 19 451
136203 11 616
136220 13 772
136324 1 54
136381 8 722
136676 54 1336
136822 4 229
136894 15 832
136906 1 1318
136998 5 440
137044 12 367
137136 3 746
137341 1 517
137856 1 662
137929 20 299
138022 20 809
138121 17 681
138151 4 295
138167 4 608
138222 5 381
138352 1 518
138356 5 319
138627 17 430
138705 14 268
139118 13 333
139155 1 495
139158 2 1582
139234 1 476
139327 1 689
139396 13 375
139644 3 398
140076 53 1453
140172 2 1055
140388 5 503
140555 19 701
141025 7 326
141034 1 955
141287 9 181
142018 1 432
142043 14 553
142081 23 695
142123 2 363
142561 2 60
142582 2 562
142726 1 119
143014 4 1583
143166 29 1354
143262 11 553
143478 10 429
143702 1 46
143870 1 132
144107 9 186
144246 19 1048
144412 1 389
144502 11 783
144539 1 1572
144754 16 833
144827 8 386
144986 23 1083
145112 8 200
145762 4 143
145878 1 706
145960 13 394
146001 1 901
146123 84 740
146482 11 568
146503 5 320
146552 17 317
146689 7 709
146838 3 1777
146965 5 280
147007 13 324
147351 11 752
147376 1 62
147428 2 909
148239 4 722
148540 3 94
148543 12 696
148569 1 571
148675 5 946
148890 1 574
148925 1 410
148941 22 510
149068 21 493
149202 1 597
149426 33 671
149520 23 655
149530 9 478
149611 4 705
149834 4 160
149900 35 561
149968 5 341
150315 2 94
150358 34 1984
150361 3 674
150486 2 339
150559 16 531
150660 19 350
150715 3 159
150912 7 157
150944 33 765
151030 5 610
151088 1 530
151141 1 496
151259 2 1133
151422 13 1159
151474 2 241
151521 2 166
151792 21 658
151815 2 754
151958 7 114
151975 10 144
152260 1 56
152320 2 98
152365 3 193
152584 2 518
152937 1 646
153425 1 283
153427 25 824
153472 5 486
153550 4 531
153596 7 1028
153600 1 205
154036 2 4041
154117 49 1341
154240 24 856
154388 10 1190
154447 11 522
154885 11 326
155190 4 623
155231 1 632
155455 6 143
155577 2 172
155614 5 112
155629 3 711
155890 26 1497
156147 6 536
156295 2 303
156299 16 467
156472 1 661
156791 9 440
156821 1 255
156950 3 706
156968 1 772
157350 3 334
158033 22 632
158247 10 397
158273 1 728
158433 3 524
158439 18 815
158714 14 354
158734 2 676
158781 1 551
159354 1 126
159561 1 1133
159705 15 389
160146 2 1143
160407 5 233
160438 50 1165
160663 2 75
160705 2 704
160760 1 1293
160985 17 482
161061 3 238
161171 1 635
161199 1 669
161252 22 446
161387 41 1349
161571 5 601
161804 10 434
161808 7 109
161816 1 1976
162240 1 432
162778 3 716
163081 14 246
163137 7 811
163383 13 245
163755 4 639
163765 3 649
163782 1 399
163834 28 480
163963 49 1264
164002 6 858
164032 13 180
164061 3 806
164273 1 734
164409 13 508
164485 5 497
164701 17 325
164733 50 1231
164923 23 620
165138 3 640
165161 10 468
165921 6 373
166115 3 764
166393 5 638
166493 3 1318
166698 3 248
166759 6 153
166969 2 69
167021 10 355
167526 1 616
167536 29 932
167711 2 781
168054 5 1378
168069 10 706
168087 28 795
168179 5 92
168200 14 383
168244 4 666
168502 5 375
168532 1 674
168719 13 299
168750 11 721
168838 22 1704
168956 5 1229
169185 1 359
169334 2 496
169661 16 518
169852 5 648
170118 5 422
170652 26 1134
171151 56 926
171164 10 1106
171185 2 278
171298 4 197
171448 12 799
171561 1 1083
171630 21 719
171739 10 206
171745 1 726
171923 1 796
172109 1 65
172510 13 355
172683 5 372
172739 1 800
172931 2 547
173048 4 95
173175 3 696
173337 4 143
173585 3 640
173906 1 722
173981 12 378
174035 9 579
174176 3 467
174203 1 799
174298 17 1660
175102 1 462
177899 6 110
178136 6 112
182569 5 103
184418 4 92
184984 5 115
185877 5 131
190012 6 90
190034 5 135
193760 11 90
194151 9 110
195093 9 92
197567 2 160
210990 1 418
215007 5 116
216074 7 106
216909 5 98
220904 5 116
230363 5 87
231245 1 715
231280 5 332
231297 13 196
231301 17 212
231360 16 259
231485 11 251
231599 8 121
231611 2 171
231679 13 211
231862 6 173
232052 18 227
232102 12 225
232189 16 268
232269 16 681
232501 18 183
232630 21 256
232657 12 175
232877 11 138
232908 18 249
232988 9 206
233075 1 321
233476 39 485
233679 2 279
233856 4 507
233861 13 474
233934 14 172
234081 2 291
234110 24 215
234168 7 210
234216 38 1076
234253 12 237
234404 1 208
234468 10 261
234835 3 489
235081 1 355
235145 8 165
235291 7 120
235349 32 962
235461 11 380
235507 73 661
235514 20 230
235609 26 298
235748 12 157
235894 2 381
236136 15 199
236179 12 192
236247 58 723
236252 8 146
236436 1 695
236493 19 276
236530 1 273
236594 5 3544
236856 3 235
236874 52 533
236958 3 833
237006 6 247
237199 24 208
237293 5 1683
237574 20 240
238282 6 1212
238354 8 133
238364 5 1087
238458 16 300
238592 18 287
239123 10 148
239458 17 207
239564 16 321
239628 15 190
239672 16 281
239731 7 210
239943 22 349
240015 16 198
240170 20 387
240366 108 117963
240453 2 1804
240738 10 193
240761 4 260
240786 4 1468
240858 58 618
240862 11 1041
240929 17 177
240944 5 244
240972 3 675
240977 16 152
241873 37 395
241937 18 249
242012 6 215
242151 20 683
242335 17 178
242402 16 295
243125 15 822
243196 28 13700
243248 118 97794
243328 22 30540
243565 4 14930
243568 115 51992
243742 694 52641
243743 617 32782
243744 408 19522
243746 35 2340
243903 31 332
244088 1 148
244177 87 1895
244295 25 43543
244515 34 137580
244740 547 33732
244998 868 56078
245029 1802 93035
245127 7 5590
245346 111 21516
245371 23 6774
245449 5 35219
245668 1174 47659
245692 145 10223
245925 17 10538
245998 447 26287
246003 1664 79294
246220 71 47306
246674 42 19215
247060 1 25091
247469 17 160821
247550 44 255154
247593 1 152
247903 1 816
248179 13 34397
248181 6 22248
248335 36 39898
248562 7 40310
248610 3603 211360
248809 12 45708
248850 291 13792
249329 84 41571
249740 37 228328
250267 6 10956
250452 474 16435
250616 95 37169
250893 27 42856
251143 1 13145
251153 6 1263
251602 1 12934
251603 125 17552
252443 164 13382
252474 38 81579
253018 199 331696
253067 149 104143
253311 4 35432
253354 49 57179
253593 98 171848
253661 19 22094
253795 2 27039
253813 1 2774
253849 28 22736
253959 2 136
254108 130 174176
254557 6 141
255065 59 4492
255068 431 24184
255069 449 17727
255144 32 25727
255289 83 51128
255476 33 44402
255587 5 128
255777 5 64507
255830 24 84137
255974 277 9748
256341 4 36933
256424 1 2703
256485 3 107
256715 18 3781
257345 17 89736
257625 2 23419
257812 123 103213
258355 378 12953
258559 80 52150
258841 61 2251
258846 13 18003
258856 8 6607
261027 2 415
261059 40 575
261440 29 493
261708 2 564
262638 1 346
263684 12 327
263687 14 366
265748 1 384
266407 7 523
266428 13 322
266930 1 467
269561 1 460
273171 2 421
275154 1 763
275157 1 686
277559 3 550
278189 25 481
278190 14 454
279955 9 13056
279956 1 3591
280635 13 204
280821 1 346
282357 11 370
282367 13 327
284293 25 327
284295 7 333
295697 9 13014
295698 1 3638
295809 46 595
296288 3 231
296332 7 370
305216 19 420
305723 1 299
305833 9 453
307712 14 447
312369 1 111
312387 2 451
312680 1 458
314737 3 524
314751 3 388
316287 1 86
316981 11 352
318852 1 205
321922 1 422
321995 14 284
321997 27 485
322198 1 644
322437 1 189
326878 4 39
329150 6 499
329157 2 459
330530 1 157
330539 1 180
335172 9 454
337135 2 169
337341 9 76
339485 7 48
341641 2 30
342494 3 32
352130 1 522
352132 1 195
352722 3 32
354522 2 221
355124 12 120
355251 1 162
360499 26 427
360953 1 1199
364995 1 205
369388 1 118
370118 1 758
373534 1 287
375934 77 2075
376565 1 367
378793 1 307
382522 3 319
384032 7 462
384492 7 80
384523 17 185
385252 1 821
396803 1 662
398184 3 61
399558 3 487
404208 3 301
404784 4 455
404794 1 616
409850 2 556
411012 1 836
411618 23 690
414835 3 39
416393 5 71
416489 1 592
418033 1 569
419436 20 172
419916 3 647
421404 1 1189
423332 3 327
423906 4 833
424421 4 416
428183 22 574
432218 2 1120
445300 14 234
445339 61 1016
448530 1 665
451155 1 417
451530 1 683
454277 1 160
454592 1 1324
459313 5 560
460646 1 212
462038 6 78
463103 1 194
463691 1 686
463798 4 704
465169 1 76
465512 1 636
469095 5 3148
471953 1 268
472171 1 688
472905 1 258
473566 1 455
473688 1 507
474101 2 628
479984 6 559
480879 8 91
480887 15 175
482631 1 290
489917 22 609
490052 1 558
491518 25 558
494193 1 971
496056 8 101
497128 1 527
500712 1 368
500870 1 411
501544 1 434
504058 1 620
506349 21 503
508099 3 322
508638 2 601
511621 24 176
511622 36 547
511629 21 190
511635 51 463
512183 1 520
513892 1 756
513897 1 627
516808 11 465
516809 14 547
516812 52 885
520114 20 661
520272 1 896
521741 1 504
523444 1 670
523789 2 536
523996 2 518
106 2 660
886 9 264
1210 2 653
1275 2 647
1463 1 261
1687 1 217
3951 1 236
5667 3 517
6072 1 411
6252 1 246
6550 1 358
7000 1 409
7633 1 214
11096 1 471
11589 1 183
12214 1 107
12441 1 219
12918 3 99
13578 1 344
14646 1 246
14731 1 330
16326 1 478
18650 1 506
19620 2 500
20016 1 376
20212 1 277
20506 1 450
20614 6 320
23291 2 440
23384 1 642
25322 1 627
26101 1 459
27949 1 414
28030 1 417
29189 1 427
30784 1 330
30879 8 141
31174 2 376
31658 1 471
32290 1 433
32702 1 468
33300 1 293
33471 1 388
34391 1 388
34419 1 435
34511 1 418
34651 2 330
35145 1 403
35207 1 204
35381 2 446
35789 1 470
36844 1 205
37042 1 422
37249 1 225
38560 1 444
41276 1 138
42429 1 553
44031 1 368
44081 1 350
44330 4 229
46533 11 324
47308 1 571
48086 2 360
48108 3 145
48785 1 323
48900 1 457
48953 1 437
49054 1 416
49200 1 502
50044 1 221
50353 1 361
51799 1 450
51905 1 435
52617 1 423
52693 4 197
53890 1 373
54421 1 178
55072 1 404
55867 1 163
55883 3 140
55936 1 734
56337 1 267
58782 7 681
59316 4 262
59832 5 116
61209 1 564
61647 1 108
61929 2 390
62155 1 410
62225 1 415
62626 1 211
62935 1 454
63460 1 472
63671 1 202
64285 1 178
66758 1 368
68925 3 322
69829 1 378
69883 1 391
70354 1 522
70728 5 375
71985 1 238
72336 5 364
73576 1 430
74119 2 394
75432 1 97
75593 1 530
76621 1 318
77367 1 340
77479 4 155
78425 2 441
78568 4 160
80144 3 734
80483 50 29468
80974 16 1114
81603 31 9651
83647 8 9538
83777 2 2819
85368 1 74892
85481 8 70500
85645 8 153229
85656 5 479
85773 4 82661
86034 2 48792
86997 17 7203
87138 6 1733
87158 5 7955
87677 3 1556
88428 1 1735
89159 2 3416
89403 18 1637
89679 4 5826
89812 3 13490
90678 1 9199
90894 1 5316
91246 3 3311
91771 5 3191
91788 5 5063
92558 1 15447
92577 3 1719
92609 11 24495
92842 5 4038
93098 13 6371
93266 2 4210
93381 2 1810
93519 1 222
93730 1 325
94592 7 7523
95689 5 4224
95852 2 16553
96049 45 78606
96063 6 37082
96136 14 20896
96946 7 6630
97559 7 10199
97672 8 1962
97698 6 2455
98685 1 814
98801 6 8584
99072 2 4760
99095 2 131
99325 53 20141
99336 1 3278
99791 1 575
100456 2 810
101953 3 742
102485 1 1086
103315 3 58
103621 1 285
104191 1 244
104206 1 544
105246 2 678
106229 1 67
106750 1 271
107113 2 557
107410 1 832
107666 1 68
108200 1 606
108317 2 627
108707 1 1661
110805 1 683
110938 2 74
111457 1 1267
111459 1 471
111896 1 257
112096 2 1478
112097 1 652
112542 4 304
113169 1 644
113715 2 44
113770 1 74
114156 2 645
114699 1 721
115538 1 655
115548 2 845
115620 1 1320
116556 2 542
116630 1 1325
116809 1 46
116835 1 581
117362 1 1016
117665 1 492
117993 1 252
118036 4 700
119053 1 720
119126 1 600
119852 3 52
121048 1 805
121397 1 478
122168 2 769
122617 2 533
122692 2 1739
122809 1 160
123441 1 797
124661 1 1035
124735 2 236
125204 3 122
125265 1 567
126073 1 765
126303 1 531
126517 1 222
127878 3 643
127947 1 576
128965 2 1463
129385 5 71
129804 1 608
130828 1 443
130908 1 266
130909 1 1286
131466 2 1379
131550 1 822
131956 1 832
132383 2 594
132770 1 366
134117 1 1307
134575 1 491
134643 1 524
134986 1 516
135492 2 1033
135818 1 1206
136906 2 1318
137781 2 281
137856 1 662
138352 1 518
138577 1 436
139155 1 495
139158 1 1582
139234 1 476
139327 1 689
140172 4 1055
142018 4 432
142123 1 363
143014 1 1583
143416 1 740
145657 2 105
145878 1 706
145960 1 394
146001 1 901
146386 5 854
146838 2 1777
147428 1 909
149202 5 597
149513 2 64
150361 1 674
150669 2 812
151030 1 610
151088 1 530
151259 1 1133
151815 2 754
152366 5 505
152822 1 111
152842 2 55
153425 1 283
153596 1 1028
153936 3 69
154062 2 311
154387 1 621
154447 1 522
155002 1 921
156472 1 661
157889 2 715
158433 1 524
160705 1 704
160760 2 1293
161171 1 635
161816 5 1976
162778 1 716
163755 1 639
163782 1 399
164061 1 806
164273 1 734
164733 1 1231
166115 1 764
166393 2 638
166493 1 1318
167526 1 616
167711 1 781
168034 1 776
169085 1 210
169185 1 359
170118 1 422
171923 2 796
172739 1 800
173585 1 640
173906 2 722
174072 1 944
174203 1 799
183937 3 356
197567 2 160
204683 2 892
210762 1 440
210990 1 418
215615 1 258
220570 3 789
220672 1 3584
221175 1 388
221802 5 143
224106 1 142
231245 1 715
231611 1 171
231761 1 327
233075 1 321
233856 1 507
233861 1 474
234081 1 291
234216 1 1076
234835 1 489
235081 7 355
235734 1 128
235894 1 381
236436 2 695
236530 1 273
236594 2 3544
236958 1 833
237114 1 273
237293 1 1683
238364 2 1087
240366 76 117963
240453 1 1804
240738 1 193
240761 1 260
240786 1 1468
240972 2 675
242012 1 215
243196 1 13700
243248 16 97794
243328 1 30540
243568 2 51992
243743 2 32782
243744 5 19522
244295 9 43543
244515 13 137580
245029 10 93035
245127 1 5590
245346 2 21516
245371 6 6774
245449 3 35219
245668 12 47659
245925 8 10538
245998 2 26287
246003 6 79294
246220 8 47306
247060 2 25091
247469 47 160821
247550 71 255154
247568 11 3227
247903 2 816
248179 8 34397
248181 5 22248
248335 2 39898
248562 22 40310
248610 10 211360
248809 10 45708
249329 1 41571
249740 40 228328
250267 3 10956
250452 2 16435
250616 1 37169
250893 7 42856
251143 5 13145
251153 9 1263
251602 5 12934
251603 3 17552
252474 52 81579
252647 1 614
253018 87 331696
253067 15 104143
253203 2 33726
253311 1 35432
253354 9 57179
253593 98 171848
253661 1 22094
253813 23 2774
253849 4 22736
253959 1 136
254108 79 174176
255068 2 24184
255144 7 25727
255235 169 22001
255289 6 51128
255476 7 44402
255777 5 64507
255830 6 84137
256341 9 36933
256424 1 2703
256485 2 107
256715 1 3781
257625 7 23419
257812 53 103213
257985 1 133
258355 2 12953
258559 2 52150
258846 8 18003
258856 1 6607
260982 2 577
261027 1 415
261036 3 292
261059 1 575
261440 1 493
261973 1 373
262638 1 346
265748 2 384
266127 2 509
266407 1 523
266428 1 322
269561 1 460
273719 1 179
275095 2 459
275102 1 486
275154 1 763
275157 1 686
275735 1 687
277559 1 550
278190 1 454
279955 4 13056
280821 1 346
282191 8 212
282357 1 370
282367 1 327
285302 2 501
287503 3 278
288242 1 559
291502 2 1281
292341 1 189
294092 30 535
294093 31 388
294094 22 384
294095 33 343
295697 4 13014
296288 1 231
296332 1 370
299425 2 235
299498 2 326
304298 1 69
305723 1 299
306025 10 459
306045 2 294
306851 1 386
308067 3 239
312369 1 111
312387 1 451
314737 1 524
316287 2 86
316981 1 352
317772 4 124
318852 1 205
319531 1 840
319930 4 260
321995 1 284
322198 1 644
322437 1 189
329150 3 499
329157 1 459
330530 1 157
330539 2 180
334614 1 1109
337135 1 169
343026 1 68
349431 3 418
352132 1 195
352759 3 451
360499 1 427
360953 1 1199
369388 1 118
370118 1 758
375918 7 703
375934 1 2075
376565 1 367
378793 1 307
382522 1 319
384032 1 462
385252 2 821
388162 1 471
392186 1 511
396803 2 662
398531 1 625
398924 1 550
399558 2 487
403722 1 706
404208 1 301
404794 4 616
409763 1 701
409850 1 556
411012 1 836
411618 1 690
415378 1 806
419916 1 647
423332 1 327
424421 2 416
428183 1 574
429020 2 589
429188 1 731
438915 2 517
445300 1 234
445339 1 1016
449884 1 318
451155 1 417
451530 5 683
454277 1 160
454592 1 1324
457116 2 182
457879 6 1009
459297 1 252
459298 1 216
459301 1 220
459313 1 560
460650 1 176
462348 1 202
462350 4 293
463103 1 194
465504 2 555
465512 1 636
465524 1 904
471073 3 109
471881 1 235
471953 1 268
472171 1 688
472905 1 258
473566 2 455
473688 1 507
476863 1 515
478292 1 613
479445 1 131
479984 1 559
481901 1 579
482631 1 290
487231 2 699
489917 1 609
490052 1 558
491518 1 558
494193 1 971
499372 1 722
500669 3 57
500712 1 368
500870 2 411
501544 7 434
504058 1 620
508099 1 322
508638 3 601
510544 2 489
516808 1 465
516809 1 547
520114 1 661
520272 1 896
521741 1 504
523444 1 670
106 1 660
886 1 264
1275 1 647
5667 1 517
6104 2 358
6252 3 246
6389 6 150
7318 3 220
7687 5 483
7693 1 195
8305 1 561
8592 8 442
8786 5 210
9030 7 314
9150 2 312
9163 2 243
9384 7 369
9755 4 406
10367 4 121
11013 2 358
11096 1 471
11589 1 183
11889 2 147
11938 3 157
13371 3 209
13578 1 344
13989 1 244
14337 1 368
14588 1 464
16435 1 132
17295 2 565
20016 2 376
20215 1 386
20240 4 313
20458 1 263
20614 1 320
21393 1 213
21604 5 102
24524 10 174
25785 2 266
27720 1 204
28855 1 101
28935 4 147
29252 11 125
29997 2 463
30879 1 141
31507 4 140
33018 1 548
33300 1 293
33744 1 357
34248 1 537
34391 1 388
34419 1 435
35145 2 403
36255 2 165
36844 1 205
37042 5 422
40415 3 114
40994 4 545
41276 1 138
42563 1 280
42608 1 204
42922 5 401
43195 8 367
46533 8 324
48108 1 145
49054 1 416
50044 1 221
51799 1 450
52151 1 184
52563 1 699
52693 7 197
53497 1 359
55579 3 166
55737 4 237
55936 1 734
56118 1 252
57770 1 464
57813 1 440
58031 1 421
58782 1 681
59297 1 264
59316 2 262
59832 1 116
61209 1 564
61647 5 108
62185 1 179
62626 1 211
62935 1 454
63012 3 382
63234 7 527
63460 1 472
63642 7 399
64266 2 123
64285 1 178
64389 2 117
64758 5 304
65433 1 103
65435 8 488
65589 2 391
67705 8 331
67781 2 542
68722 2 180
68925 1 322
69829 1 378
69833 2 185
69883 1 391
69965 2 434
70119 5 111
71154 1 339
71985 2 238
73115 1 314
73748 7 252
73827 4 569
75288 1 415
75321 1 324
75395 1 553
75432 1 97
76697 8 183
77273 1 162
77339 14 337
78425 1 441
78568 1 160
79419 1 187
85773 1 82661
87677 1 1556
92609 1 24495
96063 2 37082
96136 2 20896
98801 33 8584
100456 15 810
101666 1 479
101953 1 742
102106 1 457
102620 1 1252
103064 1 513
103315 3 58
104191 2 244
104462 2 768
105382 1 473
106562 5 406
107454 4 146
108200 1 606
108707 1 1661
109368 29 694
109962 1 538
110270 3 618
110805 1 683
110973 6 253
111136 1 153
111374 3 594
111542 2 527
112096 2 1478
112097 1 652
112935 1 57
115074 1 501
115106 1 487
115548 1 845
115620 1 1320
115785 5 124
116630 3 1325
116835 1 581
117057 1 84
117203 2 1207
118036 2 700
118046 1 255
118819 6 477
119053 3 720
119067 1 1458
120077 3 651
121163 1 573
121524 2 707
122617 1 533
122692 1 1739
125768 1 1419
126046 2 260
126520 1 1431
127050 1 1437
127690 1 477
127878 2 643
128869 1 1337
128891 2 666
128965 1 1463
129434 2 3012
130909 1 1286
131550 17 822
131962 2 416
132139 1 1661
132924 2 774
133395 1 613
133717 1 252
134472 2 1469
135492 2 1033
136998 1 440
137619 3 567
139158 2 1582
139640 1 94
139897 3 125
142081 1 695
143416 8 740
145487 2 53
146838 1 1777
147437 1 739
148890 1 574
149061 5 483
149595 3 132
150358 1 1984
150669 4 812
150747 1 35
151913 2 427
152649 1 1318
154036 1 4041
154387 1 621
155002 1 921
155231 2 632
155629 2 711
157174 2 71
157889 4 715
158273 1 728
158734 1 676
159561 2 1133
160130 2 1038
160146 1 1143
160257 1 1562
161199 1 669
162240 2 432
164002 1 858
164061 1 806
164104 6 614
164923 1 620
166668 6 740
168054 2 1378
168589 8 742
168956 1 1229
169958 3 528
171155 7 727
171630 2 719
171745 2 726
172739 2 800
173906 1 722
174015 13 449
174072 15 944
174298 2 1660
183937 1 356
184714 1 241
193534 1 396
200113 1 85
206346 7 698
231761 1 327
233075 1 321
234835 3 489
237006 4 247
237293 1 1683
238282 4 1212
240366 3 117963
240453 1 1804
243125 1 822
243196 3 13700
243744 1 19522
244515 2 137580
247550 24 255154
247568 2 3227
249740 9 228328
250893 1 42856
251153 1 1263
253018 8 331696
253661 2 22094
255069 1 17727
256715 2 3781
257345 1 89736
257985 1 133
258559 1 52150
261708 3 564
273171 3 421
275735 2 687
279955 6 13056
279956 8 3591
287503 1 278
291502 1 1281
294093 1 388
295697 6 13014
295698 8 3638
301119 2 252
307088 1 269
315378 2 39
318852 1 205
319531 1 840
319930 1 260
321997 1 485
323159 1 987
329157 1 459
331807 11 662
334614 5 1109
335172 1 454
335455 1 1070
335499 2 494
347935 1 22
348432 1 1016
352130 8 522
352131 3 200
352132 1 195
352759 4 451
358709 1 541
360953 1 1199
366833 6 419
370118 1 758
373184 9 530
373534 1 287
375918 5 703
376278 18 586
378793 1 307
381864 4 641
385252 6 821
388158 2 243
388162 5 471
388163 11 512
389888 2 715
392186 10 511
392653 2 545
392742 2 511
392830 2 390
400491 23 720
403722 12 706
404784 2 455
404794 6 616
407991 7 786
409763 17 701
410113 10 443
411012 15 836
412466 15 631
414304 6 743
415378 14 806
416489 4 592
418033 11 569
421404 1 1189
423906 9 833
428183 1 574
429020 1 589
429188 2 731
430573 3 744
430805 1 831
432218 3 1120
435378 2 750
437600 6 291
438828 2 382
438915 9 517
440634 16 757
443130 1 298
445300 1 234
445301 4 361
448530 2 665
449884 1 318
451155 4 417
451530 2 683
451563 10 725
451936 5 129
452968 1 664
453299 4 625
454539 3 215
454540 4 217
454541 5 197
454542 5 223
454543 8 247
456004 8 1041
457879 6 1009
457989 4 118
459297 2 252
459298 5 216
459299 4 185
459301 3 220
459302 4 173
460646 1 212
460647 7 238
460649 2 236
460650 2 176
461837 5 553
462347 4 225
462348 3 202
462350 4 293
463691 3 686
465137 4 440
465504 10 555
465512 3 636
465524 2 904
471073 1 109
472905 1 258
473688 9 507
474101 2 628
476863 5 515
478292 5 613
479445 1 131
479984 2 559
481901 1 579
482620 8 369
482631 5 290
482657 5 668
487231 7 699
488179 6 218
488490 1 101
489917 1 609
490052 4 558
492168 3 62
494196 4 661
497128 3 527
497751 3 98
497942 12 420
499293 2 414
499370 2 302
500712 1 368
500714 5 308
500870 2 411
502396 2 438
504628 5 207
508638 10 601
510544 2 489
512183 5 520
513892 1 756
513897 2 627
516722 1 478
518136 1 440
519593 1 97
520199 10 593
520542 2 330
523444 14 670
523789 5 536
523996 5 518
1463 3 261
6252 3 246
6389 7 150
7318 1 220
8786 1 210
9150 1 312
10367 5 121
11013 2 358
11889 3 147
14588 1 464
17295 1 565
23384 1 642
25785 3 266
28855 2 101
29997 2 463
30784 1 330
33018 1 548
33744 1 357
34248 1 537
35508 1 403
36255 1 165
37249 1 225
38857 1 186
44031 2 368
46533 1 324
52151 2 184
52563 1 699
52693 6 197
55579 3 166
55737 6 237
55883 2 140
59832 1 116
64266 1 123
64389 2 117
65589 2 391
67705 8 331
76697 9 183
77273 1 162
79419 2 187
80144 1 734
80483 2 29468
80974 2 1114
81603 5 9651
83647 2 9538
83777 3 2819
84642 1 2372
85188 8 3388
85368 33 74892
85481 28 70500
85645 144 153229
85656 1 479
85773 47 82661
86034 9 48792
86997 2 7203
87138 8 1733
87158 2 7955
88428 2 1735
88516 1 646
88797 4 717
89159 2 3416
89679 2 5826
89812 4 13490
90678 3 9199
90894 3 5316
91246 1 3311
91771 13 3191
91788 20 5063
92558 6 15447
92571 7 3690
92577 2 1719
92609 4 24495
92842 24 4038
92917 1 166
93098 2 6371
93266 1 4210
93381 6 1810
93519 1 222
93730 2 325
93926 2 5234
94592 2 7523
95013 1 9897
95689 2 4224
95852 2 16553
96049 16 78606
96063 5 37082
96136 3 20896
96946 26 6630
97559 17 10199
97672 29 1962
97698 2 2455
98685 3 814
98801 3 8584
99072 2 4760
99095 5 131
99325 2 20141
99336 2 3278
99791 1 575
100447 2 127
100456 25 810
101084 2 503
101666 1 479
102106 1 457
102115 2 188
102620 1 1252
103315 2 58
104191 3 244
104462 1 768
104608 1 45
105246 2 678
105335 1 195
107113 1 557
107459 8 96
108112 5 581
109368 1 694
109950 3 631
109962 2 538
110509 1 51
111136 1 153
111336 12 340
111457 2 1267
115538 1 655
116835 1 581
117057 1 84
118046 1 255
119163 1 58
119384 15 259
121361 1 44
122470 2 214
122809 1 160
123509 1 145
123666 2 69
124420 1 371
125768 2 1419
126073 2 765
126434 1 55
127050 2 1437
127690 1 477
128891 1 666
129783 2 421
129804 1 608
130108 3 62
130408 1 221
131956 1 832
132139 1 1661
132383 2 594
132637 1 1117
133717 1 252
134077 1 126
134301 1 69
134472 2 1469
134838 5 106
135764 2 758
135829 1 639
136356 2 908
137341 1 517
137781 2 281
138022 1 809
139640 1 94
142582 1 562
143454 2 133
143820 2 165
146044 2 240
146386 1 854
148973 2 289
149266 1 164
150154 6 91
150486 1 339
151184 4 159
151975 1 144
152649 1 1318
152727 1 83
152909 3 102
154387 1 621
155002 1 921
156472 2 661
156968 1 772
158273 1 728
160130 1 1038
160146 1 1143
160607 2 270
161322 3 163
162456 1 332
163034 1 499
163063 2 602
164104 3 614
164478 1 465
165138 1 640
168532 7 674
168589 5 742
168742 3 100
168838 1 1704
169836 1 76
170541 1 67
170649 1 120
171448 1 799
173337 1 143
174072 3 944
174176 1 467
174934 1 141
175102 1 462
175132 2 413
176259 1 156
180000 2 138
181898 3 356
183582 1 234
185438 2 194
186079 1 114
186297 1 661
188536 1 461
190495 4 135
190608 1 148
192501 4 441
192502 16 338
194749 4 144
195287 1 115
195288 1 98
195339 3 738
196685 4 521
200113 1 85
202013 1 530
202265 3 198
204683 4 892
205409 2 391
206346 2 698
206409 1 136
206505 1 140
206845 5 633
210762 1 440
210990 2 418
211831 2 106
215615 1 258
219505 1 2185
219506 1 2187
220570 1 789
220672 12 3584
221175 1 388
221546 1 99
221802 2 143
222138 2 411
223347 1 427
224012 2 363
224288 1 398
226237 4 142
226681 1 109
227143 3 492
227754 1 345
230383 2 1188
231761 1 327
234081 1 291
234216 1 1076
236436 26 695
237293 1 1683
240366 144 117963
240862 1 1041
243125 1 822
243196 6 13700
243248 407 97794
243568 48 51992
243742 31 52641
243743 19 32782
243744 10 19522
244295 5 43543
244515 193 137580
244998 44 56078
245029 47 93035
245346 6 21516
245449 22 35219
245668 10 47659
245692 6 10223
245925 3 10538
245998 16 26287
246003 36 79294
246220 153 47306
246674 5 19215
247060 8 25091
247469 113 160821
247550 399 255154
247568 2 3227
247903 21 816
248179 2 34397
248181 2 22248
248335 18 39898
248562 37 40310
248610 75 211360
248809 4 45708
249329 8 41571
249740 383 228328
250452 7 16435
250616 58 37169
250893 5 42856
251143 7 13145
251602 1 12934
251603 6 17552
252443 5 13382
252474 309 81579
252647 6 614
253018 504 331696
253067 402 104143
253203 13 33726
253311 7 35432
253354 9 57179
253593 498 171848
253661 1 22094
253795 7 27039
253849 3 22736
254108 505 174176
255065 1 4492
255068 14 24184
255069 1 17727
255144 55 25727
255235 77 22001
255289 147 51128
255476 12 44402
255777 42 64507
255830 117 84137
255974 2 9748
256341 19 36933
256424 2 2703
257345 7 89736
257625 15 23419
257812 278 103213
258355 1 12953
258559 255 52150
258846 1 18003
260982 21 577
261036 2 292
261708 1 564
262638 1 346
265748 1 384
265982 1 119
271330 1 213
273171 1 421
273719 12 179
275095 2 459
275735 1 687
277559 1 550
280635 1 204
280821 2 346
282191 5 212
284410 1 143
285130 1 222
288242 1 559
291502 5 1281
292341 2 189
294094 4 384
294095 1 343
296288 1 231
299425 1 235
299498 1 326
301119 1 252
304298 1 69
305723 1 299
306851 4 386
308067 2 239
312369 1 111
312680 1 458
314751 3 388
315378 1 39
323159 1 987
324824 6 164
335455 1 1070
335499 1 494
335885 2 132
344429 4 146
348432 1 1016
352759 1 451
358709 1 541
360953 3 1199
373184 1 530
373534 1 287
385252 2 821
388158 1 243
388163 7 512
389888 1 715
392186 2 511
392653 1 545
392742 2 511
396803 1 662
400491 1 720
403722 6 706
404784 1 455
404794 1 616
405358 2 84
409763 1 701
410113 1 443
412466 2 631
421404 2 1189
423332 3 327
428183 1 574
429020 1 589
430573 1 744
430805 1 831
432218 1 1120
437600 3 291
438828 1 382
443130 1 298
454539 1 215
454540 2 217
454541 1 197
454542 1 223
454543 1 247
456004 5 1041
457879 2 1009
457989 1 118
459297 1 252
459298 1 216
459299 1 185
459301 1 220
459302 1 173
460647 1 238
460650 1 176
462348 1 202
462350 2 293
462690 1 92
465137 2 440
471073 1 109
473566 1 455
474101 1 628
481901 2 579
482620 4 369
482657 1 668
488490 1 101
489917 1 609
490052 2 558
492168 1 62
494196 1 661
497128 1 527
497942 2 420
499293 1 414
499370 1 302
500870 2 411
505367 15 429
512183 1 520
513892 1 756
513897 1 627
516722 1 478
518136 1 440
519593 1 97
520199 2 593
520542 1 330
523444 3 670
