1530 2 556
2311 3 656
2468 8 337
4348 7 348
6739 15 458
7204 9 244
9561 10 509
10871 3 279
10967 13 432
11971 9 371
12141 7 378
12264 11 295
12613 5 252
12840 11 227
13180 7 305
14388 8 523
15033 7 101
18574 1 296
18768 2 564
19389 4 170
19586 12 387
20264 13 360
20575 5 122
20905 7 252
21150 3 500
21759 7 289
22464 16 339
22526 9 387
22582 9 316
23043 6 155
23252 5 382
23430 5 577
23785 11 181
24476 9 298
24598 7 212
24666 9 154
25169 7 214
25433 4 90
26441 6 356
29423 2 523
29430 21 543
29591 4 115
29730 5 225
30618 1 148
31653 21 532
33049 1 185
33419 16 306
33575 15 287
33876 16 298
33893 3 309
35156 3 434
35473 13 673
37909 12 268
38517 7 264
38987 11 260
39706 1 132
40275 7 137
40572 10 498
40725 10 314
40962 7 141
40973 6 110
41841 13 241
42297 7 335
42465 1 571
42788 7 273
42909 4 352
43034 9 262
43196 7 392
43780 11 168
44605 6 231
44740 1 238
45985 12 539
47005 12 528
47107 8 321
48195 15 387
48246 11 470
49092 14 260
51323 7 277
52262 14 362
53383 9 213
53438 1 632
53697 13 195
53975 20 703
54379 11 262
55100 6 170
55199 14 391
55279 14 422
57036 8 106
57673 4 46
59409 7 90
60855 1 538
61357 8 350
61741 2 174
61821 13 532
61990 5 235
62167 8 176
62503 3 135
64470 9 214
65297 11 403
65939 11 403
66498 11 388
66571 6 114
67248 3 138
69362 17 302
70675 1 89
73912 1 496
76448 6 112
76464 17 354
76581 7 104
77228 8 243
77467 8 237
78528 7 339
79830 8 199
79963 11 2222
85368 1 74892
85645 3 153229
85773 5 82661
85976 18 1209
87650 6 501
89201 27 1288
95973 14 780
97147 1 1111
97294 14 3278
98065 2 1568
100156 1 1296
100328 4 136
100479 2 118
100528 7 440
100564 1 328
100683 1 594
100880 14 464
101083 2 78
101213 9 519
101388 13 1146
101651 7 567
101964 12 606
102161 4 124
102220 1 403
102402 2 1501
102567 1 717
102613 2 521
102813 1 453
102815 3 666
102889 1 703
103234 9 572
103258 1 599
103897 7 1583
103937 2 101
104625 1 83
104768 22 557
104825 3 937
104843 18 470
104912 1 455
105237 11 297
105247 6 516
105364 3 530
105368 5 107
105432 35 734
105523 1 89
105740 19 358
105750 2 112
105768 3 547
105790 4 481
105829 1 449
105903 9 344
105914 3 858
106191 3 856
106267 9 346
106292 27 533
106343 1 884
106380 1 540
106442 18 445
106513 3 480
106820 5 130
106850 10 804
107025 2 563
107081 1 757
107122 7 387
107204 17 931
107271 3 553
107327 2 64
107354 10 273
107514 6 386
108037 3 69
108050 5 600
108051 22 588
108323 1 115
108488 3 540
108549 4 121
108602 2 122
108710 6 186
109080 2 540
109372 5 118
109677 2 995
109838 19 337
109854 17 359
110962 11 548
111248 2 114
111289 2 608
111398 3 80
111416 3 533
111448 1 510
111485 4 679
111525 4 98
111590 17 386
111616 14 344
112215 1 819
112408 14 472
112443 5 588
112700 1 372
112707 1 834
112830 1 58
112893 5 74
113344 1 523
113462 1 731
113772 5 105
114067 18 1131
114176 3 147
114179 1 663
114951 4 556
115065 16 795
115754 28 805
115850 4 70
116135 3 97
116342 25 590
116602 1 236
116605 2 70
117035 1 74
117207 25 483
117322 3 445
117708 1 267
117724 2 90
117849 3 48
117911 4 115
118023 2 1307
118072 1 59
118163 2 64
118173 2 557
118192 10 629
118660 9 694
118828 2 81
118934 1 741
119495 27 829
119650 6 157
119718 3 105
119757 5 496
119864 17 945
120376 4 89
120554 12 296
121026 6 438
121121 5 116
121163 10 573
121345 12 369
121666 1 653
122106 16 614
122411 2 571
122755 2 340
122803 1 643
122834 6 141
122857 2 142
122880 1 948
123375 15 450
123433 4 531
123440 2 478
123631 1 288
123647 7 751
123784 8 144
123870 1 577
124081 7 807
124261 5 161
124530 5 542
124602 2 85
124668 11 323
124670 7 552
125133 1 44
125376 2 166
125956 12 458
125990 12 513
126230 5 570
126369 1 549
126469 9 369
126708 1 361
127240 2 60
127368 5 563
127689 5 648
127930 2 566
128009 3 555
128447 4 565
128491 5 463
129131 9 322
129367 9 602
129550 1 633
129731 13 707
129791 2 53
131161 6 322
131190 15 388
131747 16 785
131774 9 206
132493 15 373
132638 17 725
132749 4 1653
133116 7 461
133219 3 592
133335 4 107
133410 7 618
133442 9 484
133930 1 633
133981 7 591
134209 11 351
134383 1 638
134567 2 574
134896 1 734
135012 6 493
135294 3 637
135445 3 633
135537 8 402
135691 6 720
135708 4 585
135822 24 566
135844 11 424
135967 3 588
136118 43 818
136226 3 588
136547 2 431
136552 8 119
136921 9 635
136963 3 576
137179 24 682
137259 2 610
137440 1 593
137668 1 441
137704 20 324
137817 22 624
137885 11 412
138137 9 685
138224 1 739
138251 4 596
138514 1 916
138840 1 649
138967 14 654
139020 29 551
139101 16 532
139203 4 350
139255 3 60
139372 6 577
139442 21 691
139528 6 637
139529 4 119
139623 18 594
139678 33 860
139776 24 921
140460 15 367
140512 3 659
140515 3 106
140711 2 629
140795 3 159
140797 6 1224
140802 2 478
141074 5 615
141101 8 550
141130 4 114
141197 1 698
141277 6 617
141293 24 648
141354 22 397
141412 24 583
141592 4 80
141735 12 346
142541 3 88
142693 2 477
142839 8 191
142986 1 599
143095 12 268
143105 10 667
143253 2 645
143688 8 425
143763 4 591
143862 3 115
143876 1 125
144023 1 658
144086 1 96
144257 5 417
144339 12 304
144460 2 98
144646 5 68
144955 12 334
145188 4 106
145345 4 658
145535 11 367
145558 2 95
145669 12 688
145735 3 669
145869 12 357
145926 1 481
145948 4 723
145952 4 76
146005 6 722
146274 2 1400
146356 4 202
146961 19 775
147143 10 448
147216 1 656
147224 2 632
147526 2 617
147615 2 520
147622 1 126
147767 6 209
147828 11 648
147926 6 115
147964 6 546
147965 3 700
148121 4 665
148602 2 635
148697 6 1082
148953 1 559
149123 2 658
149268 15 625
149390 12 303
149401 9 215
149644 13 473
149821 6 662
150181 2 541
150285 3 82
150297 5 80
150430 21 480
150682 7 523
150920 31 709
151006 30 550
151583 17 595
151612 1 118
151709 2 642
151822 2 578
152160 2 621
152373 2 1354
152477 2 937
152645 41 1178
152854 2 685
153148 5 698
153202 1 530
153250 1 630
153251 1 541
153336 8 551
153440 3 127
153738 3 316
154329 2 196
154430 5 623
154469 4 607
154555 2 108
154654 5 689
154803 7 166
154886 12 283
154975 2 100
155069 1 165
155088 1 671
155136 6 441
155138 2 126
155435 4 664
155496 6 156
155633 7 181
155714 17 676
156032 3 618
156047 5 243
156088 5 473
156097 2 118
156146 21 482
156200 6 618
156214 3 121
156666 1 445
156698 2 664
156792 3 87
156861 7 192
157086 17 550
157331 3 123
157748 6 128
157762 3 731
157789 5 157
157903 5 152
157920 23 500
157965 2 656
158286 4 967
158307 30 566
158318 8 1246
158383 2 630
158395 4 112
158540 3 473
158631 4 687
158723 6 313
158868 5 455
158963 3 471
159309 33 603
159422 4 83
159431 2 594
159469 34 621
159487 1 440
159490 11 556
159559 18 437
160119 16 737
160121 3 97
160124 4 803
160399 1 1925
160427 4 114
160481 2 102
160626 7 311
160706 1 1166
160864 9 379
161139 7 661
161427 4 601
161484 2 660
161540 3 108
161550 18 541
161561 12 486
162538 3 201
162629 16 557
162697 1 81
162709 1 65
162969 6 966
163074 19 889
163132 5 676
163210 17 460
163417 5 689
163426 15 371
163428 1 552
163437 2 88
163447 6 160
163523 1 395
163643 8 617
163765 3 649
163777 15 417
163802 4 508
163899 5 74
163994 4 658
164044 2 718
164142 19 947
164203 11 622
164236 6 1892
164442 3 70
164496 32 688
164497 4 92
164522 3 652
164651 3 261
164928 2 89
165184 3 501
165240 14 651
165355 1 580
165394 7 651
165507 3 324
165647 5 555
165799 9 330
165912 3 1233
166006 21 519
166078 1 374
166119 2 240
166192 13 304
166603 1 851
166821 4 88
167093 5 629
167263 1 764
167329 10 556
167420 10 310
167451 7 294
167795 18 664
167796 5 655
168008 3 117
168035 6 665
168186 4 485
168442 3 59
168607 2 654
168971 2 156
169074 1 85
169087 1 108
169102 9 541
170006 9 689
170252 2 90
170378 2 418
170500 14 367
170525 3 604
170569 17 633
170671 3 106
170727 5 133
170925 13 397
170972 3 472
171072 8 145
171088 2 110
171430 20 748
171484 3 672
171591 11 657
171736 1 220
171808 4 112
172001 1 754
172306 2 355
172308 6 812
172393 2 649
172695 3 661
172878 1 410
172940 1 109
173051 6 168
173072 11 1513
173103 12 597
173194 7 663
173543 2 126
173663 4 79
173675 1 84
173724 6 162
173978 1 1231
174053 12 383
174066 7 509
174163 20 409
174203 11 799
179109 4 94
182417 10 163
186793 1 384
187664 1 124
188700 3 672
190663 5 1488
191058 7 76
199159 3 77
200183 8 84
202704 9 163
203390 6 112
203491 4 115
204555 5 119
206562 3 903
226030 33 1125
231782 17 471
231810 14 412
232174 8 217
232175 22 1300
232282 6 384
232625 17 400
232707 6 275
232711 42 1496
232766 8 291
232820 10 460
233071 2 648
233327 21 588
233749 1 1742
234099 1 442
234432 6 370
234656 2 577
234678 6 1110
234679 6 204
234850 1 2488
235076 39 943
235429 2 495
235659 5 548
236219 11 1018
236646 46 1226
236706 21 1077
236912 18 1273
237205 104 1991
237567 2 2068
238071 17 445
238225 1 342
238300 48 1911
239155 11 278
239209 9 278
239238 9 490
239356 11 202
239565 16 466
239642 5 471
239647 28 600
239706 59 1598
239997 1 898
240029 33 936
240328 1 574
240600 6 236
240706 2 1778
240724 1 3230
240745 1 519
240973 1 775
241192 6 198
241322 20 270
241749 3 489
241890 10 486
242087 40 775
242139 1 1054
242329 38 1522
242443 11 1242
242694 12 474
242727 10 351
242814 14 280
242966 1 4791
243215 5 353
243224 17 430
243565 344 14930
243721 7 212
243755 136 5102
244228 8 9205
244295 18 43543
244440 10 444
245318 27 912
245319 8 134
245329 3 130
245935 16 403
246185 1 16049
246208 3 7991
246515 7 229
246545 17 628
246597 7 165
246623 40 763
246650 25 528
246695 28 65027
246816 90 3709
246857 7 172
247035 4 85
247076 28 682
247080 27 3511
247081 73 4277
247248 1 109
247348 6 209
247406 73 42749
247517 34 40187
247565 36 2684
248102 18 14517
248351 6 4762
248466 2 130
248634 1 38855
248644 2 369
248930 4 5041
248992 20 1680
249076 3 36189
249151 41 38079
249190 9 14664
249347 1 4853
249392 5 4501
249594 1 5335
249595 3 3022
249655 1 4669
250331 1 19950
250668 6 106
250681 4 125
250718 18 426
251078 6 9299
251089 5 662
251160 5 5200
251974 19 458
251977 65 2418
252314 3 4686
252474 32 81579
252510 8 320
252511 13 428
252537 6 148
252552 142 7289
252554 284 13441
252555 769 27002
252939 3 4993
253184 4 99
253213 25 546
253318 3 2551
253375 10 372
253383 21 586
253400 2 125
253421 3 123
253593 1 171848
253978 2 147
254108 17 174176
254392 21 427
254441 1 3943
254443 19 3575
254657 1 107
254832 56 4101
255398 6 111
255728 1 32235
255761 4 108
255777 3 64507
255820 5 102
256001 1 4911
256002 7 4456
256286 131 24252
256626 1 4586
256848 16 7315
257045 5 107
257344 6 45609
257345 8 89736
257355 1 3598
257812 16 103213
257829 17 814
258010 5 150
258105 15 383
258160 9 192
259004 28 822
259062 70 8707
259502 1 386
265697 7 400
266679 8 441
272126 3 7361
278964 7 453
282014 4 514
284807 9 354
300227 2 208
302838 4 364
307987 3 551
312288 1 546
312645 2 422
314901 1 599
315180 1 157
315256 18 487
315264 18 583
315270 8 98
315271 28 575
317481 26 517
317609 1 384
317610 4 559
318877 5 445
318989 20 429
319961 6 130
321663 2 180
322090 12 401
322786 7 210
323788 7 173
323931 2 59
324613 5 157
324726 7 580
324759 12 193
325190 8 539
325503 24 717
325509 17 672
325511 3 684
325513 2 276
325725 1 31
325936 6 168
326139 8 224
330127 2 117
331905 10 237
331998 8 221
332269 9 460
333802 4 460
333910 5 158
334314 4 142
334408 5 243
335066 1 412
335315 4 141
335748 10 593
336680 3 286
337388 2 283
338631 2 165
338929 3 120
339327 1 262
339938 4 139
340158 5 93
340295 2 521
340298 3 50
340357 2 34
340630 2 25
340664 18 485
341756 1 105
341875 2 179
341876 4 170
343037 1 575
344083 1 56
344170 1 801
344441 8 597
344443 7 616
344447 1 163
344449 7 609
344450 18 765
344653 11 578
344721 1 524
344732 2 474
345046 4 120
345183 6 456
345184 5 692
345664 2 424
347905 4 122
348962 2 130
351114 7 639
351272 1 145
351996 23 730
351997 19 732
352002 13 629
352004 7 130
352005 15 521
352007 26 618
352277 14 686
352531 20 450
353070 3 53
353326 5 110
354063 1 294
354112 5 192
354277 11 310
354653 5 425
354753 20 437
355168 1 728
355450 1 254
355868 4 262
356185 6 193
356463 5 127
356464 6 166
357416 3 66
357554 9 348
357730 2 33
358126 16 647
358251 2 27
358884 1 111
358962 5 65
359060 1 28
359288 3 578
359415 7 89
360195 4 54
360859 25 573
360913 5 212
362042 6 183
362938 3 138
363500 5 133
363773 33 747
363940 1 202
364873 2 778
365642 1 107
366331 20 535
366371 1 67
366448 2 58
366610 1 42
367208 12 421
367344 12 232
367946 5 126
368088 4 299
368193 16 408
368293 5 657
368510 1 146
369221 4 181
369956 10 334
370590 1 536
371116 7 341
372683 4 78
372947 7 466
373513 23 680
374308 1 595
374818 7 197
374830 1 253
375189 14 335
376142 7 610
377143 2 53
377499 2 49
377899 8 433
377981 7 373
378047 9 196
379176 2 611
379285 16 455
379309 10 307
379876 1 145
380449 10 189
380478 3 51
380750 25 870
380792 8 375
380796 3 595
380810 19 775
381103 9 248
381193 1 202
381327 3 507
382073 5 221
382134 5 273
382136 4 85
382137 8 157
382378 2 171
382915 2 42
382978 1 800
382990 23 731
383057 1 181
383732 2 44
383924 3 426
384528 9 194
385033 4 83
385628 1 189
385841 13 524
386034 1 544
386554 22 677
387289 1 379
387617 13 213
387625 8 135
387882 7 111
388066 16 319
388479 1 538
388925 20 502
388987 1 730
389747 25 883
390009 2 257
390962 2 620
390984 19 455
392112 1 175
393628 1 601
393689 7 143
394079 1 61
394183 4 293
396579 5 139
396755 8 98
398259 3 55
399204 2 164
400653 10 361
400686 8 241
401056 3 89
401060 6 154
402032 3 56
402093 11 240
402276 9 439
402277 15 297
402279 9 271
402426 1 575
402456 13 175
403277 30 606
403463 6 444
403771 12 466
404078 2 661
404269 1 332
404366 11 411
404371 5 582
404530 3 692
404897 10 203
404949 3 420
405168 18 587
405171 5 309
405480 12 1093
406089 13 279
406090 7 124
406326 21 509
406605 12 543
406682 26 490
407072 11 165
407221 22 592
407623 23 495
408196 7 149
408295 16 395
408446 10 748
408447 1 258
408659 4 461
408662 10 250
408747 10 337
408994 6 469
409850 10 556
410475 6 212
410724 7 104
410770 7 587
410772 28 754
410774 22 664
410776 26 878
410777 1 307
410788 35 1061
411416 9 268
411677 6 250
412235 19 496
412391 14 2212
412398 8 153
412556 7 595
413317 3 316
413537 5 84
413781 6 215
414052 9 222
414053 6 478
414892 12 288
414949 2 834
415292 12 437
415689 10 528
415964 3 280
417766 8 316
417944 8 221
418693 6 168
420390 1 96
420428 3 691
420656 4 232
421308 4 79
421522 7 492
421698 6 221
421700 15 527
422548 19 600
422681 20 408
422934 8 202
422939 1 269
423090 14 452
423222 8 258
423333 4 64
423574 2 492
423762 8 151
423971 16 477
424002 1 474
425283 4 180
425640 8 483
425778 7 518
425783 3 69
426105 16 660
426317 3 542
426886 21 929
427550 7 223
427679 2 659
427700 3 560
427952 1 522
428184 21 577
428189 1 326
429820 1 616
429834 5 105
430955 14 252
432056 2 127
432145 3 43
432546 19 541
432550 5 374
432615 10 452
433199 4 831
436573 5 330
437097 27 1010
437777 4 208
439599 3 82
439836 1 218
440499 12 363
440538 4 68
441072 1 471
441082 12 985
441086 18 544
441088 19 563
441106 10 516
441111 14 284
441113 11 408
441123 4 361
441128 15 490
441129 8 497
441266 21 406
441293 1 499
441360 13 298
441853 4 275
441857 19 565
441958 6 260
443049 10 270
443231 35 1159
443298 11 348
443538 4 81
443589 9 178
443833 5 85
444579 1 787
445058 10 268
445671 6 181
446272 4 114
446444 8 146
446818 15 358
447848 1 518
447971 4 235
448324 20 946
449171 1 529
449209 21 538
449211 3 613
449212 1 641
450071 5 624
450107 7 246
450465 8 242
450785 20 482
450793 1 179
451108 5 149
451242 27 831
452021 14 632
452233 3 362
452571 1 569
453174 5 644
453686 7 194
453852 10 527
454017 24 552
454021 9 240
454029 1 173
454193 10 237
454309 9 178
454483 10 242
455248 16 527
455483 13 311
455484 2 524
455974 9 229
456147 6 162
456265 1 575
456712 5 133
458233 3 387
458289 23 560
458816 12 262
458820 6 83
458856 1 617
459229 13 303
459366 1 235
459440 16 466
459491 17 665
459705 11 284
460066 3 814
460157 16 605
460165 9 158
461018 2 280
461058 3 67
461506 2 285
461522 8 241
461541 3 431
462155 33 722
462222 3 1101
462228 7 210
462274 8 235
462717 7 152
463555 19 374
463615 5 261
464169 20 897
464395 18 469
464399 7 127
464642 13 207
464735 30 506
464899 7 362
465266 7 246
465832 3 140
465833 6 456
465946 1 437
466046 1 192
466128 13 262
466239 7 160
466583 14 344
466765 6 243
467083 1 377
467708 5 100
467789 6 416
467964 16 288
468319 19 446
468508 13 275
468511 6 144
468724 6 381
469218 2 473
469297 11 219
469352 5 87
470422 5 113
470423 9 266
470605 25 638
471079 11 400
471155 1 390
471156 9 242
471491 11 365
471827 9 559
472114 11 445
472685 4 92
472725 9 130
472988 13 276
472989 1 380
473151 5 191
473387 4 113
473394 14 258
473602 11 312
473654 3 516
473838 1 309
474039 1 193
474447 5 134
474768 12 696
474816 16 395
475183 22 494
475527 15 561
475528 14 305
475529 10 266
475554 4 144
475789 10 241
475796 6 194
475797 5 242
475835 9 253
476075 6 137
476252 28 1019
476334 6 247
476401 2 282
476709 3 367
477197 15 543
477243 7 301
477513 8 179
477554 10 279
477769 2 202
477777 7 116
477848 4 477
478055 8 94
478095 9 319
478119 6 1153
478890 2 181
478894 10 219
479017 11 246
479790 31 553
480370 24 463
480452 17 586
480489 7 458
481099 1 78
481112 6 118
481162 6 187
481209 5 525
481842 19 519
481911 23 634
481915 7 521
481918 10 759
482117 2 199
482299 20 856
482582 4 312
482828 1 668
482854 2 85
483089 7 261
483265 2 261
483718 5 655
484073 1 272
484539 8 945
484794 13 556
485072 9 249
485293 7 289
485349 13 315
485559 1 82
485560 18 505
486092 9 293
486406 6 147
486542 14 552
486599 4 727
487357 4 93
487576 2 391
488442 3 86
488574 8 241
488654 5 277
488858 7 295
489507 7 194
489595 1 157
489743 20 552
490128 1 580
490420 15 484
490789 1 609
490893 20 581
491046 12 399
491591 2 681
491696 2 278
492230 1 520
492534 2 705
493071 12 841
493098 17 734
493139 18 504
493803 3 47
494056 33 1193
494278 13 567
494600 1 324
494946 9 331
495228 1 509
495702 5 162
495762 6 527
495903 10 443
496015 60 1372
496090 11 184
497621 15 543
497966 1 354
498001 3 134
499042 7 757
499709 14 262
500209 1 300
500211 9 642
500297 13 447
500419 3 157
501444 3 53
502897 23 895
502996 7 234
503266 8 265
503481 15 522
503486 11 374
503492 17 378
503520 4 89
503563 2 494
503796 2 407
503897 10 266
504145 12 286
505421 10 250
505841 1 478
506145 8 380
506347 8 230
506586 3 72
506839 5 523
507506 5 112
507507 5 149
507615 5 192
507822 1 626
508051 19 629
508102 4 674
508137 1 119
508264 1 350
508517 15 273
508540 5 122
508818 5 234
509095 1 127
509101 1 323
509800 16 325
510389 63 1175
511197 8 220
511201 2 274
511443 6 202
511806 32 613
512421 3 187
512492 7 201
512985 9 359
513262 5 312
513389 10 210
513461 12 735
514688 2 749
514775 2 584
514781 13 392
514836 1 494
515049 4 177
515121 20 797
515122 21 728
515128 12 528
515136 32 774
515139 8 432
515140 31 1147
515148 22 564
515153 16 725
515181 19 526
515212 15 328
515296 16 281
515509 3 126
515514 4 144
515739 15 278
515832 1 565
516020 19 459
516190 1 504
516393 1 249
517397 17 457
517603 3 53
517605 4 108
517903 1 522
517909 7 165
518281 1 482
519135 6 179
519143 10 265
519682 5 137
519909 5 66
520063 5 1149
520595 5 181
520639 3 43
520644 5 99
521114 4 350
521118 12 322
521337 5 346
521340 10 426
521477 14 334
521478 8 227
521708 5 140
522319 4 174
522459 5 193
522586 11 288
522628 5 576
522646 28 1046
522833 12 186
522947 4 339
522948 2 260
523125 9 463
523363 3 62
523630 26 737
523711 3 258
523908 13 287
524119 12 267
1530 13 556
2468 2 337
6739 1 458
7204 10 244
9561 1 509
10871 4 279
10967 12 432
12613 1 252
14388 2 523
14528 20 412
15033 5 101
18574 12 296
18768 9 564
19575 2 232
20264 3 360
20575 2 122
21150 7 500
21759 1 289
22464 12 339
22526 2 387
23043 1 155
23252 1 382
23430 2 577
23785 1 181
24476 6 298
24666 8 154
25039 11 367
26577 1 324
29423 1 523
29430 1 543
29591 5 115
30351 4 300
31653 1 532
33049 1 185
33419 10 306
33575 7 287
33876 5 298
33893 3 309
35473 1 673
37909 2 268
38517 1 264
38987 3 260
40275 6 137
40962 1 141
42788 14 273
43034 12 262
44740 2 238
48195 1 387
49092 6 260
53383 1 213
53438 1 632
53975 14 703
55100 1 170
55199 1 391
57036 3 106
59409 5 90
60855 3 538
62167 1 176
62503 1 135
64470 2 214
65297 4 403
65939 4 403
66498 4 388
69362 1 302
69878 1 220
76448 1 112
76464 4 354
76581 1 104
77467 4 237
79830 4 199
79963 4 2222
83259 1 8870
85232 6 189
85368 59 74892
85645 56 153229
85773 29 82661
86753 46 173871
86864 100 21422
87174 1 34
87650 22 501
88754 12 914
89201 4 1288
90312 21 21037
90547 52 8572
91206 6 317
91307 1 36764
91750 2 9461
92188 2 64658
92329 2 64673
93654 7 102204
93771 1 9047
94284 1 72168
94384 9 586
95020 7 25937
95630 5 410
95973 4 780
96045 17 23429
96049 11 78606
96063 7 37082
96136 20 20896
96305 4 38919
96424 22 38462
97059 3 9334
97147 14 1111
97294 34 3278
98065 7 1568
100008 16 457
100156 1 1296
100517 6 767
100528 1 440
100564 7 328
100623 14 733
100728 6 96
100891 1 143
101038 1 314
101213 1 519
101388 5 1146
101417 5 134
101651 2 567
101678 1 582
101964 3 606
102144 11 251
102348 1 524
102402 3 1501
102408 9 648
102567 3 717
102613 3 521
102813 1 453
102815 1 666
102884 1 341
102889 29 703
103071 13 422
103234 1 572
103258 28 599
103627 1 464
103897 4 1583
103937 1 101
104018 1 784
104768 6 557
104825 9 937
104843 11 470
104918 4 553
105191 23 823
105237 1 297
105247 2 516
105270 2 487
105364 1 530
105368 3 107
105393 9 295
105432 9 734
105588 10 390
105740 10 358
105768 4 547
105790 6 481
105804 1 743
105829 2 449
105903 1 344
105914 11 858
105932 3 530
106191 12 856
106260 22 342
106267 5 346
106292 11 533
106343 13 884
106354 4 749
106380 6 540
106442 8 445
106513 2 480
106820 1 130
107025 1 563
107081 1 757
107122 2 387
107204 2 931
107271 3 553
107549 2 580
107866 5 317
107985 1 123
108038 4 266
108050 18 600
108051 1 588
108111 2 156
108159 1 65
108168 16 1156
108306 1 523
108323 3 115
108410 11 169
108488 3 540
108511 11 599
108602 2 122
108710 1 186
108795 17 561
109080 5 540
109126 2 1941
109362 1 483
109591 1 87
109677 2 995
109854 4 359
110428 15 723
110736 11 1270
110962 9 548
111075 1 765
111157 1 993
111289 11 608
111416 2 533
111448 1 510
111485 6 679
111590 2 386
111616 1 344
111653 14 804
111709 8 407
111869 4 860
111871 1 307
112003 1 512
112289 7 264
112408 1 472
112443 1 588
112499 9 248
112691 3 423
112700 13 372
112707 4 834
112729 5 1046
112758 3 586
112830 1 58
112893 2 74
113005 1 1007
113225 1 89
113344 1 523
113462 2 731
113689 1 203
114013 2 101
114028 5 780
114067 2 1131
114176 1 147
114179 1 663
114309 4 80
114454 1 589
114749 1 523
114951 7 556
115027 1 529
115065 1 795
115278 3 509
115306 1 575
115754 2 805
115758 3 873
115850 4 70
116086 1 595
116135 2 97
116157 1 78
116174 1 1417
116379 1 213
116534 14 468
116602 8 236
117035 1 74
117148 11 545
117207 2 483
117231 1 646
117322 3 445
117481 4 583
117708 3 267
117724 7 90
118023 2 1307
118024 1 215
118173 3 557
118192 7 629
118330 7 139
118548 9 324
118805 6 228
118828 1 81
118934 17 741
119217 8 413
119487 22 784
119495 4 829
119510 1 526
119532 17 861
119650 1 157
119699 1 248
119718 3 105
119757 4 496
119831 4 554
119864 5 945
120068 2 508
120092 4 544
120457 3 1123
120554 5 296
121121 5 116
121150 2 545
121163 4 573
121183 1 827
121666 2 653
122411 7 571
122655 10 254
122755 3 340
122803 4 643
122857 3 142
123116 10 679
123375 2 450
123631 2 288
123647 5 751
123784 1 144
123788 2 235
123870 8 577
123984 1 267
124168 1 266
124261 1 161
124301 4 853
124530 11 542
124602 1 85
124670 4 552
124805 1 338
124846 1 323
125008 1 1093
125009 3 287
125033 1 181
125833 1 764
125990 3 513
126013 3 659
126230 7 570
126238 26 535
126314 5 464
126369 3 549
126662 4 662
126708 1 361
126767 2 662
126832 1 384
126886 7 326
126985 1 657
127368 1 563
127777 4 99
127930 4 566
128009 3 555
128281 5 514
128447 3 565
129131 12 322
129367 5 602
129550 4 633
129639 16 739
129790 6 579
129881 23 550
130185 15 275
130201 1 441
130483 1 488
130796 9 262
130926 2 492
131160 4 146
131190 1 388
131462 1 393
131661 6 681
131771 16 648
131774 10 206
132638 2 725
132749 2 1653
133054 30 850
133116 2 461
133219 10 592
133410 2 618
133930 13 633
133981 1 591
134383 8 638
134387 3 558
134456 28 816
134674 11 293
135012 1 493
135087 12 460
135232 3 507
135294 5 637
135445 18 633
135474 18 488
135537 3 402
135590 7 1033
135691 7 720
135708 1 585
135822 10 566
135844 1 424
135993 11 469
136087 1 946
136118 11 818
136311 6 8993
136410 4 196
136547 1 431
136622 2 352
136870 3 70
136882 2 599
136921 5 635
136963 2 576
137120 3 1026
137136 1 746
137179 6 682
137259 4 610
137440 1 593
137668 2 441
137704 12 324
137885 17 412
137928 2 594
137950 2 308
138014 2 592
138017 1 219
138224 3 739
138251 12 596
138253 7 664
138279 2 76
138307 2 787
138371 10 409
138514 3 916
138590 11 472
138769 10 313
138824 1 758
138840 2 649
138967 5 654
139020 18 551
139101 2 532
139116 6 758
139203 1 350
139318 1 474
139372 9 577
139417 2 843
139442 3 691
139528 5 637
139529 3 119
139602 1 591
139623 16 594
139678 12 860
139776 3 921
139920 2 599
139994 1 364
140115 1 124
140487 22 497
140512 2 659
140521 1 490
140711 1 629
140795 4 159
140797 3 1224
140802 2 478
141074 1 615
141101 8 550
141197 3 698
141210 1 1070
141277 6 617
141293 13 648
141354 6 397
141412 3 583
141735 7 346
141865 2 107
142372 3 136
142404 2 790
142627 2 979
142693 1 477
142839 4 191
142986 3 599
143095 12 268
143194 35 549
143253 4 645
143416 1 740
143763 2 591
143876 8 125
144023 11 658
144248 14 678
144257 4 417
144339 8 304
144473 2 890
144709 23 915
144955 2 334
145345 5 658
145535 13 367
145558 1 95
145669 4 688
145683 1 165
145735 5 669
145776 1 803
145785 4 766
145869 8 357
145870 3 322
145926 1 481
145948 13 723
146005 28 722
146136 3 597
146274 6 1400
146366 1 275
146480 1 409
146481 4 1638
146961 8 775
147143 3 448
147216 10 656
147526 7 617
147615 3 520
147767 9 209
147828 2 648
147965 3 700
148121 1 665
148170 1 924
148401 8 704
148566 2 666
148602 3 635
148697 4 1082
148698 11 347
148953 3 559
148959 4 498
148973 1 289
149123 4 658
149282 3 1280
149400 1 643
149401 9 215
149417 3 1203
149643 3 246
149821 1 662
149989 2 170
150181 12 541
150430 3 480
150680 4 920
150682 2 523
150819 2 93
150920 6 709
151006 15 550
151517 3 373
151612 2 118
151709 10 642
151822 2 578
152160 8 621
152262 9 263
152373 7 1354
152446 2 521
152477 5 937
152564 7 391
152645 4 1178
152678 4 671
152774 3 367
152784 4 429
152854 4 685
153148 4 698
153202 2 530
153250 21 630
153336 11 551
153440 5 127
153629 2 904
153997 1 275
154054 1 829
154252 4 500
154329 2 196
154430 7 623
154469 3 607
154654 9 689
154803 9 166
154828 1 680
154866 4 241
154886 15 283
154975 2 100
155036 2 807
155069 4 165
155088 13 671
155136 10 441
155435 8 664
155496 5 156
155518 13 442
155714 4 676
155762 9 319
155932 5 702
156032 1 618
156047 5 243
156088 1 473
156097 2 118
156146 18 482
156200 5 618
156214 3 121
156275 11 445
156395 8 649
156666 1 445
156698 4 664
156861 8 192
156994 2 288
157331 2 123
157432 1 190
157748 6 128
157762 2 731
157810 6 1176
157833 3 640
157903 1 152
157921 17 287
157965 2 656
158039 1 750
158118 1 155
158286 4 967
158307 5 566
158347 3 84
158383 5 630
158540 3 473
158631 5 687
158723 8 313
158868 8 455
159089 8 315
159309 6 603
159378 1 282
159469 4 621
159487 1 440
159490 3 556
159525 3 1188
159559 8 437
160124 10 803
160320 1 635
160382 2 650
160626 7 311
160768 1 586
160864 10 379
161139 4 661
161427 12 601
161484 8 660
161550 2 541
161561 23 486
161767 1 625
161814 1 527
161862 1 628
162407 2 303
162629 11 557
162969 4 966
163064 1 457
163074 4 889
163132 1 676
163210 7 460
163417 2 689
163426 9 371
163428 21 552
163437 7 88
163447 2 160
163523 4 395
163643 5 617
163749 1 598
163765 6 649
163802 1 508
163969 9 534
163994 4 658
163996 1 388
164044 1 718
164142 2 947
164203 8 622
164236 7 1892
164358 3 1229
164496 6 688
164497 1 92
164522 4 652
164594 3 72
164651 11 261
165079 13 813
165184 17 501
165185 2 210
165240 2 651
165355 1 580
165356 30 1365
165394 7 651
165469 8 735
165507 3 324
165542 6 695
166006 13 519
166011 1 173
166078 2 374
166119 10 240
166192 4 304
166434 6 413
166603 1 851
166646 1 589
166830 1 577
167031 1 259
167036 7 368
167083 7 496
167093 3 629
167231 5 477
167232 5 361
167242 3 1019
167260 1 358
167263 3 764
167329 13 556
167451 2 294
167795 3 664
167796 7 655
167916 1 571
168034 1 776
168035 8 665
168186 1 485
168537 3 597
168607 5 654
169005 12 360
169363 1 411
169533 1 560
170006 3 689
170378 18 418
170467 5 398
170500 11 367
170525 7 604
170569 5 633
170671 3 106
170925 9 397
170972 4 472
171072 2 145
171102 6 293
171430 2 748
171484 4 672
171519 1 584
171591 2 657
171736 5 220
171759 2 332
172001 1 754
172306 6 355
172308 6 812
172390 1 733
172695 9 661
172788 10 357
172878 1 410
172940 4 109
173026 12 535
173027 1 642
173072 5 1513
173103 1 597
173194 12 663
173543 2 126
173724 6 162
173923 11 549
174053 1 383
174298 3 1660
179109 1 94
179532 8 114
184192 5 6108
186793 9 384
187072 2 68
188700 1 672
190663 3 1488
191058 1 76
195270 1 1604
199159 2 77
199315 5 100
199449 2 108
200183 2 84
202704 2 163
203390 5 112
204092 2 108
206562 2 903
210290 6 60
212398 1 858
215913 3 4827
216506 1 123
221267 1 94
222645 3 77
226030 1 1125
230677 7 110
231782 4 471
231810 8 412
232174 4 217
232175 2 1300
232204 2 320
232625 8 400
232707 2 275
232766 3 291
232820 6 460
233327 1 588
233749 3 1742
234432 1 370
234656 34 577
234678 5 1110
234679 1 204
234794 31 1918
234850 6 2488
235076 15 943
235175 25 1676
235429 12 495
235697 8 860
235784 25 1194
236219 4 1018
236391 3 1712
236646 21 1226
236706 5 1077
236912 1 1273
237205 20 1991
237567 26 2068
238071 4 445
238225 5 342
238300 3 1911
238923 6 18797
239155 2 278
239209 6 278
239238 6 490
239356 3 202
239422 1 1571
239565 2 466
239642 2 471
239647 5 600
239701 7 352
239706 6 1598
239997 27 898
240029 2 936
240328 21 574
240366 14 117963
240511 10 645
240600 2 236
240706 65 1778
240745 11 519
240973 10 775
241322 5 270
241890 3 486
242139 6 1054
242329 16 1522
242532 4 724
242572 55 1645
242694 2 474
242727 4 351
242776 2 40213
242814 5 280
242966 26 4791
243215 9 353
243224 2 430
243248 11 97794
243249 5 55340
243565 143 14930
243568 1 51992
243577 27 5201
243636 4 73383
243721 1 212
243742 4 52641
243755 43 5102
243786 3 18912
244228 266 9205
244295 32 43543
244440 6 444
244515 23 137580
244742 9 48422
244998 8 56078
245318 2 912
245319 3 134
245329 2 130
245668 1 47659
245935 4 403
246068 9 19691
246185 1 16049
246220 1 47306
246515 2 229
246545 6 628
246597 1 165
246603 4 39939
246623 10 763
246650 2 528
246695 37 65027
246816 7 3709
246857 13 172
247035 2 85
247076 5 682
247080 6 3511
247081 24 4277
247248 3 109
247348 3 209
247387 13 63961
247406 21 42749
247469 36 160821
247517 16 40187
247550 192 255154
247565 17 2684
247672 9 33059
248102 21 14517
248351 50 4762
248466 1 130
248610 2 211360
248634 55 38855
248644 18 369
248788 55 56946
248930 47 5041
248992 6 1680
249076 649 36189
249151 770 38079
249347 20 4853
249392 46 4501
249594 68 5335
249595 31 3022
249655 46 4669
249740 468 228328
249902 5 35189
250059 365 37994
250331 88 19950
250616 1 37169
250668 1 106
250681 2 125
250718 5 426
250844 3 7430
250899 25 13191
251078 175 9299
251089 2 662
251160 64 5200
251974 5 458
251977 37 2418
252314 40 4686
252474 5 81579
252510 5 320
252511 11 428
252537 1 148
252552 50 7289
252554 81 13441
252555 299 27002
252939 24 4993
253018 43 331696
253067 11 104143
253184 6 99
253213 10 546
253318 53 2551
253375 3 372
253383 2 586
253400 1 125
253421 1 123
253462 9 48129
253593 10 171848
253978 4 147
254108 6 174176
254392 7 427
254441 35 3943
254443 98 3575
254657 2 107
254832 12 4101
255068 11 24184
255289 9 51128
255398 4 111
255728 13 32235
255761 4 108
255777 11 64507
255820 2 102
255830 74 84137
255850 46 5819
255974 2 9748
256001 40 4911
256002 33 4456
256043 2 19276
256286 5 24252
256289 9 4651
256604 9 37731
256623 69 6330
256624 141 10461
256626 49 4586
256848 18 7315
257045 1 107
257305 33 37731
257344 559 45609
257345 1258 89736
257355 46 3598
257356 106 8557
257812 9 103213
257829 7 814
258010 3 150
258105 3 383
258361 3 26906
258559 4 52150
258855 26 600
259004 8 822
259062 174 8707
259174 7 19382
259502 1 386
262715 1 898
265697 10 400
266679 24 441
267009 1 292
267421 4 457
271850 18 20008
272126 13 7361
275492 5 347
278964 2 453
279072 8 144
280755 26 32241
282014 2 514
284807 13 354
290996 2 459
294604 3 579
297248 10 155
302838 7 364
303701 5 228
303703 5 481
306521 7 169
306879 2 348
307987 4 551
311355 2 64459
311505 10 137
312288 3 546
313394 3 480
314901 2 599
315256 5 487
315264 8 583
315270 5 98
315271 7 575
317481 12 517
317609 4 384
317610 1 559
318989 17 429
319961 6 130
321663 2 180
322090 10 401
322786 4 210
323788 9 173
323931 3 59
324613 7 157
324726 5 580
324759 11 193
325503 3 717
325509 7 672
325631 1 186
325936 5 168
326139 5 224
329760 3 128
330127 4 117
331905 10 237
331998 7 221
332269 9 460
332394 3 393
333802 3 460
333910 6 158
334314 1 142
334408 7 243
335066 22 412
335748 2 593
337388 4 283
338330 4 508
338631 4 165
338929 2 120
339938 6 139
340158 4 93
340295 11 521
340298 3 50
340357 2 34
340664 6 485
341756 2 105
341875 2 179
341876 1 170
343037 2 575
344083 3 56
344170 3 801
344441 3 597
344443 1 616
344447 2 163
344449 2 609
344450 8 765
344653 1 578
344732 3 474
344748 9 539
345046 3 120
345184 5 692
345664 4 424
346456 4 122
347905 1 122
348962 1 130
351272 7 145
351996 4 730
351997 2 732
352004 3 130
352005 10 521
352007 6 618
352277 1 686
352531 11 450
353070 2 53
353326 2 110
354063 4 294
354112 9 192
354277 3 310
354753 7 437
355168 3 728
355450 1 254
355598 5 253
355868 7 262
356185 6 193
356463 6 127
356464 8 166
357416 1 66
358126 2 647
358362 3 127
358962 1 65
359288 1 578
359415 2 89
360195 1 54
362042 3 183
362938 6 138
363500 6 133
363773 7 747
363940 1 202
364873 7 778
365642 1 107
366331 15 535
367208 13 421
367344 8 232
367946 4 126
368293 2 657
369221 1 181
369956 2 334
370590 2 536
371116 4 341
371621 1 493
372683 1 78
372947 12 466
373513 4 680
374263 1 235
374308 1 595
374818 1 197
374830 9 253
375189 2 335
376142 4 610
377143 1 53
377499 2 49
377899 5 433
377981 3 373
378047 7 196
378418 15 352
379176 2 611
379285 15 455
379309 6 307
379876 1 145
380449 6 189
380750 4 870
380792 2 375
380796 5 595
380802 1 137
380810 4 775
381193 2 202
381327 4 507
382134 1 273
382136 5 85
382137 5 157
382378 8 171
382915 3 42
382978 10 800
382990 1 731
383057 1 181
383732 3 44
383924 1 426
384528 3 194
385033 1 83
385148 1 264
385628 1 189
385841 1 524
386034 1 544
386554 23 677
387289 2 379
387617 7 213
387625 1 135
387882 3 111
388066 9 319
388479 1 538
388987 5 730
389747 1 883
389802 4 1926
390962 10 620
390984 21 455
392112 1 175
393689 7 143
394079 2 61
394183 4 293
395207 1 579
396579 2 139
400653 11 361
400686 10 241
401056 4 89
401060 7 154
401201 1 48
401848 3 247
402093 3 240
402277 1 297
402279 2 271
402456 1 175
403463 2 444
403771 1 466
404078 2 661
404269 3 332
404464 8 734
404530 3 692
404897 4 203
404949 1 420
405168 2 587
405171 3 309
405480 10 1093
406089 5 279
406090 5 124
406326 8 509
406605 3 543
406682 13 490
407221 8 592
407623 3 495
408295 4 395
408446 2 748
408447 5 258
408659 20 461
408662 5 250
408747 4 337
409850 1 556
410475 2 212
410724 3 104
410772 2 754
410774 1 664
410776 3 878
410777 3 307
410788 1 1061
411416 9 268
411677 6 250
412235 5 496
412391 4 2212
412398 6 153
412556 1 595
413317 3 316
413537 1 84
413781 1 215
414052 14 222
414053 4 478
414248 14 1940
414892 3 288
414949 1 834
415292 4 437
415739 9 131
415964 2 280
417766 11 316
417944 6 221
418693 3 168
419894 4 2066
420428 1 691
420656 1 232
421308 3 79
421522 4 492
421698 1 221
421700 4 527
422681 8 408
422939 2 269
423090 4 452
423574 2 492
423971 4 477
424002 1 474
425283 1 180
425640 1 483
425778 6 518
426105 2 660
426218 1 2065
426317 3 542
427679 1 659
427700 20 560
428184 2 577
428189 4 326
429820 3 616
429834 1 105
432550 12 374
432615 4 452
433199 5 831
437097 1 1010
439836 3 218
440499 4 363
440538 1 68
441082 1 985
441086 24 544
441088 10 563
441111 1 284
441123 1 361
441128 8 490
441129 2 497
441266 3 406
441293 1 499
441360 7 298
441853 7 275
441857 9 565
441958 2 260
443049 2 270
443231 3 1159
443298 1 348
443538 2 81
443589 7 178
445058 4 268
445671 8 181
446444 6 146
446818 2 358
447480 12 215
447848 4 518
449171 5 529
449209 16 538
449211 14 613
449212 15 641
450071 4 624
450465 2 242
451108 7 149
451242 1 831
452021 2 632
452233 12 362
452437 2 705
452571 2 569
453174 1 644
453686 8 194
454017 8 552
454021 10 240
454029 5 173
454101 2 443
454193 5 237
454309 7 178
454483 4 242
455248 3 527
455483 2 311
455484 1 524
455974 1 229
456147 1 162
456712 2 133
457607 21 463
458233 1 387
458289 16 560
458816 10 262
459229 1 303
459366 1 235
459440 1 466
459705 8 284
460066 4 814
460157 10 605
460165 1 158
460825 2 103
461018 1 280
461058 2 67
461506 11 285
461522 7 241
461541 1 431
461657 10 404
462155 3 722
462222 3 1101
462228 7 210
462274 1 235
463555 5 374
463615 8 261
464169 8 897
464395 5 469
464399 1 127
464642 10 207
464899 1 362
465266 1 246
465832 5 140
465833 10 456
465946 2 437
466046 12 192
466128 4 262
466583 10 344
466765 7 243
467083 13 377
467708 1 100
467789 8 416
467964 2 288
468319 13 446
468508 6 275
468511 5 144
468724 2 381
469095 1 3148
469297 3 219
469352 2 87
470422 3 113
470423 4 266
470605 6 638
471079 8 400
471155 5 390
471156 7 242
471491 3 365
471783 6 290
471827 2 559
472073 7 208
472685 3 92
472725 1 130
472988 1 276
472989 5 380
473151 3 191
473387 6 113
473602 1 312
473838 8 309
474039 2 193
474447 3 134
474518 9 208
474768 9 696
474816 8 395
475183 6 494
475527 7 561
475528 5 305
475529 5 266
475554 1 144
475789 10 241
475796 9 194
475797 3 242
475835 5 253
476075 2 137
476252 6 1019
476334 1 247
476401 3 282
476709 7 367
477197 3 543
477243 5 301
477513 3 179
477554 3 279
477769 9 202
477777 1 116
477848 1 477
478095 4 319
478119 3 1153
478890 3 181
478894 9 219
479017 1 246
479790 7 553
480370 17 463
480452 9 586
480489 2 458
481099 1 78
481112 4 118
481162 2 187
481842 7 519
481911 11 634
481915 2 521
481918 1 759
482117 8 199
482394 6 164
482582 4 312
482828 7 668
482854 1 85
483089 5 261
483265 6 261
484073 10 272
484539 4 945
485069 10 245
485072 9 249
485293 8 289
485349 9 315
485559 5 82
485560 5 505
486092 3 293
486406 4 147
486542 1 552
486599 4 727
487103 23 714
487357 2 93
488574 1 241
488858 1 295
488876 7 125
489507 9 194
489743 1 552
490420 3 484
490789 2 609
490893 7 581
491046 5 399
492230 10 520
492466 13 502
493139 13 504
493803 1 47
494048 1 216
494155 1 272
494278 1 567
494946 2 331
495702 6 162
495762 4 527
495903 2 443
496015 2 1372
496090 3 184
497621 4 543
499709 5 262
500209 4 300
500211 7 642
500297 1 447
501444 1 53
502897 2 895
502996 3 234
503266 2 265
503486 5 374
503492 1 378
503520 2 89
503563 11 494
503674 1 254
503796 1 407
503897 12 266
504145 7 286
505421 8 250
505841 11 478
506145 2 380
506347 4 230
506586 3 72
506839 2 523
507506 2 112
507507 1 149
507822 3 626
508051 2 629
508102 9 674
508304 1 71
508517 6 273
508818 2 234
509800 6 325
510389 11 1175
511197 2 220
511201 7 274
511443 1 202
511806 22 613
512985 1 359
513262 2 312
513389 8 210
513461 2 735
514775 2 584
514781 15 392
514836 2 494
515049 1 177
515121 3 797
515122 1 728
515136 31 774
515148 3 564
515153 7 725
515181 1 526
515212 1 328
515296 11 281
515509 3 126
515730 15 286
515739 8 278
515832 3 565
516020 3 459
516190 12 504
516393 1 249
517397 5 457
517603 2 53
517605 1 108
517903 6 522
517909 2 165
518281 1 482
519135 1 179
519143 13 265
519682 1 137
519909 1 66
520063 4 1149
520595 5 181
520639 1 43
520644 4 99
521114 3 350
521118 8 322
521337 13 346
521340 3 426
521477 5 334
521478 2 227
521708 1 140
522319 4 174
522586 9 288
522628 2 576
522646 13 1046
522833 2 186
522948 1 260
523125 7 463
523363 2 62
523630 9 737
523711 9 258
523908 11 287
524119 11 267
