724 6 377
1716 1 232
3269 6 381
5405 6 546
7899 1 216
11171 1 238
13677 1 250
14701 1 210
15624 6 387
19186 1 276
19214 1 187
22710 3 570
23744 6 371
25042 5 214
26457 1 278
26497 1 218
27073 1 336
29550 1 414
33215 1 653
33481 2 103
33853 2 128
33957 1 641
34879 6 390
37423 1 246
39832 6 375
47617 6 370
49127 1 279
49505 1 242
51246 3 108
52846 6 590
57785 1 747
58028 4 155
58939 2 352
59957 1 514
64123 5 421
69091 3 78
71399 6 511
73552 1 420
74072 1 218
77421 4 554
78491 6 512
80841 64 36074
82723 2 1302
83848 1 2347
84342 2 3079
85481 8 70500
85645 34 153229
85773 32 82661
86034 6 48792
87203 1 603
88486 3 1281
89686 42 18025
92558 2 15447
92867 6 26241
93654 8 102204
98180 56 8843
99184 2 3350
99424 1 12847
100132 2 498
100142 1 470
100157 2 537
100582 2 88
100702 2 79
100812 3 660
101039 1 448
101070 8 103
101092 1 113
101513 1 697
101571 1 421
101764 23 729
101791 1 112
102312 1 434
102675 32 781
103201 1 312
103389 2 66
103609 3 125
103772 2 838
103804 2 60
104001 4 193
104070 6 378
104129 5 170
104136 1 146
104203 1 56
104204 1 61
104445 3 141
104811 2 130
105141 1 748
105254 22 753
105436 1 472
105679 2 119
105932 1 530
106235 1 531
106263 2 79
106271 27 778
106540 2 425
106724 3 83
106869 1 454
106989 5 373
107887 2 74
108168 4 1156
108523 24 702
108585 1 81
108795 1 561
108847 1 620
108848 6 370
109314 8 103
109428 3 96
109911 26 710
109946 1 477
110032 1 134
110377 3 437
110885 2 141
111287 3 726
111305 4 90
111622 7 754
111911 2 1187
111926 21 858
112038 5 150
112091 2 54
112602 3 376
112847 3 97
113128 21 682
113155 1 528
113678 1 621
113679 1 805
113803 3 68
114348 1 1142
114414 25 1960
114516 1 75
114743 1 1846
115063 1 1031
115125 1 55
115205 2 123
115269 2 557
115505 25 746
115774 3 145
116050 1 513
116139 1 80
116180 2 125
116340 1 532
116443 24 700
116614 5 398
116970 1 155
117049 2 70
117171 1 486
117200 1 227
117348 2 84
117349 1 662
117582 1 903
117687 12 834
117715 1 562
117971 2 472
118027 2 68
118208 1 1206
118414 1 105
118548 2 324
118714 25 630
118829 1 604
118865 1 54
118947 5 1149
120026 1 196
120119 28 717
120185 2 174
121109 1 59
121136 4 341
121278 1 557
121759 19 720
121816 1 446
122186 1 881
122212 24 1528
122619 3 82
122857 1 142
123104 23 754
123230 1 883
123418 4 170
123602 3 94
123632 4 208
123921 9 276
123939 3 719
124130 1 190
124315 1 1355
124319 23 1075
124481 2 343
124680 1 393
124804 2 717
124895 4 1062
125010 2 107
125123 2 92
125537 2 600
125571 1 526
125610 11 901
125614 6 2113
125702 25 1897
125766 4 155
126181 3 653
126544 2 274
126660 22 751
126821 3 105
126916 1 62
126970 2 95
127291 1 911
127554 3 327
127736 4 350
127772 2 104
127936 21 813
128063 4 179
128254 3 95
128268 10 474
128396 2 1059
128435 3 305
128634 4 128
128804 1 656
128844 32 2056
129093 1 449
129405 6 660
129440 3 459
129766 26 744
129862 5 312
129947 9 655
129966 6 558
130168 2 304
130237 5 149
130603 3 918
130673 1 482
131031 4 453
131114 21 795
131132 3 177
131367 2 183
131812 2 87
131853 6 680
132423 1 785
132624 3 380
132749 1 1653
132890 1 282
132924 1 774
133366 1 735
133640 25 800
134309 1 215
134982 2 556
135005 24 783
135006 1 366
135979 1 1214
136458 31 2133
137082 2 137
137138 1 390
137268 2 481
137379 2 313
137573 21 675
138487 1 546
138584 2 575
138824 21 758
139300 1 870
139414 1 135
139956 2 87
140007 29 2042
140644 3 127
141109 1 453
141120 19 725
141496 3 115
141656 2 81
142688 22 793
142804 1 632
143546 1 268
143788 28 2124
143978 1 495
144035 2 358
144235 1 345
144275 2 191
144655 2 94
144924 25 774
145263 5 265
145577 3 1405
146038 23 767
146391 3 683
146433 1 498
146513 2 103
146555 21 948
147035 2 429
147401 28 2022
147546 1 475
147790 1 358
147931 2 96
148312 22 764
148321 1 503
148728 2 83
148883 6 707
149391 1 710
149394 6 384
149437 20 750
150202 3 332
150398 1 541
150812 2 325
150844 1 556
151490 1 340
151627 19 727
152015 1 632
152479 2 726
152764 3 117
152773 19 798
152859 1 121
153965 7 740
154340 3 195
154924 1 260
155069 1 165
155406 21 830
155444 3 104
155702 1 554
156363 2 154
156566 21 794
156582 2 952
156596 1 53
156697 3 807
156698 1 664
156899 18 1272
157065 1 484
157547 1 676
157618 3 150
157633 5 1150
158233 1 1098
158538 22 1221
158545 1 942
159099 25 753
159144 2 115
159741 1 324
159901 2 167
160334 2 85
160413 5 349
160503 21 849
160771 1 521
160942 1 483
161116 1 469
161137 5 733
161427 1 601
161462 27 2098
161868 1 413
162241 2 574
162560 24 799
162641 2 145
162910 1 456
162987 1 588
163438 4 294
163738 2 340
164003 6 324
164142 1 947
164216 1 932
164361 26 860
164362 1 620
164412 2 735
164510 1 697
164567 1 1694
164742 5 935
165079 3 813
165138 1 640
165461 2 677
165558 19 3433
165680 21 1055
165770 3 97
165852 3 316
165898 4 154
166202 1 474
166270 5 394
166418 1 509
166687 1 866
166974 24 819
167024 1 539
167030 3 642
167218 1 764
167269 4 597
167349 3 463
167542 8 1017
167593 3 2703
167747 2 119
168054 1 1378
168256 4 129
168386 26 2226
168393 1 478
168537 1 597
169032 1 808
169474 2 488
169625 1 465
169662 25 854
169735 4 155
170154 1 228
170405 4 426
170628 6 332
170840 2 119
170877 22 878
171210 9 414
171736 1 220
171745 1 726
171815 1 246
171893 31 2071
171976 11 564
172001 2 754
172478 2 536
172688 4 148
172904 4 508
173105 22 780
173753 6 410
174217 4 871
174235 1 488
175273 2 113
181262 1 279
191613 2 97
200202 1 95
231430 3 178
231614 3 129
231667 13 406
231974 2 513
232338 7 142
234118 4 165
234197 1 500
234302 1 288
234459 2 152
234859 1 346
234919 1 254
235631 3 338
235740 1 452
235864 13 314
235967 3 205
236619 1 233
236709 1 502
236720 1 492
236768 1 1165
236836 2 153
237015 3 137
237278 5 199
237673 1 131
238122 8 239
238242 1 194
238523 1 459
238861 1 189
239037 1 317
239201 1 1102
239211 17 460
239260 1 202
239443 3 206
239577 1 476
239804 1 99
240199 1 291
240563 7 262
240709 1 270
241170 1 183
241328 5 148
241355 4 175
241372 4 259
241631 1 474
241946 3 160
241983 1 168
241986 8 321
241990 13 252
242390 1 229
242480 6 607
242776 3 40213
242861 2 2284
242868 156 16984
242889 2 4454
243196 1 13700
243227 1 4804
243248 196 97794
243328 31 30540
243403 2 2152
243439 3 365
243472 1 110
243479 1 114
243807 7 1472
243910 2 487
244082 3 129
244095 6 173
244129 2 2141
244383 4 117
244395 6 202
244515 26 137580
244731 1 216
245029 5 93035
245126 2 10341
245284 5 11872
245458 1 5144
245609 1 135
245634 1 12083
245888 1 3351
245998 3 26287
246003 4 79294
246220 120 47306
246245 2 8721
246695 16 65027
246707 1 159
246710 1 14592
247031 1 119
247158 32 971
247209 11 48787
247304 3 160
247323 1 115
247349 4 135
247469 38 160821
247473 2 5709
247672 9 33059
247731 1 9771
248215 3 252
248217 7 193
248218 5 218
248219 6 213
248221 3 170
248223 2 134
248225 7 240
248227 11 219
248242 5 136
248248 2 116
248382 1 108
248497 9 742
248515 2 914
248562 3 40310
248610 7 211360
248816 16 17214
248819 1 1761
248848 1 243
248865 2 98
249102 1 655
249115 1 441
249329 6 41571
249373 2 249
249378 5 170
249383 9 318
249406 1 1303
249570 14 33965
249605 1 855
249892 1 412
249896 1 608
250073 3 19941
250142 8 1892
250472 3 155
250474 4 133
250483 7 187
250485 4 126
250487 4 148
250491 6 304
250493 7 141
250494 14 278
250497 5 118
250498 5 175
250499 6 135
250501 4 117
250503 3 157
250505 7 135
250507 7 147
250509 9 219
250515 8 152
250520 8 169
250522 4 132
250524 4 152
250526 3 133
250529 7 137
250684 1 159
250893 18 42856
250896 1 14234
251320 2 742
251525 4 18764
251528 1 12690
251716 9 11851
251897 1 136
251909 1 453
252474 14 81579
252509 2 376
252907 3 171
252913 3 178
252921 6 52519
252924 2 17447
253018 18 331696
253045 1 145
253067 199 104143
253074 1 386
253354 21 57179
253454 1 2583
253554 4 8382
253557 4 37233
253593 30 171848
253620 1 131
253661 7 22094
253692 1 261
254000 1 1145
254108 45 174176
254115 1 153
254133 1 104
254569 3 12506
254618 2 749
254725 7 149
254929 7 4509
255144 4 25727
255289 108 51128
255341 30 1729
255343 1 3019
255728 4 32235
255777 2 64507
255830 55 84137
255986 2 12990
256283 6 34425
256286 7 24252
256708 3 468
256847 5 24054
257185 2 189
257197 1 7132
257344 23 45609
257665 1 159
257781 1 1833
257812 40 103213
257865 1 35772
257966 2 4426
258089 1 490
258145 3 25755
258559 4 52150
258575 2 4275
258586 2 7912
258617 5 141
258680 1 127
258844 31 16991
258894 1 385
265759 3 380
268664 1 260
269283 16 378
269284 6 249
269285 15 405
269294 7 381
269296 2 337
269297 2 278
269299 1 281
278273 12 420
278759 1 295
278760 3 307
280129 1 438
283878 3 331
283879 7 341
283881 1 375
283883 15 507
289663 1 385
294030 4 347
294040 1 398
294042 2 415
301656 3 341
301665 1 515
301667 1 356
301713 2 401
301714 1 378
302747 1 190
304714 1 383
304720 7 297
304721 4 244
311355 14 64459
319016 1 32
319257 1 35
333356 1 110
339119 2 55
341642 1 39
361907 1 207
373161 2 432
378616 1 101
386203 1 172
397243 4 104
400423 1 1631
401968 3 39
407914 2 1714
418223 1 396
426218 5 2065
436893 2 1728
443829 2 1713
444195 1 567
459281 2 415
460914 1 71
467816 2 1724
469095 1 3148
486413 2 1843
489166 3 74
495283 1 526
504968 2 360
514731 2 49
1716 1 232
7899 1 216
10827 4 692
11171 1 238
13677 1 250
14701 1 210
19186 1 276
19214 1 187
22710 4 570
26457 1 278
27073 1 336
33215 2 653
33957 2 641
36876 1 394
37381 1 211
49127 2 279
49505 2 242
51789 1 288
57785 1 747
58939 2 352
59957 3 514
63787 1 596
64123 1 421
69321 4 212
77421 5 554
80841 115 36074
82723 1 1302
83848 30 2347
84342 1 3079
85481 1 70500
85645 2 153229
85773 6 82661
88486 33 1281
92558 15 15447
92867 11 26241
99786 1 246
99897 5 133
100142 1 470
100156 4 1296
100179 4 378
100294 2 438
100456 2 810
100644 4 128
100930 10 407
101199 4 575
101239 1 339
101513 1 697
101571 1 421
101691 2 514
101928 1 416
102207 3 257
102312 1 434
102413 3 1316
104021 1 479
104309 3 592
104563 8 878
104885 8 623
105247 3 516
105253 1 314
105722 1 719
105883 7 550
105925 4 640
105932 1 530
106019 4 493
106085 2 780
106276 1 659
106540 3 425
106637 3 1782
106869 1 454
107113 5 557
107131 2 309
107419 1 879
107465 5 524
107722 2 459
108210 1 1097
108740 3 600
108847 1 620
109173 3 529
109334 3 563
109774 1 529
109887 2 482
109925 2 365
110047 1 467
110120 1 538
110652 1 72
110803 1 658
110978 1 956
111459 2 471
112001 2 748
112172 2 438
113405 2 281
113613 1 550
113625 1 435
113678 1 621
115105 1 467
115144 1 620
115203 1 530
115530 1 139
115649 2 514
115874 6 527
115881 3 866
116340 1 532
116679 1 452
117077 2 437
117171 2 486
117445 2 865
117552 1 151
117582 2 903
117864 5 466
117868 2 596
117976 2 537
118414 1 105
118600 2 506
118710 6 1232
118747 1 1174
118829 3 604
118957 2 132
119023 1 98
119123 1 127
119305 5 526
119479 3 507
120086 1 454
120178 1 520
120202 4 861
120227 1 1350
120263 1 796
120633 1 437
121033 5 328
121138 1 278
121815 1 922
121816 1 446
122508 1 502
122692 1 1739
122786 1 193
122849 2 250
122853 3 1260
123226 3 661
123230 1 883
123326 1 725
123378 1 114
123704 3 701
123939 1 719
124074 3 570
124130 2 190
124315 1 1355
124481 1 343
124509 1 468
124614 4 635
124680 1 393
124810 5 320
124895 1 1062
125861 3 671
125996 1 481
126491 2 346
127404 3 1129
127630 4 622
127763 2 443
128449 1 67
128702 2 501
128907 1 512
129439 2 1341
129952 4 338
129975 7 765
129979 2 584
130017 2 473
130042 1 326
130456 1 535
130550 1 227
130904 1 469
130909 4 1286
131580 2 414
131851 2 1227
131853 7 680
131907 1 816
132031 2 499
132172 1 512
132258 4 719
132359 1 932
132423 4 785
132585 1 442
132700 2 690
132749 1 1653
132854 2 361
132924 1 774
132932 1 498
133065 1 657
133177 2 168
133366 1 735
133404 3 507
133408 1 452
133847 6 811
134041 3 458
134117 2 1307
134472 2 1469
135018 2 467
135333 2 476
136356 2 908
136676 3 1336
136697 3 769
136829 1 496
136979 2 457
137046 1 247
138092 3 677
138169 2 418
138251 4 596
138669 2 904
138677 2 534
138726 1 471
139300 2 870
139978 1 252
140309 3 626
140323 1 315
141515 6 749
141686 1 450
141700 1 891
141904 2 1227
142225 2 591
142268 2 431
142617 3 325
142743 1 625
143181 2 451
143493 3 299
144114 1 395
144153 1 457
144331 1 380
144630 2 186
144795 11 1064
144967 1 518
144978 1 633
145106 2 646
145577 1 1405
146001 5 901
147035 1 429
147636 3 128
147652 1 1113
148038 1 761
148181 1 936
148543 1 696
149385 3 759
149532 2 155
150197 2 841
150880 3 453
151078 2 535
151414 1 629
151490 1 340
151798 1 364
151964 1 651
152015 1 632
152719 2 453
152752 1 565
152993 2 558
153364 1 925
153469 1 770
153716 2 489
153911 1 530
154250 1 425
154885 2 326
155613 1 1034
156016 2 259
156272 2 242
156435 1 491
157065 2 484
157264 2 1120
157406 1 1086
157676 1 614
157732 2 456
158043 1 442
158439 1 815
158545 2 942
160942 1 483
161256 3 1182
161522 1 189
161804 2 434
164216 1 932
164567 2 1694
164794 2 600
165138 1 640
165397 8 1083
165418 1 886
165456 7 653
165461 1 677
165766 1 345
166147 1 492
166202 1 474
166418 3 509
166687 2 866
167107 1 469
167218 1 764
167727 1 43
168375 2 455
168838 3 1704
169032 1 808
169111 2 416
169826 1 1414
170154 1 228
171008 4 432
171023 1 411
171113 2 900
171561 1 1083
171745 2 726
171757 9 439
172363 2 1435
173223 2 424
173680 1 534
174235 4 488
181262 1 279
231430 7 178
231614 4 129
231667 17 406
231772 7 140
231974 4 513
232338 10 142
232490 17 643
232568 22 1226
232683 3 917
232713 4 274
233312 1 303
233481 24 363
233743 3 2148
234118 9 165
234197 2 500
234302 2 288
234325 3 1364
234439 1 483
234459 1 152
234859 2 346
234919 1 254
235536 4 340
235552 1 214
235625 15 295
235631 4 338
235740 1 452
235761 5 408
235864 16 314
235967 2 205
236081 2 200
236408 36 1218
236619 4 233
236709 4 502
236720 1 492
236768 4 1165
236783 1 759
236836 5 153
237015 6 137
237278 7 199
237673 5 131
237679 2 372
238122 9 239
238242 5 194
238282 7 1212
238283 17 391
238523 7 459
238861 6 189
239034 1 450
239201 1 1102
239211 23 460
239260 1 202
239443 2 206
239577 1 476
239804 2 99
240199 1 291
240293 1 210
240563 11 262
240709 1 270
241170 1 183
241199 8 151
241328 6 148
241355 5 175
241360 4 136
241372 8 259
241785 1 373
241946 1 160
241983 2 168
241986 14 321
241990 17 252
242101 35 1467
242390 1 229
242480 20 607
242712 6 301
242856 16 3371
242858 1 2655
242861 3 2284
242868 308 16984
242889 18 4454
242949 1 6027
243196 20 13700
243227 2 4804
243248 385 97794
243328 98 30540
243403 2 2152
243439 7 365
243472 8 110
243479 3 114
243807 11 1472
243910 2 487
244000 11 5203
244082 8 129
244095 7 173
244129 3 2141
244383 5 117
244395 8 202
244515 5 137580
244731 1 216
245011 8 10535
245029 100 93035
245106 3 95
245126 1 10341
245284 29 11872
245458 24 5144
245609 5 135
245634 5 12083
245818 8 601
245888 18 3351
245986 2 12763
245998 6 26287
246003 68 79294
246220 195 47306
246451 1 11193
246674 6 19215
246695 15 65027
246707 3 159
246710 6 14592
247031 4 119
247158 38 971
247252 2 138
247304 4 160
247306 1 124
247323 2 115
247349 4 135
247469 7 160821
247473 13 5709
247672 2 33059
247731 2 9771
248106 1 9186
248215 10 252
248217 11 193
248218 7 218
248219 8 213
248221 10 170
248223 3 134
248225 10 240
248227 15 219
248242 6 136
248248 7 116
248278 2 24167
248382 3 108
248497 31 742
248515 3 914
248562 7 40310
248610 118 211360
248819 9 1761
248848 2 243
248865 2 98
248928 1 6882
249057 3 823
249102 2 655
249115 1 441
249329 4 41571
249373 3 249
249378 7 170
249383 13 318
249406 1 1303
249570 6 33965
249605 1 855
249892 3 412
249896 2 608
250073 3 19941
250142 2 1892
250472 7 155
250474 7 133
250483 6 187
250485 6 126
250487 5 148
250491 10 304
250493 10 141
250494 13 278
250497 4 118
250498 5 175
250499 7 135
250501 6 117
250503 8 157
250505 8 135
250507 10 147
250509 10 219
250515 11 152
250520 7 169
250522 5 132
250524 13 152
250526 8 133
250529 9 137
250684 2 159
250893 81 42856
250896 100 14234
251320 4 742
251439 8 167
251525 17 18764
251528 9 12690
251716 11 11851
251897 2 136
251909 5 453
252308 5 768
252474 5 81579
252509 7 376
252849 1 18559
252906 1 132
252907 13 171
252913 9 178
252924 4 17447
253018 5 331696
253045 1 145
253067 405 104143
253074 1 386
253354 4 57179
253454 5 2583
253554 15 8382
253557 128 37233
253593 13 171848
253620 1 131
253624 1 159
253652 3 148
253661 31 22094
253692 1 261
254000 1 1145
254108 3 174176
254115 2 153
254133 1 104
254569 18 12506
254618 10 749
254725 7 149
254804 6 142
254929 12 4509
255068 10 24184
255069 7 17727
255172 1 1269
255289 189 51128
255341 57 1729
255343 9 3019
255728 7 32235
255777 2 64507
255830 3 84137
255986 1 12990
256038 2 1720
256283 4 34425
256286 9 24252
256708 5 468
256847 6 24054
257185 2 189
257197 57 7132
257201 54 10688
257474 3 8990
257490 10 389
257665 1 159
257781 1 1833
257812 10 103213
257865 293 35772
257990 3 118
258089 1 490
258145 27 25755
258494 1 7616
258559 92 52150
258575 2 4275
258617 5 141
258639 4 7255
258657 1 5008
258844 43 16991
260537 8 343
260538 10 369
260539 11 383
263361 4 344
265759 4 380
269283 20 378
269284 6 249
269285 17 405
269294 26 381
269296 9 337
269297 10 278
269299 8 281
270062 12 513
275108 1 619
278273 10 420
278759 6 295
278760 6 307
283878 11 331
283879 20 341
283880 7 219
283881 11 375
283882 14 362
283883 18 507
285185 9 458
287118 5 389
287120 12 324
287121 3 333
289663 1 385
294029 1 364
294030 5 347
294040 8 398
294042 1 415
294043 9 409
301656 3 341
301665 7 515
301667 1 356
301668 9 377
301713 3 401
301714 2 378
302747 2 190
304714 1 383
304720 9 297
304721 6 244
314737 12 524
319016 1 32
319257 1 35
323824 1 33
333356 1 110
339119 2 55
354113 10 169
361907 1 207
368800 1 48
373161 3 432
386203 1 172
400935 1 67
401078 1 53
418223 1 396
444195 3 567
452283 2 52
457411 1 63
459281 1 415
460914 1 71
474575 2 45
495283 1 526
504968 2 360
