11387 1 503
11434 5 499
13452 2 249
16852 1 178
18428 1 237
18518 1 325
18568 1 364
19120 3 348
22196 1 491
23604 1 235
25315 1 404
26521 1 150
26686 1 382
27511 9 179
28296 13 276
28613 5 174
29297 7 301
30344 3 156
31413 1 388
31680 1 388
32149 1 182
32966 2 326
42410 1 419
45380 6 356
46561 2 103
48152 1 471
48209 1 326
48508 9 270
48617 3 64
49484 1 182
51367 3 78
52933 1 209
60218 6 342
61254 1 269
62783 1 191
62784 1 501
62808 1 202
62885 1 484
64133 1 675
66064 3 137
66766 1 495
67284 1 274
69629 1 272
75010 1 338
80709 3 4617
84601 2 27345
85481 1 70500
85551 1 1249
91307 1 36764
91397 4 7407
92961 3 11521
94789 1 12958
97725 15 10756
99353 3 444
110298 2 777
127577 1 290
133439 1 370
134164 2 534
144111 1 563
160163 9 839
218921 1 337
235537 2 566
236819 1 269
238328 1 193
239455 1 958
247400 1 13116
248686 1 4315
254681 1 2624
260787 20 55438
263186 1 601
263580 1 397
265595 1 482
265602 1 577
270434 1 552
271382 1 279
277163 1 454
279286 1 451
280086 2 8111
282022 1 732
285687 4 542
285688 2 433
286224 2 531
286310 2 420
286485 1 4421
286721 1 615
288592 1 342
292068 2 696
299776 1 4891
305988 2 1819
309933 1 399
312912 2 1955
312997 3 12327
314305 1 393
315145 2 593
327763 2 97
332236 1 365
334994 1 64
337478 1 245
339033 1 712
339800 1 89
340129 3 317
344514 1 390
346983 1 380
347135 1 528
354699 1 368
355627 2 218
358226 1 585
361407 1 725
362017 1 689
365485 1 485
389213 1 386
390222 7 150
395220 1 119
398899 1 507
402348 1 343
415347 1 671
428650 2 594
429097 2 373
429999 1 497
430004 2 550
430065 1 223
430249 1 482
446713 1 377
457932 1 1142
463322 2 200
464586 1 408
466768 1 167
468183 1 945
481546 4 99
483970 1 395
494885 2 502
504419 3 612
508912 3 119
517542 1 606
519099 2 117
520272 1 896
520327 1 113
101 13 508
185 15 243
1460 3 444
2346 12 408
3883 9 436
4453 4 393
9135 5 352
9571 1 500
10237 17 398
10267 15 300
11434 1 499
12726 2 179
12978 1 267
13403 10 442
13452 1 249
13992 17 382
14943 1 446
19523 5 104
20611 5 390
20883 2 342
21641 1 293
21656 2 387
22967 3 418
23604 1 235
24896 15 177
25201 16 544
25315 1 404
26233 2 399
26413 6 460
26470 1 170
28280 1 476
29179 3 331
29240 2 279
31413 1 388
31527 1 182
31680 1 388
31791 3 149
31993 4 330
32591 8 390
33020 15 324
34247 18 490
34731 11 144
35263 2 293
35483 9 730
35800 2 324
36024 7 106
39410 14 403
39516 3 944
39589 3 379
41032 1 369
42145 5 330
42439 1 342
42779 9 474
42912 14 527
43124 4 206
43544 6 421
43703 1 403
44825 1 149
45380 2 356
45637 1 373
49690 1 201
50745 1 256
51695 18 558
52408 3 431
54718 2 274
54782 1 578
54899 2 259
54955 1 518
57043 23 585
57448 6 582
58664 7 303
58710 11 267
58800 9 397
59169 2 465
59649 1 404
59711 4 314
59883 2 405
60218 1 342
60249 3 513
60394 2 396
60952 2 388
61759 1 138
62562 2 209
62738 2 217
63241 2 498
63552 4 340
65332 4 383
65882 13 640
66766 1 495
67185 2 285
67284 1 274
69229 1 535
69899 4 64
70759 25 169
70837 2 494
73406 3 219
73412 3 225
73823 12 513
74104 1 63
74679 11 404
77227 14 304
77401 4 481
78509 1 336
80067 7 1436
80140 7 394
80142 5 252
80143 6 452
80210 7 295
80211 5 251
80214 7 224
80610 11 475
80709 1 4617
81119 14 6781
81550 8 517
81740 8 380
81754 2 667
82276 18 486
82648 40 18160
83125 6 335
83721 6 215
84504 66 1810
84601 25 27345
84643 7 374
84805 6 1072
85004 20 272
85368 4 74892
85370 95 3256
85481 4 70500
85645 15 153229
86016 2 32
86364 2 33
86365 711 19335
86666 15 481
86667 15 458
86753 38 173871
87162 1 147
87204 6 227
87254 4 14581
87292 17 559
87293 44 2129
88047 6 397
88180 11 1002
88419 7 420
88420 5 334
88432 2 2853
88714 6 259
89590 11 368
89812 486 13490
90281 17 490
90472 19 336
90670 13 19768
90908 18 17901
90910 10 1486
91051 8 252
91307 22 36764
91397 7 7407
91519 25 1145
91710 2 2389
91782 1 714
91971 2 583
92011 19 484
92224 46 606
92365 46 606
92507 6 408
92785 6 530
92852 17 447
92961 2 11521
93095 35 1258
93654 23 102204
94651 3 131
94717 5 323
94890 1 3551
95564 139 10854
96027 159 30491
96037 126 46291
96049 4 78606
96136 19 20896
96240 7 714
96786 20 479
96913 18 3699
97058 20 475
97059 97 9334
97725 11 10756
98498 6 320
98805 2 30
98806 327 19544
98932 7 353
98933 6 424
98973 3 1418
99053 29 27408
99118 6 217
99255 7 448
99364 5 412
99985 3 56
100084 6 125
100258 5 556
100270 2 95
100302 4 354
100308 3 60
100627 5 588
100650 2 558
100985 1 222
100988 2 214
101250 1 550
101350 5 368
101367 1 1091
101388 1 1146
101401 3 605
101461 3 44
101465 1 449
101539 4 127
101566 4 378
101654 2 68
101701 3 141
101720 3 142
101840 4 1095
101879 4 138
101924 1 127
101985 4 73
102042 2 433
102293 2 112
102470 2 43
102528 1 70
102563 12 510
102781 25 611
102897 27 415
103129 3 559
103219 4 64
103270 1 309
103360 4 120
103444 2 800
103616 6 155
103650 2 53
103685 3 49
103895 1 500
104120 4 174
104151 13 8662
104184 4 52
104196 1 60
104408 4 154
104520 5 572
104651 2 58
104656 1 44
104705 5 1201
104722 2 51
104763 7 1044
104842 15 250
104940 1 830
104987 2 56
105061 33 1548
105127 4 102
105200 3 101
105267 2 99
105269 11 4204
105402 26 585
105463 3 101
105492 3 634
105738 1 297
105794 3 160
106063 3 63
106451 17 300
106528 1 192
106720 3 80
106742 1 721
106796 3 42
106812 2 174
106827 1 1146
106920 12 350
107133 4 45
107244 3 70
107679 1 452
107809 2 520
108025 8 284
108028 2 146
108280 5 112
108416 4 131
108777 1 95
108975 2 47
108996 4 451
109096 1 1525
109145 3 76
109242 2 119
109293 4 98
109352 2 45
109426 7 251
109446 2 358
109471 2 41
109489 23 838
109538 1 398
109587 5 384
109598 3 1135
109815 6 64
109816 3 124
109892 4 154
109900 4 108
109964 34 659
110158 1 199
110174 1 1450
110300 2 251
110349 1 509
110358 1 551
110690 2 1505
110724 1 121
110937 1 80
110946 4 90
111009 9 826
111189 2 560
111239 1 58
111392 1 307
111468 4 144
111791 19 349
111813 6 154
111826 15 328
111827 1 56
111875 2 79
111889 8 394
111920 1 594
111942 1 775
111990 1 514
112048 2 500
112093 1 622
112150 7 195
112237 4 80
112302 6 121
112400 3 70
112407 10 337
113196 4 111
113205 2 352
113733 18 414
114109 4 83
114308 15 8586
114579 4 60
114690 7 763
114765 6 686
115016 2 254
115046 1 1311
115215 3 140
115270 13 578
115512 13 616
115569 4 632
115715 2 417
115737 1 666
116028 10 460
116415 1 624
116467 4 512
116622 2 156
116626 1 1461
116663 1 573
116690 1 181
116709 3 699
116790 3 154
116791 4 657
116841 10 424
116994 1 582
117080 1 315
117133 3 132
117237 2 158
117352 4 1994
117428 3 109
117474 28 818
117526 4 104
117584 1 551
117625 4 740
117720 1 112
117776 8 295
117955 1 145
118162 1 755
118240 2 106
118307 2 55
118392 11 392
118441 2 41
118442 3 780
119144 2 68
119222 8 291
119228 3 116
119276 5 111
119359 3 87
119808 3 802
119871 1 121
120080 3 290
120211 2 362
120338 4 625
120556 4 99
120576 2 1247
120725 4 60
120847 1 426
120992 2 48
121098 1 507
121160 3 111
121203 2 396
121765 2 381
121819 5 94
121918 7 160
121986 3 451
121991 1 723
122007 1 564
122017 4 772
122031 2 77
122042 1 1822
122466 2 432
122467 4 97
122726 7 293
122736 6 800
122787 2 604
122968 1 488
123082 5 532
123122 2 66
123182 7 437
123798 1 76
123914 24 579
124193 3 542
124305 4 2625
124483 1 517
124757 4 99
124881 2 116
124917 2 40
125117 3 66
125209 1 443
125252 2 41
125397 3 681
125456 1 489
125574 7 625
125637 2 573
125768 6 1419
125867 5 54
126007 3 51
126025 5 1049
126082 4 118
126203 1 199
126223 2 170
126265 2 148
126302 1 671
126459 5 66
126479 4 64
126703 5 737
126870 2 787
127087 1 119
127108 5 115
127114 15 8902
127189 3 424
127299 2 44
127548 3 477
127564 23 747
127639 5 161
127676 3 71
127750 6 72
128283 3 73
128344 1 239
128438 3 67
128507 12 283
128539 3 224
128616 3 814
128639 13 676
128862 2 129
128918 1 776
129530 1 432
129539 2 44
129595 7 388
129708 4 190
129757 1 711
129762 1 738
129769 5 309
129859 1 1551
129860 1 331
129993 1 450
130018 5 486
130218 5 290
130267 14 998
130708 4 1856
130710 2 54
130749 13 626
130792 10 1594
130820 8 182
130836 4 150
130849 5 77
131089 4 131
131133 15 656
131365 1 774
131417 5 61
131444 1 726
131582 2 60
131610 10 735
131787 4 343
131802 5 72
131886 3 61
131927 3 90
131992 7 335
132297 1 1802
132429 3 83
132731 8 146
132793 2 544
132845 9 808
132869 1 445
132906 2 917
133187 3 101
133345 4 123
133396 1 57
133408 4 452
133484 3 634
133529 4 113
133635 1 1088
133716 2 550
133819 4 731
133826 3 168
134117 1 1307
134188 1 628
134219 7 247
134264 2 170
134279 1 94
134304 2 69
134308 1 131
134636 4 69
134833 2 138
134907 7 115
134994 9 98
135027 14 624
135084 3 98
135487 4 198
135784 5 65
135803 7 672
135813 3 135
135969 7 291
136157 14 645
136311 12 8993
136315 1 1126
136316 4 87
136580 2 359
136627 3 178
136882 7 599
136898 9 166
137034 2 58
137352 2 1771
137428 9 172
137445 2 611
137486 10 83
137491 22 558
137635 8 440
137655 1 1372
137789 8 136
137917 3 1204
138152 3 212
138251 2 596
138290 17 746
138753 1 834
138959 2 456
139115 22 759
139119 4 601
139125 4 104
139177 2 1113
139667 4 129
139677 1 936
139680 3 539
140174 13 573
140239 4 2695
140335 12 267
140500 1 492
140536 2 532
140591 15 765
140648 2 68
140661 10 356
140669 16 499
140797 1 1224
140918 6 131
141275 9 605
141415 1 604
141468 5 100
141489 3 98
141492 5 91
141517 3 693
141526 4 52
141751 6 610
141901 3 647
142062 1 357
142260 2 178
142300 3 867
142332 5 438
142346 4 109
142384 20 724
142548 26 597
142628 2 593
142931 7 426
143003 9 482
143037 4 68
143057 1 179
143133 8 435
143389 3 656
143466 1 1840
143670 7 314
143742 11 573
143840 1 1279
144111 1 563
144367 3 637
144487 14 753
144580 3 135
144707 4 130
144723 3 450
144888 3 176
144939 1 844
145108 1 289
145169 8 373
145245 2 416
145326 17 338
145503 9 282
145667 4 108
145675 15 252
145889 1 166
145923 26 1001
145987 1 1369
146007 2 387
146284 2 109
146413 3 127
146506 4 228
146596 7 126
146702 16 1521
146716 3 154
146769 5 137
146841 2 858
147057 3 773
147133 16 9616
147193 1 567
147275 1 109
147383 2 586
147386 3 783
147417 3 122
147457 4 63
147700 7 184
147950 12 347
148212 7 436
148346 3 76
148465 4 71
148481 4 146
148484 17 498
148496 23 659
148553 3 122
148836 3 836
148890 2 574
149358 3 74
149587 1 496
149623 8 267
149671 3 824
149774 9 552
150031 1 545
150364 6 874
150550 6 566
150591 4 98
150651 7 345
150743 5 529
150844 5 556
150865 2 340
150954 3 79
151003 14 673
151055 6 321
151118 5 122
151175 1 118
151274 15 300
151391 2 61
151502 2 334
151592 1 669
152112 2 62
152130 1 390
152219 2 46
152252 7 539
152369 19 622
152383 6 204
152472 1 299
152497 3 571
152615 2 57
152631 3 285
152635 7 372
152839 4 271
152926 4 71
153280 3 653
153414 4 82
153558 2 246
153605 4 100
153773 4 378
153840 1 1862
153869 1 453
153979 3 236
154157 19 735
154182 5 75
154213 8 127
154251 1 411
154398 5 401
154618 19 312
154809 1 109
154810 5 92
154849 5 179
155140 4 387
155219 3 574
155224 6 93
155242 6 690
155517 4 572
155585 29 1309
155601 6 114
155824 5 134
155858 1 669
156003 3 101
156129 2 958
156355 9 753
156554 8 147
156657 10 300
157108 1 158
157205 1 487
157221 4 124
157244 3 133
157262 2 170
157458 2 56
157713 4 182
157992 1 169
158038 2 659
158117 45 1618
158192 2 162
158208 20 459
158223 1 327
158262 10 795
158372 2 63
158602 2 79
158665 2 341
158908 7 564
158995 4 1322
159019 25 777
159058 2 56
159119 2 88
159160 14 10016
159383 5 707
159645 3 983
159832 6 69
159850 5 141
160093 1 1103
160096 1 709
160163 2 839
160572 1 707
160752 1 2724
160846 11 521
160995 2 678
161001 3 77
161083 2 66
161139 1 661
161338 7 208
161394 1 155
161415 1 211
161416 2 469
161426 4 737
161448 3 102
161969 9 164
162039 4 54
162045 4 200
162080 2 71
162138 7 144
162151 7 353
162177 2 52
162576 2 79
162695 2 67
162727 5 147
162785 1 632
162788 1 1230
162971 4 135
163165 16 635
163394 2 67
163444 6 193
163602 1 309
163740 25 705
163984 1 639
164112 3 160
164114 1 232
164278 2 712
164500 1 109
164541 1 1879
164687 8 487
164936 1 503
165067 2 156
165092 33 817
165123 8 181
165331 2 1360
165334 1 1062
165337 24 595
165385 2 54
165445 6 164
165674 4 360
165825 2 531
165892 1 625
166104 4 950
166106 4 627
166108 2 652
166230 6 198
166321 1 532
166355 9 759
166363 4 283
166545 2 98
166562 1 808
166647 2 1146
166726 1 97
166831 4 68
167047 2 430
167054 3 62
167242 1 1019
167245 4 117
167287 2 486
167401 2 67
167405 3 84
167593 4 2703
167609 3 76
167616 9 322
167628 2 730
167660 5 658
168107 2 376
168150 1 326
168394 1 861
168412 10 564
168478 2 306
168808 5 133
168862 2 734
169055 3 74
169231 2 66
169411 2 88
169703 1 338
169781 16 8290
169783 1 688
169926 2 229
169929 1 809
170019 6 268
170256 1 128
170507 1 663
170888 4 1270
170895 3 119
171041 2 504
171054 5 122
171128 6 124
171178 2 44
171239 1 1455
171371 2 83
171477 2 103
171533 10 371
171715 4 203
171738 4 820
171773 2 545
171994 1 793
172226 2 76
172252 10 192
172373 18 646
172379 31 785
172490 1 691
172630 5 116
172778 4 134
172951 2 79
172982 3 73
173028 10 810
173155 2 448
173267 1 783
173409 1 626
173459 29 880
173553 3 90
173683 2 85
173817 8 120
173823 1 476
173967 1 713
173975 4 214
174006 12 209
174037 1 582
174096 7 115
174278 2 111
174297 2 727
174298 1 1660
176304 4 108
179878 10 415
188538 2 225
189411 1 127
190039 5 133
191091 1 132
196804 4 132
202179 1 202
205452 5 621
224052 1 812
226372 36 670
228894 4 106
231236 31 680
231241 9 155
231308 10 513
231731 8 157
231781 16 742
232631 7 640
233102 11 122
233802 15 774
233829 15 350
233959 15 856
234689 9 1717
235345 6 121
235372 1 293
235724 17 446
236091 19 356
236332 4 1408
237283 1 184
237663 3 290
238308 21 491
238931 9 745
239656 3 331
239682 1 193
240794 4 260
240844 1 212
240967 46 438
241288 6 427
241705 24 581
242049 10 304
242050 22 779
242256 7 254
242330 10 267
242559 4 522
242864 1 8168
243386 18 1108
243819 1 5463
244046 2 1225
247400 4 13116
248413 2 425
248686 15 4315
248688 54 17594
248788 173 56946
249758 16 514
250059 12 37994
250178 4 132
250452 179 16435
250466 1 6804
250616 9 37169
251564 57 5212
251582 2 1324
252470 10 6441
253448 3 397
253534 46 722
253569 131 1620
254497 1 24964
254681 2 2624
255076 22 600
255476 2 44402
255483 18 502
256347 37 6106
256499 123 1942
257345 55 89736
257765 15 459
258225 2 14533
258355 99 12953
259171 42 3050
259172 197 12233
259173 253 9957
259174 415 19382
259175 38 2289
259176 16 949
259289 65 3578
259325 28 553
259444 23 821
260248 9 351
260648 101 2489
260780 2 896
260781 2 1165
260782 2 839
260787 8 55438
262135 7 342
262138 3 495
262146 2 503
262147 15 418
262344 1 419
262686 19 373
262742 28 372
263186 1 601
263528 49 1363
263837 175 4744
265491 22 232
265986 17 1638
266174 4 784
266261 16 296
266264 11 526
266497 10 1743
266670 17 309
267158 1 744
267191 8 748
267269 1 59
267426 5 514
267506 4 176
268058 8 1526
268309 18 434
268310 10 410
268312 20 556
268313 33 397
268317 18 562
268321 14 346
268324 10 258
268325 11 431
268326 7 220
268393 31 696
269004 4 1480
269884 1 969
270028 14 290
270277 10 408
270642 43 2458
271382 1 279
271859 11 296
272126 13 7361
272231 10 778
275826 18 438
276804 14 448
276805 13 202
278892 24 590
279010 4 407
279286 1 451
279389 7 342
279390 13 549
279494 12 305
279496 10 530
279497 11 559
279498 9 646
279499 7 632
279500 10 648
279501 8 596
279502 9 494
279505 12 369
279508 6 337
279513 2 592
279514 5 583
279515 3 515
279516 7 476
279517 5 507
279518 6 425
279519 3 592
279520 2 434
279521 4 563
279522 8 445
279524 6 338
279530 1 589
279531 5 583
279532 6 579
279533 3 569
279534 6 518
279535 4 610
279536 2 688
281492 4 224
281495 3 444
282350 2 530
282351 6 562
282354 10 532
282360 12 516
282366 19 451
282369 15 458
282371 20 498
282372 23 500
282373 17 428
282375 16 454
282379 20 412
282382 26 608
282389 9 511
282390 6 430
282395 13 419
283653 1 280
284675 4 691
284676 2 841
285400 1 955
286441 8 470
286442 2 420
287373 1 57
287602 6 5536
288554 7 347
289102 15 613
289628 1 696
290755 7 532
292068 1 696
292162 15 929
292760 11 434
292926 2 295
292927 5 348
292928 5 346
292929 14 678
293272 1 2681
294571 5 362
295525 3 858
296916 2 368
296917 3 320
296918 6 294
296919 9 259
296920 2 336
296921 5 279
299397 10 844
299472 1 846
299534 12 867
300317 3 355
301277 11 544
301435 7 306
301436 6 440
301449 1 516
301450 7 406
301451 13 480
301452 24 607
301453 3 207
301454 1 219
301455 1 558
301458 4 409
301459 4 411
301466 1 425
301468 15 353
301471 3 432
301475 4 364
301484 4 523
301485 8 370
301723 5 501
301725 9 340
301727 9 267
303271 8 337
304722 6 355
304853 1 755
304856 1 786
304857 1 935
305899 1 742
305987 1 1140
306457 5 200
308875 7 283
309770 1 746
309874 2 918
309900 2 293
310614 27 528
311225 1 328
311248 7 266
311355 10 64459
311880 54 2176
312152 8 1599
312997 1 12327
313023 2 191
313478 1 778
314512 67 52248
314799 3 117
314851 3 35
315110 6 282
315138 3 535
315600 2 30
315605 1 493
315748 1 659
316008 4 766
316056 1 143
317625 27 827
318507 6 185
319400 5 47
319623 3 550
320473 4 671
321494 1 155
321866 3 36
322300 3 44
323122 1 37
324117 7 96
325450 1 666
325898 1 526
327175 2 161
327527 1 286
328432 1 36
329292 1 80
331234 2 197
332143 2 31
332155 2 31
332204 9 270
334352 21 586
334437 1 736
335367 2 503
337340 1 667
337469 13 520
337625 3 38
337677 4 1103
339022 2 946
341024 3 642
342016 8 429
342132 3 423
342800 3 701
344514 1 390
345469 10 242
347569 2 677
348515 3 30
348969 1 718
350402 3 463
350451 4 478
350962 9 545
352761 1 786
353621 3 45
355016 1 105
355216 1 465
355246 4 204
357520 5 88
357589 3 497
358999 1 747
360393 4 521
362915 1 324
363114 2 58
366254 8 393
367396 1 790
367546 6 446
367883 4 67
368193 2 408
368580 3 433
373323 14 555
375029 2 448
376759 4 180
376926 10 147
379617 2 168
379861 1 652
380072 6 143
380887 7 138
380888 14 258
380948 1 817
382752 5 569
383269 2 457
384308 1 599
384853 2 166
385246 2 694
385260 7 437
385729 1 552
385974 5 58
387122 2 279
390412 6 105
391709 1 89
393269 7 189
393650 10 166
393816 7 212
393888 21 683
395831 5 592
396235 1 378
396815 23 604
396910 1 732
397726 4 57
398448 1 862
398899 1 507
401311 1 789
402198 4 36
402348 2 343
402804 18 625
404499 1 319
404782 3 1039
409754 8 534
410885 7 224
412841 3 60
412847 3 119
414844 2 488
415347 2 671
416096 3 47
416259 1 79
416531 3 258
416921 3 55
417893 3 42
417986 1 167
419686 40 699
421437 8 200
421893 19 743
423019 1 215
423451 3 46
423810 2 40
424601 5 42
425593 3 40
425958 1 97
426687 1 145
427083 3 52
428047 14 515
430304 13 226
430646 4 94
431155 4 88
433115 12 541
435942 5 210
436727 1 416
438491 5 406
438648 1 919
438973 1 525
439368 4 227
441175 8 471
443149 21 536
444012 5 340
444905 3 62
447398 8 368
447434 4 43
447823 4 596
448602 1 97
449237 4 572
449555 6 887
450571 1 134
451027 5 292
451979 8 187
453578 1 777
455172 4 53
457533 2 43
457807 4 45
458157 1 86
458475 2 572
459293 1 610
460090 4 39
461935 2 75
462203 4 87
462722 3 171
462763 1 600
462894 3 46
462902 4 57
463242 3 305
466465 4 224
466838 1 523
467886 2 45
467901 1 765
468183 1 945
468403 3 74
469261 2 1371
469417 2 51
469521 2 48
469724 1 518
471108 2 415
471940 3 46
472209 1 230
472331 1 430
472387 5 487
473338 12 458
473345 29 897
474491 2 243
475209 3 337
475435 3 359
475712 1 764
475879 2 326
476459 4 56
476491 14 520
476588 7 98
477489 2 74
477524 4 181
478037 10 472
478341 3 338
478722 3 349
480032 2 348
480617 2 420
481143 4 229
481153 5 264
481510 5 613
482819 1 622
482837 3 323
484013 8 127
484903 3 50
486295 6 166
486364 1 574
486897 1 224
486911 4 847
487576 5 391
488171 1 749
488921 12 630
489534 1 426
489566 1 144
492854 16 519
494195 3 821
494282 7 103
495473 20 570
495856 4 415
495968 7 119
496009 1 272
498058 1 545
498858 2 464
499886 2 320
500975 4 356
502344 5 94
502548 2 332
503056 1 251
504212 1 178
504806 2 751
506759 4 581
507092 1 332
507288 2 517
507410 2 238
508726 1 119
509331 2 306
510071 1 316
510185 1 128
511615 11 382
513132 4 59
513520 3 567
513671 4 41
513686 4 305
513824 5 543
515375 1 436
515681 1 182
515775 2 51
521367 1 152
521395 1 539
524375 1 271
524582 1 253
185 1 243
1460 1 444
2346 1 408
9135 1 352
10237 1 398
10267 1 300
12726 1 179
13403 2 442
14943 1 446
21656 4 387
31791 4 149
31993 4 330
35263 2 293
36024 1 106
39410 1 403
39516 1 944
39589 1 379
41032 1 369
41609 1 348
42145 1 330
42439 1 342
42779 4 474
42912 4 527
43544 1 421
54718 1 274
58800 7 397
62562 1 209
62738 1 217
63241 1 498
63552 3 340
67185 2 285
69229 2 535
73823 1 513
80067 8 1436
80140 4 394
80143 3 452
80210 1 295
80211 1 251
80214 2 224
80395 7 280
80610 3 475
80709 1 4617
81119 2 6781
81550 1 517
81740 9 380
81926 4 311
82503 2 8546
82648 16 18160
83020 1 17911
83125 5 335
83721 1 215
84601 17 27345
84643 1 374
84895 21 757
85035 20 749
85368 6 74892
85370 15 3256
85481 11 70500
85645 7 153229
86316 4 135
86365 15 19335
86556 18 2301
86753 60 173871
86917 1 380
87162 1 147
87204 1 227
87254 11 14581
87298 6 15858
88047 5 397
88419 3 420
88420 5 334
88586 37 8816
88714 1 259
88838 5 150
89570 16 825
89812 1 13490
90428 19 736
90670 20 19768
90910 3 1486
91307 10 36764
91416 8 230
91710 21 2389
92507 1 408
92785 2 530
93095 13 1258
93643 12 769
93654 125 102204
93753 167 4606
93911 1 21362
94651 1 131
94717 4 323
94789 1 12958
94890 2 3551
95564 13 10854
95679 7 299
96027 5 30491
96037 122 46291
96049 32 78606
96136 6 20896
96240 1 714
96415 14 841
96913 8 3699
97059 4 9334
97725 5 10756
97979 12 654
98391 5 240
98498 1 320
98806 13 19544
98932 3 353
98933 5 424
98958 7 2065
98973 1 1418
99043 12 1004
99053 2 27408
99118 1 217
99255 1 448
99364 3 412
99442 7 1340
99454 5 144
99832 12 296
100801 1 99
100985 3 222
101529 2 625
101677 1 873
102963 1 120
103045 1 61
103611 1 102
104408 1 154
104443 1 122
104637 1 129
104673 1 1086
104879 1 92
105845 1 107
107679 12 452
107809 1 520
107881 1 246
108737 1 818
109101 1 191
109260 1 197
109538 2 398
109625 1 267
110158 1 199
111009 1 826
111242 4 866
111906 3 299
112257 8 596
114357 3 427
114830 1 146
115215 1 140
115737 2 666
116636 1 160
116838 1 738
117237 1 158
117719 1 162
117872 2 108
118591 1 201
119012 1 214
119367 5 562
119727 3 131
120162 1 140
120211 4 362
121203 1 396
122787 1 604
122820 1 74
123378 1 114
123914 1 579
125397 1 681
125602 2 824
127099 1 124
127243 1 119
127247 2 447
127548 1 477
127779 4 471
127849 1 150
128194 1 157
128713 1 111
128835 1 140
128926 1 1176
129151 1 1532
130861 2 341
131183 1 141
131610 1 735
131882 1 192
132538 2 694
132869 2 445
133408 2 452
133713 1 731
134188 1 628
134337 1 93
134647 1 211
135296 1 138
135900 1 102
136567 2 515
137003 1 178
138152 1 212
141708 2 351
142728 1 328
142800 1 356
144367 1 637
145211 1 382
145309 1 336
145987 1 1369
147169 1 152
147604 1 149
148484 1 498
149660 1 108
150090 1 420
150865 1 340
151014 1 335
151183 1 169
152211 2 210
152318 1 87
152984 1 211
153280 2 653
153558 1 246
153869 1 453
155517 1 572
155772 1 113
155858 1 669
157108 1 158
157125 3 1243
157979 2 157
157992 1 169
158117 1 1618
158216 1 196
158665 1 341
159645 2 983
159943 1 151
160439 1 181
161714 1 228
162392 1 110
162754 1 355
163602 1 309
164616 1 65
166104 2 950
166797 1 222
167593 2 2703
168986 1 127
169607 4 826
169980 1 523
171014 2 173
171235 1 321
172242 1 391
172373 2 646
172750 1 3037
173792 1 80
173956 1 386
174298 1 1660
176805 1 465
185464 1 318
187285 1 305
188656 1 931
190039 1 133
191091 1 132
196804 1 132
204981 4 327
205452 1 621
210091 1 494
212607 1 87
215702 1 94
226283 1 509
226372 1 670
231731 4 157
231781 31 742
235372 15 293
236332 22 1408
237283 11 184
237535 10 326
237663 10 290
238931 34 745
239656 14 331
239682 3 193
240844 3 212
240967 1 438
242256 2 254
242559 28 522
243386 55 1108
247400 4 13116
248413 1 425
248688 1 17594
248788 20 56946
250059 8 37994
250452 62 16435
250466 1 6804
250616 7 37169
251564 223 5212
251582 1 1324
253448 1 397
253534 1 722
254497 11 24964
255476 4 44402
256347 7 6106
257345 24 89736
258097 7 389
258355 39 12953
258574 11 320
259171 55 3050
259172 207 12233
259173 283 9957
259174 382 19382
259175 36 2289
259176 18 949
259289 25 3578
259325 6 553
259596 24 18030
260248 3 351
260787 2 55438
261782 14 17392
262135 4 342
262138 1 495
262146 1 503
262344 1 419
263278 18 16130
263584 3 348
263837 2 4744
265508 24 17463
265986 5 1638
267269 1 59
267289 19 17754
267426 1 514
267506 1 176
268058 6 1526
268309 1 434
268310 4 410
268312 3 556
268313 1 397
268317 3 562
268324 6 258
268325 10 431
268326 3 220
268393 1 696
269238 21 665
270028 2 290
270287 1 292
271859 5 296
272231 3 778
273053 20 17501
274833 15 331
276139 1 698
278892 1 590
279010 1 407
279389 8 342
279390 5 549
279496 1 530
279497 2 559
279519 2 592
279520 6 434
279521 2 563
279535 1 610
279536 9 688
279566 2 794
281492 1 224
281495 1 444
281744 1 1802
282360 2 516
282369 1 458
282372 3 500
282373 1 428
282395 1 419
283647 1 499
284797 25 15042
286441 3 470
286442 4 420
286485 3 4421
286565 21 13034
286721 3 615
287373 1 57
288241 25 478
290755 2 532
290770 20 21435
291028 5 303
291264 21 267
292162 9 929
292760 6 434
292926 1 295
292927 2 348
292928 3 346
292929 5 678
293387 21 19523
294571 1 362
295639 13 20156
296916 2 368
296917 1 320
296918 2 294
296919 2 259
296920 3 336
296921 2 279
299202 3 19463
299397 17 844
299437 1 701
300292 15 506
300317 4 355
301277 7 544
301435 3 306
301436 2 440
301449 2 516
301450 5 406
301451 11 480
301452 12 607
301453 1 207
301454 1 219
301455 7 558
301456 5 320
301458 1 409
301459 6 411
301466 4 425
301468 5 353
301470 5 487
301471 5 432
301472 9 384
301474 7 396
301475 6 364
301477 7 407
301480 3 284
301484 1 523
301485 7 370
301725 1 340
302781 19 18238
304722 1 355
305013 30 15512
305988 1 1819
306457 1 200
308875 4 283
309900 1 293
309933 6 399
311225 2 328
311248 8 266
311355 3 64459
311819 22 15365
311880 2 2176
312152 36 1599
312911 1 1593
312912 1 1955
312997 1 12327
313023 1 191
313668 13 19068
321494 1 155
342800 1 701
355246 1 204
362017 1 689
365087 2 166
366068 1 236
368739 1 208
375029 1 448
376758 2 433
379617 1 168
379861 1 652
382402 2 117
398469 2 51
415347 1 671
416259 1 79
416531 1 258
420518 1 310
424931 1 596
425958 1 97
436727 2 416
449555 23 887
459293 1 610
462023 1 239
462722 1 171
464586 1 408
466838 1 523
468183 3 945
475712 1 764
481211 8 420
481510 1 613
487816 2 405
489534 1 426
506584 1 210
506759 1 581
508726 1 119
510185 1 128
516146 2 169
519099 2 117
