1344 2 471
1646 1 506
2032 3 505
2394 1 477
2884 1 343
3426 1 526
3539 5 532
4540 1 326
5598 1 456
5856 1 257
6254 4 351
6676 1 260
7527 1 456
7559 1 427
8209 1 411
8437 1 319
8704 1 449
9266 3 549
9279 4 424
9443 5 323
10068 2 412
10077 1 497
10129 3 369
10260 1 417
11138 3 287
13739 3 296
14306 2 169
15645 1 434
15968 1 209
16368 7 287
16465 3 269
16583 2 407
16845 1 380
16855 3 363
17727 1 448
17961 1 164
19129 7 114
19414 1 370
19845 1 450
20264 1 360
21218 2 247
21293 3 394
22132 1 501
22198 1 432
22635 1 376
22931 1 383
23031 1 267
24013 5 250
24284 1 356
24474 1 365
24580 6 392
24902 4 338
25608 2 427
25753 1 387
26208 1 634
26455 2 341
26658 1 243
26757 1 433
26831 2 404
26877 1 392
27105 1 382
27111 2 379
27240 3 379
27332 1 545
27352 1 453
27414 3 390
27847 1 160
29492 1 258
30165 1 167
30261 1 446
30511 1 435
30753 1 262
31100 2 238
31224 1 272
31403 3 428
31525 1 329
31718 1 247
32650 1 322
33016 2 435
33345 1 358
33616 2 424
33986 1 420
34442 1 448
34630 1 293
34825 2 426
34932 1 491
34952 2 221
35018 1 580
35265 1 569
35303 1 376
36722 6 433
37008 1 237
38859 5 424
39061 3 467
39497 1 282
39603 5 219
42950 2 233
43723 1 467
43822 7 516
44757 3 435
45462 3 391
45549 5 267
45731 5 582
45933 1 307
46061 3 489
46069 1 295
46201 1 494
46208 2 610
46363 1 396
46402 1 373
46763 2 542
46813 1 500
46843 3 271
47156 3 487
47544 1 497
47896 4 287
48567 2 571
48762 1 174
48848 1 514
49144 7 320
49426 2 303
49814 1 323
50367 3 412
52627 1 560
52918 3 131
52936 6 433
53128 1 511
54202 3 590
54447 1 536
54467 2 365
54506 1 481
54675 1 558
55922 1 246
55943 6 696
56396 1 287
56655 1 479
56726 1 193
57131 3 469
57358 2 305
57709 3 455
58189 1 432
59372 2 619
59560 7 446
59577 5 454
60470 1 135
61406 1 356
61573 1 505
62731 1 300
62981 2 222
63930 10 656
64763 4 386
64835 7 301
64941 2 416
65081 2 237
65496 16 529
66480 1 479
67268 2 482
67452 2 444
68466 2 205
69461 3 316
69928 1 296
70022 1 286
70651 3 238
70978 2 528
72344 1 523
72394 5 348
72932 1 501
73007 1 502
73015 1 309
73236 3 360
73272 1 285
73709 1 426
73715 1 346
74759 1 332
75379 1 339
75457 4 550
75723 1 403
75809 2 380
75914 1 398
76459 1 459
78980 1 406
79198 3 319
79202 1 359
79837 3 489
80695 8 5927
81603 31 9651
84459 7 6371
84706 144 25071
84820 4 810
85211 9 9059
85368 417 74892
85481 54 70500
85645 258 153229
85773 127 82661
85926 90 5997
86034 21 48792
86044 1 711
86753 304 173871
87702 1 36
88422 6 6015
89154 72 10556
91391 18 20311
92166 61 64088
92307 61 64087
92527 3 293
92596 61 14515
93654 185 102204
94874 201 10538
94879 21 5511
95021 4 2961
95856 1 34
95858 1 35
96049 67 78606
96136 28 20896
96305 339 38919
96311 53 7983
96424 393 38462
97532 5 11773
97561 1 40
98180 16 8843
98421 4 7855
99053 8 27408
99424 16 12847
99682 2 906
99883 1 628
100026 1 797
100184 15 380
100277 2 1001
100428 10 447
100457 3 307
100478 1 247
100653 1 583
101222 1 533
101261 1 121
101466 1 572
102004 2 336
102063 1 411
102552 2 340
102970 1 719
103068 5 943
103080 2 502
103187 1 195
103240 2 382
103413 1 341
103477 2 835
103584 6 310
103720 1 1680
103859 1 65
103903 1 690
104151 15 8662
104218 5 402
104220 7 700
104242 1 606
104320 1 1328
104321 8 649
104379 1 1257
104684 2 251
105050 3 474
105240 1 596
105273 2 165
105393 1 295
105423 1 228
105664 1 550
105768 1 547
105942 3 593
105949 2 420
106058 2 492
106215 1 288
106289 1 1562
106357 7 773
106452 16 622
106533 3 835
106749 12 669
106762 1 273
106924 2 434
107043 5 199
107077 1 571
107399 3 482
107594 2 1399
107836 1 741
107990 7 862
108001 1 257
108083 8 541
108314 3 634
108394 1 422
108609 2 103
108679 2 493
108843 1 92
108934 1 747
109025 1 468
109179 1 934
109361 3 1416
109377 1 189
109464 2 1042
109481 1 454
109531 4 154
109637 1 627
109681 14 553
110040 1 351
110147 2 722
110206 1 428
110381 3 421
110404 1 153
110625 2 1235
110825 15 459
110910 1 867
111151 5 722
111195 5 975
111365 2 720
111676 1 146
111735 3 356
111799 1 435
112062 2 884
112232 5 1763
112340 1 381
112816 4 395
112837 7 405
113008 1 421
113067 1 616
113428 2 647
113504 1 475
113530 1 842
113638 2 1132
113704 5 850
113705 1 719
113781 1 403
113871 2 837
114041 3 910
114068 1 303
114143 2 413
114195 1 591
114274 2 561
114281 3 741
114323 4 589
114498 3 1045
114809 9 455
114878 4 887
114948 3 482
115027 1 529
115053 14 390
115063 1 1031
115297 1 344
115335 9 680
115425 4 474
115514 14 628
115748 5 1316
115842 1 487
115888 1 355
116036 1 793
116064 1 552
116070 1 347
116084 4 379
116140 1 879
116708 1 1410
116709 1 699
116896 1 483
116971 3 459
117037 1 523
117355 2 877
117653 3 622
117687 3 834
117752 1 1227
117792 1 623
117900 2 1328
117923 10 438
117937 4 1094
117946 1 539
117982 3 807
118043 9 654
118210 1 800
118321 1 190
118437 2 659
118449 5 526
118485 1 144
118575 5 504
118585 3 333
118772 18 911
118963 6 441
119209 1 277
119367 5 562
119493 3 1205
119674 2 1154
119675 1 77
119682 2 962
119683 4 1085
119721 1 477
119951 2 81
120270 2 436
120395 1 71
120898 1 79
120979 2 474
120987 2 226
121161 1 675
121170 1 152
121172 2 712
121209 1 229
121334 3 415
121486 6 581
121968 1 691
122060 1 160
122204 7 754
122230 1 1223
122302 2 949
122481 9 1302
122482 1 63
122532 4 121
122649 2 615
122709 32 747
122780 7 1383
122781 1 656
122880 1 948
123109 7 1132
123159 1 627
123569 2 217
123673 1 533
123697 4 522
123720 1 1052
123847 2 107
123897 5 1317
123996 9 844
124018 1 141
124054 23 523
124074 10 570
124218 7 1464
124219 2 138
124606 12 695
124803 2 489
124808 3 575
124815 2 361
124923 2 213
125375 2 188
125430 2 840
125487 7 574
125603 5 1115
125614 11 2113
125755 2 809
125759 1 230
125847 2 1583
125966 1 326
126520 3 1431
126645 2 743
126663 7 1332
126786 1 203
126876 9 694
126924 2 990
127002 1 275
127157 4 478
127181 2 1151
127199 5 155
127417 1 316
127429 1 159
127621 3 1248
127679 1 956
127741 5 635
127870 1 636
127875 2 1043
127960 7 392
128013 1 527
128043 1 878
128059 1 1011
128090 1 540
128147 1 317
128315 9 542
128513 2 576
128788 3 457
128815 5 579
128927 2 779
129277 2 575
129321 1 931
129397 1 413
129594 2 458
129635 5 644
129936 3 362
130088 7 286
130147 2 642
130268 1 591
130323 1 677
130462 2 632
130671 4 424
130708 16 1856
130932 2 67
130939 20 570
130972 1 265
131031 1 453
131057 7 627
131058 3 767
131409 14 581
131867 1 148
131892 7 1478
131907 2 816
132213 1 502
132708 1 245
132783 3 493
132875 4 180
132932 1 498
133153 1 114
133221 1 498
133267 16 433
133349 12 606
133478 2 742
133887 3 367
134082 1 446
134202 2 1327
134367 1 542
134485 2 287
134546 1 251
134572 6 930
134582 1 152
134718 2 618
134817 3 797
134871 5 1396
134951 1 99
135124 1 100
135274 3 370
135284 1 144
135663 16 327
135767 3 400
135909 2 1531
135928 14 296
136122 1 173
136311 26 8993
136403 1 531
136740 1 337
137087 9 275
137673 1 713
137917 7 1204
138128 2 244
138261 1 475
138433 2 325
138442 4 568
138443 1 384
138623 2 535
139024 2 315
139449 2 482
139670 3 680
139678 1 860
139679 1 1337
139726 1 169
139802 1 508
139827 2 709
140470 1 260
140524 4 479
140527 1 1116
140606 2 385
140629 4 498
140755 13 1067
140831 4 246
141339 2 141
141530 1 672
141567 3 325
141718 2 789
141843 7 680
141844 1 732
141860 3 827
141911 7 325
141979 1 442
142253 5 622
142333 1 853
142564 14 653
142768 1 487
142800 2 356
142954 6 401
143110 1 482
143148 2 661
143546 4 268
143679 1 268
143768 2 209
143890 1 819
144018 2 855
144150 2 1099
144167 1 1355
144479 1 145
144552 1 373
144831 3 713
145048 3 525
145363 2 794
145842 7 313
146143 6 559
146351 1 87
146570 3 1399
146586 1 161
146625 1 216
146748 2 353
147095 1 450
147131 1 416
147350 2 830
147389 5 596
147511 3 660
147750 1 768
147904 2 637
147907 10 564
148057 1 208
148170 2 924
148350 1 680
148586 1 155
148596 1 1100
148840 1 1469
149254 2 578
149356 3 859
149395 3 584
149439 1 132
149453 7 468
149572 6 366
149611 1 705
150714 3 177
151326 3 504
151429 1 711
151462 2 236
151584 2 936
151678 1 496
152042 1 561
152150 6 870
152156 3 449
152157 1 440
152244 3 556
152374 3 216
152380 1 710
152448 1 400
152452 1 194
152492 1 1237
152544 3 768
152601 1 210
153242 2 415
153252 2 1075
153291 1 476
153308 3 1051
153320 5 874
153342 6 453
153620 1 475
153629 4 904
153646 3 505
153756 1 514
153882 1 142
154013 1 1541
154037 4 508
154234 1 658
154490 6 363
154805 1 151
154898 1 855
154914 7 762
155555 2 568
156295 2 303
156347 11 577
156480 3 342
156483 2 301
156560 4 166
156696 2 383
156771 1 1264
156819 1 335
156941 3 2537
157104 2 305
157125 3 1243
157531 1 423
157542 1 292
157578 1 356
157728 1 513
157819 5 522
157936 3 961
158452 6 386
158717 1 469
158871 2 766
158959 10 366
159160 28 10016
159450 1 443
159474 2 105
159530 1 1051
159743 1 555
159881 9 1242
159890 3 565
159985 7 710
160205 1 237
160938 3 1396
160955 3 321
161046 1 199
161066 10 1337
161207 3 1008
161298 1 491
161409 3 843
161717 5 1271
161764 2 572
161788 19 641
161822 2 157
162183 1 178
162220 1 414
162623 2 369
162788 5 1230
162789 1 150
162920 1 341
163419 1 1264
163545 12 2151
163613 1 668
163846 1 793
164029 1 609
164060 1 522
164177 1 708
164423 2 877
164486 7 489
164557 1 766
164714 2 390
164733 3 1231
164885 21 644
165305 3 612
165693 4 615
165926 2 1835
166142 1 682
166162 2 505
166270 1 394
166345 4 813
166603 3 851
167030 6 642
167083 8 496
167217 10 609
167349 3 463
167382 1 553
167486 1 312
167504 1 975
167593 8 2703
167599 1 1224
167641 2 1114
167684 2 196
167750 2 619
167918 1 340
168092 1 901
168346 3 88
168395 3 1522
168461 1 174
168759 2 223
168771 1 702
168931 2 688
168932 1 89
168938 1 1316
169315 2 813
169474 1 488
169850 1 690
169981 1 517
169985 18 819
170221 4 676
170253 1 440
170271 1 530
170366 5 617
170483 2 604
170528 3 1154
171021 1 367
171140 2 891
171144 1 213
171194 4 104
171342 1 845
171656 1 1195
171681 3 253
171926 1 658
172077 2 453
172294 1 695
172422 2 2130
173055 4 1244
173107 2 628
173521 1 242
173528 1 524
173568 1 342
173591 3 330
173693 6 710
173772 8 1207
173987 1 1251
174180 2 560
175132 1 413
175306 1 421
178593 1 120
178893 2 2002
179019 2 292
181898 2 356
183676 1 99
183771 2 540
184714 1 241
186079 1 114
189304 17 542
189315 1 474
189469 1 457
191126 3 195
191413 1 139
192222 1 117
192262 5 398
192838 3 518
192852 2 476
193534 2 396
194306 3 120
194398 1 466
198792 4 128
199279 2 113
200589 1 152
206409 1 136
206506 1 126
206556 32 1908
207355 1 282
208061 2 123
208069 3 146
209721 2 112
212398 1 858
214274 2 1642
214704 1 128
216769 2 446
216966 7 2444
218362 4 718
218532 2 504
219220 2 100
220050 6 111
222601 1 140
224189 3 121
224734 2 127
224739 1 92
225002 1 379
225694 1 105
227143 1 492
227443 1 98
227948 1 77
229569 1 90
232072 1 1368
232423 1 625
232669 2 1268
232725 3 491
233044 2 745
233110 1 334
233408 2 270
233601 1 414
233613 1 396
233969 15 883
233988 1 1764
234023 3 576
234231 2 635
234393 3 354
234431 2 1314
234451 4 572
234532 1 196
235003 49 2829
235030 1 413
235177 6 1072
235497 1 501
235673 2 1079
236103 3 280
236539 7 586
236569 5 1170
237309 1 169
237562 1 1202
237796 54 2461
237902 2 744
238304 1 826
238342 1 847
238367 1 726
238371 10 1438
239285 1 548
239435 1 1012
239506 7 471
239652 10 324
239655 1 288
240321 4 1601
240366 467 117963
240382 5 723
240827 2 1523
240873 1 310
241146 1 572
241205 3 1435
241379 7 460
242140 4 352
242269 4 409
242432 3 895
242477 2 684
242560 9 540
242570 3 999
242726 3 1525
242797 13 7898
242895 34 17086
242900 1 371
242916 79 19607
242952 27 7719
242953 12 9072
242955 46 34181
243047 1 1442
243248 146 97794
243249 406 55340
243328 52 30540
243403 2 2152
243565 1 14930
243568 97 51992
243581 3 4391
243629 61 28496
243633 8 3548
243636 193 73383
243696 38 15292
243698 55 29409
243762 47 5334
243828 9 9735
244031 41 24298
244295 111 43543
244400 36 18019
244478 13 7541
244515 424 137580
244740 100 33732
244742 65 48422
244757 21 2068
244798 56 24677
244846 45 32902
244946 11 2608
245062 19 6328
245065 160 28651
245075 16 6226
245122 17 20319
245126 22 10341
245127 1 5590
245185 16 11699
245290 14 6221
245368 22 8062
245371 7 6774
245372 14 8138
245379 4 433
245449 104 35219
245470 19 4782
245507 1 145
245545 2 394
245638 7 2736
245668 27 47659
245722 164 32503
245762 11 2630
245987 4 1068
246003 176 79294
246023 19 5175
246180 42 5856
246182 87 13686
246185 87 16049
246390 4 3026
246466 133 14527
246510 1 170
246526 38 15571
246610 39 29250
246695 120 65027
246761 13 3964
246877 25 6449
246892 65 4957
246947 40 25960
246961 10 6277
247008 49 23763
247060 81 25091
247080 19 3511
247081 1 4277
247209 163 48787
247357 4 1643
247387 573 63961
247400 13 13116
247406 126 42749
247469 488 160821
247517 21 40187
247538 13 3280
247550 614 255154
247565 1 2684
247713 1 133
247731 2 9771
247733 4 2361
247739 3 423
247793 14 3883
247878 5 4565
247974 21 15560
248040 14 3710
248179 87 34397
248181 95 22248
248276 13 12346
248280 17 11681
248335 105 39898
248352 6 3186
248496 9 1743
248558 4 2620
248562 61 40310
248563 14 6545
248594 9 9671
248610 348 211360
248646 4 880
248710 7 3206
248712 9 11964
248751 3 19815
248763 1 1103
248788 117 56946
248809 177 45708
248816 45 17214
249058 6 4496
249076 32 36189
249151 44 38079
249187 4 5360
249190 27 14664
249193 9 5588
249253 8 3583
249255 3 4181
249263 4 10722
249288 3 3504
249329 82 41571
249337 17 11065
249339 72 15594
249537 1 4910
249570 73 33965
249591 11 4964
249657 27 9452
249680 13 2113
249731 5 12349
249732 3 8030
249739 1 6154
249740 686 228328
249780 19 14381
249799 13 14657
249813 2 4931
249814 6 2502
249883 2 10505
249899 73 5742
249900 7 3397
250101 2 549
250236 22 16448
250331 67 19950
250360 2 7570
250388 1 903
250443 6 4351
250445 14 2508
250514 3 124
250615 79 32287
250693 83 23753
250719 6 3620
251002 11 8322
251027 43 42465
251073 9 5004
251085 9 15468
251143 26 13145
251147 21 10561
251158 5 5819
251525 32 18764
251723 35 22213
251740 5 6421
251773 7 641
251800 29 24372
251977 2 2418
252103 4 2440
252154 71 29717
252381 10 6285
252442 6 8051
252473 16 1526
252474 220 81579
252492 2 2110
252552 7 7289
252554 8 13441
252555 14 27002
252575 2 2102
252697 15 3552
252698 2 680
252747 15 9283
252814 1 287
252831 2 1136
252921 145 52519
252924 11 17447
252986 150 40464
253018 1101 331696
253061 22 10802
253067 163 104143
253199 4 8989
253203 57 33726
253352 3 6774
253354 99 57179
253433 25 4231
253436 28 11730
253462 82 48129
253514 1 97
253552 5 5169
253588 5 13837
253593 532 171848
253629 1 120
253734 4 333
253806 2 1642
253845 4 9503
253846 6 4965
253849 31 22736
253990 18 26077
254108 541 174176
254152 56 16721
254368 4 7195
254489 2 1979
254502 1 1686
254738 1 5347
254871 88 36421
254924 56 23861
254926 17 18059
255143 10 611
255144 77 25727
255289 71 51128
255292 4 10370
255417 97 27737
255476 132 44402
255479 1 10378
255579 1 2582
255609 6 22114
255633 23 9645
255681 2 459
255691 12 3597
255734 6 5463
255735 1 4636
255777 138 64507
255823 63 21270
255830 90 84137
255986 15 12990
256152 1 487
256235 1 581
256282 2 10491
256283 46 34425
256289 3 4651
256341 92 36933
256451 23 4516
256452 13 4960
256496 15 29777
256604 70 37731
256681 15 9814
256685 4 3287
256687 43 11982
256847 23 24054
256848 7 7315
256851 43 13442
257132 29 20479
257133 42 26221
257137 33 17976
257193 21 35712
257344 69 45609
257345 121 89736
257450 1 242
257475 144 25255
257583 19 3284
257584 2 8706
257625 38 23419
257673 67 58812
257678 28 22180
257804 2 121
257808 6 6540
257812 306 103213
257893 3 6646
257951 22 21143
257954 12 3522
257967 9 6120
258022 1 6898
258300 1 477
258361 16 26906
258418 34 25774
258436 2 1362
258494 49 7616
258559 24 52150
258583 12 945
258586 2 7912
258636 21 15270
258856 9 6607
258987 27 21620
259011 1 1502
259114 24 9180
259130 2 1972
268331 1 295
268334 3 306
275665 1 577
278988 1 514
279934 14 686
280755 233 32241
281564 2 318
285664 1 406
286944 1 919
287805 12 511
290042 6 6266
293200 20 418
295678 6 460
303589 4 151
304147 6 6265
306625 8 245
306626 8 226
306783 12 11472
307283 1 331
307293 1 348
310702 3 158
311355 133 64459
314512 1 52248
319212 1 139
321366 4 611
322058 1 132
322297 3 145
322691 5 404
322954 3 965
323659 1 431
323938 1 82
324837 1 217
325187 5 648
326173 7 102
327283 2 491
328933 1 188
329176 8 735
329601 2 518
330117 3 131
330310 1 127
330381 1 240
330402 2 1114
330663 2 274
332713 5 514
333244 1 210
334305 3 222
335835 3 200
336637 1 517
338449 2 197
338781 3 224
340699 6 412
348876 1 237
353059 3 669
354663 1 614
356040 2 200
359179 1 248
359199 1 226
359871 2 218
361037 18 817
362783 1 173
363002 4 607
364715 1 278
366445 1 77
367865 7 332
368324 3 389
370079 2 293
370503 1 182
371143 1 228
371992 1 372
372665 1 217
373473 2 445
376304 3 612
377219 5 639
377675 7 275
379006 2 285
379523 2 608
379614 3 189
381606 9 612
382464 1 148
385604 2 565
386184 2 97
386427 9 170
387403 3 185
387641 3 182
388617 3 440
389050 3 289
391877 4 349
392327 1 219
392421 3 114
392749 2 866
394238 1 94
395624 1 173
397712 2 847
397736 1 310
397745 1 255
400423 8 1631
401373 1 354
402163 5 1163
404516 1 396
404554 9 388
405327 1 56
405334 2 101
405779 4 603
407167 3 702
407481 2 51
407914 7 1714
409129 9 226
409713 15 327
411897 1 247
412994 3 664
413240 4 307
414226 2 139
415314 2 300
416272 3 56
416298 4 506
416593 1 259
418328 1 281
418920 1 673
419894 7 2066
421726 1 51
421908 1 231
423838 1 58
425085 1 488
425676 2 289
426647 3 54
428184 2 577
428950 4 218
430815 2 122
433274 2 491
433325 2 358
433432 1 257
436790 1 167
436793 1 206
436893 7 1728
438166 5 470
438217 1 305
441095 2 436
441602 1 254
442064 1 387
443829 7 1713
444580 1 432
444872 2 132
446362 1 352
446476 1 261
449805 7 2111
449820 3 700
450337 1 84
450675 2 41
452005 1 492
452445 2 99
452473 1 123
454057 1 359
454255 2 99
454397 5 123
455610 7 1772
457486 2 281
458766 1 154
460976 2 48
461227 1 136
461936 7 1764
462703 3 300
464066 1 145
467350 2 51
467816 7 1724
468922 1 141
469334 15 301
471125 2 40
473482 5 132
473928 2 328
477239 7 286
477740 7 193
480838 10 712
481578 5 93
481635 1 129
482081 1 185
483392 2 38
483932 2 274
485745 2 124
486413 7 1843
486603 2 947
486993 1 388
487590 2 240
487851 1 148
488916 4 657
490326 3 1046
490609 1 221
490908 3 113
490916 3 138
491618 7 636
492348 1 577
493874 1 302
495130 1 215
495829 13 1147
496745 8 550
497080 1 200
497156 4 441
499564 1 236
499624 2 600
500605 1 256
500735 2 42
501357 1 512
501434 2 403
503461 5 194
503638 7 97
504116 1 175
504949 4 82
506043 1 247
507269 1 269
508970 1 339
509204 1 149
509915 3 244
511427 2 53
511686 1 248
511900 1 182
512475 5 583
513239 2 350
515276 1 164
519652 1 178
520606 7 396
522576 1 300
522757 1 617
523534 1 723
524425 1 167
524528 1 152
524763 1 276
258 2 648
1112 4 179
1263 2 597
1329 1 569
1344 4 471
1438 1 573
1563 1 378
1646 1 506
1671 1 296
1718 1 177
1770 5 305
1801 2 639
2032 1 505
2115 1 421
2117 5 428
2280 3 614
2309 1 399
2884 1 343
3009 1 335
3426 11 526
3539 4 532
3687 2 426
4344 2 524
4356 8 414
4540 6 326
4638 1 700
4656 2 408
4672 3 433
4749 1 679
4839 1 394
4845 1 418
4969 1 292
5008 1 336
5182 1 187
5188 1 402
5679 4 593
5827 2 473
6254 1 351
6651 2 204
6676 1 260
6813 1 352
6852 4 352
7559 1 427
8076 5 207
8209 1 411
8284 2 486
8550 1 145
9266 2 549
9274 3 430
9279 1 424
9404 6 187
9443 2 323
10068 3 412
10077 2 497
10122 1 137
10129 2 369
10286 1 180
10521 2 530
10923 3 431
11027 1 232
11388 3 473
11885 1 397
12092 3 255
12316 3 479
12404 1 494
13037 3 396
14453 2 284
14661 3 457
14790 1 151
14971 1 308
15645 2 434
16368 1 287
16465 3 269
16583 3 407
16845 5 380
17177 1 176
17727 1 448
17804 1 388
18030 2 256
18150 4 414
18432 1 470
18480 3 240
19234 1 361
19260 1 318
19861 2 431
19894 4 431
19910 2 341
20009 5 367
20264 3 360
20458 1 263
21218 3 247
21293 1 394
21365 3 298
21450 2 466
21460 1 299
22132 8 501
22198 3 432
22313 2 196
22538 1 314
22686 5 234
22880 1 251
22931 1 383
23250 1 480
23325 1 385
23681 1 448
23694 2 542
23713 2 688
23858 6 466
24474 1 365
24545 4 545
24580 2 392
24585 1 458
24721 1 457
24862 1 502
24902 1 338
25422 2 287
25752 1 346
26086 2 505
26208 3 634
26447 1 347
26455 1 341
26541 1 171
26658 1 243
26877 1 392
27041 3 269
27105 5 382
27111 1 379
27132 5 336
27358 1 164
27414 3 390
27690 4 484
27765 2 365
27847 1 160
28617 5 369
29048 2 191
29492 1 258
29528 1 217
30165 4 167
30603 2 468
30753 1 262
31100 2 238
31182 3 313
31224 2 272
31276 5 562
31277 1 549
31525 2 329
31671 6 401
31844 7 404
31896 1 289
32086 1 441
32994 1 269
33231 1 492
33345 3 358
33692 1 95
33875 1 178
33986 3 420
33987 1 217
34442 2 448
34643 1 359
34825 6 426
34932 2 491
34950 1 257
35018 1 580
35265 1 569
35293 2 237
35303 10 376
35447 2 384
35750 3 289
36308 2 248
36722 4 433
36728 1 289
37008 2 237
37043 1 345
37181 3 458
37510 6 324
38181 2 451
38866 1 325
39140 4 310
39178 3 370
39337 4 338
39603 4 219
39930 2 525
40230 2 445
40473 3 769
40777 1 543
40937 3 297
41116 1 229
41597 1 320
42733 5 161
42828 1 349
42946 2 209
42950 6 233
43218 1 523
43720 3 390
43723 2 467
43822 3 516
43853 1 309
43861 2 572
43951 1 397
43984 2 396
44045 3 607
44280 1 424
44327 1 284
44354 5 431
44579 4 504
44623 3 527
44757 12 435
44881 2 448
44884 2 495
44973 1 410
45009 5 247
45012 3 334
45014 13 400
45017 8 307
45026 3 427
45600 1 320
45731 7 582
45933 1 307
46061 3 489
46069 1 295
46201 3 494
46208 5 610
46398 4 327
46444 4 425
46813 11 500
46843 1 271
47156 8 487
47544 6 497
47697 3 421
47814 2 153
47896 3 287
47907 3 560
47996 3 449
48085 1 290
48567 3 571
48675 3 485
49144 1 320
49170 3 311
49426 1 303
49814 3 323
49816 3 439
50059 2 493
50367 1 412
51079 1 450
51797 3 191
51840 1 279
51963 3 418
51972 4 295
52026 1 506
52220 2 218
52627 1 560
52918 1 131
53128 7 511
53951 2 459
54040 1 408
54282 2 544
54317 3 424
54373 2 405
54440 2 439
54447 6 536
54460 1 381
54467 8 365
54506 1 481
54675 8 558
54813 1 135
54904 3 277
55353 1 435
55943 4 696
56029 1 270
56131 1 536
56396 2 287
56425 3 526
56655 6 479
56752 2 218
57131 4 469
57243 1 328
57555 3 728
57650 1 351
57709 2 455
57727 1 532
57783 1 396
58030 1 367
58189 1 432
58201 2 501
58777 11 622
58995 2 201
59560 2 446
59786 3 483
60493 2 514
61289 3 170
61367 2 133
62288 7 296
62731 1 300
63930 2 656
63991 1 79
64478 2 325
64587 1 228
64615 3 524
64941 7 416
65081 4 237
65193 2 264
65496 6 529
66001 1 395
66087 4 317
67268 1 482
67452 2 444
68656 3 526
69461 1 316
69530 1 200
69838 2 243
69928 2 296
70002 1 300
70479 2 172
71599 1 392
71859 8 396
72230 2 325
72344 3 523
72394 1 348
72435 3 460
72593 1 488
72932 1 501
73007 1 502
73015 2 309
73236 3 360
73272 3 285
73709 4 426
73907 5 515
74130 11 482
74302 2 475
74387 2 301
74440 2 447
74500 2 433
74538 3 549
74644 1 302
74711 5 387
74759 2 332
74814 1 262
74915 1 290
74989 1 344
75146 1 273
75375 6 544
75457 2 550
75723 1 403
75771 2 370
75809 1 380
75816 2 299
75914 7 398
75994 1 356
76459 4 459
76670 1 397
76958 1 411
76960 1 446
77009 2 327
77232 1 359
77871 4 338
77956 1 360
78283 1 324
78647 5 480
79198 3 319
79202 6 359
79837 1 489
79903 4 429
79948 1 41
80463 1 31
80695 1 5927
81014 4 181
81383 1 118
81603 2 9651
81764 1 38
81900 1 34
82369 1 34
82672 1 37
82792 1 31
83379 67 13296
83792 1 38
84102 2 163
84459 1 6371
84706 38 25071
84864 2 93
85063 13 350
85064 2 14
85211 3 9059
85368 187 74892
85481 137 70500
85645 546 153229
85773 218 82661
85921 1 30
85926 16 5997
86034 131 48792
86044 4 711
86698 3 141
86753 95 173871
87325 5 132
87571 1 38
87574 1 33
87584 4 189
87702 1 36
88032 4 135
88653 1 36
89154 14 10556
89322 5 303
90014 9 726
90148 1 701
90149 2 479
90568 3 141
90911 1 38
91152 1 32
91391 7 20311
91885 1 34
91887 1 33
92166 21 64088
92307 21 64087
92596 2 14515
92734 1 33
93404 4 180
93654 88 102204
94335 3 140
94874 30 10538
94875 8 14566
94879 11 5511
95021 4 2961
95068 3 137
95732 2 92
95856 1 34
95858 1 35
95860 1 34
96049 179 78606
96106 1 27
96136 78 20896
96305 3 38919
96306 1 32
96311 4 7983
96424 18 38462
96460 1 124
97417 4 180
97532 6 11773
97561 1 40
97727 63 13817
97734 63 13817
97906 1 36
98079 12 312
98180 21 8843
98421 243 7855
98592 1 145
98812 1 35
99053 127 27408
99085 4 186
99424 13 12847
99682 5 906
99883 1 628
100026 2 797
100277 4 1001
100428 4 447
100453 1 583
100478 2 247
100522 1 441
100559 1 77
100653 3 583
100710 2 425
100728 2 96
100777 3 689
101153 7 687
101223 2 347
101486 2 733
101545 1 476
101592 1 336
101672 1 428
101688 1 380
101766 4 245
102148 1 399
102403 2 565
102660 3 438
103083 8 745
103292 1 165
103331 1 70
103413 1 341
103477 2 835
103720 3 1680
103818 2 833
103903 4 690
103965 4 1065
104151 10 8662
104220 2 700
104320 4 1328
104321 4 649
104379 9 1257
104518 2 749
104620 2 588
104727 6 647
104728 3 448
105062 1 487
105240 1 596
105423 1 228
105547 1 68
105664 1 550
105691 2 489
105737 1 247
105768 1 547
105942 3 593
106222 1 255
106289 2 1562
106452 1 622
106533 8 835
106619 1 343
106749 3 669
107181 9 544
107343 1 399
107363 2 510
107399 2 482
107594 2 1399
107831 1 79
107836 2 741
107866 2 317
107990 3 862
107993 4 370
108001 5 257
108020 1 109
108050 4 600
108083 1 541
108314 1 634
108387 11 1679
108388 1 281
108394 2 422
108395 1 441
108522 4 743
108679 6 493
108756 2 1080
108795 6 561
108931 1 1017
108934 8 747
108950 1 70
108966 1 143
109025 3 468
109096 5 1525
109179 1 934
109183 1 834
109361 6 1416
109374 2 166
109464 3 1042
109496 2 300
109602 3 1101
109632 4 576
109637 2 627
109681 2 553
110040 1 351
110072 4 573
110143 1 501
110147 3 722
110157 1 864
110206 1 428
110404 1 153
110511 18 1724
110625 3 1235
110829 1 323
110969 1 458
110989 1 798
111195 1 975
111289 5 608
111407 1 486
111910 4 629
111911 6 1187
111925 2 595
112062 2 884
112283 1 346
112644 1 140
112837 2 405
113003 6 627
113008 1 421
113022 5 521
113067 1 616
113428 2 647
113530 1 842
113537 1 478
113566 8 497
113638 2 1132
113696 1 430
113704 2 850
113705 1 719
113781 1 403
113882 4 650
114019 4 61
114041 4 910
114042 1 244
114195 1 591
114348 2 1142
114349 11 314
114357 1 427
114398 3 628
114498 5 1045
114559 1 325
114660 2 548
114685 1 343
114714 2 155
114744 8 736
114809 2 455
114885 2 553
114955 2 570
115024 9 889
115105 1 467
115107 1 492
115335 8 680
115341 4 523
115514 1 628
115551 1 137
115748 8 1316
115763 1 302
115842 1 487
115888 3 355
115900 6 1221
115931 3 982
116140 1 879
116276 1 1097
116277 1 202
116565 1 548
116708 2 1410
116932 1 159
116971 2 459
117037 2 523
117355 11 877
117408 5 852
117507 1 51
117653 2 622
117687 4 834
117900 7 1328
117923 3 438
117937 9 1094
117946 1 539
117982 2 807
118024 1 215
118208 5 1206
118210 2 800
118219 3 862
118273 2 541
118305 1 112
118437 6 659
118449 5 526
118456 1 194
118485 2 144
118575 2 504
118585 1 333
118636 7 478
118674 3 421
118934 6 741
118963 1 441
119204 2 526
119310 3 169
119367 3 562
119493 5 1205
119497 1 578
119602 1 132
119674 6 1154
119682 1 962
119683 1 1085
119721 1 477
119859 5 947
119871 1 121
119929 1 520
120168 2 1212
120270 1 436
120979 4 474
121018 1 320
121022 1 429
121104 1 818
121127 1 423
121161 1 675
121172 5 712
121209 2 229
121277 6 458
121432 6 1870
121486 2 581
122082 2 150
122204 1 754
122230 1 1223
122387 4 119
122481 4 1302
122532 1 121
122649 1 615
122709 2 747
122780 2 1383
122880 3 948
122885 3 317
122985 1 982
123051 1 161
123109 6 1132
123159 3 627
123198 1 776
123223 1 146
123381 7 1230
123383 2 564
123387 1 196
123436 2 86
123654 1 145
123680 2 498
123805 1 523
123897 3 1317
123936 2 386
123959 2 134
123996 2 844
124057 2 785
124234 1 217
124306 1 488
124440 3 593
124521 9 486
124606 1 695
124615 1 685
124677 1 399
124808 7 575
124815 2 361
125009 3 287
125238 2 948
125331 1 721
125375 1 188
125430 4 840
125438 1 462
125453 2 910
125486 2 674
125487 1 574
125508 1 665
125580 4 446
125602 1 824
125614 10 2113
125847 1 1583
125862 1 531
125885 1 839
125896 2 679
125956 3 458
125966 1 326
126097 1 161
126173 2 524
126209 1 736
126243 4 431
126443 3 491
126463 1 59
126478 1 476
126520 5 1431
126558 2 587
126645 2 743
126663 2 1332
126708 2 361
126855 2 579
126876 1 694
126927 1 556
127157 3 478
127181 4 1151
127317 1 101
127621 3 1248
127679 5 956
127680 1 278
127799 1 863
127801 4 602
127870 2 636
127875 1 1043
127939 3 492
128013 1 527
128043 4 878
128059 1 1011
128322 1 788
128504 9 1246
128505 2 313
128604 2 447
128815 3 579
128927 2 779
129277 3 575
129321 1 931
129368 8 515
129528 1 413
129691 2 409
129820 1 696
129887 1 492
130147 1 642
130148 1 103
130153 2 2207
130222 1 463
130238 1 118
130323 2 677
130391 2 442
130462 6 632
130671 1 424
130708 4 1856
130734 1 269
130972 1 265
130976 1 426
131031 1 453
131055 2 93
131057 2 627
131125 8 885
131146 1 182
131409 1 581
131527 1 484
131575 7 788
131675 3 993
131831 1 402
131892 1 1478
131907 1 816
131984 1 426
132228 1 508
132396 5 606
132493 4 373
132621 1 126
132708 3 245
132932 1 498
133132 1 506
133219 1 592
133267 1 433
133349 3 606
133478 2 742
133786 1 453
134095 1 251
134202 2 1327
134367 2 542
134485 3 287
134546 1 251
134659 1 364
134703 6 567
134718 4 618
134817 1 797
134871 8 1396
135034 3 393
135039 1 415
135284 1 144
135331 1 144
135496 1 177
135515 2 644
135653 8 379
135757 11 1007
135928 2 296
136007 1 437
136311 7 8993
136403 3 531
136489 1 394
136555 1 709
136846 2 288
136883 3 351
137442 1 451
137804 2 417
137848 1 108
137849 1 671
137911 1 275
137997 6 591
138016 2 3159
138128 2 244
138251 5 596
138261 1 475
138370 1 75
138442 1 568
138443 2 384
138514 1 916
138623 1 535
138658 5 690
138785 4 1243
138786 1 488
138850 3 320
138881 1 524
138964 3 282
139024 1 315
139128 5 409
139179 2 223
139449 3 482
139518 2 382
139678 3 860
139689 1 216
139827 1 709
140047 2 469
140051 2 1125
140126 3 894
140497 3 954
140524 1 479
140527 3 1116
140629 2 498
140850 2 620
140996 5 288
141024 3 437
141168 1 253
141411 3 139
141567 2 325
141718 2 789
141760 2 421
141843 12 680
141860 3 827
141903 1 247
141979 3 442
142293 2 380
142333 1 853
142515 6 1173
142564 2 653
143110 2 482
143546 1 268
143576 1 580
143679 1 268
143890 3 819
143896 1 289
144014 1 184
144018 3 855
144150 1 1099
144151 1 368
144235 1 345
144350 1 580
144514 1 352
144832 1 695
144973 5 657
145015 3 1005
145131 1 589
145166 2 295
145186 2 703
145707 1 586
146049 1 573
146387 1 733
146570 3 1399
146685 1 589
146821 4 602
146852 1 930
146989 5 928
147095 2 450
147131 1 416
147202 1 408
147233 1 843
147237 2 497
147335 4 760
147389 3 596
147511 1 660
147569 5 181
147750 2 768
147904 1 637
147946 1 454
148015 2 553
148057 1 208
148170 5 924
148206 1 255
148350 1 680
148596 3 1100
148840 3 1469
148849 3 482
149172 2 1252
149173 1 200
149254 6 578
149272 1 385
149395 1 584
149453 1 468
149543 1 488
149611 1 705
149612 1 396
150023 4 1009
150101 1 1248
150491 2 520
150658 2 681
150714 1 177
151044 1 1554
151429 3 711
151584 3 936
151678 1 496
151784 3 433
151823 1 456
152041 2 766
152156 2 449
152157 3 440
152201 5 632
152244 1 556
152373 10 1354
152376 5 146
152380 3 710
152456 1 95
152492 1 1237
152544 1 768
152632 2 790
152995 4 1190
152998 1 527
153155 1 522
153242 1 415
153252 4 1075
153291 2 476
153308 5 1051
153309 5 462
153342 6 453
153576 4 635
153620 2 475
153629 1 904
153646 3 505
153662 2 650
153756 1 514
153797 1 440
153802 1 92
153831 1 130
153882 3 142
154013 3 1541
154065 1 587
154221 1 653
154222 2 437
154234 3 658
154308 1 433
154898 3 855
154914 3 762
154965 4 886
155501 1 79
155659 1 609
155664 1 599
155831 3 1259
156102 1 487
156183 1 360
156293 3 638
156347 5 577
156480 1 342
156502 2 1136
156592 3 429
156771 3 1264
156825 6 652
157125 5 1243
157531 4 423
157578 1 356
157688 2 205
157728 2 513
157826 1 676
157840 7 1629
157936 2 961
158092 1 1078
158318 2 1246
158509 4 640
158690 3 484
158717 1 469
158871 1 766
159155 2 157
159160 13 10016
159206 2 218
159450 3 443
159530 2 1051
159647 4 550
159743 4 555
159794 1 82
159881 2 1242
160047 3 517
160179 1 166
160518 1 434
161207 1 1008
161298 2 491
161409 1 843
161453 1 928
161461 2 291
161562 3 84
161597 2 279
161692 6 736
161717 3 1271
161764 1 572
161788 2 641
161996 1 507
162111 1 512
162183 1 178
162220 1 414
162284 1 516
162424 3 541
162434 1 474
162436 1 521
162438 1 1006
162608 1 524
162623 4 369
162686 2 606
162788 2 1230
162803 1 516
162920 2 341
162957 1 516
163099 1 1138
163115 1 506
163306 1 520
163343 1 517
163459 1 513
163545 3 2151
163597 1 509
163613 3 668
163711 1 479
163834 3 480
163845 1 427
163846 1 793
163945 1 1112
163981 1 505
164029 1 609
164060 2 522
164064 1 485
164165 1 494
164344 1 491
164423 3 877
164464 5 643
164507 1 508
164557 3 766
164562 1 482
164592 1 477
164714 8 390
164723 3 529
164733 5 1231
164742 9 935
164901 1 467
165049 1 484
165178 1 180
165183 1 477
165274 1 479
165305 2 612
165384 1 266
165409 5 564
165463 1 327
165512 1 480
165518 1 581
165652 1 486
165705 4 1300
165905 1 490
165926 3 1835
165990 1 161
166042 1 490
166125 1 496
166148 1 82
166270 1 394
166288 1 237
166345 3 813
166556 1 499
166603 2 851
166699 1 495
166818 1 493
166924 1 373
167073 1 495
167083 4 496
167184 1 393
167217 2 609
167264 1 499
167382 2 553
167430 1 487
167486 3 312
167504 3 975
167542 4 1017
167593 8 2703
167599 2 1224
167641 2 1114
167648 1 488
167698 1 554
167699 1 281
167708 3 506
167759 1 92
167804 1 481
167878 3 1003
167936 1 484
168092 5 901
168201 2 491
168346 1 88
168465 2 486
168502 5 375
168580 2 479
168626 1 333
168638 1 144
168723 1 84
168771 1 702
168841 2 497
168931 8 688
168938 2 1316
168969 2 491
169062 1 275
169175 2 490
169248 2 486
169259 1 628
169315 3 813
169474 3 488
169518 2 487
169685 2 479
169850 2 690
169920 2 577
169981 7 517
169985 3 819
170020 2 498
170241 2 488
170253 1 440
170271 4 530
170274 2 954
170288 2 494
170299 1 664
170312 1 701
170366 5 617
170543 2 509
170731 1 292
170732 2 510
170802 2 452
170912 2 507
170968 1 80
171021 2 367
171126 2 509
171140 1 891
171144 3 213
171265 2 497
171556 2 507
171649 2 496
171656 8 1195
171799 2 466
171926 1 658
172028 2 497
172147 2 408
172185 1 196
172193 2 498
172295 2 495
172420 2 650
172422 1 2130
172497 2 506
172580 1 936
172662 2 503
172846 2 508
172921 5 604
173045 2 501
173054 5 584
173072 5 1513
173100 3 492
173107 2 628
173196 2 499
173312 2 496
173524 2 499
173528 3 524
173587 3 1270
173674 2 502
173693 2 710
173772 1 1207
173861 1 379
173862 1 130
173919 2 502
173987 6 1251
174000 2 323
174040 2 507
174063 8 648
174178 2 502
174180 1 560
174185 2 407
176031 1 119
176056 1 117
176826 9 516
183676 1 99
183771 1 540
189315 1 474
191413 4 139
192262 3 398
194379 2 728
194398 1 466
197417 3 107
206556 3 1908
208069 2 146
208189 1 100
208969 3 128
210659 2 100
212828 1 116
213529 1 117
213566 1 108
213686 1 490
213897 4 392
218267 3 120
218362 3 718
218395 3 115
219220 1 100
223788 1 130
224189 1 121
225694 2 105
227948 4 77
228050 2 75
228568 1 120
229365 3 176
229451 1 139
229529 1 107
230667 1 128
231459 8 215
231460 3 182
231543 2 380
231807 15 1339
232072 14 1368
232282 1 384
232392 7 677
232423 8 625
232498 4 1303
232552 6 1785
232574 2 186
232644 3 215
232667 4 627
232669 4 1268
232725 3 491
233044 11 745
233110 2 334
233601 4 414
233613 4 396
233969 4 883
233988 9 1764
234023 7 576
234029 4 398
234056 11 1091
234231 5 635
234393 1 354
234431 24 1314
234451 5 572
234532 2 196
235003 16 2829
235030 3 413
235100 1 613
235177 6 1072
235497 5 501
235673 3 1079
235682 4 362
235946 2 193
235987 2 347
236103 5 280
236105 3 171
236311 1 275
236539 1 586
236563 3 322
236569 11 1170
236837 3 244
237296 4 287
237562 3 1202
237796 59 2461
237902 4 744
237933 5 554
238106 2 319
238367 6 726
238371 2 1438
239285 4 548
239286 8 1048
239395 9 442
239435 9 1012
239506 1 471
239652 8 324
239655 4 288
239666 5 373
239749 1 199
239859 4 208
240321 14 1601
240357 4 947
240366 343 117963
240382 8 723
240827 5 1523
240873 5 310
240964 7 747
241109 1 109
241145 2 883
241146 13 572
241205 3 1435
241237 1 610
241345 1 172
241379 1 460
241565 3 346
241631 7 474
241872 1 726
241970 6 281
242070 1 455
242140 7 352
242269 5 409
242366 5 169
242432 1 895
242477 3 684
242552 1 415
242560 2 540
242570 3 999
242694 4 474
242726 9 1525
242797 32 7898
242810 2 119
242871 11 2558
242895 141 17086
242900 12 371
242916 109 19607
242952 135 7719
242953 123 9072
242955 187 34181
243047 14 1442
243248 329 97794
243249 77 55340
243328 65 30540
243389 8 7650
243403 10 2152
243565 75 14930
243568 932 51992
243581 18 4391
243629 26 28496
243633 12 3548
243636 233 73383
243696 55 15292
243698 132 29409
243762 25 5334
243828 99 9735
244031 114 24298
244051 20 2237
244295 435 43543
244400 16 18019
244478 3 7541
244515 539 137580
244552 27 4210
244740 145 33732
244742 81 48422
244757 18 2068
244798 41 24677
244801 1 52
244846 58 32902
244946 7 2608
245057 1 108
245062 22 6328
245065 171 28651
245075 28 6226
245122 83 20319
245126 78 10341
245127 5 5590
245175 2 112
245185 22 11699
245290 7 6221
245362 14 1467
245368 25 8062
245371 51 6774
245372 30 8138
245379 7 433
245449 64 35219
245470 7 4782
245588 2 140
245638 4 2736
245668 114 47659
245722 121 32503
245762 34 2630
245787 1 152
245987 1 1068
246003 274 79294
246023 15 5175
246151 1 118
246180 28 5856
246182 28 13686
246185 150 16049
246276 1 312
246390 12 3026
246466 63 14527
246510 2 170
246526 173 15571
246610 109 29250
246695 432 65027
246761 31 3964
246877 81 6449
246892 14 4957
246947 50 25960
246961 14 6277
247008 56 23763
247047 1 96
247060 23 25091
247080 10 3511
247081 64 4277
247160 2 147
247185 2 250
247209 178 48787
247357 5 1643
247387 78 63961
247400 86 13116
247406 165 42749
247469 287 160821
247517 386 40187
247538 7 3280
247550 368 255154
247565 35 2684
247713 2 133
247717 2 125
247731 11 9771
247739 1 423
247793 13 3883
247878 33 4565
247892 2 827
247974 93 15560
248040 18 3710
248179 100 34397
248181 104 22248
248276 68 12346
248280 41 11681
248335 486 39898
248341 2 140
248352 31 3186
248496 6 1743
248558 20 2620
248562 245 40310
248563 35 6545
248594 50 9671
248610 819 211360
248646 12 880
248710 15 3206
248712 77 11964
248751 30 19815
248763 9 1103
248788 83 56946
248809 225 45708
248816 118 17214
248912 3 155
249058 9 4496
249076 231 36189
249151 196 38079
249187 25 5360
249190 103 14664
249192 1 56
249193 6 5588
249253 14 3583
249255 9 4181
249263 23 10722
249288 35 3504
249329 186 41571
249337 14 11065
249339 83 15594
249452 2 58
249537 13 4910
249570 191 33965
249591 4 4964
249657 52 9452
249680 13 2113
249731 60 12349
249732 14 8030
249739 54 6154
249740 184 228328
249767 2 115
249779 2 156
249780 16 14381
249799 31 14657
249813 21 4931
249814 17 2502
249883 38 10505
249899 10 5742
249976 6 492
250101 1 549
250236 17 16448
250331 68 19950
250346 1 133
250360 56 7570
250388 7 903
250443 79 4351
250445 2 2508
250514 3 124
250615 82 32287
250635 8 1734
250693 27 23753
250719 9 3620
250892 1 147
250991 4 594
251002 46 8322
251027 314 42465
251073 17 5004
251085 104 15468
251143 58 13145
251147 16 10561
251158 30 5819
251326 1 57
251525 120 18764
251723 112 22213
251740 9 6421
251773 13 641
251800 54 24372
251974 12 458
251977 1 2418
252007 1 124
252039 21 2572
252103 9 2440
252131 1 65
252132 1 72
252154 102 29717
252343 4 133
252381 23 6285
252442 14 8051
252473 16 1526
252474 453 81579
252481 1 562
252492 6 2110
252507 2 529
252522 2 114
252552 43 7289
252554 60 13441
252555 172 27002
252575 3 2102
252697 3 3552
252742 1 59
252747 10 9283
252814 1 287
252831 3 1136
252921 210 52519
252924 127 17447
252940 1 1514
252986 141 40464
252987 1 45
253002 5 446
253003 1 67
253018 720 331696
253061 21 10802
253067 354 104143
253199 5 8989
253203 22 33726
253248 1 164
253352 14 6774
253354 167 57179
253360 1 6703
253433 37 4231
253436 77 11730
253448 4 397
253462 188 48129
253517 2 60
253529 2 112
253552 16 5169
253562 1 71
253563 1 64
253588 69 13837
253593 948 171848
253717 2 105
253806 3 1642
253845 22 9503
253846 44 4965
253849 46 22736
253990 81 26077
254108 1198 174176
254116 1 80
254152 15 16721
254281 65 3539
254368 13 7195
254489 4 1979
254502 3 1686
254738 15 5347
254869 5 1587
254871 194 36421
254924 114 23861
254926 24 18059
255000 2 373
255143 3 611
255144 150 25727
255149 1 364
255243 5 376
255289 124 51128
255292 47 10370
255417 115 27737
255449 1 135
255476 375 44402
255479 6 10378
255579 15 2582
255609 199 22114
255633 16 9645
255660 2 183
255681 2 459
255691 14 3597
255734 25 5463
255735 23 4636
255777 113 64507
255823 195 21270
255830 49 84137
255985 23 6297
255986 78 12990
256137 1 73
256152 1 487
256282 37 10491
256283 113 34425
256289 11 4651
256341 91 36933
256397 3 128
256451 10 4516
256496 138 29777
256604 144 37731
256681 31 9814
256685 11 3287
256687 66 11982
256795 1 705
256847 87 24054
256848 22 7315
256851 43 13442
257132 71 20479
257133 83 26221
257137 53 17976
257193 131 35712
257301 3 142
257319 1 57
257344 164 45609
257345 359 89736
257475 320 25255
257583 5 3284
257584 12 8706
257625 29 23419
257673 142 58812
257678 91 22180
257808 28 6540
257811 1 62
257812 857 103213
257893 15 6646
257938 2 139
257951 89 21143
257954 25 3522
257967 32 6120
258022 47 6898
258300 2 477
258361 194 26906
258418 75 25774
258436 3 1362
258494 78 7616
258545 1 146
258559 112 52150
258583 23 945
258586 31 7912
258636 62 15270
258816 3 117
258856 25 6607
258987 102 21620
259009 35 4817
259011 10 1502
259114 65 9180
259130 25 1972
262838 6 459
268331 1 295
268334 1 306
269998 5 5056
271039 3 649
275661 1 542
275665 1 577
278212 1 178
278988 1 514
279934 1 686
280380 5 671
280755 42 32241
282033 3 664
285664 2 406
285665 1 609
285946 9 463
286453 1 210
286469 5 345
286942 4 410
286944 3 919
287805 4 511
290042 5 6266
293200 2 418
296414 11 309
296549 1 131
296550 1 129
296551 1 129
296552 1 118
301786 2 364
303295 9 221
304147 5 6265
305787 7 571
306783 15 11472
309510 10 419
310322 1 590
310367 3 313
310370 4 1329
310702 4 158
311355 50 64459
311536 2 245
314512 208 52248
316458 1 39
319954 3 226
320872 1 530
321390 1 155
321412 1 157
321716 3 158
322691 3 404
322954 2 965
323353 2 244
323399 2 42
323648 1 278
324759 1 193
326173 1 102
327870 1 607
328674 2 83
328882 2 231
329601 1 518
329611 4 589
329644 1 690
330310 1 127
330381 1 240
330402 4 1114
330663 5 274
332713 1 514
333323 2 239
334305 1 222
336637 11 517
337711 1 456
338055 4 377
338449 2 197
340699 1 412
340716 1 510
342964 2 36
343058 1 28
353059 2 669
354663 2 614
359179 2 248
359199 2 226
359871 5 218
360015 2 655
361174 1 109
364715 1 278
366673 1 305
367865 1 332
368049 1 99
370079 1 293
370503 1 182
371143 1 228
371992 2 372
373192 2 462
373473 1 445
373563 1 192
374238 1 224
376452 2 192
377219 1 639
377269 1 672
377675 2 275
379006 1 285
379051 1 623
379614 1 189
380863 1 241
381527 1 145
381606 1 612
382084 1 169
382464 1 148
383639 1 49
384199 1 197
385645 1 287
386427 1 170
387403 2 185
387641 2 182
388617 1 440
388951 1 55
389050 1 289
390204 5 581
390282 1 267
390987 1 91
391877 1 349
392327 2 219
392421 1 114
392749 1 866
392965 1 50
395624 1 173
396405 8 1708
396417 1 74
397433 2 127
397712 5 847
398740 2 228
399162 2 77
400036 1 366
400100 1 99
400423 1 1631
401373 3 354
401450 1 63
402193 4 39
404516 1 396
404554 1 388
404662 1 163
404685 2 240
405334 1 101
405779 1 603
407167 16 702
407511 4 362
407914 1 1714
409129 1 226
409148 1 65
409713 1 327
412189 1 62
412994 1 664
416272 3 56
416298 4 506
416593 1 259
417256 1 59
417714 1 652
418176 1 42
418328 1 281
418919 3 578
418920 1 673
419190 1 41
419830 3 1252
419894 2 2066
425085 2 488
425206 3 76
426647 1 54
427052 4 585
428950 1 218
429133 1 70
430347 1 40
430461 1 70
433255 2 67
433265 1 239
433273 2 521
433274 1 491
433325 3 358
433432 1 257
434245 1 247
434611 1 62
436790 1 167
436793 1 206
436893 1 1728
437683 2 232
438166 2 470
438217 2 305
439338 3 757
441095 4 436
441602 1 254
442318 1 732
443829 1 1713
444043 1 349
445442 1 140
446362 4 352
446743 1 311
446928 1 356
448307 1 342
449363 1 61
449385 1 258
449805 2 2111
449820 4 700
452005 1 492
452473 1 123
452908 1 43
453389 1 220
453665 1 89
453677 1 55
454057 2 359
454517 1 49
455499 2 186
455610 1 1772
457195 2 233
457551 3 38
458508 1 232
458583 1 430
458584 1 271
458766 1 154
459151 3 76
461229 1 227
461253 1 189
461936 1 1764
462074 1 442
462703 2 300
462706 1 70
462995 2 81
463643 3 594
465079 3 497
465256 1 47
467449 1 169
467593 1 507
467737 1 378
467816 1 1724
467964 1 288
468049 4 749
468748 2 217
468759 2 271
468922 7 141
469095 7 3148
469334 2 301
470420 1 381
470605 1 638
470814 2 1211
471392 2 265
472938 1 336
473181 1 107
473359 1 39
477239 3 286
477740 1 193
479470 2 347
479867 1 222
480633 8 260
480838 7 712
481076 1 125
481578 2 93
481635 3 129
481723 3 80
483932 2 274
485745 4 124
486413 1 1843
486603 2 947
487378 1 68
487851 5 148
488307 3 92
488888 1 642
488916 3 657
489790 1 48
489798 1 54
490326 2 1046
490609 2 221
490631 1 311
490908 1 113
490916 1 138
491584 2 230
491618 5 636
492583 2 265
493874 1 302
496759 1 838
497079 1 308
497080 2 200
497909 4 68
499138 2 558
499624 2 600
501299 1 59
501357 1 512
501434 1 403
501616 1 305
501621 2 267
501861 1 234
503461 1 194
503735 1 49
504116 2 175
504949 1 82
505164 1 151
505168 1 183
505650 4 198
506043 2 247
506285 1 62
506554 1 158
507142 1 1078
507269 1 269
508970 1 339
509204 1 149
509866 1 39
509915 1 244
510329 3 879
510650 1 271
511686 1 248
512363 1 60
512475 3 583
512708 1 327
512968 3 102
513239 1 350
514047 1 45
514276 1 292
514467 1 51
514902 2 72
515069 3 100
519652 1 178
520122 1 62
520471 2 86
520606 2 396
520870 1 167
522271 2 115
522757 3 617
523324 1 118
523534 1 723
524763 1 276
77 1 138
258 5 648
338 1 164
407 1 452
1263 1 597
1329 4 569
1344 2 471
1438 6 573
1578 2 406
1646 3 506
1671 4 296
1718 3 177
1801 1 639
1885 1 372
1906 1 341
2115 2 421
2117 5 428
2280 1 614
2309 2 399
2394 7 477
2466 4 293
2884 5 343
3009 4 335
3426 2 526
3539 1 532
3687 2 426
3828 3 511
4331 3 301
4344 3 524
4356 9 414
4364 4 730
4367 2 415
4540 11 326
4638 2 700
4656 1 408
4672 5 433
4749 1 679
4837 2 399
4839 6 394
4845 1 418
4969 6 292
4993 2 381
5008 1 336
5182 1 187
5188 2 402
5339 1 329
5366 5 442
5856 1 257
6676 1 260
6852 3 352
7527 7 456
7559 6 427
8209 5 411
8437 7 319
8550 1 145
8594 1 434
8723 1 515
9108 8 443
9148 2 609
9266 14 549
9279 2 424
9404 13 187
9443 13 323
10077 2 497
10122 6 137
10149 4 288
10260 1 417
10286 1 180
10521 5 530
10923 2 431
11027 1 232
11669 7 476
11766 5 468
11885 2 397
12404 7 494
14205 3 150
15808 7 330
15968 1 209
16368 3 287
16465 4 269
16583 1 407
17688 6 272
17804 7 388
17822 3 258
17961 1 164
18030 2 256
18150 1 414
18432 5 470
18480 3 240
18925 5 345
19107 3 378
19123 7 392
19129 2 114
19203 5 429
19234 4 361
19260 1 318
19414 10 370
19559 7 383
19584 3 443
19726 4 384
19804 4 481
19845 5 450
19861 5 431
19894 11 431
19910 19 341
20009 10 367
20264 3 360
20897 1 379
21105 6 455
21293 7 394
21344 8 507
21365 10 298
21450 2 466
21591 5 392
21766 3 386
22132 3 501
22198 6 432
22313 4 196
22339 10 246
22570 4 362
22635 4 376
22652 1 331
22686 9 234
22880 5 251
22931 7 383
23031 9 267
23052 8 484
23250 9 480
23317 1 347
23325 8 385
23566 2 511
23681 13 448
23694 4 542
23713 1 688
23781 3 407
23858 1 466
24013 1 250
24284 2 356
24545 8 545
24585 3 458
24713 1 274
24721 1 457
24862 3 502
24902 3 338
25518 3 308
25575 11 409
25752 9 346
26086 3 505
26208 5 634
26455 8 341
26479 2 103
26541 2 171
26658 7 243
26757 10 433
26831 5 404
26877 16 392
27105 5 382
27111 9 379
27132 5 336
27240 9 379
27332 2 545
27352 2 453
27358 2 164
27414 9 390
27690 4 484
27765 11 365
27847 4 160
28617 1 369
29010 5 232
29048 1 191
29492 9 258
29528 5 217
30165 8 167
30261 5 446
30511 6 435
30603 2 468
30753 2 262
31100 3 238
31224 5 272
31276 4 562
31277 4 549
31403 8 428
31525 4 329
31665 9 411
31718 1 247
31895 7 458
31896 5 289
32086 11 441
32650 5 322
32929 11 392
32994 1 269
33095 11 361
33231 8 492
33345 9 358
33796 7 375
33987 2 217
34347 4 317
34442 12 448
34630 3 293
34643 1 359
34932 10 491
34950 10 257
34952 1 221
35018 16 580
35265 16 569
35293 2 237
35303 1 376
35447 3 384
35750 1 289
36077 13 205
36722 5 433
36728 4 289
37008 5 237
38181 5 451
38327 1 539
38664 2 268
38773 2 296
38859 8 424
39061 6 467
39140 3 310
39178 3 370
39337 2 338
39497 3 282
39603 3 219
39608 6 389
39930 6 525
40473 1 769
40777 1 543
40778 2 449
41116 2 229
41981 5 212
42409 1 416
42647 4 473
42828 5 349
42946 7 209
42950 2 233
43218 5 523
43720 5 390
43822 16 516
43853 5 309
43861 4 572
43951 13 397
43984 15 396
44253 6 465
44327 5 284
44354 8 431
44579 11 504
44623 12 527
44757 1 435
44881 7 448
44884 4 495
44973 5 410
45009 14 247
45012 12 334
45014 12 400
45017 15 307
45026 15 427
45549 6 267
45600 9 320
45731 1 582
45933 1 307
46069 3 295
46201 10 494
46208 14 610
46363 3 396
46398 3 327
46402 6 373
46444 3 425
46763 2 542
46813 6 500
46843 8 271
47377 6 307
47551 5 475
47697 3 421
47814 4 153
47907 1 560
48848 12 514
49144 1 320
49170 16 311
49426 6 303
49476 8 252
49814 5 323
49816 4 439
50059 5 493
50288 7 202
50367 2 412
51079 8 450
51192 4 165
51408 1 407
51520 1 365
51736 12 373
51797 7 191
51840 2 279
51963 3 418
51972 8 295
52026 5 506
52220 4 218
52627 1 560
52918 2 131
53128 8 511
54040 6 408
54202 14 590
54242 8 246
54282 2 544
54317 1 424
54373 5 405
54440 7 439
54447 10 536
54506 6 481
54675 9 558
55353 9 435
55943 5 696
56029 4 270
56131 5 536
56425 13 526
56655 3 479
56726 1 193
56922 6 301
57032 6 296
57131 2 469
57243 1 328
57358 3 305
57555 1 728
57650 1 351
57727 9 532
57731 1 76
57735 4 324
58022 8 200
58030 7 367
58161 5 375
58189 1 432
58201 1 501
58245 6 287
58265 3 324
58532 1 252
58777 8 622
58995 10 201
59560 12 446
59577 8 454
59595 2 230
60470 7 135
61367 6 133
61406 6 356
61573 2 505
61961 3 425
61962 4 455
62539 3 437
62731 4 300
62981 2 222
63930 11 656
63991 2 79
64587 4 228
64615 1 524
64763 4 386
64941 4 416
65081 1 237
65136 6 292
65193 8 264
65259 1 227
65496 1 529
66087 9 317
66480 16 479
67207 3 138
67268 2 482
67452 1 444
69362 2 302
69530 2 200
69838 2 243
69928 3 296
70479 2 172
70651 7 238
70978 1 528
71599 2 392
71859 3 396
72230 7 325
72344 3 523
72394 10 348
72435 6 460
72498 5 189
72593 2 488
72799 1 488
72932 7 501
73007 7 502
73015 12 309
73236 14 360
73272 9 285
73709 4 426
73715 1 346
73907 3 515
74302 4 475
74440 3 447
74538 1 549
74706 1 544
74915 3 290
74989 3 344
75146 2 273
75375 3 544
75457 4 550
75723 1 403
75771 8 370
75809 5 380
75816 5 299
75994 6 356
76609 3 257
76670 7 397
76958 1 411
76960 1 446
77126 7 300
77232 13 359
77871 4 338
77956 3 360
78283 3 324
78980 5 406
79198 1 319
79202 13 359
79837 7 489
79903 1 429
79948 1 41
80463 1 31
80695 3 5927
80869 7 137
81014 6 181
81253 6 86
81254 3 74
81256 8 130
81258 7 134
81259 10 128
81260 3 82
81383 9 118
81386 6 80
81387 9 161
81388 8 146
81389 8 147
81534 8 242
81603 26 9651
81764 1 38
81776 7 147
81900 1 34
82369 1 34
82409 8 145
82672 1 37
82792 1 31
83379 44 13296
83556 11 137
83792 1 38
84102 12 163
84103 7 145
84104 7 138
84105 7 134
84106 3 81
84459 3 6371
84620 8 157
84706 24 25071
84820 19 810
84864 6 93
84869 5 92
85063 5 350
85064 1 14
85211 4 9059
85368 591 74892
85481 289 70500
85645 986 153229
85773 301 82661
85921 1 30
85926 1 5997
86034 160 48792
86044 20 711
86108 9 167
86698 11 141
86753 4 173871
86795 6 133
87325 7 132
87451 8 240
87571 1 38
87574 1 33
87584 6 189
87702 1 36
88032 7 135
88653 1 36
88819 4 89
88821 7 99
88825 7 151
88826 7 133
88827 7 128
88833 7 133
89154 79 10556
89322 5 303
90014 32 726
90148 23 701
90149 17 479
90568 12 141
90887 3 110
90911 1 38
91152 1 32
91391 11 20311
91885 1 34
91887 1 33
92050 10 140
92166 23 64088
92307 23 64087
92596 34 14515
92627 5 104
92734 1 33
93020 3 1664
93404 6 180
94082 8 135
94333 8 131
94334 7 124
94335 11 140
94336 7 142
94337 7 136
94485 9 156
94874 127 10538
94875 67 14566
94879 70 5511
94905 7 97
95010 2 29
95068 11 137
95732 5 92
95856 1 34
95858 1 35
95860 1 34
96030 1 16
96049 16 78606
96106 1 27
96136 13 20896
96292 6 137
96305 58 38919
96306 1 32
96311 10 7983
96424 1 38462
96460 9 124
97417 6 180
97532 99 11773
97561 1 40
97727 72 13817
97734 72 13817
97788 7 126
97789 7 236
97906 1 36
97922 3 97
98079 6 312
98421 57 7855
98591 4 105
98592 10 145
98812 1 35
99053 193 27408
99085 6 186
99092 4 107
99094 7 143
99424 9 12847
99572 3 91
99682 30 906
99802 2 189
99883 13 628
100277 2 1001
100289 5 110
100296 1 119
100428 1 447
100457 3 307
100537 2 74
100578 7 285
100653 3 583
100732 1 313
101092 1 113
101153 8 687
101174 1 34
101222 16 533
101223 2 347
101486 6 733
101545 3 476
101612 2 54
101688 2 380
101786 3 71
101911 4 112
102004 9 336
102062 1 456
102063 2 411
102148 6 399
102202 3 430
102382 4 480
102418 9 634
102660 11 438
102860 2 31
103068 11 943
103240 10 382
103292 2 165
103331 1 70
103413 2 341
103477 10 835
103513 6 192
103584 6 310
103595 7 527
103621 4 285
103720 1 1680
103774 5 542
103965 3 1065
104151 3 8662
104185 1 56
104218 1 402
104320 9 1328
104518 7 749
104620 4 588
105273 2 165
105547 3 68
105664 3 550
105768 2 547
105940 4 316
106058 2 492
106222 2 255
106289 28 1562
106357 3 773
106439 2 54
106452 2 622
106533 3 835
106619 2 343
106659 2 41
106703 2 58
106749 1 669
107077 3 571
107181 2 544
107363 3 510
107498 3 51
107536 1 28
107594 4 1399
107969 7 263
108001 3 257
108083 4 541
108101 5 108
108314 3 634
108387 1 1679
108395 11 441
108540 2 418
108679 8 493
109183 3 834
109189 7 516
109233 1 31
109377 2 189
109455 1 500
109464 1 1042
109481 6 454
109531 3 154
109632 8 576
109637 2 627
109681 2 553
110093 1 29
110143 1 501
110147 9 722
110157 3 864
110381 5 421
110491 4 170
110865 6 117
111151 7 722
111344 3 328
111397 1 45
111407 6 486
111676 1 146
111808 2 328
111911 3 1187
111925 5 595
112062 2 884
112207 2 46
112278 3 314
112283 3 346
112340 4 381
112602 3 376
112816 4 395
112837 1 405
112862 1 641
113003 1 627
113008 9 421
113022 2 521
113428 7 647
113504 10 475
113537 2 478
113638 1 1132
113696 2 430
113704 4 850
113705 15 719
113781 2 403
113896 8 548
114009 5 314
114041 25 910
114068 2 303
114143 1 413
114159 2 424
114195 4 591
114274 6 561
114323 1 589
114348 5 1142
114370 1 105
114393 5 540
114398 12 628
114498 5 1045
114509 1 143
114527 1 43
114559 6 325
114685 4 343
114714 2 155
114744 1 736
114809 1 455
114823 2 50
114885 11 553
114948 1 482
115024 4 889
115053 3 390
115105 1 467
115107 3 492
115297 2 344
115335 3 680
115341 1 523
115425 1 474
115514 1 628
115551 3 137
115656 5 193
115763 5 302
115888 2 355
115900 1 1221
115903 4 861
115960 2 63
116056 3 395
116064 6 552
116070 2 347
116084 2 379
116140 6 879
116277 1 202
116337 3 76
116375 2 42
116588 3 67
116708 13 1410
116814 3 44
116896 3 483
117037 2 523
117355 11 877
117653 10 622
117687 2 834
117743 3 142
117752 4 1227
117792 8 623
117816 1 55
117923 2 438
117937 3 1094
117946 9 539
117947 6 145
118043 1 654
118145 4 90
118208 3 1206
118210 1 800
118305 3 112
118321 6 190
118437 5 659
118449 2 526
118451 5 78
118456 9 194
118485 1 144
118575 9 504
118655 2 129
118674 2 421
118963 4 441
118969 3 91
119207 1 116
119209 2 277
119225 1 292
119286 4 338
119310 1 169
119367 10 562
119674 1 1154
119682 10 962
119683 2 1085
119721 7 477
119787 7 281
119806 5 502
119951 2 81
120102 2 86
120117 4 204
120171 4 71
120234 3 509
120350 2 132
120979 3 474
120987 1 226
121018 2 320
121161 7 675
121170 2 152
121172 1 712
121209 1 229
121277 2 458
121334 4 415
121486 7 581
121811 1 104
122060 2 160
122082 2 150
122204 3 754
122302 8 949
122481 4 1302
122491 3 515
122543 2 34
122649 6 615
122780 2 1383
122880 4 948
122885 1 317
122985 8 982
122989 2 46
123109 10 1132
123151 11 307
123198 8 776
123219 3 144
123381 3 1230
123383 4 564
123449 3 80
123508 4 111
123569 3 217
123654 2 145
123673 5 533
123680 1 498
123697 4 522
123720 6 1052
123805 4 523
123853 8 760
123886 3 255
123897 12 1317
123936 6 386
124018 3 141
124054 6 523
124057 3 785
124074 2 570
124121 1 250
124218 1 1464
124219 1 138
124234 1 217
124414 8 566
124434 3 578
124440 3 593
124521 8 486
124615 19 685
124646 1 116
124677 2 399
124772 1 64
124808 1 575
124815 5 361
124821 1 632
124923 5 213
125430 5 840
125438 4 462
125453 2 910
125486 11 674
125487 1 574
125508 3 665
125580 1 446
125602 2 824
125603 11 1115
125614 7 2113
125645 2 81
125755 3 809
125791 4 96
125862 3 531
125896 2 679
125956 1 458
125966 5 326
126075 6 672
126127 1 812
126173 1 524
126209 5 736
126243 2 431
126443 1 491
126452 11 169
126463 1 59
126478 3 476
126558 3 587
126603 1 417
126645 20 743
126663 8 1332
126715 4 96
126855 2 579
126876 3 694
126924 1 990
126927 1 556
127002 4 275
127102 4 176
127157 15 478
127199 1 155
127317 3 101
127363 5 91
127412 2 89
127415 1 244
127417 2 316
127436 2 159
127608 2 130
127644 1 338
127734 4 378
127741 9 635
127799 6 863
127801 2 602
127861 1 55
127870 5 636
127875 6 1043
127900 3 815
127960 5 392
128038 2 53
128043 3 878
128090 1 540
128147 4 317
128315 4 542
128322 3 788
128492 11 539
128504 8 1246
128604 13 447
128735 2 64
128761 4 922
128788 2 457
128815 2 579
128927 14 779
129091 8 340
129265 3 148
129321 3 931
129528 4 413
129691 1 409
129820 6 696
129908 2 73
129936 4 362
130088 1 286
130097 2 211
130147 5 642
130323 2 677
130462 2 632
130489 2 47
130506 3 63
130528 2 43
130616 3 97
130671 1 424
130676 1 248
130932 3 67
130939 4 570
130948 1 95
130972 3 265
131031 1 453
131057 2 627
131058 1 767
131207 3 105
131328 1 134
131409 5 581
131527 13 484
131575 1 788
131867 2 148
131892 3 1478
131907 1 816
132396 4 606
132480 3 108
132493 2 373
132783 3 493
132932 3 498
133208 3 77
133219 1 592
133221 10 498
133267 2 433
133478 3 742
133509 2 139
133887 3 367
133966 2 445
134082 2 446
134202 6 1327
134348 3 46
134582 1 152
134659 4 364
134690 5 341
134703 1 567
134718 10 618
134817 2 797
135034 6 393
135039 2 415
135063 4 677
135213 1 205
135274 6 370
135284 5 144
135496 8 177
135663 2 327
135767 1 400
136007 5 437
136218 2 177
136311 3 8993
136403 6 531
136489 7 394
136740 3 337
136813 1 51
136846 4 288
136876 1 34
136892 4 298
136896 2 121
137346 2 46
137442 4 451
137482 1 41
137858 1 57
137911 4 275
137997 1 591
138005 1 66
138016 1 3159
138100 6 486
138128 7 244
138251 2 596
138261 12 475
138321 2 181
138433 9 325
138442 22 568
138443 1 384
138447 4 124
138623 13 535
138964 5 282
139128 5 409
139449 2 482
139518 6 382
139670 1 680
139726 1 169
139747 1 41
139802 3 508
139827 7 709
140047 4 469
140290 1 41
140383 3 490
140466 1 44
140470 5 260
140524 3 479
140527 12 1116
140606 4 385
140629 2 498
140755 1 1067
140767 5 128
140806 1 58
140828 3 71
140831 2 246
140850 2 620
141024 3 437
141069 3 717
141168 3 253
141411 1 139
141843 2 680
142053 6 219
142760 1 92
142768 4 487
142800 2 356
142908 1 61
142954 4 401
143101 3 65
143110 1 482
143679 1 268
143768 3 209
144014 4 184
144018 1 855
144150 6 1099
144221 4 361
144415 1 72
144552 5 373
144831 6 713
145048 3 525
145186 1 703
145363 1 794
145475 1 65
145491 4 483
145842 2 313
145872 5 262
146370 11 485
146570 33 1399
146586 5 161
146591 3 184
146821 4 602
146852 1 930
146871 1 406
146931 5 189
146989 1 928
147131 6 416
147237 13 497
147263 2 150
147335 7 760
147342 1 404
147792 4 741
147904 1 637
148350 16 680
148372 3 481
148403 5 525
148849 14 482
149001 2 62
149172 2 1252
149254 16 578
149272 1 385
149292 2 95
149395 4 584
149453 6 468
149501 1 180
149572 6 366
149611 3 705
149791 4 193
149897 16 572
149993 4 641
150023 5 1009
150658 2 681
150708 3 665
150940 1 65
150972 2 104
151044 1 1554
151326 3 504
151332 1 209
151386 1 218
151529 2 206
151784 2 433
151796 3 86
151823 1 456
151919 2 60
151943 4 295
152041 12 766
152042 2 561
152150 2 870
152157 1 440
152201 2 632
152244 4 556
152373 2 1354
152448 6 400
152456 3 95
152492 4 1237
152601 1 210
152632 3 790
152899 3 72
152995 4 1190
153011 8 403
153155 7 522
153215 1 487
153242 5 415
153291 5 476
153308 13 1051
153576 1 635
153620 11 475
153662 3 650
153723 5 121
153756 7 514
153774 2 65
153797 2 440
153831 2 130
153839 2 58
153930 3 197
153933 3 504
154022 4 100
154060 2 145
154065 4 587
154175 3 71
154204 3 342
154221 7 653
154234 4 658
154243 4 92
154452 3 65
154490 1 363
154805 2 151
154851 2 70
154914 3 762
155370 4 95
155448 5 152
155501 3 79
155664 1 599
155777 8 455
155831 1 1259
155995 1 156
156183 9 360
156347 9 577
156433 1 373
156483 4 301
156502 4 1136
156592 6 429
156635 2 99
156771 6 1264
156819 7 335
156825 2 652
156952 1 411
157289 1 753
157477 2 107
157531 2 423
157542 7 292
157547 5 676
157582 4 121
157728 10 513
157826 6 676
158102 2 449
158452 5 386
158509 5 640
158597 2 87
158690 14 484
158717 13 469
158959 1 366
159064 2 68
159160 4 10016
159474 2 105
159647 1 550
159743 8 555
159881 2 1242
159985 6 710
160047 2 517
160135 5 408
160205 6 237
160339 2 78
160430 2 531
160518 3 434
160955 1 321
161086 3 73
161207 5 1008
161253 2 86
161298 3 491
161461 4 291
161597 3 279
161692 1 736
161717 3 1271
161752 4 103
161822 5 157
162183 4 178
162208 2 71
162357 1 76
162424 3 541
162686 1 606
162788 12 1230
162920 1 341
163129 4 172
163343 10 517
163593 1 587
163846 1 793
164027 2 582
164068 1 597
164331 4 80
164464 2 643
164557 8 766
164677 2 334
164723 2 529
164729 1 279
164742 6 935
164786 2 71
164900 4 293
165056 3 147
165305 8 612
165705 1 1300
165709 2 682
165926 15 1835
166063 15 836
166079 7 674
166142 5 682
166162 6 505
166218 4 105
166270 8 394
166288 4 237
166345 1 813
167030 2 642
167133 4 553
167485 5 128
167542 5 1017
167593 6 2703
167602 6 494
167641 15 1114
167698 4 554
167708 2 506
167743 14 539
167878 1 1003
167918 5 340
168092 3 901
168126 3 72
168461 3 174
168471 3 116
168626 1 333
168638 2 144
168686 2 60
168771 1 702
168931 16 688
168932 2 89
168938 20 1316
169259 2 628
169474 2 488
169530 4 138
169737 1 63
169986 2 81
170305 5 209
170802 3 452
170833 2 89
170955 3 149
170968 1 80
171021 4 367
171144 3 213
171342 1 845
171925 4 616
172068 16 477
172077 5 453
172147 1 408
172216 2 331
172248 1 1102
172420 15 650
172422 10 2130
172426 3 173
173016 4 418
173072 14 1513
173100 1 492
173107 10 628
173296 2 81
173528 8 524
173568 3 342
173587 1 1270
173591 6 330
173861 1 379
174000 2 323
174063 2 648
174180 11 560
176031 5 119
176056 5 117
178148 8 129
181629 4 128
181671 4 111
183617 9 105
183676 4 99
183682 7 111
183771 11 540
185559 1 159
187856 2 101
188864 8 163
189181 5 124
189304 1 542
189315 9 474
191360 7 107
191413 2 139
191887 1 151
192061 2 127
192222 7 117
192262 2 398
194306 5 120
194379 6 728
194398 28 466
197417 5 107
198409 8 87
198792 6 128
199279 4 113
201049 5 109
202302 3 133
202303 8 110
202427 2 48
204286 1 114
205288 3 134
206556 1 1908
208069 5 146
208189 1 100
208969 1 128
209721 4 112
210659 2 100
210660 2 80
212828 4 116
213528 6 113
213529 6 117
213566 3 108
213660 4 427
213686 9 490
213897 1 392
214704 6 128
215556 5 113
215645 1 315
217478 5 119
218068 5 134
218222 5 126
218267 2 120
218395 6 115
218532 9 504
219220 4 100
220050 4 111
223788 6 130
224189 1 121
224662 1 107
224727 3 136
224728 4 89
224734 4 127
224735 1 98
224736 3 111
224739 4 92
224758 13 494
226723 8 90
227113 1 108
227441 7 104
227443 6 98
228546 7 125
228568 4 120
228575 6 125
229400 6 107
229451 6 139
229529 6 107
230136 4 127
230149 3 148
230667 4 128
231459 1 215
231460 4 182
231543 10 380
231807 27 1339
232072 1 1368
232282 6 384
232392 1 677
232423 1 625
232498 30 1303
232574 2 186
232644 4 215
232669 31 1268
232725 3 491
233044 3 745
233110 1 334
233408 14 270
233601 11 414
233613 6 396
233969 17 883
233988 4 1764
234023 3 576
234056 12 1091
234231 16 635
234431 17 1314
234451 3 572
234532 3 196
235030 2 413
235100 11 613
235358 18 493
235497 11 501
235682 18 362
235946 6 193
235987 8 347
236103 6 280
236105 3 171
236311 13 275
236539 4 586
236563 1 322
236569 20 1170
236837 4 244
237296 2 287
237562 1 1202
237796 5 2461
237902 43 744
237933 40 554
238106 1 319
238367 1 726
238371 7 1438
239285 1 548
239286 10 1048
239506 10 471
239652 5 324
239655 4 288
239749 1 199
239859 8 208
240321 20 1601
240357 1 947
240366 29 117963
240382 4 723
240827 2 1523
240873 5 310
240964 2 747
241109 2 109
241145 2 883
241146 7 572
241205 46 1435
241345 4 172
241379 2 460
241565 8 346
241631 14 474
241872 21 726
242070 23 455
242140 6 352
242269 11 409
242432 6 895
242477 1 684
242552 5 415
242560 8 540
242606 1 149
242694 7 474
242726 16 1525
242797 55 7898
242810 2 119
242871 7 2558
242895 2 17086
242900 16 371
242916 30 19607
242952 2 7719
242953 4 9072
242955 6 34181
243047 8 1442
243248 30 97794
243249 292 55340
243328 2 30540
243389 11 7650
243403 2 2152
243565 5 14930
243568 12 51992
243572 1 539
243581 1 4391
243629 6 28496
243633 1 3548
243636 16 73383
243696 54 15292
243698 42 29409
243762 58 5334
243828 61 9735
244031 15 24298
244051 6 2237
244295 8 43543
244400 1 18019
244515 301 137580
244552 15 4210
244740 4 33732
244757 2 2068
244798 10 24677
244801 1 52
244846 18 32902
244924 1 143
244946 13 2608
245057 7 108
245062 65 6328
245065 13 28651
245075 21 6226
245122 11 20319
245126 8 10341
245185 5 11699
245290 10 6221
245362 1 1467
245368 48 8062
245371 47 6774
245372 98 8138
245379 11 433
245449 3 35219
245507 2 145
245545 4 394
245588 2 140
245668 17 47659
245722 56 32503
245762 15 2630
245987 8 1068
246003 9 79294
246151 5 118
246180 53 5856
246182 60 13686
246185 53 16049
246390 21 3026
246466 106 14527
246526 5 15571
246610 71 29250
246695 172 65027
246761 23 3964
246877 10 6449
246947 15 25960
246961 18 6277
247008 203 23763
247060 10 25091
247081 13 4277
247185 6 250
247209 514 48787
247357 35 1643
247387 314 63961
247400 23 13116
247406 18 42749
247469 75 160821
247517 44 40187
247538 16 3280
247550 46 255154
247565 10 2684
247713 4 133
247793 6 3883
247878 25 4565
247892 3 827
247974 96 15560
248179 14 34397
248181 6 22248
248276 4 12346
248335 10 39898
248341 2 140
248352 3 3186
248496 16 1743
248558 16 2620
248562 178 40310
248563 84 6545
248594 27 9671
248610 17 211360
248646 2 880
248678 7 179
248710 78 3206
248712 229 11964
248751 2 19815
248763 8 1103
248788 5 56946
248809 22 45708
248816 287 17214
248912 3 155
249058 11 4496
249076 4 36189
249151 4 38079
249187 8 5360
249190 150 14664
249192 1 56
249193 33 5588
249221 3 124
249253 55 3583
249255 35 4181
249263 1 10722
249288 4 3504
249329 6 41571
249337 2 11065
249339 84 15594
249428 3 116
249452 2 58
249537 40 4910
249570 430 33965
249657 35 9452
249680 8 2113
249715 1 96
249731 56 12349
249732 1 8030
249739 49 6154
249740 15 228328
249767 1 115
249779 9 156
249780 15 14381
249787 5 116
249799 21 14657
249813 53 4931
249814 9 2502
249883 8 10505
249900 7 3397
249976 24 492
250236 13 16448
250331 30 19950
250346 2 133
250360 46 7570
250388 13 903
250443 11 4351
250445 1 2508
250514 3 124
250615 29 32287
250693 10 23753
250719 28 3620
250991 1 594
251027 8 42465
251073 5 5004
251085 7 15468
251143 5 13145
251147 24 10561
251158 1 5819
251326 2 57
251525 27 18764
251723 7 22213
251740 23 6421
251773 3 641
251800 29 24372
251977 12 2418
252007 5 124
252039 60 2572
252131 1 65
252132 1 72
252154 239 29717
252343 3 133
252381 56 6285
252442 2 8051
252473 32 1526
252474 1467 81579
252481 9 562
252492 28 2110
252552 9 7289
252554 5 13441
252555 35 27002
252742 1 59
252747 5 9283
252814 2 287
252921 474 52519
252924 22 17447
252986 469 40464
252987 1 45
253003 2 67
253018 26 331696
253061 9 10802
253067 33 104143
253203 1 33726
253248 3 164
253352 17 6774
253354 212 57179
253360 4 6703
253433 6 4231
253436 15 11730
253448 4 397
253462 3 48129
253514 1 97
253517 2 60
253529 2 112
253552 86 5169
253562 3 71
253563 2 64
253588 80 13837
253593 2979 171848
253717 2 105
253806 34 1642
253845 14 9503
253846 46 4965
253849 34 22736
253990 33 26077
254108 2512 174176
254116 3 80
254152 23 16721
254281 36 3539
254368 14 7195
254489 17 1979
254502 59 1686
254738 6 5347
254869 40 1587
254871 560 36421
254924 48 23861
254926 6 18059
255143 20 611
255144 221 25727
255289 31 51128
255292 97 10370
255417 38 27737
255449 3 135
255476 4 44402
255479 14 10378
255531 1 131
255533 6 148
255579 57 2582
255609 4 22114
255633 20 9645
255660 2 183
255691 22 3597
255734 9 5463
255735 9 4636
255777 21 64507
255823 12 21270
255830 2 84137
255985 16 6297
255986 194 12990
256137 3 73
256235 1 581
256282 9 10491
256283 80 34425
256289 5 4651
256341 7 36933
256397 4 128
256451 18 4516
256452 8 4960
256496 23 29777
256604 4 37731
256681 25 9814
256685 43 3287
256687 187 11982
256844 1 118
256847 79 24054
256848 10 7315
256851 57 13442
257132 22 20479
257133 33 26221
257137 75 17976
257193 10 35712
257301 4 142
257319 2 57
257344 14 45609
257345 19 89736
257450 1 242
257475 21 25255
257583 6 3284
257584 3 8706
257625 3 23419
257673 83 58812
257678 7 22180
257795 3 85
257804 3 121
257808 87 6540
257811 1 62
257812 1460 103213
257893 12 6646
257938 1 139
257951 95 21143
257954 4 3522
257955 2 56
257967 7 6120
258022 31 6898
258300 19 477
258361 194 26906
258418 7 25774
258436 1 1362
258494 62 7616
258531 1 126
258545 1 146
258559 23 52150
258583 20 945
258586 21 7912
258636 10 15270
258816 4 117
258987 20 21620
259011 1 1502
259114 10 9180
259130 14 1972
263889 1 29
269998 69 5056
271039 1 649
274813 6 113
275665 1 577
278212 7 178
278988 14 514
279934 1 686
280140 16 385
281909 5 111
282033 5 664
282416 10 157
284418 14 261
284419 3 71
285664 20 406
285665 29 609
285946 7 463
286045 4 104
286453 6 210
286469 6 345
286942 17 410
286944 46 919
287805 13 511
290042 27 6266
292390 6 138
292900 5 85
293200 1 418
295678 1 460
296414 4 309
296549 5 131
296550 4 129
296551 4 129
296552 9 118
297272 6 103
301786 10 364
303295 9 221
303589 8 151
304147 26 6265
306783 38 11472
309510 9 419
310322 26 590
310367 7 313
310370 29 1329
310702 4 158
311355 3 64459
311536 5 245
314512 2 52248
325187 1 648
327870 2 607
330402 1 1114
330663 1 274
338055 1 377
343363 1 917
467593 1 507
468049 1 749
482081 1 185
491584 2 230
522576 1 300
523534 1 723
524425 2 167
524528 2 152
