210 1 311
366 1 211
880 7 194
1215 6 419
1264 8 328
1530 1 556
1533 3 148
1741 2 349
3379 2 261
3385 5 317
3808 8 378
4413 4 599
4414 2 500
4779 7 333
4829 2 482
5260 7 289
5285 2 214
6493 13 302
6699 1 133
6779 3 161
8692 3 294
8753 2 257
9159 7 297
9189 1 196
10215 1 413
10654 2 286
10700 3 209
11021 10 324
11763 12 561
12403 5 531
12575 7 104
13275 7 407
13794 4 365
13853 2 104
14006 7 500
14544 7 306
14712 5 381
14713 7 408
14864 4 350
16385 1 177
16653 8 311
17680 13 407
17742 3 285
17777 1 499
17779 8 258
17844 4 234
18004 4 305
18049 2 445
18095 8 418
18408 7 167
18520 1 290
18699 1 340
18843 14 323
19649 1 219
19875 1 265
19965 1 313
20266 8 361
20373 4 356
20708 2 121
20766 5 169
20848 5 173
21248 8 354
21535 18 336
21538 1 563
21838 9 276
22194 1 552
22740 3 383
24147 8 627
24210 4 454
24211 9 437
24227 8 480
24276 6 290
24283 2 598
24869 3 246
25710 2 302
25932 13 677
27383 3 351
27931 5 484
27971 1 836
28441 10 536
28826 9 512
28836 1 290
28953 10 450
29108 2 341
29152 8 335
29323 10 395
29862 4 131
30065 5 325
30370 7 283
31309 5 121
31376 6 127
31424 4 335
31506 8 347
31611 5 281
31740 6 95
31853 6 162
31855 8 463
31956 14 632
31974 1 375
32003 10 167
32008 10 554
32012 9 369
32115 1 334
32232 7 415
32421 2 365
32430 11 241
32479 11 180
32630 2 542
33047 13 441
33217 1 403
33257 12 374
33371 2 373
33481 5 103
34084 1 338
34085 5 341
34223 6 439
34902 8 342
34982 5 264
35160 1 254
35852 4 337
36045 6 409
36158 3 383
39647 7 339
39827 1 333
41307 3 118
42297 9 335
42677 1 252
42909 8 352
43196 11 392
43469 2 326
43512 14 445
43822 1 516
44286 2 356
45735 2 84
48799 2 235
49992 7 576
50990 1 612
51012 9 127
51018 12 201
51107 14 261
51487 1 626
51541 10 167
51628 6 167
52079 4 312
52191 7 149
53335 8 264
53970 2 645
54102 1 553
54737 1 339
54919 3 289
55002 1 358
55662 1 147
55859 1 294
56135 9 184
56349 9 750
57624 8 125
58435 1 165
59129 9 97
59861 1 319
61135 9 324
61921 5 227
63252 1 508
63698 1 123
63924 1 497
65098 9 141
65935 6 143
66528 13 396
66571 2 114
66588 11 305
66811 2 350
67454 19 400
68043 1 151
68132 3 211
69606 9 205
69647 7 247
69836 4 544
69976 13 567
70090 1 326
70528 7 87
70659 1 128
71234 2 366
71412 5 319
71441 3 370
71588 1 454
72279 1 519
72916 1 562
75169 10 123
75213 1 105
76214 9 364
76276 11 166
76735 1 135
77679 13 385
78784 2 309
78827 3 595
78828 5 521
78829 4 418
81587 1 378
83888 9 342
85645 16 153229
85773 16 82661
86476 6 215
86753 6 173871
89432 1 38895
97059 1 9334
97380 13 2381
100013 2 409
100198 4 676
100459 2 714
101047 14 575
101292 1 384
101367 1 1091
101388 2 1146
101720 1 142
101840 2 1095
101856 1 524
101975 1 260
102181 1 265
102318 3 715
102640 5 472
102707 2 759
103012 1 67
103745 19 958
103829 5 859
104057 12 306
104088 4 505
104657 2 497
104672 3 727
104755 3 503
105424 1 156
105433 6 330
105435 1 1108
105639 1 536
105970 1 650
106070 4 308
106147 1 140
106293 5 542
106331 1 484
106496 2 834
106555 4 183
106582 1 1158
106600 1 532
106777 1 654
107113 2 557
107248 1 1224
107633 4 125
107710 11 627
107716 2 529
107912 1 539
108168 1 1156
108179 10 210
108207 4 623
108384 1 125
108878 3 567
109316 2 539
109613 1 799
109750 1 597
110039 2 1153
110081 1 511
110540 1 289
111133 10 479
111240 3 1003
111360 1 868
112057 4 223
112178 1 183
112407 5 337
112472 4 389
112559 3 532
112800 1 114
112972 2 447
113309 8 365
113344 6 523
113412 4 820
113434 9 556
113440 1 960
113697 5 516
113875 6 661
114169 1 224
114284 1 117
114934 5 523
114940 4 911
115141 1 530
115360 8 386
115496 2 518
116632 9 231
116819 9 368
117676 1 311
117788 5 617
117983 5 664
118000 4 79
118381 2 842
118475 1 241
118756 22 527
118785 1 394
118881 1 69
118918 1 106
119252 1 978
119406 4 529
119718 1 105
119745 6 130
119849 1 458
120080 2 290
120111 1 233
120191 1 965
120267 11 685
121811 3 104
121868 1 138
122203 6 949
122666 3 529
122778 2 403
123320 1 462
123568 1 228
123700 1 128
124140 1 392
124833 6 515
124845 3 837
124903 2 290
125617 3 503
125768 8 1419
125833 4 764
126043 1 410
126185 1 364
126595 3 860
127063 1 148
127636 3 165
128344 2 239
128450 6 654
128465 1 118
128532 3 997
129261 5 420
129405 1 660
129739 2 237
129870 1 345
130098 4 665
130218 1 290
130389 1 119
130477 1 371
130851 1 612
131082 6 615
131125 2 885
131133 5 656
131189 1 336
131203 2 419
131287 2 130
131311 2 1069
131319 1 626
131472 8 559
131792 1 405
132284 1 172
132310 1 139
133378 3 101
133469 3 912
133858 2 123
133951 1 660
133984 4 415
134280 2 64
134366 14 501
134523 2 673
134654 8 1645
134728 2 459
134868 1 535
135026 5 231
136208 8 476
136699 1 412
137313 1 896
137514 6 243
137722 4 295
137889 4 750
138250 1 1284
138363 1 676
138396 5 301
138665 3 204
138799 1 849
139202 5 611
140070 1 169
140217 6 162
140588 1 176
141147 3 253
141158 1 196
141348 10 536
141511 8 499
141794 4 170
142241 2 217
142270 1 1298
142403 16 742
142427 2 714
142810 2 398
143551 3 923
143753 3 170
143853 1 726
145178 3 214
145192 1 328
145258 1 481
145363 1 794
145424 1 189
145602 1 158
145675 1 252
145942 1 254
146005 1 722
146400 4 993
146900 1 186
146904 1 577
147212 7 419
147724 1 241
147950 1 347
148862 1 239
149288 2 377
149524 2 296
150040 1 676
150983 5 646
151076 9 240
151521 1 166
152008 2 715
152125 1 551
152179 1 110
152479 17 726
152928 1 857
153364 4 925
153550 1 531
153574 2 1119
154064 6 828
154342 4 520
154409 4 682
154578 2 702
154918 1 691
155027 7 922
155144 1 1434
155520 1 245
155565 3 382
155765 1 1091
156172 6 592
156935 7 929
157059 4 168
157307 1 99
157474 9 689
157476 1 478
157762 1 731
158027 1 154
158088 6 161
158976 2 695
159167 1 2203
159240 1 114
159373 1 348
159658 8 695
160154 1 728
160674 1 126
160717 1 673
160992 1 531
162000 6 212
162132 6 950
162826 4 178
163398 3 910
163715 1 1179
163765 1 649
164307 1 264
164360 2 643
164668 2 148
164824 6 705
165382 10 689
165519 2 527
165713 4 503
166025 1 152
166166 10 336
166282 11 439
166611 1 311
167162 3 163
167356 1 1300
167595 1 296
167601 10 730
168394 3 861
168478 1 306
168565 5 124
168583 5 325
168911 1 710
168965 2 1129
169164 3 147
169356 1 172
169362 20 684
169442 2 328
169487 1 191
170400 1 278
171014 3 173
171760 3 844
172489 6 1113
172551 1 387
172597 1 622
172680 3 853
172694 5 354
173033 6 360
173237 8 297
173270 1 765
173459 1 880
173913 3 569
174295 2 764
213715 1 110
228205 1 1580
232067 3 245
232097 1 307
232156 47 1562
232420 1 238
232844 7 249
233607 1 474
234019 2 574
234294 12 716
234689 1 1717
235397 38 2137
236203 1 270
238124 17 402
238351 4 184
238655 14 495
238964 2 180
240111 2 1125
240366 29 117963
240920 1 417
241824 6 247
242486 6 815
244998 1 56078
245004 21 300
245346 1 21516
245998 1 26287
246881 1 2115
246916 1 1939
248397 1 14321
248495 4 234
249740 25 228328
249869 1 95
251215 4 134
251603 1 17552
252315 2 1806
252494 1 1353
253018 49 331696
253832 31 463
255969 2 3851
256064 4 137
260451 18 544
260453 27 522
260454 2 431
260455 6 459
260456 17 354
260457 15 649
260458 8 332
260787 1 55438
263479 4 16989
268042 2 493
270049 1 343
271366 1 490
271369 4 801
271370 2 663
271371 2 745
271372 5 693
271374 9 699
271375 14 637
271376 8 299
271385 2 671
271388 4 555
271391 3 589
271422 1 443
271427 1 724
279511 1 570
279512 2 555
279514 4 583
279515 1 515
279516 1 476
279517 2 507
279518 1 425
279527 1 543
279528 2 529
279531 3 583
279532 1 579
279533 2 569
279534 2 518
291847 1 352
303087 3 181
303089 16 366
303090 17 394
304707 9 179
314425 2 181
317822 9 626
318071 1 40
320438 6 417
327118 3 172
327714 1 165
327784 4 76
329305 25 973
331789 5 320
331961 3 508
332364 3 312
334357 5 138
335990 8 468
339863 6 109
339867 1 47
344841 3 256
344950 2 293
345798 15 526
346665 4 119
346858 13 354
347605 4 247
349003 7 486
352342 3 39
354451 4 66
355727 1 33
358486 2 53
360563 1 161
361370 1 49
362876 9 118
362977 6 86
363774 2 551
364268 1 418
365274 1 257
366116 2 130
366273 3 257
367214 4 218
370758 1 35
371084 6 222
372243 7 187
372296 1 85
373563 1 192
374821 5 217
375163 15 539
375839 1 230
378727 5 198
381366 2 39
382134 6 273
383190 4 490
383660 1 122
385803 4 272
385829 1 75
386517 4 153
389589 2 299
391412 6 375
392281 4 857
393847 1 171
394649 2 311
395005 2 193
396436 2 139
397120 3 157
398637 2 164
398742 5 468
398809 1 388
398897 1 343
398939 13 385
399391 1 256
399411 2 834
400191 3 589
401494 3 96
401544 5 312
404561 4 56
408449 4 500
408705 1 232
408768 3 99
408772 1 140
409796 5 448
410013 4 180
410538 5 247
411256 5 287
411522 2 169
411795 7 172
412261 7 216
412682 1 631
412710 3 93
413644 7 241
413831 2 167
413905 2 162
415191 5 314
415403 3 462
416319 13 728
416521 2 463
416529 3 198
416638 7 340
416645 6 304
417143 1 187
419021 3 71
420180 6 316
423045 3 228
423637 11 1233
423762 7 151
424727 4 124
425332 6 433
425347 2 177
427407 2 141
427961 2 64
428385 2 179
429448 12 652
429644 3 132
429928 5 310
429967 6 265
429972 3 96
430142 1 251
433352 1 375
434630 3 174
434644 2 115
435214 14 299
437167 1 484
437523 3 77
437646 3 241
437787 3 201
438183 2 267
438953 6 141
439325 5 281
439327 6 309
441204 6 205
441262 1 190
442195 6 168
442199 7 231
442850 6 270
444407 8 310
444506 2 83
444798 1 495
446011 1 411
446310 4 549
446817 20 728
446818 9 358
446960 3 135
447222 3 140
447914 8 270
448383 4 166
449066 12 319
452851 4 788
453660 1 105
455242 1 239
455517 5 221
455715 1 108
457293 4 174
460522 1 82
461791 1 586
461840 3 65
461844 7 192
462266 1 229
462322 5 95
463220 4 294
464226 6 226
464384 10 228
464745 4 183
465639 9 269
466722 3 81
468376 7 503
469079 1 91
469247 5 211
469248 5 314
469354 8 276
469974 2 173
471189 6 179
473302 5 233
474139 7 468
474517 12 374
475618 2 57
475800 1 85
476154 1 101
476869 1 615
477225 3 78
477953 6 250
479102 5 265
480311 9 620
480568 2 296
481049 2 401
482010 3 674
482027 2 182
482146 3 311
482741 13 594
483188 2 138
483197 2 243
483517 20 778
483764 5 202
484810 10 230
484894 5 208
485084 9 159
485883 2 497
486697 2 142
486923 1 739
487395 2 170
487396 15 443
487662 5 259
487754 10 579
488580 5 160
491621 2 421
491952 6 549
493745 1 525
494542 2 187
494650 1 503
497337 1 126
497382 7 152
498505 2 212
498547 3 213
498770 4 240
498985 3 221
499490 1 238
499906 1 391
500326 15 683
501754 9 353
502239 5 509
502945 1 50
503515 11 531
506331 3 130
506502 18 758
506627 4 260
507469 3 379
507527 3 86
508403 2 255
508459 1 80
508462 1 274
508518 16 475
508914 34 493
509191 5 372
509506 1 125
509507 2 154
510264 8 103
510359 4 136
510477 6 114
510601 5 333
510652 1 260
510762 2 111
511024 5 86
511165 5 232
512764 1 617
513116 2 170
513486 3 95
513633 4 266
514790 4 332
514832 41 501
515402 5 439
516394 5 153
516466 2 66
516883 6 267
516993 3 171
517244 3 215
517809 7 348
518723 4 837
518804 6 237
519519 4 267
520247 1 565
520487 9 256
524926 1 33
2149 4 502
8692 1 294
11763 1 561
12209 4 260
12403 2 531
12575 2 104
13853 1 104
16653 1 311
19649 1 219
24211 1 437
25932 3 677
26040 13 486
28280 6 476
31506 1 347
32630 1 542
33371 1 373
33481 1 103
37930 2 103
39012 4 477
42677 1 252
43014 1 679
45406 4 441
49992 1 576
54737 1 339
55413 9 452
55859 1 294
56135 1 184
56349 1 750
66528 2 396
66811 1 350
67454 1 400
68772 2 232
69275 1 343
70528 1 87
72916 1 562
76721 4 357
76735 1 135
78784 1 309
85096 1 8981
85645 9 153229
85773 3 82661
86753 14 173871
89432 1 38895
90610 1 485
90783 187 22898
91560 4 526
91561 4 540
93918 7 2555
97059 175 9334
97380 2 2381
100459 2 714
100683 6 594
101223 8 347
101292 1 384
101720 1 142
101781 2 76
101856 1 524
101975 1 260
102000 2 147
102106 4 457
102224 1 535
102640 1 472
103349 2 1184
103829 1 859
104089 9 640
105639 1 536
105772 1 605
105836 4 556
106582 1 1158
106790 1 130
107113 1 557
107697 1 408
107710 1 627
108168 2 1156
108207 4 623
108384 1 125
108589 6 1011
108948 4 621
109750 1 597
110540 1 289
110983 3 209
110995 2 500
111765 4 106
111894 2 526
111976 3 127
112225 1 1092
112407 1 337
112472 1 389
112753 6 106
113550 1 1390
113570 4 556
114142 2 1705
114846 1 114
114934 1 523
114940 1 911
115734 1 343
115747 3 1600
115748 1 1316
116174 1 1417
116661 5 137
116868 3 81
118403 1 351
118756 1 527
119252 1 978
119783 4 602
121360 2 99
123199 5 149
123801 1 575
124736 3 193
125384 5 157
125617 1 503
126185 1 364
126595 1 860
128447 1 565
130218 1 290
131792 1 405
131907 1 816
132908 5 146
134366 1 501
135930 1 1033
137722 1 295
138250 1 1284
138948 5 296
139192 1 87
139281 1 527
139680 2 539
140173 1 463
140499 1 787
140969 6 176
141348 1 536
141816 2 121
141903 2 247
142240 2 866
142327 4 311
143285 4 380
143853 1 726
144437 6 172
145284 2 120
145692 1 1086
146333 5 174
146376 2 517
146400 2 993
147212 1 419
148354 3 339
148901 2 120
149288 3 377
149989 6 170
150843 1 670
150983 1 646
151656 1 443
152479 1 726
153154 6 176
153313 4 326
154342 1 520
155286 1 665
155545 4 363
155709 3 133
155765 4 1091
156186 1 554
156398 2 669
156900 5 165
157209 1 461
158227 4 696
160717 1 673
160796 6 169
160826 3 79
160991 1 680
160992 2 531
161696 1 615
163228 2 80
164307 2 264
164560 7 600
164683 6 189
164746 8 580
165713 1 503
166363 6 283
167093 1 629
167374 5 160
167384 4 94
168708 1 81
172363 1 1435
172694 1 354
175102 3 462
176962 1 193
178860 1 1910
214073 1 104
232420 1 238
235397 4 2137
240366 3 117963
249740 10 228328
252315 2 1806
253018 4 331696
260454 1 431
260787 6 55438
266636 4 302
270779 4 277
271372 1 693
279511 1 570
279512 3 555
279514 4 583
279515 1 515
279516 2 476
279517 2 507
279518 3 425
279527 1 543
279528 3 529
279531 4 583
279532 1 579
279533 2 569
279534 5 518
279970 1 233
295187 14 387
295706 1 236
307495 6 187
315904 1 38
317822 1 626
327118 1 172
327180 1 162
329305 8 973
332031 3 190
332364 1 312
334357 1 138
335990 1 468
345798 1 526
346665 1 119
363384 1 64
367214 1 218
372243 2 187
376699 2 115
378682 13 493
382134 1 273
383190 2 490
384831 15 406
388545 7 294
391412 2 375
392281 1 857
394136 1 163
396436 1 139
399012 8 297
399411 1 834
400191 1 589
408449 1 500
410769 3 3872
416319 1 728
423021 10 447
424727 1 124
425332 1 433
425347 1 177
425354 9 423
427407 1 141
435214 1 299
437646 1 241
441262 1 190
444798 3 495
446310 1 549
446817 2 728
448054 12 597
450980 5 153
452167 18 689
452851 2 788
453660 1 105
455242 1 239
455715 1 108
456751 2 579
460522 1 82
461844 1 192
462050 1 276
462266 1 229
462322 1 95
464384 1 228
468376 2 503
469095 2 3148
469247 1 211
469248 1 314
472307 1 250
474954 11 348
478398 1 178
480311 1 620
480568 1 296
481049 2 401
483517 1 778
485883 1 497
486923 5 739
487423 6 187
488580 1 160
492369 3 89
494650 2 503
494919 1 209
501817 4 315
502239 2 509
503322 12 446
507469 2 379
509506 1 125
510652 2 260
513116 1 170
513518 16 604
515402 3 439
518723 1 837
520247 1 565
521408 1 581
