2018 1 368
4101 1 349
4345 3 394
11173 1 121
14575 1 249
23357 2 544
23876 1 403
29493 1 317
29988 1 221
35617 2 353
53951 1 459
66831 2 211
75768 1 181
78079 1 217
78129 1 320
78282 1 368
81760 1 1951
85368 16 74892
85645 43 153229
96027 12 30491
98421 1 7855
100623 1 733
104320 1 1328
107711 1 281
108689 1 509
110182 1 564
112677 1 481
114280 2 1589
114743 6 1846
116169 1 525
116287 1 651
117870 1 440
118368 4 1208
119698 1 5402
119806 2 502
121281 1 779
121627 1 2118
121847 1 1214
122481 1 1302
122692 1 1739
122720 1 864
122741 9 489
122985 1 982
123824 3 75
124509 2 468
124937 1 411
124972 3 289
126929 1 561
126962 3 1116
127046 1 334
127753 2 596
128176 1 500
128197 1 1278
129547 1 718
130067 1 338
130097 2 211
132402 2 2389
132711 2 48
133946 4 802
135515 1 644
135663 6 327
135803 1 672
136584 1 431
136962 1 784
139179 1 223
141285 2 209
141686 1 450
143853 1 726
144831 2 713
146696 1 451
146898 2 453
151787 1 419
152730 1 435
155201 5 899
155435 1 664
157576 1 666
158146 1 626
158671 1 196
159393 1 561
159679 1 462
160304 2 518
160646 1 634
160744 1 479
161116 1 469
161293 1 577
162426 1 1685
162711 1 458
163929 1 825
164756 1 89
165062 1 159
165366 1 348
165644 1 529
165926 1 1835
167529 1 492
167593 1 2703
167729 1 475
168757 1 358
168951 1 459
169032 1 808
169620 1 655
170006 1 689
170509 1 785
171163 1 192
172444 1 391
173691 1 838
189018 1 84
197101 1 131
231392 3 223
232860 1 444
234287 1 201
235591 1 226
238070 1 1320
240125 2 504
240938 1 191
241273 1 454
242868 16 16984
242953 1 9072
243227 5 4804
243248 11 97794
243328 20 30540
243568 3 51992
243633 1 3548
243696 2 15292
243698 3 29409
243738 4 4338
243742 2 52641
243779 1 667
244000 1 5203
244400 2 18019
244515 9 137580
244998 2 56078
245013 1 4963
245029 3 93035
245124 1 6530
245126 3 10341
245284 5 11872
245646 1 2928
245885 2 6023
245923 3 9815
246003 3 79294
246220 8 47306
247079 2 4323
247361 1 6141
247406 3 42749
247469 1 160821
247470 3 581
247516 2 17927
247550 1 255154
247747 1 7689
247826 4 14203
248102 3 14517
248335 2 39898
248610 7 211360
249892 1 412
250073 4 19941
251143 1 13145
251525 6 18764
251602 2 12934
252154 6 29717
252474 42 81579
252554 2 13441
253067 11 104143
253354 3 57179
253462 1 48129
253557 4 37233
253593 120 171848
253661 10 22094
254108 82 174176
254569 3 12506
255144 7 25727
255289 12 51128
255609 1 22114
255634 3 29071
255830 9 84137
256155 6 22080
256286 1 24252
257345 3 89736
257470 1 6033
257474 3 8990
257808 2 6540
258145 2 25755
258559 3 52150
258640 2 9081
258646 1 9166
258844 1 16991
320637 1 37
339873 1 298
341266 1 376
350724 1 371
354021 1 39
355170 1 645
365118 1 28
369963 1 480
382805 1 308
383214 1 368
390800 1 228
403229 2 338
404300 1 580
455943 1 112
455947 1 295
461061 1 509
464119 1 192
482508 1 257
487905 1 279
490425 1 126
511782 1 1248
519325 1 248
1139 4 157
1467 1 312
1929 1 293
2018 4 368
2488 3 175
2804 4 313
3989 2 256
4120 1 433
4292 5 295
4297 2 143
4320 4 321
4380 3 156
4971 1 495
5017 5 127
5594 1 165
5973 9 233
6120 7 454
8697 8 427
8799 4 244
8827 7 428
8853 1 236
8857 10 355
8878 6 169
9035 3 184
9262 8 422
9584 1 339
10446 6 96
10589 7 158
10796 4 233
12207 1 207
12287 1 354
12433 3 388
12477 1 520
13105 2 418
13431 7 150
13755 1 195
13900 1 360
14050 4 226
14304 4 347
14891 6 180
15082 5 469
16442 3 165
17365 9 490
17397 14 569
17398 2 365
17400 3 384
17401 5 381
17486 9 409
17648 4 267
18063 4 392
19080 4 428
19168 3 107
19475 6 337
19589 7 406
19717 8 378
19891 5 320
20159 2 347
20219 5 300
20319 7 326
20644 6 400
20866 7 302
20915 8 319
20983 3 82
21020 7 525
21022 10 301
21062 4 304
21145 2 191
21146 1 442
21275 6 498
21282 4 218
21300 3 298
21319 7 547
21379 11 406
21415 1 357
21435 9 454
21476 1 172
21589 3 287
21667 2 194
22917 2 469
24578 14 359
24788 12 359
26781 1 166
27877 8 689
28198 8 447
28357 8 271
28413 5 466
28444 2 563
29677 3 286
29752 2 260
29877 1 239
29988 1 221
30407 3 415
31516 8 193
32020 6 261
32976 1 252
34437 13 265
34689 4 310
36743 2 172
37211 1 346
37758 4 110
38678 2 371
38776 5 334
39398 3 161
39499 4 226
40847 1 361
41272 1 166
43146 1 177
43550 1 382
44093 2 661
44283 3 373
44355 2 415
44376 3 308
44500 2 304
46984 7 228
47043 15 256
47044 1 313
47233 4 546
48430 2 201
48541 1 165
48750 3 181
48772 4 535
50473 9 430
51614 1 431
51715 1 113
53951 1 459
56308 17 303
58974 3 277
60967 3 139
61566 6 244
61716 6 330
63231 1 281
64784 1 278
66452 5 164
66557 8 182
66562 2 339
66653 1 344
66762 2 447
67212 5 182
67334 5 154
67718 2 388
69061 1 120
69217 5 707
69467 2 498
70567 1 311
71244 4 333
72464 7 248
72630 3 99
72708 3 475
72777 5 204
72898 4 531
72974 17 527
73267 1 316
73651 3 229
73729 8 409
74041 1 226
75034 5 275
75699 1 390
75850 1 516
76689 5 345
76761 2 476
78079 5 217
78129 4 320
78282 5 368
80604 76 3959
80950 8 4789
81363 20 1090
81760 65 1951
81761 142 3270
82517 10 370
85219 4 675
85227 11 427
85368 1 74892
85401 62 2181
85645 6 153229
86058 1 26
86059 14 698
86837 3 797
88487 9 232
88573 53 7183
89300 28 1438
90165 16 16581
90309 71 5391
90310 12 1529
90521 275 7390
90779 24 1081
92426 18 1268
92427 32 1853
93264 60 11716
93654 30 102204
94224 47 892
94891 234 6390
95511 10 397
95549 101 2023
95559 1 45
95560 175 26520
95674 4 516
96027 6 30491
96037 16 46291
96043 55 7732
96051 11 78869
96136 25 20896
96310 202 9222
96560 58 5764
96688 97 7186
98021 53 2628
98421 1 7855
100028 1 391
100040 1 1149
101490 2 788
101593 1 409
101957 1 389
101980 1 99
103055 1 563
103332 1 872
104242 1 606
104428 2 458
104920 1 1519
105503 1 662
105745 1 629
106558 1 650
106698 1 738
106781 1 483
106961 1 534
108707 3 1661
109350 2 892
109677 1 995
109990 1 615
110690 1 1505
111459 1 471
111546 1 645
111760 1 704
112357 1 108
112677 2 481
113986 4 134
114692 1 48
115279 1 959
115341 1 523
115348 1 1508
115582 1 480
116287 3 651
117327 10 672
118100 1 1309
118868 1 359
119158 1 1537
119328 1 175
119698 1 5402
119858 1 347
120625 1 262
120887 1 535
122347 1 715
122833 1 134
123339 1 612
123398 1 638
123634 2 521
123931 2 566
124625 3 849
124945 2 505
124985 1 582
125614 1 2113
125882 2 156
126962 1 1116
127409 1 643
127425 1 452
127743 2 1064
129092 1 621
130980 1 419
131395 1 759
131763 1 560
132127 3 630
132433 2 36
132969 1 620
133247 1 679
133429 2 146
134278 1 554
136483 2 306
137724 1 676
137913 4 508
138260 1 1009
138540 1 231
138990 1 98
139838 1 422
140446 1 245
141383 1 634
141827 3 197
143309 1 506
143640 1 1392
143707 1 807
144104 1 726
144273 2 492
144312 1 704
145113 1 194
145302 1 131
146481 1 1638
147877 1 621
148187 1 643
148205 1 712
148508 1 482
148547 1 765
148706 3 681
148755 1 1971
149011 1 726
149154 1 2134
149731 1 1116
149836 1 639
150488 3 492
150653 1 553
151091 1 562
151164 1 1154
152280 2 1316
152746 1 42
153062 1 381
153280 1 653
153382 3 1897
154780 1 188
155130 1 569
155519 1 538
156178 2 583
156789 1 546
157047 1 791
157269 2 613
157985 3 687
158124 1 378
158245 1 91
158545 4 942
159187 2 545
160117 2 802
160304 1 518
160399 1 1925
160553 1 109
160641 1 730
160863 1 561
161693 2 890
162240 1 432
162426 1 1685
162735 3 506
163109 1 464
163715 1 1179
163802 1 508
164006 2 1049
164475 1 413
164555 1 817
165482 1 678
166688 1 1013
166834 1 527
167035 1 691
168975 2 169
169032 2 808
169426 3 864
169984 1 444
170086 1 1030
170707 2 842
173189 3 705
174261 1 201
180958 1 79
189061 4 128
193364 3 94
200228 5 140
203956 1 154
220083 8 304
228222 4 244
231346 1 397
231392 2 223
231547 1 353
232077 3 417
232318 1 412
232471 4 641
232860 6 444
233080 1 527
233373 2 379
234287 1 201
234971 4 1228
235113 11 629
235481 4 493
235579 1 212
235581 19 515
235591 2 226
235659 3 548
235701 26 463
236377 2 129
236578 1 1118
236794 1 775
237347 1 249
237529 6 619
237785 9 705
237843 4 561
238070 15 1320
238373 73 1230
239348 7 596
239711 17 1412
239837 1 1904
239881 4 172
240125 2 504
240366 22 117963
240616 1 408
240765 7 192
241273 2 454
242092 2 227
242868 32 16984
243025 27 6855
243227 9 4804
243248 158 97794
243254 1 114
243328 24 30540
243568 2 51992
243633 18 3548
243696 7 15292
243698 1 29409
243743 1 32782
243744 1 19522
243779 3 667
244000 16 5203
244400 11 18019
244476 13 10332
244692 19 1230
244740 74 33732
244846 4 32902
245013 6 4963
245029 4 93035
245124 1 6530
245126 15 10341
245159 2 136
245213 8 93
245284 5 11872
245346 1 21516
245432 4 103
245458 5 5144
245637 90 3806
245646 3 2928
245885 1 6023
245923 5 9815
245983 1 7860
246003 1 79294
246220 55 47306
246695 17 65027
247040 2 119
247176 19 2591
247221 1 5595
247361 24 6141
247406 114 42749
247469 2 160821
247470 28 581
247484 1 598
247516 2 17927
247550 36 255154
247748 4 3082
247959 2 131
247974 1 15560
248102 2 14517
248280 3 11681
248335 135 39898
248604 2 780
248610 4 211360
248647 2 110
248809 6 45708
249425 2 100
249454 2 8293
249562 1 115
249740 10 228328
249892 2 412
249926 4 123
249936 2 121
249966 49 18920
250073 118 19941
250236 1 16448
250531 2 9308
250594 1 76
250838 27 9304
251143 12 13145
251525 1 18764
251770 34 3376
252078 7 282
252154 2 29717
252554 1 13441
252575 2 2102
252844 4 448
253018 102 331696
253067 158 104143
253102 2 102
253171 6 1236
253259 12 26507
253297 17 588
253354 9 57179
253557 7 37233
253661 3 22094
253715 5 115
253795 9 27039
254538 3 126
254569 10 12506
254713 8 122
254930 64 6349
255289 46 51128
255452 1 103
255453 7 143
255609 36 22114
255630 5 4011
255634 15 29071
255723 1 295
255817 4 142
255822 7 147
255830 12 84137
256154 1 2661
256155 14 22080
256286 7 24252
256294 5 300
256391 4 262
256449 33 995
256464 2 1195
256839 2 156
257049 11 26471
257321 3 4107
257345 4 89736
257371 5 425
257375 6 440
257470 13 6033
257474 11 8990
257634 3 418
257808 2 6540
257890 4 1583
257903 6 696
257977 1 878
258145 24 25755
258297 5 1163
258368 19 630
258418 4 25774
258559 140 52150
258640 2 9081
258646 6 9166
258844 66 16991
258846 19 18003
258849 8 711
259128 1 9702
259693 6 461
259708 4 575
259709 5 562
259710 5 204
259716 3 459
259720 1 344
260107 7 223
260165 8 201
260166 26 507
260167 16 673
260168 9 479
260169 27 591
260170 21 405
260171 41 540
260172 26 560
260371 5 489
260378 15 600
260380 10 374
260383 15 360
260385 7 472
260391 9 517
261375 5 510
264082 10 168
272520 5 323
272522 13 379
272523 12 397
274752 14 486
277428 5 268
278104 11 621
278865 10 247
278866 32 492
278868 17 555
278869 4 192
278870 22 480
278871 28 513
278872 16 293
278873 36 431
278874 14 406
279780 3 335
281975 11 649
281981 13 467
282065 13 485
288036 1 541
291206 15 397
291207 8 399
291208 12 413
291209 12 280
292165 5 483
293079 6 301
293080 4 393
293081 9 489
293082 3 352
293083 2 431
293086 3 448
293087 5 352
294273 1 390
294314 2 485
294322 2 500
295622 7 190
301210 1 489
301279 14 428
301280 6 363
301281 8 300
301283 8 214
301742 10 274
301747 7 246
302176 13 365
302177 16 387
302178 3 186
303790 3 61
306783 2 11472
308180 7 279
308661 6 436
308864 1 390
308865 2 367
310559 1 427
310575 9 622
310577 7 424
310580 4 446
310581 3 352
310584 12 540
310585 13 472
310586 8 331
318696 1 788
328110 1 152
354021 1 39
390800 1 228
392089 1 53
409245 2 256
417767 1 224
418156 2 53
428722 1 172
462341 1 894
468050 1 525
479252 1 137
482773 2 181
488042 1 85
492577 1 229
519129 1 644
519993 2 640
404 1 413
537 1 448
3064 1 414
4101 1 349
4108 2 433
4200 2 416
4338 4 360
4345 1 394
4960 3 91
4971 2 495
5272 2 308
7177 5 393
7525 1 237
7575 6 187
7805 1 287
9035 1 184
9051 6 211
10446 1 96
10589 1 158
11354 1 165
12477 1 520
13402 3 88
13698 1 122
14304 1 347
14312 2 299
14357 2 281
14552 1 191
14575 2 249
14831 3 160
16442 1 165
18210 1 281
18932 1 192
19571 3 447
19826 2 105
20319 1 326
20488 2 409
20754 1 218
20866 1 302
21062 1 304
21746 4 180
22625 4 333
23351 6 300
23357 1 544
23513 1 403
24249 2 215
25152 1 195
25660 2 396
25769 4 370
26636 3 82
28217 2 318
29661 1 169
29677 1 286
30407 3 415
30921 2 261
31076 2 189
33310 6 131
34341 1 97
34359 3 320
35564 3 125
35691 5 84
35980 5 172
36111 6 212
36743 3 172
36746 2 102
37210 1 95
37211 1 346
39398 1 161
39499 2 226
40847 1 361
41201 7 453
42967 1 254
44093 1 661
44283 3 373
44500 2 304
45472 2 354
46234 1 232
48737 1 140
48759 4 82
49932 2 221
50473 1 430
50945 5 284
51700 1 394
52779 2 248
54708 2 130
54979 6 117
56276 5 267
58974 1 277
59884 1 120
60666 2 72
60889 2 167
60967 2 139
61566 2 244
63014 1 136
64365 3 197
64386 3 465
64526 2 256
64784 2 278
65688 1 301
66347 3 454
66562 2 339
66653 2 344
66762 1 447
68728 3 146
70567 2 311
71352 1 397
71929 1 182
74933 1 290
75034 2 275
77311 2 558
77956 8 360
78010 1 113
78755 4 80
78830 1 588
78949 5 114
80950 3 4789
85219 2 675
85645 9 153229
92128 14 886
95674 2 516
101633 1 897
102413 2 1316
105336 1 378
106279 3 511
106937 6 1252
108364 2 804
109000 2 432
109042 1 548
109826 2 1045
110494 1 540
113697 5 516
114934 2 523
115405 2 463
115589 1 938
115758 1 873
116436 1 318
116626 2 1461
117458 1 1087
118640 1 579
119666 1 520
119698 1 5402
119801 1 307
119885 1 432
120014 1 526
120605 1 469
121172 1 712
121243 1 136
121281 13 779
121855 1 269
121985 1 92
122347 1 715
123504 3 667
123674 1 101
123950 1 571
123991 1 479
125314 3 63
125614 1 2113
126650 1 111
128242 1 406
130338 3 1422
130371 1 137
130968 1 103
132108 1 860
132204 1 1020
134366 2 501
135515 3 644
135619 2 415
138140 1 859
140446 1 245
140721 4 751
141121 1 364
141444 1 209
142075 1 509
143865 1 735
143988 1 335
144114 1 395
144411 1 786
144628 1 1328
144866 4 650
145987 2 1369
146201 1 699
146238 2 1076
146509 1 502
147246 1 1005
147526 1 617
147582 2 1384
147877 1 621
148205 1 712
148534 2 661
148706 1 681
148964 7 672
150645 4 593
151826 1 877
151893 1 459
153251 2 541
154131 1 512
155036 1 807
155925 6 545
157065 1 484
157397 5 499
157576 1 666
157608 6 592
158080 1 609
159152 2 619
159816 4 577
159855 1 500
161002 2 473
161648 1 222
162969 1 966
163245 1 678
163643 1 617
164723 1 529
164910 1 223
165156 1 642
168412 1 564
168975 3 169
169442 1 328
169684 4 626
170006 1 689
170453 1 640
170488 1 506
172422 1 2130
173978 1 1231
174492 1 104
207110 11 390
207299 3 90
218722 1 1721
231346 1 397
231547 1 353
232471 1 641
235481 1 493
235659 4 548
236377 1 129
236794 1 775
237529 1 619
237843 1 561
238373 5 1230
239837 5 1904
240616 1 408
241317 1 331
243227 7 4804
243248 15 97794
243633 10 3548
244846 1 32902
245013 2 4963
245126 2 10341
245159 6 136
245284 1 11872
245458 4 5144
245637 4 3806
247406 1 42749
247470 16 581
247484 1 598
247516 6 17927
247747 3 7689
248604 1 780
249454 2 8293
250073 7 19941
250531 4 9308
251143 1 13145
251602 1 12934
251770 2 3376
252078 3 282
252554 1 13441
253067 15 104143
253171 1 1236
253259 7 26507
253462 1 48129
254108 1 174176
254330 5 2822
254569 14 12506
255289 1 51128
255634 1 29071
255723 1 295
256449 2 995
256464 1 1195
257321 4 4107
257345 1 89736
257808 1 6540
257977 1 878
258145 6 25755
258559 17 52150
258846 2 18003
259128 6 9702
288036 1 541
301210 1 489
303208 2 928
308865 1 367
314777 1 31
315246 1 36
318419 1 37
318696 1 788
322228 1 29
322234 1 27
330856 2 38
330874 2 37
341320 1 354
342713 2 113
353666 6 210
359576 1 37
361529 1 96
363856 1 35
365118 1 28
367053 1 592
368978 1 34
370755 1 44
372327 5 235
374286 1 34
374295 3 180
376507 1 37
378627 2 50
383974 2 41
390800 1 228
391005 1 153
391044 1 53
398259 1 55
398316 4 578
399411 1 834
403638 4 381
403639 1 238
404049 2 104
408959 1 45
412232 3 113
415532 3 355
417147 1 68
417274 2 604
417767 1 224
418156 1 53
423885 3 882
425776 1 124
428722 3 172
429864 2 62
430111 1 46
430318 1 200
435214 6 299
436508 4 134
439932 1 43
445968 1 46
447294 3 113
447761 1 335
454592 1 1324
455943 2 112
455947 3 295
461844 4 192
462341 3 894
464384 7 228
466107 3 130
467749 1 45
473157 5 368
473775 1 121
479706 1 393
489541 1 117
490659 2 140
491315 1 386
492577 1 229
492688 3 117
493582 1 169
494236 2 245
495347 4 148
497611 1 136
501442 1 47
507814 2 60
508956 7 447
509285 1 365
509506 3 125
509651 1 42
512716 1 66
518904 1 44
520182 1 45
520379 1 41
