182 1 230
1122 2 183
1612 9 216
2326 2 81
2667 9 200
3053 4 363
4053 5 263
4828 7 206
4960 3 91
5901 12 214
5927 1 317
6718 22 634
7346 7 257
7772 3 360
7806 1 445
7866 3 406
7955 1 444
9510 1 151
11386 2 398
11583 1 93
12096 2 244
12857 3 211
13124 6 206
13738 1 401
14453 1 284
15064 14 370
15548 15 342
15663 12 221
15841 6 185
16312 13 141
16508 6 136
16666 5 137
17670 5 159
18338 11 397
18404 1 681
18964 14 526
19085 1 276
19205 20 422
19295 13 304
19318 6 688
19544 17 404
19577 6 101
19733 9 271
19810 10 367
19823 8 123
21068 7 214
22693 5 361
22698 5 726
22809 7 308
22997 5 250
23077 2 469
23480 10 294
24739 3 256
24831 4 418
25365 13 254
25995 8 264
26082 11 241
26161 11 340
26162 11 343
26376 13 366
26860 1 475
27043 10 259
27538 2 569
28346 12 273
28542 6 103
28629 3 470
29725 17 517
29807 15 533
29835 1 265
30957 1 533
31546 1 520
31850 1 354
31991 4 103
32169 8 352
32382 14 406
32402 2 415
32665 2 478
32799 3 353
32878 2 515
33872 5 412
33989 3 279
34019 8 244
34432 1 393
34626 3 384
34859 1 543
35380 2 250
35733 4 82
36418 5 344
36593 3 232
36939 8 136
37022 1 265
37717 6 299
38118 1 586
39313 2 350
40506 2 166
40659 4 97
40751 4 109
40961 3 240
41022 3 214
41271 1 630
41624 1 320
41709 1 519
41767 1 382
41815 1 356
41937 2 228
42572 5 134
43092 7 170
43491 3 275
43539 2 350
43933 4 194
43982 7 380
44476 7 367
45729 1 486
46206 15 290
46214 14 441
46370 11 430
46373 2 326
46775 1 389
47352 4 356
47554 3 104
47782 4 109
48525 8 154
48969 4 250
49837 4 258
49850 1 372
50064 1 471
50082 2 435
50156 2 518
50219 1 656
50290 1 313
50989 1 372
51133 7 182
51462 1 485
52110 1 110
52291 4 455
52348 4 61
52397 9 451
52496 2 415
52784 1 547
53063 3 511
53122 1 572
53181 3 475
53513 7 150
53717 4 540
53862 4 162
53946 7 479
54044 4 281
54180 2 217
54716 8 331
54787 4 948
54858 11 416
54878 16 513
54983 1 603
55146 3 198
55223 8 536
55250 8 196
55306 1 768
55391 3 212
55420 1 575
55576 2 295
55890 8 234
55924 8 154
56037 3 286
56091 7 591
57186 5 302
57361 5 316
57528 2 309
57597 2 347
57732 4 297
57812 7 316
58032 6 234
58462 5 265
58914 1 195
59253 1 421
59351 4 97
59535 7 265
59693 20 601
60141 9 263
60903 3 390
60986 10 424
61351 3 181
61677 1 585
61782 3 97
62033 1 426
62057 8 396
63352 4 120
64693 3 426
65048 1 499
66750 9 320
66773 1 536
67125 24 460
67128 3 624
67269 2 429
67352 1 506
67414 10 166
67466 1 538
67480 6 152
67498 3 531
67688 2 566
67703 8 241
67793 7 215
67820 13 356
67934 3 98
67972 2 827
68072 3 813
68229 3 755
68468 4 68
68656 1 526
69992 1 398
70908 4 246
71217 1 441
72349 1 608
72686 8 263
72760 7 204
74166 16 304
75579 1 482
75899 5 369
76407 5 147
76690 7 185
79846 5 136
82648 1 18160
85645 2 153229
85773 6 82661
86753 9 173871
93745 1 2624
96136 2 20896
98030 1 401
99786 7 246
99798 1 98
99890 1 1479
100294 3 438
100374 1 209
100886 2 243
101133 1 137
101515 1 348
101642 1 38
102076 14 500
102402 18 1501
104531 1 1513
104889 3 143
105717 1 796
105745 1 629
105813 2 464
105935 12 424
106331 1 484
106356 7 378
106382 9 293
106592 1 714
106637 1 1782
106961 2 534
107479 1 876
107654 1 115
107680 2 800
107957 1 304
108071 1 339
108240 2 818
108397 1 835
108464 7 225
109341 1 160
109894 1 1086
109946 1 477
110047 1 467
110058 2 372
110421 1 477
110652 2 72
111256 1 521
111631 1 606
111669 1 492
111741 1 668
111857 1 1699
112671 1 586
113003 2 627
113501 1 470
113866 1 258
114051 1 46
114142 1 1705
114673 2 94
115054 2 767
115353 1 753
116050 5 513
116425 1 546
116626 2 1461
116824 1 469
117030 2 476
118222 1 466
118368 1 1208
118457 1 458
118640 1 579
119305 18 526
119810 3 719
119982 1 1270
120086 1 454
121810 1 508
121852 1 974
121952 8 375
122090 1 648
122512 12 413
122692 3 1739
122853 3 1260
123168 1 474
123228 1 458
123496 2 268
123939 2 719
124315 3 1355
124481 1 343
124819 1 1097
125508 23 665
125771 3 944
125996 13 481
126347 1 246
127707 3 319
127763 2 443
128381 3 96
128643 3 712
128702 1 501
128781 2 487
129057 2 593
129434 8 3012
129439 3 1341
129440 5 459
129593 1 1035
129966 1 558
130017 1 473
130114 1 417
130324 3 598
130456 1 535
130468 2 288
130553 1 525
130904 8 469
130909 15 1286
131439 1 343
131647 1 433
131681 2 144
132136 2 639
132357 1 142
132377 19 440
132423 2 785
132538 1 694
132672 1 507
132924 5 774
133392 2 541
133544 1 184
133563 3 878
134117 2 1307
134246 2 503
134472 2 1469
134688 16 709
134762 3 229
134896 2 734
134986 2 516
135018 2 467
135542 2 174
135698 2 559
135917 1 128
135995 8 411
136887 11 265
136963 2 576
137844 1 716
138092 1 677
138251 1 596
138983 1 595
139806 2 111
140059 2 83
140338 1 526
140479 3 484
140857 2 193
140949 6 779
141211 1 436
141221 1 321
141370 6 419
142030 1 48
142265 4 425
142292 2 1627
142756 3 152
143238 3 176
143834 2 792
144273 3 492
144390 2 121
144541 8 339
144583 3 508
144738 1 534
144795 1 1064
145106 1 646
145329 1 549
146013 3 866
146046 1 1255
146373 5 721
146557 1 220
146747 5 1340
147813 3 1044
148205 1 712
148680 1 759
148681 1 433
148834 2 435
148895 1 1577
149154 1 2134
149289 1 810
149573 1 220
149738 10 801
149986 4 258
152113 1 834
152584 1 518
152713 1 221
152812 1 174
153130 3 776
154423 2 181
154707 2 113
154885 3 326
155745 10 283
155765 1 1091
155851 2 508
155966 1 206
156024 3 688
156286 1 920
156335 1 273
156698 2 664
156777 3 331
157877 1 197
157910 2 308
158514 4 115
158778 1 314
159193 1 1603
159846 1 112
159929 11 499
159977 1 663
160241 1 534
160526 1 513
160654 1 419
160816 2 360
161238 5 230
161326 4 793
161480 1 491
161516 16 381
161806 1 385
162247 17 615
162969 2 966
164025 1 199
164475 4 413
165407 2 442
165425 9 551
165456 1 653
165475 3 668
167399 4 237
168716 11 453
168838 51 1704
168965 1 1129
169033 1 565
169111 9 416
169152 1 141
169169 14 318
169486 1 1190
171008 2 432
171041 1 504
171561 12 1083
171573 1 508
171933 5 337
172364 1 702
172477 1 124
173265 6 615
173796 6 239
208602 1 514
208618 1 488
211137 3 2886
211417 1 141
221345 12 494
223471 1 493
231291 32 1268
231754 1 226
232490 4 643
232512 2 272
232714 2 239
232754 6 185
233028 4 395
233093 43 536
233196 1 1397
233399 5 489
233426 3 227
233471 7 1078
233937 4 523
234785 3 238
234859 2 346
234868 1 685
235118 19 418
235260 7 563
235317 4 267
235462 6 380
235491 10 343
235511 12 409
235556 1 396
235609 9 298
235646 7 270
235775 1 1518
236011 1 201
236018 10 438
236180 7 181
236720 1 492
236874 19 533
236933 1 934
237325 6 244
237398 15 267
237404 13 223
238102 8 501
238764 1 471
239792 20 347
239970 2 382
240197 2 2723
240346 9 428
240972 5 675
241052 7 532
241070 46 785
241380 22 830
241686 7 217
241904 5 224
241917 2 288
242531 6 644
242601 4 133
242839 2 98
242856 60 3371
242858 5 2655
242868 12 16984
243021 1 14242
243196 9 13700
243248 60 97794
243277 5 199
243285 24 382
243298 1 123
243327 13 8333
243328 75 30540
243636 12 73383
243797 4 11892
243935 5 242
243998 7 336
244000 1 5203
244143 4 199
244526 5 1956
244572 15 160
244731 8 216
244744 23 3393
244865 1 14342
244929 3 159
245135 1 4732
245284 10 11872
245434 7 134
245458 7 5144
245459 2 173
245568 6 139
245614 2 142
245626 2 135
245797 5 121
245808 3 992
245811 7 3986
245863 6 162
245886 2 3984
245888 2 3351
245923 1 9815
246220 4 47306
246350 6 3664
246428 8 343
246665 13 147
246761 50 3964
247473 5 5709
247506 3 158
248064 3 129
248503 14 3127
248539 4 138
248730 9 151
249151 1 38079
249181 1 9111
249495 6 208
249570 31 33965
249982 84 2021
250088 5 257
250102 5 88
250134 1 137
250247 4 114
250248 9 133
250276 18 948
250684 2 159
250869 3 106
250887 1 136
250890 3 106
250893 572 42856
250914 12 603
251017 1 146
251120 2 121
251320 15 742
251439 5 167
252480 3 515
252607 5 132
253067 60 104143
253505 11 457
253554 50 8382
253557 498 37233
253579 3 138
253588 12 13837
253630 2 136
253639 3 177
253655 1 127
253661 52 22094
253671 7 1113
253805 14 293
254039 1 138
254042 5 197
254108 15 174176
254113 5 88
254169 4 1051
254171 2 3156
254437 6 181
254463 31 799
254540 1 179
254569 10 12506
254617 29 2120
254618 5 749
254736 3 123
255188 4 128
255265 6 118
255289 9 51128
255306 30 445
256120 4 222
256147 1 464
256154 2 2661
256282 1 10491
256335 2 140
256700 3 1267
256708 2 468
256717 12 2482
256932 4 88
257411 27 1085
257474 3 8990
257758 3 1758
257802 2 168
257932 3 159
257948 5 142
258211 2 108
258243 5 413
258559 16 52150
258774 3 98
258824 1 178
258844 2 16991
258873 4 108
259053 33 29094
259057 3 3684
264852 1 338
264854 1 287
276500 2 584
281696 2 434
281710 2 414
281717 14 505
281721 2 369
281728 3 342
289165 1 422
293077 4 386
295943 2 29903
298247 6 307
314750 1 485
317588 6 113
326035 2 34
335184 6 246
341856 3 59
346789 2 262
356460 9 448
359856 15 231
368932 1 138
383408 1 461
385647 1 105
386203 1 172
389781 1 431
390279 1 295
392071 6 309
399896 1 669
401363 6 293
401783 1 338
402962 4 127
414903 2 290
415527 1 124
418227 2 708
422851 1 684
424465 2 57
425659 5 275
427868 4 545
430056 1 228
430970 1 169
431692 1 45
432557 4 178
432951 2 230
436781 3 357
438860 29 748
439540 3 213
440097 2 309
440512 9 261
440739 3 234
442790 1 242
443515 7 236
444266 3 310
444562 2 166
447115 1 128
453390 15 359
457251 2 1245
463798 6 704
464380 2 704
464682 1 321
464903 1 493
468077 1 54
468946 9 259
469274 1 1543
473384 3 60
476870 19 428
478218 3 241
479956 8 571
480375 6 267
480380 5 255
480964 5 200
481124 3 109
481604 1 232
482501 2 69
483338 1 117
485082 3 217
485569 1 258
486527 1 164
489310 2 48
493943 1 312
494146 3 331
494703 2 286
495146 3 288
495354 5 355
495366 1 74
495513 2 420
495535 3 239
497854 3 57
498431 1 263
498693 1 265
498887 1 167
505372 3 439
505418 1 393
508967 7 107
515301 1 397
515502 19 427
516579 4 564
517619 4 465
518480 2 526
520160 6 132
521250 2 107
524 1 335
662 1 215
856 3 490
1059 4 332
1122 1 183
1697 10 378
1847 1 335
2326 1 81
2584 3 472
2716 1 186
4828 2 206
4909 2 256
4960 1 91
6718 10 634
7535 1 456
7772 1 360
7866 1 406
9510 1 151
10638 1 336
10829 1 577
11386 1 398
12096 2 244
13124 5 206
13591 1 241
14004 1 122
14084 1 499
14352 2 242
14453 1 284
15064 5 370
15548 7 342
15663 1 221
15972 1 357
16666 1 137
16675 1 346
16920 1 229
17007 3 292
17310 1 314
18030 1 256
18143 2 252
18237 1 228
18338 7 397
18404 1 681
18569 1 212
18964 3 526
19085 1 276
19205 4 422
19295 3 304
19318 4 688
19544 1 404
19584 6 443
19733 2 271
19810 2 367
20331 2 440
20709 2 321
20880 2 362
22118 1 445
22362 1 210
22693 3 361
22698 3 726
22809 2 308
23077 2 469
23480 1 294
24084 8 419
24739 1 256
24831 3 418
25995 2 264
26082 4 241
26161 2 340
26162 2 343
26376 1 366
26447 2 347
26758 4 363
26860 1 475
27031 2 386
27238 1 306
27538 5 569
28346 4 273
28370 3 379
28542 3 103
28629 1 470
29725 10 517
29807 10 533
29835 1 265
30921 1 261
30957 1 533
31546 1 520
31809 3 447
31850 1 354
31988 4 377
32169 2 352
32382 2 406
32402 1 415
32665 2 478
32799 3 353
32878 2 515
33686 1 151
33872 2 412
33953 1 540
33989 1 279
34019 2 244
34432 3 393
34477 1 288
34626 1 384
34706 3 183
34859 2 543
35380 1 250
35733 1 82
36418 2 344
36593 3 232
37022 1 265
37717 1 299
38118 1 586
39313 2 350
40506 1 166
40751 4 109
41022 1 214
41271 2 630
41611 1 196
41624 1 320
41709 1 519
41767 1 382
41815 1 356
41914 1 396
41937 1 228
43092 1 170
43218 1 523
43491 1 275
43539 1 350
43933 1 194
43982 4 380
45274 1 417
45371 2 258
45729 2 486
46110 1 343
46214 2 441
46370 2 430
46373 2 326
46410 1 231
46775 4 389
47352 3 356
47996 1 449
48969 1 250
49837 1 258
49850 1 372
50064 1 471
50082 2 435
50156 3 518
50219 1 656
50220 2 536
50290 1 313
50989 2 372
51133 3 182
51462 1 485
52110 1 110
52291 3 455
52397 2 451
52496 1 415
52784 3 547
53063 3 511
53122 1 572
53181 3 475
53700 3 282
53717 2 540
53862 2 162
54044 2 281
54716 3 331
54787 2 948
54858 3 416
54878 5 513
54983 1 603
55146 1 198
55223 6 536
55250 3 196
55306 1 768
55391 4 212
55420 2 575
55811 4 202
55890 5 234
56037 1 286
56091 3 591
57186 1 302
57361 2 316
57465 1 333
57528 1 309
57597 2 347
57732 1 297
57812 5 316
58462 2 265
58914 1 195
59253 1 421
59535 3 265
60141 7 263
60783 2 167
60903 2 390
60986 5 424
61677 2 585
62057 2 396
62215 3 503
64693 3 426
65048 1 499
66773 1 536
66980 8 329
67125 9 460
67128 3 624
67269 2 429
67352 1 506
67466 1 538
67480 1 152
67498 1 531
67688 1 566
67703 6 241
67793 3 215
67820 10 356
67934 2 98
67972 1 827
68072 2 813
68229 4 755
68656 1 526
69992 1 398
70908 1 246
71217 2 441
72349 2 608
72686 3 263
72913 1 457
72989 1 419
74982 2 220
75579 5 482
76407 2 147
80254 20 3565
82648 20 18160
84591 102 11065
85368 41 74892
85379 6 2440
85645 319 153229
85687 186 28718
85773 97 82661
86753 432 173871
86784 79 20385
88631 3 2133
88781 18 2105
89299 45 5371
89432 363 38895
90549 19 3047
90550 68 9629
90783 525 22898
91391 98 20311
92188 185 64658
92329 185 64673
93395 43 2353
93745 84 2624
95197 1 27
95357 57 7537
96049 124 78606
96136 53 20896
97883 37 3805
98030 1 401
98294 100 23774
98320 92 8664
98937 4 916
99449 289 41595
99451 182 19333
99786 5 246
99798 1 98
99890 10 1479
100116 1 170
100258 1 556
100294 1 438
100374 8 209
100528 2 440
100623 1 733
100812 2 660
101133 3 137
101162 1 995
101577 2 662
101691 2 514
101696 3 673
101757 1 45
101953 3 742
101956 3 59
101966 4 531
102006 1 510
102219 2 45
102402 1 1501
102403 1 565
102890 1 267
103829 1 859
103882 3 214
104054 1 458
104720 3 279
104727 1 647
105717 1 796
105745 1 629
105813 2 464
105935 4 424
106356 4 378
106550 2 96
106592 3 714
106637 6 1782
106774 6 726
106961 2 534
107479 1 876
107507 1 432
107654 1 115
107680 1 800
107689 5 95
107957 1 304
108071 1 339
108240 4 818
108520 9 419
108682 5 1227
109411 1 503
109495 12 1066
109634 5 232
109894 1 1086
109906 5 179
109946 5 477
109950 5 631
110047 2 467
110058 2 372
110272 1 510
110421 1 477
110463 3 66
110511 3 1724
111184 2 276
111256 3 521
111385 5 365
111553 1 420
111669 1 492
111741 1 668
111974 1 352
112341 1 210
112392 4 729
112668 4 199
113003 2 627
114104 4 155
114142 2 1705
114150 4 745
115054 1 767
115196 2 108
115452 3 481
115673 3 64
115683 2 199
116050 3 513
116087 1 585
116140 8 879
116472 3 364
116626 1 1461
116627 1 528
117004 1 377
117157 1 624
117310 8 829
117346 2 1086
117582 1 903
117987 8 222
118075 1 660
118100 1 1309
118222 1 466
118368 2 1208
118640 2 579
118961 1 279
118968 2 332
119305 12 526
119687 3 1367
119756 1 327
119772 1 367
119810 2 719
120086 1 454
120481 1 538
120605 1 469
121021 1 375
121057 5 533
121171 1 109
121393 8 146
121413 1 106
121432 3 1870
121530 1 147
121586 3 1224
121642 9 97
121708 3 134
121727 2 61
121810 2 508
121952 4 375
122090 3 648
122315 3 71
122512 7 413
122709 8 747
122771 1 864
122853 6 1260
123050 2 172
123168 1 474
123228 1 458
123496 4 268
123596 2 49
123679 1 794
123939 1 719
124057 1 785
124207 1 122
124282 1 520
124481 1 343
124597 4 101
124817 2 615
124908 1 257
124964 1 639
125100 10 304
125172 1 275
125508 1 665
125533 2 747
125758 2 1578
125771 1 944
125877 3 442
125996 7 481
126169 31 786
126355 14 438
126956 1 591
126981 3 53
127120 6 373
127175 2 653
127456 2 140
127460 5 177
127707 1 319
127763 3 443
128176 1 500
128504 16 1246
128643 5 712
129093 2 449
129094 4 805
129105 10 400
129434 2 3012
129439 2 1341
129440 4 459
129593 2 1035
129966 1 558
130062 2 763
130114 1 417
130313 9 692
130324 3 598
130456 1 535
130468 2 288
130698 1 607
130904 13 469
130909 2 1286
130910 1 472
131246 4 1202
131349 1 436
131422 3 145
131647 1 433
131830 6 128
131952 4 596
132031 2 499
132072 2 296
132136 2 639
132258 4 719
132360 1 71
132377 7 440
132423 1 785
132441 2 420
132538 1 694
132610 1 297
132620 2 56
132672 1 507
132787 2 696
132832 1 189
133464 1 998
134117 1 1307
134187 3 360
134246 2 503
134372 1 1817
134472 1 1469
134688 8 709
134689 1 670
134762 1 229
134782 1 442
134896 2 734
134920 2 98
134979 4 689
135039 1 415
135187 5 130
135430 2 675
135515 4 644
135698 1 559
135712 8 203
135724 2 63
135738 2 71
135757 1 1007
135995 1 411
136232 2 339
136546 1 873
136697 1 769
136729 1 572
136775 2 466
136881 3 81
136887 4 265
136910 3 93
136963 1 576
137108 2 1716
137237 2 311
137844 1 716
138092 1 677
138161 4 115
138370 2 75
138441 2 124
138535 1 552
138645 3 47
138812 2 577
138983 1 595
139179 1 223
139378 3 474
139465 3 337
139821 9 297
139856 1 141
139886 1 524
140059 1 83
140338 1 526
140443 1 376
140497 9 954
140950 1 68
140966 1 192
141034 1 955
141086 2 146
141210 1 1070
141211 1 436
141221 3 321
141370 4 419
141528 4 72
142030 1 48
142516 2 112
142529 1 162
142756 1 152
143238 2 176
143299 2 63
143834 3 792
144104 1 726
144390 2 121
144541 2 339
144583 2 508
144630 1 186
144738 1 534
144821 2 472
145153 4 544
145236 1 1469
145296 2 827
145329 3 549
145743 1 144
146013 3 866
146121 5 576
146125 1 651
146339 3 58
146351 1 87
146387 1 733
146629 3 427
146742 1 281
146747 3 1340
146816 1 60
147746 5 423
148205 2 712
148331 2 665
148547 33 765
148592 2 437
148681 2 433
148834 3 435
148895 5 1577
149154 1 2134
149471 2 483
149738 1 801
150566 1 558
150567 2 218
150628 2 242
151317 3 842
151615 3 59
152254 6 756
152295 6 754
152584 1 518
152784 1 429
152785 1 137
152876 2 582
153061 2 609
153130 1 776
153169 3 192
153215 2 487
153291 11 476
153388 1 148
153489 9 1681
153606 1 47
154201 2 94
154299 2 87
154451 3 620
154463 5 127
154719 1 755
154885 2 326
154928 1 242
155002 1 921
155355 1 357
155569 1 330
155737 3 623
155745 4 283
155851 2 508
155942 1 638
156001 4 596
156087 1 435
156113 1 96
156286 1 920
156335 1 273
156535 2 135
156717 3 222
156843 2 607
157471 5 456
157618 1 150
157910 1 308
158514 3 115
158800 2 1670
159469 3 621
159672 18 857
159846 1 112
159929 5 499
159947 3 80
159977 1 663
160169 1 708
160184 3 677
160241 2 534
160526 1 513
160785 5 72
160794 1 476
161187 1 537
161238 4 230
161326 2 793
161480 1 491
161516 5 381
161731 1 717
162045 3 200
162247 5 615
162455 4 466
162463 1 654
162752 2 855
162969 2 966
163020 10 102
163268 1 603
163988 1 179
164360 1 643
164475 8 413
164807 3 84
165173 1 487
165292 1 188
165407 2 442
165425 5 551
165456 1 653
165475 1 668
166115 1 764
166161 1 489
167277 7 127
167507 1 395
167593 4 2703
168047 4 300
168052 1 150
168428 3 189
168459 1 609
168838 5 1704
168856 1 720
168861 3 604
169111 2 416
169152 1 141
169169 7 318
169486 2 1190
170814 3 251
170865 1 92
171008 1 432
171573 1 508
172210 6 161
173072 6 1513
173172 3 393
173458 1 59
176118 5 562
176826 4 516
177198 7 397
178021 1 77
178556 1 149
179019 1 292
182922 2 498
183583 1 288
184084 1 104
188538 1 225
195527 5 2494
198573 2 723
200221 1 89
201217 4 725
201275 1 136
201682 1 907
203916 1 141
204682 1 535
205168 1 117
206340 5 714
206506 1 126
207355 1 282
208602 15 514
208618 7 488
210962 2 678
211137 2 2886
211417 6 141
211706 2 113
212398 1 858
212686 2 104
212872 1 134
213271 7 1010
213784 2 98
216654 2 98
216769 3 446
217558 1 122
218154 1 501
220574 9 1211
221345 3 494
223471 9 493
224052 1 812
225694 3 105
225769 1 641
227157 1 161
231291 6 1268
232314 3 689
232512 4 272
232568 2 1226
232714 1 239
233093 6 536
233196 1 1397
233399 1 489
233419 1 255
233426 1 227
234321 2 279
234859 1 346
234868 2 685
235118 3 418
235317 4 267
235491 2 343
235556 1 396
235609 1 298
235646 4 270
235775 2 1518
236011 1 201
236018 2 438
236180 1 181
236720 2 492
236874 1 533
236933 51 934
237325 2 244
237398 2 267
237404 2 223
237691 12 631
238102 1 501
238533 3 640
238764 2 471
238863 2 280
240197 8 2723
240346 1 428
240402 23 567
240407 4 449
240972 1 675
241052 1 532
241070 11 785
241380 1 830
241686 1 217
241904 1 224
241917 2 288
242531 4 644
242601 2 133
242839 1 98
242856 16 3371
242858 1 2655
242868 24 16984
243021 33 14242
243196 24 13700
243248 296 97794
243277 2 199
243285 7 382
243298 1 123
243327 18 8333
243328 74 30540
243636 19 73383
243771 3 490
243797 16 11892
243998 1 336
244000 6 5203
244143 2 199
244526 3 1956
244731 2 216
244744 5 3393
244865 33 14342
245135 8 4732
245284 18 11872
245458 20 5144
245459 1 173
245568 4 139
245614 2 142
245626 1 135
245811 5 3986
245863 1 162
245886 8 3984
245888 9 3351
245923 7 9815
246208 17 7991
246220 115 47306
246245 6 8721
246394 1 358
246428 5 343
246665 5 147
246695 242 65027
246761 6 3964
247473 3 5709
247506 1 158
247954 1 2772
248064 1 129
248503 13 3127
248539 1 138
248730 2 151
249151 22 38079
249181 10 9111
249504 1 99
249570 44 33965
249892 9 412
249982 6 2021
250088 1 257
250134 1 137
250248 1 133
250276 2 948
250887 1 136
250890 2 106
250893 150 42856
251120 1 121
251320 4 742
251439 1 167
252310 2 435
252325 1 522
253067 297 104143
253297 1 588
253505 11 457
253554 14 8382
253557 91 37233
253579 2 138
253588 14 13837
253639 2 177
253655 2 127
253661 43 22094
253671 3 1113
254039 2 138
254042 1 197
254108 105 174176
254165 3 1240
254171 4 3156
254406 3 895
254540 4 179
254569 19 12506
254617 13 2120
255248 3 184
255289 119 51128
255306 5 445
255626 1 407
256147 1 464
256154 5 2661
256155 31 22080
256282 26 10491
256335 2 140
256700 2 1267
256701 3 416
256708 1 468
256717 7 2482
257411 18 1085
257474 6 8990
257584 25 8706
257758 5 1758
257932 1 159
257948 2 142
258559 134 52150
258774 1 98
258824 2 178
258844 14 16991
259053 22 29094
259057 7 3684
261045 11 402
261046 4 442
261047 2 296
261312 20 2011
261316 39 2807
262296 7 458
262646 10 2286
262777 5 67
263304 6 230
264852 1 338
264859 1 291
265354 4 375
265375 1 406
266337 1 401
266757 5 324
269194 14 625
269196 5 582
269259 5 276
269837 1 222
271028 8 425
271883 7 370
272183 2 371
272189 2 603
273132 25 2077
273471 6 497
273472 10 526
273885 3 501
274461 6 346
274463 6 441
274468 12 578
274469 8 380
274472 3 390
274473 12 602
274478 9 454
276161 12 434
276172 9 708
276175 10 759
276176 11 412
276181 2 868
276320 8 436
276500 6 584
276611 3 375
279450 50 3727
280076 9 829
281696 5 434
281710 9 414
281717 2 505
281721 5 369
281728 4 342
282180 8 620
287781 8 528
287782 6 503
288929 8 354
289165 1 422
289252 6 535
289253 9 509
289254 11 422
290050 9 750
290051 4 440
292198 14 913
292792 3 526
292802 11 538
292803 21 624
292804 13 396
292805 8 420
292806 6 503
292807 12 590
293077 3 386
294156 12 272
294158 3 328
294159 6 467
295038 5 556
295943 54 29903
297667 15 584
297668 6 292
298091 19 444
298132 19 652
298488 23 1308
298654 5 474
298655 13 708
298656 11 450
298657 8 964
298658 18 431
298660 11 413
298661 21 764
298670 7 430
298674 11 874
298683 17 600
298685 9 544
298687 19 821
298688 7 598
299468 3 479
299947 8 403
302436 75 5265
306269 4 376
306527 5 269
307883 8 372
308610 3 494
310051 4 678
310056 12 362
311259 6 492
312164 27 574
312186 11 554
312632 3 427
314751 1 388
314761 2 350
317588 2 113
328125 2 30
332666 2 438
335184 1 246
344411 1 259
345643 4 164
346789 2 262
349729 1 349
354644 3 91
356460 2 448
373126 1 371
375106 1 272
376079 1 174
380172 2 579
381547 1 221
383408 1 461
383857 1 196
385647 2 105
386203 1 172
390279 1 295
392071 6 309
396545 1 97
399412 4 273
400819 2 301
401363 5 293
401385 2 225
401783 1 338
402962 5 127
414903 2 290
418227 1 708
425659 4 275
427868 1 545
430056 2 228
430815 1 122
430970 1 169
431692 2 45
432557 2 178
432771 1 174
436021 3 310
438860 10 748
439540 3 213
440097 2 309
440512 4 261
440739 2 234
442790 1 242
443515 1 236
444266 3 310
444562 4 166
448908 1 146
453390 4 359
454381 2 534
457251 1 1245
457393 2 123
458741 4 654
461020 7 482
463798 4 704
463848 1 205
464380 3 704
464682 1 321
464903 2 493
468077 1 54
468946 3 259
469274 2 1543
472907 4 284
477495 4 194
477917 6 56
478896 1 96
480375 1 267
480380 2 255
480964 1 200
483338 1 117
485082 1 217
485569 1 258
486527 1 164
487107 5 222
491288 1 93
493943 1 312
494146 1 331
494703 2 286
495173 2 247
495354 2 355
495366 1 74
495513 1 420
495535 1 239
498693 1 265
498887 1 167
505372 1 439
506320 1 198
508073 1 267
508967 3 107
509178 4 37
510266 1 117
515301 1 397
515502 2 427
515784 2 50
516232 3 149
516579 1 564
517316 2 543
517619 2 465
518480 1 526
519872 1 175
520942 2 259
523309 2 331
