87 1 220
259 2 545
342 1 141
1055 2 178
1241 7 467
1504 1 129
1757 8 370
1867 5 318
2056 7 256
2265 8 340
3349 4 252
3415 4 114
3678 1 126
3708 1 363
4500 3 233
4945 2 236
5021 4 514
5293 2 176
5410 2 289
5841 1 206
5896 3 80
6501 2 105
6589 2 508
6656 2 347
6978 5 445
7007 2 456
7140 1 300
7242 2 399
7934 7 324
8079 2 613
8952 1 103
9289 1 101
9290 1 115
10256 5 288
12094 4 242
12589 14 319
13422 1 318
14177 8 340
14299 1 497
14619 8 239
14688 6 288
15211 11 331
15308 24 560
15332 12 413
15425 7 350
15435 5 441
15508 3 255
15532 3 275
15551 4 501
15603 16 322
15646 13 303
15802 4 194
15884 13 371
15885 22 605
15925 5 362
15927 10 440
15938 13 394
16293 1 91
16444 4 496
16644 8 367
16810 10 402
17084 11 519
17161 3 272
17223 1 319
17867 3 79
18001 3 230
18348 3 434
18489 6 314
18963 4 347
19847 2 576
19898 1 276
19904 1 121
19927 1 523
19930 7 374
20039 4 663
20249 9 109
20262 1 443
21007 1 269
21868 13 315
22011 2 623
22016 1 331
22117 4 470
22290 8 286
22563 2 217
22600 1 453
22636 4 294
22777 4 264
22863 1 374
23051 1 425
23223 4 487
24379 2 328
24910 1 295
26498 7 124
26671 2 89
26729 1 381
26868 3 298
27021 4 342
28075 1 154
28206 1 89
28356 2 251
28376 1 443
28476 1 484
28618 2 189
28772 5 130
28990 4 345
29043 48 333
29637 10 173
29943 1 165
30161 5 239
30169 2 125
30624 4 268
30745 11 333
30780 5 360
30823 17 360
30883 3 276
30906 9 336
31020 1 283
31114 4 131
32677 2 387
32790 3 403
33185 3 220
33331 11 527
33389 1 117
33760 5 152
33813 4 272
34721 4 173
35155 10 514
35171 5 204
35190 7 356
35228 6 269
35311 2 233
35341 4 246
35363 9 638
35423 6 476
35724 5 305
35864 8 428
35902 4 344
36081 5 257
36450 1 220
36928 2 154
37091 1 356
37107 6 568
37126 6 438
37127 6 442
37144 8 384
37339 3 371
37402 4 465
37439 7 405
37463 5 590
37477 8 461
37479 6 267
37485 12 433
37498 5 799
37624 6 379
37686 9 309
37708 3 406
38064 7 295
38260 8 558
38267 10 352
38296 5 403
38327 12 539
38385 4 109
38436 3 174
38474 4 329
38573 15 447
38688 1 324
38871 1 233
38876 8 384
39019 3 281
39125 2 256
39310 5 364
39408 5 410
39516 5 944
39600 9 307
39616 1 410
39699 6 442
39934 2 322
40106 3 322
40200 8 357
40254 3 302
40336 11 176
40543 4 222
40851 5 134
40895 18 669
41024 5 293
41179 1 447
41344 2 278
41380 1 336
42096 1 122
42160 3 196
42644 10 418
42924 5 360
43232 1 179
43377 4 192
43524 2 178
43528 1 293
44161 4 296
44304 1 134
44318 1 398
44569 1 269
44647 3 288
45136 9 92
45140 6 268
45320 4 354
45506 5 327
45539 2 107
45907 4 154
45911 9 266
46313 5 176
46367 5 299
46412 3 272
46623 3 139
46775 10 389
46804 1 275
47493 6 164
47744 7 332
49820 1 130
50133 2 140
50190 4 84
50444 16 607
50485 10 142
50500 8 410
50594 11 134
50652 10 431
51043 1 395
51158 3 230
51250 1 375
51261 2 285
51279 2 242
51376 4 438
51402 2 282
51414 4 268
51516 1 395
51532 1 701
51700 7 394
51772 2 488
51917 1 164
52108 1 225
52224 11 435
52349 5 129
53144 6 636
53145 4 609
53146 3 364
53255 3 185
53297 6 431
53630 1 100
53767 4 593
53933 2 123
54453 1 243
54630 9 210
55141 1 255
56008 1 422
56409 2 405
56525 2 324
57016 5 198
57318 4 555
57350 4 457
57629 3 448
57750 3 190
57929 5 498
58355 1 338
58426 16 466
58668 2 93
58672 3 202
58979 3 206
59206 4 273
59348 6 376
59470 7 365
59515 6 358
59660 4 270
59973 3 209
60608 1 194
60739 1 469
60981 1 330
61194 7 239
61281 9 223
61389 2 406
62117 2 347
62724 3 351
62756 2 426
62772 4 297
62790 2 357
62794 2 539
62855 2 223
62907 2 512
63171 2 301
63199 4 238
63256 9 689
63363 4 433
63370 16 352
63448 1 210
63480 1 372
63558 9 633
63559 5 210
63769 2 187
63983 1 270
64114 3 220
64234 2 223
64376 1 417
64483 1 417
64675 2 385
64927 3 240
65125 2 203
65155 4 225
65187 1 276
65189 1 276
65203 2 252
65235 5 274
65382 2 128
66533 5 293
66551 6 308
66735 5 258
66873 7 410
67476 2 513
67720 2 118
68230 4 109
68692 2 80
69273 2 477
69454 21 470
69893 3 100
70079 7 312
70285 12 280
70387 3 347
70407 2 177
70536 1 556
70786 3 343
71089 1 454
71119 1 379
71334 3 309
71520 4 147
72424 3 317
72978 6 420
73063 4 299
73354 4 279
73871 1 216
74026 1 236
74087 1 197
74449 2 237
74468 10 322
74585 6 346
74588 6 438
74668 14 219
74767 1 345
74903 1 241
75161 14 388
75499 8 291
75711 3 420
75908 2 338
76197 2 504
76467 2 153
76552 2 137
76816 2 514
77431 3 204
77525 3 168
77681 2 370
77684 3 296
77820 6 290
77836 1 222
77850 6 729
77862 7 332
77976 3 156
77991 2 536
77992 3 610
77993 6 546
78011 2 168
78034 6 176
78038 8 773
78043 4 362
78060 7 329
78342 3 356
78356 2 605
78360 6 688
78424 10 523
78427 2 297
78442 2 519
78787 2 262
78824 5 594
78952 3 342
78973 1 584
79362 2 555
79499 2 550
79645 2 529
80436 1 737
80437 1 651
80466 13 1687
80477 6 681
80480 9 3057
82003 1 7664
82211 1 673
82212 1 727
82521 8 2560
82674 8 3465
82774 6 1636
82778 9 1142
83284 10 4506
83286 48 10013
84368 13 2641
85368 511 74892
85645 295 153229
85647 7 2925
86753 408 173871
87803 1 10785
87805 1 8371
87807 4 14758
87949 42 12310
88502 3 124
88787 71 16639
88789 7 1171
89164 4 611
89686 149 18025
89871 14 1707
90666 6 12952
92819 6 244
93472 5 500
94055 14 2324
94272 4 354
95187 8 3422
95353 6 353
95395 3 382
95805 1 752
95806 1 989
96049 217 78606
96136 45 20896
96761 1 780
97032 27 3750
98040 93 24959
98048 3 13504
98770 1 683
99053 94 27408
99436 20 7025
100203 2 77
100317 6 124
100344 1 111
100607 3 228
100675 4 190
100733 4 1337
100748 5 839
100884 4 42
100887 1 75
100907 1 1063
101002 7 533
101030 2 461
101057 6 275
101154 3 121
101174 2 34
101315 3 96
101515 4 348
101660 1 50
101870 1 137
102241 15 1269
102294 1 637
102318 3 715
102503 7 175
103068 9 943
103122 3 1100
103473 4 133
103852 2 79
103862 3 79
103939 10 437
104052 2 304
104151 9 8662
104152 2 150
104202 1 76
104242 1 606
104514 2 75
104564 1 88
104652 1 403
104790 5 85
104966 1 135
105116 1 650
105276 3 591
105442 2 339
105778 8 533
106095 1 352
106289 3 1562
106380 3 540
106492 1 139
106553 4 370
106924 6 434
107032 1 530
107113 2 557
107420 3 89
107523 1 79
107624 2 59
107746 2 84
107777 10 161
107863 2 96
107891 1 81
107919 2 54
108006 3 379
108184 2 82
108257 2 958
108306 1 523
108387 2 1679
108689 7 509
108727 3 297
108906 3 691
109084 1 300
109239 2 157
109508 4 530
109969 4 834
110093 2 29
110181 5 1338
110325 2 148
110658 5 526
110790 3 78
110810 2 112
110819 3 433
110868 3 59
110922 2 551
110929 2 81
110945 21 539
111071 2 43
111151 32 722
111228 1 58
111234 1 61
111236 2 71
111256 1 521
111260 3 95
111273 2 84
111404 3 93
111457 2 1267
111533 2 247
111554 1 123
111655 4 65
111801 2 525
112020 2 32
112136 1 687
112371 1 259
112525 5 74
112751 2 520
113485 2 147
113493 31 1309
113641 1 243
114018 3 516
114085 1 126
114093 1 190
114131 2 76
114138 2 317
114194 2 281
114308 7 8586
114488 2 82
114615 1 69
114631 2 79
114650 2 84
114657 2 78
114770 2 76
114890 12 960
114970 3 1355
115226 3 48
115242 1 56
115445 4 229
115747 1 1600
116005 3 576
116118 6 566
116164 5 585
116607 5 550
116700 6 201
116714 3 604
116798 2 1252
116865 6 832
117221 4 513
117231 2 646
117601 4 141
117620 4 554
117643 3 83
117693 2 70
117736 5 175
117752 18 1227
117800 1 97
117844 1 615
117914 6 516
118136 2 75
118138 1 77
118282 1 87
118296 2 88
118455 2 91
118528 3 200
118622 15 551
118801 6 781
118873 9 131
119154 6 114
119559 7 513
119616 1 1551
119653 6 121
119814 1 844
119870 2 588
119958 2 469
120051 1 201
120275 3 361
120324 5 149
120382 6 887
120466 8 315
120891 5 567
121483 2 562
121783 1 74
121803 5 77
121972 2 439
122038 4 165
122118 2 380
122162 2 82
122225 2 736
122245 1 157
122257 4 80
122297 2 83
122310 1 91
122447 3 1477
122459 1 425
122481 13 1302
122536 3 530
122606 1 80
122611 1 349
122631 2 84
122644 1 76
122765 3 555
122791 8 190
122959 1 131
123385 4 140
123493 5 721
123688 3 699
123702 5 952
123749 5 558
124056 19 1214
124265 2 143
124305 8 2625
124306 1 488
124353 4 548
124360 1 42
124515 2 744
124579 2 364
124861 5 389
124866 2 739
124904 2 459
124985 3 582
125194 1 446
125438 2 462
125444 3 513
125469 1 55
125503 3 349
125595 3 468
125603 9 1115
125607 3 363
125614 5 2113
125674 3 442
125675 1 353
125704 5 92
125755 8 809
125795 2 79
125893 1 59
125945 1 57
126039 7 893
126144 6 755
126169 26 786
126246 2 123
126304 1 103
126365 8 770
126407 4 606
126505 3 1132
126597 5 527
126663 6 1332
126749 1 63
126811 2 283
126873 2 300
126876 6 694
127064 2 118
127075 3 483
127107 4 109
127114 5 8902
127183 2 680
127288 1 200
127353 5 251
127549 2 155
127665 3 49
127784 1 151
128448 1 434
128544 2 394
128629 3 60
128923 1 652
128935 4 343
128949 3 477
129024 1 52
129054 1 89
129179 1 120
129237 2 82
129248 2 80
129253 1 95
129363 5 470
129758 1 535
129780 6 364
130060 1 76
130346 1 125
131040 1 141
131064 3 57
131136 1 317
131137 1 360
131168 7 521
131254 4 253
131557 5 83
131860 4 335
132040 1 836
132095 2 354
132227 3 83
132251 2 89
132363 1 137
132414 2 80
132422 2 74
132459 2 366
132462 11 935
132573 2 112
132574 3 104
132778 4 76
132891 1 91
133089 1 99
133252 2 1442
133422 13 297
133523 1 256
133752 1 456
134202 12 1327
134418 8 191
134550 5 845
134640 3 196
134642 2 793
134653 2 139
134904 1 91
135118 3 371
135472 1 660
135831 2 219
135872 1 457
136143 3 61
136296 2 940
136309 2 69
136311 8 8993
136491 5 87
136649 3 270
136684 1 85
136767 1 89
136838 1 93
136866 5 510
136910 1 93
136920 1 1167
136945 2 132
137000 2 509
137156 3 358
137817 2 624
138049 2 543
138125 5 261
138486 3 409
138535 7 552
138552 1 588
138727 10 219
139061 1 461
139261 2 49
139443 4 285
139666 1 1185
139726 12 169
139740 6 373
139747 2 41
139779 3 605
139813 1 645
140003 1 95
140072 5 75
140124 4 115
140189 3 312
140244 3 189
140250 2 85
140251 4 101
140264 2 99
140272 1 61
140299 2 304
140455 2 74
140462 2 89
140466 2 44
140494 1 122
140594 2 214
140809 1 94
140982 1 95
141077 1 133
141090 1 424
141254 1 157
141360 5 109
141413 5 1554
141496 3 115
141945 3 138
142053 1 219
142077 3 443
142318 3 699
142319 1 525
142405 13 656
142488 8 513
142614 3 218
142932 2 725
142985 2 211
143146 1 749
143374 8 673
143487 5 82
143524 3 94
143657 2 95
143679 4 268
143717 2 122
143734 1 232
143763 2 591
143912 2 189
144101 4 77
144122 2 102
144242 9 328
144293 3 635
144356 1 401
144411 1 786
144442 10 238
144972 1 330
145147 3 507
145159 4 481
145548 1 795
145696 18 1501
145697 1 800
146033 12 388
146105 2 188
146121 1 576
146570 9 1399
146851 3 680
146852 1 930
146979 10 624
147045 3 187
147133 9 9616
147149 3 74
147338 2 111
147352 6 313
147470 2 98
147516 1 92
147530 3 92
147600 2 96
147612 2 100
147656 3 379
147686 3 162
147705 2 198
148012 2 115
148087 6 989
148101 4 1476
148575 5 284
148702 4 621
148835 13 438
148954 1 177
149098 3 169
149157 1 126
149285 2 774
149432 2 217
150023 1 1009
150151 8 606
150173 3 665
150244 1 619
150349 2 653
150558 1 143
150572 2 68
150597 1 105
150717 2 676
150755 2 103
150775 2 51
150781 2 87
150798 5 97
150950 2 97
151385 1 1141
151469 4 466
151520 4 95
151615 2 59
151639 3 1268
151646 1 270
151718 1 149
151787 3 419
151842 1 601
152012 8 503
152035 16 344
152043 8 779
152089 2 430
152147 5 1217
152149 4 734
152206 14 540
152253 1 92
152317 4 669
152386 8 617
152398 1 344
152683 13 210
152766 4 522
152807 2 474
152839 2 271
152930 7 401
152954 7 377
153012 7 1290
153064 5 222
153215 1 487
153308 3 1051
153311 14 703
153350 1 68
153500 1 193
153780 4 82
153947 2 116
153962 1 93
153989 3 84
154144 2 396
154185 2 95
154397 2 236
154663 1 117
154964 2 297
154979 2 143
155214 2 785
155402 18 264
155435 2 664
155531 3 411
155606 1 489
155939 1 566
155942 7 638
156298 9 165
157097 6 603
157588 3 684
157924 2 149
158032 4 68
158035 1 90
158045 2 129
158266 3 436
158285 1 348
158348 1 81
158354 2 101
158443 6 728
158586 4 780
158594 1 101
158608 5 172
158693 3 254
158774 3 740
159064 2 68
159160 11 10016
159183 1 538
159330 1 1276
159491 1 955
160134 1 1268
160251 2 369
160303 3 180
160326 4 378
160671 5 1303
160760 1 1293
161039 4 845
161069 4 68
161229 5 153
161244 5 360
161246 2 93
161258 9 446
161296 2 89
162102 4 1275
162281 1 368
162709 1 65
163360 1 227
163671 14 719
164014 5 1091
164145 2 378
164176 3 239
164259 1 278
164357 1 2679
164387 2 358
164693 2 360
164787 3 89
164940 2 101
165091 2 95
165438 1 87
165449 2 97
165452 2 196
165497 1 959
165558 38 3433
165592 1 72
165861 11 790
165926 14 1835
166394 2 608
166784 1 1037
166829 4 179
166917 1 1306
167015 7 83
167485 4 128
167593 2 2703
167641 6 1114
167902 1 190
168333 2 65
168334 4 84
168383 2 73
168513 1 86
168514 2 63
168520 1 102
168540 2 92
168718 2 69
169263 1 74
169621 1 338
169622 5 499
169675 5 574
169781 5 8290
170051 3 213
170310 14 570
170405 5 426
170418 17 355
170496 4 483
170637 11 210
170764 7 435
170823 7 1036
170954 3 135
171267 2 787
171356 4 777
171374 3 55
171475 1 121
171657 9 270
171779 2 583
171951 1 80
171957 2 105
171963 2 93
172118 2 93
172155 1 361
172567 2 117
172622 2 89
172813 6 774
173054 12 584
173072 8 1513
173119 5 235
173154 3 701
173257 2 146
173386 1 659
173450 3 374
173515 3 612
173636 2 401
173676 2 528
173688 3 104
174028 1 66
174699 4 102
175863 3 140
176067 2 145
176119 7 234
176597 6 206
177070 2 110
177302 3 175
178809 7 137
178811 4 173
178812 4 104
178814 3 140
178816 4 177
178817 3 160
178818 5 147
178819 3 140
178821 1 143
178822 3 155
178824 3 122
178825 3 164
179664 10 439
181756 2 489
181762 9 314
182565 3 128
183730 3 491
183757 1 674
183783 3 121
185778 2 93
186133 4 132
186141 6 143
189276 1 467
189279 5 294
189287 3 231
189753 4 533
189755 2 1920
190755 1 849
190761 2 1296
191654 3 185
192254 7 583
192744 6 97
194364 5 519
196167 1 2289
196537 4 124
196551 5 139
197122 3 138
197325 2 135
197448 4 126
198508 3 123
199411 5 217
199416 6 281
199931 9 212
202079 3 110
203826 8 145
204330 2 102
204384 7 515
206790 3 243
207383 7 458
208074 3 127
208194 3 121
208644 8 314
208750 2 160
208971 1 99
209601 2 138
210853 5 127
213080 1 126
213531 2 129
216815 11 1475
217885 4 152
218314 9 492
218606 4 167
222014 6 151
222853 13 434
223304 1 781
224731 2 112
227100 2 184
227521 4 127
228569 4 137
229516 13 567
230779 1 79
232284 20 1963
232798 7 230
232859 3 479
234390 4 614
234855 1 358
237937 7 270
241420 3 321
241493 3 531
243652 34 12186
243698 16 29409
243890 17 13160
244515 48 137580
244798 58 24677
244846 4 32902
245224 23 3016
245449 37 35219
245722 7 32503
245803 49 4020
247209 254 48787
247224 17 16820
247469 1310 160821
248626 6 7767
250722 267 20017
251547 5 926
251558 3 4653
251582 11 1324
251723 122 22213
251939 38 5124
251949 6 2436
252921 209 52519
253018 24 331696
253849 8 22736
255061 28 7690
255728 26 32235
255996 3 5015
256004 7 4283
256341 33 36933
256625 1 4312
256946 14 6027
257325 20 3462
257338 42 7890
258059 29 14205
259407 4 311
259408 3 639
259409 4 468
259410 2 351
259412 6 576
259413 2 570
259414 4 252
259417 4 552
260764 6 283
263407 2 288
264004 5 485
267201 8 661
267309 7 239
267609 1 424
268729 8 412
270111 1 397
271411 45 620
271429 7 268
275310 3 357
275312 3 400
276259 3 364
276260 3 443
276267 2 477
276271 6 531
277093 7 484
277098 10 625
277938 10 540
278514 1 446
279712 1 389
282158 10 629
282575 6 253
282651 5 382
284360 9 418
287005 10 236
288454 8 361
288770 1 441
289152 1 75
289154 1 73
289192 10 675
289194 3 676
290525 7 412
292736 2 1768
293140 3 491
293507 2 433
293512 5 505
293513 4 482
293546 9 470
293571 23 571
294987 4 92
297467 3 551
297616 1 502
297617 6 259
298929 19 388
298934 6 422
299676 8 423
299679 5 343
302898 16 766
304314 3 392
304315 1 537
307039 6 469
307042 4 372
308080 12 482
309030 4 314
310925 6 255
311355 63 64459
312810 1 487
314375 1 417
314512 17 52248
315979 2 30
319855 7 200
321989 2 32
322439 2 112
322682 2 78
326945 4 225
327266 7 246
327358 16 456
329383 8 354
330105 5 280
330138 1 79
330990 1 186
331060 8 390
331216 4 172
331218 4 220
331327 5 254
331438 4 296
331547 1 143
332689 7 281
333721 7 405
336272 8 296
336609 4 83
336612 18 303
336703 4 91
339500 1 70
341940 3 378
343382 27 797
345168 2 61
346014 3 184
348407 6 691
348622 2 148
348634 21 929
350171 5 198
350439 2 94
351368 9 155
353865 5 541
353891 9 981
354661 12 681
354704 11 673
354714 8 763
354715 13 689
355258 4 332
356500 5 137
356542 1 227
357169 4 133
357252 1 339
357673 9 162
359950 1 99
361956 6 174
362239 3 71
362338 4 112
362478 5 132
363171 6 195
364205 18 581
365531 1 147
366041 3 56
370089 5 81
371350 4 787
375299 2 97
375555 2 219
377479 2 114
380877 2 35
380921 1 265
382376 5 524
383392 1 183
386874 4 786
393438 10 703
393439 3 213
403277 6 606
403286 14 617
403287 5 593
403291 13 820
409748 3 384
414049 5 185
414088 8 856
414090 10 739
414107 12 597
414108 15 647
415743 10 479
417720 1 726
421146 6 104
424429 5 313
427145 6 275
428021 1 43
431165 1 204
437195 4 124
438162 3 80
438215 4 117
439473 6 385
439474 14 715
441108 9 420
445160 12 944
445923 5 163
452188 3 383
457757 12 273
459174 6 1148
459474 6 478
459476 19 697
459491 6 665
459494 6 834
461149 1 502
462065 1 69
463080 3 380
465021 5 151
468082 2 149
468510 3 179
469426 2 61
470610 3 179
471718 2 102
472176 2 81
472180 5 322
473152 7 368
473391 11 443
473394 6 258
473447 2 1325
473809 2 211
474688 1 40
476291 12 367
476596 5 286
478183 8 484
482108 2 185
483198 1 248
485247 2 902
488656 8 294
488857 6 173
490163 1 335
490899 13 304
491590 10 537
491598 5 590
491603 3 536
491605 12 509
491609 4 621
491614 13 760
491617 3 1085
494137 10 468
494754 1 116
494956 3 107
495375 1 428
496015 17 1372
496372 6 532
496869 18 613
497189 2 93
500126 5 300
501416 1 90
501612 4 148
503232 1 194
503236 1 195
503893 1 274
504158 1 140
505365 2 107
507740 5 226
507998 4 219
510556 14 1096
511131 4 390
511888 4 116
513044 11 598
513056 9 551
513059 16 829
513997 1 69
515050 6 286
519096 2 113
519934 5 319
523922 7 300
524135 5 269
524406 1 345
259 2 545
342 2 141
1055 2 178
1504 1 129
1757 8 370
1867 1 318
2056 5 256
2265 4 340
3349 3 252
3415 5 114
4500 1 233
4945 1 236
5021 1 514
5293 1 176
5410 8 289
6501 1 105
6589 1 508
6656 1 347
6978 8 445
7194 1 123
7242 1 399
7934 7 324
8018 1 234
8079 3 613
8503 2 195
8952 1 103
9289 1 101
9290 1 115
10256 3 288
12094 4 242
14299 2 497
14688 1 288
15211 6 331
15308 1 560
15332 9 413
15425 2 350
15435 5 441
15508 2 255
15532 2 275
15551 2 501
15603 1 322
15646 1 303
15802 4 194
15884 3 371
15885 2 605
15925 1 362
15927 2 440
15938 1 394
16293 1 91
16444 2 496
16644 1 367
16810 2 402
17038 2 173
17084 5 519
17867 2 79
18001 1 230
18348 2 434
18489 1 314
18963 3 347
19847 1 576
19904 1 121
19930 2 374
20039 1 663
20173 10 710
20262 1 443
21868 1 315
22016 1 331
22117 6 470
22290 3 286
22563 1 217
22636 3 294
22777 5 264
23179 3 416
23223 2 487
24910 1 295
26729 1 381
26868 3 298
27021 4 342
28356 1 251
28618 2 189
28772 1 130
28990 1 345
29943 1 165
30161 4 239
30169 2 125
30624 4 268
30745 1 333
30780 5 360
30823 1 360
30883 5 276
31020 1 283
31114 4 131
31693 1 152
32677 2 387
32790 3 403
33185 5 220
33331 8 527
33389 1 117
33760 5 152
33813 3 272
34721 4 173
37402 4 465
37439 2 405
37463 1 590
37477 3 461
37479 1 267
37485 3 433
37498 1 799
37624 2 379
37686 2 309
37708 1 406
38064 3 295
38260 1 558
38267 3 352
38296 1 403
38327 5 539
38436 5 174
38474 2 329
38573 7 447
38876 3 384
39310 1 364
39357 1 142
39408 1 410
39516 2 944
39600 5 307
39699 3 442
40200 8 357
40254 3 302
40336 4 176
40543 4 222
40851 5 134
40895 15 669
41024 6 293
41380 1 336
42644 10 418
42924 4 360
43232 3 179
43377 3 192
44161 3 296
44318 1 398
44569 1 269
44647 1 288
45140 4 268
45320 5 354
45506 6 327
45539 2 107
45907 1 154
45911 1 266
46313 3 176
46623 3 139
46775 2 389
46804 1 275
47493 1 164
47744 5 332
49820 1 130
50133 1 140
50159 1 321
50500 1 410
51261 1 285
51279 1 242
51402 1 282
52224 1 435
52349 1 129
53145 1 609
53146 1 364
53630 1 100
53767 1 593
56008 1 422
57318 3 555
57750 2 190
58355 1 338
58672 1 202
58979 2 206
59206 2 273
59348 5 376
59470 1 365
59515 3 358
59660 6 270
59973 2 209
60608 2 194
60739 2 469
60981 2 330
61194 4 239
61389 3 406
62117 2 347
62724 2 351
62855 1 223
63199 4 238
63256 4 689
63370 1 352
63448 1 210
63480 1 372
63558 5 633
63559 1 210
63769 1 187
64114 2 220
64234 1 223
64376 2 417
64483 2 417
64675 3 385
64927 3 240
65125 1 203
65155 4 225
65187 2 276
65189 2 276
65203 2 252
65235 5 274
65382 1 128
66533 2 293
66551 3 308
66735 5 258
66873 7 410
67720 1 118
68230 1 109
68692 2 80
68908 4 97
69273 1 477
69454 9 470
70079 1 312
70285 8 280
70387 3 347
70407 1 177
70536 1 556
70786 3 343
71520 2 147
73354 1 279
73871 2 216
74026 1 236
74087 1 197
74449 2 237
74468 3 322
74585 4 346
74767 1 345
74903 7 241
75499 2 291
75711 2 420
75908 2 338
76467 2 153
76552 2 137
77431 4 204
77681 1 370
77836 1 222
77850 1 729
77992 2 610
78034 1 176
78038 1 773
78360 1 688
78424 2 523
78427 1 297
78630 2 430
78684 1 173
78787 1 262
78824 2 594
78952 1 342
80436 1 737
80437 1 651
80466 14 1687
80477 5 681
80480 19 3057
82003 5 7664
82211 1 673
82212 1 727
82521 18 2560
82674 8 3465
82774 12 1636
82778 10 1142
83284 14 4506
83286 5 10013
84368 16 2641
85368 32 74892
85645 11 153229
86753 1 173871
87803 3 10785
87805 3 8371
87807 3 14758
87949 5 12310
88502 5 124
88787 29 16639
88789 9 1171
89164 3 611
89317 1 1227
89686 36 18025
89871 3 1707
90666 21 12952
92819 6 244
93472 5 500
94055 18 2324
94272 3 354
95187 7 3422
95353 5 353
95395 4 382
95805 1 752
95806 1 989
96049 199 78606
96136 17 20896
96761 2 780
97032 27 3750
98040 19 24959
98048 4 13504
98326 4 1530
98770 1 683
99053 10 27408
99436 5 7025
100203 3 77
100344 7 111
100607 6 228
100675 1 190
100748 2 839
100887 3 75
101002 6 533
101057 2 275
101315 3 96
101660 2 50
103852 2 79
103862 2 79
103939 1 437
104052 4 304
104151 2 8662
104202 3 76
104242 1 606
104514 2 75
104564 1 88
104790 3 85
104966 1 135
105116 1 650
105778 1 533
105883 3 550
106380 5 540
106553 2 370
106924 3 434
107113 2 557
107420 2 89
107523 3 79
107624 2 59
107746 3 84
107863 3 96
107891 3 81
107919 1 54
108006 2 379
108184 1 82
108306 1 523
108689 1 509
109126 2 1941
109239 1 157
109508 1 530
110325 1 148
110658 1 526
110790 3 78
110810 5 112
110868 2 59
110922 1 551
110929 3 81
110941 3 59
110945 18 539
111228 3 58
111234 3 61
111236 3 71
111260 3 95
111273 3 84
111404 2 93
111533 2 247
111554 4 123
111655 2 65
112136 1 687
112371 2 259
113485 1 147
114018 1 516
114085 1 126
114093 2 190
114131 3 76
114194 1 281
114308 3 8586
114488 4 82
114615 2 69
114631 3 79
114650 3 84
114657 3 78
114770 2 76
114890 1 960
114970 3 1355
115242 2 56
115445 1 229
116005 3 576
116118 2 566
116700 4 201
116714 1 604
116798 1 1252
117221 2 513
117231 1 646
117601 1 141
117620 1 554
117643 3 83
117693 2 70
117736 3 175
117752 1 1227
117914 1 516
118136 2 75
118138 3 77
118282 2 87
118296 2 88
118455 2 91
118528 2 200
118801 2 781
119154 3 114
119653 1 121
119814 1 844
119870 1 588
119958 2 469
120051 1 201
120275 3 361
120324 2 149
120382 1 887
120466 9 315
120891 2 567
121483 3 562
121783 3 74
121803 4 77
121972 7 439
122118 1 380
122162 2 82
122245 1 157
122257 3 80
122297 3 83
122310 4 91
122459 1 425
122536 2 530
122606 3 80
122631 3 84
122644 2 76
122765 2 555
122791 1 190
122959 7 131
123385 1 140
123493 6 721
123688 1 699
123702 6 952
123749 1 558
124305 6 2625
124353 1 548
124515 2 744
124579 2 364
124866 1 739
124904 4 459
125194 5 446
125438 1 462
125444 2 513
125469 2 55
125503 2 349
125595 1 468
125607 3 363
125614 1 2113
125704 4 92
125755 1 809
125795 1 79
125893 2 59
125945 2 57
126144 1 755
126169 21 786
126246 1 123
126304 3 103
126365 7 770
126597 2 527
126749 2 63
126811 2 283
126873 1 300
127064 1 118
127107 2 109
127114 3 8902
127183 1 680
127288 1 200
127353 1 251
128629 2 60
128923 1 652
128935 16 343
128949 1 477
129024 2 52
129054 3 89
129237 3 82
129248 3 80
129253 2 95
129363 6 470
129780 2 364
130060 4 76
131064 2 57
131860 2 335
132040 1 836
132095 4 354
132227 2 83
132251 3 89
132414 2 80
132422 2 74
132462 5 935
132573 6 112
132574 4 104
132778 1 76
132891 2 91
133089 2 99
133252 1 1442
133422 4 297
133523 12 256
134418 1 191
134640 3 196
134642 2 793
134653 2 139
135118 2 371
135831 2 219
135872 1 457
136143 2 61
136309 2 69
136311 3 8993
136491 2 87
136649 13 270
136684 2 85
136838 3 93
137070 1 124
137156 1 358
137817 3 624
138125 1 261
138486 6 409
138552 1 588
138727 1 219
139779 2 605
139813 1 645
140003 2 95
140072 4 75
140189 8 312
140250 3 85
140251 2 101
140264 2 99
140272 1 61
140455 2 74
140462 3 89
140809 2 94
141254 1 157
141360 4 109
141413 4 1554
141496 1 115
141768 1 123
142053 1 219
142077 5 443
142319 3 525
142488 2 513
142614 2 218
142932 3 725
142985 1 211
143146 1 749
143293 2 722
143487 4 82
143524 3 94
143567 2 90
143657 2 95
143679 1 268
143717 5 122
143734 5 232
143763 1 591
144101 2 77
144122 3 102
144293 4 635
144356 6 401
144972 1 330
145147 2 507
145159 1 481
145548 1 795
145696 1 1501
146121 1 576
146851 10 680
146979 9 624
147045 1 187
147133 7 9616
147149 2 74
147338 3 111
147352 1 313
147470 2 98
147516 3 92
147530 3 92
147600 3 96
147612 3 100
147656 1 379
147686 3 162
148012 3 115
148087 3 989
148101 2 1476
148835 2 438
149098 6 169
149285 1 774
150023 1 1009
150151 4 606
150173 2 665
150244 1 619
150558 1 143
150572 2 68
150597 2 105
150717 1 676
150755 2 103
150775 2 51
150781 3 87
150798 3 97
150907 10 160
150950 2 97
150954 2 79
151469 2 466
151615 1 59
151646 8 270
151787 3 419
151842 1 601
152012 4 503
152043 10 779
152089 1 430
152149 3 734
152206 10 540
152317 5 669
152386 2 617
152398 2 344
152839 1 271
152954 5 377
153012 10 1290
153064 3 222
153215 1 487
153311 1 703
153350 1 68
153500 2 193
153780 4 82
153947 3 116
153962 3 93
153989 2 84
154144 1 396
154185 3 95
154397 5 236
154663 4 117
154810 3 92
155214 2 785
155435 1 664
155531 4 411
155606 1 489
155684 5 87
155939 1 566
155942 2 638
156298 3 165
157097 1 603
158032 2 68
158035 2 90
158045 4 129
158266 16 436
158285 4 348
158348 3 81
158354 1 101
158443 2 728
158586 1 780
158594 2 101
158608 1 172
158693 2 254
158774 1 740
159136 1 527
159160 6 10016
160134 1 1268
160303 1 180
160671 1 1303
161069 2 68
161229 4 153
161244 5 360
161246 3 93
161258 1 446
161296 3 89
162281 1 368
164014 2 1091
164176 3 239
164259 6 278
164357 1 2679
164693 11 360
164787 2 89
164940 1 101
165091 2 95
165438 7 87
165449 2 97
165558 7 3433
165592 1 72
166394 1 608
166784 1 1037
166917 1 1306
167088 4 90
167593 2 2703
167793 4 105
167902 1 190
168333 2 65
168334 3 84
168383 2 73
168513 3 86
168514 2 63
168540 3 92
168718 2 69
169263 2 74
169621 1 338
169622 2 499
169675 3 574
169781 6 8290
170405 3 426
170496 3 483
170915 4 135
171267 1 787
171356 1 777
171374 2 55
171475 1 121
171657 6 270
171779 1 583
171853 1 182
171951 3 80
171957 4 105
171963 2 93
172118 2 93
172567 5 117
172622 3 89
172813 3 774
173054 7 584
173119 5 235
173154 3 701
173257 4 146
173386 1 659
173688 4 104
174699 4 102
175863 3 140
176067 2 145
176119 7 234
176597 3 206
177070 2 110
177302 4 175
178809 5 137
178811 4 173
178812 4 104
178814 3 140
178816 4 177
178817 4 160
178818 3 147
178819 2 140
178821 5 143
178822 3 155
178824 4 122
178825 3 164
179664 9 439
181756 2 489
181762 9 314
183730 2 491
183757 1 674
183783 3 121
186141 5 143
187886 7 90
189276 2 467
189279 5 294
189287 4 231
189753 4 533
189755 2 1920
190755 1 849
190761 2 1296
191654 3 185
192254 8 583
192744 3 97
194364 4 519
196167 1 2289
196537 3 124
196551 4 139
197122 3 138
197325 2 135
197448 4 126
198508 3 123
199411 4 217
199416 5 281
199931 5 212
202079 3 110
203826 6 145
204330 3 102
204384 5 515
206790 3 243
207383 7 458
208074 3 127
208194 3 121
208644 7 314
208750 2 160
208971 1 99
209601 3 138
210853 3 127
213080 2 126
213531 3 129
216815 12 1475
218314 8 492
222014 6 151
222853 13 434
223304 1 781
224262 1 157
224731 2 112
227100 1 184
227521 3 127
228569 4 137
229516 9 567
230779 2 79
232284 19 1963
232798 5 230
232859 1 479
234390 1 614
234855 1 358
237937 3 270
243652 1 12186
243698 5 29409
243890 14 13160
244515 13 137580
244798 27 24677
244846 10 32902
245224 2 3016
245449 28 35219
245722 4 32503
245803 35 4020
247209 2 48787
247224 29 16820
247469 122 160821
248626 15 7767
250722 10 20017
251547 3 926
251558 7 4653
251582 1 1324
251723 35 22213
251939 3 5124
251949 6 2436
252921 2 52519
253018 1 331696
253849 6 22736
255061 12 7690
255728 17 32235
255996 1 5015
256004 7 4283
256341 28 36933
256625 2 4312
256946 2 6027
257325 13 3462
258059 21 14205
259407 3 311
259408 2 639
259409 3 468
259410 4 351
259412 2 576
259413 3 570
259414 3 252
259417 3 552
260764 5 283
263407 2 288
264004 5 485
267201 10 661
267309 6 239
267609 1 424
268729 1 412
270111 2 397
271411 1 620
275310 5 357
275312 4 400
277093 5 484
277098 10 625
277938 9 540
278514 1 446
279712 1 389
282158 10 629
282575 6 253
282651 7 382
284360 3 418
287005 4 236
288454 7 361
288770 1 441
289152 2 75
289154 2 73
289192 7 675
289194 5 676
290525 6 412
291163 4 376
292736 9 1768
293140 3 491
293507 2 433
293512 5 505
293513 4 482
293546 1 470
294987 4 92
297616 1 502
297617 6 259
298929 2 388
298934 1 422
299676 2 423
299679 5 343
302898 15 766
304314 1 392
304315 1 537
307039 7 469
307042 1 372
308080 18 482
309030 4 314
310925 6 255
312810 1 487
314375 1 417
314512 1 52248
319855 7 200
321989 2 32
322682 6 78
326945 3 225
327358 15 456
329383 6 354
331060 5 390
331216 6 172
331327 7 254
332689 15 281
333721 2 405
336272 2 296
336609 4 83
336612 15 303
336703 4 91
339500 2 70
341940 1 378
343382 19 797
345168 2 61
346014 2 184
347388 2 57
348407 3 691
348622 1 148
348634 3 929
350171 7 198
350439 4 94
351368 7 155
353865 2 541
353891 6 981
354661 6 681
354704 6 673
354714 2 763
354715 11 689
355258 3 332
356500 1 137
357169 1 133
357252 6 339
357673 8 162
359950 6 99
361956 4 174
362239 2 71
362338 3 112
362478 4 132
363171 5 195
364205 2 581
365531 2 147
366041 4 56
370089 5 81
375299 2 97
375555 4 219
377479 3 114
381265 3 547
382376 5 524
386874 6 786
393438 10 703
393439 3 213
403277 2 606
403286 6 617
403287 5 593
403291 9 820
409748 1 384
414049 3 185
414088 7 856
414090 8 739
414107 7 597
414108 2 647
415743 2 479
417720 1 726
419443 2 111
421146 1 104
424429 4 313
427145 1 275
428021 1 43
436272 19 464
437195 1 124
438162 3 80
438215 4 117
439473 4 385
439474 9 715
441108 3 420
445160 3 944
445923 3 163
448507 1 43
452188 1 383
457757 11 273
459174 6 1148
459474 5 478
459476 12 697
459491 3 665
459494 1 834
461149 1 502
462065 1 69
463080 1 380
465021 2 151
468082 1 149
468510 1 179
472176 1 81
472180 1 322
473152 1 368
473391 6 443
473447 1 1325
474688 1 40
476291 12 367
476596 3 286
478183 4 484
483198 1 248
485247 1 902
488656 1 294
488857 1 173
489264 2 105
490899 6 304
491590 6 537
491598 1 590
491603 3 536
491605 4 509
491609 2 621
491614 3 760
491617 3 1085
494137 11 468
494754 2 116
494956 1 107
495375 1 428
495492 1 288
496015 7 1372
496372 4 532
496869 7 613
497189 2 93
500126 5 300
501416 1 90
501612 5 148
503232 1 194
503236 1 195
505365 2 107
507740 5 226
507998 4 219
510556 3 1096
511888 1 116
513044 16 598
513056 8 551
513059 14 829
513997 1 69
515050 2 286
519096 2 113
519934 5 319
259 3 545
342 4 141
1055 6 178
1504 2 129
1757 4 370
1867 1 318
2056 6 256
2265 11 340
3349 7 252
3415 6 114
3659 1 293
4500 2 233
4945 3 236
5021 1 514
5293 1 176
6589 1 508
6656 4 347
6978 10 445
7242 3 399
7934 16 324
8018 1 234
8079 4 613
9289 1 101
9290 1 115
10256 3 288
12094 17 242
13680 1 129
14299 10 497
14688 1 288
15211 5 331
15332 6 413
15425 4 350
15435 8 441
15508 2 255
15532 2 275
15551 3 501
15603 1 322
15646 1 303
15802 4 194
16293 1 91
16444 5 496
16644 2 367
16810 4 402
17084 6 519
17867 3 79
18001 6 230
18348 1 434
18963 1 347
19847 1 576
19898 10 276
19904 4 121
19927 2 523
19930 2 374
20039 1 663
20262 4 443
21868 1 315
22011 1 623
22290 10 286
22563 1 217
22600 2 453
22636 4 294
22777 1 264
23051 6 425
23179 8 416
23223 8 487
24910 1 295
26729 3 381
26868 6 298
27021 10 342
28075 1 154
28356 1 251
28618 2 189
28990 1 345
29943 2 165
30161 11 239
30169 3 125
30624 8 268
30780 16 360
30883 15 276
30906 2 336
31020 1 283
31114 6 131
32677 4 387
32790 4 403
33185 3 220
33331 8 527
33389 1 117
33760 2 152
33813 3 272
34721 5 173
35155 5 514
35171 1 204
35190 1 356
35228 1 269
35311 4 233
35341 2 246
35363 7 638
35423 5 476
35724 2 305
35864 1 428
37402 1 465
37439 3 405
37463 2 590
37477 3 461
37485 3 433
37498 3 799
37624 2 379
37686 1 309
38064 3 295
38260 1 558
38267 8 352
38296 3 403
38327 6 539
38436 2 174
38474 2 329
38573 6 447
38688 1 324
38876 5 384
39157 2 286
39310 1 364
39408 1 410
39516 2 944
39600 5 307
39616 1 410
39699 1 442
40106 2 322
40200 9 357
40254 1 302
40336 7 176
40543 5 222
40851 9 134
40895 11 669
41024 8 293
41380 4 336
42096 1 122
42644 13 418
42924 3 360
43232 1 179
43377 4 192
44161 3 296
44318 2 398
44319 4 321
44569 2 269
45140 5 268
45320 23 354
45506 19 327
45539 4 107
45907 1 154
45911 1 266
46313 3 176
46367 6 299
46412 1 272
46623 3 139
46775 4 389
46804 1 275
47493 1 164
47744 8 332
49820 3 130
50133 10 140
50444 1 607
50500 2 410
50652 1 431
51043 1 395
51261 4 285
51279 1 242
51376 1 438
51402 2 282
51516 1 395
51532 1 701
51772 2 488
52224 7 435
52349 1 129
53144 4 636
53145 2 609
53255 1 185
53297 3 431
53630 6 100
53767 2 593
54630 1 210
55141 1 255
56008 1 422
57016 1 198
57318 6 555
57350 4 457
57629 3 448
57750 5 190
57819 2 166
57929 1 498
58426 2 466
58672 2 202
58979 8 206
59206 13 273
59348 14 376
59470 1 365
59515 10 358
59660 10 270
59973 3 209
60608 8 194
60739 9 469
60981 4 330
61194 3 239
61389 16 406
62117 4 347
62724 3 351
62756 1 426
62794 2 539
62907 2 512
63171 1 301
63199 7 238
63256 7 689
63363 1 433
63370 1 352
63448 1 210
63480 1 372
63558 5 633
63559 3 210
63983 2 270
64114 1 220
64234 1 223
64376 3 417
64483 2 417
64675 13 385
64927 10 240
65125 2 203
65155 10 225
65187 1 276
65189 1 276
65203 10 252
65235 5 274
65382 5 128
66533 1 293
66551 2 308
66735 6 258
66873 5 410
67720 7 118
68230 1 109
68692 2 80
69273 1 477
69454 15 470
70285 13 280
70387 8 347
70407 1 177
70536 3 556
70786 8 343
71119 1 379
71520 5 147
72424 1 317
72978 1 420
73063 1 299
73354 1 279
73871 6 216
74026 2 236
74087 3 197
74449 2 237
74468 4 322
74585 4 346
74767 1 345
74903 3 241
75499 1 291
75711 2 420
76467 2 153
76552 2 137
77431 2 204
77525 2 168
77681 2 370
77684 2 296
77850 1 729
77862 1 332
77992 1 610
78034 1 176
78038 1 773
78342 1 356
78360 3 688
78406 3 163
78424 2 523
78630 1 430
78684 1 173
78787 1 262
78824 2 594
78952 1 342
79362 1 555
80436 2 737
80437 2 651
80466 15 1687
80477 3 681
80480 10 3057
82003 127 7664
82211 6 673
82212 3 727
82521 10 2560
82674 39 3465
82774 13 1636
82778 10 1142
83284 88 4506
83286 41 10013
84368 14 2641
85368 41 74892
85645 319 153229
85647 47 2925
86753 432 173871
87803 29 10785
87805 64 8371
87807 9 14758
87949 55 12310
88502 5 124
88787 37 16639
88789 9 1171
89164 3 611
89686 143 18025
89871 7 1707
90666 5 12952
92819 1 244
93472 3 500
94055 16 2324
94272 5 354
95187 36 3422
95353 11 353
95363 326 33206
95395 2 382
95805 2 752
95806 5 989
96049 124 78606
96136 53 20896
96305 31 38919
96761 3 780
97032 31 3750
98040 31 24959
98042 4 11707
98048 99 13504
98326 1 1530
98770 2 683
99053 67 27408
99436 9 7025
100748 1 839
100907 2 1063
101002 2 533
101057 13 275
101289 2 27
101660 2 50
102241 2 1269
102294 1 637
102938 2 501
103079 4 1145
103122 2 1100
103574 3 1194
104104 3 159
104151 5 8662
104242 1 606
104564 1 88
104966 1 135
105116 1 650
105442 7 339
105778 1 533
105883 1 550
106289 1 1562
106380 2 540
106492 5 139
106924 3 434
107113 1 557
108244 1 107
108306 1 523
108387 1 1679
108689 1 509
108690 1 492
108906 6 691
109126 2 1941
109127 1 50
109239 1 157
109508 7 530
109969 1 834
110181 2 1338
110325 1 148
110511 3 1724
110658 2 526
110819 3 433
110922 2 551
110945 20 539
111151 2 722
111167 2 608
111256 3 521
111457 1 1267
111533 1 247
112045 1 368
112136 1 687
112144 2 596
112751 2 520
113493 2 1309
114018 1 516
114041 2 910
114085 1 126
114138 2 317
114194 1 281
114308 5 8586
114544 2 326
114890 4 960
114970 1 1355
115445 1 229
115673 3 64
115747 2 1600
116118 2 566
116700 2 201
116714 1 604
116799 1 124
117221 2 513
117231 1 646
117601 1 141
117620 6 554
117736 5 175
117752 2 1227
117800 4 97
118430 1 358
118528 1 200
118711 2 47
118801 2 781
118873 1 131
119559 3 513
119616 6 1551
119814 1 844
119870 2 588
119958 2 469
120051 1 201
120275 3 361
120324 3 149
120382 2 887
120466 8 315
120891 2 567
121642 9 97
121972 3 439
122447 10 1477
122481 8 1302
122765 2 555
123385 1 140
123702 1 952
124056 6 1214
124515 1 744
124579 2 364
125438 2 462
125444 16 513
125595 3 468
125607 9 363
125614 2 2113
125755 2 809
125999 3 55
126144 1 755
126169 31 786
126170 1 672
126407 11 606
126427 3 183
126505 1 1132
126663 3 1332
126811 2 283
127064 3 118
127114 2 8902
127183 1 680
128065 2 55
128330 2 357
128470 1 551
128923 1 652
128949 4 477
128951 1 427
129179 1 120
129202 2 43
129780 3 364
131064 2 57
131136 1 317
131544 2 59
131788 3 1232
132040 3 836
132095 18 354
132276 1 1310
132332 1 464
132706 1 77
133252 1 1442
134202 2 1327
134642 4 793
135054 2 64
135762 2 48
135831 8 219
135872 3 457
136225 2 374
136296 10 940
136297 1 223
136311 4 8993
136785 1 170
136866 2 510
136910 3 93
137108 2 1716
137156 5 358
137351 2 61
137817 2 624
138049 2 543
138486 1 409
138535 1 552
138727 1 219
139740 1 373
140244 1 189
141413 2 1554
141768 4 123
142053 2 219
142281 2 87
142319 1 525
142488 5 513
142614 4 218
142932 1 725
143146 2 749
143291 2 72
143374 1 673
143679 2 268
143763 2 591
144293 1 635
144411 2 786
144629 1 344
144972 2 330
145548 1 795
145696 2 1501
145813 1 99
146121 5 576
146125 1 651
146852 2 930
146979 23 624
147133 8 9616
147656 2 379
148012 3 115
148547 33 765
148702 1 621
148835 2 438
148954 2 177
149285 1 774
149432 2 217
149831 2 254
150023 12 1009
150151 6 606
150173 3 665
150244 1 619
150349 1 653
150558 1 143
151385 1 1141
151423 1 156
151469 2 466
151615 3 59
151646 1 270
151787 1 419
151842 1 601
152012 1 503
152035 2 344
152043 3 779
152089 1 430
152147 4 1217
152149 4 734
152206 15 540
152317 3 669
152398 1 344
152615 1 57
152807 1 474
152954 10 377
153064 2 222
153215 2 487
153308 3 1051
153350 1 68
153500 1 193
153550 1 531
153808 3 88
154144 1 396
155144 1 1434
155214 2 785
155402 1 264
155403 1 759
155435 3 664
155531 11 411
155606 1 489
155939 1 566
155942 1 638
155962 1 496
156146 1 482
156942 1 538
157097 1 603
157715 1 86
158115 1 137
158285 1 348
158443 2 728
158583 2 81
158586 1 780
158608 1 172
158774 2 740
158800 2 1670
159136 1 527
159160 3 10016
159168 1 118
159330 1 1276
160106 1 1142
160134 4 1268
160303 3 180
160671 3 1303
160760 4 1293
160788 2 55
161039 2 845
162102 2 1275
162281 1 368
163360 1 227
163671 3 719
164015 4 483
164176 9 239
164357 4 2679
164590 2 56
165359 5 641
165396 1 500
165497 1 959
165498 3 697
165514 2 664
165558 6 3433
165592 1 72
165694 4 1335
165861 1 790
165926 1 1835
166394 2 608
166784 3 1037
166917 1 1306
167268 1 705
167593 4 2703
168649 1 119
168939 3 511
169622 2 499
169781 3 8290
170016 1 667
170764 1 435
171267 1 787
171356 1 777
172155 2 361
172813 1 774
173054 5 584
173072 6 1513
173119 6 235
173386 2 659
173636 1 401
173925 1 565
174699 4 102
175863 4 140
176067 3 145
176119 5 234
176597 5 206
177070 2 110
177302 4 175
178592 4 114
178809 4 137
178811 7 173
178812 7 104
178814 7 140
178816 5 177
178817 6 160
178818 4 147
178819 3 140
178821 2 143
178822 7 155
178824 6 122
178825 6 164
179664 8 439
179746 1 71
181756 2 489
181762 11 314
183730 2 491
183757 3 674
183783 2 121
186141 8 143
187886 6 90
189276 1 467
189279 5 294
189287 3 231
189753 3 533
189755 5 1920
190755 6 849
190761 1 1296
191654 7 185
192254 7 583
192744 3 97
194364 8 519
196167 5 2289
196537 4 124
196551 2 139
197122 2 138
197325 4 135
197448 4 126
198508 3 123
199411 6 217
199416 10 281
199931 7 212
202079 6 110
203380 6 129
203498 2 93
203520 1 144
203826 6 145
204330 4 102
204384 10 515
206790 3 243
207383 8 458
208074 3 127
208194 5 121
208644 8 314
208750 2 160
208971 6 99
209601 3 138
210853 3 127
213080 1 126
213531 4 129
216815 20 1475
217885 1 152
218314 12 492
218606 3 167
222014 7 151
222853 19 434
223304 6 781
224262 2 157
224731 2 112
227521 3 127
228569 3 137
229516 21 567
230779 4 79
232284 22 1963
232798 5 230
232859 1 479
234390 1 614
234855 1 358
237937 1 270
241493 1 531
243652 2 12186
243698 14 29409
243890 2 13160
244515 115 137580
244798 17 24677
244846 36 32902
245224 2 3016
245449 9 35219
245722 29 32503
245803 49 4020
247209 80 48787
247224 9 16820
247469 325 160821
248626 8 7767
250722 37 20017
251547 7 926
251558 8 4653
251582 1 1324
251723 52 22213
251939 8 5124
251949 10 2436
252921 60 52519
253018 230 331696
253849 32 22736
255061 9 7690
255728 40 32235
255996 4 5015
256004 11 4283
256341 25 36933
256625 4 4312
256946 2 6027
257325 14 3462
258059 11 14205
259407 1 311
259408 2 639
259409 1 468
259410 1 351
259412 1 576
259413 1 570
259414 1 252
259417 1 552
260764 4 283
263407 1 288
264004 6 485
267201 6 661
267309 1 239
267609 2 424
268729 1 412
270111 2 397
271411 6 620
271429 3 268
275310 2 357
275312 6 400
276259 7 364
276260 13 443
276267 7 477
276271 15 531
277093 11 484
277098 13 625
277938 8 540
278514 19 446
279712 2 389
282158 8 629
282575 2 253
282651 4 382
284360 3 418
288454 5 361
288770 2 441
289152 2 75
289154 2 73
289192 3 675
289194 3 676
290525 8 412
291163 7 376
292736 4 1768
293140 3 491
293507 3 433
293512 5 505
293513 4 482
293546 2 470
293620 1 383
297616 2 502
297617 2 259
298929 1 388
298934 1 422
299679 2 343
302898 15 766
304314 1 392
304315 1 537
307042 1 372
309030 5 314
310925 2 255
311355 69 64459
311983 1 938
312810 2 487
314375 2 417
314512 20 52248
319855 7 200
321989 1 32
322439 1 112
326945 3 225
327358 10 456
329383 1 354
330827 20 455
330990 2 186
331060 4 390
331216 5 172
331218 3 220
331327 7 254
331438 1 296
331547 1 143
333721 4 405
336272 2 296
336609 4 83
336612 10 303
336703 5 91
343382 9 797
345168 2 61
346014 3 184
347388 2 57
348622 1 148
348634 4 929
351368 2 155
353865 3 541
353891 1 981
354661 2 681
354669 1 201
354704 1 673
354714 1 763
354715 3 689
355258 2 332
356542 1 227
357252 2 339
357673 8 162
361956 6 174
362239 2 71
362338 3 112
362478 3 132
363171 6 195
364205 1 581
370089 2 81
371350 1 787
375299 2 97
377085 1 312
377479 3 114
381265 2 547
382376 1 524
393438 7 703
393439 3 213
397922 1 147
403277 3 606
403286 3 617
403291 1 820
403571 1 176
409748 2 384
414088 7 856
414108 2 647
415743 1 479
417720 3 726
418430 5 195
423181 1 142
424429 2 313
427145 1 275
431165 1 204
436272 8 464
437195 2 124
438162 2 80
438215 4 117
439473 8 385
439474 5 715
441108 5 420
441723 1 168
445160 2 944
445923 4 163
452188 3 383
457757 9 273
459174 3 1148
459474 1 478
459476 4 697
459491 4 665
459494 2 834
461149 2 502
462065 1 69
463080 1 380
465021 3 151
468510 1 179
473152 1 368
473391 5 443
473447 2 1325
474688 1 40
476291 13 367
478183 2 484
482108 1 185
485247 1 902
489264 4 105
490899 3 304
491590 3 537
491598 1 590
491603 3 536
491605 2 509
491614 1 760
491617 1 1085
491792 1 52
494137 13 468
494956 1 107
495375 1 428
496015 3 1372
496869 4 613
497189 4 93
500126 3 300
501416 1 90
503893 2 274
505365 1 107
507740 4 226
507998 3 219
510556 1 1096
511888 1 116
513044 8 598
513056 2 551
513059 4 829
513997 1 69
519096 2 113
519934 7 319
520862 2 141
342 3 141
1055 2 178
1241 2 467
1757 2 370
2265 3 340
3349 4 252
3415 3 114
4500 2 233
5021 1 514
5841 1 206
6978 9 445
7140 1 300
7934 2 324
10256 3 288
12094 1 242
13422 1 318
14688 1 288
15211 5 331
15308 2 560
15332 10 413
15435 5 441
15551 4 501
15603 1 322
15646 1 303
15885 2 605
15927 1 440
16644 3 367
16810 2 402
17084 3 519
17223 4 319
18348 2 434
18963 2 347
19927 2 523
20173 6 710
22011 2 623
22016 3 331
22117 1 470
22600 4 453
22777 2 264
22863 2 374
28772 3 130
28990 2 345
29043 1 333
30161 2 239
30780 1 360
30883 1 276
33185 1 220
33760 1 152
34721 7 173
35155 2 514
35171 1 204
35190 1 356
35228 1 269
35311 4 233
35341 1 246
35363 3 638
35423 2 476
35724 1 305
35864 1 428
37402 1 465
37463 6 590
37485 3 433
37498 3 799
37708 1 406
38064 2 295
38267 4 352
38327 4 539
38436 1 174
38474 10 329
38554 1 375
38573 1 447
38871 1 233
39310 2 364
39408 1 410
39516 1 944
39600 3 307
39616 2 410
40200 3 357
40543 1 222
40895 2 669
41344 2 278
42387 1 194
42644 16 418
42924 2 360
44161 2 296
44296 1 301
44318 1 398
44647 1 288
45320 1 354
45911 1 266
46313 6 176
46775 6 389
47493 1 164
50133 1 140
51516 1 395
51700 2 394
52108 1 225
52202 1 212
53144 1 636
53145 3 609
53146 8 364
53767 3 593
54630 1 210
56409 1 405
58355 1 338
58979 2 206
61194 1 239
62117 2 347
63199 1 238
63256 3 689
63363 6 433
63558 3 633
64114 1 220
64376 4 417
64483 4 417
64675 1 385
65187 12 276
65189 12 276
65235 4 274
66432 2 134
66533 1 293
66551 1 308
67443 1 351
67476 1 513
68692 1 80
69273 2 477
70285 3 280
70387 1 347
70786 1 343
71334 7 309
72424 5 317
73354 1 279
73594 5 306
73871 5 216
74903 1 241
75161 2 388
75711 2 420
77431 3 204
78034 1 176
78356 1 605
78360 1 688
78424 2 523
78513 2 509
78824 1 594
79645 1 529
80436 1 737
80437 1 651
80466 1 1687
80480 3 3057
82003 73 7664
82211 2 673
82212 1 727
82521 3 2560
82778 1 1142
83284 13 4506
83286 46 10013
84368 1 2641
85368 86 74892
85645 484 153229
85647 71 2925
85800 1 2661
86753 394 173871
87200 1 118
87803 29 10785
87805 9 8371
87807 5 14758
87949 61 12310
88787 47 16639
88789 1 1171
89164 3 611
89317 31 1227
89686 30 18025
89871 34 1707
90666 13 12952
94055 2 2324
94272 2 354
95187 1 3422
95363 67 33206
95395 3 382
95805 1 752
95806 1 989
96049 194 78606
96136 150 20896
96305 55 38919
96761 1 780
97032 17 3750
98040 36 24959
98042 7 11707
98048 9 13504
98326 10 1530
98770 1 683
99053 199 27408
99436 78 7025
100317 4 124
100675 1 190
100748 1 839
100884 1 42
101002 3 533
101030 5 461
101515 1 348
101660 1 50
102294 1 637
102503 3 175
103068 1 943
103079 9 1145
103080 7 502
103473 1 133
103574 1 1194
104151 5 8662
104564 1 88
104966 2 135
105116 1 650
105270 2 487
105276 4 591
105442 2 339
105778 2 533
106289 5 1562
106924 12 434
107032 1 530
108244 4 107
108257 1 958
109126 6 1941
109207 1 478
109508 4 530
109660 6 1297
110181 13 1338
110511 3 1724
110819 1 433
110922 1 551
110945 3 539
111151 2 722
111167 1 608
111256 1 521
111457 3 1267
112020 1 32
112045 1 368
112647 1 427
113016 2 692
113493 6 1309
113641 1 243
113775 2 495
114018 1 516
114041 2 910
114085 3 126
114138 2 317
114308 6 8586
114890 1 960
114970 1 1355
115226 2 48
115747 2 1600
115748 3 1316
116118 2 566
116700 1 201
116798 4 1252
116865 13 832
116866 2 502
117221 3 513
117487 1 372
117620 1 554
117752 3 1227
117800 3 97
117844 24 615
117845 4 420
118622 3 551
118801 8 781
118873 2 131
119559 2 513
119616 3 1551
119653 1 121
119814 2 844
120324 1 149
120466 5 315
120891 1 567
121972 3 439
122245 9 157
122447 1 1477
122481 2 1302
123493 2 721
123688 1 699
123749 1 558
124056 4 1214
124305 5 2625
124515 1 744
124861 2 389
124866 2 739
125503 1 349
125603 2 1115
125607 2 363
125614 3 2113
125675 1 353
125755 2 809
125975 1 445
126169 14 786
126505 1 1132
126663 5 1332
126876 4 694
127075 1 483
127114 7 8902
127183 7 680
127549 2 155
127665 2 49
127939 1 492
128951 1 427
129285 1 324
129780 1 364
131064 3 57
131136 20 317
132040 3 836
132095 3 354
132276 12 1310
132332 4 464
132363 1 137
132535 1 782
133252 2 1442
133523 1 256
133752 2 456
134202 1 1327
134267 5 67
134642 3 793
135118 1 371
136296 2 940
136311 4 8993
136552 1 119
136866 3 510
137000 2 509
137108 1 1716
137156 1 358
138049 10 543
138552 3 588
139061 1 461
139261 1 49
139666 1 1185
139779 4 605
139789 2 467
139813 1 645
139983 5 628
140594 2 214
141090 5 424
141254 2 157
141413 6 1554
141768 4 123
142053 1 219
142318 1 699
142319 1 525
142405 2 656
142488 2 513
143146 1 749
143291 1 72
143389 2 656
143679 5 268
143708 1 101
143763 1 591
143912 2 189
144293 1 635
144629 2 344
145147 1 507
145159 4 481
145548 3 795
145696 7 1501
146105 3 188
146570 2 1399
146851 1 680
146979 3 624
147133 9 9616
148012 8 115
148087 1 989
148225 1 354
148547 6 765
148702 5 621
148835 2 438
148858 2 155
148954 1 177
149157 1 126
149285 2 774
149432 1 217
150023 4 1009
150151 5 606
150173 1 665
150349 1 653
150717 2 676
151385 3 1141
151469 4 466
151615 1 59
151639 1 1268
151646 4 270
151842 1 601
152012 1 503
152043 13 779
152089 2 430
152147 6 1217
152149 5 734
152150 1 870
152206 11 540
152317 7 669
152386 2 617
152398 5 344
152766 7 522
152954 7 377
152955 3 687
153064 7 222
153215 1 487
153308 2 1051
153350 2 68
153500 3 193
153808 2 88
153831 7 130
154793 1 194
154979 3 143
154998 1 873
155144 3 1434
155435 1 664
155531 1 411
155942 8 638
156146 6 482
156295 2 303
156298 3 165
157270 1 202
157577 1 401
158285 6 348
158443 1 728
158583 4 81
158774 1 740
158800 16 1670
159064 3 68
159160 11 10016
159168 4 118
160106 2 1142
160134 1 1268
160251 2 369
160326 4 378
160671 4 1303
160706 1 1166
160760 5 1293
160788 1 55
160896 2 179
162102 1 1275
162281 5 368
164014 1 1091
164176 12 239
164357 3 2679
164387 1 358
164976 1 1480
165359 2 641
165452 1 196
165497 1 959
165498 2 697
165514 2 664
165558 7 3433
165592 1 72
165694 13 1335
165926 8 1835
166454 2 92
166784 3 1037
166917 8 1306
167268 3 705
167485 3 128
167593 5 2703
167641 3 1114
168939 1 511
169621 2 338
169622 4 499
169654 3 472
169781 7 8290
169782 1 525
170016 2 667
170310 2 570
170405 1 426
170764 12 435
171356 6 777
171779 3 583
172813 1 774
173054 3 584
173072 8 1513
173119 6 235
173154 2 701
173386 1 659
173515 2 612
173636 1 401
173676 1 528
174699 2 102
175863 6 140
176067 7 145
176119 9 234
176597 8 206
177022 2 100
177070 3 110
177302 8 175
178592 6 114
178809 8 137
178811 12 173
178812 6 104
178814 5 140
178816 8 177
178817 9 160
178818 3 147
178819 11 140
178821 6 143
178822 12 155
178824 5 122
178825 9 164
179664 17 439
179746 2 71
181756 3 489
181762 9 314
182565 11 128
183730 2 491
183757 15 674
183783 6 121
185778 9 93
186133 12 132
186141 3 143
187886 3 90
188451 5 125
189276 12 467
189279 14 294
189287 7 231
189753 8 533
189755 78 1920
190755 17 849
190761 42 1296
191654 3 185
192254 9 583
192744 1 97
194240 10 210
194364 25 519
196167 82 2289
196537 5 124
196551 2 139
197122 5 138
197325 7 135
197448 3 126
198508 6 123
199411 7 217
199416 13 281
199931 8 212
202079 7 110
203498 8 93
203520 6 144
203826 5 145
204330 4 102
204384 15 515
205353 3 140
206790 9 243
207383 9 458
208074 4 127
208194 2 121
208508 7 166
208750 8 160
208971 4 99
209601 7 138
209761 1 98
210853 3 127
210930 6 249
213080 3 126
213531 4 129
214167 1 128
215398 3 128
216815 2 1475
217885 7 152
218314 14 492
218606 5 167
220687 1 108
222014 6 151
222853 21 434
223304 10 781
224262 3 157
224731 3 112
227100 8 184
227521 1 127
228569 3 137
229516 11 567
230779 3 79
232284 46 1963
232798 2 230
232859 4 479
234390 1 614
234733 1 206
234855 1 358
237937 5 270
239030 9 291
241420 1 321
241493 4 531
243652 7 12186
243698 9 29409
243890 39 13160
244515 151 137580
244798 56 24677
244846 44 32902
245224 3 3016
245449 81 35219
245722 25 32503
245803 32 4020
247209 299 48787
247224 52 16820
247469 570 160821
248626 29 7767
250722 94 20017
251547 2 926
251558 25 4653
251582 4 1324
251723 61 22213
251939 10 5124
251949 3 2436
252921 336 52519
253018 641 331696
253849 25 22736
255061 17 7690
255728 44 32235
255996 27 5015
256004 14 4283
256341 120 36933
256625 6 4312
256946 3 6027
257325 16 3462
257338 1 7890
258059 52 14205
259407 5 311
259408 1 639
259409 3 468
259410 10 351
259412 1 576
259413 6 570
259414 4 252
259417 3 552
264004 3 485
267304 3 471
267609 1 424
268729 6 412
270111 1 397
271411 15 620
271429 6 268
275310 2 357
276267 4 477
276271 1 531
277093 3 484
277098 3 625
277938 2 540
278514 2 446
279690 1 270
279712 1 389
282158 2 629
282651 1 382
284360 3 418
287005 6 236
288454 1 361
288770 1 441
289192 3 675
289194 3 676
290525 1 412
291163 5 376
292736 1 1768
293546 1 470
293631 2 635
293639 2 376
293649 2 245
297467 28 551
297612 3 499
297616 1 502
299676 2 423
299677 1 232
299679 4 343
300338 1 512
302898 2 766
307039 8 469
307042 5 372
309030 2 314
311355 98 64459
312810 2 487
314375 2 417
314512 290 52248
319855 7 200
322439 2 112
326945 1 225
327266 6 246
327358 11 456
329383 1 354
330105 2 280
330827 1 455
331060 16 390
331216 7 172
331218 1 220
331327 7 254
331438 5 296
336272 5 296
336612 7 303
343382 30 797
345168 1 61
346014 4 184
347388 2 57
348622 1 148
348634 5 929
351368 1 155
353865 6 541
354661 1 681
354714 1 763
354715 3 689
355258 6 332
356500 1 137
357169 1 133
357252 4 339
357673 4 162
361956 5 174
362478 5 132
363171 7 195
368617 1 89
371350 8 787
375299 2 97
377479 3 114
382376 1 524
382636 3 116
383392 1 183
393438 16 703
393439 5 213
396026 1 43
403277 1 606
403291 2 820
408611 2 212
414088 5 856
414090 1 739
414108 3 647
417227 3 615
417720 4 726
418430 2 195
419501 1 276
421146 1 104
436272 8 464
437195 1 124
439473 10 385
439474 14 715
441108 2 420
445160 2 944
445923 4 163
452188 2 383
459174 5 1148
459474 1 478
459476 4 697
459491 2 665
459494 3 834
461149 17 502
462065 1 69
463080 1 380
468082 1 149
468510 2 179
470610 5 179
471718 2 102
472180 2 322
473152 1 368
473391 2 443
473447 1 1325
476291 1 367
478183 2 484
485247 6 902
489264 5 105
490899 3 304
491590 3 537
491598 2 590
491603 5 536
491605 4 509
491614 1 760
491617 1 1085
491792 1 52
494137 6 468
494956 1 107
495492 1 288
496015 4 1372
496869 2 613
497189 1 93
500126 1 300
501416 2 90
503893 2 274
504158 1 140
507740 1 226
510556 5 1096
513044 14 598
513059 1 829
519934 3 319
520862 2 141
523922 1 300
524135 1 269
