239 1 340
271 1 421
282 1 448
350 3 694
914 1 210
1667 1 138
1840 2 281
1854 1 162
2149 1 502
2400 1 279
2448 1 200
3154 1 392
3186 1 440
3345 1 486
3412 1 328
3480 1 440
3603 1 368
3633 1 335
3957 2 205
4066 2 400
4101 3 349
4239 1 266
4338 1 360
4345 1 394
4512 1 384
4668 1 377
4864 1 219
5053 2 371
5075 2 623
5335 2 440
6587 1 490
6666 2 300
6821 1 286
6840 1 412
7013 2 536
7605 1 285
7805 1 287
8050 2 499
10714 1 157
10753 1 395
10814 1 177
11024 1 215
11384 3 678
12125 1 573
12245 1 427
12264 1 295
12539 3 298
12672 1 451
12673 1 316
12914 2 485
13453 1 504
13679 1 127
13693 1 490
13742 1 560
13747 1 108
13870 1 483
14002 2 426
14347 1 191
14357 2 281
14558 2 446
14575 1 249
14620 2 205
15170 1 340
15469 1 315
15830 1 284
15939 1 546
15949 3 626
15955 2 495
16004 2 342
16007 3 433
16089 1 233
16335 2 242
16343 2 456
16441 1 151
17212 2 278
18236 1 195
19424 1 338
20058 1 284
20101 2 505
20104 1 117
20754 1 218
20776 3 232
21463 1 319
22105 1 471
22477 4 450
22859 1 325
23357 2 544
23694 1 542
23781 1 407
23858 4 466
24426 2 298
24936 2 144
25232 1 629
25260 1 579
25405 1 272
25490 2 552
25616 1 495
25621 4 163
26769 1 105
28354 1 110
28692 1 188
28753 1 470
28971 1 500
29058 1 285
29583 1 472
29584 2 381
29615 1 432
29616 1 370
29633 1 213
30603 1 468
31055 2 184
31229 2 373
31614 1 354
31674 1 354
32236 1 511
32279 1 271
32324 1 410
32342 1 425
32346 1 161
32647 1 311
32814 1 194
32943 1 356
32985 1 219
33011 2 398
33025 3 454
33106 3 366
33447 2 196
33455 1 555
33457 7 217
33495 1 234
33611 1 492
33618 2 732
33632 9 604
33634 2 468
35044 5 467
35045 1 196
35439 1 338
36111 1 212
36410 1 361
37769 1 319
38192 1 204
38577 1 462
38869 1 287
38984 1 220
39077 3 227
39935 1 265
39957 1 177
41077 3 205
41293 2 314
42875 1 439
42962 3 482
42971 1 380
43436 1 231
44464 3 347
44479 1 378
44646 1 86
44833 1 300
45110 1 95
45334 2 135
45487 3 332
48188 1 118
48616 3 79
48932 2 310
49256 2 128
49271 3 338
49603 1 200
49909 1 337
50888 5 210
50965 3 310
50983 1 142
51084 3 291
52095 1 117
52479 2 217
52779 2 248
52959 1 109
53596 1 383
53852 1 433
54378 1 204
54405 1 213
55538 1 124
56018 2 212
56522 1 369
57586 2 614
57719 2 311
58943 1 444
59360 1 209
59373 1 584
59479 1 270
59756 1 176
59783 1 403
60612 3 168
60614 2 269
60838 5 356
60966 4 383
61147 5 204
61261 1 237
61564 1 461
61629 2 233
61882 1 323
62040 1 523
62103 1 184
63667 3 479
63985 2 470
64080 1 385
64223 3 311
64273 2 251
64521 1 240
64525 1 191
64630 1 251
64693 2 426
64910 5 113
64934 5 434
65106 3 345
65468 1 361
66459 1 516
68933 1 315
69077 1 298
69424 3 146
69664 1 264
69805 1 346
69812 1 170
69923 2 340
70065 1 441
70283 3 477
71224 3 131
71325 4 418
71431 1 175
71617 1 211
71751 3 230
71758 1 631
71884 2 447
72076 1 465
72731 1 346
73014 1 234
73017 2 406
73088 2 294
73240 2 506
73277 1 136
73331 2 389
74351 1 97
74365 13 558
74561 13 556
74597 4 236
76590 1 216
76779 1 474
76804 1 497
77062 1 180
77495 3 318
77732 1 378
77828 3 282
78755 1 80
80594 6 120
80596 9 654
81588 5 962
81700 3 3535
81763 33 17488
82239 4 1399
83674 5 13400
83910 1 705
84294 1 419
84706 19 25071
85096 2 8981
85191 2 26
85368 25 74892
85481 42 70500
85645 77 153229
85773 62 82661
85800 2 2661
86034 24 48792
86217 1 272
86240 6 228
86344 1 3408
86753 52 173871
86864 55 21422
87347 11 1242
87803 14 10785
87805 2 8371
87807 1 14758
87814 3 155
89077 5 205
89318 1 4326
89381 185 7437
89446 4 200
89491 1 286
89493 1 346
89614 1 612
89706 3 167
90798 2 9998
91189 7 838
91738 88 23456
92128 1 886
92700 10 1255
93489 4 3132
93888 10 1440
94167 8 21131
94200 16 2652
95938 7 666
96027 3 30491
96037 9 46291
96041 7 32603
96049 42 78606
96051 1935 78869
96063 4 37082
96136 28 20896
96424 95 38462
97245 13 1601
97691 2 74
98040 8 24959
98042 3 11707
98044 3 9564
98046 3 18768
98048 3 13504
98050 1 14011
98136 35 1767
98795 2 281
98915 7 4704
99053 88 27408
99560 2 205
99595 8 295
99840 2 64
99951 2 518
99985 2 56
100066 1 1014
100113 2 275
100287 2 142
100340 2 265
100356 1 118
100553 1 96
100623 1 733
100710 6 425
100789 1 283
101002 3 533
101070 8 103
101162 1 995
101277 2 556
101435 1 985
101448 1 462
101486 1 733
101536 1 388
101570 2 542
101631 2 519
101680 1 161
102067 1 1058
102120 3 462
102159 3 752
102167 5 153
102291 1 432
102740 1 116
102890 1 267
102982 2 286
102987 1 199
103407 2 1042
103477 1 835
103720 7 1680
104197 1 161
104320 3 1328
104379 3 1257
104532 4 816
104568 5 574
104673 1 1086
104727 4 647
104733 1 1331
104885 1 623
104902 1 1042
104920 1 1519
105169 1 129
105566 1 185
105612 1 629
105668 1 105
105925 1 640
105930 1 53
106096 2 57
106142 2 237
106460 3 699
106595 3 1200
106665 3 377
106697 1 572
106767 7 1235
106961 2 534
107181 3 544
107194 1 163
107550 1 301
107574 3 115
107783 1 103
107974 1 483
108005 1 572
108168 2 1156
108442 2 604
108520 2 419
109087 1 155
109126 5 1941
109141 2 389
109252 4 653
109314 8 103
109598 1 1135
109707 1 415
109802 1 640
109853 42 634
109946 1 477
110072 3 573
110198 3 81
110511 2 1724
110797 4 1426
110993 1 526
111005 5 1302
111054 1 297
111088 22 1455
111202 5 1029
111267 17 1589
111429 1 982
111485 4 679
111546 4 645
111551 4 141
111742 3 660
112106 2 635
112114 1 357
112280 1 202
113001 1 102
113205 1 352
113329 4 663
113408 1 431
113493 7 1309
113640 1 708
113736 4 1834
114028 2 780
114356 6 1002
114363 3 385
114569 3 1158
114697 5 672
114863 2 1262
114934 3 523
114967 5 853
115095 3 244
115141 3 530
115280 1 525
115344 4 85
115514 2 628
115607 4 661
115757 1 845
115811 1 332
115913 1 146
116047 1 331
116307 1 448
116414 1 656
116454 2 629
116689 1 394
117250 1 1299
117355 5 877
117381 1 456
117424 8 109
117791 3 211
117937 2 1094
117996 1 153
118235 2 122
118350 1 498
118421 3 77
118584 6 1037
118611 2 96
118747 1 1174
119180 1 59
119305 1 526
119698 13 5402
119725 1 196
119771 6 527
119892 1 92
119992 1 336
120430 2 44
120605 2 469
120741 1 469
120747 3 1220
121021 4 375
121111 3 107
121201 1 585
121281 1 779
121372 3 126
121461 1 595
121655 1 121
121843 3 530
122354 2 449
122366 5 1017
122481 2 1302
122496 5 444
122661 3 1567
122692 1 1739
122780 4 1383
122817 6 501
122985 1 982
123089 1 1171
123127 7 455
123151 1 307
123381 3 1230
123897 4 1317
123950 2 571
124292 6 807
124680 1 393
124854 3 226
125006 3 135
125141 2 299
125159 3 578
125200 2 566
125257 1 1038
125444 1 513
125607 2 363
125614 3 2113
126470 9 531
126512 1 678
126768 1 304
126778 1 670
126962 2 1116
127115 1 127
127254 1 128
127404 4 1129
127516 2 233
127551 1 908
127567 1 817
127601 4 487
127723 1 99
127931 1 122
128010 1 141
128197 3 1278
128480 5 882
128642 2 103
128761 1 922
128911 1 1131
129057 2 593
129439 1 1341
129464 1 774
129626 5 287
129757 2 711
130266 2 948
130796 1 262
130955 3 897
131055 2 93
131068 2 65
131215 2 173
131237 1 78
131424 2 51
131575 7 788
131770 5 629
132103 1 1240
132149 1 718
132402 1 2389
132700 1 690
132711 2 48
133065 1 657
133122 6 595
133830 1 144
134096 5 627
134117 1 1307
134361 2 567
134368 5 742
134911 1 122
134962 2 955
134966 29 571
134984 5 588
135006 7 366
135103 1 350
135363 2 1149
135515 1 644
135812 1 582
136456 5 627
136552 2 119
136569 5 523
136792 1 148
137150 4 590
137249 1 351
137410 1 448
137487 1 102
137651 2 76
137849 2 671
137871 1 887
137926 3 937
138081 3 578
138122 1 257
138260 3 1009
138535 5 552
138714 1 248
138729 2 642
138793 9 762
138946 1 530
139179 6 223
139279 1 426
139392 1 595
139591 3 65
139833 4 183
139860 5 178
140201 2 951
140240 1 367
140372 5 628
140567 1 515
140670 2 65
140878 6 578
140980 4 1492
141043 3 1161
141154 1 377
141198 1 465
141409 2 1237
141736 5 619
141785 1 178
141903 1 247
142225 1 591
142294 3 123
142617 2 325
142713 2 234
142925 1 580
143014 3 1583
143388 1 1566
143691 1 422
143707 3 807
143853 5 726
143933 1 791
143937 1 253
144211 1 440
144248 1 678
144630 1 186
144709 4 915
144760 3 626
144842 3 519
144855 1 872
144950 2 685
144955 5 334
144975 3 540
145086 7 1023
145162 4 739
145197 1 148
145310 1 212
145333 1 279
145444 3 607
145508 1 656
145768 1 137
145774 3 561
146013 2 866
146046 1 1255
146047 1 906
146398 2 532
146444 1 733
146458 2 609
146481 1 1638
146548 2 855
146555 6 948
146569 1 931
146684 6 866
146747 4 1340
146801 4 77
146803 2 555
146823 1 725
146863 1 498
146898 1 453
146992 7 765
147066 1 423
147079 2 725
147105 1 154
147246 4 1005
147362 4 112
147582 6 1384
147750 5 768
147782 4 750
147783 5 710
147828 5 648
147877 1 621
148097 2 765
148101 4 1476
148205 2 712
148250 1 133
148283 1 102
148565 2 1613
148683 2 520
148686 1 362
148886 6 1400
148895 5 1577
148964 4 672
149202 9 597
149277 3 625
149574 5 530
149657 10 700
149715 4 1192
149776 1 137
150129 1 628
150486 5 339
150645 3 593
150945 11 566
151042 3 694
151624 5 469
151688 5 128
151857 1 553
152201 2 632
152238 3 496
152279 4 793
152329 1 660
152634 3 444
152794 2 699
153024 2 896
153270 5 1042
153718 1 112
153727 1 133
153748 1 235
153905 7 636
153943 2 59
154036 3 4041
154042 8 1666
154043 1 1000
154671 5 56
154856 2 267
154914 3 762
154923 5 609
155114 9 708
155132 2 109
155396 4 529
155765 2 1091
155925 5 545
156000 4 467
156174 1 407
156286 1 920
156472 6 661
156678 2 514
156771 1 1264
156808 2 40
156876 5 683
156912 3 580
156941 3 2537
157089 5 1412
157097 3 603
157241 2 185
157264 3 1120
157397 3 499
157406 5 1086
157576 5 666
157605 1 149
157608 4 592
157949 2 481
158078 1 517
158115 1 137
158135 2 942
158202 3 1427
158218 1 304
158855 2 430
158934 2 802
158987 1 471
158988 1 329
158991 3 353
159160 9 10016
159289 1 494
159716 2 184
159749 3 528
159783 1 668
159816 5 577
160020 1 109
160056 6 587
160094 2 555
160129 2 629
160332 2 863
160337 2 349
160399 5 1925
160594 1 656
160645 1 391
160745 1 335
160761 1 197
160854 3 654
160867 1 151
161018 2 148
161021 1 1875
161100 2 442
161210 8 1310
161416 1 469
161520 1 557
161567 2 426
161694 2 1357
161972 1 169
162165 5 1075
162239 4 98
162615 1 740
162745 2 345
163208 1 180
163245 3 678
163263 2 513
163307 2 605
163361 1 1245
163406 2 207
163728 1 141
163765 6 649
163929 3 825
163935 3 404
163987 1 699
164154 2 634
164283 2 1256
164399 1 397
164723 3 529
164825 8 1029
165157 3 162
165174 2 970
165356 10 1365
165366 3 348
165415 5 683
165614 1 403
165649 2 165
165884 2 338
165926 2 1835
165947 1 782
166146 2 204
166255 1 104
166326 1 213
166601 3 75
166629 1 136
166796 7 599
166846 3 89
167014 3 667
167306 1 1063
167593 1 2703
167641 1 1114
167974 2 287
168016 2 313
168819 1 153
168838 1 1704
168856 2 720
169026 1 558
169180 1 575
169247 5 383
169262 4 736
169620 1 655
170006 3 689
170173 2 543
170624 1 453
171013 1 66
171163 4 192
171239 1 1455
171810 9 264
171925 3 616
172165 5 861
172422 2 2130
172444 1 391
172678 4 1423
172740 1 443
172914 1 653
173072 3 1513
173264 6 725
173557 1 125
173978 4 1231
175132 3 413
176908 5 130
180602 5 313
181025 1 71
181661 1 113
181898 1 356
182656 2 73
183835 1 100
186200 1 434
186297 2 661
187856 1 101
188276 1 180
188536 2 461
191121 3 142
192827 9 754
192852 1 476
194749 3 144
196685 1 521
198115 1 128
199037 4 156
201689 4 119
202497 1 106
203054 2 98
204271 5 82
204593 1 488
204614 2 258
205048 2 145
205160 1 126
205325 2 136
205332 2 90
207804 6 134
211585 2 123
213576 1 87
215156 1 105
215233 1 98
216923 3 87
219339 3 143
219505 2 2185
219506 2 2187
221767 1 86
221773 1 68
222472 6 132
224684 2 73
225002 1 379
227674 4 115
227754 1 345
228854 1 61
229198 1 146
230238 2 118
231312 2 446
231355 3 200
231378 3 1130
231398 6 1745
231907 3 1001
232568 4 1226
233128 5 1804
233226 1 381
233250 2 2578
233842 1 261
234314 9 851
234330 21 1861
234641 3 910
234802 2 1046
234914 1 455
234928 1 366
235147 1 379
235198 1 659
235538 14 2527
236273 1 156
236389 3 567
236628 1 159
236759 2 586
236794 1 775
236982 6 1691
237256 4 923
237339 7 281
237414 2 516
237441 7 2038
237468 3 675
237609 1 328
237654 3 453
237841 5 595
237844 9 632
238162 1 868
238305 9 1105
238310 13 3451
238369 29 1253
238408 3 306
238923 27 18797
239180 3 1025
239347 8 235
239752 23 1815
240366 66 117963
240407 1 449
240510 16 1698
240677 3 237
240956 29 1181
241003 3 834
241148 6 248
241354 4 335
241466 2 199
242263 3 433
242450 1 944
242659 122 11956
242798 3 7378
242889 1 4454
242893 3 8294
242916 19 19607
243021 26 14242
243220 50 1491
243248 51 97794
243249 9 55340
243328 4 30540
243402 26 10550
243568 4 51992
243633 1 3548
243636 11 73383
243698 22 29409
243742 26 52641
243791 5 1755
243794 10 3147
244000 1 5203
244230 23 10715
244236 4 15393
244297 1 2694
244317 7 2915
244483 3 12243
244515 97 137580
244522 2 2685
244552 22 4210
244742 31 48422
244842 6 6838
244846 44 32902
244865 28 14342
244998 24 56078
245029 7 93035
245065 47 28651
245082 1 5087
245126 6 10341
245196 1 575
245346 5 21516
245412 1 483
245458 16 5144
245637 2 3806
245668 8 47659
245722 18 32503
245885 1 6023
245888 2 3351
246003 6 79294
246208 20 7991
246220 18 47306
246245 7 8721
246381 17 3165
246544 1 848
246547 2 806
246603 15 39939
246608 22 5458
246610 158 29250
246695 485 65027
246710 7 14592
246762 16 3331
246812 4 2231
246881 1 2115
247016 28 10957
247209 22 48787
247387 17 63961
247406 88 42749
247469 137 160821
247550 198 255154
247744 21 727
247814 19 2686
247974 9 15560
248102 35 14517
248283 2 3095
248562 39 40310
248594 88 9671
248610 13 211360
248634 34 38855
248688 3 17594
248690 6 12689
248712 7 11964
248788 25 56946
248809 73 45708
248910 9 10597
249076 127 36189
249190 7 14664
249274 9 19783
249570 22 33965
249576 1 7023
249740 171 228328
249780 7 14381
249883 33 10505
249902 60 35189
250059 86 37994
250060 2 1239
250073 11 19941
250267 10 10956
250435 1 4083
250438 2 7362
250531 2 9308
250616 4 37169
250722 21 20017
250893 12 42856
251085 13 15468
251143 15 13145
251158 2 5819
251160 4 5200
251314 1 2380
251558 4 4653
251602 17 12934
251603 7 17552
251785 54 19094
251800 2 24372
251807 27 2059
251901 1 11936
251957 1 1453
252154 45 29717
252227 2 4408
252265 4 108
252283 6 8947
252441 1 4164
252474 24 81579
252555 75 27002
252626 3 7717
252921 26 52519
253018 189 331696
253067 51 104143
253222 5 4529
253259 4 26507
253311 5 35432
253454 1 2583
253462 14 48129
253557 6 37233
253593 100 171848
253661 8 22094
253795 10 27039
253934 2 27329
253935 2 1984
254108 81 174176
254168 2 280
254611 5 11669
254681 1 2624
254689 2 21372
254741 16 1763
254871 8 36421
255144 45 25727
255255 2 564
255289 25 51128
255291 3 16491
255417 30 27737
255476 17 44402
255634 70 29071
255735 22 4636
255777 54 64507
255830 113 84137
256155 76 22080
256282 24 10491
256283 103 34425
256286 155 24252
257016 1 7719
257049 11 26471
257133 2 26221
257305 59 37731
257306 40 19070
257344 46 45609
257345 162 89736
257396 17 3818
257470 1 6033
257474 6 8990
257625 38 23419
257781 7 1833
257812 26 103213
257892 22 6206
257969 13 10760
258022 4 6898
258145 2 25755
258225 46 14533
258361 31 26906
258559 22 52150
258636 4 15270
258695 23 1657
259048 4 8110
259115 4 25791
259128 14 9702
260840 9 122
261043 3 380
261044 1 300
261046 1 442
262692 1 412
267404 1 584
267563 1 435
268307 9 17203
269773 6 188
271189 11 456
271209 8 304
271237 3 227
271247 12 280
271850 7 20008
273704 6 104
279343 4 350
280755 57 32241
284232 14 2607
289528 1 478
291119 1 585
292640 1 396
292641 1 427
295181 3 501
298854 6 3484
300577 2 274
300587 2 318
300676 7 102
302953 4 661
302979 15 574
304011 3 205
305088 40 11759
306783 6 11472
308535 125 26545
311355 29 64459
313319 4 375
313431 7 101
313988 1 528
314512 326 52248
316106 1 32
316145 2 73
316331 1 44
316633 1 32
317053 1 34
318055 1 27
318634 1 28
319487 4 343
324158 2 582
326081 2 106
327002 5 235
329319 1 50
329604 1 127
331017 5 107
336514 3 126
336714 1 50
336716 1 38
338180 1 302
341646 4 634
344078 7 404
346612 1 124
351312 2 284
351539 1 33
356537 2 229
358458 1 40
360734 1 458
361813 1 663
364417 1 87
365118 1 28
365250 2 676
369186 1 120
369917 3 196
369964 1 26
372299 1 30
373098 2 111
375606 5 499
377623 1 118
378108 1 21
379056 1 128
379260 1 162
379275 1 53
379468 1 401
380867 1 134
381651 1 162
382078 4 593
385295 1 298
387695 1 206
387862 2 45
391344 4 329
392094 1 50
394408 2 303
395303 3 58
396530 1 170
396543 1 128
399407 3 96
400423 2 1631
404050 2 240
404065 3 239
406076 2 335
408219 4 109
411735 2 213
412616 1 131
417111 1 80
418080 1 119
419193 1 300
434171 1 471
436893 2 1728
438519 1 155
443845 1 166
444263 3 691
447372 3 69
450244 2 193
450268 1 147
450403 1 701
450887 3 39
455947 2 295
459029 3 83
461253 1 189
461422 2 95
462495 1 71
465317 1 205
466107 1 130
468346 2 47
469095 5 3148
471007 1 201
472650 1 189
472658 1 139
472962 2 53
473056 1 264
475459 1 80
480020 2 1227
480682 1 191
484017 1 90
484721 3 204
486138 2 436
486339 3 692
486875 1 80
487160 3 110
490425 1 126
491974 5 793
492898 3 135
495975 2 255
499552 1 92
500003 1 247
500858 1 85
501657 1 269
503537 3 255
509285 1 365
511876 6 557
513606 1 80
514513 1 233
516131 1 85
517464 6 208
519752 4 604
522366 1 147
239 3 340
251 5 350
271 6 421
282 12 448
350 13 694
353 4 340
434 5 411
559 8 255
599 7 244
642 8 376
914 5 210
1298 4 233
1667 4 138
1840 3 281
1846 8 226
1854 6 162
1909 2 524
2149 18 502
2233 3 140
2400 6 279
2421 2 356
2448 3 200
3154 11 392
3186 5 440
3345 2 486
3412 9 328
3445 2 470
3469 1 391
3480 4 440
3510 1 395
3603 1 368
3627 1 326
3632 11 305
3633 6 335
3684 4 448
3734 7 357
3785 3 496
3956 10 174
3957 5 205
3975 17 299
4037 3 265
4066 3 400
4067 32 540
4101 9 349
4151 18 511
4239 20 266
4304 8 264
4338 8 360
4345 27 394
4361 1 255
4409 3 561
4512 10 384
4562 14 254
4607 15 233
4668 1 377
4755 20 439
4827 28 452
4864 13 219
4921 13 300
4970 9 197
5021 26 514
5053 1 371
5075 2 623
5144 1 468
5182 10 187
5335 6 440
5391 1 316
5415 16 359
5796 9 184
6279 7 253
6392 9 408
6587 2 490
6666 13 300
6669 8 193
6715 6 422
6821 22 286
6840 6 412
7013 3 536
7193 11 384
7224 5 298
7277 4 287
7279 5 87
7605 3 285
7805 3 287
8047 6 411
8050 2 499
8491 2 485
8537 2 136
8593 1 183
9115 22 364
9792 6 150
9828 9 291
10310 6 350
10714 8 157
10753 3 395
10814 2 177
10961 8 367
11024 1 215
11338 8 107
11384 19 678
11502 15 282
11875 8 135
12125 7 573
12195 3 209
12210 1 149
12245 14 427
12264 8 295
12477 15 520
12516 12 227
12539 2 298
12672 13 451
12673 17 316
12757 3 304
12914 27 485
13099 22 341
13198 8 490
13453 17 504
13488 11 407
13679 5 127
13693 9 490
13742 10 560
13747 3 108
13767 5 288
13850 12 356
13870 6 483
13921 5 290
14002 5 426
14090 20 457
14178 17 463
14312 10 299
14347 8 191
14351 7 584
14354 4 537
14357 13 281
14519 15 342
14558 6 446
14575 8 249
14620 6 205
14705 5 190
14886 5 242
15071 4 399
15112 7 252
15170 14 340
15469 13 315
15520 9 239
15564 5 528
15830 4 284
15939 5 546
15955 17 495
15971 2 315
16004 14 342
16007 16 433
16089 4 233
16109 15 345
16160 16 280
16172 3 466
16321 5 477
16335 13 242
16343 33 456
16370 4 181
16441 5 151
16535 4 668
16987 21 281
17212 1 278
17548 8 321
18236 3 195
18413 1 362
18527 24 303
19081 20 381
19100 7 230
19424 12 338
19446 16 321
19481 11 232
19483 2 486
19571 24 447
19790 12 221
19803 8 248
20058 4 284
20101 25 505
20104 8 117
20155 15 244
20253 11 437
20350 12 447
20416 7 163
20754 2 218
20776 3 232
21129 3 247
21340 3 359
22105 4 471
22246 9 254
22477 16 450
22635 17 376
22681 12 299
22859 5 325
23273 10 333
23357 19 544
23566 9 511
23692 6 515
23694 20 542
23781 13 407
23818 3 91
23858 18 466
23891 3 336
23981 19 566
24249 3 215
24426 6 298
24489 15 378
24545 20 545
24812 8 459
24894 20 313
24900 23 396
24922 25 546
24936 4 144
25087 25 441
25152 11 195
25232 9 629
25260 11 579
25395 6 489
25405 11 272
25490 11 552
25616 15 495
25637 8 332
25745 10 348
25769 4 370
25886 12 357
26043 15 453
26350 3 402
26451 4 416
26674 19 194
26764 1 442
26769 5 105
26913 4 526
27022 2 348
27048 4 373
27190 11 240
27469 3 109
28217 13 318
28354 4 110
28692 12 188
28734 5 323
28753 8 470
28971 8 500
28986 4 436
28990 18 345
29022 13 449
29058 8 285
29076 5 267
29190 15 275
29303 4 424
29418 9 849
29493 14 317
29547 5 68
29583 37 472
29584 5 381
29615 9 432
29616 4 370
29633 1 213
29655 2 457
30100 8 167
30104 2 118
30199 8 269
30270 14 291
30603 29 468
30719 19 326
30878 32 420
30882 19 466
31055 13 184
31229 16 373
31295 6 647
31485 3 145
31614 4 354
31622 17 375
31674 4 354
31684 17 264
31868 16 223
32236 18 511
32279 13 271
32324 15 410
32342 21 425
32346 4 161
32353 24 352
32504 25 519
32647 13 311
32814 8 194
32943 8 356
33008 5 240
33011 8 398
33025 10 454
33106 14 366
33256 22 374
33413 8 236
33447 4 196
33455 2 555
33457 4 217
33495 11 234
33611 38 492
33618 5 732
33632 4 604
33634 3 468
34070 12 160
34428 1 177
34926 6 170
34940 11 160
35044 33 467
35045 10 196
35159 8 245
35439 3 338
35573 15 285
35617 20 353
35769 3 327
36111 6 212
36242 13 370
36410 24 361
36916 8 328
37079 5 440
37480 1 263
37642 3 147
37753 16 273
37769 5 319
37825 8 276
38560 23 444
38565 30 483
38568 29 491
38577 12 462
38721 1 233
38869 6 287
39077 1 227
39470 5 365
39935 9 265
39957 4 177
40019 9 196
40854 4 310
41077 5 205
41165 5 116
41293 16 314
41375 4 126
41451 13 246
41506 11 516
41660 11 480
41806 7 344
41939 1 215
41971 1 178
41979 1 223
41997 1 206
42091 14 480
42245 15 364
42346 15 185
42413 9 588
42854 1 267
42875 8 439
42936 3 167
42971 4 380
43203 3 421
43207 8 403
43376 13 465
43436 4 231
43469 7 326
43589 6 236
44237 9 105
44371 5 170
44464 4 347
44479 6 378
44646 2 86
45278 2 326
45346 7 554
45554 9 511
46285 23 590
46568 9 265
46748 1 225
46860 1 196
48188 1 118
48216 7 502
48240 11 553
48494 1 130
48879 8 256
49256 1 128
49603 2 200
49842 2 244
49909 19 337
50000 5 111
50148 7 355
50473 21 430
50888 8 210
50945 12 284
50965 14 310
50983 2 142
51084 14 291
51472 2 401
51586 3 558
51641 1 131
52095 5 117
52297 1 147
52397 20 451
52479 6 217
52779 6 248
52784 22 547
52959 4 109
53063 28 511
53107 5 313
53181 16 475
53323 12 305
53596 19 383
53852 7 433
54378 12 204
54405 4 213
54611 23 343
55072 15 404
55241 11 206
55242 22 404
55423 1 279
55944 11 568
56018 5 212
56266 20 363
56521 17 368
56522 19 369
56528 22 454
56716 5 137
57116 3 182
57329 7 451
57407 2 78
57719 19 311
57772 15 294
58323 3 434
58943 24 444
59161 2 103
59360 2 209
59373 16 584
59479 12 270
59756 1 176
59783 6 403
60125 18 420
60132 10 385
60133 18 445
60246 9 184
60612 2 168
60614 8 269
60838 6 356
60966 11 383
61147 3 204
61261 3 237
61295 4 278
61348 2 279
61392 1 128
61564 7 461
61629 2 233
61644 17 497
61794 9 642
61882 25 323
62014 6 195
62033 16 426
62040 7 523
62103 1 184
62458 5 211
62899 17 260
63233 6 205
63369 27 614
63624 1 121
63667 25 479
63985 4 470
64065 3 383
64080 1 385
64223 7 311
64273 22 251
64341 16 203
64365 19 197
64521 23 240
64525 8 191
64526 3 256
64617 18 269
64630 2 251
64693 6 426
64915 4 421
64934 2 434
65106 10 345
65468 3 361
66347 24 454
66381 6 130
66459 10 516
66594 9 225
66622 12 474
66623 6 550
66895 15 376
68933 7 315
69077 15 298
69178 5 190
69460 10 204
69664 16 264
69805 9 346
69812 1 170
69923 7 340
70050 25 480
70065 5 441
70283 25 477
70919 5 451
71224 1 131
71325 9 418
71431 3 175
71617 6 211
71751 12 230
71758 19 631
71992 14 389
72076 16 465
72127 23 319
72254 6 712
72504 11 341
72797 8 207
72925 8 319
73014 6 234
73017 7 406
73088 9 294
73121 7 445
73240 13 506
73277 10 136
73331 6 389
73378 11 518
73950 1 294
74059 4 321
74086 10 237
74157 13 359
74294 14 409
74351 4 97
74551 11 507
74646 10 136
75063 19 381
75268 16 358
75874 21 302
76403 3 179
76590 7 216
76804 23 497
77062 3 180
77495 18 318
77615 4 742
77732 16 378
78528 14 339
78620 5 142
78876 19 528
78877 4 445
79010 12 192
80584 4 120
80596 3 654
80911 5 113
80912 4 153
80913 4 153
81563 6 555
81588 12 962
81700 17 3535
81763 314 17488
81827 3 119
82316 5 174
82765 10 199
83343 5 188
83344 4 154
83674 1 13400
83910 7 705
84141 18 1029
84294 5 419
84432 5 107
84504 6 1810
84706 44 25071
85014 3 255
85096 207 8981
85368 58 74892
85481 6 70500
85645 425 153229
85730 5 561
85773 245 82661
86034 42 48792
86344 47 3408
86447 8 880
86753 6 173871
86831 5 138
86864 2 21422
87094 2 383
87227 5 128
87347 34 1242
87631 4 153
87803 433 10785
87805 296 8371
87807 325 14758
87940 21 930
88374 8 900
88875 5 140
89318 3 4326
89369 2 497
89381 5 7437
89491 7 286
89493 9 346
89494 4 573
89614 10 612
89615 2 295
89976 5 113
89977 6 105
89978 4 111
89979 4 107
90224 5 249
90798 1 9998
91189 28 838
91551 26 1972
91738 9 23456
91824 4 155
91825 4 105
92104 7 112
92105 4 107
92128 18 886
92531 2 428
92532 7 394
92700 7 1255
93114 33 2080
93332 5 313
93489 182 3132
93888 14 1440
93910 1 28
94167 461 21131
94200 48 2652
94226 5 104
95197 1 27
95841 4 43
95938 33 666
96027 4 30491
96037 203 46291
96049 38 78606
96051 4 78869
96063 3 37082
96136 25 20896
96424 32 38462
96734 4 274
96736 4 105
96738 4 107
96739 4 109
96740 4 288
96741 4 279
96742 4 106
96743 4 105
97245 3 1601
97646 5 161
97647 20 662
97691 1 74
98040 879 24959
98042 263 11707
98044 353 9564
98046 356 18768
98048 335 13504
98050 490 14011
98104 24 362
98256 15 1553
98299 3 496
98365 40 458
98795 9 281
99053 38 27408
99595 7 295
99904 8 109
99941 2 1107
99951 1 518
100066 4 1014
100362 7 513
100416 1 452
100553 1 96
100710 4 425
100719 7 268
100905 3 292
101002 1 533
101162 6 995
101277 1 556
101435 2 985
101448 2 462
101512 13 664
101570 9 542
101680 4 161
101838 5 671
101892 3 880
102120 2 462
102167 3 153
102234 11 161
102392 26 549
102417 7 127
102708 1 1006
102740 7 116
102847 14 219
102890 3 267
103007 11 400
103077 38 488
103249 9 667
103477 3 835
103549 6 193
103647 22 563
103650 2 53
103720 5 1680
103825 15 242
104018 3 784
104269 25 328
104307 4 523
104320 7 1328
104379 3 1257
104408 4 154
104455 1 495
104485 2 32
104568 1 574
104651 2 58
104673 34 1086
104727 2 647
104747 3 70
104874 20 397
104885 14 623
104902 1 1042
104920 48 1519
104965 6 81
105169 1 129
105179 6 278
105245 3 248
105268 6 140
105566 2 185
105589 21 620
105925 5 640
105971 11 191
106046 37 739
106233 2 299
106235 11 531
106279 23 511
106477 9 93
106665 16 377
106961 3 534
107194 3 163
107373 10 129
107386 1 623
107574 2 115
107669 15 189
107783 4 103
107974 1 483
108005 2 572
108155 8 360
108168 1 1156
108286 9 101
108442 1 604
108479 11 340
108520 2 419
108548 1 990
108900 5 67
109004 14 254
109141 19 389
109463 17 263
109506 10 232
109598 25 1135
109707 1 415
109758 11 180
109802 14 640
109946 5 477
110182 2 564
110219 11 138
110724 7 121
110825 18 459
110927 4 64
110988 6 602
110993 18 526
111054 11 297
111088 1 1455
111202 2 1029
111546 3 645
111582 1 511
111742 3 660
111848 1 60
112106 9 635
112166 10 124
112217 1 109
112274 2 1216
112291 38 714
112466 31 449
112635 17 364
112857 3 661
112899 1 156
113147 10 1320
113205 19 352
113329 4 663
113408 4 431
113413 1 1135
113485 3 147
113764 12 138
113846 2 450
114205 1 641
114571 10 167
114846 3 114
114894 2 684
114934 5 523
115118 30 452
115141 5 530
115144 7 620
115189 3 900
115519 30 556
115645 1 401
115757 4 845
116047 12 331
116232 4 944
116307 4 448
116800 5 725
117250 1 1299
117346 24 1086
117517 16 625
117582 27 903
117590 2 355
117996 1 153
118235 2 122
118747 6 1174
118864 4 95
119180 4 59
119305 1 526
119698 17 5402
119880 7 120
119982 3 1270
120185 1 174
120333 9 125
120419 12 295
120594 15 381
120605 17 469
120709 27 313
120824 18 413
121017 11 391
121201 4 585
121203 18 396
121230 12 166
121281 5 779
121348 12 225
121429 4 85
121627 5 2118
121655 5 121
121818 11 333
121843 3 530
121847 1 1214
122145 5 148
122272 7 103
122330 11 475
122431 9 127
122496 5 444
122502 6 130
122535 4 620
122692 37 1739
122817 2 501
122832 11 185
123089 3 1171
123505 5 245
123524 11 134
123950 1 571
124315 3 1355
124481 3 343
124743 6 187
124865 7 82
125006 2 135
125044 8 109
125141 9 299
125159 11 578
125444 1 513
125595 1 468
125607 1 363
125614 7 2113
125639 8 89
125838 5 201
125861 18 671
125927 4 353
126225 27 699
126411 6 121
126598 9 157
126650 5 111
126778 1 670
127554 1 327
127567 36 817
127723 6 99
127910 1 113
127931 6 122
128176 3 500
128394 9 178
128421 16 228
128764 34 493
128865 1 158
129067 6 119
129439 1 1341
129626 1 287
129757 7 711
130115 29 566
130117 4 53
130153 20 2207
130266 6 948
130550 12 227
130614 8 93
130669 7 118
130710 2 54
131051 1 41
131237 3 78
131268 3 636
131288 6 125
131693 8 124
131770 2 629
131820 9 167
132058 3 96
132088 8 194
132103 3 1240
132149 16 718
132177 6 129
132225 7 243
132555 2 110
132674 5 72
132700 6 690
133392 3 541
133520 14 327
133633 4 88
134117 18 1307
134361 5 567
134368 3 742
134472 3 1469
134537 7 92
134554 1 129
134601 1 121
134911 6 122
134962 18 955
134984 1 588
135091 12 148
135103 8 350
135311 6 113
135363 10 1149
135506 8 179
135515 22 644
135687 10 1660
135812 2 582
135995 5 411
136211 1 785
136466 11 535
136643 5 60
137039 3 76
137150 3 590
137487 1 102
137651 5 76
137660 10 321
137683 14 135
137720 3 788
137849 8 671
137871 5 887
138120 5 92
138122 14 257
138485 15 423
138535 1 552
138786 5 488
138888 7 184
138946 18 530
139074 12 470
139179 9 223
139210 4 112
139279 26 426
139315 2 217
139392 12 595
139459 4 907
139573 13 536
139576 12 361
139656 28 635
139945 14 268
139996 21 379
140201 15 951
140479 4 484
140662 3 760
140814 1 671
141043 3 1161
141736 3 619
141764 9 213
141852 31 543
141903 13 247
141979 4 442
142225 14 591
142463 5 260
142501 34 888
142557 2 103
142622 1 613
142713 2 234
142789 3 462
142830 10 170
142925 21 580
143014 2 1583
143110 16 482
143287 8 977
143505 5 94
143627 8 167
143691 15 422
143853 1 726
143933 2 791
144021 4 89
144133 19 498
144142 1 561
144630 3 186
144657 34 604
144745 16 423
144760 1 626
144850 29 516
144855 23 872
144928 1 401
144950 5 685
145162 11 739
145217 11 887
145236 4 1469
145317 4 71
145444 2 607
145508 1 656
145711 6 74
145915 11 157
146036 4 45
146046 2 1255
146238 17 1076
146548 2 855
146747 5 1340
146803 21 555
146823 4 725
146898 3 453
146992 3 765
147079 2 725
147246 1 1005
147367 15 253
147447 3 469
147582 17 1384
147750 2 768
147782 2 750
147783 3 710
147828 1 648
147877 8 621
147944 1 689
147994 8 121
148020 9 155
148100 15 295
148205 1 712
148214 2 527
148247 2 184
148283 4 102
148670 3 540
148683 1 520
148813 1 242
149108 4 78
149395 1 584
149776 3 137
149882 21 479
149986 5 258
150129 10 628
150180 2 63
150486 1 339
150534 21 597
150596 3 85
150645 4 593
150842 15 444
150859 29 700
151042 1 694
151298 2 692
151437 13 210
151563 10 130
151591 4 426
151826 9 877
151857 18 553
151875 34 665
151893 1 459
151912 7 410
151951 6 282
152112 2 62
152219 4 46
152599 4 93
152605 2 94
152794 2 699
152843 10 124
152860 12 289
153024 11 896
153215 3 487
153270 1 1042
153427 30 824
153611 1 524
153636 24 1288
153905 3 636
154562 4 100
154753 30 1410
154817 2 216
154829 7 207
155132 6 109
155144 14 1434
155396 5 529
155765 30 1091
155925 1 545
156472 2 661
156507 1 113
156678 2 514
156912 3 580
157241 5 185
157353 8 715
157406 1 1086
157596 8 119
157605 9 149
157949 15 481
158115 1 137
158137 3 587
158202 2 1427
158260 5 206
158316 10 370
158372 4 63
158391 3 242
158665 30 341
158855 1 430
158888 9 185
158987 3 471
158988 18 329
158991 1 353
159009 10 132
159142 18 322
159160 2 10016
159258 7 325
159289 9 494
159379 16 375
159700 5 357
159871 4 99
159998 8 93
160020 5 109
160056 3 587
160094 2 555
160129 3 629
160152 7 141
160332 1 863
160399 1 1925
160576 1 335
160594 21 656
160694 9 356
160745 14 335
160806 12 219
160816 3 360
160854 4 654
160867 10 151
161002 3 473
161021 4 1875
161071 4 69
161172 1 186
161377 2 118
161416 17 469
161520 2 557
161958 6 118
161972 7 169
162165 1 1075
162706 5 79
162745 23 345
162751 3 156
162802 4 128
163208 12 180
163307 3 605
163361 1 1245
163394 2 67
163728 1 141
163794 21 632
163929 3 825
163953 9 238
164016 1 458
164319 5 78
164399 15 397
164633 7 104
164635 6 94
164723 2 529
164731 1 254
164781 12 249
164941 2 127
165174 3 970
165356 6 1365
165366 2 348
165415 11 683
165649 12 165
165884 21 338
165947 11 782
165972 2 89
166146 1 204
166158 3 426
166188 7 1346
166215 4 86
166255 2 104
166273 10 390
166975 9 297
167251 6 105
167306 1 1063
167399 2 237
167542 1 1017
167593 3 2703
167614 16 350
167641 1 1114
167952 2 71
167974 2 287
168094 7 103
168204 3 107
168233 11 325
168439 25 459
168838 2 1704
169026 25 558
169032 5 808
169064 4 112
169093 7 885
169131 8 156
169134 8 112
169262 4 736
169435 22 774
169620 22 655
169971 7 435
170006 1 689
170234 8 104
170340 3 64
170624 7 453
171013 2 66
171239 38 1455
171354 5 265
171371 6 83
171733 16 266
172141 24 778
172612 2 38
172655 3 1251
172768 4 62
172769 5 92
172914 10 653
173557 4 125
173683 6 85
173691 6 838
174109 6 79
174159 1 655
176106 8 552
180602 1 313
187856 4 101
188192 7 122
190031 11 172
225602 6 121
231343 18 339
231355 5 200
231373 5 175
231378 39 1130
231655 10 188
231656 17 245
231907 17 1001
232495 40 734
232568 50 1226
232863 7 134
233080 5 527
233097 38 1091
233128 3 1804
233170 2 464
233226 15 381
233250 2 2578
233842 1 261
233977 2 408
234044 2 474
234296 12 351
234314 1 851
234330 1 1861
234412 10 192
234414 5 149
234641 63 910
234802 3 1046
234914 30 455
234928 9 366
235147 14 379
235198 1 659
235478 8 294
235538 1 2527
235658 4 252
235919 11 1025
236353 6 174
236466 2 479
236759 31 586
236768 7 1165
236794 3 775
237238 11 295
237256 39 923
237283 3 184
237414 30 516
237468 3 675
237609 10 328
237654 18 453
237745 1 610
237837 67 568
237841 16 595
238162 16 868
238260 24 296
238305 7 1105
238408 16 306
238876 33 434
238923 26 18797
239180 1 1025
239390 3 177
239752 28 1815
240366 265 117963
240510 2 1698
240935 2 206
240956 1 1181
241003 20 834
241148 24 248
241354 9 335
241466 11 199
241630 3 243
242108 5 1923
242263 1 433
242450 18 944
242659 2 11956
242798 7 7378
242889 8 4454
242916 4 19607
243021 31 14242
243196 19 13700
243248 299 97794
243249 6 55340
243327 11 8333
243328 54 30540
243402 3 10550
243568 8 51992
243633 10 3548
243636 51 73383
243678 10 116
243698 26 29409
243738 6 4338
243742 19 52641
243791 78 1755
243794 77 3147
244000 30 5203
244177 7 1895
244230 64 10715
244236 8 15393
244297 2 2694
244317 7 2915
244400 45 18019
244483 20 12243
244515 32 137580
244590 5 191
244842 12 6838
244846 88 32902
244865 30 14342
244945 5 179
244998 26 56078
245011 8 10535
245029 134 93035
245065 7 28651
245082 24 5087
245126 31 10341
245196 1 575
245237 6 155
245346 12 21516
245412 2 483
245458 78 5144
245637 1 3806
245668 32 47659
245722 1 32503
245885 14 6023
245886 54 3984
245888 45 3351
245998 6 26287
246003 99 79294
246208 13 7991
246220 78 47306
246245 12 8721
246381 11 3165
246394 2 358
246544 19 848
246547 1 806
246603 2 39939
246608 19 5458
246610 21 29250
246674 6 19215
246676 2 1858
246695 1 65027
246710 7 14592
246791 11 222
246812 2 2231
246881 62 2115
246893 39 1235
247134 6 119
247166 6 595
247209 26 48787
247387 14 63961
247406 10 42749
247469 55 160821
247550 288 255154
247710 8 223
247974 8 15560
248102 4 14517
248224 17 334
248283 1 3095
248562 2 40310
248610 152 211360
248634 10 38855
248688 5 17594
248712 1 11964
248788 38 56946
248809 10 45708
249076 3 36189
249274 2 19783
249570 15 33965
249576 37 7023
249584 15 1004
249740 164 228328
249780 3 14381
249883 5 10505
249902 96 35189
250059 1 37994
250073 34 19941
250283 5 8735
250438 3 7362
250452 3 16435
250531 2 9308
250616 7 37169
250722 7 20017
250893 59 42856
251085 13 15468
251158 11 5819
251160 5 5200
251314 14 2380
251602 5 12934
251603 13 17552
251781 1 5124
251785 9 19094
251800 2 24372
251807 10 2059
251901 2 11936
251902 2 4522
251957 7 1453
252154 1 29717
252265 5 108
252278 1 1834
252283 2 8947
252308 2 768
252474 26 81579
252555 1 27002
252612 9 138
252849 1 18559
252921 21 52519
253001 33 2769
253018 487 331696
253067 326 104143
253259 43 26507
253311 11 35432
253454 27 2583
253557 29 37233
253593 68 171848
253661 75 22094
253795 12 27039
254108 38 174176
254379 5 9858
254611 2 11669
254681 3 2624
254689 17 21372
254741 10 1763
254871 15 36421
255038 8 143
255255 1 564
255289 131 51128
255291 76 16491
255476 4 44402
255634 17 29071
255777 79 64507
255830 25 84137
256155 27 22080
256282 4 10491
256286 1 24252
256842 1 155
256848 1 7315
257049 39 26471
257133 11 26221
257306 59 19070
257344 17 45609
257345 16 89736
257396 9 3818
257470 2 6033
257474 21 8990
257625 38 23419
257812 11 103213
257875 2 642
257939 7 109
257969 12 10760
258022 1 6898
258145 82 25755
258222 1 216
258361 18 26906
258559 118 52150
258636 6 15270
258695 18 1657
259048 147 8110
259115 23 25791
259128 16 9702
261030 7 288
261042 2 304
261043 2 380
261514 4 131
262954 4 500
267404 1 584
267563 3 435
268307 873 17203
270065 2 349
270823 4 229
270825 3 149
271189 9 456
272387 2 245
272388 1 146
273341 3 497
273342 4 400
275380 4 112
276003 5 265
276008 3 158
276009 3 141
277430 4 126
277503 4 464
278335 4 239
279301 3 558
279304 5 432
279608 5 243
280966 6 268
282503 5 535
283234 3 78
283802 4 131
284232 52 2607
285539 3 117
285602 3 478
286548 4 113
287381 4 154
289528 3 478
290193 4 154
291114 3 429
291119 3 585
292441 6 252
292640 3 396
292641 2 427
293305 4 371
294930 4 160
296361 1 306
297203 4 126
297205 3 144
298166 2 555
298854 91 3484
299582 4 143
300160 4 120
300161 4 447
300577 2 274
300587 3 318
301208 4 128
301209 3 134
301210 6 489
302953 17 661
302979 5 574
303810 10 275
304008 5 113
304476 4 384
305088 262 11759
305505 4 126
305506 3 134
306146 4 290
306147 6 250
306783 1 11472
311455 4 140
311458 3 138
313319 2 375
313988 4 528
314512 13 52248
314752 6 672
316145 5 73
316331 3 44
318513 12 435
319487 15 343
323657 5 138
324158 19 582
327661 7 271
327779 6 320
328347 9 231
329319 3 50
329604 4 127
336514 2 126
336714 2 50
336716 2 38
338180 1 302
341646 1 634
344078 22 404
347526 1 42
348475 3 26
351312 6 284
351395 2 35
351539 2 33
356537 7 229
360734 5 458
360823 4 171
364417 4 87
364585 9 373
365118 1 28
365250 4 676
369591 2 94
369917 4 196
373098 2 111
375606 16 499
378488 3 33
379468 19 401
380210 12 739
382078 8 593
387695 3 206
387862 3 45
391344 13 329
395303 3 58
396530 8 170
396543 7 128
399407 3 96
401803 16 608
404045 3 91
404050 10 240
406076 17 335
407521 1 472
410459 16 310
411735 4 213
412616 4 131
418080 2 119
419193 9 300
434171 17 471
444263 16 691
447769 9 128
447773 19 254
450268 2 147
450403 1 701
453578 24 777
455947 3 295
456119 3 275
459029 2 83
459077 5 255
461250 1 149
461253 13 189
461422 1 95
462495 3 71
466107 5 130
471007 3 201
472650 13 189
472658 10 139
472962 2 53
475459 4 80
477257 15 306
480020 19 1227
480682 5 191
484721 10 204
486138 14 436
486339 28 692
486875 1 80
487160 5 110
490425 3 126
491261 4 134
491974 29 793
492898 1 135
495975 4 255
499359 8 431
499552 3 92
500858 1 85
501657 1 269
503537 2 255
505946 8 157
507258 3 178
509285 1 365
511876 4 557
514513 4 233
514770 8 255
516131 3 85
516276 4 352
519752 3 604
520185 10 250
522366 6 147
523732 2 57
524155 2 43
271 1 421
282 2 448
350 2 694
353 1 340
599 1 244
642 1 376
1298 2 233
1846 1 226
2149 1 502
3154 2 392
3412 1 328
3632 1 305
3633 1 335
3734 1 357
4067 1 540
4101 3 349
4151 4 511
4239 2 266
4338 3 360
4345 1 394
4562 1 254
4607 1 233
4827 1 452
4921 1 300
4970 1 197
5182 2 187
5335 1 440
5796 1 184
6392 1 408
6666 2 300
6669 1 193
6821 1 286
6840 1 412
7193 2 384
7224 2 298
7279 1 87
7605 1 285
8537 1 136
8593 1 183
9115 1 364
10310 1 350
10714 1 157
10753 1 395
10961 1 367
11338 1 107
11384 1 678
11502 1 282
11875 2 135
12245 4 427
12477 2 520
12516 2 227
12672 2 451
12914 2 485
13099 1 341
13198 1 490
13453 4 504
13488 2 407
13693 6 490
13742 6 560
13767 2 288
13850 1 356
13870 2 483
13921 2 290
14002 3 426
14178 2 463
14312 2 299
14347 1 191
14354 2 537
14357 1 281
14519 1 342
14558 2 446
14575 1 249
14705 1 190
14886 1 242
15071 2 399
15112 1 252
15520 1 239
15939 1 546
16004 1 342
16007 4 433
16109 1 345
16172 1 466
16335 1 242
16343 3 456
16441 2 151
16987 8 281
18527 1 303
19081 1 381
19446 1 321
19481 1 232
19790 1 221
20101 2 505
20104 1 117
20155 2 244
20253 2 437
20350 2 447
20776 1 232
21340 1 359
22105 1 471
22635 9 376
22681 2 299
22859 1 325
23273 1 333
23357 3 544
23566 5 511
23692 1 515
23694 2 542
23781 3 407
23858 6 466
23981 3 566
24426 1 298
24894 1 313
25260 2 579
25395 1 489
25405 3 272
25490 1 552
25616 2 495
25769 1 370
25886 2 357
26043 4 453
26674 1 194
26769 1 105
26913 1 526
27048 1 373
27190 2 240
27469 1 109
28217 2 318
28692 2 188
28734 2 323
28971 1 500
29058 1 285
29076 1 267
29190 2 275
29418 2 849
29493 1 317
29583 2 472
29584 1 381
30100 1 167
30270 3 291
30603 3 468
30719 2 326
30878 1 420
30882 2 466
31229 3 373
31614 2 354
31622 4 375
31674 2 354
31684 1 264
31868 2 223
32279 2 271
32342 2 425
32353 1 352
32504 1 519
32647 3 311
32943 4 356
33008 3 240
33011 2 398
33106 1 366
33256 4 374
33413 4 236
33611 1 492
34926 2 170
34940 2 160
35439 1 338
35573 5 285
35769 1 327
36410 1 361
36916 2 328
37079 1 440
37480 1 263
37642 1 147
37753 2 273
37769 2 319
37825 1 276
38560 2 444
38565 3 483
38568 3 491
38577 2 462
39077 1 227
39470 4 365
39935 1 265
39957 1 177
40019 2 196
41077 2 205
41165 1 116
41293 2 314
41451 2 246
41506 1 516
41660 1 480
41806 2 344
42346 1 185
42875 1 439
42936 1 167
42971 2 380
43207 2 403
43376 2 465
43589 1 236
44479 1 378
45554 1 511
46285 5 590
46568 1 265
48188 1 118
48216 5 502
48879 1 256
49271 5 338
49909 1 337
50148 2 355
50473 3 430
50888 5 210
50965 3 310
51084 2 291
52397 2 451
52479 4 217
52784 3 547
52959 1 109
53063 3 511
53107 2 313
53181 5 475
53323 3 305
53596 3 383
53852 2 433
54405 1 213
54611 2 343
55072 5 404
55241 3 206
55242 3 404
55944 3 568
56266 2 363
56521 4 368
56522 5 369
56528 2 454
56716 3 137
57116 2 182
57329 1 451
57407 1 78
57719 2 311
57772 4 294
58943 4 444
59373 2 584
59479 1 270
60125 3 420
60132 2 385
60133 3 445
60246 1 184
60612 1 168
60966 1 383
61564 2 461
61644 2 497
61794 1 642
61882 5 323
62014 1 195
62033 2 426
62040 2 523
62103 3 184
62458 1 211
62899 3 260
63233 1 205
63369 2 614
63667 2 479
63985 1 470
64223 2 311
64525 1 191
64526 1 256
64693 1 426
64934 1 434
66347 2 454
66410 2 80
66594 2 225
66895 1 376
68933 2 315
69077 1 298
69178 1 190
69460 1 204
69805 1 346
69923 1 340
70050 3 480
70065 1 441
70283 2 477
70919 1 451
71325 4 418
71431 1 175
71617 4 211
71751 1 230
71758 6 631
71992 4 389
72076 1 465
72127 1 319
72504 2 341
72797 2 207
72925 2 319
73017 1 406
73378 1 518
74157 3 359
74294 2 409
74351 1 97
74365 1 558
74551 1 507
74561 1 556
74646 1 136
75063 2 381
75268 4 358
76403 2 179
76590 1 216
76804 1 497
77062 1 180
77615 1 742
78528 1 339
78620 2 142
78876 3 528
78877 2 445
79010 1 192
80584 3 120
80596 2 654
80911 5 113
80912 3 153
80913 3 153
81563 5 555
81588 2 962
81700 2 3535
81827 3 119
82239 1 1399
82316 4 174
82765 5 199
83343 4 188
83344 3 154
83674 20 13400
83910 6 705
84141 3 1029
84294 5 419
84432 5 107
84706 5 25071
85014 3 255
85096 4 8981
85368 27 74892
85481 26 70500
85645 165 153229
85730 4 561
85773 30 82661
85800 3 2661
86034 7 48792
86344 19 3408
86447 3 880
86753 6 173871
86831 3 138
86864 43 21422
87094 3 383
87227 3 128
87631 4 153
87803 10 10785
87805 3 8371
87807 11 14758
88374 4 900
88875 3 140
89318 21 4326
89369 2 497
89381 1 7437
89491 6 286
89493 8 346
89494 2 573
89614 9 612
89615 2 295
89976 5 113
89977 4 105
89978 4 111
89979 4 107
90224 5 249
90798 3 9998
91551 1 1972
91738 9 23456
91824 4 155
91825 4 105
92104 5 112
92105 4 107
92128 7 886
92531 2 428
92532 2 394
92700 5 1255
93332 4 313
93489 6 3132
93888 4 1440
93910 1 28
94167 11 21131
94200 1 2652
94226 5 104
95197 1 27
95938 1 666
96027 11 30491
96037 20 46291
96041 74 32603
96049 37 78606
96051 25 78869
96063 26 37082
96136 16 20896
96424 4 38462
96734 4 274
96736 4 105
96738 4 107
96739 4 109
96740 4 288
96741 4 279
96742 4 106
96743 4 105
97245 2 1601
97646 4 161
97647 3 662
98040 18 24959
98042 11 11707
98044 1 9564
98046 12 18768
98048 13 13504
98050 1 14011
98136 8 1767
98256 4 1553
98299 3 496
98795 7 281
98915 1 4704
99053 37 27408
100066 1 1014
100426 1 116
100710 3 425
100719 1 268
101162 1 995
101486 2 733
102067 1 1058
102120 1 462
102708 1 1006
102785 3 1240
102847 1 219
102890 2 267
103249 3 667
103477 1 835
104018 2 784
104379 1 1257
104874 1 397
104902 1 1042
105179 1 278
105245 1 248
106233 4 299
106279 1 511
107386 1 623
107506 3 2286
107550 1 301
108005 1 572
108168 3 1156
108442 6 604
108548 1 990
109465 2 432
109946 2 477
110313 2 76
110988 2 602
111005 3 1302
111359 1 152
111546 1 645
111582 3 511
112106 1 635
112217 1 109
112274 1 1216
112466 1 449
112528 4 315
112666 3 402
112857 1 661
112910 3 147
113329 1 663
113413 1 1135
113736 1 1834
114205 3 641
114356 1 1002
114569 3 1158
114697 2 672
114863 2 1262
114894 2 684
115118 3 452
115144 2 620
115189 1 900
115645 1 401
116232 2 944
116307 1 448
117346 2 1086
117517 1 625
117582 4 903
118350 1 498
118368 3 1208
119305 4 526
119698 2 5402
119771 1 527
120605 3 469
120983 1 166
121021 4 375
121201 1 585
122535 5 620
122692 8 1739
123089 2 1171
123299 1 227
123505 3 245
123638 1 380
123914 1 579
123950 1 571
124481 1 343
124854 2 226
125006 1 135
125141 1 299
125159 2 578
125614 6 2113
126470 1 531
127554 1 327
127723 1 99
127910 1 113
128006 1 681
128911 1 1131
129067 1 119
129439 1 1341
129626 1 287
130550 2 227
131770 1 629
131820 1 167
132088 2 194
132163 23 533
132225 3 243
132903 4 962
133034 6 577
133724 1 296
134096 4 627
134472 1 1469
134911 1 122
134962 2 955
135515 1 644
135995 6 411
136211 3 785
136356 1 908
136541 2 148
136857 1 370
137720 4 788
138535 2 552
138786 4 488
139179 1 223
139315 1 217
139392 3 595
139459 2 907
139573 1 536
140201 1 951
140479 3 484
140662 2 760
140814 2 671
140980 1 1492
140986 3 591
141290 1 989
141903 1 247
142225 1 591
142622 2 613
142789 3 462
142925 5 580
143014 2 1583
143110 1 482
143287 3 977
143388 1 1566
143853 1 726
144142 6 561
144630 3 186
144745 2 423
144760 2 626
144950 1 685
144975 1 540
145197 1 148
145217 2 887
145236 4 1469
146046 15 1255
146238 1 1076
146398 1 532
146481 1 1638
146548 1 855
146569 1 931
146823 2 725
146863 2 498
147134 1 229
147246 1 1005
147582 3 1384
147653 3 469
147750 1 768
147782 1 750
147877 3 621
147944 1 689
148097 2 765
148205 1 712
148686 1 362
148886 1 1400
148895 1 1577
149202 1 597
149986 2 258
150129 2 628
150486 1 339
150645 3 593
150772 1 426
150945 1 566
151042 1 694
151591 1 426
152201 1 632
152634 3 444
152784 7 429
152794 1 699
153215 1 487
154043 1 1000
154875 1 66
155144 1 1434
155758 1 608
155765 1 1091
155925 1 545
155948 1 493
156472 3 661
156678 1 514
156876 1 683
156912 1 580
157353 1 715
157397 3 499
157406 1 1086
157608 1 592
157949 1 481
158137 2 587
158218 1 304
158316 1 370
159289 1 494
159783 1 668
159816 6 577
160129 1 629
160337 1 349
160399 1 1925
160816 2 360
160854 1 654
161002 1 473
161172 1 186
162165 2 1075
162615 2 740
163245 1 678
163263 2 513
163307 2 605
163361 1 1245
163406 2 207
163794 1 632
163987 3 699
164475 4 413
164731 2 254
165157 1 162
165174 1 970
165926 3 1835
166146 1 204
166188 3 1346
167399 1 237
167593 5 2703
168233 1 325
168594 1 151
169026 1 558
169032 3 808
169262 3 736
169620 2 655
171354 1 265
172422 1 2130
172655 1 1251
172678 1 1423
172914 1 653
173072 1 1513
174159 1 655
176106 9 552
180522 2 145
180602 4 313
188192 3 122
221767 1 86
231343 9 339
231355 1 200
231373 3 175
231378 5 1130
231392 1 223
231656 1 245
231907 1 1001
232495 2 734
232568 10 1226
233097 1 1091
233226 1 381
234296 7 351
234641 4 910
234802 3 1046
234914 2 455
234928 1 366
235147 4 379
235478 1 294
235538 4 2527
235919 6 1025
236328 1 191
236466 2 479
236759 2 586
236768 11 1165
236794 3 775
237238 1 295
237256 2 923
237339 2 281
237414 9 516
237441 2 2038
237609 2 328
237745 1 610
237837 4 568
237841 4 595
237844 1 632
238162 1 868
238305 9 1105
238310 2 3451
238369 3 1253
238408 1 306
238923 10 18797
239180 2 1025
239347 2 235
239390 5 177
239752 12 1815
240366 77 117963
240407 12 449
240510 5 1698
241003 1 834
242450 1 944
242659 7 11956
242798 2 7378
242889 1 4454
242893 1 8294
242916 5 19607
243021 79 14242
243196 34 13700
243220 8 1491
243248 454 97794
243249 6 55340
243327 19 8333
243328 97 30540
243402 7 10550
243568 7 51992
243632 7 2667
243633 16 3548
243636 34 73383
243678 1 116
243698 7 29409
243738 7 4338
243742 21 52641
243779 6 667
243791 2 1755
243794 8 3147
244000 13 5203
244177 5 1895
244230 1 10715
244236 14 15393
244297 7 2694
244317 3 2915
244400 8 18019
244483 7 12243
244515 40 137580
244522 27 2685
244742 8 48422
244842 35 6838
244846 36 32902
244865 80 14342
244945 4 179
244998 21 56078
245011 4 10535
245029 41 93035
245082 9 5087
245126 31 10341
245196 3 575
245346 1 21516
245458 66 5144
245637 10 3806
245668 10 47659
245885 31 6023
245886 11 3984
245888 3 3351
245998 13 26287
246003 23 79294
246208 21 7991
246220 214 47306
246381 2 3165
246394 4 358
246544 6 848
246603 7 39939
246608 1 5458
246610 11 29250
246676 3 1858
246695 14 65027
246710 2 14592
246762 1 3331
246791 1 222
246812 5 2231
246881 4 2115
246893 8 1235
247016 12 10957
247134 1 119
247166 12 595
247209 9 48787
247387 11 63961
247406 45 42749
247469 324 160821
247550 116 255154
247710 1 223
247744 6 727
247814 37 2686
247974 11 15560
248102 1 14517
248224 2 334
248283 4 3095
248562 17 40310
248594 3 9671
248610 60 211360
248634 7 38855
248688 3 17594
248690 3 12689
248712 6 11964
248788 2 56946
248809 1 45708
249076 28 36189
249274 7 19783
249570 9 33965
249584 1 1004
249740 148 228328
249780 22 14381
249883 10 10505
249902 13 35189
249903 4 4545
250059 27 37994
250060 1 1239
250073 53 19941
250267 1 10956
250283 4 8735
250438 88 7362
250452 5 16435
250531 10 9308
250616 6 37169
250722 19 20017
250893 80 42856
251085 3 15468
251143 9 13145
251158 7 5819
251160 1 5200
251314 1 2380
251558 10 4653
251602 1 12934
251603 2 17552
251785 30 19094
251807 1 2059
251957 8 1453
252154 3 29717
252278 1 1834
252283 4 8947
252474 20 81579
252555 11 27002
252612 1 138
252626 12 7717
252921 21 52519
253001 15 2769
253018 286 331696
253067 475 104143
253222 2 4529
253259 56 26507
253311 3 35432
253454 9 2583
253462 85 48129
253557 117 37233
253593 85 171848
253661 68 22094
253795 3 27039
254108 64 174176
254379 3 9858
254611 2 11669
254689 1 21372
254741 17 1763
254871 6 36421
255038 2 143
255144 21 25727
255289 201 51128
255291 16 16491
255417 2 27737
255476 26 44402
255634 48 29071
255735 1 4636
255777 86 64507
255830 35 84137
256155 50 22080
256283 5 34425
256286 5 24252
257016 1 7719
257049 3 26471
257133 4 26221
257183 5 435
257305 3 37731
257306 8 19070
257344 87 45609
257345 117 89736
257470 7 6033
257474 36 8990
257625 36 23419
257812 21 103213
257875 32 642
257969 1 10760
258022 3 6898
258145 31 25755
258222 1 216
258225 1 14533
258361 7 26906
258559 52 52150
258636 2 15270
258695 1 1657
259048 33 8110
259115 5 25791
261030 2 288
261042 16 304
261043 21 380
261044 16 300
261045 15 402
261046 20 442
261514 4 131
262692 2 412
262954 3 500
267404 16 584
267563 3 435
268307 24 17203
270823 4 229
270825 3 149
271189 3 456
271209 1 304
271850 7 20008
272387 2 245
272388 1 146
273341 3 497
273342 4 400
274041 2 180
275380 3 112
276003 5 265
276008 3 158
276009 3 141
277430 3 126
278335 4 239
279301 4 558
279304 4 432
279608 5 243
280755 12 32241
280966 5 268
282503 4 535
283234 2 78
283802 3 131
284232 6 2607
285539 3 117
286548 3 113
287381 4 154
289528 3 478
290193 4 154
291114 2 429
291119 3 585
292441 1 252
292640 3 396
292641 2 427
293305 3 371
294930 4 160
296361 1 306
297203 3 126
297205 3 144
299582 4 143
300160 3 120
300161 4 447
300577 1 274
300587 3 318
301208 3 128
301209 3 134
301210 1 489
302953 4 661
302979 5 574
303810 7 275
304008 4 113
304011 1 205
304476 4 384
305505 3 126
305506 3 134
306146 4 290
306147 4 250
306783 51 11472
308535 1 26545
311355 30 64459
311455 4 140
311458 3 138
313988 4 528
314336 3 568
318513 1 435
323657 1 138
324158 1 582
327661 2 271
327779 2 320
328347 3 231
356537 1 229
360823 1 171
369917 1 196
375606 3 499
379468 4 401
399407 1 96
401803 1 608
406076 2 335
410459 1 310
419193 1 300
434171 2 471
443845 2 166
444263 2 691
447769 2 128
447773 3 254
450403 1 701
455947 2 295
461253 1 189
472650 3 189
472658 2 139
480020 3 1227
480682 2 191
484721 1 204
499359 3 431
503537 2 255
511876 3 557
519752 3 604
520185 1 250
523732 1 57
524155 1 43
271 1 421
350 2 694
434 1 411
559 4 255
642 1 376
1854 1 162
2400 1 279
3627 1 326
3632 1 305
3734 1 357
3957 1 205
4037 1 265
4066 1 400
4101 4 349
4304 5 264
4338 6 360
4345 6 394
4361 2 255
4409 1 561
4512 1 384
4607 1 233
4827 1 452
5075 3 623
6279 1 253
6587 2 490
6666 7 300
6669 2 193
6715 1 422
7013 1 536
7193 2 384
8047 1 411
8491 1 485
8537 2 136
8593 2 183
10113 13 485
10753 1 395
11384 3 678
12125 1 573
12195 1 209
12210 1 149
12245 2 427
12264 1 295
12673 2 316
12757 1 304
12914 1 485
13850 1 356
13870 1 483
14703 1 130
14886 1 242
15071 2 399
15170 6 340
15469 4 315
15949 2 626
15955 3 495
15971 1 315
16004 1 342
16007 3 433
16089 3 233
16109 1 345
16172 3 466
16321 1 477
16335 2 242
16343 1 456
18527 1 303
19424 6 338
19481 1 232
19571 2 447
19803 2 248
20101 1 505
20350 1 447
20776 1 232
21463 2 319
22681 1 299
24249 1 215
25087 2 441
25232 2 629
25260 2 579
25490 2 552
25616 1 495
25621 1 163
26043 1 453
26627 15 260
28217 2 318
28734 1 323
28753 2 470
28986 1 436
29063 1 168
29076 1 267
29303 1 424
29583 1 472
29615 1 432
29616 1 370
29655 2 457
31295 1 647
31485 1 145
31614 1 354
31622 1 375
31674 1 354
31684 1 264
31868 1 223
32346 1 161
32393 1 133
32504 1 519
32985 1 219
33025 1 454
33455 2 555
33457 4 217
33495 4 234
33584 17 282
33618 2 732
33632 5 604
33634 2 468
35044 3 467
35045 1 196
35159 1 245
35573 1 285
36242 1 370
37480 2 263
37642 3 147
37769 1 319
37825 1 276
38721 1 233
38984 16 220
39470 2 365
39935 1 265
41165 4 116
41293 3 314
41375 1 126
41939 1 215
42875 1 439
42936 1 167
43207 2 403
43376 1 465
44833 2 300
45278 2 326
45346 1 554
45554 2 511
46860 2 196
48216 3 502
48240 2 553
48932 2 310
49271 1 338
50888 3 210
50945 1 284
50965 3 310
51084 1 291
52479 1 217
53596 1 383
55242 1 404
55944 1 568
56018 3 212
57116 6 182
57329 1 451
57586 2 614
58323 2 434
59756 13 176
60132 1 385
60612 1 168
60838 1 356
61261 1 237
61295 3 278
61348 3 279
61392 1 128
62033 1 426
62040 1 523
62103 1 184
62458 2 211
63233 1 205
63667 1 479
63985 1 470
64071 1 342
64080 1 385
64223 1 311
64693 1 426
64910 1 113
64934 1 434
66459 2 516
66622 2 474
66623 1 550
68933 1 315
69424 8 146
70283 1 477
70919 1 451
71224 2 131
71617 1 211
71751 2 230
71758 1 631
71813 7 98
71884 3 447
71992 1 389
72127 1 319
72731 1 346
73014 1 234
73017 1 406
73240 1 506
73950 1 294
74059 2 321
74365 4 558
74561 4 556
74597 1 236
75268 1 358
76403 8 179
76705 1 358
76779 1 474
77495 4 318
77615 1 742
77732 3 378
77828 1 282
80594 3 120
80596 2 654
81588 4 962
82239 1 1399
83674 24 13400
84141 10 1029
84504 14 1810
84706 41 25071
85096 5 8981
85191 1 26
85368 22 74892
85481 12 70500
85645 65 153229
85773 31 82661
85800 3 2661
86034 43 48792
86240 6 228
86344 1 3408
86753 5 173871
86864 17 21422
86890 65 8431
87807 1 14758
87814 3 155
87940 6 930
89077 5 205
89369 1 497
89381 5 7437
89446 2 200
89494 1 573
89706 5 167
90798 1 9998
91738 20 23456
92700 4 1255
93888 4 1440
94167 1 21131
94200 1 2652
95938 3 666
96027 20 30491
96037 8 46291
96041 4 32603
96049 2 78606
96051 37 78869
96063 7 37082
96136 7 20896
96424 4 38462
97245 33 1601
97647 7 662
97691 1 74
98042 4 11707
98046 5 18768
98048 3 13504
98050 1 14011
98136 8 1767
98915 25 4704
99053 10 27408
99560 3 205
99840 1 64
99904 1 109
99941 1 1107
100113 5 275
100287 6 142
100356 3 118
100623 1 733
100710 3 425
100789 4 283
100905 3 292
101002 1 533
101070 1 103
101435 2 985
101486 1 733
101536 1 388
101631 2 519
102067 1 1058
102167 2 153
102291 1 432
102446 1 127
102549 2 748
102655 4 104
102708 7 1006
102747 2 45
102785 4 1240
102867 1 723
102890 2 267
102894 2 96
102987 1 199
103845 3 49
104197 8 161
104320 1 1328
104455 1 495
104727 1 647
104902 1 1042
105169 1 129
105612 23 629
105930 3 53
106096 2 57
106142 5 237
106460 5 699
106595 1 1200
106665 1 377
106767 10 1235
106961 1 534
107181 1 544
107550 2 301
108005 2 572
108155 1 360
108168 1 1156
109252 1 653
109314 1 103
109465 1 432
109598 1 1135
109716 6 107
109946 2 477
110016 1 54
110072 2 573
110175 2 236
110243 4 68
110511 1 1724
110797 1 1426
111005 1 1302
111088 4 1455
111202 1 1029
111485 1 679
111551 1 141
111570 1 40
111742 2 660
112160 15 148
112223 4 64
112350 5 260
112528 3 315
112666 1 402
112792 1 264
113329 1 663
113413 1 1135
113640 1 708
113736 1 1834
114069 2 43
114205 1 641
114356 4 1002
114363 3 385
114569 2 1158
114619 3 57
114697 2 672
114863 1 1262
114967 1 853
115144 2 620
115189 1 900
115607 2 661
115757 2 845
116125 2 70
116414 1 656
116454 1 629
116909 1 212
117346 1 1086
117517 1 625
117590 1 355
117791 1 211
117794 2 47
118350 1 498
118584 3 1037
118747 2 1174
119725 1 196
119771 2 527
119892 2 92
120185 3 174
120741 1 469
120747 1 1220
120824 9 413
120848 2 59
121017 3 391
121149 3 53
121200 2 45
121708 2 134
121843 1 530
122145 1 148
122366 1 1017
122832 8 185
123151 1 307
123638 2 380
123914 1 579
124292 1 807
124315 1 1355
125168 2 188
125714 5 111
126225 4 699
126470 1 531
127404 1 1129
127516 5 233
127601 5 487
127910 1 113
128006 3 681
128010 3 141
128197 1 1278
128394 1 178
128526 1 532
128865 1 158
128911 3 1131
129057 1 593
129439 2 1341
129989 4 95
130166 1 41
130266 5 948
130851 1 612
130955 3 897
131215 2 173
131268 7 636
131575 2 788
131770 1 629
132103 1 1240
132703 2 65
132787 1 696
132903 2 962
134096 4 627
134368 1 742
134984 2 588
135363 2 1149
135515 1 644
135726 2 57
136142 1 411
136211 1 785
136522 14 234
136523 3 60
137249 16 351
137335 3 94
137477 1 484
137871 1 887
138081 2 578
138260 5 1009
138714 5 248
138888 2 184
138949 3 66
139179 3 223
139313 6 497
139902 6 181
140372 2 628
140567 2 515
140704 4 100
141019 1 58
141198 6 465
141290 1 989
141764 2 213
141785 6 178
141979 1 442
141985 2 165
142168 4 118
142294 1 123
142617 1 325
142689 6 143
142777 2 64
142820 6 124
142925 1 580
143000 3 70
143389 1 656
143803 3 160
144211 2 440
144551 6 157
144709 1 915
144928 16 401
145086 1 1023
145217 3 887
145333 2 279
145742 5 197
145768 3 137
146192 4 218
146238 2 1076
146242 1 408
146458 2 609
146481 1 1638
146548 1 855
146569 2 931
146684 5 866
146747 1 1340
146801 1 77
146823 1 725
146979 2 624
147066 2 423
147079 1 725
147134 1 229
147455 3 117
147582 3 1384
147750 1 768
147828 1 648
147944 1 689
148007 4 136
148097 1 765
148205 1 712
148247 2 184
148670 5 540
148813 5 242
148895 4 1577
148964 2 672
149202 1 597
149277 1 625
149395 2 584
149563 1 39
149657 4 700
149775 4 70
150129 1 628
150645 1 593
150772 1 426
150842 2 444
150945 1 566
151624 1 469
151826 3 877
151857 1 553
152201 3 632
152605 2 94
152634 2 444
152784 4 429
152794 1 699
153024 1 896
153270 2 1042
153636 8 1288
153718 3 112
153727 3 133
153748 2 235
154036 6 4041
154562 1 100
154753 1 1410
154817 3 216
154829 1 207
155758 8 608
155925 1 545
155948 2 493
156000 2 467
156045 2 275
156109 3 90
156678 3 514
156771 1 1264
157089 1 1412
157097 1 603
157397 1 499
157576 1 666
157608 2 592
157743 1 996
158014 2 66
158115 1 137
158137 1 587
158294 6 178
158316 2 370
158855 1 430
158987 2 471
158991 2 353
159045 2 79
159160 2 10016
159223 4 110
159700 1 357
159716 5 184
159749 3 528
159816 1 577
160056 3 587
160337 2 349
160576 1 335
160578 3 125
160694 2 356
161018 3 148
161172 2 186
161210 3 1310
161416 1 469
161520 1 557
161660 1 187
161694 3 1357
162408 6 241
162802 1 128
163263 5 513
163307 1 605
163361 4 1245
163471 5 106
163728 2 141
163765 1 649
163929 1 825
163987 1 699
164723 1 529
164825 2 1029
165157 1 162
165366 1 348
165415 4 683
165614 2 403
165926 2 1835
166629 2 136
167614 1 350
167974 1 287
168204 2 107
168233 3 325
168594 2 151
169026 2 558
169032 1 808
169130 2 92
169553 2 71
169620 1 655
169786 7 209
170006 1 689
170827 39 672
171354 1 265
171925 4 616
171936 1 83
172126 1 81
172355 1 165
172422 4 2130
173072 1 1513
173264 1 725
173335 3 102
173774 6 197
173776 14 205
173978 3 1231
176259 1 156
180522 2 145
180602 2 313
181661 1 113
181851 1 81
192827 1 754
196423 7 134
198115 1 128
199037 1 156
202497 2 106
204271 3 82
205160 1 126
207804 1 134
209783 1 384
211585 2 123
212583 1 273
213576 2 87
224684 2 73
225602 1 121
231312 3 446
231343 1 339
231355 2 200
231392 2 223
231398 7 1745
232568 7 1226
233080 4 527
233128 1 1804
233170 1 464
233977 1 408
234314 1 851
234330 6 1861
234412 1 192
234802 1 1046
234914 1 455
234928 1 366
235198 1 659
235538 3 2527
235658 1 252
235919 8 1025
236273 5 156
236328 1 191
236628 4 159
236768 3 1165
236794 3 775
237238 1 295
237256 7 923
237283 4 184
237441 8 2038
237654 1 453
237745 1 610
237841 4 595
237844 4 632
238305 2 1105
238310 4 3451
238369 4 1253
238923 16 18797
239180 1 1025
239347 4 235
239752 8 1815
240366 29 117963
240510 5 1698
240677 1 237
240956 6 1181
241354 1 335
242263 2 433
242659 24 11956
242664 3 1689
242798 5 7378
242889 3 4454
242893 2 8294
242916 7 19607
242988 6 93
243021 5 14242
243196 5 13700
243220 11 1491
243248 44 97794
243249 28 55340
243327 2 8333
243328 4 30540
243402 2 10550
243568 18 51992
243632 7 2667
243633 1 3548
243636 37 73383
243698 18 29409
243725 1 13247
243738 2 4338
243742 55 52641
243779 1 667
243791 1 1755
243794 3 3147
244000 2 5203
244177 2 1895
244230 11 10715
244236 8 15393
244297 2 2694
244317 2 2915
244400 6 18019
244483 9 12243
244515 49 137580
244552 11 4210
244590 1 191
244742 9 48422
244842 3 6838
244846 16 32902
244865 5 14342
244945 1 179
244998 65 56078
245011 1 10535
245029 44 93035
245065 25 28651
245126 10 10341
245346 7 21516
245458 3 5144
245637 4 3806
245668 16 47659
245722 13 32503
245885 9 6023
245888 3 3351
245998 17 26287
246003 47 79294
246208 3 7991
246220 20 47306
246381 2 3165
246547 1 806
246603 26 39939
246608 2 5458
246610 23 29250
246674 8 19215
246676 2 1858
246695 42 65027
246710 3 14592
246762 4 3331
246812 2 2231
246893 1 1235
247016 4 10957
247166 1 595
247209 26 48787
247387 24 63961
247406 17 42749
247469 80 160821
247550 35 255154
247710 1 223
247744 2 727
247762 1 2569
247814 2 2686
247974 5 15560
248102 53 14517
248106 4 9186
248562 19 40310
248594 29 9671
248610 115 211360
248634 41 38855
248688 18 17594
248690 5 12689
248705 4 2834
248712 8 11964
248788 64 56946
248809 54 45708
248910 16 10597
249076 8 36189
249190 18 14664
249274 17 19783
249570 13 33965
249576 6 7023
249740 28 228328
249883 13 10505
249902 1 35189
249903 3 4545
250059 55 37994
250073 12 19941
250267 13 10956
250283 1 8735
250438 5 7362
250452 10 16435
250531 10 9308
250616 14 37169
250722 11 20017
250893 5 42856
251085 5 15468
251143 14 13145
251158 2 5819
251160 8 5200
251314 1 2380
251558 8 4653
251602 3 12934
251603 9 17552
251781 5 5124
251785 18 19094
251800 3 24372
251901 2 11936
251957 2 1453
252154 42 29717
252278 1 1834
252283 6 8947
252474 55 81579
252555 30 27002
252626 1 7717
252849 8 18559
252921 12 52519
253018 223 331696
253067 64 104143
253222 7 4529
253259 7 26507
253311 16 35432
253454 1 2583
253462 5 48129
253557 7 37233
253593 90 171848
253661 3 22094
253795 18 27039
254108 144 174176
254168 4 280
254379 9 9858
254611 7 11669
254681 5 2624
254689 5 21372
254741 2 1763
254871 20 36421
255144 15 25727
255289 18 51128
255291 7 16491
255417 18 27737
255476 39 44402
255634 15 29071
255735 6 4636
255777 27 64507
255830 17 84137
256155 23 22080
256282 6 10491
256283 37 34425
256286 8 24252
256848 4 7315
257016 3 7719
257049 44 26471
257133 2 26221
257183 2 435
257305 12 37731
257344 33 45609
257345 57 89736
257396 1 3818
257470 8 6033
257474 4 8990
257625 12 23419
257781 4 1833
257812 45 103213
257892 25 6206
257969 17 10760
258022 1 6898
258145 8 25755
258222 1 216
258225 11 14533
258361 12 26906
258559 15 52150
258636 12 15270
258695 1 1657
259048 10 8110
259115 17 25791
259128 3 9702
261030 1 288
261042 3 304
261043 1 380
261044 1 300
261045 2 402
261046 5 442
262692 2 412
262954 1 500
267404 2 584
268307 1 17203
269773 4 188
270065 3 349
271189 1 456
271209 3 304
271237 2 227
271247 2 280
271685 2 506
273704 3 104
279343 11 350
280755 1 32241
295513 25 439
295514 19 246
296361 2 306
300577 1 274
300587 1 318
300676 3 102
300986 7 282
301210 3 489
302953 1 661
304011 2 205
308535 8 26545
311355 3 64459
313319 2 375
313431 3 101
314512 25 52248
314752 2 672
336557 19 563
351312 2 284
361813 5 663
380867 1 134
404065 1 239
408219 5 109
411735 4 213
412616 2 131
415252 1 35
418080 3 119
438519 3 155
443845 1 166
447372 3 69
459077 12 255
471007 8 201
473056 5 264
482166 4 482
486875 2 80
517464 1 208
