2321 1 143
7342 1 394
8811 3 249
8957 2 424
12786 1 329
13075 1 191
15320 5 301
17769 3 384
18214 1 225
19083 5 248
24318 1 652
24817 1 459
25049 1 546
28504 1 492
30852 13 419
30979 8 290
32123 7 318
32186 2 182
33544 1 603
34870 1 612
41053 1 218
45473 2 535
45532 1 481
49050 1 493
49076 1 346
49253 1 474
49628 1 403
51461 1 111
51490 1 95
54510 3 280
54986 1 546
55611 5 377
56059 1 318
57246 1 465
58858 2 175
59443 1 168
60921 1 274
64780 1 563
67165 1 531
68744 6 163
69228 2 620
70201 4 221
70340 1 203
71681 2 283
71784 2 339
72293 1 635
75225 1 183
76494 5 401
76645 5 412
77426 2 325
78183 1 482
78570 1 443
80684 1 1828
81264 36 7984
84597 55 6930
85368 1 74892
85481 5 70500
85523 8 4432
85645 4 153229
85666 4 13003
85687 21 28718
85773 1 82661
85924 3 7815
85961 3 4051
86367 2 33749
86689 164 4343
86877 2 2679
87692 11 922
87803 1 10785
87805 1 8371
87807 3 14758
87909 1 12988
87965 375 9563
88572 1 37
88573 78 7183
88609 4 363
89236 4 728
89409 1 3900
89679 1 5826
90325 1 1254
90405 268 6725
90550 9 9629
90783 3 22898
90798 2 9998
90800 325 10643
90877 5 13122
91088 2 10153
91288 102 3121
92188 9 64658
92329 9 64673
92805 14 2212
92869 1 34076
92961 9 11521
93264 114 11716
93909 358 11770
94789 2 12958
96045 8 23429
96051 4 78869
96136 5 20896
96188 7 3189
96310 13 9222
96358 3 167
96560 4 5764
96803 4 2080
97551 7 2624
98040 2 24959
98042 8 11707
99693 2 5005
100001 1 87
100508 3 103
100695 3 369
100907 1 1063
101337 5 555
101426 3 105
101681 7 459
102157 3 105
103043 4 117
103117 3 105
103189 1 1070
103194 3 327
103782 3 145
104151 7 8662
104209 1 304
104299 2 139
104490 1 418
104744 1 1619
104771 3 108
104926 2 630
105044 2 61
105542 3 104
105820 2 68
105978 1 726
106445 3 102
107013 3 101
107333 19 865
107470 2 118
107833 3 103
108164 2 77
108326 2 572
108352 1 37
108655 3 105
108741 2 83
109418 3 105
109476 2 335
109586 3 572
109616 1 565
109650 2 446
109958 3 71
109979 2 353
110322 3 104
110650 2 349
110877 1 406
110957 3 104
111200 2 40
111257 2 64
111695 3 104
112387 3 520
112487 2 60
112500 3 106
113286 6 135
113339 3 103
113938 1 130
114012 1 931
114167 3 105
114960 3 105
114961 1 330
115158 2 69
115255 4 113
115453 2 527
115693 3 102
115776 1 38
116389 3 105
116494 3 88
116580 2 357
117178 3 105
117597 1 177
117809 3 103
117936 4 829
118080 10 917
118082 1 569
118103 1 758
118642 3 105
118657 2 328
118746 1 76
119191 2 382
119389 4 635
119600 1 147
119627 3 122
119746 1 504
119766 1 529
120038 2 55
120062 2 184
120133 1 524
120298 2 501
120389 3 102
120654 1 273
120706 2 109
120768 4 147
120816 4 530
120923 3 735
121048 8 805
121169 1 104
121475 3 100
121664 5 162
121837 4 119
121926 1 181
122520 1 490
122643 3 124
122852 1 800
123247 1 489
123379 1 642
123413 3 123
124240 3 103
124956 4 79
125102 3 101
125213 2 123
125284 1 566
125540 4 196
125562 1 194
126045 3 126
126792 3 141
126997 4 709
127597 3 111
128046 5 276
128152 2 70
128328 3 110
129117 3 350
129434 2 3012
129586 3 496
129590 3 91
129919 3 102
130664 1 551
130792 1 1594
131335 1 829
131576 2 186
131619 3 105
132609 3 610
132946 1 69
133226 4 480
133436 16 508
133640 3 800
133917 2 828
134008 1 645
134190 3 134
134672 1 455
134809 5 710
135201 1 858
135586 4 371
136234 3 118
137153 2 207
137233 1 584
137369 8 580
137629 5 726
137843 3 118
137886 2 411
138016 7 3159
138096 2 372
138200 3 441
138376 6 615
138740 3 118
138774 1 298
138787 2 545
138816 1 751
138991 8 596
139108 5 572
139892 1 584
139906 2 389
140521 2 490
140688 1 78
141300 4 531
141581 1 596
141642 2 109
141709 1 264
142030 1 48
142720 6 386
142727 1 521
142953 2 735
142955 2 354
143010 1 76
143093 1 574
143656 2 98
143793 3 175
143905 1 50
144126 1 80
144559 3 129
144955 1 334
145194 1 712
145286 3 141
145315 1 279
145983 2 391
146128 3 187
146486 6 331
146711 2 693
146948 1 91
146954 1 285
147017 3 122
147136 1 58
147185 2 555
147365 3 158
147845 3 109
148018 2 349
148073 2 120
148569 11 571
148609 1 160
148698 2 347
148955 4 299
149198 2 114
149922 2 895
150221 1 1012
150515 4 102
150943 1 585
150965 1 766
151005 2 184
151525 2 324
151590 11 572
151595 2 80
151753 1 750
151780 2 306
151961 2 333
152304 3 128
152305 1 611
152492 12 1237
152552 1 351
152690 1 593
152700 2 185
152748 4 491
153128 2 298
153561 2 1063
153771 1 235
153870 4 565
154048 5 357
154739 4 572
154843 2 94
154862 7 646
154868 3 107
154890 1 334
155364 2 244
155585 2 1309
155672 1 64
155868 1 838
155875 1 867
156248 1 607
156491 1 480
156592 3 429
157564 3 486
157677 1 56
157807 11 668
157852 2 111
157971 6 273
158476 3 133
159047 1 364
159167 1 2203
159897 2 386
160136 1 713
160544 1 566
160689 1 241
160695 2 914
160969 1 697
160986 4 203
161000 9 856
161679 4 814
161764 7 572
161794 10 490
162099 2 685
162365 2 89
162828 1 754
162846 1 452
162867 2 564
163034 1 499
163387 3 506
163465 2 509
163559 2 213
163606 3 277
163755 3 639
163783 2 254
163805 1 667
163833 3 114
164280 1 806
164361 1 860
164370 2 547
164400 7 392
164571 2 390
164698 1 644
164827 2 107
165680 1 1055
165729 1 386
165906 1 506
166377 4 193
166747 4 189
167449 6 362
167623 2 463
167629 2 377
168182 2 291
168270 1 161
168552 1 271
168755 3 383
168952 3 638
169138 5 1458
169249 1 732
169380 2 121
169638 1 463
169662 1 854
169770 1 78
170155 3 516
170355 1 116
170809 2 662
171300 2 120
171358 1 641
171370 3 829
171906 2 568
172112 1 629
172125 2 159
172310 1 615
172319 1 45
173039 1 654
173132 3 123
173489 5 187
173797 3 125
173823 5 476
173908 4 240
173969 11 483
177991 1 1470
211880 1 659
235472 1 632
240366 2 117963
241659 1 448
244476 1 10332
247469 9 160821
247550 7 255154
248610 2 211360
249570 1 33965
249740 4 228328
250893 1 42856
251506 1 5141
253018 23 331696
253083 1 4103
253309 1 8367
253589 1 5262
253661 1 22094
253849 1 22736
255235 1 22001
255289 1 51128
255476 3 44402
255634 1 29071
255728 3 32235
255777 1 64507
255986 1 12990
256604 3 37731
257344 1 45609
257345 1 89736
257812 2 103213
258575 1 4275
258987 1 21620
259701 1 400
259859 1 334
262629 12 415
265211 15 327
265420 2 357
266518 4 90
266525 9 301
269819 7 535
271045 4 418
271456 2 381
272116 12 387
272162 6 720
272299 57 2612
275848 2 217
275911 16 515
276263 2 293
276279 9 621
279969 2 262
280678 3 495
281109 2 547
283420 10 515
283461 1 356
287267 266 7816
288796 2 252
293098 318 8237
295413 1 455
295705 2 263
297280 1 359
297764 4 616
299202 399 19463
300350 26 884
302508 1 472
304338 1 484
306331 1 184
306575 21 383
306578 1 204
306592 3 493
306858 1 157
310968 3 495
312164 4 574
314385 5 542
316790 1 699
323207 2 534
324031 1 144
324401 1 492
327703 1 442
329713 2 443
331572 1 81
331629 1 251
336494 1 88
343989 2 67
347157 8 603
350949 1 668
352292 3 64
352807 4 270
357406 1 2125
359935 1 442
360385 3 467
363374 2 454
368484 10 680
370161 1 449
371944 1 639
372472 1 274
373707 1 73
377401 4 387
380210 1 739
380219 1 172
380505 3 1173
380595 5 323
381673 1 485
385758 2 86
391326 4 589
391677 1 783
393057 1 275
395486 1 811
396474 4 742
397279 8 440
399093 1 198
400423 4 1631
407914 4 1714
411601 4 852
412462 12 412
412463 1 493
413207 2 356
414418 5 385
415356 1 573
416192 1 297
417965 3 122
418020 4 843
419894 4 2066
420168 6 698
422286 1 967
423913 5 744
425060 2 408
426267 1 395
434249 1 183
435985 1 587
436336 1 211
436583 1 218
436893 4 1728
438840 1 712
439798 3 505
442105 1 697
443653 1 419
443829 4 1713
446130 1 375
454438 1 279
460218 1 478
466283 1 724
467816 4 1724
468174 4 816
469214 4 962
472334 2 864
473354 16 427
473401 1 596
474862 2 470
482641 1 588
485978 1 403
486413 4 1843
488171 2 749
491323 2 330
494201 1 520
496430 1 312
505504 1 710
507113 5 632
507978 1 299
511095 1 373
512628 6 313
513518 15 604
513864 3 579
516707 1 42
518592 1 270
518723 1 837
518729 3 471
1397 3 98
2320 1 496
4954 1 302
5245 1 316
6805 1 336
8957 1 424
9583 1 602
10893 1 311
12786 1 329
13184 1 526
14495 1 380
16764 4 539
17563 1 408
18051 1 493
18214 1 225
21286 1 362
22462 2 359
22490 1 101
23303 1 310
23319 3 370
23509 1 344
23855 1 439
24343 1 275
25049 1 546
25245 1 295
27070 1 331
28882 1 247
29743 1 93
31910 2 537
32123 1 318
40916 1 406
41424 1 195
42009 1 188
43422 2 350
46935 2 297
47159 1 335
49076 1 346
49220 3 236
49253 1 474
49628 1 403
49745 1 224
49826 1 526
50748 1 181
51543 2 334
53144 1 636
53689 1 336
54986 1 546
56626 1 203
57935 1 82
59680 2 1135
60218 1 342
60475 3 485
60503 1 595
62727 1 436
64780 1 563
65870 1 614
65872 3 672
66553 5 284
66706 3 433
66719 1 327
68320 2 385
69225 1 545
70340 2 203
71681 3 283
72081 2 414
72818 1 355
77999 1 367
78019 1 275
78853 2 415
79367 1 303
79934 23 2357
80449 5 5105
80825 3 667
80890 2 1038
80975 1 1213
81095 2 566
81097 1 8031
81264 3 7984
82503 1 8546
83250 3 794
83286 10 10013
83523 2 1607
83546 3 5902
83772 4 3780
84370 2 924
84372 4 3233
84584 1 3615
84591 5 11065
84597 4 6930
84599 8 1020
84690 5 10918
85096 15 8981
85357 24 4481
85368 33 74892
85481 3 70500
85523 4 4432
85645 43 153229
85666 15 13003
85687 20 28718
85773 13 82661
85924 9 7815
85930 15 2307
86038 2 5085
86057 1 558
86220 22 22240
86367 20 33749
86499 6 14954
86646 1 2768
86689 1 4343
86753 113 173871
86877 2 2679
87298 5 15858
87304 5 1206
87788 3 7261
87803 21 10785
87805 23 8371
87807 11 14758
87909 5 12988
87965 9 9563
88170 4 1467
88378 1 2516
88535 2 1768
88573 4 7183
88609 1 363
88657 2 3858
89236 3 728
89282 1 7294
89409 3 3900
89432 28 38895
89679 3 5826
90314 5 7646
90325 7 1254
90405 4 6725
90550 2 9629
90783 19 22898
90795 5 27076
90798 7 9998
90800 4 10643
90877 13 13122
90908 16 17901
91088 16 10153
91112 5 2987
91129 2 7781
91131 7 4010
91288 3 3121
91388 6 1810
91641 1 844
92188 62 64658
92329 63 64673
92483 5 3740
92805 1 2212
92869 32 34076
92961 4 11521
93199 10 2847
93264 6 11716
93656 44 5069
93817 1 180
93909 5 11770
94038 3 641
94167 39 21131
94170 5 9257
94305 2 6828
94789 4 12958
94799 2 450
94863 13 18144
94925 2 3940
95348 1 1830
95397 1 1805
95541 6 3249
95562 8 9132
95714 2 782
95848 6 1850
96037 340 46291
96045 153 23429
96049 580 78606
96051 612 78869
96136 1 20896
96188 6 3189
96310 11 9222
96416 1 5210
96532 4 800
96560 16 5764
96803 1 2080
96948 5 4941
96967 8 21237
97059 10 9334
97078 16 39671
97279 4 4699
97440 6 774
97497 2 1128
97551 4 2624
97892 2 8332
98021 3 2628
98040 28 24959
98042 18 11707
98182 6 2627
98184 5 4676
98294 40 23774
98712 19 10336
98729 8 628
98940 1 3451
99552 2 848
99693 10 5005
100907 2 1063
101056 2 746
101337 1 555
101367 1 1091
103647 1 563
103684 2 438
103781 1 109
103993 1 698
104151 3 8662
104156 1 398
104490 1 418
104713 1 479
104926 2 630
105269 1 4204
105471 1 341
105592 1 532
106506 1 111
107020 1 85
107213 5 1484
107333 1 865
107857 2 366
107930 2 118
108116 1 1174
108153 1 530
108164 1 77
108326 1 572
108484 1 958
108707 1 1661
108717 1 130
111006 1 117
111857 1 1699
112142 1 111
113412 1 820
113941 1 459
114816 1 278
114893 1 348
115403 1 1156
115453 1 527
115649 1 514
115811 1 332
115939 1 464
116899 1 682
117349 2 662
117936 1 829
118462 1 315
118534 1 1616
118746 1 76
119247 3 105
119627 1 122
119775 1 115
120340 1 473
120768 1 147
120863 2 511
121461 1 595
121982 1 1071
122546 1 681
122749 1 702
122853 1 1260
123379 5 642
123398 2 638
124208 1 500
124336 1 406
124518 1 383
124760 1 130
124973 1 609
125109 1 560
125720 1 170
125995 1 278
126686 1 488
126985 1 657
126991 1 301
128269 1 379
129434 1 3012
130311 1 834
130469 3 122
130869 1 238
132817 1 122
133054 2 850
133644 1 51
133751 1 1490
134272 1 369
135201 2 858
136099 1 373
136404 2 195
136829 1 496
136979 1 457
137598 2 203
137629 1 726
137669 1 130
138374 1 892
138768 7 602
139307 5 619
140657 1 456
140983 1 213
141581 1 596
141966 1 140
142062 1 357
142678 3 124
143081 1 502
144367 1 637
144631 1 668
144850 1 516
144933 1 220
144955 2 334
145258 1 481
145401 1 584
145650 1 488
145727 1 682
145790 2 257
145899 1 625
146879 1 175
147296 1 1654
147546 2 475
147593 1 574
148181 2 936
149011 1 726
149101 1 648
149117 1 849
149819 2 310
150221 1 1012
150358 2 1984
152107 1 633
152305 1 611
152349 2 416
152794 1 699
153498 2 847
154245 1 476
154441 1 916
154443 10 308
155650 2 673
156248 1 607
156286 2 920
156728 4 1262
157807 1 668
158586 1 780
158934 1 802
159865 1 356
160263 1 644
160399 2 1925
160753 1 617
161291 1 667
161764 1 572
162078 3 957
162099 1 685
162229 1 666
162589 1 304
163057 1 647
163765 1 649
163891 1 464
164051 1 358
164728 1 825
165312 1 313
165700 1 292
166479 1 908
166747 1 189
166941 1 134
167336 2 193
167593 1 2703
167959 2 421
168227 1 370
168378 1 171
168952 2 638
169638 1 463
169974 1 636
170358 1 115
171276 1 142
171647 1 597
171818 1 361
172310 1 615
173039 1 654
173320 2 153
173327 3 620
173388 1 122
173400 2 708
173640 1 336
173823 1 476
176175 4 538
178512 1 2081
184192 6 6108
186532 3 3730
195437 7 94
200685 6 3452
207166 2 564
207766 2 892
212510 1 547
221370 1 1580
231228 1 472
231437 1 538
231714 2 362
232025 1 482
232439 1 1115
232946 1 409
233673 1 132
233841 2 339
235472 1 632
236853 2 256
237151 5 1065
237423 1 293
238178 1 744
238240 3 254
238266 1 792
238484 1 239
239969 1 1076
240262 1 769
240366 37 117963
240627 1 336
241653 1 1091
241659 1 448
241947 3 544
243248 53 97794
243328 7 30540
243750 7 1277
244476 7 10332
244515 77 137580
244840 1 15386
245346 7 21516
246220 35 47306
246521 13 8981
247469 203 160821
247550 93 255154
247826 3 14203
248582 2 675
248610 106 211360
248719 3 1629
248764 7 4113
249329 12 41571
249570 9 33965
249740 87 228328
249982 1 2021
249984 2 4988
250893 26 42856
251503 3 271
251736 2 4175
251800 17 24372
251901 4 11936
251902 1 4522
252028 1 1368
252154 21 29717
252921 10 52519
253018 129 331696
253067 53 104143
253083 16 4103
253309 5 8367
253311 27 35432
253589 1 5262
253593 66 171848
253661 9 22094
253795 9 27039
253849 2 22736
254108 84 174176
255069 8 17727
255144 24 25727
255235 7 22001
255289 37 51128
255476 16 44402
255728 11 32235
255777 19 64507
255986 7 12990
256604 37 37731
256687 2 11982
256847 1 24054
256867 4 3271
257344 21 45609
257345 37 89736
257356 5 8557
257812 25 103213
258429 1 2270
258575 5 4275
258987 12 21620
259115 16 25791
259190 4 529
259330 2 354
259693 3 461
259859 2 334
260621 2 376
260785 1 403
260787 13 55438
263960 1 491
266644 2 438
266645 1 456
269819 3 535
270878 4 3608
271045 3 418
271362 3 688
271415 2 276
271456 2 381
271679 1 271
271850 54 20008
272299 5 2612
273258 8 408
274469 3 380
274500 2 413
276206 4 694
276263 1 293
276279 2 621
279015 2 364
279018 1 431
279273 2 332
279969 1 262
280229 1 467
280362 19 1817
280678 2 495
280679 3 434
280755 60 32241
283074 4 675
286613 2 447
287267 1 7816
289217 4 390
289221 1 303
289225 2 270
289227 3 360
290345 2 478
293098 1 8237
293402 4 622
293404 2 284
293405 4 527
293417 2 558
293428 2 671
293444 1 722
293560 1 616
293863 4 13257
295705 1 263
297280 1 359
297764 1 616
299202 2 19463
301062 3 620
301065 3 583
301068 4 665
301069 4 640
302508 2 472
303211 1 469
303212 1 407
304321 2 475
304322 2 566
304328 3 417
304338 1 484
306131 2 566
306132 2 504
306592 2 493
310968 2 495
310969 3 434
311355 22 64459
314385 1 542
317291 1 450
318696 1 788
319437 2 486
320418 1 378
323063 2 220
323207 1 534
326366 2 560
327703 1 442
329713 1 443
340665 1 459
341107 1 704
342443 2 902
343989 1 67
347157 1 603
353747 1 301
357235 2 463
357406 1 2125
358320 1 577
359481 1 169
359935 2 442
360385 1 467
361341 1 127
366599 1 202
367299 4 247
369892 1 264
370161 1 449
370243 1 174
371944 1 639
373161 1 432
373472 1 340
375419 1 290
380210 4 739
380595 1 323
381589 6 535
381673 1 485
381984 2 736
385353 1 101
387439 1 199
389526 1 397
393057 1 275
394813 1 282
394967 1 282
396474 1 742
396910 3 732
398443 1 732
401281 5 4381
401402 2 265
404276 1 239
404549 1 51
409797 1 468
411601 2 852
412463 1 493
413900 2 622
414418 1 385
419423 1 507
420168 1 698
422286 1 967
425060 1 408
425958 1 97
434249 1 183
435985 1 587
436336 1 211
436583 1 218
438153 2 238
438840 1 712
440762 2 139
441028 2 134
442105 1 697
443653 2 419
444230 1 219
444874 3 640
446130 1 375
446853 1 152
454438 1 279
458314 1 196
463664 1 737
469649 1 157
473401 1 596
476629 1 282
479391 1 650
483847 1 201
486755 1 428
491323 1 330
492576 1 444
494201 1 520
496430 1 312
498875 1 334
499763 1 683
501787 3 683
507978 1 299
511095 1 373
513518 1 604
518592 1 270
519124 1 327
521026 1 340
521390 1 480
523049 1 268
2487 2 307
2767 4 355
3169 2 382
4954 1 302
5123 8 572
7761 1 379
8773 2 339
8811 1 249
9060 1 145
11998 2 261
12016 6 359
12326 2 711
12329 4 259
12330 3 554
12332 1 394
13058 2 704
13061 4 244
13184 2 526
13561 3 543
13563 1 383
15540 1 220
16764 8 539
16959 1 395
17345 1 460
17377 1 520
18051 10 493
21285 1 339
22462 13 359
22490 1 101
22616 4 252
23303 1 310
23509 1 344
24318 1 652
25245 1 295
26887 2 403
27070 4 331
28882 1 247
28896 3 215
29025 1 267
29074 3 268
29307 3 414
31910 1 537
33564 1 618
33566 3 382
34133 2 403
34333 2 354
37082 2 348
38709 4 258
39487 7 247
40362 1 294
41424 3 195
42373 3 301
42435 15 571
42448 4 327
42450 3 676
43422 5 350
46744 5 389
47541 1 254
48177 3 278
48411 2 300
48849 1 236
49047 1 486
49745 1 224
49826 1 526
49981 1 223
50748 4 181
54627 2 189
55611 1 377
55626 1 506
55706 1 719
58112 1 393
58139 3 534
59452 3 523
60071 2 397
60503 1 595
60661 6 286
60716 2 488
62727 2 436
64137 1 485
65005 1 193
65204 3 507
65334 6 460
65870 4 614
65872 4 672
66553 12 284
66706 1 433
66882 2 317
68320 9 385
68626 3 365
68670 2 299
69225 3 545
69228 1 620
70087 1 297
70340 1 203
70637 10 446
71274 5 513
71483 3 138
71587 3 397
71681 1 283
71784 1 339
72081 1 414
72290 13 689
72293 6 635
75476 1 461
75607 1 603
75951 1 332
76608 2 439
77999 3 367
78853 1 415
79228 10 259
79367 3 303
79908 2 156
79934 90 2357
80890 1 1038
81095 6 566
82083 3 350
83546 2 5902
83772 1 3780
84189 4 1426
84511 3 105
85096 5 8981
85481 1 70500
85645 5 153229
85767 6 316
85773 1 82661
86038 2 5085
86220 2 22240
86367 5 33749
86753 10 173871
87788 2 7261
87803 5 10785
87805 4 8371
87909 2 12988
88507 1 216
89432 1 38895
89679 3 5826
90391 13 780
90795 1 27076
90908 18 17901
91112 2 2987
93184 3 115
93656 4 5069
94167 6 21131
94200 1 2652
94863 1 18144
95562 19 9132
96037 7 46291
96136 1 20896
96416 2 5210
96532 1 800
97059 5 9334
97078 2 39671
97356 2 401
97497 2 1128
98040 3 24959
98294 15 23774
99800 1 427
99829 1 327
100907 2 1063
100970 1 54
101056 4 746
101367 2 1091
101382 1 294
101838 1 671
102553 1 154
103544 2 1818
103647 2 563
103684 1 438
103781 1 109
103828 1 351
103844 5 396
103993 1 698
104713 1 479
104921 2 858
104974 1 93
105252 1 88
105471 1 341
105919 1 513
105953 1 662
105971 1 191
106506 2 111
106838 2 111
107146 3 129
108829 2 191
109273 4 550
110099 1 68
110316 1 435
111157 6 993
111739 3 335
112032 1 47
112108 1 334
112635 2 364
112980 2 193
113615 2 535
113863 5 636
113941 2 459
114893 1 348
114902 1 201
114982 3 470
115215 1 140
115737 8 666
117237 2 158
117245 3 358
118294 1 64
118462 3 315
118534 1 1616
118621 2 256
118913 3 180
119775 1 115
120336 1 101
120340 1 473
120432 1 75
120446 1 80
120863 5 511
121030 8 1072
121982 3 1071
122661 1 1567
124208 1 500
124336 2 406
124566 1 110
124788 1 74
124973 2 609
126289 7 176
126838 4 346
128051 6 312
128269 1 379
128299 1 291
128912 1 68
129348 2 533
129670 2 81
129988 1 75
130153 1 2207
130311 4 834
130961 1 639
131021 2 416
131589 4 150
132059 1 236
132817 2 122
134175 1 446
134554 1 129
136677 1 90
136979 1 457
137101 1 308
137372 1 543
137651 1 76
137669 1 130
137683 1 135
137886 1 411
138308 5 183
138768 1 602
139271 1 91
139307 1 619
139945 2 268
140096 4 116
142062 2 357
144164 1 85
144367 1 637
144631 3 668
144850 1 516
144933 1 220
145194 1 712
145258 1 481
146104 1 413
147100 2 445
147546 1 475
147840 1 127
148079 3 536
149101 4 648
149380 2 659
149819 4 310
150087 1 478
152107 1 633
152556 1 419
152690 1 593
152706 3 180
153678 2 349
154412 1 348
154441 1 916
155144 2 1434
155585 1 1309
155731 1 294
156492 1 498
156728 2 1262
157121 1 879
157347 1 314
158132 1 699
158269 1 124
158802 2 1116
159004 3 158
159586 1 595
160297 1 101
161021 4 1875
161073 2 222
161416 1 469
162053 1 100
162483 1 135
162577 5 680
162589 2 304
162708 1 75
162778 1 716
162828 1 754
162845 1 202
163585 1 673
163745 1 109
163805 1 667
163878 2 120
163917 1 615
164051 1 358
164728 3 825
164934 1 79
165263 3 823
165324 3 144
165875 3 279
166104 3 950
166122 3 718
166627 1 77
166941 1 134
167656 1 149
167961 1 92
168109 1 68
168227 3 370
168740 1 491
169825 3 727
171248 3 299
171537 2 474
171647 1 597
171695 1 137
171936 1 83
171962 1 108
172715 2 574
173262 1 107
173327 1 620
173400 3 708
173640 2 336
175270 1 101
184798 4 126
202200 3 113
207766 2 892
211429 4 157
221370 1 1580
231714 6 362
231779 27 549
232025 14 482
232344 1 308
234065 3 1022
234653 1 281
235858 1 187
236006 2 625
236853 13 256
237423 4 293
238240 1 254
238484 1 239
238685 8 383
239969 9 1076
240262 1 769
240366 26 117963
240627 3 336
241659 1 448
241947 8 544
242480 1 607
242559 1 522
243228 1 3494
243248 7 97794
243328 1 30540
243750 3 1277
244515 2 137580
244840 2 15386
245346 13 21516
246220 1 47306
246521 4 8981
248582 10 675
249060 2 5989
249329 10 41571
249570 1 33965
249740 1 228328
249984 3 4988
251503 3 271
251705 1 170
251800 10 24372
251901 2 11936
251902 3 4522
252427 2 3789
252921 2 52519
253018 26 331696
253067 5 104143
253309 1 8367
253311 32 35432
253593 1 171848
253661 1 22094
253795 28 27039
254108 4 174176
255144 1 25727
255289 1 51128
259115 44 25791
259329 5 379
259330 3 354
259332 3 234
259369 10 496
259370 6 461
259374 8 404
260787 7 55438
261307 2 591
262431 5 158
265868 1 309
266004 3 99
267510 5 158
267511 3 83
269766 6 165
269943 4 499
270878 5 3608
271377 1 646
271679 2 271
272540 1 260
279018 2 431
279584 5 113
280229 5 467
280361 64 6993
280362 5 1817
280364 2 419
283074 2 675
283777 8 212
284564 1 360
285199 4 167
287503 2 278
289217 4 390
289221 1 303
289225 5 270
289227 3 360
289509 5 182
289510 6 173
289511 5 190
290345 2 478
290346 1 168
293402 2 622
293404 1 284
293428 1 671
293431 1 194
293444 2 722
293560 1 616
293863 6 13257
295330 4 440
298256 4 540
303337 5 162
304313 5 658
304321 31 475
304322 6 566
304328 3 417
304338 2 484
304347 4 329
304348 2 332
304350 5 310
304352 4 334
304353 2 418
311008 2 483
313968 1 433
319437 2 486
325562 1 389
336849 1 31
336989 2 86
340628 1 29
341107 4 704
342720 1 30
350949 1 668
355064 2 148
357235 1 463
363138 2 344
366254 1 393
366599 1 202
369159 1 113
372775 1 762
373161 1 432
375019 1 40
380210 1 739
381589 3 535
393057 1 275
393238 1 398
396910 6 732
400472 1 827
406282 1 821
411602 2 384
415660 2 135
420413 1 57
422925 1 299
425958 1 97
426267 2 395
438840 1 712
444230 2 219
444296 1 342
444874 1 640
445624 4 306
463664 1 737
466283 1 724
467875 1 238
473401 1 596
494201 1 520
496430 1 312
496457 3 204
521655 2 115
523049 1 268
1439 1 334
3169 1 382
3529 1 605
5123 1 572
5245 3 316
6805 9 336
7761 10 379
9060 1 145
12016 3 359
12326 1 711
12332 1 394
13058 1 704
13563 1 383
15540 1 220
16764 1 539
17548 1 321
21285 2 339
21286 1 362
24817 1 459
26887 1 403
28882 1 247
29025 1 267
29743 1 93
31817 6 163
31993 6 330
33564 5 618
33566 5 382
34133 1 403
40362 2 294
41424 1 195
42448 2 327
42450 2 676
47159 1 335
47541 1 254
48177 1 278
48849 1 236
49050 2 493
49417 1 217
49745 2 224
49826 2 526
49981 1 223
55009 1 273
55706 1 719
57246 1 465
58512 1 390
59190 7 264
60071 10 397
60475 5 485
60661 3 286
60716 2 488
62727 1 436
64137 1 485
64244 1 156
65005 1 193
65204 1 507
65334 1 460
65870 1 614
65872 1 672
70138 2 270
71274 1 513
71602 1 359
71784 1 339
72290 12 689
72293 6 635
72602 1 200
75072 1 631
75225 1 183
75476 1 461
75951 1 332
77999 2 367
79384 11 288
79908 1 156
79934 1 2357
80449 1 5105
81366 24 941
82083 1 350
82124 11 2339
82649 1 36
83546 1 5902
83772 1 3780
85481 1 70500
85645 10 153229
86038 1 5085
86220 1 22240
86753 4 173871
86877 85 2679
87788 1 7261
90795 3 27076
91112 1 2987
92223 2 111
92364 2 111
94167 3 21131
94200 4 2652
94305 17 6828
94925 3 3940
95562 6 9132
96037 6 46291
96045 1 23429
96136 3 20896
96416 1 5210
96532 14 800
97059 2 9334
97078 1 39671
98294 1 23774
98744 2 125
99829 4 327
101056 2 746
101512 4 664
102606 1 221
102966 1 105
103544 1 1818
103951 1 139
104672 8 727
104713 2 479
104921 1 858
107020 1 85
107284 2 693
107487 1 167
107857 2 366
108829 1 191
108900 1 67
111157 1 993
111426 1 1057
111701 2 121
112108 1 334
112730 1 47
114030 1 481
114481 1 662
114571 2 167
114902 1 201
114982 1 470
115737 1 666
116021 1 75
117237 1 158
117245 1 358
118534 3 1616
120217 5 613
120863 1 511
122007 1 564
122817 3 501
124071 1 141
124554 1 112
124760 1 130
126289 2 176
127696 3 427
128388 3 203
128744 1 48
129087 2 38
129348 1 533
130144 2 271
130153 1 2207
131021 1 416
131403 3 242
131594 1 92
132983 1 99
133938 1 159
134672 2 455
136678 1 56
137369 1 580
137372 2 543
137651 1 76
137683 3 135
137767 1 99
138016 1 3159
138250 1 1284
138768 10 602
139307 12 619
142148 1 512
142373 1 110
142715 1 100
144367 2 637
144850 1 516
146104 1 413
148283 1 102
148956 2 580
150087 1 478
150453 3 222
151323 2 123
151697 11 614
152385 6 482
152545 2 416
153505 1 186
153640 5 632
153678 1 349
154298 2 326
155585 2 1309
156492 3 498
156718 3 299
157121 1 879
157457 1 597
157986 1 182
158132 2 699
159586 1 595
160544 1 566
161073 6 222
162229 4 666
162931 1 160
163665 1 1306
163745 1 109
163917 7 615
164976 1 1480
165700 5 292
165906 1 506
165941 1 126
166122 1 718
167210 1 79
167506 1 571
167623 1 463
167656 1 149
168134 5 437
169453 1 137
169590 1 172
171276 1 142
171695 1 137
172310 1 615
172769 1 92
172839 2 798
173303 2 89
175270 1 101
176175 1 538
182401 5 169
183937 1 356
184798 3 126
192962 4 148
202200 2 113
207766 1 892
219440 4 405
221370 2 1580
232328 1 398
232344 1 308
233673 5 132
234065 1 1022
234653 4 281
235855 8 621
235858 5 187
236231 7 234
240334 13 198
240627 1 336
242480 1 607
242559 1 522
243248 15 97794
243750 1 1277
244476 2 10332
244515 1 137580
244840 1 15386
245346 5 21516
246220 10 47306
246521 4 8981
247550 2 255154
247826 9 14203
249329 2 41571
249570 1 33965
249740 1 228328
249982 2 2021
250360 10 7570
251800 7 24372
251901 1 11936
251902 2 4522
251923 12 4730
252427 1 3789
252921 4 52519
253018 5 331696
253067 12 104143
253311 36 35432
253593 4 171848
253795 35 27039
254108 11 174176
255074 16 278
255144 1 25727
255289 10 51128
255476 1 44402
255777 2 64507
255986 3 12990
256049 1 33
256687 2 11982
256847 2 24054
259115 35 25791
261307 2 591
271362 4 688
271377 6 646
271415 1 276
271679 1 271
272540 1 260
274005 1 133
279013 9 552
279015 2 364
279017 9 470
279018 9 431
279019 3 490
279020 6 558
279021 2 415
279022 8 506
279023 6 367
280361 1 6993
280362 3 1817
280364 2 419
283074 1 675
287503 1 278
288796 1 252
289221 1 303
290345 2 478
290346 1 168
293402 1 622
293405 2 527
293417 1 558
293444 1 722
293863 4 13257
298256 1 540
304321 1 475
304328 2 417
307091 10 1422
311008 1 483
320934 1 839
353747 7 301
355064 2 148
356625 2 437
357235 11 463
359481 6 169
359935 1 442
367428 5 177
372775 1 762
373161 1 432
377401 1 387
379861 1 652
381589 2 535
396669 1 754
404549 1 51
411602 1 384
412462 1 412
419423 1 507
426267 1 395
435379 1 620
444296 1 342
449874 1 143
467875 1 238
1424 1 113
1474 3 463
1590 4 378
3375 2 154
4249 1 155
4342 1 158
4538 1 162
4789 1 122
8278 2 267
8442 2 231
8957 1 424
12693 1 118
13883 2 287
14292 1 141
15438 1 168
15717 1 107
15952 2 311
18471 1 96
25827 1 121
27341 1 142
28023 1 104
28391 1 153
28504 1 492
29025 1 267
32522 1 120
33544 1 603
34032 1 110
34870 1 612
36905 1 88
37260 1 148
37780 1 110
38515 1 112
38836 1 105
42046 2 178
43964 1 125
44297 2 155
46117 1 115
46487 1 128
48512 3 267
48534 1 94
49417 1 217
51461 1 111
51490 1 95
52205 3 106
54227 1 156
54404 2 197
54990 1 156
55626 1 506
57501 3 281
57692 1 97
57808 1 129
59554 4 399
59665 5 384
59680 1 1135
60503 1 595
64359 1 91
65114 1 157
68035 1 141
68278 1 138
69066 1 177
69225 2 545
69228 2 620
70340 1 203
70435 1 132
71280 1 116
71587 1 397
71944 1 149
72658 1 89
72818 1 355
74476 1 124
75603 6 451
76494 1 401
76645 1 412
77599 1 96
77809 3 302
78570 1 443
80975 1 1213
85368 3 74892
85645 4 153229
85773 1 82661
99552 1 848
100907 1 1063
105529 1 247
109616 1 565
110877 1 406
110967 1 107
113168 1 640
113213 1 120
113649 1 51
115939 1 464
117818 1 83
119112 1 173
119903 1 534
120816 2 530
122546 1 681
122853 1 1260
123299 1 227
125284 1 566
125494 2 523
126629 1 47
126644 1 1236
126686 1 488
128269 1 379
129434 1 3012
130153 1 2207
130531 1 49
132059 1 236
132974 1 146
134272 1 369
135434 1 53
136829 1 496
139108 1 572
139789 1 467
139831 1 203
140657 1 456
141300 1 531
143093 1 574
145298 3 331
147436 13 809
148171 1 768
148328 2 56
148854 1 557
150098 1 224
150114 1 562
150221 1 1012
150358 1 1984
150943 1 585
151307 1 155
151697 1 614
152305 1 611
153760 1 93
154245 1 476
155854 1 445
159049 1 68
160668 1 76
160689 1 241
160886 1 166
160991 2 680
162581 1 163
163387 1 506
163755 1 639
164125 1 448
165312 2 313
165966 1 623
166154 2 443
168530 3 495
168838 1 1704
168956 1 1229
169423 1 87
169787 1 127
171767 1 606
171818 1 361
176811 1 134
178512 1 2081
180017 2 386
188589 2 215
189865 1 145
190871 1 84
193023 1 227
198023 1 279
199920 1 135
231228 1 472
232025 1 482
232128 1 71
235855 1 621
236006 1 625
241659 1 448
243247 2 112
243328 5 30540
243875 1 98
244346 1 98
244515 4 137580
244736 2 118
245847 2 94
246039 1 80
246521 1 8981
247304 1 160
247550 2 255154
247562 3 354
247826 2 14203
248643 1 103
248719 1 1629
249327 2 154
249329 1 41571
249570 2 33965
249585 2 194
250893 8 42856
251369 2 133
251506 1 5141
252028 1 1368
252427 1 3789
252903 1 80
253309 1 8367
253311 8 35432
253589 1 5262
253795 1 27039
253849 2 22736
254352 3 144
254664 1 105
255026 1 109
255272 1 105
255476 1 44402
255728 1 32235
255986 2 12990
256604 1 37731
256867 2 3271
257169 1 92
257344 3 45609
257345 3 89736
257356 1 8557
257807 2 214
257812 2 103213
258158 4 13508
258465 1 108
258575 1 4275
258822 1 106
258874 1 86
269909 1 688
308535 48 26545
318696 3 788
321378 1 307
323775 1 98
328613 1 88
336831 1 85
340948 1 224
344240 1 20
346730 1 575
351571 1 98
352587 2 371
358767 1 86
358928 1 62
360385 1 467
360797 1 106
361110 1 56
367874 2 151
370161 1 449
373707 1 73
374751 1 27
376030 1 84
380355 1 87
381870 1 860
381984 1 736
385353 1 101
391677 1 783
396048 1 105
396664 3 138
398443 1 732
400572 1 111
406528 5 383
411580 1 81
415356 1 573
435591 3 286
436336 1 211
436583 1 218
438840 1 712
439792 2 183
439798 1 505
443653 2 419
451077 3 289
454438 1 279
465582 1 98
466270 1 105
467357 1 75
473080 1 101
474862 1 470
482629 2 476
491041 1 87
498827 1 106
501300 1 69
501540 1 83
507978 1 299
511585 1 87
517334 1 117
517516 1 116
517528 1 141
518723 1 837
519053 2 154
519373 1 169
519844 1 167
521824 1 89
