2073 8 319
4398 1 147
5352 2 163
5700 16 270
5790 8 262
6447 1 93
6735 1 225
7619 10 373
7695 12 124
7725 4 261
10034 7 210
10201 2 161
13491 8 354
13604 13 433
13631 3 96
15295 6 117
15628 8 212
20825 2 185
22119 7 100
22394 5 334
25370 9 437
26014 2 504
27597 1 183
30062 1 305
31821 1 195
32298 5 200
33603 5 266
36141 1 362
36529 1 349
39563 3 190
41585 4 154
41849 1 370
42909 1 352
43630 2 272
43964 1 125
44199 11 323
44292 1 422
44336 2 240
45053 1 187
45708 6 433
46007 6 313
46379 11 354
46461 1 548
46627 1 551
46873 1 447
46893 1 101
48461 2 437
52376 2 190
53002 6 372
53386 3 151
53696 3 122
54541 1 457
55757 4 200
57510 6 163
57618 7 146
57647 4 528
58145 3 418
58159 5 158
59868 1 98
60529 1 347
60850 9 208
61150 1 262
62110 2 314
65208 4 325
66186 1 195
67646 2 289
69061 2 120
69533 3 292
75443 3 326
75619 1 382
77467 4 237
77930 14 213
78856 8 332
79282 4 159
79509 2 136
81109 4 4623
82496 1 13286
84698 6 2209
85368 5 74892
85481 5 70500
85645 23 153229
85773 6 82661
86034 14 48792
86753 43 173871
89527 5 650
89818 69 16295
90301 4 1316
90915 11 678
92188 3 64658
92329 3 64673
93654 1 102204
95560 1 26520
96049 7 78606
96136 7 20896
96424 6 38462
98552 40 4565
99451 2 19333
99797 3 420
99852 10 721
100099 8 91
100252 3 99
100272 2 623
100361 1 553
100536 2 205
100677 1 1443
101008 4 100
101044 3 41
101062 10 175
101067 1 64
101140 3 57
101182 2 50
101266 7 201
101373 14 975
101388 1 1146
101684 2 707
101703 4 140
101727 1 1104
101742 5 133
101811 4 101
101857 4 721
101908 1 375
101938 1 326
101966 1 531
101992 5 582
102024 5 226
102039 11 574
102203 2 69
102257 4 186
102370 4 84
102406 2 49
102441 4 158
102540 1 385
102636 2 61
102696 4 101
102830 1 148
103157 1 756
103280 6 189
103480 3 50
103488 1 118
103545 3 601
103582 1 375
103657 6 158
103751 2 451
103847 2 331
104151 12 8662
104182 2 199
104342 4 98
104343 3 50
104351 3 71
104376 3 293
104380 3 219
104497 4 252
104593 2 125
104644 2 461
104781 4 128
105162 3 101
105215 2 1171
105339 3 47
105495 1 66
105502 3 585
105530 5 334
105552 4 51
105652 1 1066
105747 2 347
106080 9 440
106131 3 103
106192 5 132
106261 1 815
106501 3 75
106622 1 149
106701 4 101
106765 4 42
106911 3 41
107337 3 392
107482 2 178
107644 4 101
107728 22 602
107934 7 114
107950 11 856
108062 1 1212
108105 1 158
108332 4 100
108625 3 69
108649 7 264
108892 4 98
108904 4 116
108974 1 49
108994 1 559
109006 37 896
109122 1 52
109191 4 100
109217 5 168
109294 5 320
109371 3 117
109439 7 530
109574 2 140
109710 22 365
109731 3 200
109783 1 158
109929 1 67
109983 1 142
110044 3 94
110081 6 511
110128 1 314
110280 4 496
110422 5 96
110608 7 212
110828 1 522
111008 4 99
111140 6 393
111247 4 55
111377 4 94
111480 11 184
111753 1 434
111832 2 98
111834 1 153
111841 3 156
111918 3 44
112035 1 160
112125 6 110
112224 4 98
112279 3 844
112370 9 207
112384 14 1330
112386 3 774
112457 1 889
112522 7 462
112633 1 718
112637 11 591
112772 1 876
112812 6 581
113034 2 57
113094 4 100
113255 1 131
113296 1 461
113393 2 641
113495 3 865
113571 37 618
113931 3 101
113982 1 90
114051 1 46
114308 7 8586
114392 2 174
114440 1 982
114600 1 585
114668 3 101
115009 2 125
115146 3 794
115149 8 119
115271 3 67
115328 8 97
115407 1 507
115434 4 100
115496 1 518
115532 7 99
115544 2 100
115679 8 404
115747 1 1600
115748 1 1316
115933 1 720
116090 4 101
116246 1 55
116289 1 28
116392 1 606
116415 1 624
116520 19 523
116555 1 456
116661 1 137
116982 4 103
117142 5 166
117285 1 296
117292 2 62
117531 1 827
117551 4 103
117611 1 871
117696 1 632
117739 1 160
117753 8 139
117992 1 61
118023 2 1307
118030 15 801
118199 5 369
118331 4 101
118335 3 102
118340 4 612
118469 30 611
118545 5 70
118602 1 601
118610 1 262
118752 5 102
118916 7 576
118959 3 786
119102 1 335
119114 1 119
119266 2 1129
119269 6 109
119352 6 76
119406 1 529
119559 14 513
119658 1 1249
119820 1 588
119944 1 289
119980 13 435
120099 6 106
120300 1 113
120307 7 142
120407 1 135
120436 2 440
120523 2 69
120525 1 1165
120660 1 752
120681 2 513
120763 1 125
120764 1 124
120880 1 198
120883 1 66
120899 7 331
121233 10 378
121381 16 244
121539 1 127
121590 1 712
121689 1 601
121945 9 606
121971 5 96
122007 17 564
122084 18 498
122392 3 883
122428 5 186
122469 4 50
122544 1 605
122578 6 115
122633 5 142
122716 1 147
122742 1 221
122803 1 643
122894 2 900
122963 4 977
122997 1 87
123199 2 149
123284 11 360
123421 5 209
123705 5 152
123983 2 232
124023 5 135
124041 3 809
124062 1 940
124170 1 768
124266 11 218
124301 1 853
124565 6 169
124572 6 698
124573 1 870
124586 6 181
124674 1 37
124733 1 58
124734 2 159
124799 11 312
124886 2 141
124929 3 197
124997 1 297
125146 5 496
125209 27 443
125384 1 157
125507 3 852
125545 2 711
125993 1 295
126059 10 549
126110 8 178
126219 4 130
126249 2 148
126392 2 156
126442 5 528
126460 17 491
126567 2 181
126681 17 406
126923 3 72
126941 55 825
127029 3 1084
127061 1 47
127114 8 8902
127167 6 135
127193 1 969
127236 5 553
127393 2 751
127420 4 610
127514 7 280
127551 3 908
127721 14 319
127728 4 110
127901 6 112
127999 4 615
128175 6 130
128514 1 339
128640 2 1051
128866 1 227
129110 8 159
129298 14 293
129321 1 931
129383 5 82
129435 2 134
129502 5 293
129529 1 541
129636 17 183
129680 1 77
129703 5 246
129754 1 424
129975 1 765
130082 2 89
130163 7 429
130197 1 112
130202 3 70
130248 3 157
130381 14 351
130423 5 198
130424 2 101
130465 2 136
130477 1 371
130481 3 881
130559 24 688
130724 8 283
131104 6 663
131159 3 131
131311 1 1069
131322 1 162
131394 1 49
131409 1 581
131413 4 259
131659 1 648
131661 1 681
131742 2 277
131929 5 78
132229 1 81
132230 2 859
132252 4 95
132402 1 2389
132619 12 358
132908 1 146
132979 3 206
132997 7 122
133045 14 413
133141 6 143
133266 11 525
133330 4 133
133485 3 126
133491 4 146
133617 2 113
133729 1 61
133743 5 217
133819 5 731
133843 5 289
134035 4 144
134084 2 200
134174 2 334
134208 1 200
134234 4 139
134235 2 112
134259 30 387
134568 2 1275
134908 1 100
135070 5 566
135253 4 459
135927 2 771
135959 4 65
135977 4 74
136238 3 210
136311 10 8993
136317 4 85
136321 1 50
136434 1 145
136509 3 69
136659 1 466
136716 1 518
136809 1 655
137053 3 72
137080 1 174
137151 1 611
137562 5 113
137651 2 76
137686 5 78
137812 4 87
138131 2 194
138287 1 212
138307 1 787
138417 2 196
138879 1 107
138939 12 1076
139084 16 601
139092 4 231
139288 2 50
139330 1 693
139360 5 176
139362 1 624
139374 1 840
139446 6 90
139582 1 559
139666 3 1185
139715 6 109
139791 3 62
139938 1 100
140128 2 575
140239 2 2695
140536 1 532
140558 10 263
140607 1 577
140686 12 388
140823 3 98
140969 1 176
141075 1 355
141107 1 430
141187 8 524
141189 1 108
141270 1 1092
141302 8 264
141448 5 917
141544 1 595
141576 8 722
141717 1 431
141923 1 776
142024 5 972
142145 3 894
142261 7 598
142355 1 570
142413 7 100
142460 2 487
142847 10 143
142854 2 202
142857 3 1231
143301 3 73
143466 2 1840
143575 6 170
143725 11 394
143750 6 138
143796 2 957
144034 12 308
144162 3 213
144214 8 167
144295 1 572
144437 1 172
144445 4 646
144531 1 1020
144539 9 1572
144594 6 490
144692 10 545
144734 1 833
144865 2 142
144895 6 107
145042 2 145
145070 6 176
145194 9 712
145235 3 148
145291 2 184
145337 3 201
145538 5 555
145619 1 564
145695 5 781
145858 2 120
145937 1 228
146063 5 684
146172 1 133
146255 4 137
146324 5 230
146333 1 174
146416 2 80
146503 2 320
146575 5 309
146576 3 683
146734 2 451
147033 5 99
147133 8 9616
147388 1 669
147389 1 596
147940 3 112
147974 2 451
148027 5 124
148031 2 189
148277 1 1134
148641 1 491
148782 1 1054
148985 3 129
149065 8 110
149071 2 54
149370 3 81
149463 1 1035
149514 5 98
149693 5 345
149712 3 115
149812 2 88
149989 1 170
150096 1 696
150390 3 741
150413 1 65
150751 2 991
150883 3 148
150987 3 164
151273 2 178
151409 4 59
151592 1 669
151861 3 123
151872 4 204
151921 11 855
152024 6 167
152443 7 75
152619 13 569
152786 2 102
152837 4 151
152962 1 307
152986 1 764
153020 4 162
153138 3 211
153154 1 176
153178 3 192
153183 1 1009
153528 3 121
154059 4 538
154453 5 213
154459 2 1429
154612 2 199
154779 3 922
154870 9 349
154896 7 482
154961 5 214
155032 1 211
155039 10 466
155092 14 501
155125 7 565
155262 2 893
155329 8 229
155352 4 105
155375 1 448
155616 4 359
155663 10 448
155768 1 623
155772 1 113
156021 4 944
156061 1 529
156244 3 397
156384 2 161
156434 1 59
156532 4 155
156651 3 211
156691 1 386
156900 1 165
157119 8 261
157157 2 77
157169 3 73
157431 5 804
157543 10 438
157804 10 202
158173 2 136
158190 2 174
158374 1 450
158600 3 88
158631 2 687
158800 1 1670
159132 41 1137
159133 1 330
159160 12 10016
159358 5 162
159523 13 157
159634 6 260
159672 1 857
159722 1 1337
159789 1 608
159941 1 865
159983 4 76
159992 1 319
160022 6 682
160080 4 142
160195 16 335
160284 3 70
160505 1 676
160523 10 293
160541 1 643
160796 1 169
160989 2 485
161013 2 698
161095 1 646
161491 3 1017
161598 16 744
161665 6 137
161814 1 527
161939 1 384
161986 4 139
162120 1 1353
162146 4 229
162285 2 100
162295 2 1046
162443 22 422
162620 2 349
162649 4 181
162997 4 59
163051 1 501
163196 3 84
163223 3 81
163545 3 2151
163565 6 83
163809 19 548
163861 2 457
164019 2 681
164040 2 278
164232 10 172
164256 1 903
164413 3 968
164683 1 189
164979 4 128
165029 4 154
165068 2 179
165111 9 125
165146 2 331
165187 3 535
165238 6 116
165299 3 221
165340 15 670
165348 1 616
165527 2 187
165651 1 592
165658 1 665
165691 1 515
165699 4 168
165790 11 98
165805 3 82
165931 1 734
166068 15 1362
166177 3 65
166427 4 219
166613 6 268
166652 12 1542
166653 9 273
166774 6 178
166879 10 349
166956 5 124
167131 2 114
167137 3 146
167211 4 378
167374 1 160
167394 1 262
167443 4 187
167556 1 109
167561 4 292
167630 1 329
167650 4 121
167749 1 58
167774 6 266
168220 2 470
168366 2 1161
168541 10 1432
168582 16 494
168605 6 134
168824 5 103
169273 2 1332
169316 1 162
169402 2 199
169471 7 529
169732 2 87
169781 7 8290
169892 6 184
169944 4 122
170007 13 491
170042 4 139
170372 1 776
170554 1 513
170573 10 187
170744 1 155
170806 3 275
170920 5 146
171048 5 77
171064 9 696
171073 2 102
171136 5 904
171282 1 115
171559 16 248
171629 5 123
171683 3 688
171711 3 150
171744 1 976
171776 1 88
172199 3 163
172213 2 1323
172224 4 103
172270 2 231
172286 19 548
172290 17 305
172349 3 197
172627 5 388
172661 8 125
173021 7 703
173025 7 238
173210 3 890
173215 13 439
173380 1 355
173416 6 116
173540 9 108
173562 7 314
173574 13 173
173619 2 96
173669 12 276
173968 7 76
174052 3 71
174146 8 161
174315 8 2205
174318 29 452
175310 7 1139
175541 10 361
175551 5 511
175560 7 475
175568 9 519
175570 6 622
175573 6 403
175584 11 609
175585 5 431
175586 4 652
175587 7 508
175600 3 717
175606 21 602
175609 6 415
175612 15 645
175618 10 379
175630 5 469
175633 11 517
175641 6 684
175644 3 801
175647 8 526
175650 11 652
175655 5 546
175657 7 561
176368 5 556
176439 3 368
176837 15 1228
177156 1 97
178470 3 1247
178897 2 148
179897 47 1813
180170 13 1413
180935 6 2298
181293 9 534
182018 1 429
182148 2 317
183943 2 506
183974 15 212
184094 28 1289
184944 36 2206
185843 5 119
185946 7 526
186106 1 124
186531 11 1995
186538 2 2380
186992 4 435
187769 3 622
187936 15 175
188177 1 99
189393 4 127
190353 52 455
190419 1 674
190446 20 5718
190573 8 91
190714 1 120
190795 8 88
195707 7 674
198000 1 1591
198574 3 302
198809 8 6579
198815 6 452
199447 7 92
201162 7 502
201254 2 85
201341 7 98
201558 1 1671
201965 2 850
201966 2 879
202464 3 1233
203078 2 444
203766 1 586
205422 9 561
205519 245 5547
205692 43 2352
206153 3 135
206553 26 3225
206845 1 633
207768 3 1100
208413 1 124
208582 8 507
213236 1 435
213936 3 1043
213939 5 5722
213999 8 115
214188 25 515
214362 5 1247
215652 4 419
215912 3 3775
216601 17 691
216942 1 95
217657 5 346
219508 88 3182
219509 87 3183
219795 1 126
219962 19 1305
220987 1 108
221130 28 2558
221280 1 121
222441 6 71
228098 1 205
228182 4 231
230032 3 131
230889 37 1526
231118 2 1571
231122 3 834
231148 2 1208
231443 2 339
232378 18 332
233812 1 429
234530 24 325
235932 7 157
238682 13 1996
238757 1 5317
239476 2 2460
240366 27 117963
242089 22 549
242135 1 448
242482 2 1257
242898 1 1126
242902 1 2831
242916 3 19607
243248 5 97794
243636 7 73383
243802 1 1033
244295 7 43543
244515 13 137580
244806 1 3319
244897 1 114
246483 5 110
246864 3 22526
247171 1 434
247469 8 160821
247550 5 255154
247672 1 33059
247896 2 127
248335 8 39898
248610 1 211360
248809 1 45708
249151 6 38079
249265 6 19873
249740 1 228328
249902 5 35189
250059 15 37994
250615 4 32287
250750 11 25707
252474 3 81579
253018 42 331696
253067 5 104143
253522 1 3353
253593 2 171848
254108 7 174176
254152 1 16721
255476 2 44402
255777 8 64507
255830 2 84137
256623 1 6330
257344 3 45609
257345 14 89736
257812 6 103213
271850 7 20008
271943 6 360
272735 135 3653
275820 24 340
280755 4 32241
289587 6 12899
294049 17 409
294051 13 264
297386 34 525
300222 15 643
300415 11 277
300417 17 485
301148 7 694
301675 17 409
309660 22 659
309661 31 578
309662 25 412
309663 46 568
309664 19 394
311355 9 64459
312060 6 518
314512 8 52248
315170 1 133
315535 1 86
315636 3 151
316062 2 256
316115 4 153
316121 3 115
316365 1 126
316513 1 169
316943 11 473
317620 3 497
317743 14 356
317867 2 103
318389 15 320
318987 11 202
319046 1 133
319095 6 826
319100 2 159
319111 11 257
319292 12 654
319353 10 119
319969 1 276
320540 8 106
320640 1 1141
321021 2 190
321031 4 141
321945 2 1067
322650 4 55
322818 1 1132
323308 1 71
323683 1 1278
323957 1 1212
324192 2 1131
324982 2 1140
325231 2 1163
325647 3 241
325694 2 70
325860 2 1186
326040 2 839
326065 3 757
326581 1 1206
326692 3 633
327312 5 228
327523 2 1124
327897 2 1303
327900 5 720
328205 1 478
328387 2 1158
328602 8 270
329194 2 1165
329258 2 1233
329434 3 182
329457 2 154
329961 1 83
330027 2 1183
330457 3 313
330536 2 501
330879 2 1107
331737 3 49
331858 2 1239
331888 5 116
331910 1 623
332179 1 1173
332197 3 152
332512 1 1047
332739 2 1140
332774 1 133
333131 11 147
333452 1 1211
333469 5 67
333625 2 1180
333833 1 1176
334031 2 1187
334185 8 700
334247 2 1126
334553 1 965
334721 1 711
334934 4 675
335648 10 395
335715 2 37
335930 5 76
335964 8 334
336047 1 1089
336434 5 181
337309 1 91
337329 1 216
337375 4 44
338771 6 221
339733 4 86
339954 5 536
339957 6 552
339961 2 649
339984 6 170
340931 1 960
341039 3 172
341785 1 84
342183 1 1179
342808 15 183
343854 1 81
345202 1 416
346176 2 1221
347185 1 1477
347240 3 1330
347365 2 110
347476 7 163
347477 2 110
347706 2 1364
348193 1 1312
348755 2 444
350638 4 148
351288 3 90
351406 4 666
351650 1 523
351885 3 116
352312 4 268
352390 3 834
352400 2 958
352945 5 309
353643 2 1032
353684 1 100
353981 3 36
354204 3 1008
355083 2 1084
355337 1 974
355834 2 76
355930 9 511
356109 1 1046
356207 12 341
356254 1 1022
356483 2 946
356502 9 145
356881 1 1173
357151 3 1068
357267 1 967
357606 2 1081
357823 1 264
358179 9 175
358494 17 577
358588 13 213
359209 1 225
360227 1 973
361374 11 395
361552 2 123
361979 1 993
362067 2 596
362454 2 107
362697 2 149
363204 15 326
363242 3 455
363315 7 218
364074 3 524
364198 12 354
364306 1 551
364414 2 1066
364430 8 270
366890 2 1093
367039 2 1056
368252 2 126
368261 3 104
368520 2 115
368902 2 987
369019 2 801
369287 2 1049
369805 17 541
370040 2 996
370652 3 233
371484 2 1031
371628 2 1099
371885 2 1050
372317 1 1038
372565 4 257
373035 3 222
373978 3 159
374087 1 1210
374875 3 127
375517 2 32
375652 1 592
375816 7 202
376173 5 144
377210 8 151
377559 2 58
377623 2 118
378454 15 499
378455 2 234
378463 2 234
378491 3 41
378866 2 1219
378986 4 180
379465 9 267
379552 2 118
379587 1 637
379992 8 114
380094 2 1158
380770 2 913
380949 2 872
381075 7 179
381077 2 173
381595 12 632
381596 4 650
381736 2 1068
382432 1 1038
382674 3 1106
382843 2 523
382846 7 237
382849 5 221
383181 12 532
383182 11 617
383184 8 508
383185 13 536
383186 10 749
383187 29 542
383188 28 633
383189 36 912
383439 3 82
384137 6 536
384601 1 642
384693 1 592
384715 4 197
385483 3 271
386240 1 273
387997 5 814
388366 2 139
388432 14 632
388457 2 116
389423 1 570
389944 1 1066
390120 4 179
390341 1 1095
390687 3 169
390926 1 126
391190 4 86
391428 1 149
391621 8 272
391735 6 142
391881 14 507
393821 3 1241
394091 19 260
394114 3 189
394932 4 173
395003 4 723
395732 2 153
395826 5 104
395942 5 207
396118 4 445
396263 4 160
396660 1 280
396871 5 500
397105 1 1858
397352 2 1134
397395 3 206
397579 1 229
397634 7 203
398051 4 590
399482 1 69
400077 2 78
400450 9 295
400651 3 252
400876 1 329
400885 6 385
401817 5 70
402439 3 219
402765 3 210
404038 4 264
404389 3 139
405629 4 180
406277 4 846
408505 3 133
408571 1 889
409982 5 618
409983 5 653
409984 18 574
409985 8 527
409986 7 793
409987 11 558
409988 1 682
409989 9 712
409991 8 578
409992 6 359
409993 6 806
410103 2 238
410300 2 141
411009 2 807
411527 3 110
411792 2 97
412792 4 83
413055 2 185
413296 1 823
413353 1 148
413633 1 143
413912 1 145
414126 3 187
414469 3 179
414510 1 172
414842 8 613
416696 3 469
416999 2 175
417002 2 95
417324 2 143
417629 4 145
418227 1 708
418292 5 67
418755 10 729
420128 1 231
420235 5 319
420351 3 162
421682 5 190
422517 4 249
422777 5 283
423175 3 267
424363 7 160
424411 6 266
424412 10 286
425256 1 117
425283 1 180
425361 2 118
425974 20 404
426626 4 413
427397 19 395
427663 11 120
427771 3 242
428310 2 482
428540 8 568
429394 2 109
430358 4 360
431065 7 332
431304 8 200
431575 9 218
431715 4 445
434452 6 102
434609 2 174
435000 2 139
436340 12 201
437461 1 585
437618 6 229
437960 3 53
438071 8 497
438137 3 5818
438651 3 286
439310 7 261
439416 1 127
439801 2 791
440178 1 207
441462 4 195
442518 6 280
443192 7 96
443288 2 62
443760 6 581
443761 6 225
444249 3 498
445056 4 192
445126 21 306
445505 2 140
445704 5 222
446238 3 865
446239 5 953
446253 6 890
446287 13 175
446502 3 645
447748 1 80
447956 8 606
448296 3 202
448312 2 3578
448336 1 647
448432 3 191
448434 3 237
449254 7 162
449309 1 314
449601 4 182
449678 1 628
449680 14 603
449681 10 495
449683 8 422
449684 9 601
449805 1 2111
450007 2 220
450058 9 400
451331 1 203
451358 12 221
452703 1 319
453715 1 643
453756 3 88
453842 8 433
453870 2 84
454087 1 265
454774 7 153
454789 2 168
455003 9 508
455055 10 171
455574 2 86
455580 3 150
456191 5 744
456211 7 259
456608 11 341
456750 2 137
456792 6 323
457002 2 181
458164 1 354
458368 4 144
458514 2 140
458655 1 142
459160 1 258
459373 1 219
459505 4 226
459779 3 189
460003 5 161
460308 6 247
460709 5 200
461985 6 707
462993 1 97
464200 8 230
464212 10 289
464481 5 119
464482 16 184
464743 22 592
464896 5 534
465319 2 123
466210 2 186
466287 21 614
466921 1 187
467322 8 328
467520 7 120
468032 3 73
469261 5 1371
470131 6 381
470301 5 299
470335 6 175
470655 3 495
470753 1 225
470775 5 341
470803 1 281
471003 4 514
471359 2 252
471368 1 176
472537 4 285
472568 6 323
474217 10 1057
474377 26 323
474419 7 371
474420 4 201
474491 4 243
474564 4 315
475032 7 171
475631 3 209
475916 9 186
475920 10 282
476022 2 137
476303 24 855
476310 2 101
476373 19 616
476640 3 83
477325 6 262
477339 4 126
477569 8 462
477574 11 283
477612 3 86
477765 5 180
477834 15 664
477835 15 737
477838 8 671
477839 56 984
477842 23 748
477844 29 612
477845 5 580
477849 20 806
477852 4 600
478161 3 43
478496 3 85
478761 6 210
480514 13 491
480790 6 242
480958 2 70
481328 8 421
481427 1 202
481800 6 548
482215 3 236
482687 2 177
483010 3 536
483526 3 677
484012 3 178
484259 2 1163
484316 1 488
484613 1 420
484662 12 248
485158 11 173
485375 3 227
485973 1 533
486235 1 580
486466 3 214
486628 4 336
486932 8 515
487444 3 145
487460 2 198
487536 3 379
487722 4 192
488418 8 246
488706 4 153
488953 2 790
489103 5 100
489453 4 397
489595 7 157
489644 2 361
489706 1 371
490072 4 399
490268 12 341
490562 1 189
490704 3 188
490788 2 320
490794 1 174
490970 5 90
491025 11 360
491851 3 93
491915 6 189
492138 6 213
492300 3 558
492516 2 1184
492659 1 576
492802 5 357
492897 5 471
493219 6 207
493639 6 241
493920 3 291
493982 3 73
494021 7 86
494302 2 114
494805 4 216
494832 1 321
495310 1 236
495918 6 423
496171 13 638
496280 1 297
496415 4 603
496845 2 170
496896 9 252
497233 2 168
497246 8 461
497689 23 554
498159 1 202
499397 1 591
499561 2 199
499942 8 281
499964 6 169
500325 1 869
500939 4 420
501132 10 164
501239 4 235
501427 4 236
501485 2 211
501490 7 109
501706 11 189
501967 11 415
503155 8 164
503157 31 918
503860 5 774
504073 1 275
504614 6 164
505243 1 329
505425 1 384
505657 1 122
505679 2 214
506463 6 336
506662 2 263
506679 3 303
506785 2 274
507396 2 305
507921 1 328
507925 1 377
508391 6 455
508870 2 342
508969 1 142
508972 2 178
509074 2 376
509186 1 199
509508 1 356
509697 2 80
510318 4 494
510361 4 157
510451 10 298
510776 4 236
510799 1 125
510974 1 525
511020 8 150
511033 9 261
511063 2 312
511261 1 578
511289 11 260
511532 2 118
511539 1 370
511653 6 273
511724 8 312
511725 6 168
511813 4 208
512244 6 522
512267 12 319
512465 3 207
512509 1 115
512512 3 191
512737 1 162
512909 2 38
513035 4 562
513073 2 179
513219 2 296
513460 3 500
513643 2 1302
514085 1 113
514565 15 614
514589 2 142
514739 1 488
514879 1 434
515133 1 475
515180 1 718
515280 3 390
515598 13 244
516374 3 228
516390 23 339
516396 4 130
516397 2 149
516414 4 537
516448 4 238
516526 1 62
516537 1 168
517218 8 223
517503 6 205
517660 3 177
517751 1 128
517755 2 155
517998 1 788
518025 4 226
518280 2 301
518304 16 277
518635 2 76
518961 2 202
519002 5 226
519262 2 211
519531 4 229
519612 12 334
519613 35 653
519765 6 107
519783 5 162
519800 2 222
520088 7 240
520188 3 100
520189 1 149
520434 4 320
520450 5 201
520662 1 127
520666 11 546
520912 3 883
520947 19 563
520953 13 248
521385 12 547
521599 14 355
521605 5 196
521671 1 218
521727 1 277
521748 1 762
521806 1 70
522032 1 255
522140 2 148
522187 22 647
522384 3 677
522401 5 524
522490 1 110
522634 3 518
523238 4 106
523753 1 434
523959 1 420
524838 3 126
524871 1 309
3422 13 539
5352 5 163
5700 1 270
10201 5 161
10218 4 578
14427 2 135
17431 12 463
22119 1 100
23251 5 418
24896 5 177
25641 10 643
26014 6 504
26019 6 219
26434 1 109
29214 5 204
30062 1 305
30727 5 350
36141 5 362
36183 5 273
36529 1 349
36726 6 384
37332 10 462
37952 8 394
39456 2 167
39604 3 533
40072 1 281
41732 2 481
45422 8 266
45708 1 433
46007 3 313
46461 2 548
46627 2 551
46873 2 447
48461 2 437
53002 1 372
53626 6 97
58145 6 418
59868 1 98
60529 1 347
60850 2 208
61150 1 262
66186 1 195
71915 3 479
72923 5 538
75619 2 382
76223 7 136
76238 7 141
77104 9 403
79282 1 159
79509 1 136
81109 28 4623
82496 110 13286
84698 15 2209
85368 417 74892
85481 54 70500
85645 258 153229
85773 127 82661
86034 21 48792
86753 304 173871
89527 4 650
89818 24 16295
90301 12 1316
92188 342 64658
92329 343 64673
93654 185 102204
95560 8 26520
96037 116 46291
96049 67 78606
96136 28 20896
96424 393 38462
98552 3 4565
99451 14 19333
99797 2 420
99957 1 765
100272 1 623
100361 1 553
100457 3 307
100674 3 668
100676 2 492
100677 3 1443
100759 1 561
100878 2 284
101266 1 201
101373 2 975
101388 1 1146
101607 1 70
101684 1 707
101703 1 140
101727 1 1104
101742 1 133
101812 1 227
101844 2 1163
101863 4 711
101966 4 531
101992 2 582
102024 3 226
102257 1 186
102258 2 183
102363 4 151
102370 1 84
102424 1 171
102551 2 192
102636 1 61
102723 7 323
102803 3 217
102919 1 531
103157 2 756
103407 10 1042
103582 1 375
103687 5 1314
103873 7 445
104009 1 572
104151 15 8662
104182 1 199
104314 2 57
104376 1 293
104458 1 382
104528 21 770
104656 2 44
104935 1 89
104978 2 647
105122 1 325
105220 2 647
105502 1 585
105523 3 89
105530 3 334
105652 1 1066
105942 3 593
105995 1 99
106080 1 440
106159 2 124
106678 8 1030
106770 1 147
106790 1 130
106864 4 178
106919 5 812
107197 4 589
107321 1 386
107337 1 392
107495 9 475
107728 1 602
107950 1 856
108062 1 1212
108161 5 71
108434 2 82
108479 3 340
108493 2 166
108521 3 354
108843 1 92
108854 9 733
108903 1 836
108954 2 77
108994 1 559
109025 1 468
109294 1 320
109439 1 530
109710 1 365
109723 2 165
109847 2 343
110422 1 96
110530 1 104
110647 1 550
111148 5 1611
111237 11 647
111408 1 350
111458 3 103
111753 1 434
111834 1 153
111875 1 79
111902 2 379
111916 11 603
112035 1 160
112041 4 288
112279 1 844
112293 13 233
112370 1 207
112384 2 1330
112386 1 774
112387 4 520
112472 4 389
112522 1 462
112531 1 1258
112551 1 805
112633 1 718
112637 3 591
112713 7 895
112772 3 876
113393 1 641
113495 3 865
114041 3 910
114067 3 1131
114202 1 423
114236 5 454
114308 23 8586
114381 2 104
114388 1 816
114441 3 790
114481 2 662
114553 4 340
114729 4 328
114835 8 366
114840 3 181
115009 1 125
115027 1 529
115146 1 794
115150 3 79
115276 4 84
115295 13 604
115361 3 418
115392 1 716
115407 1 507
115444 24 1137
115466 2 421
115496 1 518
115585 3 1493
115722 3 344
115747 2 1600
115748 5 1316
115933 3 720
116024 12 745
116520 1 523
116555 1 456
117176 1 221
117221 1 513
117323 1 693
117381 1 456
117463 1 559
117601 4 141
117653 3 622
117665 1 492
117696 10 632
117992 1 61
118023 3 1307
118030 4 801
118103 1 758
118109 1 79
118340 6 612
118469 1 611
118477 3 469
118602 1 601
118610 1 262
118793 1 390
118830 1 186
118866 3 105
118916 2 576
118927 1 336
118959 2 786
118989 8 268
119102 1 335
119114 2 119
119483 2 852
119559 6 513
119658 1 1249
119665 3 252
119765 2 294
119820 1 588
119944 2 289
119980 1 435
119985 2 167
120067 2 875
120436 3 440
120514 1 724
120523 2 69
120660 1 752
120681 3 513
120764 2 124
120819 16 1098
120883 1 66
120910 2 57
120958 1 1055
121271 2 537
121304 1 870
121539 1 127
121590 1 712
121689 3 601
121745 3 886
121779 9 620
121812 2 515
121971 5 96
122007 1 564
122084 1 498
122544 3 605
122633 2 142
122709 32 747
122742 4 221
122803 4 643
122913 1 58
123284 4 360
123360 3 465
123705 1 152
123772 2 59
124092 3 144
124170 4 768
124235 2 400
124301 9 853
124442 1 240
124534 3 170
124572 3 698
124573 1 870
124605 1 61
124610 25 625
124799 3 312
124811 2 518
124886 4 141
124964 1 639
125146 2 496
125223 1 122
125503 7 349
125507 2 852
125545 2 711
125593 1 106
125709 2 301
126030 4 84
126219 1 130
126249 1 148
126442 2 528
126460 1 491
126624 1 443
126681 1 406
126941 1 825
127114 19 8902
127193 1 969
127236 2 553
127420 1 610
127514 1 280
127728 1 110
127802 5 231
127999 1 615
128247 2 67
128295 1 622
128469 2 583
129074 3 93
129321 1 931
129502 1 293
129529 1 541
129533 1 78
129680 1 77
129703 2 246
129754 1 424
130069 1 220
130423 1 198
130465 3 136
130477 1 371
130481 2 881
130553 5 525
130559 1 688
130708 16 1856
130724 1 283
130940 1 92
131104 4 663
131409 14 581
131444 2 726
131602 1 920
131661 2 681
131670 9 1259
131684 1 183
131834 18 832
132164 1 781
132229 1 81
132230 5 859
132259 1 253
132402 1 2389
132454 1 710
132597 1 684
132609 9 610
132624 4 380
132767 7 399
133045 1 413
133068 3 522
133141 2 143
133409 4 326
133450 5 487
133605 1 315
133688 6 854
133743 2 217
133819 3 731
133839 2 649
133847 1 811
134208 1 200
134383 4 638
134568 10 1275
134579 1 104
135070 1 566
135253 2 459
135663 16 327
135813 3 135
135909 2 1531
135927 3 771
135941 3 75
136080 5 568
136311 26 8993
136659 16 466
136716 1 518
136809 2 655
137151 1 611
137152 4 178
137551 1 587
138140 6 859
138270 1 690
138307 3 787
138680 1 871
138826 2 610
138879 1 107
138957 2 399
139092 1 231
139330 1 693
139346 1 908
139360 1 176
139374 1 840
139424 2 365
139527 4 880
139582 4 559
139644 5 398
139666 4 1185
139715 1 109
139720 1 134
140239 1 2695
140536 1 532
140568 1 959
140716 6 387
140755 13 1067
140797 2 1224
140910 4 637
140951 3 111
141423 16 575
141448 1 917
141544 2 595
141576 3 722
141686 1 450
142135 1 99
142145 1 894
142261 4 598
142355 1 570
142857 1 1231
143480 3 768
143492 4 411
143699 1 132
143796 1 957
144015 2 801
144035 3 358
144066 1 409
144295 11 572
144594 6 490
145194 7 712
145366 1 363
145369 2 349
145382 1 86
145526 1 304
145538 2 555
145563 13 584
145619 1 564
145695 5 781
145777 3 437
145937 1 228
146055 1 542
146063 1 684
146241 1 234
146316 1 433
146576 4 683
146734 1 451
147036 4 328
147133 21 9616
147388 2 669
147389 5 596
147434 2 127
147673 10 589
148277 1 1134
148351 2 274
148477 1 43
148641 2 491
148771 4 94
149011 2 726
149370 1 81
149440 13 616
149463 1 1035
149588 3 651
149693 5 345
149973 6 276
150096 4 696
150390 4 741
150570 2 283
150751 2 991
150753 1 324
150883 1 148
151525 1 324
151709 1 642
151861 1 123
151921 8 855
152135 1 752
152619 1 569
152720 8 442
152860 2 289
152962 4 307
152986 2 764
153082 2 411
153178 2 192
153183 3 1009
153233 3 375
153247 1 488
153376 1 365
153446 2 283
153550 4 531
153559 2 219
153782 2 82
153941 2 107
154154 2 51
154210 2 478
154779 1 922
154805 1 151
154896 2 482
154945 2 981
154961 1 214
155032 1 211
155039 5 466
155125 3 565
155262 3 893
155329 3 229
155375 8 448
155388 2 367
155393 4 1401
155617 1 502
155663 2 448
155768 6 623
155772 2 113
155857 7 877
156021 3 944
156221 5 551
156244 7 397
156255 1 336
156651 1 211
156817 2 95
156832 1 736
156921 1 196
157119 1 261
157148 6 235
157431 1 804
157543 2 438
157804 1 202
157918 1 753
158031 5 113
158212 2 330
158324 1 294
158384 2 348
158435 6 390
158539 6 250
158600 1 88
158631 4 687
158800 26 1670
159132 4 1137
159133 1 330
159160 28 10016
159364 1 182
159389 1 229
159450 1 443
159499 1 643
159634 1 260
159672 8 857
159722 1 1337
159992 3 319
160022 2 682
160137 1 450
160254 2 281
160505 1 676
160509 2 720
160523 4 293
160541 1 643
160755 2 401
160908 1 223
160989 2 485
161095 10 646
161338 3 208
161438 1 99
161598 1 744
161814 2 527
161939 9 384
161950 5 732
161986 1 139
162042 7 459
162120 5 1353
162295 1 1046
162431 1 651
163545 12 2151
163585 6 673
163749 2 598
163809 3 548
163861 2 457
163865 1 139
163910 5 256
164019 1 681
164161 3 701
164256 1 903
164357 2 2679
164413 1 968
165039 2 653
165146 1 331
165187 4 535
165299 3 221
165340 1 670
165348 8 616
165394 1 651
165576 6 656
165651 5 592
165699 2 168
165750 7 1000
166068 12 1362
166528 1 322
166603 3 851
166652 7 1542
166683 3 723
166707 1 327
166879 6 349
166917 9 1306
167226 2 534
167394 1 262
167409 4 152
167774 2 266
168220 2 470
168346 3 88
168366 2 1161
168474 3 697
168566 11 672
168582 3 494
169273 8 1332
169316 2 162
169779 2 308
169781 24 8290
169782 1 525
169850 1 690
169892 1 184
170007 1 491
170015 1 1236
170372 1 776
170554 2 513
170744 3 155
170806 1 275
170920 1 146
171001 5 248
171136 4 904
171292 1 196
171313 3 875
171683 1 688
171744 1 976
171755 2 837
172001 1 754
172213 1 1323
172286 1 548
172490 1 691
172517 2 74
172544 2 181
172595 1 168
172627 3 388
173021 8 703
173063 2 703
173210 1 890
173437 1 63
173562 1 314
173657 2 276
173835 11 817
174315 3 2205
174318 1 452
175132 1 413
175310 1 1139
175541 3 361
175551 2 511
175560 3 475
175568 3 519
175570 4 622
175573 1 403
175584 1 609
175585 1 431
175586 6 652
175587 3 508
175600 2 717
175606 4 602
175609 2 415
175612 1 645
175630 2 469
175633 2 517
175644 6 801
175647 2 526
175650 2 652
175655 1 546
175657 1 561
176439 1 368
176459 3 490
176837 8 1228
178348 12 87
178470 1 1247
178897 2 148
179019 2 292
180170 4 1413
180935 8 2298
181898 2 356
182148 2 317
183943 1 506
184094 5 1289
184714 1 241
184944 6 2206
185843 2 119
186079 1 114
186106 2 124
186531 5 1995
186538 2 2380
186992 3 435
189341 8 84
189393 3 127
189469 1 457
189625 5 1222
190353 2 455
190446 18 5718
190573 2 91
190714 1 120
191126 3 195
192838 3 518
192852 2 476
193392 2 152
193534 2 396
194598 5 191
195707 12 674
198000 5 1591
198574 4 302
198809 7 6579
200310 5 133
200364 1 316
200589 1 152
201162 5 502
201254 3 85
201558 8 1671
202013 1 530
202464 5 1233
202488 19 451
203078 2 444
203766 2 586
204936 10 542
205422 11 561
205692 12 2352
206409 1 136
206506 1 126
206553 11 3225
206562 5 903
207355 1 282
207768 3 1100
208413 1 124
212398 1 858
213936 2 1043
213939 13 5722
214188 1 515
214362 1 1247
215652 13 419
215912 7 3775
216601 2 691
216769 2 446
216942 2 95
217657 2 346
219795 1 126
219962 2 1305
221130 19 2558
221280 6 121
222601 1 140
225002 1 379
225694 1 105
225738 49 1604
227143 1 492
230889 7 1526
231118 1 1571
231122 1 834
231148 8 1208
231354 23 1652
231443 1 339
231517 9 626
232819 8 1244
233812 7 429
236456 17 603
236933 21 934
238682 3 1996
238757 45 5317
239118 34 1485
239129 4 184
239476 35 2460
239857 17 1884
240366 467 117963
242135 2 448
242482 2 1257
242898 7 1126
242902 19 2831
242916 79 19607
243248 146 97794
243387 33 1263
243636 193 73383
243802 3 1033
244295 111 43543
244515 424 137580
244806 26 3319
246483 5 110
246554 82 7838
246723 2 182
246864 64 22526
247171 1 434
247469 488 160821
247550 614 255154
247672 173 33059
247830 7 1084
248335 105 39898
248502 14 1874
248503 18 3127
248585 35 1922
248610 348 211360
248764 68 4113
248809 177 45708
249151 44 38079
249265 24 19873
249740 686 228328
249902 47 35189
250059 98 37994
250238 5 129
250615 79 32287
250750 19 25707
251600 9 4056
251756 69 19516
252105 25 5983
252474 220 81579
253018 1101 331696
253067 163 104143
253354 99 57179
253522 3 3353
253593 532 171848
254108 541 174176
254152 56 16721
255476 132 44402
255689 25 3562
255777 138 64507
255830 90 84137
256623 19 6330
257344 69 45609
257345 121 89736
257812 306 103213
257831 59 3560
258371 14 465
271850 93 20008
271943 13 360
273865 6 71
280755 233 32241
286854 4 430
287890 10 186
287892 7 178
289587 94 12899
297386 4 525
300222 1 643
301148 5 694
309662 1 412
311355 133 64459
312060 7 518
314512 1 52248
315412 3 167
316062 1 256
317620 1 497
317743 2 356
317867 1 103
318200 2 156
319095 2 826
319100 3 159
319292 3 654
320640 1 1141
321031 1 141
323683 1 1278
323957 1 1212
325231 2 1163
325647 1 241
325860 1 1186
326065 2 757
326338 1 59
326476 3 145
326581 1 1206
327312 4 228
327897 2 1303
329194 1 1165
329379 11 509
330219 6 224
330536 3 501
330704 4 235
330879 1 1107
331603 1 54
331910 5 623
332197 2 152
332282 1 78
332572 3 270
332706 2 43
333833 1 1176
334247 1 1126
334553 1 965
334934 4 675
335964 4 334
336434 2 181
337008 2 583
337309 2 91
337329 1 216
337375 1 44
338176 8 1896
338510 4 630
338771 1 221
339954 3 536
339957 1 552
339985 2 132
340931 1 960
341785 1 84
342183 1 1179
342808 3 183
343335 3 930
344443 10 616
345202 3 416
346071 1 43
346176 1 1221
347365 2 110
347477 2 110
348755 7 444
351406 8 666
352312 2 268
352390 3 834
352400 1 958
352945 1 309
353643 1 1032
355834 1 76
355838 10 408
356207 3 341
356254 1 1022
356483 1 946
356502 1 145
357267 2 967
357606 1 1081
357823 8 264
358494 2 577
359209 1 225
360227 1 973
361552 1 123
361865 14 746
362454 1 107
363043 5 104
363242 1 455
363913 4 475
364198 1 354
364430 2 270
366925 2 596
368261 1 104
369805 2 541
369872 22 646
370027 5 680
370040 12 996
370645 5 312
370652 1 233
371253 6 788
371484 3 1031
372565 1 257
372606 2 150
373035 1 222
373978 3 159
374087 1 1210
374875 1 127
375170 5 513
375652 2 592
376173 1 144
377210 1 151
378455 1 234
378463 1 234
379552 1 118
380796 4 595
381075 1 179
381077 4 173
381366 1 39
381595 2 632
381596 2 650
382286 2 275
382432 1 1038
382674 2 1106
382849 4 221
383181 6 532
383182 4 617
383184 8 508
383185 2 536
383186 13 749
383187 3 542
383188 1 633
383189 8 912
383439 1 82
384693 3 592
384715 2 197
385483 4 271
386157 5 282
386240 3 273
387659 3 56
387997 15 814
388366 2 139
388432 5 632
388457 2 116
389423 10 570
391428 1 149
391621 2 272
391986 8 339
392483 7 286
394091 2 260
394932 1 173
395003 1 723
395724 2 152
395826 1 104
395942 2 207
396118 1 445
396263 4 160
396505 4 339
396660 5 280
396871 4 500
397105 10 1858
397352 1 1134
397395 1 206
397579 1 229
397786 2 271
397904 7 258
398373 1 34
398576 1 41
399482 4 69
400077 2 78
400423 8 1631
400651 1 252
400876 4 329
400885 1 385
401482 2 134
402439 1 219
402765 2 210
404389 1 139
404527 2 84
404994 7 179
405629 4 180
406277 1 846
407900 11 467
407914 7 1714
408571 6 889
409132 5 308
409982 7 618
409983 2 653
409984 4 574
409985 4 527
409986 6 793
409987 10 558
409988 2 682
409989 1 712
409991 1 578
409992 1 359
409993 2 806
410103 1 238
410300 1 141
410895 3 448
411009 3 807
411527 1 110
411792 1 97
412718 3 303
412792 1 83
413055 4 185
413296 12 823
413353 1 148
413633 1 143
413912 1 145
414126 1 187
414469 1 179
414608 15 502
414842 9 613
415099 5 291
416272 3 56
417002 1 95
417120 3 113
417130 3 155
417629 1 145
418227 10 708
418755 11 729
419704 9 287
419894 7 2066
420128 2 231
420235 5 319
420351 1 162
421682 2 190
422517 3 249
423175 2 267
424000 12 1344
424206 5 69
424411 4 266
424507 3 381
425256 1 117
425361 1 118
425974 2 404
426033 4 297
426626 1 413
426647 3 54
427397 1 395
427771 3 242
428144 13 772
428540 2 568
429394 1 109
430358 2 360
430815 2 122
431065 2 332
431304 1 200
431575 1 218
431715 13 445
433017 3 154
434609 1 174
436893 7 1728
437461 6 585
437618 1 229
438071 4 497
438132 14 3916
438137 29 5818
439416 2 127
440178 1 207
441044 14 677
441113 1 408
441462 2 195
443760 6 581
443761 1 225
443829 7 1713
444249 10 498
444693 10 688
445032 2 176
445056 2 192
445126 1 306
445189 2 48
445488 3 95
445704 1 222
445732 1 577
446238 4 865
446239 7 953
446253 1 890
446502 10 645
447748 4 80
447956 3 606
448296 2 202
448336 5 647
448432 2 191
448434 3 237
449254 1 162
449678 15 628
449684 2 601
449805 7 2111
450007 2 220
450199 3 76
450216 3 97
451331 1 203
451358 2 221
452462 4 262
452703 5 319
453842 2 433
453870 1 84
454087 1 265
454789 1 168
455003 7 508
455574 2 86
455580 4 150
455610 7 1772
456191 2 744
456792 1 323
457002 1 181
458164 3 354
458368 1 144
458514 1 140
458655 1 142
459081 4 70
459160 3 258
459373 4 219
459505 1 226
459658 4 283
459729 2 59
459779 1 189
460308 1 247
460709 4 200
461936 7 1764
461985 4 707
462086 3 507
462549 5 553
464200 1 230
464212 1 289
464482 1 184
464743 3 592
465319 2 123
466287 3 614
466921 4 187
467322 1 328
467816 7 1724
468101 3 47
468970 14 629
470131 2 381
470335 2 175
470655 1 495
470753 3 225
470775 1 341
470803 1 281
471359 1 252
471368 1 176
471952 2 205
473582 5 91
474217 5 1057
474377 3 323
474564 1 315
475032 2 171
475534 3 137
475631 1 209
475916 2 186
475920 2 282
476022 1 137
476303 2 855
476310 1 101
476640 1 83
477325 2 262
477339 1 126
477468 4 311
477569 2 462
477574 1 283
477740 7 193
477765 1 180
477834 4 664
477835 1 737
477838 2 671
477839 8 984
477845 2 580
477849 2 806
478039 2 154
478590 1 741
479839 8 758
480494 15 258
480514 6 491
480790 2 242
480958 1 70
481427 2 202
481800 5 548
482687 2 177
483077 2 243
483526 4 677
484259 6 1163
484316 4 488
484355 4 346
484607 4 683
484613 1 420
484662 4 248
485375 2 227
485973 6 533
486235 2 580
486413 7 1843
486466 4 214
486932 3 515
487460 2 198
487722 1 192
488418 3 246
489103 1 100
489453 7 397
489625 2 352
489644 6 361
489706 5 371
490268 2 341
490391 4 182
490562 2 189
490704 2 188
490794 1 174
491915 2 189
492300 1 558
492516 3 1184
492520 9 843
492668 4 286
492780 2 277
492802 2 357
492897 4 471
493639 1 241
493920 5 291
493982 1 73
494302 3 114
494392 4 232
494805 2 216
495251 4 267
495310 2 236
495918 3 423
496171 2 638
496280 3 297
496415 2 603
496644 3 61
496845 2 170
496896 2 252
497233 2 168
497246 3 461
497689 3 554
498159 1 202
499397 7 591
499561 1 199
499681 4 500
499942 1 281
500325 9 869
500939 2 420
501223 3 284
501239 1 235
501427 4 236
501967 7 415
502037 6 148
502102 6 305
502164 6 295
503155 3 164
503157 7 918
503860 6 774
504016 5 335
504073 1 275
504480 3 219
504614 1 164
505243 3 329
505425 12 384
505657 4 122
505679 2 214
506290 4 294
506646 2 402
506785 4 274
507396 1 305
507586 3 618
507921 3 328
507925 4 377
508153 1 203
508421 2 199
508870 4 342
509074 1 376
509186 1 199
509459 23 5290
509508 6 356
510318 7 494
510361 1 157
510451 4 298
510799 2 125
510974 1 525
511033 2 261
511063 2 312
511261 1 578
511532 1 118
511539 6 370
511560 1 317
511653 1 273
511725 1 168
511813 2 208
512072 1 248
512078 2 311
512080 5 490
512212 1 109
512244 10 522
512465 2 207
512509 3 115
512625 1 208
512737 3 162
513035 5 562
513073 2 179
513219 10 296
513323 2 139
513460 4 500
513643 2 1302
514565 8 614
514739 2 488
514879 1 434
515133 1 475
515180 3 718
515280 5 390
515395 2 413
516111 4 243
516374 2 228
516390 4 339
516396 2 130
516397 1 149
516414 7 537
516526 2 62
517503 1 205
517660 1 177
517751 4 128
517755 1 155
517950 3 356
518635 2 76
518961 6 202
519002 4 226
519612 3 334
519613 5 653
519800 1 222
520189 2 149
520434 1 320
520550 3 99
520662 4 127
520666 7 546
520947 1 563
521385 5 547
521605 1 196
521671 3 218
521727 8 277
521748 1 762
521806 1 70
522032 1 255
522043 9 533
522140 1 148
522187 7 647
522401 1 524
522490 1 110
522634 4 518
523062 10 675
523238 1 106
523346 2 222
523753 1 434
523797 1 167
524004 1 141
524250 3 228
524691 3 206
524838 1 126
524871 5 309
