937 1 737
2295 20 299
2410 11 272
2986 4 182
3894 4 453
5435 3 305
7998 4 110
8285 2 338
8355 10 631
10637 4 117
13529 18 590
15582 1 150
16427 9 220
16646 10 228
16691 10 250
17320 1 291
17714 6 153
18826 2 228
18937 2 276
19601 8 231
20228 3 327
21191 5 319
23729 15 203
25449 7 221
26056 15 374
27321 9 271
27648 7 179
28663 1 180
29117 4 153
29985 1 229
30024 22 742
32487 30 467
32504 2 519
32836 24 400
33326 1 713
34857 9 286
37182 17 223
38325 15 275
39590 6 308
39594 6 305
39831 6 215
43250 8 169
44414 2 150
45679 18 278
46777 3 197
47982 13 299
48298 2 144
49697 1 542
51310 17 440
54287 8 143
54297 13 318
55272 1 112
55673 4 596
55995 3 213
56607 11 243
56833 7 238
57576 1 246
57797 5 258
58841 1 176
59482 6 198
59747 1 540
60970 1 266
61043 13 413
63332 18 304
63414 14 309
63455 6 291
63822 8 210
64838 17 312
66878 41 711
67091 35 684
67093 7 560
67151 32 570
67167 25 465
67172 16 277
67201 18 394
67213 20 319
67214 28 443
67215 22 339
67263 31 458
67298 14 291
67341 13 264
67342 27 654
67479 20 398
67640 19 416
67652 19 499
68208 13 117
68413 8 171
68609 9 264
68774 13 217
69256 11 244
69535 9 157
69769 17 262
70115 8 148
70191 16 215
71049 1 525
72822 18 235
72921 19 208
73044 23 311
73204 10 363
75062 17 341
75240 12 273
75532 5 200
75725 6 169
75959 4 195
76654 15 185
76970 6 189
77769 6 398
77973 6 394
79686 1 188
80062 2 7652
80843 32 27078
81687 2 894
81778 3 1474
82003 130 7664
82208 4 507
82648 6 18160
82757 2 7740
83561 4 1450
83719 2 1369
84623 3 719
84706 8 25071
84722 1 2555
84799 4 460
85096 1 8981
85110 7 919
85319 1 949
85368 21 74892
85481 14 70500
85645 41 153229
85773 3 82661
85965 4 1382
86182 6 578
86367 1 33749
86753 23 173871
86797 1 1026
86798 1 621
86799 1 637
86849 6 540
86864 1 21422
87118 6 571
87474 2 1400
87643 14 2249
87803 4 10785
87805 1 8371
87807 4 14758
88109 2 1324
88165 1 26
88166 23 720
88452 1 519
88631 5 2133
88674 4 513
89082 6 1087
89154 31 10556
89317 4 1227
89318 4 4326
89444 1 700
89463 2 959
90037 30 1333
90660 3 3630
90930 7 2605
91076 2 564
91088 3 10153
91307 1 36764
91661 1 686
91799 12 921
92188 2 64658
92329 2 64673
92558 7 15447
92648 6 1735
92783 19 8708
93020 8 1664
93489 2 3132
93647 12 1306
93654 53 102204
93858 4 764
94920 23 5994
94926 1 1104
94932 1 1639
95733 2 918
95756 3 2206
95927 3 1194
96037 13 46291
96049 5 78606
96051 53 78869
96136 12 20896
97095 4 1444
97352 2 794
97532 1 11773
97947 57 14092
98037 2 9135
98040 4 24959
98042 1 11707
98046 3 18768
98050 1 14011
98294 60 23774
98297 4 7737
98853 2 446
98860 1 953
99053 17 27408
99096 1 844
99140 5 438
99206 11 1797
99573 4 1200
99574 4 885
99780 4 1252
99876 3 102
100102 1 240
100171 4 48
100172 4 44
100181 2 535
100286 1 105
100307 5 103
100336 5 165
100542 3 74
100864 2 356
100967 9 132
101421 4 509
101521 4 1064
101533 5 340
101568 1 110
101737 3 72
101901 2 602
102159 1 752
102205 3 304
102346 2 61
102485 1 1086
102488 1 87
102684 27 508
102700 5 116
102721 1 45
102809 1 667
102849 3 63
102961 1 374
102980 1 571
102982 2 286
103200 9 259
103254 3 327
103274 35 1309
103374 1 657
103383 18 623
103400 1 37
103527 11 206
103551 1 70
103619 2 135
103700 21 539
103761 16 620
103920 7 320
104062 18 269
104213 12 709
104268 11 1224
104280 11 116
104283 5 90
104326 5 108
104699 1 523
105063 6 376
105245 1 248
105278 2 369
105305 11 298
105366 7 348
105540 2 34
105810 5 111
105875 20 1474
106014 7 128
106048 1 44
106144 23 1259
106424 9 826
106437 2 239
106643 1 455
106682 6 356
106705 1 891
106898 4 43
107116 2 471
107134 9 66
107179 13 602
107213 10 1484
107253 56 1130
107295 9 552
107475 1 86
107506 2 2286
107544 21 488
107917 20 1096
108001 9 257
108093 1 80
108168 1 1156
108239 10 748
108444 3 47
108460 5 739
108575 2 466
108695 1 74
108844 1 55
108968 2 34
109028 2 318
109095 6 370
109169 9 542
109175 4 72
109437 6 593
109660 8 1297
109721 1 66
110181 12 1338
110310 6 395
110351 6 499
110556 9 172
110736 2 1270
111053 2 3425
111067 8 201
111074 12 660
111239 3 58
111290 11 214
111515 18 458
111564 6 243
111604 2 1321
111685 37 518
111703 11 296
112019 9 191
112185 1 1351
112283 1 346
112672 3 37
112684 1 70
113016 2 692
113021 2 59
113417 2 610
113443 3 378
113505 7 203
113639 3 1172
113723 3 47
113873 3 554
114165 4 117
114517 1 43
114519 4 58
114524 5 414
114695 6 75
114871 7 163
114919 1 298
115110 38 1024
115252 4 1336
115406 1 354
115413 24 722
115527 5 287
115748 2 1316
115781 8 147
116049 6 137
116058 3 375
116132 9 82
116181 12 229
116302 5 571
116881 4 52
117023 3 59
117347 3 89
117465 7 120
117640 20 853
117816 3 55
118085 8 534
118092 26 569
118301 11 393
118387 12 333
118421 1 77
118492 2 54
118502 4 564
118626 5 50
118647 3 62
118846 1 56
119002 3 84
119108 2 148
119189 8 204
119211 1 296
119259 4 94
119457 2 91
119483 9 852
119591 9 143
119593 4 122
119615 2 89
119687 47 1367
119698 2 5402
119730 4 101
119748 3 401
119972 2 78
120470 3 70
120632 26 601
120635 1 50
121060 4 277
121086 1 261
121102 2 599
121351 2 836
121363 3 69
121432 7 1870
121461 2 595
121586 4 1224
121637 12 663
122147 2 266
122709 3 747
123246 4 50
123394 15 176
123431 6 99
123472 5 84
123649 14 319
123725 2 110
123729 4 128
123747 3 841
123752 2 72
123756 12 628
123897 1 1317
123982 3 665
124047 8 131
124083 6 179
124257 8 497
124305 8 2625
124332 16 621
124459 1 628
124469 11 132
124484 13 285
124595 2 48
124619 5 298
124847 4 608
124957 4 43
125107 23 619
125113 8 205
125258 1 402
125614 3 2113
125929 1 207
127035 3 494
127054 4 1158
127254 9 128
127420 4 610
127870 9 636
127920 3 117
127946 7 217
127947 1 576
128026 3 39
128042 2 37
128113 2 47
128423 5 790
128724 23 759
128816 9 277
128839 5 540
128904 1 591
129055 2 871
129196 10 966
129209 1 527
129249 1 583
129491 8 186
129859 9 1551
130017 1 473
130043 8 691
130106 2 43
130186 15 406
130206 17 1331
130262 2 394
130304 29 760
130312 1 537
130386 5 430
130388 1 1313
130571 34 1442
130708 2 1856
130970 2 604
130992 2 1243
131006 10 303
131127 6 74
131158 16 134
131165 1 157
131211 3 582
131216 6 349
131339 1 789
131342 9 164
131426 4 555
131523 3 83
132068 1 397
132139 2 1661
132219 2 82
132224 1 53
132259 13 253
132307 4 130
132599 28 502
132608 19 1570
132645 1 68
132804 1 96
132864 3 596
132885 39 1211
133176 18 760
133252 1 1442
133368 3 58
133445 3 704
133471 11 1146
133496 9 806
133769 5 106
134334 3 559
134466 3 246
134642 8 793
134659 1 364
134663 2 139
134677 3 60
134688 1 709
134922 3 66
135039 6 415
135400 14 415
135480 3 71
135565 8 631
135763 4 76
135850 13 483
136118 2 818
136211 8 785
136311 12 8993
136525 11 562
136609 3 107
136630 6 553
136761 1 124
136800 3 1131
136802 2 220
136826 1 53
136951 17 228
136974 2 57
137045 10 439
137128 3 149
137255 2 92
137411 5 118
137568 10 111
137655 28 1372
137791 10 355
138019 8 529
138022 9 809
138074 26 715
138118 17 848
138185 23 639
138186 8 898
138187 27 478
138227 4 135
138487 9 546
138535 1 552
138784 7 112
138789 2 1099
138923 3 61
139028 1 608
139158 1 1582
139602 6 591
139719 5 122
139929 2 75
140239 6 2695
140525 8 891
140526 4 456
140528 4 223
140567 2 515
140601 1 463
140673 1 163
140691 2 650
140803 27 501
140806 3 58
140894 7 840
140996 1 288
141114 10 449
141290 9 989
141409 5 1237
141445 10 312
141478 2 56
141513 2 217
141891 3 69
141970 10 300
141977 7 268
142222 2 229
142230 4 216
142363 8 210
142499 7 97
142517 5 101
142524 10 144
142559 1 80
142564 1 653
142622 1 613
142729 1 165
142794 3 65
142798 4 560
142818 2 655
143279 7 185
143334 2 88
143460 1 216
143472 3 66
143664 4 95
143770 20 1385
143832 7 808
143961 4 70
144045 2 177
144050 6 127
144083 1 604
144158 2 78
144243 6 542
144312 6 704
144495 5 603
144918 3 140
144929 16 431
144941 4 591
145075 7 125
145116 5 90
145296 1 827
145363 1 794
145446 5 140
145561 31 1426
145747 7 186
145759 11 131
145920 3 96
146224 1 392
146379 1 913
146568 1 535
146587 2 146
146611 6 113
146736 1 337
147028 4 117
147121 8 607
147133 14 9616
147179 27 575
147296 3 1654
147307 39 1158
147315 7 161
147406 4 135
147604 5 149
147609 7 66
147727 2 546
147762 6 102
147808 1 100
147884 2 60
147940 1 112
147944 1 689
148047 10 588
148168 1 604
148267 5 119
148409 3 68
148807 8 496
148941 3 510
148973 11 289
148974 2 95
149244 2 336
149280 3 698
149457 1 66
149506 1 141
149511 9 790
149724 2 141
149741 15 1375
149785 2 147
149947 5 68
149956 4 653
150035 2 622
150140 3 483
150304 1 280
150517 42 1302
150772 1 426
150822 1 322
151001 21 365
151193 8 289
151317 1 842
151360 10 143
151367 5 148
151459 2 126
151672 12 185
151785 2 430
151859 1 147
151878 11 382
151948 2 799
151971 2 105
152147 13 1217
152249 1 240
152295 1 754
152420 11 227
152481 5 1488
152483 7 817
152647 16 414
152899 3 72
153070 5 97
153123 12 474
153302 2 81
153413 4 65
153475 15 410
153643 4 82
153867 5 501
153953 4 60
153996 1 689
154005 4 1369
154020 4 1276
154021 13 259
154042 2 1666
154043 9 1000
154085 1 165
154086 3 142
154203 1 118
154401 11 271
154427 1 123
154494 3 142
154778 5 505
154829 1 207
154981 2 112
155245 3 80
155268 4 157
155284 1 654
155371 5 89
155629 1 711
155689 4 105
155786 4 341
155841 3 165
155875 1 867
155878 8 1292
155879 39 1156
155882 21 906
155890 30 1497
155907 7 631
155933 11 794
155941 38 1509
155942 10 638
156046 9 953
156056 5 180
156065 1 631
156486 5 605
156968 19 772
157062 7 124
157123 1 389
157295 6 414
157496 6 120
157538 4 69
157757 7 553
158078 1 517
158130 1 84
158225 3 651
158381 1 124
158552 1 611
158628 23 550
158682 25 490
158979 1 343
159152 9 619
159160 9 10016
159467 2 403
159468 1 1283
159496 5 92
159833 7 123
159901 6 167
160038 6 578
160065 4 56
160132 4 289
160161 4 543
160225 3 120
160300 6 274
160368 1 605
160401 3 526
160451 1 61
160553 8 109
160691 1 546
160859 4 99
160960 5 452
160991 27 680
161004 11 340
161072 1 72
161277 6 108
161567 6 426
161844 4 85
162061 1 101
162161 10 212
162360 1 80
162364 1 87
162370 3 90
162426 1 1685
162524 2 1100
163771 2 385
163919 3 433
164050 1 135
164088 5 526
164357 7 2679
164675 12 128
164894 6 180
164920 2 645
165151 8 114
165395 10 456
165514 2 664
165529 1 1189
165650 1 236
165861 3 790
165999 4 121
166121 6 280
166195 4 86
166241 2 189
166271 1 409
166871 6 586
166917 4 1306
166952 4 148
167005 3 140
167225 3 1084
167294 1 124
167404 4 75
167658 11 467
167697 12 175
167944 1 77
167953 3 339
168021 4 333
168144 3 67
168149 4 64
168230 1 818
168300 1 156
168376 2 121
168387 2 101
168518 1 96
168586 3 326
168724 2 97
168732 2 74
168938 4 1316
169172 7 184
169236 2 64
169481 2 140
169525 5 867
169731 4 799
169778 13 1360
169808 21 1210
170010 7 114
170092 7 387
170141 2 30
170361 4 125
170682 5 65
170687 4 83
170823 1 1036
170995 9 609
171082 3 112
171096 22 496
171130 1 294
171654 5 95
171694 1 729
171759 8 332
171818 2 361
171997 16 507
172098 7 125
172172 12 143
172218 4 63
172222 17 588
172249 16 412
172262 4 65
172422 1 2130
172454 2 88
172544 5 181
172645 8 697
172678 1 1423
172881 4 275
172884 3 378
173069 1 646
174049 15 642
174155 11 383
174195 16 672
174280 3 225
174466 4 86
174750 2 154
174832 2 300
175016 3 105
175102 3 462
175160 5 117
175293 7 654
175405 7 1150
175682 2 142
175728 5 119
175874 1 144
175922 6 202
176113 1 387
176118 3 562
176155 3 540
176170 11 345
176192 8 395
176259 2 156
176336 7 664
176343 2 100
176566 10 102
176627 7 856
176628 17 408
176631 5 361
176632 12 393
176728 9 720
176740 2 1036
176758 3 156
176766 5 136
176784 3 821
176826 2 516
176893 2 196
177000 6 153
177020 4 118
177061 6 106
177103 6 109
177276 3 82
177383 5 86
177384 2 94
177477 7 334
177643 1 97
177734 14 1577
177826 9 940
177935 85 4443
177940 27 4587
178039 36 15865
178212 1 1591
178221 3 1463
178228 3 675
178247 4 113
178389 18 1164
178556 2 149
178618 7 83
178665 3 1863
178687 5 174
178726 4 256
178749 41 2310
178850 10 1392
178898 11 250
178903 49 1602
178904 21 1418
178905 13 545
178906 8 912
179009 2 216
179051 20 424
179308 2 163
179432 1 110
179592 16 485
179599 5 349
179602 4 265
179610 14 991
179631 5 470
179663 12 397
179668 8 469
179669 6 435
179765 2 96
179772 4 125
179858 10 344
179884 2 107
180140 13 242
180174 23 526
180238 1 154
180254 8 787
180309 10 438
180310 5 152
180473 5 171
180508 4 136
180522 13 145
180538 5 130
180539 9 137
180602 15 313
180772 5 97
180815 6 476
180850 4 355
180855 7 337
180871 1 118
181001 7 125
181002 7 119
181084 6 105
181205 4 176
181218 5 132
181222 13 311
181409 8 148
181526 6 114
181548 12 525
181552 1 324
181626 3 121
181752 12 283
181783 87 5486
181974 4 171
182092 4 130
182151 6 463
182243 14 1456
182490 4 138
182494 2 115
182519 4 85
182631 4 101
182640 3 119
182727 7 329
182862 4 100
182925 6 191
183055 23 1983
183058 5 94
183343 5 169
183415 2 113
183534 2 100
183583 1 288
183670 9 106
183693 8 207
183717 7 499
183745 9 502
183941 3 362
184040 41 665
184097 7 400
184106 5 481
184139 8 88
184186 23 643
184190 21 6725
184223 3 132
184298 2 124
184634 5 136
184651 15 3081
184841 1 109
184865 10 85
184947 61 2724
185164 2 105
185220 3 94
185464 1 318
185504 19 801
185573 5 113
185608 8 377
185707 1 1318
185955 5 309
186099 1 89
186104 8 99
186183 2 151
186200 1 434
186297 4 661
186403 17 1264
186419 13 98
186648 3 435
186704 3 190
186750 5 130
186817 7 115
186854 3 137
187019 3 127
187097 8 109
187149 5 411
187150 7 525
187153 3 266
187167 15 431
187176 10 476
187181 17 1270
187182 6 459
187202 10 520
187214 5 318
187258 4 134
187518 10 498
187910 3 338
188065 4 106
188244 2 269
188278 7 604
188281 8 335
188299 1 90
188337 4 91
188389 2 106
188475 4 105
188488 1 391
188536 2 461
188538 3 225
188550 1 756
188717 4 92
188900 6 171
188920 5 150
188965 4 168
189251 7 549
189257 23 444
189291 6 533
189307 11 566
189308 6 1001
189329 7 266
189337 8 418
189421 2 172
189457 5 199
189628 2 119
189679 17 1341
189730 1 99
189769 67 1442
189781 8 108
189839 2 99
189870 3 152
189909 5 529
189993 2 87
190026 6 131
190280 8 3401
190282 5 1584
190321 2 133
190419 3 674
190548 5 132
190556 5 141
190621 10 383
190666 66 2451
190746 22 876
190759 5 1000
190776 1 100
190894 2 124
190995 2 164
191056 4 167
191061 3 194
191126 2 195
191166 1 145
191344 8 312
191441 2 101
191476 3 113
191497 3 176
191610 1 348
191886 1 164
191893 4 146
192285 15 506
192388 5 140
192527 6 759
192650 5 580
192658 2 113
192666 4 97
192694 9 134
192838 2 518
192957 19 1556
192958 8 432
192984 5 123
193138 4 153
193296 11 1288
193305 3 416
193534 1 396
193559 18 514
193560 14 516
193605 15 3586
193936 5 247
193943 4 103
193953 1 93
194078 4 134
194156 6 104
194314 6 145
194321 4 123
194360 2 236
194361 4 216
194374 4 253
194402 10 599
194409 7 521
194473 1 115
194488 3 135
194529 2 628
194667 8 112
194709 8 118
194749 2 144
194820 22 559
194822 3 260
194824 22 1312
194825 36 989
194893 16 928
195001 26 1800
195013 5 107
195025 8 133
195026 6 135
195210 13 504
195247 9 104
195287 1 115
195319 1 93
195636 5 1206
195641 18 1003
195642 7 2477
195657 2 122
195694 1 117
195841 2 100
196075 9 558
196147 6 427
196188 6 900
196235 8 130
196269 6 127
196276 5 121
196288 9 93
196402 10 282
196418 10 141
196498 21 331
196564 3 86
196570 3 106
196600 4 152
196642 8 121
196678 5 109
196685 2 521
196740 9 1461
196835 10 701
196887 8 124
196895 9 98
197014 5 607
197089 24 1964
197108 18 403
197116 8 135
197123 1 161
197126 6 164
197208 8 120
197339 4 120
197479 1 93
197516 3 626
197539 5 409
197546 7 905
197547 9 546
197549 1 338
197550 18 313
197552 10 544
197569 8 408
197571 8 434
197620 10 138
197645 2 133
197845 10 200
197909 6 106
198043 2 222
198080 15 1470
198189 3 117
198307 9 105
198389 1 316
198495 2 98
198527 3 119
198533 9 130
198573 2 723
198702 14 538
198723 6 215
198886 2 275
198902 3 506
199215 3 444
199222 3 308
199351 2 402
199361 3 251
199383 9 627
199467 9 103
199674 28 544
199864 5 750
199874 2 192
200291 2 100
200305 3 134
200309 5 127
200319 4 186
200320 6 218
200364 2 316
200516 7 1110
200678 46 1064
200680 26 1496
200822 2 118
200859 2 96
201029 3 105
201143 9 1888
201144 11 1567
201151 12 2212
201317 2 146
201346 24 4524
201467 2 107
201536 1 267
201572 5 939
201727 8 103
201831 5 116
201834 2 82
201894 2 157
201963 3 144
202013 4 530
202047 27 1298
202069 44 8208
202179 1 202
202260 9 306
202455 3 407
202528 5 86
202632 6 514
202668 2 254
202734 2 230
202817 8 119
202844 7 102
203046 9 404
203117 7 916
203183 4 125
203202 5 113
203460 2 96
203648 7 309
203675 38 851
203686 2 117
203714 8 284
203722 7 122
203751 11 147
203824 4 692
204044 2 135
204110 5 100
204116 2 139
204128 7 341
204334 2 89
204387 6 235
204408 9 464
204412 3 351
204444 1 225
204537 7 147
204553 4 179
204593 1 488
204629 3 541
204654 12 360
204682 1 535
204939 2 155
205048 1 145
205106 3 108
205158 5 108
205168 2 117
205189 4 357
205378 3 126
205388 4 129
205563 28 10051
205615 5 72
205727 4 111
205728 2 108
205788 29 588
205789 10 592
205790 24 1042
205791 49 1461
205792 55 1189
205793 45 2018
205794 5 164
205795 35 3696
205796 9 374
205797 18 4004
205798 25 329
205801 41 927
205967 5 208
205969 3 165
205971 1 107
206044 5 1047
206281 13 156
206432 5 90
206477 16 5974
206696 5 660
206793 11 127
206948 3 162
207184 7 332
207187 9 789
207196 13 489
207218 5 341
207232 6 232
207233 7 192
207355 1 282
207358 12 391
207386 2 461
207476 3 112
207491 22 1319
207520 6 94
207584 2 77
207747 1 446
207840 7 104
207903 7 109
208001 6 565
208080 10 100
208085 7 113
208129 6 96
208170 3 129
208272 15 834
208407 4 89
208408 8 123
208642 4 1035
208996 13 541
209030 14 1405
209049 9 218
209050 11 442
209123 7 180
209195 2 362
209216 1 488
209345 13 143
209382 7 171
209385 1 74
209421 5 114
209559 2 223
209563 2 510
209570 11 548
209692 3 155
209709 13 1311
209739 2 131
209743 1 112
209783 2 384
209893 6 120
209937 2 145
209985 7 218
209998 2 174
210162 17 1272
210173 11 110
210366 2 107
210483 2 90
210585 12 1202
210659 5 100
210662 2 85
210666 4 77
210705 2 218
210711 7 404
210714 10 316
210730 4 475
210733 3 254
210741 5 284
210789 4 116
210795 2 80
210852 2 93
210859 2 139
210904 1 420
210962 3 678
210974 2 578
210975 6 960
211080 7 120
211135 11 554
211150 6 162
211222 1 96
211622 4 1454
211657 34 1831
211785 9 578
211794 7 4912
211874 4 250
211895 32 460
211918 6 114
211920 2 66
211935 7 104
211962 2 109
211996 2 107
212005 7 569
212019 1 557
212041 5 85
212132 5 90
212312 12 547
212376 5 501
212398 3 858
212494 9 425
212583 10 273
212715 5 284
212821 3 103
212872 2 134
213236 3 435
213371 6 257
213429 7 102
213454 3 283
213585 4 123
213640 1 370
213676 17 587
213715 3 110
213794 8 131
213849 5 382
213998 6 97
214125 11 264
214208 14 504
214214 8 84
214375 1 432
214387 4 87
214458 5 99
214484 8 92
214624 4 361
214664 5 93
214722 4 130
214747 1 74
214820 2 101
214847 2 92
214887 2 367
214935 2 96
215181 15 284
215386 4 161
215421 8 101
215422 13 120
215432 3 114
215581 15 623
215590 15 501
215611 4 145
215638 5 513
215648 3 263
215724 1 89
215776 7 99
215840 2 212
216049 1 98
216088 13 562
216124 6 131
216140 6 112
216251 7 134
216283 1 96
216312 5 108
216457 3 137
216766 2 398
216816 15 850
216887 4 442
217077 1 81
217120 11 127
217217 10 1387
217219 5 575
217224 4 510
217360 3 89
217524 5 138
217742 10 470
217861 18 1257
217940 5 246
217979 3 123
218107 4 87
218154 2 501
218278 5 96
218287 6 293
218329 6 229
218338 8 485
218356 15 519
218393 5 102
218395 2 115
218456 2 110
218485 11 570
218658 5 167
218662 5 150
218754 9 70
218970 4 143
219065 6 160
219143 7 111
219346 4 119
219371 2 140
219559 3 105
219670 5 336
219678 7 586
219704 6 189
219856 8 128
219890 2 131
220065 6 434
220104 7 167
220117 5 381
220121 3 427
220133 5 203
220135 7 306
220155 21 516
220163 11 453
220345 5 123
220393 9 133
220403 7 690
220414 7 111
220418 7 97
220434 9 125
220574 25 1211
220622 7 103
220634 3 118
220704 3 126
220769 7 98
221035 8 123
221036 7 115
221204 6 65
221359 12 913
221523 8 137
221648 7 130
222079 3 97
222101 3 108
222138 8 411
222146 3 709
222190 7 675
222457 11 820
222496 3 102
222596 6 121
222818 8 202
222840 10 662
222841 4 398
222851 20 599
222875 28 1236
222878 4 324
222932 4 108
223009 4 168
223072 6 156
223119 12 456
223136 1 346
223167 9 731
223183 5 77
223282 2 324
223302 37 2500
223347 3 427
223551 6 103
223597 6 194
223701 4 134
223721 1 121
223778 14 503
223879 4 166
223971 4 83
223975 13 133
223993 8 266
224030 4 85
224052 4 812
224086 4 465
224134 6 84
224145 4 95
224187 9 104
224288 4 398
224293 9 408
224372 6 114
224548 3 151
224550 6 101
224602 14 484
224740 3 109
224811 18 1655
224828 10 502
224838 12 581
224839 14 475
224935 4 126
224966 1 145
224972 7 213
224975 7 102
225002 2 379
225037 8 411
225310 1 123
225335 59 6511
225482 10 143
225486 2 121
225494 9 123
225495 4 113
225694 1 105
225757 2 362
225769 4 641
225872 6 101
225963 5 184
226105 6 862
226156 16 1229
226159 8 139
226283 4 509
226568 2 127
226602 12 531
226626 12 498
226788 2 103
226849 1 108
226942 5 817
227124 7 227
227302 5 71
227542 6 434
227600 18 752
227633 5 96
227720 8 126
227757 2 307
227796 6 105
227809 6 471
227810 9 893
227825 3 378
227837 3 144
228014 3 269
228059 1 87
228079 5 360
228085 2 565
228206 4 820
228229 2 105
228276 8 129
228281 9 115
228296 4 150
228329 5 107
228431 5 100
228470 4 185
228570 5 143
228585 3 97
228586 1 102
228690 4 156
228743 2 487
228772 12 420
228800 5 661
228834 6 127
228848 18 187
229141 3 129
229146 9 145
229189 8 106
229257 3 102
229311 2 403
229312 16 427
229448 4 116
229455 5 138
229462 9 154
229477 11 807
229532 14 708
229600 4 91
229634 4 125
229643 4 112
229651 2 538
229710 3 109
229817 4 92
229863 5 91
230180 5 100
230212 5 87
230277 26 703
230382 5 483
230506 5 95
230620 9 78
230743 4 95
230773 2 57
231021 10 113
231055 3 119
231152 65 824
231678 6 698
238923 7 18797
238933 34 1384
239011 3 222
240366 94 117963
242893 3 8294
242916 4 19607
243021 10 14242
243227 1 4804
243248 32 97794
243249 34 55340
243328 2 30540
243568 5 51992
243636 1 73383
243742 1 52641
243743 8 32782
243828 3 9735
244295 2 43543
244515 17 137580
244740 6 33732
244742 9 48422
244865 10 14342
244998 5 56078
245029 60 93035
245458 5 5144
245637 1 3806
245668 21 47659
245998 1 26287
246003 33 79294
246208 2 7991
246220 1 47306
246603 2 39939
246695 4 65027
246814 102 7881
247016 1 10957
247060 12 25091
247209 49 48787
247217 11 17250
247387 25 63961
247406 2 42749
247469 9 160821
247550 100 255154
247974 1 15560
248262 7 21240
248278 1 24167
248335 3 39898
248610 66 211360
248634 15 38855
248690 4 12689
249570 13 33965
249740 160 228328
249902 20 35189
249966 3 18920
250059 7 37994
250438 5 7362
250616 6 37169
251143 2 13145
251147 1 10561
251420 19 20131
251800 4 24372
251901 3 11936
251925 1 9105
252154 4 29717
252227 2 4408
252474 22 81579
252921 42 52519
253018 96 331696
253067 32 104143
253311 4 35432
253462 9 48129
253557 17 37233
253593 60 171848
253795 4 27039
253934 36 27329
254094 5 4033
254108 90 174176
254281 21 3539
254497 7 24964
254871 13 36421
255289 2 51128
255476 2 44402
255634 7 29071
255777 21 64507
255830 59 84137
256155 5 22080
256286 5 24252
256847 1 24054
257016 3 7719
257049 1 26471
257305 41 37731
257306 8 19070
257345 27 89736
257584 2 8706
257625 6 23419
257812 59 103213
257951 5 21143
258022 5 6898
258361 1 26906
258559 1 52150
258646 2 9166
259012 1 3227
259115 5 25791
260492 13 597
261731 2 2623
261732 3 845
262114 14 3886
262802 7 611
263002 2 279
264226 8 2119
265488 5 413
265809 2 346
266338 7 390
267235 10 3747
267236 11 1320
268089 1 338
268098 2 303
268307 3 17203
269837 2 222
269998 9 5056
270000 4 2006
271850 6 20008
272126 19 7361
272659 1 346
272996 3 476
272999 3 281
274191 14 1605
274942 3 316
275107 1 592
275504 4 411
277384 1 486
278199 8 256
279751 4 2790
280600 10 16007
284134 36 530
284824 1 597
289040 3 403
289587 20 12899
290042 15 6266
290105 1 1006
290107 2 628
290166 2 505
290726 4 838
292221 4 1044
292283 2 265
296298 8 420
296383 1 261
296628 3 479
297827 1 1154
297829 15 2505
297994 1 719
298006 5 672
299931 4 399
301292 1 384
301419 5 286
302252 3 332
302256 4 342
302257 3 342
302692 10 433
303057 1 612
303058 1 553
303349 6 668
303507 5 12535
304147 15 6265
305134 1 357
305165 3 561
305168 2 351
305279 5 465
306182 3 417
306522 5 650
306526 5 525
306527 5 269
306783 16 11472
306836 3 302
306919 20 4466
306927 18 2387
306928 1 632
310369 6 724
310371 2 502
312293 19 891
313370 5 426
314016 1 624
314512 55 52248
315736 4 619
315741 28 569
316452 1 276
322037 10 208
322213 15 228
322537 1 208
322894 40 548
326039 2 56
328110 1 152
329600 5 111
339218 17 273
339907 11 817
342457 1 91
348422 7 286
350727 11 435
351416 8 518
351597 10 103
351734 10 134
351776 5 187
356621 14 238
359931 2 267
362479 19 731
363407 1 578
364241 3 348
367676 19 238
373695 3 630
374075 10 514
379322 1 746
379783 6 462
381970 6 161
384942 14 446
387012 3 88
388899 12 195
389106 8 119
389362 8 189
390082 12 569
390090 10 547
390092 21 631
392203 4 283
393516 6 248
396258 4 289
398783 11 223
398838 11 223
400061 20 353
400235 7 553
401036 22 396
401167 10 205
401168 13 253
403960 16 457
406657 7 143
406663 8 162
406917 6 168
408605 10 550
413860 9 606
413862 6 442
413865 10 448
418763 12 657
424610 2 102
426795 12 594
427631 2 291
428176 4 96
429227 6 262
430258 16 563
430391 1 715
431145 11 445
438528 13 618
438659 14 773
441488 9 366
443344 20 532
446236 17 602
446239 8 953
454873 1 188
455528 6 667
456602 29 585
460219 14 698
462391 8 207
463679 13 352
465603 2 176
470842 4 80
473551 6 678
475203 25 581
475204 16 656
475205 6 231
477188 17 807
482176 27 464
482189 11 437
483358 1 215
485055 10 344
490673 3 300
491315 5 386
494079 6 401
494659 8 548
495101 11 598
495776 17 392
498703 8 243
499739 4 170
500925 5 308
500926 10 279
504470 4 57
506230 2 553
510619 18 498
510893 5 222
511228 3 61
511296 3 204
511882 10 517
512603 24 586
513038 10 553
514190 1 398
515265 15 457
516046 7 294
519746 20 527
520829 9 194
523650 14 457
3894 2 453
5435 1 305
8285 3 338
8355 4 631
10601 1 278
14094 1 472
15582 4 150
16427 3 220
16646 1 228
16691 1 250
17320 1 291
18337 10 435
18404 2 681
18960 5 445
19149 5 478
19747 2 401
20228 9 327
20786 2 320
22347 7 300
23729 1 203
23790 5 307
25449 1 221
26056 2 374
27648 1 179
29455 6 642
29985 3 229
30024 5 742
32342 2 425
32487 3 467
32504 13 519
32836 8 400
33035 1 315
33288 1 194
34857 8 286
35573 1 285
35863 1 269
37182 1 223
38325 10 275
38368 4 612
38475 4 384
38570 4 563
38753 1 427
43208 2 345
43578 2 324
45679 2 278
46777 3 197
47619 3 195
48343 1 346
49697 1 542
50893 1 250
51310 5 440
53181 4 475
55995 1 213
56607 9 243
60970 3 266
61043 3 413
61779 1 257
62173 1 447
63022 14 406
63455 1 291
63822 1 210
65071 1 262
66878 2 711
67091 4 684
67151 1 570
67167 2 465
67172 2 277
67201 5 394
67214 4 443
67215 4 339
67263 5 458
67341 3 264
67342 4 654
67479 3 398
67640 18 416
67652 5 499
68774 3 217
69535 4 157
71018 1 372
71049 2 525
71987 1 73
72076 2 465
72684 9 489
72921 3 208
74519 6 437
75062 1 341
75240 2 273
75725 1 169
75959 3 195
76153 3 302
76654 2 185
77959 2 393
77973 2 394
80062 37 7652
80843 6 27078
81687 6 894
81700 18 3535
81778 6 1474
82003 4 7664
82208 5 507
82329 2 1050
82648 31 18160
83561 13 1450
83719 20 1369
84623 16 719
84706 14 25071
84722 8 2555
84799 5 460
85062 2 1308
85096 1 8981
85110 4 919
85319 16 949
85368 57 74892
85481 100 70500
85645 252 153229
85773 65 82661
85965 7 1382
86182 2 578
86367 15 33749
86549 2 9754
86753 4 173871
86798 3 621
86799 2 637
86849 2 540
86864 1 21422
86981 12 8770
87007 31 11089
87118 2 571
87474 1 1400
87643 15 2249
87803 43 10785
87805 8 8371
87807 7 14758
87982 1 699
88032 5 135
88109 15 1324
88165 1 26
88166 17 720
88452 4 519
88631 11 2133
88674 3 513
89082 6 1087
89154 21 10556
89317 8 1227
89318 13 4326
89463 13 959
90037 4 1333
90930 12 2605
90978 20 1105
91076 2 564
91088 3 10153
91424 7 319
91638 2 561
91661 6 686
91799 1 921
92188 4 64658
92329 4 64673
92558 6 15447
92596 21 14515
92648 5 1735
92765 7 234
92783 52 8708
93020 11 1664
93113 61 1928
93482 2 5963
93489 12 3132
93654 732 102204
93858 1 764
94167 9 21131
94727 8 1005
94920 36 5994
94926 13 1104
94932 24 1639
95756 15 2206
95927 4 1194
96037 393 46291
96049 24 78606
96051 64 78869
96136 54 20896
97095 12 1444
97352 2 794
97532 1 11773
97550 44 20368
97947 21 14092
98037 32 9135
98040 101 24959
98042 11 11707
98046 4 18768
98050 22 14011
98294 85 23774
98297 21 7737
98853 1 446
98860 7 953
99053 69 27408
99096 8 844
99140 3 438
99206 13 1797
99573 5 1200
99574 10 885
99780 1 1252
100066 3 1014
100218 1 55
100606 3 781
100864 1 356
101435 9 985
101521 1 1064
101624 1 124
101737 2 72
101980 1 99
102346 1 61
102708 9 1006
102961 2 374
102980 5 571
103193 1 53
103477 6 835
103700 1 539
103720 2 1680
103761 1 620
103871 1 325
103920 2 320
104062 3 269
104242 1 606
104268 1 1224
104379 6 1257
104476 3 189
104623 1 268
105245 1 248
105276 14 591
105810 1 111
105875 2 1474
105941 5 1142
106111 8 845
106144 1 1259
106425 1 72
106683 1 403
106705 2 891
106941 2 333
107253 1 1130
107506 19 2286
107917 1 1096
108408 15 330
109095 12 370
109169 2 542
109438 1 368
109483 1 429
109721 4 66
109802 1 640
110078 11 301
110335 6 106
110998 1 597
111005 10 1302
111053 2 3425
111074 15 660
111290 1 214
111299 16 1064
111515 1 458
111564 1 243
111565 5 100
111604 3 1321
111857 2 1699
112019 8 191
112037 1 115
112185 1 1351
112232 4 1763
112528 1 315
112792 5 264
113359 32 566
113846 1 450
113851 7 1452
114894 1 684
114919 1 298
115252 12 1336
115406 1 354
115413 20 722
115748 1 1316
115781 1 147
116140 1 879
116287 1 651
116302 1 571
116547 1 42
117347 1 89
117640 1 853
117885 9 351
118085 1 534
118092 14 569
118093 3 407
118492 3 54
118502 16 564
118614 1 892
118777 3 333
119687 3 1367
119698 8 5402
119748 2 401
120548 2 376
120784 1 697
121060 5 277
121363 1 69
121461 1 595
121523 1 370
121586 1 1224
122147 1 266
122481 1 1302
122709 1 747
122863 2 497
123487 2 117
123897 1 1317
123982 4 665
123989 1 159
124257 2 497
124305 11 2625
124306 1 488
124407 1 284
124484 1 285
124847 4 608
124985 2 582
125192 12 972
125560 9 744
125614 3 2113
125759 2 230
126808 4 817
126876 2 694
127054 3 1158
127178 3 68
127744 2 1108
127766 1 126
127792 1 342
127871 4 971
128000 4 611
129032 16 815
129055 1 871
129196 3 966
129369 5 261
129439 1 1341
129491 1 186
130017 1 473
130043 6 691
130186 1 406
130187 2 185
130571 1 1442
130572 2 771
130866 1 103
130992 4 1243
131339 4 789
131820 2 167
132148 3 183
132259 1 253
132565 1 82
132608 2 1570
132886 2 507
133176 1 760
133668 1 296
134334 14 559
134472 3 1469
134635 1 100
135039 2 415
135102 4 128
135364 1 412
135400 8 415
135850 2 483
136118 1 818
136211 5 785
136311 6 8993
136525 2 562
136630 2 553
136802 1 220
136967 1 552
137182 4 617
137655 1 1372
138487 2 546
139460 1 494
139929 1 75
140048 3 344
140113 5 702
140239 2 2695
140525 6 891
140526 2 456
140691 2 650
140937 1 345
140980 4 1492
140996 1 288
141068 10 136
141290 8 989
141409 19 1237
141513 5 217
141827 1 197
141970 4 300
141977 1 268
142018 21 432
142059 2 759
142622 3 613
142644 1 384
142769 11 507
142798 1 560
142818 1 655
143121 1 1162
143619 1 425
143664 2 95
143832 2 808
144083 1 604
144234 15 635
144495 6 603
144577 1 132
144939 15 844
144941 3 591
144957 1 581
145296 9 827
145350 4 697
145365 1 465
145561 1 1426
145562 1 522
145747 5 186
146046 21 1255
146379 1 913
146548 1 855
146587 1 146
146736 1 337
146847 12 638
147133 13 9616
147134 2 229
147296 10 1654
147727 2 546
147808 1 100
147860 1 1032
147944 1 689
148047 1 588
148159 1 199
148409 1 68
148427 22 993
148565 5 1613
148686 17 362
148697 4 1082
148755 18 1971
148807 1 496
148972 1 1623
149050 3 83
149244 3 336
149280 3 698
149318 1 158
149506 1 141
149617 20 746
149741 11 1375
149785 8 147
149854 6 276
149956 7 653
150035 3 622
150464 2 208
150822 2 322
151785 1 430
151948 1 799
152279 13 793
152290 5 881
152295 1 754
152484 1 137
152686 4 352
152804 1 323
152973 6 102
153123 1 474
153251 1 541
153311 1 703
153475 1 410
153652 1 116
153767 1 497
153867 2 501
153996 1 689
154006 1 419
154036 10 4041
154042 1 1666
154418 1 511
154427 5 123
154457 12 539
154537 19 818
154538 1 1002
154981 1 112
155284 4 654
155396 1 529
155689 1 105
155758 10 608
155875 1 867
155987 1 155
156238 1 213
156876 3 683
156916 1 154
157757 2 553
158078 2 517
158154 2 291
158381 1 124
158552 1 611
158628 1 550
158647 1 119
159053 1 114
159086 10 443
159098 2 783
159160 10 10016
159290 9 658
159391 26 1253
159468 1 1283
159530 26 1051
159920 1 691
160161 2 543
160214 4 752
160553 1 109
160597 1 514
160642 2 694
160879 2 727
161319 1 228
161567 10 426
162013 2 443
162061 3 101
162222 7 208
162392 1 110
162426 1 1685
162524 1 1100
163418 1 199
163485 14 592
163769 1 675
163789 3 1202
163790 4 708
164273 2 734
164357 8 2679
164358 1 1229
164398 1 162
164475 1 413
164976 1 1480
165018 1 810
165396 2 500
165682 1 297
165861 2 790
165926 7 1835
166036 1 722
166156 6 295
166203 1 58
166375 1 270
166668 1 740
167225 2 1084
167444 16 762
167536 1 932
167593 7 2703
167944 1 77
168179 1 92
168586 2 326
168938 1 1316
168959 2 422
169731 1 799
169778 1 1360
169808 1 1210
170259 4 169
170687 1 83
170823 2 1036
171082 1 112
171130 1 294
171234 10 419
171694 2 729
171759 4 332
171997 1 507
172249 1 412
172393 1 649
172422 6 2130
172454 3 88
172678 4 1423
172750 2 3037
172884 2 378
173055 11 1244
173069 1 646
173072 3 1513
173084 3 416
173525 1 486
173690 2 313
173978 4 1231
174049 2 642
174159 2 655
174832 3 300
175102 4 462
175405 3 1150
175728 2 119
175874 1 144
176118 8 562
176170 8 345
176192 3 395
176336 2 664
176566 4 102
176627 25 856
176628 2 408
176631 17 361
176632 18 393
176728 2 720
176740 21 1036
176758 1 156
176784 20 821
176893 2 196
177103 8 109
177276 2 82
177383 2 86
177477 1 334
177734 1 1577
177826 1 940
177935 1 4443
177940 1 4587
178039 5 15865
178212 15 1591
178221 28 1463
178228 28 675
178389 7 1164
178393 2 164
178417 2 144
178665 10 1863
178749 1 2310
178850 52 1392
178898 6 250
178903 80 1602
178904 54 1418
178905 16 545
178906 3 912
179308 1 163
179432 9 110
179592 15 485
179599 20 349
179602 3 265
179610 4 991
179631 23 470
179663 26 397
179668 2 469
179669 1 435
179765 3 96
179858 1 344
179884 2 107
180174 2 526
180254 18 787
180309 4 438
180508 1 136
180522 7 145
180538 6 130
180539 2 137
180602 1 313
180772 3 97
180850 4 355
180855 3 337
181001 1 125
181002 1 119
181084 1 105
181205 1 176
181218 7 132
181222 1 311
181752 17 283
181783 28 5486
181974 3 171
182243 3 1456
182490 2 138
182631 3 101
182727 3 329
183055 3 1983
183058 1 94
183343 10 169
183583 16 288
183670 5 106
183693 17 207
183717 19 499
183745 20 502
183941 7 362
184040 26 665
184097 11 400
184106 2 481
184139 2 88
184298 1 124
184634 5 136
184651 99 3081
184865 1 85
184947 6 2724
185220 8 94
185608 1 377
186099 10 89
186104 7 99
186403 7 1264
186704 7 190
186817 4 115
187097 5 109
187150 13 525
187153 3 266
187167 27 431
187181 40 1270
187182 19 459
187202 27 520
188278 1 604
188281 4 335
188389 1 106
188550 3 756
188920 1 150
189251 39 549
189257 9 444
189291 3 533
189307 17 566
189308 6 1001
189329 10 266
189628 5 119
189679 45 1341
189730 10 99
189769 3 1442
189781 4 108
189993 3 87
190280 3 3401
190282 10 1584
190548 4 132
190621 4 383
190666 4 2451
190746 33 876
190759 44 1000
190776 4 100
190995 4 164
191056 3 167
191061 7 194
191893 1 146
192285 2 506
192694 10 134
193138 5 153
193296 1 1288
193559 19 514
193560 12 516
193605 10 3586
193936 1 247
193943 1 103
194314 9 145
194321 8 123
194360 17 236
194361 13 216
194374 15 253
194402 22 599
194409 19 521
194709 1 118
194820 5 559
194822 4 260
194824 19 1312
194825 3 989
194893 2 928
195025 1 133
195026 1 135
195247 9 104
195636 47 1206
196075 1 558
196288 1 93
196564 5 86
196740 4 1461
196887 2 124
196895 1 98
197108 5 403
197123 4 161
197208 4 120
197516 2 626
197539 1 409
197546 25 905
197547 7 546
197549 4 338
197550 1 313
197552 11 544
197569 16 408
197571 19 434
197620 4 138
197645 3 133
197909 5 106
198043 12 222
198080 1 1470
198389 12 316
198495 6 98
198527 1 119
198533 4 130
198702 5 538
198723 8 215
199215 17 444
199222 1 308
199351 20 402
199361 9 251
199383 2 627
199467 1 103
199674 4 544
200170 14 320
200291 4 100
200305 5 134
200516 26 1110
200678 2 1064
200822 2 118
201143 1 1888
201144 5 1567
201346 6 4524
201572 1 939
201939 4 119
202069 3 8208
202260 2 306
202455 10 407
202632 4 514
202660 1 173
202734 5 230
202806 1 100
202817 1 119
202844 2 102
203046 6 404
203117 21 916
203460 7 96
203648 16 309
203675 1 851
203686 3 117
203722 1 122
204387 9 235
204408 11 464
204593 2 488
204939 1 155
205168 11 117
205615 4 72
205727 1 111
205728 8 108
205789 4 592
205791 3 1461
205792 2 1189
205793 15 2018
205794 1 164
205795 18 3696
205797 8 4004
205798 5 329
205801 14 927
205969 3 165
206044 28 1047
206281 4 156
206432 6 90
206477 2 5974
207184 21 332
207196 26 489
207232 3 232
207233 10 192
207358 23 391
207491 1 1319
207520 4 94
208080 1 100
208085 4 113
208272 1 834
208407 8 89
208408 2 123
208642 4 1035
208996 29 541
209030 18 1405
209049 12 218
209050 17 442
209345 6 143
209563 10 510
209570 5 548
209709 3 1311
209893 7 120
209949 8 109
210162 1 1272
210173 4 110
210366 3 107
210483 8 90
210585 21 1202
210659 7 100
210662 7 85
210705 1 218
210711 17 404
210714 19 316
210733 2 254
210789 5 116
210852 1 93
210974 27 578
210975 19 960
211080 12 120
211135 2 554
211542 2 108
211657 4 1831
211794 4 4912
211874 8 250
211918 1 114
212005 19 569
212019 15 557
212041 2 85
212132 2 90
212312 18 547
212376 2 501
212494 3 425
213236 11 435
213429 9 102
213585 9 123
213849 14 382
213998 1 97
214208 8 504
214387 5 87
214664 1 93
214722 6 130
214847 4 92
214887 9 367
215421 1 101
215432 1 114
215581 27 623
215590 27 501
215611 11 145
215638 1 513
215648 17 263
215840 5 212
216049 5 98
216124 9 131
216140 5 112
216251 1 134
216283 11 96
216312 5 108
216457 2 137
216816 2 850
216887 2 442
217217 4 1387
217219 1 575
217224 3 510
217524 4 138
217861 1 1257
217940 12 246
217979 4 123
218107 1 87
218154 4 501
218278 6 96
218287 16 293
218329 3 229
218338 6 485
218356 27 519
218393 6 102
218395 2 115
218456 1 110
218485 33 570
218658 1 167
219143 1 111
219346 6 119
219559 3 105
220117 13 381
220133 19 203
220135 12 306
220163 17 453
220238 7 99
220393 2 133
220403 7 690
220414 4 111
220418 1 97
220574 3 1211
220769 6 98
221035 2 123
221036 1 115
221204 2 65
221648 8 130
222146 17 709
222190 2 675
222596 1 121
222818 12 202
222840 10 662
222841 2 398
222875 12 1236
223119 22 456
223136 2 346
223302 2 2500
223701 1 134
223778 2 503
223879 1 166
223971 3 83
223993 12 266
224086 4 465
224134 4 84
224187 8 104
224293 2 408
224602 14 484
224740 4 109
224811 1 1655
224828 28 502
224838 31 581
224839 25 475
224975 3 102
225037 1 411
225335 1 6511
225494 14 123
225495 6 113
225872 2 101
225899 2 117
225963 4 184
226105 5 862
226156 22 1229
226159 1 139
226602 1 531
227542 30 434
227600 15 752
227762 25 520
227809 2 471
227810 1 893
227825 15 378
228085 1 565
228206 1 820
228276 1 129
228281 1 115
228329 10 107
228470 11 185
228570 9 143
228585 8 97
228743 1 487
228800 1 661
228834 2 127
229189 1 106
229448 8 116
229455 6 138
229462 12 154
229477 13 807
229532 29 708
229600 1 91
229634 5 125
229651 1 538
229710 2 109
229817 2 92
230180 3 100
230212 1 87
230277 55 703
230382 7 483
230506 4 95
230743 2 95
230773 1 57
231021 8 113
231678 12 698
236205 1 608
237529 2 619
237785 3 705
238923 61 18797
238933 8 1384
239011 4 222
239711 6 1412
240366 421 117963
242108 3 1923
242889 1 4454
242893 4 8294
242916 26 19607
243021 32 14242
243227 1 4804
243248 46 97794
243249 24 55340
243328 13 30540
243568 9 51992
243633 2 3548
243636 89 73383
243742 13 52641
243743 1 32782
243828 89 9735
244295 8 43543
244400 4 18019
244515 194 137580
244565 1 3473
244740 11 33732
244742 6 48422
244865 32 14342
244998 14 56078
245013 10 4963
245029 15 93035
245126 7 10341
245458 6 5144
245637 11 3806
245668 13 47659
245998 11 26287
246003 14 79294
246208 19 7991
246220 24 47306
246239 4 4330
246603 5 39939
246695 200 65027
246814 6 7881
246923 11 8941
247016 52 10957
247060 10 25091
247209 46 48787
247217 17 17250
247387 32 63961
247406 36 42749
247469 261 160821
247550 739 255154
247762 2 2569
247974 97 15560
248106 5 9186
248262 8 21240
248278 72 24167
248335 17 39898
248562 57 40310
248610 52 211360
248634 11 38855
248690 23 12689
249570 43 33965
249740 577 228328
249902 608 35189
249966 7 18920
250059 24 37994
250073 12 19941
250438 13 7362
250616 8 37169
250722 16 20017
251143 21 13145
251314 3 2380
251420 51 20131
251603 6 17552
251800 6 24372
251841 2 2745
251901 3 11936
251925 3 9105
251946 5 2878
252154 59 29717
252227 1 4408
252423 1 855
252441 2 4164
252474 121 81579
252849 9 18559
252921 32 52519
253018 1086 331696
253067 47 104143
253259 6 26507
253311 1 35432
253462 178 48129
253557 11 37233
253593 246 171848
253795 2 27039
253934 8 27329
254094 1 4033
254108 274 174176
254281 44 3539
254497 3 24964
254871 55 36421
255083 1 767
255144 42 25727
255289 26 51128
255476 8 44402
255579 16 2582
255609 2 22114
255634 47 29071
255777 58 64507
255830 222 84137
256002 3 4456
256155 17 22080
256286 54 24252
256847 30 24054
257016 5 7719
257049 5 26471
257305 53 37731
257306 370 19070
257345 64 89736
257470 3 6033
257584 5 8706
257625 15 23419
257812 171 103213
257865 5 35772
257951 67 21143
258022 47 6898
258361 154 26906
258559 32 52150
258646 9 9166
258844 12 16991
258846 160 18003
259048 9 8110
259115 2 25791
260492 18 597
261731 59 2623
261732 4 845
262114 16 3886
262802 28 611
263002 4 279
264226 5 2119
265488 4 413
265809 1 346
266305 6 669
266338 9 390
267235 39 3747
267236 15 1320
268089 4 338
268094 3 225
268098 5 303
268170 1 251
268307 19 17203
269837 3 222
269998 54 5056
270000 7 2006
270291 21 306
270292 12 416
270311 6 349
271694 2 265
271695 3 212
272126 5 7361
272659 5 346
272996 4 476
272999 2 281
274153 1 6149
274191 5 1605
274942 6 316
275107 13 592
275504 5 411
278199 8 256
278242 3 384
278248 7 306
279751 8 2790
280600 29 16007
284824 1 597
288706 7 311
289040 5 403
289587 37 12899
290042 22 6266
290105 5 1006
290107 2 628
290726 6 838
291318 1 475
291330 4 549
291346 2 475
291381 4 394
292083 6 460
292221 6 1044
292280 9 239
292283 6 265
293579 6 652
293582 3 414
295943 5 29903
296298 28 420
296381 1 304
296383 2 261
296628 5 479
297827 4 1154
297828 4 1007
297829 18 2505
300897 10 1017
302252 1 332
302256 2 342
302257 1 342
302692 1 433
303057 6 612
303058 1 553
303349 1 668
303507 9 12535
304147 22 6265
305165 2 561
305168 1 351
305172 10 509
305173 4 554
306182 4 417
306522 5 650
306526 4 525
306527 13 269
306783 14 11472
306836 2 302
306919 4 4466
306927 17 2387
306928 3 632
308059 5 416
308060 3 299
310370 42 1329
310371 1 502
310863 4 395
311355 10 64459
311361 24 547
311364 21 324
311365 18 434
311462 4 456
312293 2 891
312345 7 549
313370 3 426
314016 5 624
314512 101 52248
314756 1 443
315736 2 619
315741 12 569
316452 1 276
317486 1 203
322037 1 208
322213 2 228
322894 4 548
329600 4 111
334056 4 261
336271 1 444
338369 1 102
343517 4 1006
348422 1 286
351416 1 518
351776 5 187
355225 1 168
355306 1 277
356621 4 238
359931 1 267
363405 5 629
363407 1 578
367676 5 238
373695 1 630
374075 19 514
379783 23 462
379805 1 101
381795 1 162
384942 2 446
388899 2 195
389362 2 189
390082 11 569
390092 1 631
400061 2 353
400235 5 553
401036 4 396
401167 1 205
401168 1 253
402263 1 97
408605 1 550
413860 23 606
413865 1 448
414818 1 869
418763 9 657
419720 3 208
424610 1 102
426795 12 594
428176 3 96
430258 8 563
431473 2 421
438528 2 618
441488 2 366
442870 1 660
443344 4 532
446236 8 602
450404 8 491
454873 9 188
456602 9 585
460219 4 698
462391 3 207
467362 2 241
473551 4 678
473615 1 98
475203 7 581
475204 4 656
477188 4 807
481240 1 1137
485055 7 344
491315 5 386
491741 2 87
494659 14 548
495101 2 598
495776 1 392
499739 4 170
500925 4 308
500926 15 279
509285 3 365
510619 16 498
510893 11 222
511882 3 517
512603 2 586
513038 4 553
514190 2 398
515265 3 457
519746 20 527
520829 1 194
523650 22 457
