8103 1 181
12264 2 295
28825 10 247
29970 1 353
34245 2 174
37548 1 553
48195 1 387
54019 5 182
64960 2 600
65304 1 565
66224 1 591
66862 2 588
77347 1 402
78509 1 336
99946 1 110
100091 1 728
118355 1 518
126534 1 594
128445 1 749
138669 1 904
146841 1 858
147365 1 158
149281 1 703
154965 1 886
155001 2 182
166377 2 193
167353 1 803
167717 1 66
215635 1 348
231781 2 742
242559 1 522
251564 2 5212
259171 11 3050
259172 2 12233
259173 4 9957
259174 16 19382
296939 1 366
298852 3 2291
315781 1 142
316547 1 284
332959 1 590
336235 1 126
338897 1 260
338965 3 298
339239 2 58
340853 1 484
341599 1 640
344740 1 416
345289 1 174
350127 1 243
353290 1 217
353687 1 203
353699 1 344
356588 1 140
357523 1 581
372513 1 564
375624 1 502
375922 1 387
376305 1 1048
377459 1 166
381928 10 205
384305 1 667
384332 1 593
385260 1 437
390073 1 337
396910 1 732
397616 2 544
402373 3 1123
417397 1 262
420818 1 242
421357 1 368
425544 1 200
427568 1 763
429478 1 142
431139 1 147
431979 1 207
434061 1 174
441082 2 985
442453 3 96
458223 3 757
461918 1 329
468183 3 945
469191 1 726
470466 1 756
471664 1 544
481209 8 525
485823 1 813
506759 1 581
508596 1 920
510185 1 128
513150 1 254
513827 4 77
514003 7 169
522290 1 219
210 3 311
1460 3 444
3793 2 254
4506 1 321
5186 1 503
5217 1 409
7199 3 402
7912 6 333
8103 1 181
8315 2 452
9139 1 297
9631 2 439
9814 1 213
12015 1 440
12726 2 179
12740 1 306
13179 1 587
13277 2 260
13352 2 297
13403 10 442
14885 3 158
15024 1 428
16770 1 350
17950 11 335
18007 1 140
18025 1 348
19540 5 350
21641 1 293
21656 2 387
25178 2 167
25412 12 406
26968 1 184
28334 1 418
28541 1 421
29970 1 353
30376 2 114
31527 1 182
31791 3 149
31976 1 469
31993 4 330
34028 1 312
34073 3 177
34133 2 403
34247 18 490
34333 1 354
34369 2 158
34462 1 162
34532 2 536
34731 11 144
35263 2 293
36024 7 106
37179 2 171
37550 15 369
37873 1 527
38921 2 581
39012 2 477
39879 4 290
40591 3 606
40595 3 660
41129 12 309
42145 5 330
42779 9 474
42912 14 527
43346 10 357
46834 4 423
47285 4 372
49335 5 123
49690 1 201
50745 1 256
51009 4 463
51809 2 86
51860 10 320
52514 1 494
52628 1 455
52637 3 170
53101 1 313
53127 2 470
53716 1 412
54918 1 521
56538 1 510
57097 3 324
58710 11 267
58800 9 397
59261 11 322
59428 11 408
59476 6 299
59526 1 204
61046 12 369
61263 13 410
62264 8 316
62562 2 209
62738 2 217
63241 2 498
63552 4 340
64960 1 600
65308 1 429
66862 1 588
66870 6 481
67185 2 285
69229 1 535
69824 1 394
70775 6 135
73823 12 513
74011 1 459
77319 7 698
77347 3 402
78509 1 336
79360 2 379
80067 7 1436
80139 8 659
80140 7 394
80143 6 452
80210 7 295
80211 5 251
80214 7 224
80508 11 197
80552 5 242
80610 11 475
80709 1 4617
81112 1 33
81118 1 34
81120 1 30
81366 7 941
81505 1 6561
81622 1 35
81733 58 4701
81740 8 380
81762 1 37
81763 22 17488
81800 4 118
81857 10 1337
82021 1 34
82023 1 34
82122 1 26
82276 18 486
82361 2 2631
82831 13 222
82941 11 199
83125 6 335
83262 5 379
83461 11 199
83721 6 215
83778 23 6641
83786 7 330
83796 35 767
83938 1 40
83982 20 603
83983 8 323
84133 10 287
84155 2 721
84389 5 455
84449 21 1798
84504 66 1810
84601 25 27345
84644 22 2467
84693 8 1106
84702 25 795
84715 10 1603
84757 10 306
85003 13 272
85072 72 1811
85086 16 572
85368 4 74892
85370 95 3256
85645 15 153229
85773 57 82661
85810 6 665
85811 6 577
85976 25 1209
86016 2 32
86365 711 19335
86367 65 33749
86594 4 112
86662 21 617
86663 17 546
86665 15 526
86666 15 481
86667 15 458
86753 38 173871
86876 26 746
86877 10 2679
86927 5 265
87056 5 184
87162 1 147
87204 6 227
87292 17 559
87293 44 2129
87295 7 265
87311 1 34
87389 74 1965
87811 13 30658
87909 8 12988
87913 1 35
87952 2 3520
88035 61 4575
88047 6 397
88240 11 410
88419 7 420
88420 5 334
88648 8 512
88714 6 259
88771 179 5155
89050 6 359
89151 5 363
89222 10 245
89534 23 525
89590 11 368
89686 2 18025
89797 23 4698
89812 486 13490
90147 19 512
90281 17 490
90282 22 572
90312 29 21037
90346 12 193
90528 21 557
90670 13 19768
90783 5 22898
90794 1 41
90795 24 27076
90798 4 9998
90800 1 10643
90907 1 36
90908 18 17901
90909 1 34
90925 12 398
90926 10 339
91132 1 31
91250 4 3801
91265 8 464
91305 2 14425
91307 22 36764
91385 9 5803
91388 82 1810
91518 41 2058
91759 24 584
91776 10 2188
91790 5 154
91818 1 469
91889 1 35
92011 19 484
92153 26 7141
92188 6 64658
92294 26 7141
92329 6 64673
92507 6 408
92609 3 24495
92722 40 1471
92852 17 447
92914 11 349
92961 2 11521
93095 35 1258
93115 20 604
93267 75 2619
93464 37 3124
93475 7 480
93649 1 30
93652 1 12607
93654 23 102204
93709 7 392
93919 26 2043
94156 9 171
94167 1 21131
94284 1 72168
94304 1 37
94651 3 131
94716 11 327
94717 5 323
94752 1 2411
94790 4 1038
94863 9 18144
94925 97 3940
95020 11 25937
95363 1 33206
95516 16 552
95564 139 10854
95566 2 156
95656 185 10014
95673 1 985
95689 73 4224
95702 2 996
95704 2 993
95752 11 196
95833 49 2722
95840 1 9845
95841 1 43
95852 1 16553
96027 159 30491
96037 126 46291
96049 4 78606
96063 9 37082
96136 19 20896
96237 10 185
96351 12 182
96424 4 38462
96437 16 11115
96786 20 479
96912 1 30
96913 18 3699
97058 20 475
97059 97 9334
97113 7 1690
97192 7 203
97559 17 10199
97560 21 3033
97725 11 10756
98040 3 24959
98163 25 646
98164 21 593
98309 17 549
98367 10 199
98368 9 285
98498 6 320
98806 327 19544
98932 7 353
98933 6 424
98942 1 38
99035 6 213
99053 29 27408
99118 6 217
99120 13 667
99316 11 436
99326 5 4729
99364 5 412
99424 1 12847
99541 9 376
99542 17 583
99597 9 298
99985 3 56
100032 4 269
100062 9 577
100084 6 125
100258 5 556
100408 1 444
100847 2 50
100985 1 222
101241 5 530
101292 2 384
101367 1 1091
101401 3 605
101461 3 44
101465 1 449
101518 1 934
101542 2 669
101543 2 544
101623 1 39
101701 3 141
101840 4 1095
101924 1 127
102144 1 251
102287 8 170
102706 1 94
102897 27 415
102908 1 482
103077 1 488
103219 4 64
103360 4 120
103433 1 81
103538 12 283
103616 6 155
103647 1 563
103825 1 242
103983 2 161
104151 13 8662
104184 4 52
104651 2 58
104657 1 497
104667 1 832
104705 5 1201
104720 1 279
104763 7 1044
104842 15 250
104918 1 553
104987 2 56
105060 1 696
105127 4 102
105372 1 542
105402 26 585
105423 2 228
105463 3 101
105474 2 332
105515 15 1247
105615 2 375
105724 3 861
105738 1 297
106230 4 537
106451 17 300
106483 1 38
106631 2 178
106720 3 80
106796 3 42
106812 2 174
106955 1 344
107044 2 232
107133 4 45
107141 2 72
107373 1 129
107422 5 553
107679 1 452
107809 2 520
108097 1 563
108398 2 531
108777 1 95
109122 1 52
109446 2 358
109598 3 1135
109814 1 345
109815 6 64
109816 3 124
109892 4 154
109964 34 659
110358 1 551
110524 1 854
110673 2 134
110937 1 80
110946 4 90
111136 1 153
111392 1 307
111791 19 349
111875 2 79
112048 2 500
112093 1 622
112237 4 80
112291 1 714
112302 6 121
112407 10 337
112930 5 151
113196 4 111
113325 1 376
113391 1 92
113507 3 217
113627 1 391
113733 18 414
114109 4 83
114178 1 539
114662 2 92
115215 3 140
115270 13 578
115512 13 616
115610 3 300
115639 4 118
115737 1 666
115799 3 181
116415 1 624
116513 3 299
116622 2 156
116709 3 699
116801 1 713
116949 1 143
117133 3 132
117237 2 158
117255 1 90
117396 2 599
117474 28 818
117475 1 810
117752 2 1227
118240 2 106
118278 2 187
118442 3 780
118811 1 650
118913 1 180
118993 3 583
119222 8 291
119228 3 116
119239 1 545
119977 1 419
120138 4 719
120211 2 362
120556 4 99
120741 1 469
121030 2 1072
121110 1 787
121113 1 266
121160 3 111
121657 2 457
121819 5 94
121855 2 269
121856 2 543
121927 2 132
121986 3 451
122151 6 411
122394 1 175
123082 5 532
123130 2 657
123914 24 579
124141 1 84
124193 3 542
124305 4 2625
124461 1 79
124757 4 99
124760 2 130
124897 1 519
124917 2 40
124978 1 394
125117 3 66
125156 1 722
125397 3 681
125545 6 711
125614 4 2113
125867 5 54
126079 9 385
126261 1 293
126336 1 284
126474 2 262
126555 2 312
126874 2 678
126997 2 709
127108 5 115
127114 15 8902
127471 1 279
128447 5 565
128588 3 806
128616 3 814
128639 13 676
128862 2 129
128959 1 255
129310 1 88
129437 1 325
129539 2 44
129662 1 162
129683 2 122
130229 1 277
130267 14 998
130312 1 537
130529 2 65
130553 2 525
130710 2 54
131140 2 1290
131305 1 561
131444 1 726
131472 7 559
131582 2 60
131787 4 343
131886 3 61
131907 3 816
131992 7 335
132275 1 147
132793 2 544
132869 1 445
132906 2 917
132928 2 729
133092 2 107
133408 4 452
133461 5 738
133716 2 550
133793 1 267
133900 1 747
134188 1 628
134722 2 187
134808 1 748
134994 9 98
135026 2 231
135027 14 624
135242 1 819
135412 1 62
135660 5 152
135784 5 65
135803 7 672
136311 12 8993
136315 1 1126
136453 1 314
136627 3 178
136752 2 78
137069 1 1210
137266 1 308
137396 3 196
137445 2 611
137486 10 83
137491 22 558
137516 2 649
137789 8 136
138003 2 198
138676 1 137
138959 2 456
139115 22 759
139285 2 765
139487 6 742
139646 1 627
139677 1 936
139680 3 539
139767 3 486
139996 2 379
140174 13 573
140201 2 951
140335 12 267
140436 1 183
140499 1 787
140568 1 959
140648 2 68
140661 10 356
140846 3 488
141358 1 449
141489 3 98
141525 3 156
141526 4 52
141840 1 80
141852 2 543
141901 3 647
141953 1 427
142384 20 724
142469 3 583
142470 11 374
142493 2 168
142609 3 102
143037 4 68
143057 1 179
143483 2 79
143505 1 94
143610 3 156
143742 11 573
143932 1 301
144111 1 563
144367 3 637
144413 2 1084
144855 3 872
144888 3 176
145068 1 158
145141 1 468
145245 2 416
145326 17 338
145473 1 71
145599 1 122
145675 15 252
145697 1 800
145923 26 1001
145930 1 584
146506 4 228
146596 7 126
146803 2 555
146841 2 858
146888 6 802
147133 16 9616
147252 1 361
147365 1 158
147457 4 63
147627 4 750
147844 2 471
147950 12 347
148018 5 349
148171 3 768
148481 4 146
148484 17 498
148491 1 291
148496 23 659
148684 4 550
148775 1 70
148933 1 394
149358 3 74
149418 1 94
149674 1 220
150192 1 623
150364 6 874
150666 3 349
150859 2 700
150954 3 79
151003 14 673
151118 5 122
151274 15 300
151525 4 324
151569 3 179
151674 1 86
151753 2 750
151857 2 553
152084 3 153
152112 2 62
152200 15 819
152219 2 46
152252 7 539
152310 2 1341
152369 19 622
152635 7 372
152936 3 784
152970 2 296
153114 4 127
153280 3 653
153414 4 82
153558 2 246
153640 2 632
153773 4 378
154213 8 127
154302 2 1007
154618 19 312
154667 4 179
154810 5 92
154965 4 886
155127 1 340
155140 4 387
155144 2 1434
155224 6 93
155517 4 572
155665 1 817
155685 1 69
155720 2 669
155770 1 227
155858 1 669
155883 2 550
155897 1 1411
155937 4 801
156003 3 101
156061 3 529
156186 1 554
156237 3 722
156558 8 148
156657 10 300
156728 4 1262
157122 1 448
157143 1 325
157244 3 133
157628 4 177
157926 2 1340
157986 4 182
158117 45 1618
158148 6 425
158208 20 459
158435 1 390
158618 2 314
158963 3 471
159019 25 777
159058 2 56
159160 14 10016
159562 2 65
159581 2 882
159713 2 104
159832 6 69
159850 5 141
159934 1 491
160093 1 1103
160163 2 839
160452 1 64
160846 11 521
161001 3 77
161137 1 733
161338 7 208
161448 3 102
161505 4 164
161645 5 140
161855 2 856
162010 3 695
162039 4 54
162151 7 353
162177 2 52
162185 1 176
162397 3 806
162537 2 403
162576 2 79
162655 1 969
162695 2 67
162727 5 147
162802 1 128
163150 1 578
163378 2 76
163444 6 193
163602 1 309
163665 3 1306
163740 25 705
163885 3 250
164235 7 667
164541 1 1879
164589 2 62
164728 2 825
164941 2 127
165092 33 817
165123 8 181
165337 24 595
165518 4 581
165674 4 360
165825 2 531
165860 2 155
165920 1 254
166028 2 400
166104 4 950
166363 4 283
166545 2 98
166554 1 1250
166831 4 68
166982 2 741
167054 3 62
167353 1 803
167593 4 2703
167616 9 322
167717 1 66
168167 2 858
168205 1 346
168292 1 164
168668 1 124
168808 5 133
168979 2 387
168996 2 372
169250 1 586
169435 3 774
169693 2 172
169781 16 8290
169916 1 323
169963 1 396
170016 1 667
170090 14 374
170178 1 350
170242 2 647
170325 2 790
170765 1 665
171041 2 504
171327 1 481
171533 10 371
171664 3 375
171733 2 266
171760 1 844
171927 1 640
171971 2 98
172102 2 70
172141 2 778
172252 10 192
172372 1 387
172373 18 646
172379 31 785
172380 2 90
172638 1 944
172833 3 149
172839 2 798
172987 3 647
173114 2 393
173127 5 678
173231 1 859
173250 2 365
173290 1 112
173459 29 880
173656 1 332
173668 13 448
173817 8 120
174096 7 115
174250 1 78
188538 2 225
188984 1 100
191091 1 132
199149 4 133
207185 1 567
224052 1 812
226372 36 670
231236 31 680
231241 9 155
231308 10 513
231731 8 157
231781 16 742
232120 2 515
232582 3 400
232631 7 640
233078 3 2021
233177 14 170
233539 1 1012
233747 1 689
233829 15 350
233848 1 1211
234241 1 214
234689 9 1717
235345 6 121
235724 17 446
236091 19 356
236123 11 155
236332 4 1408
236471 1 1959
237283 1 184
237663 3 290
237901 7 2579
238646 3 414
238735 2 1484
238923 20 18797
238931 9 745
239656 3 331
239682 1 193
240366 21 117963
240794 4 260
240844 1 212
240882 1 878
240967 46 438
241288 6 427
241595 10 204
241681 2 112
241705 24 581
241732 2 232
241885 1 1374
242049 10 304
242050 22 779
242100 5 450
242108 29 1923
242178 5 326
242256 7 254
242372 4 166
242559 4 522
242655 2 73
243050 70 9473
243248 2 97794
243386 18 1108
243408 1 87
243698 38 29409
243762 1 5334
244295 2 43543
244515 39 137580
244583 2 3819
244806 1 3319
245528 76 7626
245533 8 3500
246017 2 470
246280 2 10199
246346 3 3969
246695 25 65027
247008 19 23763
247153 3 17318
247469 74 160821
247550 142 255154
248097 5 16630
248181 5 22248
248562 3 40310
248610 5 211360
248634 143 38855
248788 173 56946
248809 6 45708
249076 35 36189
249105 2 349
249339 31 15594
249740 161 228328
250059 12 37994
250452 179 16435
250719 7 3620
251314 42 2380
251564 57 5212
251627 1 487
252315 1 1806
252555 1 27002
253018 45 331696
253067 2 104143
253203 5 33726
253462 2 48129
253569 131 1620
253593 27 171848
253729 32 21686
253990 1 26077
254004 1 949
254108 11 174176
254391 41 851
254943 5 12040
255289 3 51128
255689 1 3562
255728 2 32235
255830 12 84137
255896 4 58
256159 1 72
256347 37 6106
256604 2 37731
256685 29 3287
256847 3 24054
257049 122 26471
257344 30 45609
257345 55 89736
257482 1 1287
257812 13 103213
257865 1 35772
257969 45 10760
258355 99 12953
259171 42 3050
259172 197 12233
259173 253 9957
259174 415 19382
259175 38 2289
259176 16 949
259289 65 3578
259325 28 553
259375 1 498
259444 23 821
259972 16 478
260648 101 2489
260787 8 55438
261373 9 3252
261597 35 1257
262341 6 256
262344 1 419
262611 7 946
262649 6 165
262652 3 394
262659 2 339
262687 1 393
262695 4 455
262715 2 898
262725 1 388
262730 5 311
262920 45 675
263528 49 1363
263562 11 5382
263724 26 1484
263837 175 4744
264609 5 289
265465 1 329
266236 5 2164
267153 24 566
267418 6 511
267426 5 514
267427 4 460
267433 5 523
267434 1 343
267443 5 551
267444 1 371
268307 18 17203
268308 10 152
268309 18 434
268310 10 410
268312 20 556
268313 33 397
268317 18 562
268321 14 346
268324 10 258
268325 11 431
268326 7 220
270028 14 290
270029 14 291
270643 6 178
270694 4 499
270754 2 399
270910 28 702
270911 11 473
271850 9 20008
271859 11 296
271860 8 529
271863 7 382
272126 13 7361
272231 10 778
272735 85 3653
272994 8 366
273123 26 1636
273124 18 1414
273925 12 521
274118 10 489
275826 18 438
276804 14 448
276840 8 486
277206 2 548
278891 15 237
278896 5 495
278901 15 478
279387 22 1019
279389 7 342
279494 12 305
279496 10 530
279497 11 559
279498 9 646
279499 7 632
279500 10 648
279501 8 596
279502 9 494
279504 8 499
279505 12 369
279506 6 354
279507 15 602
279508 6 337
279511 5 570
279512 4 555
279513 2 592
279514 5 583
279515 3 515
279516 7 476
279517 5 507
279518 6 425
279519 3 592
279520 2 434
279521 4 563
279522 8 445
279524 6 338
279527 3 543
279528 2 529
279529 2 280
279530 1 589
279531 5 583
279532 6 579
279533 3 569
279534 6 518
279535 4 610
279536 2 688
279578 5 235
279955 13 13056
280600 12 16007
280713 14 293
280755 2 32241
281492 4 224
281495 3 444
282350 2 530
282351 6 562
282359 7 394
282360 12 516
282369 15 458
282378 15 496
282382 26 608
282388 14 442
282389 9 511
282390 6 430
282394 9 422
282395 13 419
283359 6 262
283577 7 346
285282 20 494
286720 24 1303
288128 29 1248
288849 38 1041
290358 12 530
290529 19 1146
290951 2 460
290987 256 5130
291077 33 909
291327 10 765
291353 17 591
291377 4 502
291576 1 264
291596 12 1542
292162 15 929
292522 4 878
292927 5 348
292928 5 346
292929 14 678
293390 9 354
293863 25 13257
294467 14 312
294571 5 362
295697 13 13014
295943 2 29903
296452 34 1135
296591 11 261
296917 3 320
296918 6 294
296919 9 259
296920 2 336
296921 5 279
296939 1 366
297187 8 356
298335 34 1496
298852 8 2291
299397 10 844
299500 4 4913
299706 4 406
301256 10 196
301435 7 306
301436 6 440
301449 1 516
301450 7 406
301451 13 480
301452 24 607
301453 3 207
301454 1 219
301455 1 558
301458 4 409
301459 4 411
301463 1 421
301465 1 481
301466 1 425
301468 15 353
301471 3 432
301475 4 364
301479 1 629
301483 2 554
301484 4 523
301485 8 370
301486 2 293
301723 5 501
301725 9 340
301726 12 388
302419 10 531
303334 18 391
303507 4 12535
304722 6 355
305058 11 6305
305088 25 11759
305634 1 620
306364 19 350
307651 2 475
308875 7 283
309189 7 258
309482 4 185
309823 8 32839
310614 27 528
311224 6 432
311225 1 328
311233 8 450
311236 10 453
311241 3 395
311248 7 266
311355 10 64459
311880 54 2176
312237 13 6232
313023 2 191
314075 6 420
314512 67 52248
314516 1 40486
314851 3 35
316547 2 284
317621 16 618
319400 5 47
319850 6 93
320518 2 369
321866 3 36
324117 7 96
332143 2 31
332155 2 31
332799 2 295
334006 11 420
335950 5 106
336725 1 352
337469 13 520
338897 1 260
342133 19 561
344095 6 90
344740 1 416
344999 2 398
347903 18 471
348515 3 30
350124 2 112
352034 1 28
352250 1 981
355246 4 204
356303 1 584
356407 1 59
356588 1 140
358022 1 103
360777 1 207
363114 2 58
367705 2 506
373253 13 181
374791 5 104
374984 3 77
375324 3 132
375624 1 502
375922 2 387
376305 1 1048
377459 7 166
379617 2 168
379861 1 652
380078 2 413
382752 5 569
383407 3 116
384305 3 667
385260 7 437
385793 5 95
385974 5 58
390412 6 105
390896 1 98
392169 5 450
392183 1 430
393269 7 189
393650 10 166
396910 1 732
396911 1 385
397616 2 544
399990 2 499
402198 4 36
402373 1 1123
402590 5 188
405855 7 219
406968 1 198
407444 2 40
410319 3 158
410885 7 224
412841 3 60
412847 3 119
414323 4 533
416479 2 360
419009 4 145
419686 40 699
420494 4 225
422613 6 142
422702 1 720
422775 4 177
424601 5 42
425593 3 40
425958 1 97
425965 1 160
430142 1 251
435077 8 205
436885 1 286
439440 4 328
441082 3 985
442127 7 506
442450 1 78
446141 5 582
446720 2 525
448158 2 104
448537 3 462
449555 6 887
450597 2 201
452122 1 157
454546 4 425
455149 1 734
457807 4 45
459520 4 163
460090 4 39
462930 1 264
466898 1 125
468183 1 945
468403 3 74
474491 2 243
476156 3 883
476491 14 520
477882 6 163
481863 4 152
482489 3 69
482725 1 127
484995 1 35
491974 1 793
492619 2 531
494201 1 520
494202 3 328
494282 7 103
495473 20 570
496533 1 488
501581 1 335
501582 20 545
502935 10 468
503765 2 319
506241 2 374
506759 4 581
508596 1 920
508726 1 119
510106 3 218
510185 1 128
510427 1 293
511543 4 94
512589 3 442
513671 4 41
513686 4 305
514546 1 613
518111 12 241
518258 1 700
518723 2 837
519611 14 190
521280 11 153
522290 1 219
1460 1 444
4506 2 321
12726 1 179
13211 1 219
13403 2 442
16770 2 350
18947 1 309
19540 1 350
21656 4 387
31791 4 149
31993 4 330
32369 1 430
35263 2 293
36024 1 106
37548 1 553
42145 1 330
42779 4 474
42912 4 527
49031 1 145
49213 1 164
53127 1 470
54918 1 521
57639 1 397
58800 7 397
62264 1 316
62562 1 209
62642 1 433
62738 1 217
63241 1 498
63552 3 340
67185 2 285
69229 2 535
73218 6 320
73823 1 513
80067 8 1436
80140 4 394
80143 3 452
80210 1 295
80211 1 251
80214 2 224
80610 3 475
80703 2 3538
80709 1 4617
81733 3 4701
81740 9 380
81763 3 17488
81857 1 1337
82361 1 2631
82796 2 5159
83125 5 335
83721 1 215
83778 8 6641
84449 7 1798
84591 4 11065
84601 17 27345
84693 1 1106
84790 1 252
85368 6 74892
85370 15 3256
85645 7 153229
85773 3 82661
85810 3 665
85811 3 577
86034 7 48792
86365 15 19335
86367 3 33749
86673 1 3394
86753 60 173871
87162 1 147
87204 1 227
87295 2 265
87811 8 30658
87952 1 3520
88035 3 4575
88047 5 397
88419 3 420
88420 5 334
88714 1 259
88771 2 5155
89050 3 359
89151 3 363
89540 34 24038
89546 2 4790
89686 29 18025
89812 1 13490
90305 1 1081
90312 4 21037
90670 20 19768
90783 16 22898
90795 4 27076
90798 6 9998
90800 7 10643
91250 1 3801
91265 3 464
91305 3 14425
91307 10 36764
91309 4 17335
91385 2 5803
91790 3 154
91818 1 469
92166 5 64088
92188 4 64658
92307 5 64087
92329 4 64673
92507 1 408
92609 6 24495
93095 13 1258
93280 9 238
93464 5 3124
93652 7 12607
93654 125 102204
93709 1 392
93753 167 4606
93771 2 9047
93919 1 2043
94284 35 72168
94509 1 823
94651 1 131
94717 4 323
94863 3 18144
95020 2 25937
95363 2 33206
95564 13 10854
95689 1 4224
95703 2 1217
95852 14 16553
96027 5 30491
96037 122 46291
96041 7 32603
96049 32 78606
96063 6 37082
96136 6 20896
96305 8 38919
96424 3 38462
96437 1 11115
96913 8 3699
97059 4 9334
97078 12 39671
97364 1 1651
97559 1 10199
97560 1 3033
97725 5 10756
98040 4 24959
98046 6 18768
98498 1 320
98806 13 19544
98932 3 353
98933 5 424
99053 2 27408
99118 1 217
99364 3 412
99424 4 12847
99832 12 296
100985 3 222
101382 1 294
101677 1 873
103432 1 649
104673 1 1086
105409 1 430
105615 1 375
105650 1 638
107679 12 452
107809 1 520
111906 3 299
113731 1 589
115215 1 140
115737 2 666
117237 1 158
119727 3 131
120211 4 362
121657 1 457
122820 1 74
123914 1 579
125397 1 681
125614 1 2113
126988 1 250
127243 1 119
127247 2 447
127849 1 150
128447 1 565
131907 2 816
132869 2 445
133408 2 452
134188 1 628
135242 1 819
136567 2 515
139646 1 627
144367 1 637
148484 1 498
150518 1 498
151753 1 750
153280 2 653
153558 1 246
155517 1 572
155858 1 669
158117 1 1618
163602 1 309
166104 2 950
167593 2 2703
171014 2 173
171876 1 524
172373 2 646
173271 1 415
173792 1 80
176805 1 465
185390 1 589
185464 1 318
191091 1 132
206523 1 1066
226283 1 509
226372 1 670
231731 4 157
231781 31 742
232055 1 218
232120 1 515
232348 1 1359
232582 3 400
233539 1 1012
236332 22 1408
237283 11 184
237535 10 326
237663 10 290
237901 4 2579
238923 6 18797
238931 34 745
239476 1 2460
239656 14 331
239682 3 193
240311 2 321
240366 77 117963
240844 3 212
240967 1 438
241595 1 204
241885 1 1374
242178 2 326
242256 2 254
242559 28 522
242868 2 16984
243050 11 9473
243248 14 97794
243386 55 1108
243698 25 29409
243762 4 5334
243834 1 197
243890 1 13160
244295 5 43543
244515 31 137580
244583 5 3819
245528 5 7626
245533 2 3500
246220 16 47306
246695 7 65027
246930 2 9288
247008 86 23763
247469 22 160821
247550 103 255154
248097 5 16630
248502 1 1874
248562 1 40310
248610 74 211360
248634 8 38855
248788 20 56946
248809 1 45708
249076 2 36189
249105 1 349
249339 22 15594
249740 67 228328
250059 8 37994
250452 62 16435
250719 1 3620
251485 4 29531
251564 223 5212
251627 2 487
251901 3 11936
252105 1 5983
253018 247 331696
253067 20 104143
253203 7 33726
253462 3 48129
253593 19 171848
253729 58 21686
253990 10 26077
254108 32 174176
254263 2 2016
254325 1 12140
254391 3 851
255289 13 51128
255291 1 16491
255631 1 3757
255728 2 32235
255777 4 64507
255830 11 84137
256159 1 72
256347 7 6106
256604 4 37731
256685 2 3287
256847 21 24054
257049 13 26471
257344 19 45609
257345 24 89736
257812 15 103213
257865 4 35772
257969 3 10760
258097 7 389
258145 2 25755
258355 39 12953
258559 10 52150
258574 11 320
259171 55 3050
259172 207 12233
259173 283 9957
259174 382 19382
259175 36 2289
259176 18 949
259289 25 3578
259325 6 553
259596 24 18030
259972 2 478
260422 2 879
260787 2 55438
261112 1 567
261827 9 343
262344 1 419
263278 18 16130
263837 2 4744
264609 1 289
265508 24 17463
267418 2 511
267426 1 514
267434 1 343
267444 1 371
268309 1 434
268310 4 410
268312 3 556
268313 1 397
268317 3 562
268324 6 258
268325 10 431
268326 3 220
269238 21 665
270028 2 290
271859 5 296
271860 5 529
271863 4 382
272231 3 778
273123 1 1636
273124 12 1414
273925 3 521
274040 1 430
274118 6 489
279389 8 342
279496 1 530
279497 2 559
279519 2 592
279520 6 434
279521 2 563
279535 1 610
279536 9 688
279578 1 235
279955 1 13056
280755 8 32241
281492 1 224
281495 1 444
282360 2 516
282369 1 458
282395 1 419
287830 6 2536
288239 10 453
290358 3 530
290529 6 1146
290739 1 563
290770 20 21435
291028 5 303
291272 1 323
292162 9 929
292927 2 348
292928 3 346
292929 5 678
293387 21 19523
293863 5 13257
294065 1 315
294571 1 362
295697 1 13014
295943 3 29903
296917 1 320
296918 2 294
296919 2 259
296920 3 336
296921 2 279
298529 1 3420
299397 17 844
299500 1 4913
300393 7 431
300424 11 704
300427 18 915
300429 8 573
301256 3 196
301435 3 306
301436 2 440
301437 7 265
301441 3 127
301443 1 287
301444 1 428
301446 1 982
301449 2 516
301450 5 406
301451 11 480
301452 12 607
301453 1 207
301454 1 219
301455 7 558
301456 5 320
301458 1 409
301459 6 411
301466 4 425
301467 3 532
301468 5 353
301470 5 487
301471 5 432
301472 9 384
301474 7 396
301475 6 364
301477 7 407
301480 3 284
301481 1 364
301482 1 149
301483 1 554
301484 1 523
301485 7 370
301725 1 340
302419 8 531
302657 2 356
302660 1 337
303507 4 12535
304224 1 676
304722 1 355
305088 1 11759
307760 6 668
308875 4 283
309823 3 32839
311224 1 432
311225 2 328
311241 1 395
311248 8 266
311355 3 64459
311880 2 2176
312237 17 6232
313023 1 191
313854 1 402
340853 1 484
341619 4 120
355246 1 204
379617 1 168
379861 1 652
412954 1 938
425958 1 97
425965 1 160
449555 23 887
456644 1 189
468183 3 945
487816 2 405
491005 1 299
494201 1 520
498353 1 806
501581 1 335
506759 1 581
508726 1 119
510185 1 128
510427 1 293
519099 2 117
210 5 311
389 1 338
1460 2 444
5217 1 409
8773 2 339
10100 3 128
10600 1 436
12015 1 440
13179 1 587
13211 1 219
13219 1 290
13352 1 297
14885 1 158
15024 1 428
16770 2 350
17289 2 329
20616 1 355
23526 3 317
28334 1 418
28385 2 287
28541 1 421
31976 1 469
31993 1 330
32586 2 327
34028 2 312
34073 1 177
34369 1 158
34731 1 144
37081 1 373
37548 1 553
39879 1 290
42145 1 330
42779 4 474
42912 4 527
43386 1 378
49732 1 131
51009 1 463
52514 2 494
52628 1 455
52637 1 170
54918 1 521
57639 1 397
58800 1 397
59428 1 408
59483 1 346
59526 1 204
61046 1 369
61263 1 410
62264 1 316
62562 1 209
62738 1 217
63193 5 435
64960 2 600
65304 1 565
66224 1 591
66862 2 588
70775 1 135
73218 1 320
73823 1 513
74011 1 459
77319 3 698
79310 1 209
79360 1 379
80139 1 659
80703 1 3538
81505 2 6561
81763 1 17488
81857 6 1337
82026 2 707
82027 2 699
82276 3 486
82796 2 5159
83552 1 678
83778 1 6641
84504 1 1810
84601 10 27345
84693 5 1106
85368 21 74892
85370 1 3256
85645 74 153229
85773 29 82661
85791 1 4896
86034 10 48792
86365 3 19335
86367 10 33749
86673 1 3394
86753 48 173871
87056 1 184
87293 8 2129
87803 16 10785
87811 14 30658
87909 1 12988
87952 4 3520
88035 1 4575
88123 5 4932
88771 1 5155
89409 17 3900
89540 11 24038
89686 2 18025
89797 1 4698
89812 4 13490
90100 2 201
90305 2 1081
90312 3 21037
90670 69 19768
90783 13 22898
90795 2 27076
90798 6 9998
90800 10 10643
90908 1 17901
91250 4 3801
91305 29 14425
91307 16 36764
91309 21 17335
91385 4 5803
91776 1 2188
91818 1 469
92166 13 64088
92188 54 64658
92307 13 64087
92329 54 64673
92609 10 24495
92961 24 11521
93264 18 11716
93280 1 238
93652 3 12607
93654 37 102204
93753 2 4606
93771 4 9047
94167 18 21131
94284 59 72168
94608 1 4366
94714 1 11595
94752 4 2411
94863 13 18144
94925 4 3940
95020 12 25937
95363 24 33206
95564 8 10854
95673 1 985
95689 1 4224
95702 2 996
95703 2 1217
95704 1 993
95833 5 2722
95840 5 9845
95852 6 16553
96027 14 30491
96037 6 46291
96041 26 32603
96049 19 78606
96063 8 37082
96111 2 3879
96136 10 20896
96305 8 38919
96424 4 38462
96437 1 11115
96913 1 3699
97059 11 9334
97078 16 39671
97113 1 1690
97364 7 1651
97559 2 10199
97725 9 10756
98040 5 24959
98046 9 18768
98806 2 19544
99053 15 27408
99424 12 12847
100258 2 556
100318 1 36
100343 2 51
100724 3 500
101241 1 530
101401 4 605
101542 6 669
101543 1 544
101677 1 873
101840 6 1095
101978 3 110
102224 3 535
102261 5 118
102287 1 170
102505 3 203
102513 2 84
102778 4 70
102908 3 482
103433 1 81
103829 1 859
104151 2 8662
104705 1 1201
105121 1 105
105352 1 152
105372 1 542
105515 1 1247
105650 1 638
105738 1 297
105820 3 68
105889 4 59
106230 1 537
106551 1 552
106812 1 174
107044 1 232
107530 1 42
108097 1 563
108331 2 66
108847 2 620
109446 1 358
109814 2 345
110073 3 58
110108 4 95
110358 3 551
110479 1 270
110524 2 854
110550 7 726
110912 1 59
110970 10 628
111157 1 993
111396 3 36
111445 5 676
111716 4 100
111795 1 452
112048 1 500
112093 4 622
112291 1 714
112363 1 459
112930 2 151
113198 1 445
113228 1 692
113556 1 59
113615 2 535
113677 1 517
113731 1 589
114618 6 72
114630 3 61
114782 3 288
114894 1 684
115005 2 709
115121 1 57
115186 1 120
115279 1 959
115413 2 722
115512 4 616
115799 1 181
116366 2 67
116369 2 68
116431 2 138
116513 1 299
116801 1 713
116949 5 143
116951 3 116
117752 1 1227
118278 5 187
118462 1 315
118811 1 650
119179 2 81
119239 1 545
119475 3 827
120361 2 84
120707 3 746
120843 1 45
121110 1 787
121113 1 266
121116 2 154
121360 1 99
121528 2 596
121724 1 605
121819 1 94
121856 1 543
121986 1 451
122229 1 834
122274 1 478
122337 8 374
122727 2 564
122820 1 74
123228 1 458
123574 1 39
123827 4 80
123829 3 68
124064 1 507
124336 1 406
124643 7 478
124747 2 64
124760 2 130
124897 2 519
125011 1 40
125156 1 722
125614 2 2113
125641 2 74
125797 1 483
126079 2 385
126251 8 717
126534 1 594
126716 3 655
126874 1 678
127114 3 8902
127202 2 519
127501 3 73
127690 2 477
128227 1 565
128371 4 129
128430 2 60
128588 2 806
128653 3 137
128862 1 129
129787 3 62
130017 2 473
130473 2 102
130553 1 525
130717 9 296
130869 2 238
131052 5 276
131140 2 1290
131305 1 561
131472 1 559
131946 1 318
132025 3 123
132070 1 446
132136 1 639
132152 5 144
132277 1 164
132928 7 729
133344 8 115
133347 7 146
133627 17 320
133793 1 267
133900 1 747
134289 2 125
134522 2 203
134998 4 723
135172 1 475
135241 3 1102
135242 3 819
135277 2 87
135412 1 62
135803 1 672
135903 1 55
136087 6 946
136311 5 8993
136312 1 522
137396 1 196
137632 2 408
138102 2 593
138930 3 65
139115 1 759
139307 2 619
139440 1 602
139487 1 742
139576 1 361
139677 1 936
140201 1 951
140499 1 787
140661 1 356
141191 3 681
141660 1 66
141740 3 265
142123 1 363
142384 1 724
142469 3 583
142752 2 62
143012 2 495
143057 1 179
143113 1 109
143120 4 313
143597 11 313
143941 8 203
144294 5 641
144338 1 593
144413 3 1084
144498 2 237
144581 5 135
144591 7 165
144631 1 668
144896 5 135
145083 4 674
145141 2 468
145281 11 1112
145624 3 764
145706 1 400
145903 3 165
146438 1 528
146692 4 510
146811 1 56
146818 3 685
146841 1 858
146888 1 802
147056 3 483
147133 5 9616
147627 5 750
147651 1 239
148018 1 349
148491 1 291
149772 1 62
149813 3 606
149822 6 642
150070 2 145
150087 1 478
150192 2 623
150262 3 78
150518 1 498
150653 30 553
151157 13 657
151272 1 444
151317 3 842
151763 6 130
152091 1 327
152200 1 819
152252 7 539
152635 2 372
153056 1 509
153210 4 106
153357 1 591
153441 2 156
153467 1 536
153896 1 343
154302 3 1007
154385 1 53
154409 1 682
154724 13 291
154811 4 82
154914 3 762
155001 1 182
155004 1 222
155144 1 1434
155533 4 651
155665 1 817
155685 1 69
155720 1 669
155937 2 801
156237 1 722
156244 1 397
156492 1 498
156728 2 1262
156946 1 378
157122 3 448
157452 1 53
157468 2 407
157751 4 164
157877 2 197
158148 1 425
158156 2 83
158225 1 651
158253 1 299
158260 1 206
158337 4 78
158769 1 122
158800 1 1670
159160 4 10016
159226 1 379
159723 6 804
159746 4 141
159865 5 356
159934 1 491
159980 2 332
160093 3 1103
160163 1 839
160272 2 67
160641 2 730
160846 1 521
160962 2 477
161021 6 1875
161500 3 740
161719 3 68
161855 1 856
162010 1 695
162041 3 62
162089 3 379
162203 5 99
162613 4 524
162845 1 202
163057 3 647
163175 7 176
163898 3 458
164011 1 376
164541 1 1879
164646 6 735
165092 1 817
165188 1 592
165191 1 268
165317 1 607
165415 1 683
165468 3 348
165498 1 697
165777 8 226
165843 3 70
166028 1 400
166158 1 426
166273 3 390
166283 2 452
166350 2 86
166545 1 98
166982 1 741
167141 8 945
167387 2 92
167390 3 96
167535 1 744
167593 2 2703
167717 2 66
167834 3 100
168099 4 923
168124 3 209
168205 1 346
168239 3 131
168343 2 101
168561 1 790
168973 8 575
169113 2 498
169221 4 423
169483 4 162
169504 3 108
169540 2 555
169739 1 732
169781 4 8290
169975 1 80
170016 2 667
170090 1 374
170294 2 788
170303 6 553
170325 13 790
170363 2 123
170374 1 314
170624 2 453
170773 6 131
171041 5 504
171600 1 91
171760 1 844
171837 3 152
172044 2 63
172100 2 79
172235 3 350
172373 9 646
172465 1 408
172638 4 944
172639 1 81
172749 1 504
172828 2 83
172833 3 149
172839 1 798
172915 4 437
172987 1 647
173051 3 168
173127 1 678
173231 1 859
173250 2 365
173271 2 415
173677 3 847
173731 3 317
173774 1 197
175102 1 462
185390 3 589
190167 1 98
191211 1 100
192838 1 518
196363 1 121
198702 1 538
201051 1 91
204497 1 102
205791 2 1461
207185 1 567
211346 1 91
213939 2 5722
215462 5 194
215912 2 3775
219440 1 405
220623 5 108
220674 4 3401
231418 1 173
231781 2 742
232280 1 306
232631 2 640
233078 1 2021
233296 1 261
233539 3 1012
233754 1 334
233829 1 350
233848 1 1211
234065 1 1022
234689 2 1717
236091 2 356
236332 1 1408
237283 2 184
237901 1 2579
238735 6 1484
238923 3 18797
239857 1 1884
240002 2 1062
240366 16 117963
240794 1 260
241885 10 1374
241923 1 447
242655 1 73
242868 14 16984
242898 1 1126
243050 9 9473
243196 5 13700
243248 44 97794
243386 1 1108
243408 2 87
243444 1 472
243698 12 29409
243762 2 5334
243890 1 13160
244295 66 43543
244515 50 137580
244583 12 3819
245528 5 7626
245533 4 3500
246017 1 470
246220 29 47306
246695 25 65027
246930 5 9288
247008 2 23763
247153 51 17318
247469 110 160821
247517 128 40187
247550 112 255154
248097 16 16630
248181 2 22248
248562 13 40310
248610 32 211360
248634 54 38855
248788 22 56946
248809 4 45708
249076 4 36189
249339 9 15594
249740 48 228328
249899 2 5742
250059 14 37994
250452 2 16435
250533 51 14895
251485 72 29531
251564 8 5212
251627 1 487
251901 2 11936
252148 2 793
252555 28 27002
253018 66 331696
253067 49 104143
253203 5 33726
253462 25 48129
253494 1 735
253569 8 1620
253593 78 171848
253729 9 21686
253990 4 26077
254108 43 174176
254182 3 859
254325 3 12140
254943 5 12040
255289 32 51128
255291 3 16491
255620 1 680
255689 1 3562
255728 7 32235
255777 9 64507
255830 20 84137
256347 1 6106
256599 2 6734
256604 70 37731
256847 26 24054
257049 10 26471
257344 20 45609
257345 39 89736
257812 25 103213
257865 23 35772
257969 7 10760
258145 4 25755
258559 23 52150
258574 1 320
259173 18 9957
259174 14 19382
259175 4 2289
259444 1 821
259596 21 18030
260648 1 2489
260787 6 55438
261112 1 567
261617 32 1666
261827 1 343
262031 4 245
262611 1 946
262652 6 394
262730 2 311
262920 1 675
263278 20 16130
263528 1 1363
263562 4 5382
263724 1 1484
263837 3 4744
265465 1 329
265508 15 17463
267418 2 511
267427 2 460
267433 1 523
268307 1 17203
268313 1 397
268650 2 485
269262 1 2473
270643 2 178
270754 1 399
271850 6 20008
272126 7 7361
272586 1 471
274040 1 430
275826 1 438
276840 1 486
277207 2 430
279387 1 1019
279497 1 559
279499 2 632
279500 1 648
279502 1 494
279504 1 499
279511 2 570
279512 3 555
279513 1 592
279514 1 583
279515 2 515
279516 1 476
279517 1 507
279518 2 425
279519 1 592
279520 1 434
279527 1 543
279528 2 529
279529 2 280
279530 2 589
279531 2 583
279533 2 569
279534 2 518
279535 1 610
279536 1 688
279751 2 2790
279955 5 13056
280600 9 16007
280755 18 32241
281342 1 306
286720 5 1303
287830 1 2536
288239 1 453
289587 5 12899
290701 1 375
290739 2 563
290770 20 21435
290987 3 5130
291077 1 909
291726 1 615
292522 2 878
292929 1 678
293387 16 19523
293863 4 13257
294571 2 362
295697 5 13014
295943 13 29903
296920 1 336
298361 6 389
298362 6 381
298529 5 3420
299500 1 4913
300393 1 431
300424 2 704
301436 1 440
301453 1 207
301455 2 558
301462 1 190
301463 1 421
301474 1 396
301479 1 629
303507 5 12535
305058 1 6305
305088 5 11759
305634 1 620
307340 1 503
307651 2 475
309823 16 32839
311225 2 328
311241 3 395
311355 116 64459
311880 1 2176
311968 2 688
312237 2 6232
314075 1 420
314216 1 637
314512 28 52248
314516 4 40486
317621 2 618
319635 7 500
319850 1 93
320518 2 369
327751 1 339
332799 1 295
334006 1 420
341599 2 640
341858 1 122
342133 13 561
344095 1 90
344740 1 416
347903 2 471
352250 1 981
355246 2 204
356303 3 584
357523 1 581
370066 1 66
371421 1 428
373253 3 181
373638 1 174
374765 1 102
374984 1 77
375324 1 132
376305 2 1048
379617 1 168
379861 2 652
381463 2 115
382752 3 569
390073 1 337
392169 4 450
392183 1 430
397616 1 544
398955 2 59
402590 1 188
406968 2 198
407444 1 40
412923 1 689
412954 3 938
416479 1 360
419009 1 145
421355 1 426
422613 1 142
422702 1 720
422775 1 177
425593 1 40
430142 1 251
431979 1 207
436885 6 286
439440 1 328
442127 2 506
442450 2 78
445059 3 86
446096 1 403
446141 5 582
449555 3 887
458223 3 757
461918 1 329
466894 1 320
468277 1 99
468581 6 183
469191 1 726
470466 9 756
472858 1 130
488918 1 683
491005 1 299
494129 1 290
494201 6 520
494202 2 328
496533 3 488
498353 1 806
503765 1 319
504041 1 199
510427 1 293
513908 3 525
518723 1 837
210 1 311
389 8 338
1460 3 444
2017 1 110
2252 1 133
3793 5 254
4506 2 321
5186 4 503
7199 2 402
7912 3 333
8103 7 181
8692 3 294
9139 2 297
9814 1 213
12015 2 440
12740 2 306
13352 4 297
13403 6 442
16770 1 350
17950 2 335
21641 1 293
23359 1 231
25412 5 406
26968 1 184
28385 1 287
29970 2 353
30376 1 114
30457 2 356
31791 4 149
31993 3 330
37550 2 369
37873 3 527
38921 1 581
39879 3 290
41129 5 309
42145 1 330
42779 4 474
42912 3 527
43346 2 357
43386 1 378
47285 2 372
48195 5 387
49690 2 201
50745 2 256
51009 1 463
51860 1 320
53127 2 470
53522 1 400
54918 1 521
57639 1 397
58710 1 267
58800 4 397
59261 1 322
59483 1 346
63241 1 498
63552 2 340
64960 3 600
65308 1 429
66224 1 591
66862 3 588
66870 2 481
69229 1 535
69776 1 289
71013 1 378
72927 6 204
73218 2 320
73823 5 513
77319 2 698
78509 1 336
79330 3 144
79360 5 379
80140 1 394
80210 1 295
80214 3 224
80508 1 197
80552 1 242
80709 4 4617
81112 1 33
81118 1 34
81120 1 30
81366 4 941
81505 54 6561
81622 1 35
81733 1 4701
81740 1 380
81762 2 37
81763 130 17488
81800 2 118
81857 23 1337
82021 1 34
82023 1 34
82026 7 707
82027 7 699
82122 1 26
82361 4 2631
82614 1 1017
82796 10 5159
82941 1 199
83125 1 335
83461 1 199
83552 7 678
83778 4 6641
83786 1 330
83796 1 767
83938 1 40
83982 2 603
84133 1 287
84155 1 721
84449 1 1798
84504 12 1810
84591 8 11065
84601 11 27345
84644 10 2467
84693 15 1106
84702 1 795
84715 4 1603
85003 1 272
85086 1 572
85368 10 74892
85370 1 3256
85645 81 153229
85773 29 82661
85810 3 665
85811 2 577
85976 7 1209
86016 1 32
86034 5 48792
86365 13 19335
86367 110 33749
86594 2 112
86662 1 617
86753 935 173871
86876 1 746
86877 5 2679
87293 2 2129
87311 1 34
87389 1 1965
87803 23 10785
87811 64 30658
87909 29 12988
87913 1 35
88047 1 397
88123 45 4932
88240 17 410
88419 1 420
88648 1 512
88714 1 259
89050 2 359
89409 6 3900
89534 1 525
89540 134 24038
89797 13 4698
89812 10 13490
90312 84 21037
90346 1 193
90528 1 557
90670 2 19768
90783 36 22898
90794 1 41
90795 31 27076
90798 6 9998
90800 1 10643
90907 1 36
90908 3 17901
90909 1 34
90925 1 398
91132 1 31
91250 4 3801
91265 1 464
91305 11 14425
91307 101 36764
91309 8 17335
91385 1 5803
91518 1 2058
91759 1 584
91776 3 2188
91818 10 469
91889 1 35
92011 1 484
92153 24 7141
92166 38 64088
92188 257 64658
92294 24 7141
92307 38 64087
92329 257 64673
92507 1 408
92609 197 24495
92722 1 1471
92852 1 447
92961 24 11521
93095 2 1258
93267 11 2619
93464 25 3124
93475 3 480
93649 1 30
93652 25 12607
93654 12 102204
93709 1 392
93771 30 9047
93919 2 2043
94156 1 171
94167 56 21131
94284 185 72168
94304 1 37
94509 14 823
94608 11 4366
94651 1 131
94714 1 11595
94716 1 327
94863 212 18144
94925 16 3940
95020 40 25937
95363 6 33206
95516 1 552
95564 1 10854
95566 3 156
95656 13 10014
95673 1 985
95702 2 996
95703 1 1217
95704 2 993
95833 1 2722
95840 10 9845
95841 1 43
95852 1 16553
96027 13 30491
96037 675 46291
96041 4 32603
96049 5 78606
96063 46 37082
96136 48 20896
96305 34 38919
96351 1 182
96437 9 11115
96786 1 479
96912 1 30
96913 2 3699
97058 1 475
97059 45 9334
97078 10 39671
97113 7 1690
97364 8 1651
97559 13 10199
97560 5 3033
97725 52 10756
98040 14 24959
98046 10 18768
98163 1 646
98309 1 549
98806 37 19544
98932 3 353
98942 1 38
99035 1 213
99053 104 27408
99120 6 667
99316 1 436
99326 27 4729
99424 3 12847
99541 8 376
99832 2 296
100062 9 577
100084 1 125
100184 1 380
100258 1 556
100408 1 444
100473 3 637
100481 4 427
100870 8 650
100985 1 222
101110 13 523
101193 9 394
101241 1 530
101292 1 384
101367 2 1091
101401 1 605
101677 2 873
101806 4 164
101840 3 1095
101924 1 127
102053 4 140
102647 1 49
102811 6 146
102897 9 415
102908 7 482
103260 1 276
103432 7 649
103538 1 283
103549 2 193
103647 3 563
103652 1 136
103829 2 859
103868 9 121
103940 2 78
103983 2 161
104151 4 8662
104519 1 52
104657 2 497
104667 7 832
104668 7 854
104673 2 1086
104705 4 1201
104720 7 279
104730 4 1202
104763 1 1044
104803 6 107
104831 2 928
104842 1 250
104918 1 553
105060 1 696
105372 3 542
105402 9 585
105423 5 228
105615 1 375
105724 16 861
106238 5 332
106452 3 622
106838 3 111
107044 2 232
107063 4 51
107088 1 80
107334 1 52
107373 1 129
107422 1 553
107514 1 386
107679 4 452
108773 1 120
108777 1 95
108906 1 691
109177 1 99
109598 8 1135
109892 2 154
109964 6 659
110145 1 396
110358 1 551
110479 1 270
110524 2 854
110673 1 134
110784 8 877
110937 1 80
110970 1 628
110998 4 597
111080 4 1020
111136 1 153
111157 16 993
111392 3 307
111445 2 676
111739 1 335
111791 4 349
111906 1 299
112097 1 652
112291 2 714
112420 16 537
112930 1 151
112988 8 390
113198 3 445
113325 1 376
113507 5 217
113556 1 59
113677 1 517
113731 6 589
113733 5 414
113818 2 732
114178 1 539
114471 1 317
114513 1 63
114721 3 548
114740 2 375
114782 1 288
115215 1 140
115501 5 109
115512 3 616
115610 2 300
115737 3 666
116431 1 138
116513 1 299
116622 1 156
116801 2 713
116949 1 143
117156 2 75
117237 1 158
117255 3 90
117396 1 599
117474 7 818
117618 1 349
118409 13 412
118442 5 780
118609 6 65
118624 1 137
118913 1 180
118993 3 583
119223 2 56
119228 1 116
119239 2 545
119727 1 131
120305 1 62
120716 14 177
120908 4 58
121030 4 1072
121110 1 787
121332 1 787
121413 3 106
121527 5 337
121528 1 596
121657 1 457
121724 1 605
121818 1 333
121855 1 269
121856 1 543
121927 1 132
121986 1 451
122532 10 121
122622 2 39
123082 4 532
123130 1 657
123503 3 244
123914 8 579
123986 3 304
124141 1 84
124305 2 2625
124336 3 406
124505 2 79
124753 7 187
124825 1 209
124897 1 519
124978 1 394
125051 6 330
125397 3 681
125487 4 574
125614 11 2113
126514 11 146
126555 3 312
126628 1 38
126699 1 59
127114 3 8902
127146 5 54
127175 4 653
127243 3 119
127247 1 447
127849 5 150
128051 2 312
128639 7 676
128959 3 255
129023 3 57
129108 1 539
129204 1 53
129614 2 70
129670 1 81
129683 1 122
129724 1 59
129864 2 120
130267 2 998
130312 2 537
131305 2 561
131472 8 559
131787 3 343
131793 1 73
131907 1 816
131992 2 335
132049 1 583
132070 3 446
132366 3 577
132750 1 77
132793 23 544
132869 1 445
132928 7 729
133092 1 107
133202 5 159
133408 5 452
133461 1 738
133716 6 550
133781 1 259
133793 1 267
133900 1 747
133906 1 267
134145 1 77
134485 21 287
134522 1 203
135026 3 231
135027 1 624
135242 1 819
135392 1 61
135449 1 84
135660 1 152
135803 1 672
136016 1 264
136311 3 8993
136315 5 1126
136567 12 515
136627 5 178
136659 9 466
136733 1 98
137069 1 1210
137214 1 69
137491 5 558
137516 1 649
138008 2 950
138676 5 137
138959 1 456
139115 14 759
139285 11 765
139307 2 619
139440 4 602
139487 1 742
139550 1 98
139646 1 627
139677 2 936
139680 3 539
139767 1 486
139846 4 159
139996 1 379
140174 1 573
140335 2 267
140436 4 183
140955 4 96
141852 4 543
141901 3 647
141953 1 427
142073 5 286
142123 1 363
142373 4 110
142384 4 724
142415 1 51
142470 4 374
142493 1 168
142531 2 160
142715 2 100
142810 8 398
142883 5 268
142989 36 659
143053 2 187
143057 1 179
143346 1 82
143471 2 81
143742 2 573
143936 10 453
144338 1 593
144367 1 637
144631 4 668
144855 4 872
144888 2 176
145068 2 158
145142 6 468
145245 1 416
145366 3 363
145599 1 122
145655 3 270
145675 3 252
145697 2 800
145706 1 400
145803 3 84
145923 3 1001
146438 3 528
146691 1 89
146803 3 555
146841 1 858
146860 3 146
146888 2 802
147133 6 9616
147252 2 361
147277 4 130
147311 5 661
147661 2 588
147818 1 77
147844 2 471
147907 11 564
148236 8 648
148481 2 146
148484 1 498
148496 1 659
148684 4 550
148739 8 145
148933 1 394
149011 6 726
149134 4 166
149288 5 377
149375 1 68
149407 6 231
149418 2 94
149484 1 180
149674 2 220
149822 1 642
150209 4 136
150364 3 874
150666 3 349
150701 2 516
150859 7 700
150935 4 417
151003 4 673
151361 2 172
151432 3 58
151569 1 179
151697 1 614
151753 1 750
151951 5 282
152091 1 327
152310 5 1341
152604 22 347
152629 2 66
152705 5 113
152860 2 289
152970 4 296
153325 1 140
153357 1 591
153550 2 531
153558 1 246
153640 2 632
153882 13 142
153952 3 78
154288 1 111
154302 4 1007
154570 5 74
154572 1 76
154647 1 130
155001 2 182
155144 3 1434
155517 1 572
155858 7 669
155883 2 550
155897 3 1411
155937 3 801
156061 2 529
156237 1 722
156244 4 397
156416 1 182
156424 1 76
156444 2 67
156492 2 498
156728 1 1262
156946 2 378
157121 1 879
157122 1 448
157143 2 325
157229 1 149
157468 1 407
157472 1 69
157657 8 378
157682 1 65
157847 3 67
157926 8 1340
157930 2 133
158117 13 1618
158208 4 459
158253 1 299
158260 1 206
158435 5 390
158673 2 211
158800 20 1670
158963 2 471
159019 4 777
159160 5 10016
159167 6 2203
159174 3 120
159639 10 437
159657 1 120
159694 1 166
159850 1 141
159865 1 356
159934 1 491
159961 18 765
159971 1 337
160093 1 1103
160116 3 89
160163 1 839
160468 1 72
160641 2 730
160706 1 1166
160805 1 710
160846 3 521
161021 2 1875
161024 8 153
161262 2 93
161362 6 376
161449 1 151
161500 1 740
161932 6 247
162010 1 695
162060 3 115
162137 2 158
162397 13 806
162425 8 412
162537 4 403
163021 1 66
163050 1 52
163057 1 647
163370 1 418
163602 1 309
163740 10 705
164251 2 488
164541 8 1879
164728 8 825
164781 7 249
164941 3 127
164962 3 83
164972 2 89
165092 4 817
165188 1 592
165337 4 595
165498 16 697
165518 3 581
165674 4 360
165825 1 531
165884 2 338
165920 1 254
166028 6 400
166104 7 950
166273 1 390
166350 1 86
166377 1 193
166454 6 92
166554 16 1250
166611 2 311
166711 1 546
166837 3 447
166982 1 741
167593 10 2703
167616 1 322
167629 1 377
167982 1 77
168167 1 858
168241 1 177
168292 1 164
168368 1 110
168450 5 99
168566 12 672
168648 7 1826
168668 1 124
168808 1 133
168979 2 387
168994 8 143
169057 1 75
169435 1 774
169480 1 132
169553 1 71
169693 3 172
169739 1 732
169744 2 63
169781 3 8290
169963 1 396
170016 2 667
170178 2 350
170242 5 647
170251 3 139
170296 2 274
170753 14 887
171014 2 173
171030 6 559
171194 6 104
171664 3 375
171719 11 564
171733 2 266
171760 3 844
171890 10 307
172373 8 646
172379 3 785
172384 1 123
172469 4 107
172657 1 114
172749 15 504
173114 2 393
173127 1 678
173231 3 859
173250 2 365
173290 1 112
173431 5 95
173459 2 880
173668 2 448
174294 20 612
191091 1 132
206523 2 1066
215635 1 348
223390 1 369
226372 4 670
231228 7 472
231236 3 680
231241 1 155
231517 34 626
231731 1 157
231781 26 742
232055 14 218
232120 13 515
232131 31 474
232280 1 306
232561 1 175
232582 3 400
232631 1 640
233078 10 2021
233160 34 656
233296 7 261
233747 8 689
233754 5 334
233848 23 1211
234065 5 1022
234241 3 214
234352 23 336
234689 82 1717
235230 21 472
235724 7 446
236091 1 356
236221 68 1882
236332 11 1408
236471 102 1959
236640 1 167
236676 32 629
237283 7 184
237535 5 326
237663 9 290
237724 30 630
237837 5 568
237901 17 2579
238086 28 454
238126 23 377
238313 4 1310
238735 1 1484
238853 72 1368
238923 362 18797
238931 7 745
238948 2 258
239357 14 204
239476 107 2460
239656 6 331
239658 22 351
239682 5 193
239699 55 1049
239857 109 1884
240311 5 321
240366 2991 117963
240794 2 260
240844 7 212
240853 40 657
240882 25 878
241705 8 581
241884 6 433
241885 7 1374
241923 9 447
242049 3 304
242050 17 779
242108 8 1923
242115 8 288
242126 15 271
242372 2 166
242559 11 522
242721 30 354
242868 8 16984
242898 70 1126
243050 23 9473
243196 6 13700
243248 55 97794
243386 23 1108
243444 25 472
243466 3 181
243671 12 160
243698 23 29409
243890 2 13160
244267 14 177
244295 86 43543
244423 7 98
244515 545 137580
244583 16 3819
244806 89 3319
245528 5 7626
245533 3 3500
246017 3 470
246220 23 47306
246280 8 10199
246346 73 3969
246401 116 4475
246695 19 65027
246760 31 820
246930 173 9288
247008 28 23763
247153 16 17318
247158 1 971
247469 63 160821
247517 2 40187
247550 878 255154
247830 68 1084
248097 4 16630
248181 19 22248
248421 64 1576
248422 42 2093
248502 58 1874
248530 9 113
248562 13 40310
248585 84 1922
248610 172 211360
248634 29 38855
248788 39 56946
248809 34 45708
249076 33 36189
249161 12 146
249339 44 15594
249740 563 228328
249899 148 5742
250059 16 37994
250238 13 129
250452 33 16435
250719 29 3620
251314 8 2380
251485 16 29531
251564 80 5212
251627 1 487
251901 214 11936
252105 216 5983
252148 39 793
252315 47 1806
252427 55 3789
252505 17 443
252555 3 27002
252565 7 442
253018 7746 331696
253067 72 104143
253083 70 4103
253125 9 209
253203 6 33726
253494 35 735
253593 275 171848
253684 82 4311
253729 45 21686
253990 7 26077
254004 12 949
254108 243 174176
254182 3 859
254263 91 2016
254943 240 12040
255289 24 51128
255620 10 680
255631 132 3757
255689 158 3562
255728 34 32235
255777 18 64507
255830 59 84137
256236 52 1630
256347 5 6106
256599 124 6734
256604 18 37731
256685 1 3287
256847 6 24054
257049 30 26471
257110 1 138
257344 40 45609
257345 111 89736
257482 43 1287
257812 120 103213
257865 238 35772
257969 15 10760
258097 4 389
258122 12 152
258145 1 25755
258355 31 12953
258482 8 108
258559 10 52150
258574 3 320
259171 18 3050
259172 22 12233
259173 18 9957
259174 574 19382
259175 40 2289
259176 23 949
259289 4 3578
259370 3 461
259372 5 518
259373 5 307
259375 4 498
259596 2 18030
259808 9 532
260648 1 2489
260787 57 55438
261112 1 567
261373 5 3252
261597 1 1257
261617 6 1666
261890 4 560
262341 5 256
262344 11 419
262611 2 946
262649 2 165
262652 1 394
262659 1 339
262687 2 393
262715 1 898
262725 1 388
262730 3 311
262920 6 675
263528 2 1363
263562 9 5382
263724 1 1484
263837 24 4744
264609 3 289
265508 1 17463
267153 1 566
267418 4 511
267427 2 460
267433 2 523
268307 162 17203
268308 2 152
268310 1 410
268317 1 562
268324 1 258
268326 1 220
269125 1 1107
269143 1 1102
269262 3 2473
270694 4 499
270910 1 702
271407 10 653
271419 15 547
271850 65 20008
271860 2 529
271863 2 382
272126 6 7361
272231 7 778
272735 3 3653
273123 9 1636
273925 5 521
274118 1 489
276840 4 486
277207 1 430
278891 2 237
278901 1 478
279387 1 1019
279389 1 342
279494 7 305
279496 18 530
279497 25 559
279498 10 646
279499 20 632
279500 10 648
279501 7 596
279502 10 494
279504 19 499
279505 8 369
279506 9 354
279507 8 602
279508 11 337
279511 9 570
279512 10 555
279513 8 592
279514 7 583
279515 5 515
279516 4 476
279517 5 507
279518 6 425
279519 4 592
279520 3 434
279521 12 563
279522 12 445
279524 7 338
279527 9 543
279528 10 529
279529 5 280
279530 6 589
279531 6 583
279532 6 579
279533 6 569
279534 3 518
279535 8 610
279536 3 688
279578 4 235
279751 3 2790
279955 6 13056
280600 23 16007
280713 2 293
280755 112 32241
281495 6 444
282350 7 530
282351 9 562
282359 3 394
282388 4 442
282389 1 511
282394 3 422
282395 7 419
282829 2 395
283359 5 262
283577 5 346
286720 5 1303
287830 2 2536
288128 2 1248
289342 9 529
289587 6 12899
290358 5 530
290529 2 1146
290770 4 21435
290987 11 5130
291077 1 909
291327 52 765
291353 23 591
291377 10 502
291576 1 264
291596 1 1542
291726 14 615
292162 1 929
292522 4 878
292928 1 346
292929 3 678
293387 3 19523
293390 6 354
293863 9 13257
294571 4 362
295498 6 543
295697 6 13014
295943 52 29903
296452 1 1135
296591 1 261
296939 1 366
298335 2 1496
298529 5 3420
298852 7 2291
299397 5 844
299500 22 4913
299706 2 406
299951 1 516
301435 3 306
301437 2 265
301439 1 260
301449 4 516
301450 1 406
301451 1 480
301452 3 607
301453 1 207
301455 1 558
301459 1 411
301465 1 481
301469 3 471
301474 3 396
301476 7 585
301477 2 407
301482 1 149
301483 1 554
301484 4 523
301486 1 293
301726 1 388
302419 1 531
302564 3 367
302567 9 516
304722 3 355
305058 12 6305
305088 12 11759
305634 2 620
307284 1 376
307340 2 503
307651 3 475
308875 1 283
309189 2 258
309482 1 185
309823 56 32839
310614 1 528
311225 4 328
311233 2 450
311236 2 453
311248 2 266
311355 128 64459
311880 2 2176
312237 14 6232
312280 1 505
313854 1 402
314512 86 52248
314516 6 40486
316547 1 284
316770 7 489
332799 7 295
337469 1 520
338897 4 260
339239 1 58
340853 1 484
342133 4 561
345289 2 174
352250 1 981
353290 1 217
355246 1 204
356588 1 140
357133 3 343
359048 1 287
360777 1 207
367705 1 506
370772 1 160
375624 1 502
378760 1 209
379617 3 168
379861 1 652
380078 4 413
381463 1 115
382752 2 569
383407 1 116
384305 2 667
390073 1 337
390412 5 105
392421 4 114
396911 1 385
397287 1 70
397293 1 148
397616 4 544
406968 3 198
412954 2 938
416479 2 360
418201 2 549
419686 3 699
422702 2 720
427568 1 763
431058 3 203
434061 1 174
437737 4 461
440123 3 222
445429 3 124
446141 1 582
446720 1 525
449555 4 887
449820 3 700
455149 2 734
458810 3 236
461918 1 329
462930 1 264
463395 3 365
463643 21 594
466894 7 320
467592 3 242
467808 1 255
468183 7 945
468426 5 349
469191 4 726
476156 1 883
476491 2 520
477551 1 819
477713 1 409
481209 1 525
484771 1 61
487816 1 405
488918 1 683
491974 1 793
494129 1 290
494201 1 520
495473 7 570
500375 4 209
501581 7 335
501582 10 545
502239 3 509
506241 2 374
506759 2 581
508726 1 119
510185 1 128
510427 3 293
512589 1 442
513150 1 254
513827 2 77
513908 1 525
514003 2 169
514546 1 613
518111 1 241
519585 1 161
519611 5 190
519616 7 693
523915 2 170
523925 5 260
524126 1 155
524138 4 245
389 2 338
7520 1 329
13277 2 260
28800 1 487
29970 1 353
37081 1 373
37873 8 527
39879 1 290
46834 1 423
50745 2 256
52514 1 494
52628 1 455
53522 1 400
57639 1 397
62264 1 316
62642 1 433
65308 2 429
74011 1 459
77806 1 217
80703 1 3538
80709 1 4617
81762 1 37
81763 128 17488
81857 6 1337
82361 4 2631
82614 1 1017
84601 3 27345
84693 2 1106
85368 22 74892
85645 73 153229
85773 29 82661
85791 1 4896
85810 2 665
86034 71 48792
86365 44 19335
86367 193 33749
86753 16 173871
87803 3 10785
87811 14 30658
87909 110 12988
88035 2 4575
88123 1 4932
88771 2 5155
89409 2 3900
89797 1 4698
89812 17 13490
90312 4 21037
90670 1 19768
90795 26 27076
91307 1 36764
91309 3 17335
92153 1 7141
92166 16 64088
92188 197 64658
92294 1 7141
92307 16 64087
92329 197 64673
92609 309 24495
93095 7 1258
93115 3 604
93464 4 3124
93652 3 12607
93654 15 102204
93753 1 4606
93771 3 9047
94167 4 21131
94284 1 72168
94509 13 823
94608 1 4366
94863 8 18144
94925 14 3940
95020 2 25937
95363 2 33206
95656 1 10014
95852 2 16553
96027 11 30491
96037 211 46291
96041 4 32603
96049 2 78606
96136 19 20896
96305 17 38919
96424 7 38462
96913 2 3699
97059 3 9334
97078 6 39671
97113 1 1690
97559 1 10199
97725 1 10756
98040 16 24959
98046 7 18768
98806 3 19544
99053 12 27408
99326 3 4729
99424 14 12847
99946 5 110
100084 1 125
100119 4 525
100258 1 556
100473 3 637
100481 3 427
100665 1 925
100870 8 650
101110 8 523
101193 6 394
101401 2 605
101518 1 934
101680 1 161
101806 1 164
101840 1 1095
101924 1 127
102647 1 49
102811 7 146
103432 14 649
103549 1 193
103647 4 563
103652 1 136
103868 4 121
103940 2 78
104151 7 8662
104519 1 52
104657 1 497
104667 10 832
104668 2 854
104720 5 279
104730 1 1202
104803 11 107
105060 3 696
105121 1 105
105372 8 542
105423 8 228
105650 1 638
105724 4 861
106238 3 332
106838 3 111
107044 3 232
107334 1 52
107373 1 129
107711 1 281
108773 1 120
108777 4 95
108906 1 691
109598 1 1135
110784 2 877
110937 1 80
110970 2 628
110998 3 597
111080 4 1020
111157 2 993
111392 2 307
111795 1 452
112048 2 500
112291 1 714
112420 16 537
112988 6 390
113325 1 376
113391 4 92
113507 2 217
113556 1 59
113677 3 517
113731 2 589
114513 1 63
114721 1 548
115501 5 109
115610 1 300
116415 2 624
116431 1 138
117133 1 132
117156 2 75
117255 2 90
117396 1 599
117474 1 818
118409 10 412
118609 1 65
118624 2 137
118737 1 442
119223 2 56
119228 2 116
119475 1 827
119727 1 131
120716 12 177
120908 4 58
121030 1 1072
121413 1 106
121527 2 337
121855 1 269
121856 1 543
121927 1 132
122532 8 121
122622 2 39
123082 1 532
123503 4 244
123986 2 304
124141 1 84
124305 2 2625
124505 2 79
124753 2 187
124825 1 209
125051 3 330
125331 1 721
125397 1 681
125487 4 574
125614 3 2113
126514 5 146
126537 1 564
126555 2 312
126628 1 38
126699 1 59
126776 1 451
127114 8 8902
127146 1 54
127175 4 653
127202 1 519
127849 5 150
128051 6 312
128959 2 255
129023 3 57
129204 1 53
129395 2 60
129614 2 70
129670 1 81
129683 1 122
129724 1 59
129864 2 120
131793 1 73
131907 3 816
132070 3 446
132366 1 577
132750 1 77
132793 8 544
133408 1 452
133461 2 738
133716 5 550
133781 1 259
133906 1 267
134145 1 77
134188 1 628
134485 13 287
134522 1 203
135242 8 819
135392 2 61
135449 1 84
135803 2 672
136016 1 264
136087 1 946
136311 6 8993
136312 1 522
136315 5 1126
136567 6 515
136627 1 178
136659 6 466
136733 1 98
137214 1 69
137516 3 649
138676 15 137
139285 1 765
139307 1 619
139550 4 98
139646 1 627
139677 1 936
139680 1 539
139767 2 486
139846 2 159
139996 1 379
140436 2 183
140846 1 488
140955 1 96
141852 2 543
141901 1 647
141953 3 427
142073 4 286
142123 1 363
142373 2 110
142415 1 51
142493 1 168
142531 2 160
142715 10 100
142810 5 398
142883 3 268
142989 24 659
143053 1 187
143057 1 179
143346 1 82
143471 2 81
143936 7 453
144631 1 668
144855 4 872
145068 2 158
145100 1 448
145142 4 468
145245 1 416
145366 1 363
145599 1 122
145624 1 764
145655 2 270
145706 1 400
145803 3 84
145923 1 1001
146185 2 96
146438 3 528
146691 2 89
146803 2 555
146841 3 858
146860 2 146
147056 1 483
147133 7 9616
147252 2 361
147661 1 588
147818 1 77
147844 1 471
147907 17 564
148236 14 648
148366 1 492
148496 1 659
148684 2 550
148739 3 145
148933 1 394
149011 2 726
149134 4 166
149375 1 68
149407 2 231
149418 2 94
150209 5 136
150666 1 349
150701 1 516
150859 1 700
150935 4 417
151003 1 673
151361 2 172
151432 3 58
151569 3 179
151951 6 282
152310 1 1341
152604 14 347
152609 3 301
152629 2 66
152705 5 113
152860 1 289
152936 1 784
152970 1 296
153325 1 140
153550 3 531
153558 1 246
153882 3 142
153952 2 78
154288 1 111
154302 4 1007
154570 2 74
154572 1 76
154647 1 130
155001 1 182
155004 1 222
155144 2 1434
155858 5 669
155883 3 550
155897 2 1411
156061 1 529
156237 1 722
156416 1 182
156424 1 76
156444 2 67
156961 4 83
157121 1 879
157122 1 448
157143 1 325
157472 1 69
157657 1 378
157682 1 65
157847 3 67
157926 12 1340
157930 2 133
158117 1 1618
158260 1 206
158435 4 390
158673 2 211
158800 37 1670
159019 2 777
159160 6 10016
159167 43 2203
159174 3 120
159639 10 437
159657 1 120
159694 1 166
159865 1 356
159961 31 765
160093 3 1103
160116 4 89
160193 1 1108
160641 10 730
160706 1 1166
160739 3 196
160805 1 710
160846 1 521
160962 1 477
161021 1 1875
161024 2 153
161137 1 733
161262 2 93
161335 3 205
161362 4 376
161449 1 151
161932 5 247
162060 3 115
162137 2 158
162397 6 806
162425 1 412
162537 1 403
162655 1 969
163021 1 66
163050 1 52
163057 7 647
164541 1 1879
164728 1 825
164781 3 249
164962 4 83
164972 2 89
165092 1 817
165188 1 592
165191 1 268
165498 7 697
165518 2 581
166104 3 950
166273 1 390
166454 1 92
166545 1 98
166554 12 1250
166837 2 447
166982 1 741
167535 2 744
167593 5 2703
167616 1 322
167982 1 77
168041 3 428
168167 1 858
168241 1 177
168292 1 164
168450 3 99
168566 18 672
168668 1 124
168808 1 133
168994 3 143
168996 1 372
169057 1 75
169250 2 586
169435 1 774
169480 1 132
169553 1 71
169739 1 732
169744 1 63
169781 4 8290
170178 1 350
170242 3 647
170251 3 139
170296 1 274
170753 7 887
171030 6 559
171194 6 104
171664 3 375
171719 10 564
171760 2 844
171890 1 307
171927 1 640
172373 2 646
172379 1 785
172380 1 90
172384 1 123
172469 3 107
172657 1 114
172749 13 504
173114 2 393
173127 2 678
173231 2 859
173290 1 112
173431 5 95
174294 12 612
176826 1 516
181898 1 356
198702 2 538
205791 7 1461
220674 5 3401
230696 1 123
231236 1 680
231517 37 626
231781 7 742
232055 12 218
232120 12 515
232131 23 474
232582 1 400
233078 5 2021
233160 31 656
233296 7 261
233747 5 689
233848 1 1211
234065 16 1022
234352 22 336
234689 23 1717
235230 23 472
236221 57 1882
236332 5 1408
236471 66 1959
236676 30 629
237663 3 290
237724 30 630
237901 7 2579
238086 17 454
238126 18 377
238313 7 1310
238735 8 1484
238853 68 1368
238923 245 18797
238948 1 258
239357 16 204
239476 118 2460
239656 1 331
239658 15 351
239699 42 1049
239857 107 1884
240366 919 117963
240844 1 212
240853 33 657
240882 17 878
241885 2 1374
241923 14 447
242108 1 1923
242115 4 288
242126 16 271
242178 1 326
242256 3 254
242721 21 354
242868 9 16984
242898 45 1126
243050 4 9473
243196 4 13700
243248 47 97794
243386 1 1108
243444 23 472
243466 3 181
243671 13 160
243698 10 29409
243890 5 13160
244267 10 177
244295 37 43543
244423 6 98
244515 370 137580
244583 9 3819
244806 85 3319
245528 3 7626
245533 2 3500
246220 14 47306
246280 2 10199
246346 77 3969
246401 114 4475
246695 6 65027
246760 30 820
246930 6 9288
247008 27 23763
247153 4 17318
247469 11 160821
247517 12 40187
247550 434 255154
247830 45 1084
248097 13 16630
248181 16 22248
248421 52 1576
248422 29 2093
248502 56 1874
248530 8 113
248562 15 40310
248585 61 1922
248610 77 211360
248634 5 38855
248788 21 56946
248809 37 45708
249076 9 36189
249161 10 146
249339 16 15594
249740 345 228328
249899 132 5742
250059 2 37994
250238 11 129
250452 39 16435
250719 30 3620
251485 8 29531
251564 17 5212
251901 238 11936
252105 207 5983
252148 39 793
252315 55 1806
252427 57 3789
252505 23 443
252555 6 27002
252565 7 442
253018 3252 331696
253067 49 104143
253083 66 4103
253125 8 209
253203 30 33726
253494 33 735
253593 181 171848
253684 85 4311
253729 14 21686
253990 4 26077
254004 17 949
254108 169 174176
254182 3 859
254263 92 2016
254325 4 12140
254943 198 12040
255289 16 51128
255291 6 16491
255620 23 680
255631 100 3757
255689 133 3562
255728 20 32235
255777 23 64507
255830 28 84137
256236 61 1630
256347 6 6106
256599 122 6734
256604 10 37731
256685 4 3287
256847 9 24054
257049 8 26471
257344 20 45609
257345 38 89736
257482 46 1287
257812 90 103213
257865 128 35772
257969 4 10760
258097 2 389
258122 12 152
258145 6 25755
258355 41 12953
258482 8 108
258559 20 52150
258574 2 320
259171 1 3050
259172 1 12233
259173 2 9957
259174 8 19382
259175 1 2289
260423 1 739
260428 1 712
260787 2 55438
262344 8 419
268307 169 17203
269262 2 2473
271419 1 547
271850 16 20008
272126 6 7361
272994 1 366
273925 1 521
277207 1 430
279511 1 570
279514 1 583
279517 1 507
279520 1 434
279527 1 543
279531 1 583
279534 1 518
279536 1 688
279751 2 2790
279955 16 13056
280600 20 16007
280755 4 32241
282388 1 442
282389 1 511
283359 5 262
283577 3 346
287830 1 2536
289587 4 12899
290358 1 530
290987 1 5130
291327 22 765
291353 8 591
291377 3 502
291726 1 615
293863 3 13257
295697 16 13014
295943 6 29903
301450 1 406
301455 2 558
301465 1 481
301469 1 471
301474 2 396
301481 2 364
301484 1 523
305058 4 6305
305088 2 11759
307340 8 503
309823 4 32839
311233 1 450
311355 6 64459
311968 1 688
314512 46 52248
314516 4 40486
316770 8 489
332799 1 295
336725 2 352
337469 1 520
339239 1 58
340853 1 484
342133 1 561
353699 1 344
372513 1 564
379617 1 168
380078 2 413
392183 1 430
402373 2 1123
412954 1 938
416479 1 360
431058 3 203
434061 1 174
437737 3 461
456644 1 189
458810 2 236
461918 2 329
463643 4 594
466894 7 320
468803 1 108
481209 1 525
491005 2 299
495473 1 570
506759 1 581
518723 1 837
519197 1 131
523915 1 170
523925 1 260
524126 1 155
524138 1 245
1460 4 444
2388 1 549
3793 1 254
4506 3 321
5186 4 503
7520 1 329
8315 1 452
9631 1 439
12264 5 295
12726 8 179
13277 11 260
13352 8 297
13403 13 442
14885 1 158
16770 2 350
19120 3 348
20616 2 355
21397 2 270
23359 1 231
28385 1 287
30376 5 114
30875 4 332
31527 2 182
31791 1 149
31976 4 469
31993 2 330
34245 1 174
34247 9 490
37548 2 553
37550 4 369
39012 3 477
39879 9 290
40591 1 606
40595 1 660
42779 10 474
42912 13 527
43346 6 357
43386 8 378
44474 2 338
45091 1 184
49335 3 123
54918 1 521
56538 4 510
58710 2 267
59261 3 322
59428 3 408
59476 2 299
62562 1 209
62642 1 433
62738 1 217
63193 1 435
66870 7 481
67185 4 285
69824 1 394
73218 2 320
73823 1 513
77319 5 698
79310 1 209
79360 1 379
80067 30 1436
80139 4 659
80143 2 452
80211 2 251
80552 3 242
80610 1 475
80703 16 3538
80709 5 4617
81366 10 941
81505 28 6561
81622 1 35
81733 2 4701
81762 1 37
81763 425 17488
81800 2 118
81857 4 1337
82021 1 34
82023 1 34
82026 3 707
82027 3 699
82276 6 486
82361 83 2631
82796 2 5159
83262 5 379
83552 3 678
83721 1 215
83778 1 6641
83796 5 767
83983 2 323
84155 1 721
84389 23 455
84449 1 1798
84504 7 1810
84591 1 11065
84601 828 27345
84644 16 2467
84693 4 1106
84702 3 795
84715 47 1603
85003 5 272
85072 7 1811
85086 2 572
85368 76 74892
85370 5 3256
85645 226 153229
85773 57 82661
85791 3 4896
85810 1 665
85811 1 577
85976 31 1209
86034 35 48792
86365 101 19335
86367 3 33749
86594 2 112
86663 1 546
86665 9 526
86666 2 481
86673 3 3394
86753 354 173871
86876 2 746
86877 38 2679
86927 2 265
87056 2 184
87204 1 227
87293 3 2129
87311 1 34
87389 14 1965
87803 3 10785
87811 297 30658
87952 6 3520
88035 1 4575
88047 1 397
88123 42 4932
88240 2 410
88420 1 334
88648 3 512
88714 1 259
88771 77 5155
89050 2 359
89409 1 3900
89540 40 24038
89546 43 4790
89590 7 368
89686 1 18025
89797 11 4698
89812 21 13490
90100 6 201
90282 2 572
90312 212 21037
90528 2 557
90670 157 19768
90783 376 22898
90794 2 41
90795 722 27076
90798 71 9998
90800 4 10643
90907 1 36
90908 397 17901
90909 1 34
90925 8 398
90926 4 339
91132 1 31
91250 17 3801
91305 78 14425
91307 39 36764
91309 2 17335
91385 21 5803
91388 1 1810
91518 8 2058
91776 76 2188
91818 3 469
91889 1 35
92153 19 7141
92166 11 64088
92188 23 64658
92294 19 7141
92307 11 64087
92329 23 64673
92507 12 408
92609 12 24495
92722 3 1471
92914 4 349
92961 24 11521
93095 5 1258
93115 3 604
93264 3 11716
93267 141 2619
93464 1 3124
93475 2 480
93652 23 12607
93654 150 102204
93709 5 392
93753 21 4606
93771 27 9047
93919 18 2043
94167 5 21131
94284 367 72168
94608 5 4366
94714 99 11595
94716 2 327
94717 3 323
94752 1 2411
94790 30 1038
94863 17 18144
94925 1 3940
95020 457 25937
95363 197 33206
95564 11 10854
95656 30 10014
95673 14 985
95689 14 4224
95702 17 996
95703 33 1217
95704 8 993
95752 2 196
95833 11 2722
95840 14 9845
95841 1 43
95852 1 16553
96027 202 30491
96037 124 46291
96041 26 32603
96049 24 78606
96063 50 37082
96111 58 3879
96136 41 20896
96237 2 185
96305 42 38919
96424 286 38462
96437 8 11115
96913 7 3699
97058 1 475
97059 8 9334
97078 11 39671
97113 36 1690
97192 2 203
97364 9 1651
97559 5 10199
97560 3 3033
97725 39 10756
97885 3 2538
98040 8 24959
98046 4 18768
98164 2 593
98309 2 549
98368 2 285
98498 3 320
98806 89 19544
99053 35 27408
99120 6 667
99316 5 436
99326 5 4729
99364 10 412
99541 2 376
99542 2 583
99597 3 298
99832 3 296
99946 4 110
100001 5 87
100032 2 269
100062 2 577
100084 5 125
100119 2 525
100258 1 556
100473 2 637
100481 4 427
100724 2 500
100725 1 421
100870 1 650
100985 1 222
101241 2 530
101292 4 384
101367 1 1091
101401 7 605
101461 1 44
101465 18 449
101475 3 42
101518 27 934
101542 3 669
101543 6 544
101547 5 113
101623 1 39
101677 1 873
101680 5 161
101701 1 141
101840 1 1095
101924 4 127
101978 1 110
102053 1 140
102144 4 251
102224 1 535
102287 1 170
102414 1 957
102513 1 84
102897 4 415
102908 5 482
103077 1 488
103144 5 139
103260 8 276
103320 5 141
103437 1 825
103538 5 283
103652 2 136
103829 26 859
103868 1 121
103940 1 78
104151 24 8662
104209 17 304
104519 3 52
104651 1 58
104673 4 1086
104705 6 1201
104720 1 279
104744 18 1619
104803 3 107
104912 6 455
104918 1 553
105060 7 696
105121 3 105
105167 13 449
105207 4 72
105372 2 542
105402 6 585
105463 5 101
105474 1 332
105495 5 66
105515 17 1247
105613 1 73
105650 5 638
105724 3 861
105970 3 650
106194 4 427
106230 2 537
106483 1 38
106631 1 178
107044 7 232
107141 1 72
107334 1 52
107373 1 129
107422 2 553
107514 5 386
107679 1 452
108097 2 563
108346 2 130
108773 4 120
108777 5 95
108891 8 118
108974 3 49
109122 3 52
109446 1 358
109598 1 1135
109814 1 345
109815 2 64
109816 1 124
109892 1 154
109964 5 659
110108 1 95
110145 1 396
110264 1 1357
110479 1 270
110550 4 726
110673 6 134
110692 4 84
110784 4 877
110937 2 80
110998 7 597
111054 1 297
111063 35 759
111080 11 1020
111392 1 307
111567 3 36
111791 9 349
111912 1 647
112093 8 622
112237 1 80
112291 1 714
112302 1 121
112407 3 337
112930 2 151
113196 3 111
113198 2 445
113228 5 692
113325 11 376
113360 3 66
113391 3 92
113507 7 217
113556 1 59
113615 1 535
113627 1 391
113677 1 517
113731 1 589
113733 4 414
113818 1 732
114109 4 83
114143 1 413
114178 2 539
114244 2 549
114471 1 317
114513 1 63
114553 14 340
114721 2 548
114951 2 556
115215 1 140
115270 3 578
115413 1 722
115512 4 616
115581 12 459
115737 4 666
116144 1 259
116513 7 299
116622 1 156
116684 2 967
116709 9 699
116927 2 984
116951 1 116
117064 1 319
117087 1 464
117133 5 132
117161 2 72
117237 2 158
117255 1 90
117324 6 300
117396 5 599
117474 1 818
117475 4 810
117609 9 146
118240 4 106
118278 2 187
118624 2 137
118811 1 650
118853 4 141
118993 5 583
119179 3 81
119222 7 291
119223 1 56
119228 4 116
119475 1 827
119727 2 131
120191 3 965
120211 3 362
120305 1 62
120361 1 84
120716 1 177
120741 1 469
120843 1 45
120884 5 87
121030 8 1072
121113 4 266
121116 1 154
121160 5 111
121279 2 94
121360 1 99
121657 1 457
121724 3 605
121819 1 94
121855 1 269
121856 2 543
121927 1 132
121983 2 287
121986 6 451
122151 1 411
122231 1 524
122394 6 175
122900 1 75
123082 1 532
123130 2 657
123575 3 39
123705 1 152
123914 2 579
124109 2 87
124141 2 84
124305 10 2625
124461 1 79
124505 2 79
124643 1 478
124753 1 187
124757 1 99
124760 4 130
124825 2 209
124917 2 40
124934 1 457
125117 2 66
125171 3 536
125397 4 681
125487 1 574
125545 11 711
125614 2 2113
125797 2 483
125867 1 54
126079 11 385
126251 2 717
126261 3 293
126336 2 284
126555 2 312
126628 1 38
126699 1 59
126776 17 451
126997 14 709
127061 3 47
127108 2 115
127114 25 8902
127243 1 119
127471 1 279
127501 3 73
127783 1 139
128227 1 565
128399 2 353
128445 9 749
128447 5 565
128578 3 124
128588 5 806
128639 22 676
128653 1 137
128862 6 129
129009 11 202
129108 4 539
129204 2 53
129310 1 88
129395 2 60
129437 2 325
129539 1 44
129662 1 162
129670 1 81
129683 1 122
129724 3 59
129777 7 83
129864 2 120
130229 1 277
130267 14 998
130312 1 537
130529 1 65
130553 6 525
130710 1 54
130717 1 296
130869 2 238
130890 4 87
131052 6 276
131067 1 342
131140 5 1290
131305 3 561
131472 12 559
131582 4 60
131787 1 343
131886 1 61
131919 1 75
131992 4 335
132025 8 123
132070 9 446
132140 2 167
132277 2 164
132332 1 464
132366 1 577
132750 3 77
132776 1 69
132793 1 544
132869 2 445
132928 2 729
133092 1 107
133156 8 141
133202 1 159
133210 1 55
133461 2 738
133585 5 71
133716 14 550
133781 5 259
133793 1 267
133900 4 747
133906 3 267
134032 6 123
134145 1 77
134188 1 628
134485 1 287
134522 4 203
134722 2 187
134963 1 60
135026 10 231
135027 10 624
135241 8 1102
135242 6 819
135277 1 87
135392 3 61
135449 3 84
135660 4 152
135784 2 65
135787 1 165
135803 2 672
136016 6 264
136087 6 946
136311 25 8993
136315 9 1126
136548 13 325
136627 6 178
136733 2 98
136752 3 78
137069 8 1210
137214 2 69
137232 1 310
137266 2 308
137396 5 196
137445 4 611
137451 15 393
137486 1 83
137491 19 558
137542 4 67
137789 3 136
138003 1 198
138127 2 941
138141 1 273
138959 1 456
139115 6 759
139440 3 602
139487 1 742
139550 6 98
139677 1 936
139767 9 486
139846 4 159
140174 18 573
140201 4 951
140335 4 267
140436 1 183
140499 3 787
140568 16 959
140648 3 68
140661 3 356
140846 8 488
141191 4 681
141525 1 156
141526 1 52
141579 2 682
141660 1 66
141700 4 891
141740 2 265
141743 5 164
141840 4 80
141852 1 543
141953 13 427
142201 1 116
142384 6 724
142469 11 583
142470 7 374
142493 1 168
142531 5 160
142810 4 398
143037 1 68
143057 3 179
143113 1 109
143346 1 82
143471 1 81
143482 3 75
143483 3 79
143555 1 337
143597 4 313
143610 4 156
143742 1 573
143846 28 696
143936 1 453
143941 3 203
144321 1 106
144338 6 593
144367 1 637
144581 2 135
144849 1 315
144855 2 872
144888 2 176
145068 2 158
145100 18 448
145142 1 468
145245 5 416
145317 1 71
145326 5 338
145366 10 363
145539 2 160
145599 1 122
145675 2 252
145706 2 400
145862 3 406
145903 2 165
145923 5 1001
145930 2 584
145988 1 296
146185 1 96
146416 3 80
146438 3 528
146506 1 228
146596 1 126
146691 5 89
146811 1 56
146841 34 858
146888 3 802
147056 5 483
147133 35 9616
147216 24 656
147252 2 361
147365 2 158
147457 1 63
147493 7 174
147625 13 251
147627 14 750
147651 1 239
147727 3 546
147818 3 77
147844 1 471
147950 1 347
148018 1 349
148171 1 768
148216 1 689
148481 1 146
148484 4 498
148491 4 291
148496 14 659
148638 15 424
148684 5 550
148739 2 145
148933 6 394
149134 1 166
149281 3 703
149358 1 74
149375 1 68
149412 2 322
149418 1 94
149615 3 568
149674 1 220
149772 1 62
149813 9 606
149872 1 157
149946 6 157
150139 2 482
150192 4 623
150364 9 874
150859 7 700
151003 4 673
151118 2 122
151361 9 172
151525 1 324
151569 5 179
151768 4 128
151857 5 553
151961 11 333
152084 1 153
152200 7 819
152245 1 112
152249 1 240
152252 20 539
152278 3 91
152369 5 622
152389 1 592
152467 2 334
152609 6 301
152635 14 372
152705 4 113
153114 8 127
153210 2 106
153280 4 653
153467 1 536
153558 5 246
153597 1 62
153640 2 632
153740 1 472
153773 9 378
153882 1 142
153952 1 78
154196 3 93
154288 4 111
154302 1 1007
154409 5 682
154572 2 76
154618 8 312
154647 8 130
154667 6 179
154914 2 762
154965 9 886
155004 8 222
155127 4 340
155144 6 1434
155224 2 93
155517 3 572
155685 1 69
155770 1 227
155858 14 669
155883 11 550
155937 6 801
155951 3 96
156003 3 101
156019 4 108
156061 3 529
156244 12 397
156416 3 182
156424 3 76
156558 3 148
156657 1 300
156728 1 1262
156961 5 83
157122 10 448
157143 1 325
157157 4 77
157229 4 149
157244 3 133
157472 3 69
157628 3 177
157682 1 65
157751 3 164
157926 5 1340
157930 3 133
157986 1 182
158104 8 143
158117 26 1618
158148 1 425
158156 2 83
158208 9 459
158253 1 299
158260 1 206
158307 4 566
158435 2 390
158618 2 314
158673 4 211
158726 1 64
158769 1 122
158800 2 1670
158963 17 471
159019 14 777
159058 4 56
159160 31 10016
159167 1 2203
159174 4 120
159242 5 106
159384 2 500
159562 1 65
159581 16 882
159657 1 120
159694 4 166
159713 2 104
159723 2 804
159746 6 141
159832 1 69
159865 2 356
159882 2 192
159934 3 491
159961 1 765
160093 20 1103
160116 1 89
160452 3 64
160739 8 196
160805 11 710
160846 5 521
161001 2 77
161137 1 733
161222 1 89
161262 1 93
161335 9 205
161338 2 208
161341 3 319
161449 1 151
161500 4 740
161505 2 164
161645 5 140
161817 1 432
161855 8 856
161951 2 595
161995 1 622
162010 3 695
162039 1 54
162137 1 158
162151 3 353
162177 2 52
162185 4 176
162317 2 889
162353 4 99
162397 3 806
162425 4 412
162523 1 289
162526 1 239
162537 13 403
162576 4 79
162655 4 969
162695 3 67
162727 1 147
162737 7 133
162802 2 128
162845 6 202
163021 1 66
163050 1 52
163150 8 578
163284 2 81
163370 2 418
163378 1 76
163412 2 322
163444 3 193
163602 2 309
163740 24 705
163898 20 458
163930 1 582
164171 2 106
164201 1 92
164235 5 667
164251 1 488
164568 1 154
164728 2 825
164781 3 249
165092 9 817
165123 4 181
165317 1 607
165337 6 595
165415 2 683
165468 2 348
165498 1 697
165825 3 531
165860 5 155
165884 1 338
165920 10 254
166028 3 400
166104 1 950
166283 1 452
166363 3 283
166377 3 193
166385 2 149
166545 4 98
166711 7 546
166831 2 68
166837 2 447
167010 5 99
167133 19 553
167141 4 945
167271 2 350
167535 1 744
167556 6 109
167593 3 2703
167616 3 322
167629 3 377
167717 4 66
167982 2 77
168041 4 428
168099 12 923
168124 1 209
168167 2 858
168205 9 346
168241 2 177
168292 7 164
168321 2 75
168343 2 101
168368 4 110
168436 1 394
168648 13 1826
168668 7 124
168808 9 133
168979 1 387
168994 4 143
168996 2 372
169057 1 75
169250 1 586
169363 1 411
169435 1 774
169480 2 132
169504 1 108
169553 1 71
169738 1 64
169744 1 63
169781 20 8290
169782 7 525
169916 1 323
169963 12 396
170003 3 107
170016 5 667
170090 16 374
170178 2 350
170251 5 139
170303 1 553
170325 2 790
170363 3 123
170367 7 100
170503 4 330
170753 1 887
170765 2 665
171014 2 173
171041 1 504
171533 12 371
171664 10 375
171733 2 266
171760 12 844
171762 2 640
171837 4 152
171890 1 307
171927 3 640
171971 1 98
172102 1 70
172141 15 778
172235 5 350
172252 2 192
172373 7 646
172379 4 785
172380 1 90
172384 6 123
172638 12 944
172657 2 114
172828 1 83
172833 1 149
172839 1 798
172854 5 140
172987 4 647
173051 1 168
173114 1 393
173127 1 678
173166 5 338
173203 3 426
173231 1 859
173250 2 365
173290 1 112
173459 11 880
173656 3 332
173668 7 448
173677 14 847
173731 2 317
173774 6 197
173817 2 120
174096 1 115
174139 3 93
174149 2 348
174250 5 78
175102 3 462
175132 6 413
176252 2 120
176259 5 156
176417 5 452
176805 9 465
176826 9 516
177779 3 143
178556 4 149
178672 3 151
179009 4 216
179019 7 292
179308 6 163
180238 5 154
180815 2 476
181898 7 356
183246 5 102
183324 5 81
183415 2 113
183582 5 234
183583 9 288
184084 5 104
185390 1 589
185464 5 318
186079 2 114
186200 4 434
186297 6 661
186648 7 435
188536 5 461
188538 5 225
188900 6 171
188984 8 100
189421 6 172
189469 5 457
189839 5 99
190495 2 135
191091 5 132
191126 6 195
191211 10 100
192501 5 441
192838 7 518
192839 5 169
192852 8 476
193534 6 396
193953 6 93
194529 12 628
194749 3 144
194825 1 989
194917 2 141
195287 6 115
195288 5 98
196363 7 121
196685 7 521
198573 6 723
198886 5 275
199149 6 133
199874 1 192
201051 1 91
203091 7 179
203916 3 141
204085 7 107
204162 7 119
204283 5 120
204497 5 102
204593 3 488
204614 2 258
204682 7 535
205048 5 145
205325 4 136
205409 7 391
206505 3 140
206506 2 126
206523 6 1066
207185 3 567
207355 5 282
208112 3 109
212398 4 858
212583 13 273
212709 7 253
212872 4 134
213939 30 5722
214624 5 361
215207 5 150
215462 3 194
215912 12 3775
216264 6 107
216645 2 148
216766 4 398
216769 2 446
218154 15 501
219440 7 405
219505 37 2185
219506 39 2187
219670 7 336
220634 2 118
220674 8 3401
221207 1 90
222601 4 140
223347 5 427
224052 9 812
224288 6 398
224921 5 103
225002 4 379
225694 5 105
225769 4 641
225911 2 153
226237 5 142
226283 2 509
226372 1 670
226681 4 109
227143 4 492
227157 5 161
227513 7 102
227754 7 345
228059 2 87
230696 12 123
231236 8 680
231308 5 513
231731 1 157
231781 5 742
232120 1 515
232631 12 640
233078 1 2021
233539 1 1012
233829 5 350
233848 8 1211
234065 1 1022
235345 1 121
236091 3 356
236332 2 1408
236471 1 1959
236640 1 167
236676 1 629
237283 1 184
237535 3 326
237663 3 290
237837 3 568
237901 2 2579
238086 1 454
238853 2 1368
238923 35 18797
238931 7 745
238948 1 258
239476 2 2460
239656 6 331
239682 1 193
239857 1 1884
240002 46 1062
240311 10 321
240366 99 117963
240794 2 260
240967 2 438
241288 6 427
241705 1 581
242049 4 304
242050 11 779
242100 18 450
242108 36 1923
242126 1 271
242178 1 326
242559 5 522
242868 2 16984
243050 14 9473
243196 4 13700
243248 30 97794
243386 12 1108
243698 8 29409
243762 19 5334
243890 3 13160
244295 15 43543
244515 58 137580
244583 7 3819
245528 24 7626
246017 6 470
246220 27 47306
246280 2 10199
246346 2 3969
246401 3 4475
246695 24 65027
246930 16 9288
247008 5 23763
247153 6 17318
247469 108 160821
247517 13 40187
247550 234 255154
248097 9 16630
248181 25 22248
248502 1 1874
248562 30 40310
248585 1 1922
248610 73 211360
248634 51 38855
248788 152 56946
248809 41 45708
249076 129 36189
249339 2 15594
249740 118 228328
249899 2 5742
250059 162 37994
250452 56 16435
250533 4 14895
250719 1 3620
251314 42 2380
251485 9 29531
251564 25 5212
251627 1 487
251901 3 11936
252105 5 5983
252148 2 793
252427 2 3789
252555 55 27002
253018 220 331696
253067 30 104143
253083 4 4103
253203 4 33726
253462 24 48129
253569 4 1620
253593 174 171848
253684 3 4311
253729 4 21686
253990 20 26077
254004 7 949
254108 105 174176
254182 2 859
254325 33 12140
254391 1 851
254943 6 12040
255289 11 51128
255631 3 3757
255689 1 3562
255728 58 32235
255777 24 64507
255830 40 84137
256347 29 6106
256599 1 6734
256604 55 37731
256685 1 3287
256847 20 24054
257049 72 26471
257344 236 45609
257345 364 89736
257482 2 1287
257812 83 103213
257865 3 35772
257969 14 10760
258097 1 389
258145 3 25755
258355 12 12953
258559 11 52150
258574 9 320
259171 60 3050
259172 99 12233
259173 134 9957
259174 121 19382
259175 14 2289
259176 3 949
259289 12 3578
259444 6 821
259972 2 478
260648 9 2489
260787 35 55438
261373 75 3252
261597 4 1257
261617 37 1666
261827 1 343
262031 2 245
262341 7 256
262344 8 419
262611 7 946
262649 4 165
262652 1 394
262659 2 339
262687 26 393
262695 19 455
262715 39 898
262725 3 388
262730 2 311
263528 22 1363
263562 174 5382
263724 6 1484
263837 7 4744
264609 2 289
265413 4 370
265508 1 17463
266236 108 2164
267153 4 566
267418 39 511
267426 5 514
267427 31 460
267433 19 523
267434 5 343
267443 17 551
267444 2 371
268307 73 17203
268308 2 152
268309 3 434
268310 12 410
268312 15 556
268313 22 397
268317 22 562
268324 3 258
268325 19 431
268326 5 220
268821 4 586
269125 3 1107
269143 3 1102
269262 10 2473
270694 29 499
270910 1 702
271419 1 547
271850 44 20008
272126 78 7361
272231 2 778
272735 63 3653
272994 1 366
273123 10 1636
273124 7 1414
275826 3 438
276804 7 448
276840 3 486
277206 7 548
277207 6 430
278896 5 495
278901 1 478
279387 5 1019
279389 1 342
279494 9 305
279496 14 530
279497 8 559
279498 11 646
279499 14 632
279500 29 648
279501 22 596
279502 26 494
279504 5 499
279505 7 369
279506 4 354
279507 12 602
279508 5 337
279511 11 570
279512 5 555
279513 2 592
279514 8 583
279515 18 515
279516 10 476
279517 12 507
279518 11 425
279519 3 592
279520 11 434
279521 12 563
279522 6 445
279524 6 338
279527 10 543
279528 3 529
279529 4 280
279530 3 589
279531 18 583
279532 11 579
279533 17 569
279534 11 518
279535 2 610
279536 14 688
279578 3 235
279751 3 2790
279955 23 13056
280600 18 16007
280713 3 293
280755 19 32241
281492 2 224
282350 1 530
282351 1 562
282359 4 394
282360 3 516
282369 2 458
282378 2 496
282382 1 608
282388 1 442
282395 1 419
282829 1 395
283359 5 262
283577 8 346
285282 5 494
286720 16 1303
287830 2 2536
288128 8 1248
288239 5 453
288849 4 1041
289587 98 12899
290529 7 1146
290987 42 5130
291028 8 303
291077 13 909
291327 2 765
291353 2 591
291596 1 1542
291726 3 615
292162 1 929
292309 11 444
292522 6 878
292927 6 348
292928 6 346
292929 10 678
293387 1 19523
293390 11 354
293863 150 13257
294467 3 312
294571 5 362
295697 23 13014
295943 4 29903
296452 2 1135
296591 4 261
296917 1 320
296918 3 294
296919 2 259
296920 2 336
296921 1 279
296939 2 366
297187 1 356
298335 3 1496
298529 140 3420
298852 16 2291
299397 7 844
299500 58 4913
299951 1 516
301435 7 306
301436 18 440
301437 1 265
301439 1 260
301441 5 127
301442 4 193
301443 8 287
301444 2 428
301445 3 279
301446 3 982
301447 9 383
301449 16 516
301450 12 406
301451 18 480
301452 5 607
301453 9 207
301454 6 219
301455 18 558
301456 9 320
301458 17 409
301459 31 411
301460 17 295
301461 2 134
301462 8 190
301463 15 421
301465 20 481
301466 10 425
301467 18 532
301468 7 353
301469 24 471
301470 9 487
301471 10 432
301472 21 384
301474 12 396
301475 9 364
301476 7 585
301477 18 407
301479 19 629
301480 14 284
301481 19 364
301482 6 149
301483 5 554
301484 8 523
301485 6 370
301486 9 293
301723 1 501
301725 12 340
301726 3 388
302564 1 367
303334 3 391
303507 26 12535
304722 8 355
305058 175 6305
305088 129 11759
305634 4 620
307284 1 376
307483 3 317
307651 16 475
309189 6 258
309482 2 185
309823 31 32839
311224 32 432
311225 25 328
311233 21 450
311236 30 453
311241 25 395
311248 2 266
311355 59 64459
311880 1 2176
312237 75 6232
313023 2 191
314075 12 420
314512 102 52248
314516 3 40486
316770 3 489
317621 13 618
319400 1 47
321866 1 36
324117 1 96
332143 1 31
332155 1 31
332959 1 590
334006 2 420
336725 1 352
337469 6 520
338897 1 260
338965 1 298
339239 2 58
341599 3 640
341619 4 120
342133 4 561
344095 1 90
344740 7 416
344999 1 398
345289 5 174
345398 2 675
347903 2 471
350127 5 243
352250 1 981
353290 4 217
353687 2 203
356303 2 584
356407 3 59
356588 2 140
359048 1 287
367705 6 506
370772 1 160
373253 1 181
374765 1 102
374984 2 77
375324 5 132
375624 6 502
378760 6 209
379617 2 168
381928 4 205
382752 7 569
384332 1 593
385260 1 437
385793 1 95
385974 1 58
388221 1 88
390073 2 337
390412 1 105
390896 1 98
392169 2 450
392183 1 430
393269 3 189
393468 1 595
393650 1 166
396910 1 732
396911 15 385
397616 6 544
398499 1 130
399990 3 499
400423 2 1631
402373 2 1123
405855 6 219
410885 6 224
411106 1 62
412841 1 60
412847 2 119
412923 11 689
412954 10 938
414323 2 533
417397 2 262
418201 14 549
419009 3 145
419686 9 699
420494 2 225
421355 2 426
422613 1 142
422702 5 720
422775 3 177
427568 2 763
428714 1 234
430142 3 251
431058 8 203
431979 1 207
434061 1 174
435077 2 205
436885 3 286
437737 3 461
439026 4 205
440123 3 222
441082 4 985
441685 2 144
442450 2 78
444367 4 94
446096 8 403
446141 9 582
449555 3 887
449820 9 700
450597 2 201
452122 3 157
455149 5 734
456644 7 189
457488 1 142
457807 1 45
458223 3 757
458810 4 236
459520 1 163
459770 1 90
461918 5 329
463395 8 365
463643 2 594
463922 5 221
466455 2 236
466894 3 320
466898 2 125
467592 2 242
467808 1 255
468277 1 99
468403 3 74
468426 5 349
468581 4 183
469095 3 3148
470466 2 756
474491 7 243
476156 2 883
476491 8 520
477551 9 819
477882 4 163
481209 4 525
481863 2 152
482489 1 69
482725 1 127
484995 1 35
485231 1 578
487816 7 405
488918 2 683
491974 14 793
492619 1 531
494051 1 169
494201 4 520
494202 4 328
494282 3 103
494713 1 103
495473 2 570
498353 5 806
500375 2 209
501581 3 335
501582 3 545
502349 1 108
504041 2 199
504353 1 96
506759 3 581
510106 1 218
510427 2 293
511543 4 94
513150 3 254
513908 2 525
514003 1 169
514546 19 613
519099 1 117
519197 1 131
519611 1 190
521280 6 153
522290 3 219
523915 2 170
523925 2 260
524126 2 155
524138 2 245
