361 1 136
2156 1 514
2674 2 679
7231 3 422
7351 1 384
8070 1 304
8087 1 378
8593 1 183
8865 2 407
10523 1 269
10620 1 323
11326 1 312
11743 1 317
12245 1 427
13896 4 355
16691 1 250
19388 2 308
19654 1 257
20380 2 344
20403 2 407
22782 3 154
24133 1 239
24143 1 186
24164 1 522
24233 1 382
24239 1 401
25126 1 335
25647 2 319
26806 2 180
27765 1 365
31661 1 413
32614 2 269
33288 1 194
33823 1 205
33922 1 643
34603 1 781
35095 2 351
36669 1 222
36900 2 282
36901 2 434
36916 1 328
37006 4 420
39397 1 238
39600 2 307
39976 1 233
40840 2 632
40979 2 528
41392 1 268
41435 1 125
48968 1 417
49982 1 477
51971 2 398
52272 1 324
54723 1 345
55826 1 421
57610 1 214
60509 22 179
62193 1 234
65454 1 624
65640 1 430
66965 1 374
69759 1 365
71961 1 315
76141 2 283
76715 1 308
76717 1 241
78257 3 364
79108 2 449
79214 1 436
79348 2 388
80665 1 11731
81108 3 5296
81687 2 894
82648 1 18160
82650 1 2690
83731 2 11826
84623 1 719
85031 1 401
85320 1 1130
85368 15 74892
85645 25 153229
85778 1 2818
86367 1 33749
86685 1 2685
86753 19 173871
87264 7 346
87755 2 728
87960 6 375
88147 1 1236
88631 1 2133
89154 5 10556
89388 1 715
89497 2 9874
90275 8 3347
90312 1 21037
90930 1 2605
93020 1 1664
93387 1 543
93941 1 210
94138 6 328
94167 1 21131
94863 1 18144
95020 3 25937
95113 2 974
95756 2 2206
95927 1 1194
96037 1 46291
96049 18 78606
96051 9 78869
96136 18 20896
96157 1 10631
97027 1 10038
97550 2 20368
98037 1 9135
98293 1 1443
98297 1 7737
98447 3 6474
99206 65 1797
100422 3 429
100471 4 105
100606 1 781
100807 1 691
101104 3 41
101669 7 1324
101694 1 518
101758 1 1151
101760 1 731
101802 3 47
101865 7 732
102200 2 544
102390 12 464
102405 2 93
102725 3 67
103079 2 1145
103184 1 161
104063 3 75
104152 1 150
104379 2 1257
104515 1 44
104573 2 65
104760 2 56
104766 2 1129
105097 2 38
105172 6 583
105296 2 121
105356 3 62
105458 3 139
105496 3 50
105915 1 997
106091 5 80
106188 1 129
106422 5 481
106613 2 51
106682 1 356
106700 2 611
106974 3 111
107016 2 53
107179 5 602
107213 2 1484
107253 5 1130
107295 3 552
107350 2 60
107366 6 81
107969 7 263
108038 8 266
108157 8 200
108617 3 187
108722 5 436
108878 1 567
108880 1 150
109095 3 370
109222 2 231
109408 6 816
109467 1 101
109591 2 87
109677 1 995
109802 1 640
109803 1 62
109849 2 51
110191 2 121
110202 4 72
110884 2 32
110921 7 380
111074 1 660
111124 2 148
111193 1 424
111395 6 552
111427 1 323
111515 3 458
111685 1 518
111891 1 493
112019 3 191
112040 1 236
112295 4 106
112813 1 584
113191 2 53
113505 3 203
113591 4 105
113594 1 703
113873 6 554
113883 1 153
114069 2 43
114330 1 408
114365 3 509
114460 2 884
114919 1 298
114925 1 60
114943 5 45
115178 4 106
115231 1 57
115338 7 176
115366 2 73
115367 5 52
115407 1 507
115522 1 35
115865 1 713
115926 2 139
115993 1 638
116100 1 62
116237 3 389
116534 4 468
116722 1 801
116849 3 69
117060 1 377
117145 2 984
117696 2 632
117829 1 109
118100 2 1309
118251 1 100
118308 4 43
118405 1 847
118499 5 226
118704 3 103
118941 3 676
119106 3 156
119121 3 540
119292 3 143
119379 1 306
119445 1 929
119635 3 89
119687 3 1367
119698 1 5402
119814 25 844
119914 2 57
120576 2 1247
120652 3 83
120697 1 558
120722 1 818
120737 5 157
120884 4 87
120888 3 96
121050 1 574
121517 1 99
121586 1 1224
122111 1 55
122223 3 159
122245 5 157
122667 1 441
122757 1 318
122977 1 718
123003 2 74
123084 1 542
123911 6 397
124014 2 89
124241 1 50
124305 2 2625
124333 3 598
124623 3 59
124625 1 849
124835 1 96
124853 1 161
124984 1 44
125549 5 130
125805 1 111
125862 2 531
126102 1 664
126206 2 56
126754 1 390
126817 5 208
126905 3 123
127150 2 65
127183 2 680
127333 2 74
127484 2 60
128001 4 74
128071 5 155
128095 1 80
128157 6 556
128228 1 413
128446 1 310
129084 2 222
129101 3 68
129859 2 1551
130043 1 691
130302 5 791
130311 1 834
131006 1 303
131461 2 1147
131717 4 115
131806 1 663
131824 4 111
131832 15 1083
131923 3 54
132081 2 87
132139 9 1661
132401 3 67
132537 1 1036
132860 1 639
133176 9 760
133373 2 251
133488 4 122
133788 1 686
133978 2 78
133993 9 665
134021 3 137
134439 1 1080
134571 3 107
134953 2 604
135279 1 1216
135391 2 51
135400 6 415
135636 1 650
135757 1 1007
135758 1 795
135808 2 632
135850 2 483
135940 1 425
136168 1 631
136211 4 785
136256 8 170
136525 1 562
136663 3 107
136669 2 93
136882 3 599
136975 4 79
137303 2 262
137346 1 46
137593 1 97
137655 5 1372
137999 1 369
138008 1 950
138019 12 529
138056 2 585
138118 1 848
138254 2 109
138521 2 147
138617 1 1192
138621 1 71
138795 3 223
138817 3 54
138899 2 68
138935 4 226
139105 1 767
139133 1 250
139235 1 571
139454 1 716
139529 1 119
139712 5 158
139786 1 103
139823 5 110
140058 2 144
140084 2 87
140091 4 93
140196 6 188
140203 3 200
140239 3 2695
140443 1 376
140525 1 891
140622 1 675
140894 2 840
141073 5 166
141218 2 78
141290 5 989
141299 1 824
141409 4 1237
141479 4 98
141546 2 64
141591 3 132
141970 2 300
142066 2 445
142173 4 154
142252 1 350
142644 1 384
142675 5 153
143132 3 81
143373 9 257
143388 1 1566
143640 1 1392
143644 1 792
143874 2 84
144079 3 115
144790 1 442
144817 3 136
144885 2 65
144931 1 425
144941 2 591
145283 2 58
145296 2 827
145593 1 492
145747 3 186
145800 1 78
145855 1 364
145957 2 79
146047 1 906
146152 2 630
146229 3 103
146408 1 143
146588 3 149
146876 7 180
147040 1 681
147069 3 726
147163 1 58
147464 1 476
147695 4 150
147729 5 1179
147795 1 619
147870 7 157
148011 5 130
148014 4 137
148047 5 588
148076 1 511
148082 1 492
148208 1 219
148319 1 405
148787 1 594
148936 2 67
148968 1 642
149107 2 607
149161 2 148
149432 2 217
149722 1 935
149869 3 130
149956 7 653
150082 2 129
150517 1 1302
150521 5 188
150654 2 857
150972 2 104
151235 1 1044
151374 2 506
151393 2 67
151516 1 730
151634 4 675
151709 1 642
151842 3 601
152279 5 793
152456 4 95
152481 2 1488
152507 1 626
152573 2 124
152630 3 675
152642 1 118
152686 1 352
153112 2 79
153142 1 977
153693 3 188
153848 5 139
154020 2 1276
154043 2 1000
154183 2 98
154363 3 91
154379 1 679
154387 1 621
154455 1 1114
154513 1 61
154876 1 528
154948 1 148
155022 1 754
155350 1 1337
155370 4 95
155521 5 108
155572 1 890
155608 5 116
155797 3 1425
155886 8 472
155933 20 794
156002 1 155
156066 1 625
156228 4 202
156258 9 859
156375 15 584
156632 1 71
156688 1 313
156697 3 807
156950 9 706
156966 3 88
156968 18 772
156980 3 96
157231 1 112
157265 1 736
157314 5 242
157465 2 1443
157500 6 223
157885 3 81
157897 2 96
158013 2 81
158055 1 315
158439 1 815
158628 5 550
158677 2 912
158870 5 473
158996 4 154
159059 3 77
159168 2 118
159225 3 80
159272 2 83
159410 3 761
159613 4 88
159640 1 543
159688 4 193
159704 2 399
159757 1 113
159942 1 1482
160070 3 195
160256 4 228
160265 2 62
160541 1 643
160712 1 908
160862 2 128
160924 1 64
160976 1 458
161402 2 64
161467 1 942
161567 8 426
161679 1 814
161724 3 137
161892 3 83
162061 3 101
162157 2 667
162305 3 109
162343 4 795
162376 1 69
162400 1 167
162722 3 92
162758 1 756
162791 5 142
162793 1 501
162923 2 1967
163019 1 3033
163117 1 181
163207 2 183
163274 2 654
163409 7 335
163520 3 127
163530 1 149
163590 3 465
163674 4 170
163839 1 109
164237 1 136
164329 2 70
164402 2 933
164497 3 92
164933 3 135
164976 2 1480
165244 9 396
165285 6 187
165500 3 129
165657 1 297
165926 4 1835
165980 3 71
166393 1 638
166409 3 156
166472 18 661
166567 2 129
166906 1 464
167117 5 1070
167633 4 623
167645 1 223
167857 3 161
167940 3 90
168484 1 66
168686 2 60
168965 1 1129
169366 2 348
169381 6 103
169584 4 257
169717 6 223
169778 30 1360
169806 1 553
170048 7 177
170067 1 126
170295 1 1607
170592 2 123
170665 1 118
170700 6 579
170720 1 526
171057 1 658
171085 4 88
171142 16 355
171143 1 893
171207 2 202
171440 6 116
171662 1 567
171728 15 701
171865 3 164
172203 1 164
172418 1 607
172422 1 2130
172481 1 1401
172700 3 152
172801 3 79
172864 5 504
172881 6 275
173021 19 703
173034 2 112
173062 6 127
173069 3 646
173072 2 1513
173124 3 91
173172 1 393
173570 2 74
173614 2 927
173794 8 391
173978 1 1231
174049 1 642
174143 2 130
174469 1 113
174957 3 125
176839 3 429
177140 1 120
177162 1 116
177276 2 82
178148 10 129
178726 3 256
178850 1 1392
178908 13 1212
179360 1 103
180188 1 123
180254 1 787
180403 1 94
181677 1 97
181846 1 109
182507 2 114
182666 9 105
182671 1 82
183116 3 124
183404 1 121
187036 4 82
187078 1 83
187182 1 459
188232 3 117
188562 5 312
188581 12 515
189078 4 105
189172 1 101
189421 5 172
189438 2 380
189679 3 1341
189685 1 82
190720 1 89
191052 2 166
191126 2 195
191163 1 119
191300 1 113
191402 9 169
191496 2 125
192838 5 518
192852 2 476
193297 6 321
193392 3 152
193396 5 79
193477 1 98
193534 4 396
193989 5 89
194166 1 98
194234 3 1494
194529 5 628
194664 2 121
194736 4 91
194820 1 559
195216 6 3571
195636 9 1206
196538 4 128
196575 1 119
196652 9 139
196973 3 152
198456 5 126
198809 1 6579
200397 2 320
200516 10 1110
200722 1 100
201994 5 1077
202519 5 112
202734 1 230
203331 2 446
203410 1 91
203608 1 137
203690 3 118
203932 2 141
204283 1 120
204454 2 493
204593 2 488
205166 7 100
205297 1 107
205657 3 91
205691 4 982
205800 1 371
206430 2 70
207158 1 107
207318 5 119
207988 16 471
208112 3 109
208410 3 123
209048 8 531
209355 1 105
209558 1 178
209623 1 92
210011 1 101
210462 7 100
210585 3 1202
210668 7 138
210720 3 440
210741 1 284
210904 7 420
211619 8 2145
211771 5 83
212033 10 1649
212776 4 94
212900 1 90
213236 1 435
213271 1 1010
214080 4 91
214257 2 155
214678 2 109
214836 4 91
214849 2 113
214895 4 404
214896 4 285
215207 3 150
215505 2 117
215648 3 263
216676 1 109
216711 11 556
216770 11 482
216780 3 163
216795 8 269
217026 3 118
217590 6 127
217652 2 560
217654 13 402
217668 6 265
217760 1 238
218389 1 105
219459 1 116
219505 5 2185
219506 5 2187
219606 1 122
220072 6 124
220117 3 381
220311 6 363
220663 1 557
221277 1 93
221866 4 134
222545 2 138
222802 1 110
222900 18 505
222906 1 478
223056 1 418
223130 1 322
223280 3 60
223309 1 105
223778 3 503
223854 13 96
223985 3 568
224007 2 435
224602 1 484
224740 1 109
224747 2 104
224824 2 331
225002 4 379
225012 2 227
225014 2 260
225103 2 113
225296 10 119
225327 28 849
225600 6 125
225683 1 112
225769 1 641
225853 1 122
225899 7 117
226283 1 509
226391 3 135
226489 1 143
226705 1 94
226719 2 92
227054 2 111
227239 1 138
227333 5 135
227511 2 109
227516 1 108
227698 6 112
227791 25 376
228007 3 201
228691 1 131
228743 3 487
229436 3 140
229635 2 174
229647 5 124
229663 3 415
229754 5 384
230123 2 113
230245 2 154
230303 1 114
230381 1 686
230454 1 109
231159 2 328
231661 1 46
231678 10 698
231885 1 69
231940 2 738
232415 3 279
233809 1 914
233812 1 429
234227 8 655
234971 1 1228
240345 1 1006
240366 20 117963
240431 4 421
240917 1 832
241337 4 385
241455 4 1560
242776 8 40213
242955 4 34181
243021 12 14242
243248 3 97794
243249 50 55340
243568 4 51992
243723 1 3128
243742 13 52641
243828 2 9735
243976 1 11538
244031 5 24298
244230 5 10715
244295 4 43543
244515 23 137580
244522 2 2685
244563 5 10148
244742 7 48422
244846 14 32902
244865 12 14342
244998 10 56078
245029 3 93035
245386 1 703
245458 1 5144
245668 3 47659
246003 5 79294
246068 6 19691
246220 1 47306
246467 1 307
246695 1 65027
246814 26 7881
247153 3 17318
247209 31 48787
247387 46 63961
247406 10 42749
247469 9 160821
247517 4 40187
247550 9 255154
247947 2 13645
247974 14 15560
248050 1 1914
248262 106 21240
248283 1 3095
248562 10 40310
248610 10 211360
248634 2 38855
249039 5 1539
249740 7 228328
249902 4 35189
250059 100 37994
250438 35 7362
250722 7 20017
251067 1 10123
251420 31 20131
251485 3 29531
251582 1 1324
251600 1 4056
252442 3 8051
252474 11 81579
252554 2 13441
252921 37 52519
253018 92 331696
253063 8 33123
253067 3 104143
253164 4 3432
253259 5 26507
253311 4 35432
253462 12 48129
253557 8 37233
253593 36 171848
253795 8 27039
254103 2 1639
254108 21 174176
254607 1 9449
255068 1 24184
255289 5 51128
255634 2 29071
255777 16 64507
255830 1 84137
257217 3 1068
257305 2 37731
257306 2 19070
257345 15 89736
257584 3 8706
257625 6 23419
257812 14 103213
257865 5 35772
257951 2 21143
258361 2 26906
258559 18 52150
258564 1 3087
258646 1 9166
258844 4 16991
258846 13 18003
259115 3 25791
259311 1 494
259596 1 18030
263002 1 279
264226 10 2119
265508 1 17463
266336 1 454
267389 1 611
268095 1 294
268098 2 303
268307 34 17203
269594 1 332
269930 2 227
269998 2 5056
271850 6 20008
272126 12 7361
272322 5 353
272658 1 588
273512 2 308
274942 2 316
277206 1 548
278242 2 384
278243 2 512
278244 2 254
278245 3 349
278246 3 469
279676 1 227
279751 9 2790
281087 1 369
281855 1 554
283990 3 690
284824 3 597
284825 2 442
286565 1 13034
287296 2 462
287941 3 505
288691 2 368
288707 1 270
288876 1 547
288878 1 520
289038 1 336
289040 2 403
289241 4 415
289587 55 12899
289945 1 336
290042 2 6266
290103 3 192
290334 1 536
290904 1 549
291133 1 524
291319 1 536
291320 1 516
291334 2 721
291372 2 506
291373 1 522
292442 1 634
292938 2 2041
293760 1 317
293873 4 9225
294576 2 353
295532 430 10294
295778 3 547
296383 1 261
297828 4 1007
297829 1 2505
297920 1 617
298277 1 588
299891 3 349
300378 1 564
300897 4 1017
301289 1 268
301292 1 384
301443 1 287
302254 1 366
302969 1 620
303171 1 407
303374 1 712
303952 3 244
303973 1 207
304147 2 6265
305128 1 244
305172 1 509
305805 2 652
306381 8 627
306527 2 269
306783 2 11472
306927 1 2387
308834 4 374
309175 2 188
310855 1 400
310856 1 506
311355 2 64459
313369 1 517
313464 4 186
314352 2 468
314354 1 447
316207 5 1323
318235 4 174
328099 1 194
333152 1 92
335053 1 277
337382 1 618
341244 2 218
345136 2 90
347275 4 566
349562 3 787
350543 1 211
351833 2 333
355623 1 343
358794 1 170
360900 1 153
361702 2 85
364440 1 108
364617 1 570
369151 1 167
370937 4 40
371661 1 946
379180 1 223
379783 1 462
382864 1 89
383766 1 428
384819 3 375
384858 11 769
384859 16 758
387702 1 364
391461 1 101
392971 1 86
394233 1 501
395426 1 197
395568 4 113
396267 1 400
396308 1 266
397276 4 908
397282 1 215
397462 2 539
397476 1 606
397498 1 324
397499 2 189
397565 2 344
397714 2 266
397870 1 330
398164 1 266
398213 1 668
398343 1 545
399291 1 332
400235 2 553
401979 1 218
402323 1 473
405927 1 188
410708 1 199
413446 4 38
418347 4 43
419128 1 197
420255 1 201
420707 1 232
420709 4 669
420715 2 233
423806 4 34
426795 2 594
428735 1 152
429955 1 152
433729 1 68
438273 2 215
438528 3 618
438539 1 72
439040 2 504
440513 2 406
441104 9 492
442454 2 95
446599 4 177
450179 1 718
451230 1 103
452007 1 312
452629 1 293
453789 1 573
453818 7 146
453898 7 57
454663 1 148
454913 1 128
455629 1 101
456877 1 210
457348 14 583
458528 1 82
465420 1 82
465523 10 1218
468963 2 152
469932 1 136
471484 1 395
472883 1 416
478078 2 124
482545 1 135
482999 1 1194
484535 3 528
484608 1 321
485706 2 182
491315 1 386
492187 2 530
492848 1 191
493665 2 87
494659 3 548
494927 1 237
495981 1 568
496249 4 41
496416 2 261
497174 4 285
504932 1 133
506963 6 236
509693 2 398
510019 3 570
511882 5 517
512446 1 323
512888 1 746
513306 3 403
514965 1 85
516029 1 251
517374 4 67
519748 2 423
520575 8 483
522753 1 251
523315 2 1038
523676 1 153
361 1 136
2156 1 514
2163 1 244
5240 2 312
7351 1 384
8087 1 378
8593 1 183
8865 1 407
10523 1 269
10620 1 323
12245 1 427
19159 3 195
19654 3 257
22782 1 154
24133 3 239
24143 1 186
24164 1 522
24233 1 382
24239 1 401
25126 2 335
25647 2 319
26372 1 307
26806 1 180
27765 1 365
31661 1 413
31676 2 262
31970 4 466
33288 2 194
33823 1 205
34603 1 781
35095 1 351
36916 1 328
39397 1 238
40840 3 632
40979 3 528
48554 1 112
48815 3 120
48968 1 417
49982 1 477
50084 1 112
50675 1 301
52272 1 324
54723 1 345
55826 5 421
59822 1 300
62193 2 234
65454 1 624
65640 1 430
65708 1 286
76622 2 352
78257 2 364
79108 1 449
80665 62 11731
81169 1 336
81835 101 19476
82226 1 59
82648 6 18160
82649 1 36
82650 33 2690
85031 1 401
85368 3 74892
85481 2 70500
85569 1 340
85645 78 153229
85738 15 9886
85773 2 82661
85778 3 2818
85989 74 19219
86367 5 33749
86685 1 2685
86753 5 173871
87755 1 728
87811 2 30658
90312 1 21037
90952 3 826
91828 37 17995
91929 18 810
93020 1 1664
93387 1 543
93606 3 231
93652 11 12607
94100 16 1096
94167 1 21131
94605 70 2073
94863 4 18144
94926 3 1104
95020 1 25937
95113 4 974
95366 1 46
95644 52 18339
96037 1 46291
96045 7 23429
96136 1 20896
96886 2 518
97027 11 10038
97227 11 1069
97623 21 1526
98046 3 18768
98293 1 1443
98294 1 23774
98297 1 7737
100426 1 116
102299 1 202
103079 1 1145
103184 1 161
104198 1 949
104808 1 269
105475 3 798
105638 1 513
108389 1 738
108880 1 150
109222 1 231
109531 1 154
109616 1 565
111193 1 424
111358 1 724
111397 1 45
111985 1 174
112807 4 400
113027 1 680
113384 1 76
113883 1 153
114460 1 884
114919 2 298
114925 1 60
115231 1 57
116237 1 389
116319 11 868
116921 1 143
117145 1 984
117696 1 632
117910 1 137
118251 1 100
119258 1 94
119698 3 5402
119796 1 157
120173 1 159
120483 2 121
121203 2 396
121432 1 1870
121663 1 78
122535 1 620
122599 2 149
122757 1 318
123226 3 661
124135 1 151
124401 2 1190
124580 1 567
124985 3 582
125862 2 531
126169 1 786
126217 1 223
127554 1 327
127784 1 151
128228 1 413
128446 1 310
129084 1 222
130302 1 791
131381 1 231
132163 2 533
132183 1 115
132887 1 373
133373 1 251
134439 1 1080
134563 1 105
134953 1 604
136698 1 643
136882 1 599
137303 1 262
138056 1 585
138935 1 226
138970 1 161
139105 1 767
139454 1 716
140443 1 376
141341 1 516
141409 1 1237
142066 2 445
142684 1 105
143403 1 176
143555 1 337
144477 1 105
144504 1 592
145855 1 364
148787 9 594
149109 2 494
149135 1 167
149298 1 963
151374 2 506
151516 1 730
151803 2 246
152279 4 793
152630 2 675
152697 1 143
153051 4 296
154125 1 410
154876 2 528
156033 1 163
156066 1 625
157465 8 1443
158078 5 517
158127 1 160
158218 3 304
158677 1 912
159640 5 543
159704 1 399
161424 1 81
162343 1 795
163432 1 285
163590 1 465
164402 1 933
165227 2 230
165926 2 1835
166171 3 871
166331 1 97
167645 1 223
167763 1 321
169262 1 736
169366 1 348
170295 1 1607
171207 1 202
172418 2 607
173614 1 927
173978 4 1231
174058 2 333
178148 1 129
180188 2 123
185598 2 103
186026 2 109
187191 1 391
191402 2 169
191496 2 125
193297 7 321
194664 1 121
194736 3 91
194820 2 559
195216 2 3571
200235 1 128
204454 4 493
208410 1 123
209744 1 100
210720 4 440
210741 2 284
216676 2 109
217507 3 131
219241 6 127
219606 3 122
220394 1 122
222797 1 101
222906 1 478
225103 1 113
227239 4 138
227705 2 123
229436 2 140
230123 1 113
231678 5 698
232366 1 268
232415 2 279
233060 1 257
233072 1 781
237890 1 339
240345 1 1006
240431 1 421
242414 1 288
242889 1 4454
243021 2 14242
243248 3 97794
243636 1 73383
243828 5 9735
244515 1 137580
244563 11 10148
244865 2 14342
245386 2 703
245458 2 5144
246068 1 19691
246220 1 47306
246467 2 307
246695 1 65027
247209 19 48787
247469 16 160821
247947 4 13645
247974 26 15560
248262 1 21240
249039 3 1539
249740 1 228328
250438 11 7362
250722 5 20017
250985 6 10837
251067 4 10123
251068 4 1095
251600 1 4056
252474 4 81579
252554 10 13441
252921 28 52519
253018 5 331696
253067 3 104143
253593 14 171848
254103 1 1639
254108 15 174176
254607 1 9449
255289 1 51128
255634 1 29071
255777 1 64507
257345 1 89736
257584 4 8706
257625 1 23419
257812 6 103213
257951 1 21143
258559 1 52150
259115 2 25791
259311 1 494
259596 44 18030
261531 17 414
261532 6 431
261782 60 17392
263278 53 16130
263305 8 237
264262 11 480
264266 11 453
264273 11 403
264281 6 142
264282 8 420
264287 11 480
265508 33 17463
266835 4 367
267265 5 223
267289 56 17754
267389 1 611
268307 2 17203
271531 3 331
273053 87 17501
273690 7 449
273691 9 285
274253 8 433
274894 8 350
277206 1 548
277399 11 290
279663 10 427
279664 10 537
281485 11 402
281486 7 286
281855 1 554
282549 11 443
282913 3 180
284797 41 15042
286256 4 553
286565 49 13034
287117 11 388
287120 10 324
287359 5 309
287360 9 331
288878 1 520
289548 11 472
290103 1 192
290334 1 536
290770 72 21435
290904 1 549
291133 1 524
291319 1 536
291320 2 516
291334 3 721
291372 3 506
291373 1 522
291374 1 505
291635 4 470
291636 12 481
291805 1 468
291840 3 106
291866 1 487
292442 5 634
292678 9 755
293387 81 19523
293873 14 9225
294536 9 523
294548 3 103
295639 41 20156
296367 8 631
297984 7 437
300205 8 341
300738 16 712
300743 11 586
300749 17 566
300773 14 352
301443 1 287
302781 41 18238
303140 10 674
303374 3 712
305013 37 15512
305088 12 11759
305128 1 244
305805 5 652
306783 1 11472
306919 12 4466
311819 99 15365
313668 45 19068
314164 1 387
314352 2 468
314354 9 447
314865 2 72
316207 1 1323
321749 1 184
323559 1 251
335322 4 167
336407 7 170
337017 2 113
337382 1 618
339297 3 424
341244 2 218
343378 1 445
345136 1 90
347526 1 42
350543 1 211
351833 3 333
355623 1 343
357134 3 171
358794 1 170
360317 1 32
361702 1 85
364617 1 570
370121 2 491
371661 1 946
380902 2 124
382864 1 89
384819 1 375
385345 3 582
385780 3 136
387702 1 364
389781 1 431
392456 2 89
392534 1 49
394233 1 501
395267 2 126
395426 1 197
395568 1 113
396267 2 400
397276 2 908
397499 1 189
397500 2 416
397714 1 266
398164 1 266
398213 1 668
401850 1 38
401979 1 218
402294 2 56
402323 2 473
404644 1 54
411110 2 363
424465 1 57
427766 1 307
428735 2 152
429955 1 152
435040 1 234
440513 2 406
441104 2 492
446599 1 177
447643 1 289
451230 1 103
452007 1 312
471484 1 395
476012 1 48
478078 1 124
481610 2 98
482999 1 1194
484608 1 321
485278 2 74
489716 1 420
491315 1 386
492848 1 191
494927 1 237
495981 1 568
497174 1 285
504932 4 133
505916 2 94
509693 1 398
512446 1 323
512888 1 746
513306 1 403
516029 1 251
516079 1 355
519748 2 423
520019 7 497
522753 1 251
523315 9 1038
