2904 5 387
3037 5 331
4252 2 243
4676 2 168
5959 3 312
6235 1 332
7912 3 333
9330 1 481
10654 3 286
10901 7 200
12139 9 212
12726 1 179
12809 1 366
16665 1 146
16770 2 350
16773 1 550
20503 1 619
20663 1 243
21538 6 563
22194 6 552
22230 3 126
23244 2 326
23293 4 417
26120 1 409
27155 2 157
28280 2 476
29897 2 361
29970 5 353
30153 3 112
30168 3 108
30985 3 332
31791 1 149
31993 1 330
32348 4 243
32369 1 430
33565 1 483
36847 1 41
39168 5 187
39751 3 453
39816 1 443
41326 1 254
42449 1 385
45958 2 321
46391 6 363
48031 1 458
48041 1 531
49156 3 343
50219 1 656
50743 1 115
50749 6 322
50754 1 186
52094 1 97
52581 1 314
53269 1 227
53882 1 282
60222 1 155
60226 1 345
60346 1 142
61639 1 94
62084 1 248
63674 1 300
64504 1 163
65243 2 116
65905 2 454
66362 3 188
68981 2 361
69687 4 341
69776 17 289
69824 9 394
70080 1 330
70243 2 311
70361 2 549
70380 1 232
70633 1 402
70779 1 233
71229 8 267
71324 1 290
72528 1 98
73951 3 137
74693 1 259
77697 3 181
80067 5 1436
80170 1 1096
80709 1 4617
81116 4 1184
81623 1 5535
81972 3 473
82375 1 1239
82779 15 903
83090 5 442
83799 1 656
83931 6 2515
84370 36 924
84393 1 3247
84601 9 27345
84608 5 1259
84644 3 2467
85368 1 74892
85645 3 153229
85773 1 82661
86017 3 1566
86753 150 173871
86784 23 20385
88652 3 1179
89412 4 2519
89432 38 38895
89533 17 803
89797 6 4698
89812 3 13490
90783 29 22898
90795 3 27076
90889 2 1312
91250 7 3801
91307 6 36764
91397 13 7407
91517 39 1311
92153 9 7141
92156 2 1656
92294 9 7141
92297 2 1656
92738 20 629
93020 2 1664
93267 1 2619
94284 11 72168
94448 1 11510
95656 13 10014
95833 7 2722
95849 72 22368
96037 1 46291
96049 29 78606
96063 1 37082
96136 13 20896
96748 4 473
97059 9 9334
97070 15 3458
97132 3 482
97725 10 10756
97892 10 8332
99174 16 14166
99422 40 1477
99853 1 307
100216 1 560
100568 2 444
100920 13 296
101017 1 449
101217 9 523
101250 5 550
101677 1 873
102480 1 517
103019 4 563
103838 4 528
104053 2 204
104169 2 60
104672 1 727
104730 2 1202
104763 2 1044
104770 2 596
105061 12 1548
105269 1 4204
105724 6 861
106102 1 109
106376 5 350
106424 1 826
106713 2 100
106763 2 537
107679 11 452
107809 2 520
107989 1 582
108207 3 623
108367 3 633
109110 1 57
109447 3 359
109453 1 751
109820 2 81
110358 4 551
110661 1 233
110845 5 458
110857 1 606
111080 2 1020
111552 24 845
111776 3 559
112016 1 75
112291 2 714
113507 1 217
113679 2 805
113733 1 414
114971 2 315
115052 1 1500
115102 1 542
115212 6 383
116626 2 1461
117189 6 128
117633 9 801
117737 1 131
117974 6 558
118130 1 41
118373 3 191
119678 1 512
120017 1 328
120036 3 110
120291 2 686
120382 3 887
120577 1 896
120588 1 788
121023 3 280
121030 7 1072
121476 1 648
122113 1 68
122956 1 673
123252 2 131
124202 7 727
125214 1 174
125926 15 888
126474 1 262
126870 1 787
126930 1 180
127350 1 285
127548 1 477
127572 1 268
127782 1 740
127808 1 171
127860 7 474
128125 4 713
128639 1 676
128640 1 1051
129130 1 692
129594 3 458
129616 1 518
129739 8 237
129863 2 391
130311 3 834
130786 2 1851
130820 1 182
130837 5 729
130914 1 91
130926 1 492
131141 2 568
131787 2 343
131907 31 816
131940 3 301
131992 1 335
132031 1 499
133408 2 452
133623 8 591
134188 2 628
134416 3 775
134672 1 455
134725 5 514
134784 1 49
135433 2 350
135610 3 955
136110 1 37
136293 1 216
136383 1 253
137040 2 322
137491 1 558
137774 1 508
137825 1 115
137913 1 508
138192 2 243
138216 3 228
138290 1 746
138332 1 124
138615 3 814
139115 1 759
139158 1 1582
139522 2 351
139592 1 49
139677 1 936
139678 1 860
139817 2 255
140174 1 573
140500 8 492
141344 3 189
141353 1 93
141525 1 156
141616 3 156
142310 1 626
142384 1 724
142664 1 191
142724 7 354
142842 11 176
142858 2 447
143136 4 240
143742 1 573
144133 1 498
144432 1 99
144487 2 753
144699 2 566
144793 1 408
145169 13 373
145186 4 703
145326 2 338
145586 3 1209
145630 1 776
145856 2 1065
145923 6 1001
146174 3 735
147127 6 605
147347 1 810
147661 1 588
147669 1 882
147708 1 191
147729 9 1179
147746 1 423
147844 1 471
148496 1 659
148830 1 714
148895 1 1577
149642 5 653
149670 1 686
149758 1 294
150364 1 874
150941 7 821
151423 1 156
151639 1 1268
151815 3 754
152267 1 929
152725 1 600
153390 3 966
153558 3 246
154493 2 197
154695 1 42
155144 1 1434
155210 1 123
155517 13 572
155865 2 927
156081 1 863
157205 4 487
157691 1 158
158843 1 165
158856 1 604
158903 1 551
159061 1 84
159193 2 1603
159473 4 452
159491 8 955
159635 6 659
159897 2 386
160288 1 129
160322 3 1048
160572 2 707
160915 1 44
161074 1 71
161337 2 1088
161929 1 74
162151 2 353
162406 1 129
162690 12 766
163040 1 866
163043 1 173
163290 2 1354
163492 1 194
163506 6 617
163740 1 705
163878 1 120
164126 3 239
164272 5 234
164357 1 2679
164409 4 508
164418 4 321
164478 2 465
164687 1 487
164728 1 825
164824 1 705
164923 1 620
165461 1 677
165834 1 643
166893 1 1060
167292 1 154
167601 1 730
168585 11 1034
168603 18 823
168814 1 185
169029 11 1045
169127 1 709
169694 1 571
170303 2 553
170566 12 909
171277 2 95
171406 2 361
171876 1 524
172021 1 1026
172227 1 791
172424 4 230
172528 6 694
172839 2 798
173162 7 513
173356 1 1682
173560 12 1473
174150 6 465
174215 1 51
184408 27 1742
184493 2 577
184714 1 241
188057 1 136
195138 18 2480
197053 1 105
198819 1 99
201366 2 847
201390 14 3022
202468 1 528
205519 68 5547
211045 1 768
211135 3 554
216564 17 1100
226370 1 229
226372 8 670
236853 2 256
238951 1 366
242454 1 1919
242953 2 9072
245528 1 7626
245819 2 347
247550 20 255154
248634 1 38855
248788 1 56946
249229 1 98
249740 28 228328
250615 5 32287
253018 42 331696
253162 2 909
253661 3 22094
254871 2 36421
256930 1 132
257049 19 26471
258338 4 2125
258355 1 12953
258574 1 320
258618 1 104
259172 24 12233
259173 1 9957
259174 6 19382
259289 3 3578
260546 1 308
260721 15 355
260787 239 55438
261314 2 253
262241 3 246
262243 6 355
262704 9 273
263445 28 1034
263837 4 4744
265221 2 302
265354 1 375
267435 1 442
268039 1 324
268040 3 376
268041 1 195
268042 10 493
268680 6 361
268924 9 418
268951 8 323
268956 8 361
269508 28 3061
271458 1 499
271752 7 1305
271839 3 493
271870 15 350
271900 4 363
272735 13 3653
273123 10 1636
273124 8 1414
273210 23 2071
273259 5 276
276368 6 319
276540 7 467
276591 3 480
278973 7 179
279273 1 332
279396 3 1690
279418 2 348
279476 6 431
279500 3 648
279502 2 494
279511 2 570
279512 1 555
279513 1 592
279514 2 583
279517 1 507
279518 1 425
279527 2 543
279528 1 529
279529 1 280
279530 1 589
279531 1 583
279533 1 569
279534 1 518
279997 3 74
280306 2 403
280418 1 330
280755 33 32241
280905 11 326
280906 3 296
280907 7 200
280908 19 293
280909 4 171
280910 16 278
280911 17 297
280913 27 553
280914 21 451
280915 9 274
280916 4 373
280917 11 297
280918 21 320
280919 14 192
280920 18 352
280921 2 224
280922 2 393
280923 18 383
280924 13 255
280925 20 316
280926 14 428
280927 2 183
280928 3 318
280929 23 360
280930 8 228
280931 21 345
280932 8 303
280933 21 393
280934 20 474
281732 2 434
282351 1 562
282684 13 596
282697 8 372
282700 10 538
282702 21 532
283448 4 489
284674 5 1882
285063 2 421
286251 3 651
286485 18 4421
287216 1 377
287471 5 1262
287494 3 422
288149 10 487
289412 4 348
289446 6 338
289532 1 435
289773 8 1215
289865 7 565
289866 1 468
289867 12 348
289868 9 278
289869 5 147
290570 13 1867
291028 3 303
291473 1 258
291475 7 401
291476 9 390
291477 3 151
291487 1 166
291489 5 318
291490 20 437
291683 4 479
291849 1 293
292926 1 295
292927 3 348
292928 3 346
292929 9 678
293763 3 322
295489 18 1893
298361 2 389
298362 7 381
301458 2 409
303481 2 375
304905 16 1478
305895 7 1559
305897 6 1437
307450 2 317
309171 11 466
309772 6 1547
309823 65 32839
311238 4 483
311270 6 471
311355 78 64459
313023 3 191
313359 7 182
316594 1 261
328208 1 359
331169 3 307
339889 1 626
342957 1 475
344253 2 159
348404 2 125
348415 1 484
349300 1 350
351119 1 1171
351581 6 371
353432 1 235
363375 2 336
369904 5 63
376706 1 575
384378 1 208
407146 1 141
418121 4 590
437070 1 454
440415 5 416
442460 1 352
442514 3 184
443443 9 748
444596 1 688
455066 4 265
461463 1 628
468091 1 229
468183 1 945
470034 1 606
471571 1 235
481342 1 499
483123 3 488
487576 1 391
488701 1 234
490692 1 121
500237 1 760
500412 1 261
503759 6 297
506241 3 374
517296 1 774
519769 1 115
522835 1 525
524188 2 775
524629 2 761
475 1 365
2904 2 387
3037 2 331
7912 1 333
7940 1 197
8063 1 521
9330 2 481
11547 1 302
12087 1 263
12139 1 212
13403 1 442
19433 3 311
20503 1 619
20611 2 390
20663 1 243
21538 3 563
22194 3 552
23244 1 326
23293 2 417
23384 1 642
28280 1 476
30450 2 239
32348 1 243
33565 1 483
35229 1 287
35330 1 237
36253 1 370
38725 1 267
42449 1 385
44752 3 61
45588 1 423
46391 1 363
49787 1 339
50219 1 656
50749 1 322
50754 1 186
52581 1 314
54602 2 433
55785 1 180
58800 1 397
61362 5 314
63674 1 300
65243 2 116
65872 1 672
68981 1 361
69283 5 419
69776 2 289
70080 1 330
70361 1 549
70633 1 402
73071 3 530
73202 3 529
74693 1 259
80067 3 1436
80170 2 1096
80665 36 11731
80709 6 4617
81116 2 1184
81439 45 7953
81623 2 5535
81749 1 1577
81972 5 473
82375 8 1239
82779 5 903
83090 5 442
83799 5 656
83931 4 2515
84393 15 3247
84601 51 27345
84608 2 1259
84644 4 2467
85024 4 1177
85368 41 74892
85645 319 153229
85689 79 14739
85773 97 82661
86017 2 1566
86367 50 33749
86753 432 173871
86784 79 20385
87615 1 249
88652 2 1179
89412 30 2519
89432 363 38895
89533 2 803
89560 6 1918
89797 8 4698
89812 8 13490
90783 525 22898
90795 26 27076
90889 1 1312
91250 10 3801
91262 3 2859
91307 262 36764
91397 14 7407
91517 2 1311
92153 14 7141
92156 4 1656
92294 14 7141
92297 4 1656
93020 19 1664
94284 165 72168
94448 114 11510
95656 17 10014
95833 6 2722
95849 64 22368
96037 31 46291
96049 124 78606
96063 77 37082
96136 53 20896
96748 6 473
97059 11 9334
97132 6 482
97725 11 10756
97892 40 8332
99174 40 14166
99422 2 1477
99832 1 296
99853 4 307
100066 1 1014
100216 4 560
100374 8 209
100404 5 1368
100812 2 660
101017 8 449
101039 1 448
101162 1 995
101217 1 523
101353 1 75
101660 2 50
101677 2 873
101956 3 59
102219 2 45
103833 6 192
103838 1 528
103839 2 560
104657 1 497
104706 3 830
104770 1 596
104831 2 928
104877 1 484
104920 2 1519
105061 2 1548
105269 1 4204
105724 2 861
105751 2 134
105919 1 513
106147 1 140
106550 2 96
106962 1 122
107120 3 533
107232 1 68
107379 3 886
107514 1 386
107689 5 95
107989 1 582
108131 1 142
108387 1 1679
108496 1 397
108707 1 1661
108708 1 162
108822 1 1020
109023 2 640
109327 1 1056
109447 1 359
109453 1 751
109946 5 477
110058 2 372
110358 1 551
110404 1 153
110463 3 66
110494 2 540
110845 1 458
111005 1 1302
111148 2 1611
111553 1 420
111792 1 667
111911 5 1187
112157 1 84
112341 1 210
112668 4 199
113224 1 470
113507 1 217
113615 2 535
114040 4 1184
114740 8 375
115052 5 1500
115102 2 542
115427 1 223
115482 1 130
115647 1 501
115673 3 64
115723 1 352
115809 3 764
116232 2 944
116626 1 1461
116627 1 528
116970 1 155
117458 1 1087
117618 1 349
117987 8 222
118660 1 694
118668 2 875
118747 1 1174
118981 2 587
119305 12 526
119361 4 130
119417 1 794
119616 6 1551
119698 2 5402
119715 1 581
119747 1 1261
119808 1 802
120017 1 328
120291 1 686
120382 2 887
120588 1 788
121030 2 1072
121113 2 266
121393 8 146
121642 9 97
121708 3 134
121727 2 61
121982 1 1071
122315 3 71
122709 8 747
122956 1 673
123050 2 172
123228 1 458
123230 1 883
123503 1 244
123596 2 49
123915 1 750
123972 1 158
124202 1 727
124203 1 164
124343 3 425
124610 4 625
125100 10 304
125487 1 574
125582 1 135
125614 2 2113
125996 7 481
126066 1 1169
126169 31 786
126206 1 56
126355 14 438
126474 1 262
126930 2 180
126981 3 53
127175 2 653
127460 5 177
127550 1 689
127572 2 268
127860 1 474
128548 1 739
128639 1 676
129105 10 400
129434 2 3012
129739 2 237
130154 1 95
130311 2 834
130391 1 442
130396 2 293
130786 11 1851
130873 1 1159
130926 1 492
131141 1 568
131699 2 101
131787 2 343
131992 1 335
132031 2 499
132620 2 56
132869 2 445
133167 1 672
133232 4 321
133624 1 471
133793 2 267
133951 1 660
134117 1 1307
134188 1 628
134189 3 169
134416 1 775
135075 1 525
135433 2 350
135712 8 203
135724 2 63
135738 2 71
135831 8 219
136785 1 170
136881 3 81
136910 3 93
137040 1 322
137134 1 218
137264 2 307
137491 1 558
137636 2 1228
138016 7 3159
138370 2 75
138485 1 423
138645 3 47
139156 2 242
139158 3 1582
139522 1 351
139523 2 719
139678 3 860
139680 4 539
139821 9 297
139951 5 124
140500 1 492
140514 3 849
140632 7 195
140994 3 735
141256 2 109
141449 1 552
141528 4 72
141616 1 156
141873 6 477
142727 1 521
143403 1 176
143443 1 329
143848 1 491
143980 1 110
144496 1 700
144699 1 566
144793 1 408
145186 4 703
145329 3 549
145577 1 1405
145586 1 1209
145630 5 776
145856 1 1065
145985 4 194
146125 1 651
146174 2 735
146339 3 58
146841 3 858
146979 23 624
147183 3 617
147289 1 786
147347 2 810
147397 1 177
147654 2 741
147669 1 882
147708 1 191
147729 3 1179
147745 16 1905
147746 5 423
147821 1 630
147844 1 471
148498 1 509
148547 33 765
148548 5 683
148830 9 714
148895 5 1577
149288 1 377
149642 1 653
149670 1 686
149758 4 294
150016 2 1140
150067 2 833
150330 1 1000
150364 1 874
150392 3 1212
150506 1 513
150567 2 218
150715 1 159
150815 1 172
150816 1 229
151318 1 727
151423 1 156
151460 1 73
151537 2 151
151556 2 656
151615 3 59
151621 2 92
151658 1 322
151857 2 553
152091 2 327
152267 2 929
152324 2 341
152344 4 133
152954 10 377
153291 11 476
153390 2 966
153391 1 139
153550 1 531
153558 2 246
154036 3 4041
154201 2 94
154240 3 856
154299 2 87
154425 3 1890
154463 5 127
154753 3 1410
155002 1 921
155082 1 459
155144 1 1434
155210 1 123
155517 2 572
155865 1 927
155907 2 631
155937 1 801
156081 2 863
156186 1 554
156413 1 102
156435 2 491
156535 2 135
156717 3 222
157406 1 1086
157914 1 310
158208 1 459
158218 1 304
158230 3 955
158435 2 390
158630 3 510
158856 1 604
159581 1 882
159947 3 80
159971 2 337
160225 3 120
160572 1 707
160785 5 72
160909 4 200
161021 3 1875
161073 1 222
161324 1 340
161337 1 1088
161500 1 740
161673 1 128
161694 2 1357
162045 3 200
162455 4 466
163020 10 102
163040 1 866
163043 1 173
163290 1 1354
163442 4 725
163492 2 194
164176 9 239
164357 4 2679
164409 1 508
164670 1 125
164807 3 84
165263 1 823
165338 3 331
165425 5 551
165461 1 677
165674 2 360
165700 3 292
165713 1 503
165941 1 126
166104 2 950
166265 2 858
166273 3 390
166458 1 419
166893 1 1060
167277 7 127
167566 1 573
167601 1 730
168404 1 535
168428 3 189
168603 1 823
169127 1 709
169992 4 506
170814 3 251
171283 1 564
171656 7 1195
171757 5 439
171775 1 715
172021 2 1026
172227 1 791
172678 3 1423
172735 3 351
172818 1 318
172828 1 83
172839 1 798
173356 1 1682
173561 1 299
174183 4 739
174699 4 102
176118 5 562
176826 4 516
177198 7 397
178556 1 149
179019 1 292
179943 9 130
182188 4 80
182922 2 498
183172 1 64
183583 1 288
184084 1 104
184408 6 1742
184493 2 577
184520 5 2303
188057 1 136
188538 1 225
193138 1 153
193660 1 63
195138 21 2480
198573 2 723
198858 1 67
201217 4 725
201275 1 136
201366 1 847
201390 4 3022
202468 2 528
202829 3 102
203916 1 141
204682 1 535
205519 68 5547
206340 5 714
206506 1 126
207355 1 282
210291 2 82
211045 5 768
211135 1 554
211413 7 118
211422 11 100
211706 2 113
212398 1 858
212872 1 134
213271 7 1010
216564 11 1100
216654 2 98
216769 3 446
216808 9 2386
217558 1 122
218154 1 501
220435 1 123
224052 1 812
225694 3 105
225769 1 641
227157 1 161
228176 2 327
228475 1 246
230699 6 91
230821 8 143
230949 1 443
231781 2 742
233007 1 679
234689 2 1717
236332 2 1408
242050 1 779
242454 1 1919
242559 1 522
242659 11 11956
242953 6 9072
243750 3 1277
244515 115 137580
245528 6 7626
247550 210 255154
248634 39 38855
248788 38 56946
249740 307 228328
250615 24 32287
251564 2 5212
253018 230 331696
253162 2 909
253311 27 35432
253661 43 22094
253871 2 621
254871 34 36421
255551 46 1432
257049 27 26471
258338 1 2125
258355 4 12953
259115 43 25791
259173 1 9957
259174 12 19382
259279 10 438
260787 22 55438
261314 16 253
262650 9 284
262725 4 388
262730 1 311
263445 1 1034
263837 9 4744
265221 12 302
265261 25 634
265354 4 375
265375 1 406
266276 1 199
267427 5 460
267428 9 297
267435 14 442
268039 6 324
268040 1 376
268041 1 195
268042 1 493
268055 6 267
268150 2 362
268680 1 361
268951 14 323
268956 7 361
269508 2 3061
270878 2 3608
271458 2 499
271752 2 1305
271839 4 493
271900 1 363
272231 1 778
272576 8 378
272735 1 3653
273053 41 17501
273124 18 1414
273210 1 2071
276153 4 639
276368 10 319
276540 10 467
276591 10 480
276994 1 289
276996 1 291
277004 1 319
278973 1 179
279264 1 469
279269 1 311
279274 1 448
279396 3 1690
279450 50 3727
279501 1 596
279842 3 632
280306 8 403
280527 1 261
280755 44 32241
280907 1 200
280917 1 297
280921 1 224
280923 1 383
280926 1 428
280929 1 360
280932 1 303
280933 1 393
281732 11 434
282369 6 458
282394 1 422
282702 3 532
283448 6 489
283452 4 236
284674 5 1882
285063 1 421
286251 1 651
286485 16 4421
287216 1 377
287383 9 342
287471 1 1262
287494 10 422
288149 10 487
289412 1 348
289532 8 435
289773 2 1215
289865 1 565
289866 1 468
290570 2 1867
291341 1 531
291353 3 591
291364 2 561
291474 1 318
291475 1 401
291489 1 318
291683 5 479
291849 2 293
292927 1 348
292928 3 346
292929 3 678
293763 10 322
295489 7 1893
296357 9 382
296919 1 259
301463 2 421
301485 2 370
303089 1 366
303481 9 375
304905 4 1478
305771 1 452
305895 2 1559
305897 2 1437
306223 1 392
307450 12 317
309772 2 1547
309823 32 32839
311233 7 450
311234 4 416
311270 11 471
311355 69 64459
313009 1 169
313023 1 191
313359 1 182
313707 2 712
314512 20 52248
318640 1 33
321858 4 100
331169 1 307
332493 4 68
339889 1 626
342957 3 475
349300 3 350
351119 2 1171
351581 1 371
358041 1 35
358817 1 31
359038 1 32
362390 1 205
363375 1 336
373354 1 50
375409 1 1260
376706 1 575
377739 2 787
383745 3 81
386499 1 52
387253 1 614
389421 1 45
391948 1 118
409918 2 195
430815 1 122
432982 6 720
437070 1 454
443443 1 748
446658 2 44
447614 1 96
448708 1 691
460697 1 694
461463 2 628
462067 10 267
472309 1 767
477917 6 56
481342 1 499
483123 3 488
483584 2 325
486603 2 947
487576 1 391
488704 1 106
500412 2 261
501521 13 180
502765 2 151
506015 1 647
509178 4 37
516570 2 67
517296 5 774
522835 5 525
524188 2 775
524629 2 761
738 1 526
2343 2 145
3037 1 331
3793 7 254
4252 2 243
5959 1 312
7199 9 402
7912 11 333
8558 4 310
9330 1 481
11547 13 302
12116 2 280
12726 1 179
12809 1 366
13228 2 164
13352 2 297
13403 4 442
15995 4 291
16546 3 564
16770 1 350
16773 3 550
19074 2 281
19433 1 311
19690 4 284
19728 3 226
20611 2 390
21538 1 563
21656 4 387
22194 1 552
22882 3 241
22967 4 418
23185 4 371
23244 1 326
23293 4 417
23384 1 642
23591 1 114
25412 2 406
26120 1 409
27155 2 157
28280 1 476
28950 1 254
29182 1 413
29731 1 55
29897 3 361
29970 5 353
30450 3 239
30985 8 332
31791 2 149
31993 2 330
32348 1 243
33565 2 483
34073 4 177
34369 3 158
35229 1 287
35330 1 237
38725 7 267
39168 1 187
39751 4 453
39816 2 443
41609 5 348
42779 5 474
42912 7 527
43422 3 350
43633 5 136
44813 1 252
45588 3 423
46391 3 363
48031 2 458
48041 2 531
49031 5 145
49156 2 343
49213 4 164
49787 1 339
50742 2 140
50749 3 322
51881 1 220
51944 15 294
52581 5 314
53269 3 227
53882 3 282
54053 1 144
55785 1 180
57174 1 196
58800 4 397
60226 2 345
62562 2 209
62738 2 217
62837 5 194
63123 6 259
64504 6 163
65548 1 216
65905 5 454
65907 1 625
66362 5 188
68981 1 361
69283 5 419
69687 6 341
69776 2 289
69824 20 394
70080 2 330
70243 1 311
70321 2 200
70361 1 549
70380 2 232
70633 3 402
70779 2 233
71324 2 290
72528 1 98
72955 2 133
74873 2 265
75946 4 357
77170 2 136
77624 9 396
77697 3 181
78879 1 468
80170 2 1096
81116 1 1184
81439 2 7953
83326 2 189
83931 1 2515
84601 3 27345
84608 1 1259
84644 2 2467
85368 1 74892
85645 2 153229
85657 1 574
85773 6 82661
86017 4 1566
86367 38 33749
86753 35 173871
89412 4 2519
89797 1 4698
89812 3 13490
90889 1 1312
91250 3 3801
91307 5 36764
91397 3 7407
92153 6 7141
92156 2 1656
92294 6 7141
92297 2 1656
93267 8 2619
94208 3 279
95656 7 10014
95833 1 2722
97059 37 9334
97070 4 3458
97725 3 10756
99174 1 14166
99263 2 295
99832 5 296
99834 1 452
100050 2 218
100609 2 470
100812 1 660
101043 1 494
101250 6 550
101350 1 368
101367 1 1091
102227 11 738
102480 2 517
102563 1 510
104340 14 438
104350 1 46
104657 4 497
104667 1 832
104671 1 148
104705 12 1201
104763 5 1044
104831 2 928
104842 1 250
105061 4 1548
105615 1 375
105724 5 861
105919 1 513
106376 1 350
106424 3 826
106763 1 537
107514 6 386
107679 3 452
107809 1 520
107989 2 582
108025 2 284
108387 1 1679
108685 2 253
108707 1 1661
109022 5 722
109453 1 751
109964 1 659
110239 1 784
110561 1 546
111016 1 529
111080 2 1020
111421 3 529
112099 1 127
112427 1 473
113198 3 445
113507 5 217
114740 1 375
114765 1 686
115512 9 616
115723 1 352
116626 1 1461
116637 2 397
117458 1 1087
117633 1 801
117949 3 817
118442 16 780
118659 1 58
118981 1 587
119222 2 291
119715 3 581
119808 1 802
120211 5 362
120382 1 887
120645 4 796
120676 3 464
121030 27 1072
122466 2 432
122709 1 747
123568 1 228
123914 2 579
123972 2 158
124183 1 121
124249 4 430
124743 1 187
125322 1 82
125614 1 2113
126066 1 1169
126688 1 653
126870 2 787
126930 1 180
127063 1 148
127175 1 653
127193 2 969
127233 1 1047
127860 7 474
128041 1 56
128172 1 556
128548 4 739
128639 2 676
128991 1 145
129758 1 535
130312 6 537
130820 1 182
130873 1 1159
131769 4 516
131787 1 343
131907 1 816
131992 1 335
132349 1 213
132353 2 759
132791 3 265
132869 11 445
132928 1 729
133167 1 672
133408 1 452
133448 1 529
134126 1 92
134188 2 628
134339 1 462
134398 1 142
134556 1 909
135803 1 672
136383 12 253
136627 3 178
137491 1 558
139115 2 759
139522 4 351
139677 10 936
139680 5 539
139817 1 255
140077 1 190
140172 1 1055
140174 1 573
140436 8 183
140500 4 492
140514 1 849
140661 1 356
141792 1 201
142384 2 724
142470 4 374
142548 1 597
142589 1 203
142664 2 191
142842 1 176
143443 7 329
143742 1 573
143848 1 491
143980 1 110
144224 2 156
144496 1 700
144617 5 301
145169 1 373
145458 1 213
145746 2 147
145862 4 406
145923 2 1001
146163 5 494
146841 2 858
146861 2 562
147057 1 773
147183 5 617
147289 1 786
147347 1 810
147397 1 177
147669 1 882
147708 6 191
147729 2 1179
147799 4 545
147821 1 630
147872 1 174
147950 1 347
148496 3 659
149288 1 377
149636 21 522
149753 1 136
150072 1 103
150330 2 1000
150364 1 874
150493 3 1235
150651 1 345
150815 4 172
150922 1 133
151235 2 1044
151272 3 444
151658 5 322
152091 4 327
152267 1 929
152324 7 341
152520 1 137
153092 2 373
153358 1 185
153509 2 1301
153558 5 246
153773 1 378
153910 2 179
154240 1 856
154667 6 179
154705 1 285
155150 1 138
155236 2 551
155242 1 690
155517 20 572
156061 1 529
156081 1 863
156186 3 554
156355 2 753
157986 1 182
158117 3 1618
158208 1 459
158630 2 510
159019 4 777
159193 2 1603
159385 1 545
159581 21 882
159739 1 154
159971 1 337
160322 2 1048
160350 3 448
160572 1 707
161324 5 340
161672 4 166
161693 2 890
161969 3 164
162013 4 443
162280 1 361
162853 1 449
163740 1 705
163878 1 120
164409 1 508
165477 1 520
165567 2 543
165574 4 490
165583 2 437
165674 8 360
166104 3 950
166189 3 284
166273 1 390
166372 1 146
166458 1 419
166611 5 311
166670 3 435
167031 1 259
168394 1 861
168603 1 823
169694 1 571
169784 1 662
170266 5 369
170366 1 617
170753 1 887
172970 1 138
174037 6 582
174183 1 739
191091 3 132
201390 2 3022
213630 4 363
226370 1 229
226372 17 670
230821 1 143
232009 7 245
233007 1 679
234689 20 1717
236332 15 1408
236594 7 3544
236853 7 256
238931 2 745
239106 4 109
239929 1 4246
241966 1 142
242050 5 779
242206 2 164
242454 4 1919
243386 7 1108
243750 2 1277
244515 2 137580
245205 4 103
245528 2 7626
245819 1 347
247550 4 255154
248634 6 38855
248788 18 56946
249229 1 98
250615 5 32287
251564 13 5212
253311 2 35432
256930 2 132
258355 2 12953
259115 1 25791
259172 6 12233
259173 20 9957
259174 47 19382
259175 19 2289
259289 8 3578
260546 4 308
260787 26 55438
262725 2 388
262730 2 311
263837 11 4744
266261 1 296
266264 3 526
271752 1 1305
272231 2 778
273123 3 1636
279396 2 1690
279494 4 305
279496 5 530
279498 10 646
279499 9 632
279500 4 648
279501 5 596
279502 4 494
279511 9 570
279512 7 555
279513 6 592
279514 14 583
279515 10 515
279516 11 476
279517 14 507
279518 9 425
279519 5 592
279520 10 434
279527 6 543
279528 7 529
279529 5 280
279530 5 589
279531 16 583
279532 16 579
279533 8 569
279534 15 518
279535 6 610
279536 15 688
280905 2 326
280911 3 297
280913 6 553
280914 4 451
280915 3 274
280933 5 393
280934 9 474
281495 1 444
282350 5 530
282351 12 562
282353 4 225
282354 4 532
282369 2 458
282376 2 309
282389 2 511
282390 1 430
282394 1 422
284674 4 1882
285063 1 421
286485 2 4421
289773 1 1215
289866 1 468
289868 1 278
290570 1 1867
291326 6 516
291341 6 531
291353 6 591
291364 6 561
292926 1 295
292929 1 678
295489 1 1893
296357 1 382
301458 4 409
301463 1 421
304905 5 1478
309823 5 32839
311233 2 450
313023 1 191
316594 2 261
322660 3 130
328223 2 215
328246 2 242
331169 3 307
337819 7 285
337930 6 278
338101 2 102
338227 3 108
339889 2 626
348404 1 125
348415 2 484
353432 1 235
354532 5 514
356450 3 161
362390 1 205
363375 1 336
365767 3 110
370351 1 270
376706 4 575
382749 4 121
386499 1 52
387253 8 614
391948 1 118
392848 2 548
394641 1 47
401786 2 116
407146 1 141
414710 2 62
416479 5 360
416484 1 405
418419 4 135
424195 2 79
436172 1 795
437070 1 454
442460 4 352
443443 2 748
455066 3 265
461463 3 628
468091 4 229
468183 5 945
475117 2 116
483123 1 488
483584 4 325
486351 7 212
495473 4 570
500412 1 261
501582 2 545
503759 3 297
506241 3 374
513684 2 293
514217 4 269
522835 3 525
523806 4 484
524013 4 470
