1129 1 291
10252 1 347
15073 1 130
15265 1 112
15580 1 310
16230 1 78
16615 1 84
16633 1 400
16780 1 389
16811 1 535
18915 1 506
19947 1 608
23549 1 353
26330 2 291
26673 2 287
27747 1 177
29176 3 396
29214 1 204
29942 2 307
31428 1 152
35269 1 88
36869 2 458
38003 1 279
40978 1 553
53653 1 526
54172 3 395
55092 1 293
58690 1 350
59319 1 103
59391 1 511
59586 2 358
59690 3 362
66660 1 251
68433 2 393
69229 6 535
71609 1 161
75157 1 147
80995 2 1302
81524 3 1541
82648 4 18160
83932 4 7695
84189 3 1426
84508 2 2427
84703 1 5057
85645 1 153229
85703 1 963
85716 3 1095
86069 3 8777
86399 2 1034
86753 2 173871
86933 22 4342
87308 1 12820
87423 3 3844
88300 1 3177
89099 2 918
89153 3 1553
89588 5 436
89679 1 5826
90171 60 3921
90266 2 1246
91377 22 27246
92609 6 24495
93245 1 1731
93418 1 1723
93635 1 664
94031 11 227
94032 1 1448
94102 7 5705
94202 11 2761
94925 1 3940
95083 1 412
96037 22 46291
96105 3 11492
96136 8 20896
97614 2 1514
97999 5 181
98040 3 24959
98173 4 6809
98297 1 7737
99184 2 3350
99497 1 410
100409 1 58
100969 3 694
105724 1 861
105953 1 662
106238 1 332
106369 1 361
106763 1 537
107298 1 168
107477 1 1087
107662 1 1208
108877 1 520
109273 1 550
109796 3 531
111438 1 59
112674 3 931
113364 1 53
113417 1 610
114989 4 150
116160 2 391
117674 1 821
120452 1 433
120673 1 231
121737 1 617
121779 1 620
122001 1 130
124812 1 322
125198 1 1100
125304 1 79
125552 1 868
125564 1 127
125614 1 2113
125706 3 370
126454 1 376
127163 1 60
128963 1 655
129296 1 633
130311 4 834
130957 1 940
131411 1 245
132502 1 149
132881 2 268
133231 1 303
134872 1 531
138815 1 617
139028 1 608
139499 1 83
139772 1 96
139834 3 634
141125 1 687
142840 2 602
143044 1 214
143193 1 1011
143627 1 167
143936 2 453
146273 1 716
146426 1 90
146443 1 666
146803 1 555
147280 1 149
150935 2 417
151298 4 692
151428 1 331
152128 1 244
152991 3 587
153793 2 1645
154137 1 101
154152 1 906
154438 1 78
155787 3 306
156011 10 387
156129 1 958
156411 1 128
158670 1 291
158800 1 1670
159261 1 327
159961 1 765
160412 1 271
160934 1 108
161362 1 376
161377 1 118
161731 1 717
161788 1 641
162769 1 883
164920 1 645
164983 7 344
165071 1 381
165714 1 126
165787 1 77
165874 1 772
166627 1 77
168208 1 749
168209 1 1232
168221 1 343
168240 1 656
168427 1 199
170410 1 346
171676 1 119
211555 3 140
211633 1 113
211634 1 103
213630 5 363
220783 1 98
221146 1 114
230524 1 136
231243 1 399
231288 1 431
231445 4 1333
231930 10 1262
231977 2 1859
232298 1 1191
232594 2 837
232674 2 235
233023 9 384
233518 1 475
233591 1 716
234065 1 1022
234380 3 359
234402 1 407
234558 25 790
234839 2 828
235240 1 315
235276 1 543
235962 2 594
236100 2 940
236425 1 237
236564 1 628
236568 2 1060
236951 1 1893
236971 5 1048
236988 1 237
237246 3 2225
237869 1 521
238044 3 1166
238394 2 274
238756 1 537
238757 5 5317
238923 7 18797
239476 4 2460
240105 1 197
240111 2 1125
240366 115 117963
240466 1 926
240749 3 150
240781 3 220
241171 1 268
241601 1 238
241661 1 425
241889 1 671
241924 1 1772
241983 1 168
242128 2 354
242187 2 1667
242228 2 180
242647 1 1875
243636 5 73383
244732 2 182
245072 1 5354
245078 1 2051
245336 10 3571
245346 4 21516
246710 8 14592
247550 102 255154
248278 4 24167
249570 4 33965
249740 66 228328
251311 5 2306
251399 1 191
251603 6 17552
251901 8 11936
251902 14 4522
252003 1 132
252105 1 5983
252315 1 1806
252427 6 3789
252474 1 81579
253018 217 331696
253593 2 171848
254108 1 174176
254263 1 2016
254395 1 1927
254605 1 3650
254943 2 12040
256599 8 6734
257486 1 1194
257754 4 4355
259328 3 382
260598 2 62
260672 3 247
260677 2 425
263345 1 949
265918 2 504
265924 1 345
266022 1 695
266023 1 203
266255 1 318
268045 1 343
268693 2 420
268695 2 508
268697 1 417
268832 12 1326
269621 1 240
269644 2 470
272126 1 7361
272637 4 231
272640 4 457
274753 8 658
274754 8 409
274755 1 527
274756 5 555
278304 6 489
278305 1 248
278306 5 637
278307 11 497
278308 9 539
279402 9 518
279403 3 333
279407 3 446
280295 1 375
280296 4 446
280297 2 447
280299 9 592
280300 11 254
280312 2 470
280408 2 575
280430 4 274
280431 2 352
280433 14 1656
280434 3 730
280436 1 377
280438 4 520
280439 6 421
280440 1 413
280445 1 308
280448 3 751
280462 5 394
280463 8 448
280464 10 221
280465 9 340
281497 17 709
281826 17 706
282478 5 327
284091 3 456
287121 1 333
287623 1 252
287653 4 299
287657 5 661
287658 1 543
287659 4 309
288700 3 262
289105 1 459
289106 2 362
289502 1 368
289686 1 269
289851 1 410
290105 4 1006
291502 10 1281
291505 1 198
294770 2 414
294772 3 612
294774 3 679
294775 2 356
294779 3 303
294780 2 290
294781 1 544
294782 1 297
294783 1 277
294786 2 281
296005 2 558
296336 1 166
296441 1 594
297887 12 427
297888 5 370
297889 15 386
297890 4 144
298872 6 242
298873 10 629
298875 3 251
298876 6 602
299749 3 371
299753 2 313
304429 2 236
305558 5 678
305560 1 621
305561 5 747
305563 1 475
305565 1 824
305573 1 712
307077 1 477
308349 2 330
308352 4 325
308353 1 305
308354 5 338
308369 1 308
308370 1 199
308423 1 294
308425 1 382
308426 1 399
308427 2 403
308428 1 372
308429 8 380
308431 4 394
309583 1 473
309584 2 330
311998 4 999
312000 1 819
312206 1 200
312365 5 213
312728 3 125
313151 3 258
313161 12 315
313173 4 402
314669 4 228
314671 5 394
314672 5 269
314679 5 275
314680 6 403
314681 3 359
358566 1 151
359710 1 81
366650 1 112
377468 1 168
406437 1 97
409268 1 177
410883 1 160
441996 1 78
449904 3 1025
450787 1 224
451006 2 124
471316 2 369
471363 3 279
471367 4 465
509487 2 331
522235 1 699
1331 8 333
1894 3 114
2703 11 414
2822 2 63
4954 7 302
5243 1 397
6486 4 257
7192 1 100
9709 9 407
10252 3 347
10279 8 323
10416 14 360
12429 9 395
12552 6 233
15073 3 130
15265 3 112
15580 2 310
16230 2 78
16615 1 84
16633 1 400
16780 1 389
16811 1 535
17882 3 237
18299 6 144
18915 1 506
19853 5 127
19947 4 608
21151 1 392
23549 5 353
27747 3 177
28888 4 358
29884 2 75
30273 4 103
33476 3 78
35269 1 88
35935 8 305
36080 6 344
37076 3 191
38314 3 76
39921 2 311
40978 1 553
41052 7 228
42629 17 406
43301 2 387
44791 8 286
45844 6 224
50600 5 190
51498 1 82
53653 4 526
55521 1 192
55634 9 618
56096 9 623
56852 4 368
57643 2 484
59391 6 511
59690 3 362
60508 3 205
62004 2 108
62357 2 394
63627 7 381
64585 1 300
65092 1 241
66308 1 201
68075 5 149
68720 5 150
72047 2 338
72179 2 92
73051 4 70
74948 7 220
75157 1 147
77214 8 185
80292 3 1061
80995 1 1302
81046 1 675
81524 1 1541
82267 1 14641
82798 1 1621
84508 6 2427
85645 6 153229
86753 6 173871
86933 1 4342
87075 2 144
87308 3 12820
89153 1 1553
90171 4 3921
90181 1 24998
91377 46 27246
92609 2 24495
93245 1 1731
93418 4 1723
93635 1 664
94031 10 227
94032 1 1448
94102 1 5705
94202 1 2761
94925 3 3940
96037 12 46291
96105 17 11492
96136 4 20896
97999 1 181
98297 1 7737
98453 1 2145
100368 4 549
101024 7 106
101367 2 1091
101503 14 487
104018 1 784
104394 8 397
104651 2 58
104668 4 854
104672 5 727
104730 9 1202
104762 21 793
104763 2 1044
105953 1 662
106932 15 460
107141 1 72
107662 8 1208
108088 1 39
108116 2 1174
108493 1 166
109273 2 550
109327 6 1056
109346 1 113
109532 2 98
111215 2 180
111238 1 806
111421 3 529
112144 14 596
112212 4 574
114048 1 354
114271 3 100
114478 4 611
115135 1 69
115735 1 56
116423 1 765
116847 1 60
116964 3 121
117456 1 39
118624 1 137
119839 21 871
120217 7 613
120270 1 436
120673 3 231
121737 1 617
122518 1 692
123142 1 505
123149 1 331
123503 2 244
123540 1 438
123546 1 151
125051 7 330
125198 4 1100
125552 1 868
125564 1 127
125714 4 111
126242 3 572
126362 1 338
126424 1 53
127572 1 268
127588 3 123
127763 2 443
128241 1 239
128617 1 571
129296 1 633
129660 7 318
129732 3 346
130358 5 154
131118 1 437
131260 6 304
132153 3 143
132833 2 565
133231 1 303
133554 1 73
133635 14 1088
133646 2 202
133893 1 151
134646 1 188
135621 5 98
136066 1 164
136108 1 215
136467 2 268
138829 18 384
138855 1 157
139164 1 536
139679 2 1337
139834 1 634
140696 4 911
140917 1 172
141082 2 180
141158 1 196
142168 2 118
142840 8 602
143193 1 1011
143701 1 237
145073 1 191
145957 1 79
145996 5 687
146426 1 90
146858 1 684
147133 1 9616
147907 4 564
148216 1 689
148236 6 648
148472 1 309
148691 1 835
149110 5 311
149537 1 73
149670 12 686
150368 2 145
151495 2 267
151912 2 410
152112 1 62
152605 2 94
152659 3 117
152970 3 296
152991 1 587
153045 3 100
153793 2 1645
154137 1 101
154152 1 906
154194 2 111
154462 2 167
154625 2 119
154707 2 113
155248 1 465
155477 5 232
155737 4 623
155787 1 306
155883 11 550
155953 7 358
156011 1 387
156077 1 738
156129 1 958
156256 3 827
157926 2 1340
159040 3 416
159123 1 103
161066 2 1337
161286 1 51
162647 1 152
163057 1 647
163475 1 104
163733 1 435
163782 3 399
164207 1 477
164322 10 456
164362 1 620
164576 6 210
164728 3 825
164884 4 792
164920 1 645
164945 6 1004
164983 10 344
165071 1 381
165371 2 132
165810 1 64
165875 1 279
165953 1 467
166086 2 164
166122 3 718
166554 10 1250
166627 2 77
166695 9 675
166883 1 883
166912 3 335
167506 1 571
167928 3 413
167975 3 449
168005 1 998
168102 1 423
168209 2 1232
168450 1 99
168566 1 672
168568 8 693
169421 3 303
169624 4 421
169641 8 896
169689 1 179
169808 1 1210
169825 3 727
169995 1 335
170176 5 283
170180 4 336
170410 1 346
170471 6 570
170753 18 887
171237 4 641
171301 4 206
171366 25 597
171676 1 119
171719 3 564
171722 6 351
171773 1 545
171962 1 108
172167 1 76
172328 1 493
172436 1 89
172821 4 303
173079 1 377
173233 2 207
173436 1 993
173478 8 422
173575 2 386
173650 2 497
174182 1 109
174290 1 239
175326 1 102
195260 3 84
196653 1 120
197572 2 451
200375 2 296
201264 3 127
206340 1 714
209546 10 523
211636 1 73
216815 2 1475
225599 4 88
231288 7 431
231422 1 942
232298 6 1191
232364 2 333
232674 3 235
233493 2 246
233591 1 716
234065 1 1022
234315 2 390
234558 5 790
235194 3 250
235240 3 315
236221 9 1882
236471 2 1959
236540 7 533
236564 2 628
237869 3 521
238757 2 5317
238923 6 18797
238971 1 804
239476 2 2460
240111 7 1125
240284 2 465
240366 6 117963
240466 7 926
241889 1 671
241923 2 447
242128 1 354
242187 2 1667
242228 1 180
242647 1 1875
245072 1 5354
245078 6 2051
245336 1 3571
246401 9 4475
247550 13 255154
248278 1 24167
249740 21 228328
251901 1 11936
252105 23 5983
252921 1 52519
253018 11 331696
254263 1 2016
254265 2 49
254395 3 1927
254943 13 12040
255560 1 700
255620 2 680
255689 1 3562
257754 1 4355
258371 2 465
259328 1 382
263331 1 265
263347 1 975
265918 1 504
266023 1 203
266875 2 342
267235 3 3747
268832 8 1326
270511 1 230
272637 1 231
272639 19 239
272640 12 457
274753 5 658
274754 2 409
274756 7 555
277447 1 167
278897 1 410
279402 3 518
280299 1 592
280433 2 1656
280434 3 730
280435 1 478
280436 1 377
280438 1 520
280439 1 421
280463 6 448
283206 2 886
287653 2 299
287657 1 661
287658 1 543
287659 2 309
291502 1 1281
291507 3 437
298873 6 629
298874 1 573
298876 7 602
300534 1 476
303948 3 407
304429 1 236
306783 1 11472
307077 1 477
308423 1 294
308429 1 380
312365 1 213
312728 2 125
314512 1 52248
315003 2 27
341843 1 847
342755 9 348
346883 1 33
348636 2 601
350800 1 478
357420 2 221
387526 1 156
409283 10 1056
414608 5 502
417122 1 289
420908 2 135
421916 1 101
421923 2 203
425333 1 273
443210 1 162
445304 2 445
446499 2 655
447160 2 48
448837 11 713
450746 2 46
459822 1 293
463731 1 893
465454 5 874
469121 1 235
471316 3 369
471363 3 279
471367 5 465
476178 2 278
476421 2 278
477175 1 233
480555 1 175
482517 2 469
507446 3 115
512474 1 707
516521 1 594
520056 2 214
521932 1 1179
522235 1 699
