346 1 167
382 1 773
391 9 162
1416 18 438
2498 24 493
3464 2 286
3820 23 353
4249 4 155
4342 4 158
4538 3 162
4564 6 94
5868 3 118
5927 1 317
7001 8 110
7286 2 163
9051 3 211
9582 1 525
12096 5 244
12278 11 231
13124 3 206
13416 13 145
13769 5 258
14573 17 332
14805 1 477
16730 11 308
16743 1 495
16990 14 531
17028 15 527
17164 10 161
17178 12 464
17357 3 289
17382 8 217
17595 8 327
17887 10 129
17904 4 204
17980 10 103
18091 1 465
18135 7 279
18253 24 432
18997 3 482
19283 1 263
19830 1 167
20084 1 268
20315 1 290
20464 13 239
21931 12 230
22610 6 134
23010 6 413
24015 11 254
24605 8 93
27119 8 184
27269 19 572
27271 25 494
27619 34 614
27883 6 374
28259 7 131
28391 7 153
28406 4 375
28905 8 183
29573 1 193
29793 19 561
29979 11 139
29984 29 579
30119 28 511
30132 10 234
30140 9 141
30189 12 199
30443 3 214
31008 7 117
32290 2 433
33283 1 399
33533 3 291
33850 3 209
35460 1 442
35556 16 218
35735 1 100
35778 13 138
36057 16 261
36377 3 511
36812 1 466
37516 1 442
37800 13 154
38670 2 330
39049 1 75
39155 19 459
39301 10 290
39500 2 110
39720 2 287
40875 16 268
40999 1 206
41199 3 158
41276 1 138
41705 11 130
41996 16 506
42153 26 420
46458 3 440
47239 2 476
47332 5 54
47488 11 163
47521 5 381
48858 1 422
50414 2 469
51588 2 406
51683 1 281
51719 2 462
52025 7 473
52113 2 1040
52199 9 114
52368 30 566
53634 2 171
53956 1 357
54598 20 238
55444 1 583
55589 1 308
56667 22 650
56746 7 1221
57244 2 331
57256 1 466
57406 1 263
58142 1 655
58773 1 290
59558 10 172
59609 27 327
59789 30 435
60487 2 580
60579 1 219
60706 1 469
61132 1 219
61324 5 122
63347 2 195
63890 5 759
64250 10 224
64606 4 317
64873 2 64
65885 30 598
65886 24 493
65887 17 773
65888 9 593
65889 14 410
65890 17 540
65891 5 344
65892 7 313
65893 8 555
65894 6 214
65996 12 517
65999 29 436
66029 12 567
66168 19 621
66169 11 525
66318 1 482
66465 7 363
66475 22 733
66476 13 705
66579 3 284
66680 1 476
66875 2 121
66881 2 288
67065 1 104
67282 1 426
68221 1 470
68711 2 499
69128 1 610
69152 6 325
69159 12 324
69220 1 598
69281 1 377
69470 22 731
69471 13 698
69472 24 489
69473 12 373
69474 19 617
69475 17 769
69476 9 589
69477 14 406
69478 5 337
69479 11 521
69480 7 305
69481 8 551
69482 9 368
69483 6 210
69633 6 396
69695 1 490
69992 1 398
70357 5 108
70448 10 374
70451 10 431
70525 7 455
70563 3 200
70635 10 234
70718 2 317
70788 1 474
70897 14 283
70946 17 562
70951 17 357
70967 16 262
71009 25 524
71024 13 408
71042 1 389
71073 6 437
71114 15 448
71149 9 379
71217 3 441
71335 3 425
71346 2 348
72168 2 415
72210 2 355
72347 1 320
72532 1 354
73894 10 157
75190 1 310
75463 7 111
77001 3 217
77411 16 231
77883 1 566
78301 1 233
78869 2 404
79369 1 493
79722 1 456
85645 78 153229
85773 27 82661
100056 5 427
100411 3 608
100809 4 119
100871 34 640
102356 1 59
102722 1 42
104061 7 495
104428 1 458
105087 2 58
105370 5 350
106317 4 214
106463 1 386
106566 1 506
106714 1 604
107873 1 420
108387 1 1679
109590 3 405
110178 7 480
110989 2 798
111606 24 759
111750 4 607
112505 1 207
112572 12 530
112713 1 895
113082 2 433
113216 1 317
113380 4 526
113655 17 377
113751 1 134
114365 4 509
114628 1 594
114780 1 49
114950 6 1976
115327 4 702
115450 2 565
115481 1 771
115930 1 741
116235 2 568
116264 1 598
116484 1 129
116708 1 1410
116779 1 600
117030 2 476
117562 1 587
118041 2 457
118202 8 547
119168 2 92
119380 2 66
120110 1 607
120221 2 149
120384 3 151
120531 1 498
120588 2 788
121085 3 239
121688 2 666
121843 1 530
122102 1 793
122233 1 125
122750 16 462
122826 2 465
123440 1 478
123549 1 687
123561 1 522
124233 2 568
124437 1 567
124565 2 169
126116 4 312
126133 2 189
126333 2 64
127281 5 320
127725 2 466
128131 6 179
128177 2 469
128676 2 916
128807 1 432
129001 3 389
129175 1 112
129292 1 303
129600 1 557
129691 1 409
129860 3 331
130265 9 908
131409 2 581
131439 3 343
133141 1 143
133229 2 272
134076 1 582
134313 3 471
134550 1 845
134794 2 874
134983 1 1108
136094 1 544
136291 1 253
137494 2 77
137527 1 117
137624 1 642
137665 3 692
137853 1 484
137999 5 369
138444 3 672
138455 1 989
138705 2 268
138758 1 120
139798 1 53
140437 3 589
140446 3 245
141572 1 744
141727 3 631
141978 5 119
142330 3 96
142474 7 225
142619 4 602
142635 1 627
142951 8 548
143106 2 938
143666 1 683
143707 1 807
143725 8 394
145083 2 674
145322 5 237
145548 3 795
146487 18 794
146553 5 235
146806 10 456
147026 1 761
148044 5 845
148094 3 796
148321 3 503
148497 3 493
149044 1 582
149100 9 319
149807 1 490
150518 1 498
151017 5 664
151171 4 979
151185 1 81
151263 1 513
151449 2 465
151710 1 715
153020 1 162
153037 5 510
153268 1 637
153439 2 522
153874 3 372
153966 1 99
154547 1 904
154606 2 490
154646 2 1010
154718 1 536
154754 6 465
154881 7 344
155030 2 541
155101 4 645
155240 2 509
155244 2 461
155277 1 522
155332 1 637
155350 2 1337
155419 1 289
155505 1 67
155526 1 495
155572 3 890
156102 1 487
156503 2 100
156569 1 484
156687 4 905
156746 1 436
156865 5 835
157216 1 929
157411 2 824
157636 3 168
157974 2 385
158124 1 378
158437 3 185
158608 2 172
158871 2 766
158976 1 695
159179 2 206
159277 1 951
159356 1 570
159484 1 273
159549 1 485
160976 2 458
161192 2 980
161480 3 491
161689 1 585
162240 4 432
162654 1 488
162767 1 874
162778 1 716
163011 3 599
163094 15 512
163290 1 1354
163830 5 491
164412 1 735
164543 2 1173
165030 3 808
165149 1 493
165165 21 875
165460 2 78
165789 1 604
165834 13 643
165894 1 861
166366 6 366
166606 1 398
166657 1 62
166917 4 1306
167087 1 794
167218 1 764
167261 18 559
167348 11 1239
167617 1 647
167949 1 232
168010 4 92
168393 7 478
168425 17 550
168524 5 486
168561 1 790
168882 2 251
169458 1 486
169468 1 113
169739 2 732
171771 1 125
171901 1 1230
172300 1 317
172803 8 1197
173023 1 491
173611 1 1135
173721 1 137
173780 2 996
177991 6 1470
213068 1 4052
220726 4 97
221122 6 175
231740 10 569
232473 8 792
232876 3 347
233033 1 859
233614 4 244
233635 21 559
233776 1 155
233937 2 523
234349 2 1635
234743 5 209
234790 1 399
234881 17 4494
235669 3 821
236631 2 638
236730 15 456
236762 9 246
236794 3 775
237668 3 119
237918 4 225
237976 2 2326
238626 1 176
239964 1 500
240106 1 228
240107 3 753
240421 6 201
240673 1 347
241436 1 259
241617 2 638
241622 3 459
241665 4 148
241751 18 2509
242057 3 143
242114 16 241
242636 1 316
242788 3 93
242792 6 134
242795 9 154
242798 70 7378
242895 4 17086
242904 6 7122
243021 7 14242
243248 2 97794
243510 4 4690
243565 2 14930
243646 1 5855
243742 2 52641
243831 9 3056
244295 11 43543
244515 16 137580
244865 8 14342
244998 1 56078
245065 23 28651
245997 2 17567
246759 8 1276
247202 1 117
247957 5 599
248260 85 3011
248660 1 159
249098 3 2584
249135 2 1182
249345 2 4977
249570 74 33965
249746 1 137
250619 4 24517
250750 1 25707
251525 2 18764
252749 1 4610
253067 2 104143
253222 22 4529
253458 40 1493
253525 102 3163
253588 2 13837
253682 2 4911
254108 2 174176
254154 1 296
254248 12 779
254627 1 354
255291 6 16491
255488 1 5435
255777 21 64507
256238 1 2816
256627 3 2534
257193 11 35712
257344 1 45609
257705 8 4302
257892 11 6206
257967 9 6120
258499 3 4048
258559 7 52150
258586 2 7912
265508 3 17463
266685 2 218
286864 1 115
298311 1 146
302781 4 18238
304072 3 153
305013 1 15512
313135 2 4216
319472 1 190
327465 3 595
330941 8 803
342721 1 264
342757 3 34
357474 1 126
360844 1 34
365075 1 270
369381 16 467
371431 3 425
372932 1 334
375925 3 328
377877 1 33
386203 1 172
386699 6 503
396729 4 257
399645 3 200
410997 2 277
416463 1 432
423716 9 262
437852 2 517
440461 1 134
440694 7 676
443438 1 777
457990 1 601
460927 1 557
469288 1 332
474815 9 1233
476829 2 48
476955 8 595
477250 7 205
485807 7 349
500092 1 466
514486 10 143
516756 1 264
523763 14 380
523969 14 367
346 1 167
382 1 773
2498 2 493
4249 2 155
4257 1 113
4273 1 107
4342 2 158
4538 1 162
4621 2 196
5868 2 118
6941 2 85
7659 1 426
7802 2 261
8814 1 170
9582 5 525
11825 2 372
12096 1 244
12278 1 231
12336 2 281
12784 2 268
13124 3 206
13754 4 384
13769 4 258
14012 1 505
14573 1 332
16730 5 308
16743 1 495
16990 5 531
17028 4 527
17164 1 161
17178 10 464
17357 3 289
17382 2 217
17595 3 327
17904 3 204
17929 1 382
18135 5 279
18253 1 432
18997 1 482
19830 1 167
20315 1 290
20464 4 239
21931 1 230
23010 5 413
27269 1 572
27271 2 494
27619 2 614
27883 3 374
28259 1 131
28276 2 280
28391 3 153
28406 2 375
28905 2 183
29793 1 561
29984 3 579
30119 3 511
30132 1 234
30140 1 141
30443 2 214
32261 1 219
32290 1 433
32967 1 197
32995 2 371
33283 2 399
35460 1 442
35735 1 100
36377 1 511
36812 1 466
37516 1 442
38670 4 330
39500 2 110
39720 1 287
40875 1 268
40999 1 206
42858 3 207
42967 3 254
47239 2 476
47521 1 381
50414 1 469
51588 3 406
51683 1 281
51719 3 462
52025 14 473
52113 2 1040
53634 1 171
53954 1 354
53956 3 357
54598 1 238
55444 1 583
55589 1 308
55834 1 100
56667 11 650
56746 1 1221
57244 1 331
57256 2 466
57406 6 263
58142 1 655
58773 2 290
59609 1 327
59789 1 435
60318 2 144
60487 1 580
60579 1 219
60693 6 231
60706 1 469
61132 1 219
61324 3 122
62924 1 182
63068 2 446
63069 1 103
63347 4 195
63890 1 759
64250 4 224
64606 4 317
65885 4 598
65886 4 493
65887 1 773
65888 3 593
65889 2 410
65890 9 540
65891 1 344
65892 2 313
65893 5 555
65894 3 214
65996 9 517
66029 3 567
66167 1 542
66168 6 621
66169 3 525
66465 6 363
66475 5 733
66476 11 705
66680 1 476
66875 1 121
66881 1 288
67065 1 104
67282 1 426
68711 3 499
69128 1 610
69152 4 325
69159 2 324
69220 1 598
69281 1 377
69470 5 731
69471 11 698
69472 4 489
69473 4 373
69474 6 617
69475 1 769
69476 3 589
69477 2 406
69478 1 337
69479 3 521
69480 2 305
69481 5 551
69482 10 368
69483 3 210
69633 5 396
69695 1 490
69992 1 398
70357 3 108
70451 8 431
70525 3 455
70563 1 200
70580 4 200
70635 3 234
70718 1 317
70788 1 474
70897 2 283
70946 8 562
70951 2 357
70967 3 262
71009 2 524
71024 4 408
71042 1 389
71073 2 437
71114 4 448
71149 4 379
71335 2 425
71346 1 348
71425 1 457
71881 1 358
72168 1 415
72210 1 355
72347 2 320
72532 1 354
73339 4 115
74262 1 427
77883 1 566
77982 1 337
78301 3 233
78869 2 404
79035 1 292
79369 1 493
85773 7 82661
99786 1 246
102402 2 1501
102638 2 651
104733 2 1331
104877 1 484
104885 2 623
105589 2 620
106155 1 578
106171 1 484
106256 2 1131
106463 1 386
106714 3 604
107882 1 616
109133 1 416
109624 1 464
109946 1 477
112546 1 661
112919 1 137
113655 1 377
114628 11 594
114827 2 542
115067 1 1752
115720 1 468
116307 1 448
116626 6 1461
117185 7 291
117453 1 478
118388 1 90
119009 1 440
119035 2 810
119698 1 5402
120400 1 644
120531 1 498
121688 1 666
123222 1 821
123230 2 883
123440 2 478
123549 1 687
123561 2 522
123819 3 449
124049 1 498
124081 1 807
124437 12 567
124817 3 615
124954 1 554
125103 1 476
125159 2 578
125200 2 566
125452 2 686
125700 2 521
127137 3 471
127141 1 1796
127663 3 332
128024 11 1139
128132 1 1175
128205 1 492
128267 1 460
129691 1 409
131667 1 608
131681 1 144
133749 1 588
134076 1 582
134550 1 845
134920 1 98
135013 2 584
136014 1 1035
136094 1 544
136291 1 253
136963 1 576
137029 1 497
137624 1 642
138029 1 175
138455 4 989
138456 1 128
138523 2 504
138669 2 904
138687 9 670
138832 2 867
139300 2 870
139436 2 166
139573 2 536
139835 1 549
141475 3 475
142617 2 325
142756 1 152
142858 1 447
142925 2 580
144922 1 471
145288 1 458
146816 1 60
148892 1 478
149036 1 466
149079 1 91
150488 1 492
150801 2 552
151171 4 979
151263 1 513
151920 3 473
152389 1 592
152400 1 423
153013 1 273
153215 1 487
153439 1 522
153612 2 614
154059 1 538
154606 3 490
154999 1 565
155030 1 541
155240 1 509
155277 1 522
155350 1 1337
155924 1 110
156102 1 487
156569 1 484
156679 1 584
157342 1 100
157867 3 595
157974 1 385
158277 1 523
158545 2 942
159110 1 763
159277 1 951
159484 1 273
159549 1 485
160744 1 479
160879 1 727
161192 1 980
162099 1 685
162223 2 693
162767 1 874
163011 5 599
163094 10 512
163789 1 1202
163830 8 491
164128 1 176
165030 1 808
165165 1 875
165397 1 1083
165456 1 653
165789 2 604
165834 7 643
165908 1 1375
167056 1 447
167087 1 794
167218 1 764
167261 8 559
168010 1 92
168524 10 486
169458 1 486
169620 1 655
171297 1 162
171690 1 144
172457 1 761
172731 1 402
173023 1 491
173156 1 800
173780 1 996
220726 1 97
221122 3 175
231740 2 569
232473 3 792
233033 1 859
233937 2 523
234349 1 1635
234613 5 150
234790 1 399
234881 2 4494
235669 1 821
236730 5 456
236794 2 775
237918 2 225
237976 5 2326
238626 1 176
239964 1 500
240106 1 228
240107 1 753
240421 9 201
240673 1 347
241436 1 259
241617 1 638
241622 2 459
241665 3 148
241751 24 2509
242788 1 93
242792 1 134
242795 1 154
242798 1 7378
242895 1 17086
242904 1 7122
243021 5 14242
243248 1 97794
243389 2 7650
243510 1 4690
243565 1 14930
243646 1 5855
244295 1 43543
244515 1 137580
244595 3 99
244865 6 14342
244913 1 100
245602 1 134
246759 5 1276
247202 1 117
247957 7 599
248175 4 114
248660 1 159
249135 1 1182
249345 1 4977
249570 3 33965
249746 1 137
251525 1 18764
253067 1 104143
253458 9 1493
253588 3 13837
254154 1 296
254248 17 779
254627 1 354
255291 2 16491
255488 2 5435
255777 5 64507
256238 3 2816
257344 1 45609
257705 1 4302
258404 5 118
258559 1 52150
258586 1 7912
266685 3 218
286864 2 115
298311 4 146
304072 6 153
313135 1 4216
319472 1 190
322183 1 106
327465 1 595
330941 6 803
334426 1 32
342721 1 264
342757 1 34
352477 1 115
357474 1 126
357685 1 33
365075 1 270
365806 1 31
368191 1 593
371431 2 425
372627 1 232
372932 4 334
375925 10 328
383271 4 360
383656 1 112
386203 1 172
386699 2 503
387250 4 789
389869 1 761
394050 2 53
396729 1 257
410997 2 277
411704 2 212
415509 1 69
416463 1 432
423244 3 784
423716 6 262
438888 1 409
440461 1 134
440694 2 676
442585 2 577
443438 1 777
448888 1 242
457990 1 601
460927 1 557
461554 4 239
469288 1 332
473432 5 245
473442 5 234
473604 2 98
474815 1 1233
476955 1 595
477250 2 205
483641 2 59
485801 4 443
485807 2 349
486185 3 124
486189 3 186
487164 7 312
501143 5 234
511248 3 323
515755 1 180
522848 8 393
3464 1 286
4506 9 321
7286 1 163
9782 1 139
10005 1 140
12336 1 281
12594 9 380
12747 8 355
12784 1 268
13754 1 384
13769 1 258
14012 2 505
14042 1 484
14080 1 558
17178 1 464
17357 1 289
18091 1 465
18253 1 432
19283 1 263
23010 4 413
24738 8 381
27883 2 374
35460 1 442
37516 1 442
42967 1 254
44450 3 195
48858 1 422
51588 6 406
51683 2 281
51719 6 462
52025 3 473
52113 1 1040
56667 1 650
60487 1 580
62673 8 247
64250 1 224
64606 1 317
65890 2 540
65996 2 517
66318 1 482
66465 3 363
66476 5 705
68591 7 448
69152 6 325
69471 5 698
69482 2 368
70451 1 431
70951 1 357
71024 1 408
71346 1 348
75190 1 310
79369 1 493
79722 1 456
79917 4 515
84601 3 27345
85645 12 153229
85773 2 82661
91127 2 51352
95013 5 9897
100056 2 427
100404 2 1368
100411 2 608
100980 3 764
102402 1 1501
102429 2 359
102485 1 1086
103831 1 559
103946 2 930
104061 3 495
104877 1 484
106037 1 309
106725 1 465
106849 3 633
107318 1 1771
107694 2 245
108641 1 72
108658 3 429
110466 1 496
111149 6 622
111750 1 607
112713 3 895
113154 4 722
113224 1 470
113380 1 526
115720 1 468
116264 1 598
116380 1 36
116404 1 465
118658 1 490
119230 3 687
119698 2 5402
121341 1 744
121505 13 965
121570 3 502
121982 2 1071
122179 1 560
123918 1 178
124233 1 568
124315 1 1355
124681 9 967
125155 1 742
125281 6 457
125452 1 686
125647 4 258
125885 8 839
126292 1 213
126537 1 564
127137 2 471
127408 2 754
128132 1 1175
128177 1 469
130265 1 908
130376 1 479
130575 1 1085
131102 7 495
133081 1 439
133354 2 75
133578 1 688
134546 1 251
134550 3 845
135002 1 43
136480 1 278
137029 1 497
137223 1 343
137242 4 751
137913 1 508
138414 2 452
139236 3 161
140305 1 131
140821 1 597
142148 1 512
142858 1 447
143186 2 724
143388 5 1566
143751 1 655
144402 1 395
144455 2 489
144484 1 282
144503 1 400
145083 1 674
146001 1 901
146387 1 733
146847 10 638
146976 1 144
147079 1 725
147593 10 574
148094 2 796
148181 2 936
149029 2 736
151017 1 664
151148 3 110
151171 1 979
151235 1 1044
151455 2 342
152610 1 136
152661 1 754
152732 1 656
153629 1 904
153797 1 440
155277 1 522
155332 1 637
155375 4 448
155526 1 495
155650 2 673
155937 1 801
156024 1 688
156102 1 487
156352 1 134
157867 1 595
158225 8 651
158682 2 490
158800 1 1670
160295 1 651
160671 1 1303
160940 2 525
161021 13 1875
161409 1 843
161416 1 469
161689 1 585
161814 2 527
161816 42 1976
163011 2 599
163019 3 3033
163094 2 512
163763 2 755
163789 2 1202
164087 3 514
164536 2 129
164762 3 875
165165 6 875
165324 2 144
166157 11 701
166341 1 490
167009 3 79
167262 1 492
167444 4 762
168010 1 92
168093 1 348
168209 1 1232
168524 2 486
168546 1 495
168561 4 790
168648 5 1826
169113 6 498
169242 3 245
171219 2 508
171297 1 162
171398 2 399
171562 1 425
172598 3 535
173320 2 153
173899 2 589
174075 1 470
177991 4 1470
213271 5 1010
216040 1 98
229410 1 130
230848 5 92
237668 1 119
240106 1 228
240366 1 117963
241622 1 459
241665 2 148
241751 1 2509
242895 1 17086
242904 2 7122
243646 22 5855
243742 1 52641
244295 1 43543
244515 2 137580
244998 2 56078
246239 3 4330
250193 1 5543
250750 3 25707
253018 3 331696
253588 1 13837
253682 2 4911
255291 2 16491
255488 2 5435
256238 1 2816
257193 1 35712
257344 6 45609
258895 2 141
295943 1 29903
330941 1 803
342757 1 34
361120 2 898
375925 1 328
379425 2 188
387241 9 758
410997 1 277
423716 1 262
437852 5 517
461554 2 239
473432 2 245
473442 2 234
474815 1 1233
487164 1 312
501143 2 234
511248 2 323
516477 11 588
520107 13 398
522848 1 393
