5 4 109
375 1 323
541 9 130
589 3 402
680 2 794
682 3 424
1920 5 86
2570 2 367
3137 8 165
3147 6 160
3340 11 586
4124 17 481
4279 4 115
4352 3 347
4663 11 148
4685 12 344
4961 1 183
5128 1 560
5620 6 233
5671 2 707
6356 1 196
6406 5 418
6834 2 302
6990 5 123
7109 6 550
7217 4 292
7319 5 136
7711 5 404
8009 2 516
9320 7 211
9506 4 57
10221 3 426
10253 2 106
10282 11 300
10704 1 246
10851 5 382
11434 1 499
11490 1 568
11928 3 192
12209 1 260
12466 16 256
12831 7 189
13968 3 167
14128 2 180
14358 3 288
14659 2 318
14807 11 240
15036 3 126
15181 11 374
15506 2 252
16359 2 228
16769 7 549
16770 7 350
17288 3 202
17328 6 253
17396 3 295
17569 5 245
17656 17 233
17877 9 259
19255 1 167
19403 2 541
19529 2 594
21148 15 451
21265 5 343
21594 1 563
22834 2 378
22838 4 320
23646 5 354
23957 1 155
24062 1 178
25411 1 533
25816 4 112
26243 1 629
26244 2 577
26256 1 476
26935 13 358
27032 11 280
27100 7 191
27340 1 153
27501 9 145
27700 1 370
28414 30 629
28415 9 401
28416 18 402
28421 1 474
28459 9 284
28998 1 480
29153 2 292
29177 1 478
29240 2 279
30105 1 200
31413 2 388
31680 2 388
31797 1 251
32891 20 346
33260 1 373
33281 5 251
33544 5 603
33553 3 459
34370 5 154
34870 5 612
35563 8 101
36066 1 567
36319 1 284
36368 3 352
36516 1 654
36599 9 423
37215 1 305
38034 2 190
38202 1 192
38276 6 99
38603 7 197
39779 4 95
41609 1 348
41836 14 397
42222 1 394
42264 2 186
42439 2 342
42782 1 555
42880 1 453
42940 6 352
43543 1 622
44029 14 373
44594 3 299
45111 13 527
45122 4 222
45297 3 255
45378 2 307
45503 5 290
45568 1 241
46277 7 442
46919 1 231
47411 9 264
47609 1 497
47945 1 293
48506 4 177
48744 4 390
48779 1 504
49036 5 450
49168 4 306
49274 2 235
49439 2 93
49805 8 96
50675 9 301
50902 4 194
51096 1 399
51957 1 103
52049 2 109
52325 4 178
52394 2 509
52562 1 577
53488 1 389
53969 10 599
55501 2 90
56355 2 223
57360 16 152
57448 1 582
57506 6 312
57647 7 528
57685 1 206
58801 2 424
59144 2 567
60296 1 518
61117 2 519
61755 1 115
61984 9 326
61989 11 268
62132 3 502
62143 4 315
62322 2 732
62443 7 567
62480 7 298
62621 5 256
62642 3 433
65138 2 167
65394 4 486
65846 11 351
66572 10 289
66657 3 75
66692 7 177
66849 1 434
66867 1 479
66946 1 153
67390 9 396
68399 1 250
68508 10 171
68654 5 161
68712 18 268
68756 13 317
68906 3 110
70415 1 259
70567 20 311
70939 6 213
71159 6 198
71204 5 216
71236 5 359
71609 5 161
71681 3 283
71856 10 393
71974 14 309
73129 3 354
74308 9 395
75018 1 239
75404 3 343
75730 3 111
77020 7 94
77221 1 459
77325 1 715
77878 1 552
78379 11 124
79106 6 330
79309 3 392
80242 5 1057
80825 6 667
80958 6 1498
82002 49 933
82026 11 707
82027 10 699
82148 20 1042
82251 13 883
82389 104 6322
82503 24 8546
83242 4 1281
83277 18 393
83320 50 4074
83391 5 1537
83516 10 631
83773 3 1382
83780 9 413
83900 8 1334
84187 13 578
84337 6 1141
84513 1 465
84601 30 27345
84608 5 1259
84644 33 2467
84693 5 1106
84811 12 958
85368 1 74892
85645 7 153229
85666 6 13003
85773 1 82661
86030 3 1275
86346 2 1259
86355 11 616
86554 2 306
86555 7 183
86668 14 682
86688 1 883
86753 487 173871
86754 2 993
86981 87 8770
87135 9 422
87258 7 1167
87294 8 460
87295 14 265
87383 6 966
87527 10 561
87674 1 36
87696 16 812
88039 6 544
88064 19 523
88147 8 1236
88153 11 717
88280 2 708
88281 9 1381
88318 11 1749
88420 8 334
88522 1 1114
88767 4 1169
89042 8 883
89043 7 869
89044 17 821
89049 13 1043
89137 9 1052
89143 6 1238
89150 8 608
89160 17 2673
89528 3 510
89532 30 1240
90177 1 875
90670 27 19768
90800 1 10643
90877 6 13122
90892 4 1331
91380 1 1253
91630 4 417
92007 7 511
92013 9 464
92022 1 2193
92140 6 1392
92715 10 551
93277 7 206
93633 1 1242
93654 12 102204
93740 5 1041
93771 49 9047
93888 2 1440
93908 1 2347
93928 5 148
94038 6 641
94039 7 882
94284 3 72168
94741 19 2922
94842 7 1210
94847 9 865
95016 6 1278
95176 21 6649
95189 71 5858
95348 81 1830
95349 9 1015
95382 19 1216
95383 8 335
95384 13 396
95506 4 1288
95656 73 10014
95825 5 514
95954 3 903
96027 40 30491
96041 3 32603
96136 8 20896
96915 1 1265
96925 5 516
96926 4 372
96954 58 1240
97049 5 1206
97389 20 3025
97451 3 457
97740 6 2459
97816 2 303
98154 5 1502
98544 1 1188
98801 8 8584
98921 21 793
99026 6 1109
99176 2 1382
99308 1 1188
99326 42 4729
99337 3 312
99774 2 1230
99775 5 1341
100090 8 661
100306 2 93
100404 1 1368
100517 1 767
100770 2 442
100886 3 243
101002 1 533
101004 1 1051
101113 3 154
101188 2 251
101251 1 997
101259 4 117
101586 1 317
101677 11 873
101840 2 1095
101864 4 108
101897 2 148
101957 13 389
102012 7 754
102107 2 320
102463 4 790
102470 1 43
102505 5 203
102647 1 49
102689 2 236
103058 30 705
103436 1 515
103538 1 283
103569 1 44
103588 5 692
103844 1 396
103951 1 139
104100 3 843
104375 1 29
104390 6 654
104547 2 247
104705 2 1201
104831 2 928
105076 6 710
105515 1 1247
105742 3 77
106053 1 284
106119 3 311
106190 3 523
106762 2 273
106937 3 1252
106994 4 773
107173 1 79
107249 2 936
107330 6 445
107470 1 118
107506 1 2286
107514 2 386
107542 4 233
107628 3 96
107719 2 501
107741 1 58
107872 4 54
108240 7 818
108493 3 166
108819 4 413
109346 1 113
109586 1 572
109814 15 345
109908 1 598
110214 1 126
110299 3 413
110889 2 1278
110958 1 62
110970 4 628
111528 1 402
111867 2 823
112093 1 622
112548 1 1040
112863 2 763
113173 6 712
114353 22 303
114713 1 116
114765 2 686
115061 9 846
115553 1 537
116179 1 906
116268 2 522
116441 1 53
116891 1 521
117040 1 727
117103 1 36
117392 1 505
117474 3 818
117497 1 247
118162 2 755
118278 1 187
118370 1 57
118621 1 256
118676 4 467
118811 3 650
119180 1 59
119392 4 785
120139 1 1933
120442 2 290
120444 2 800
120709 2 313
121210 14 423
121271 2 537
121385 4 481
121643 1 770
121715 15 775
121810 3 508
121982 8 1071
122179 2 560
122233 1 125
122269 1 827
122356 3 497
122504 3 571
122562 1 2013
122616 1 56
123139 2 514
123524 2 134
124336 5 406
124661 2 1035
124769 3 202
124953 3 528
125005 1 84
125314 1 63
125638 1 251
125785 3 610
126223 2 170
126335 2 722
126536 1 703
126584 1 808
126616 1 642
126640 2 631
126644 1 1236
127780 1 171
128040 1 599
128447 2 565
128909 3 690
128957 1 110
129037 1 226
129102 3 88
129204 1 53
129413 8 752
129749 1 462
129830 2 519
129883 3 114
130708 1 1856
130866 2 103
130908 6 266
131193 1 627
131456 2 608
131787 1 343
131893 1 100
132059 4 236
132164 1 781
132781 1 1197
132801 3 139
132828 1 797
132845 8 808
133167 3 672
133781 2 259
133890 1 460
133994 2 161
134008 1 645
134222 3 728
134245 1 379
134896 6 734
135434 1 53
135517 1 444
135608 1 527
136002 2 468
136157 2 645
137079 3 683
137343 2 782
137992 4 592
138058 1 708
138223 1 501
138262 1 61
138572 2 338
138777 1 244
138933 1 539
138959 4 456
139009 1 450
139030 1 609
139260 2 79
139440 8 602
139487 2 742
139605 1 50
139915 14 767
140499 3 787
141358 2 449
141376 1 1040
141692 5 240
142175 2 163
142548 1 597
142610 1 537
142738 3 813
142923 3 274
143293 1 722
143840 1 1279
144092 1 838
144111 2 563
144549 12 341
144591 3 165
145285 9 492
145653 15 683
145692 3 1086
146487 2 794
146858 1 684
146888 2 802
146902 1 146
147137 1 395
147311 6 661
147388 1 669
147437 1 739
147685 2 663
147702 1 653
147857 2 641
148145 4 124
148337 3 296
148591 2 900
149144 2 685
149208 5 245
149354 2 541
149375 1 68
149380 1 659
149561 1 453
149615 11 568
149844 3 921
150544 5 613
150644 1 448
150801 2 552
151917 14 871
151941 1 808
151998 1 669
152135 3 752
152616 1 895
152936 3 784
153205 1 719
153274 4 486
153698 1 72
154276 1 96
154580 5 269
154881 4 344
154902 8 1160
155505 1 67
155553 1 95
155629 2 711
155839 1 141
155858 2 669
155937 7 801
155981 3 139
156134 1 88
156365 4 169
156590 7 582
157497 1 262
157987 14 670
157996 4 262
158117 1 1618
158410 2 112
158802 3 1116
158988 4 329
159038 13 391
159255 1 85
159953 3 713
160093 1 1103
160163 2 839
160383 2 587
160499 2 345
160962 5 477
160977 5 734
161006 12 755
161136 3 716
161199 2 669
161287 1 677
161318 1 178
161500 4 740
162842 3 567
162990 7 268
163143 3 548
163276 2 529
163399 2 187
163489 1 861
163511 2 72
163594 1 1165
163868 1 200
164038 2 48
164289 3 166
164417 3 421
164567 2 1694
164631 1 444
164747 2 1193
164795 1 71
164884 10 792
164948 5 253
165190 6 721
165674 4 360
165678 5 454
165780 1 87
165825 2 531
166010 3 696
166020 2 150
166283 1 452
166385 3 149
166520 1 119
166893 4 1060
166905 9 376
167335 1 232
167470 1 280
167620 1 560
168150 1 326
168205 1 346
168706 3 538
168707 1 142
169026 10 558
169166 1 659
169408 3 259
169423 3 87
169711 1 225
169796 2 485
169850 1 690
169951 3 231
170197 1 1100
171033 2 627
171041 16 504
171791 1 657
171935 3 1123
172561 1 167
173299 4 505
173449 2 629
173656 2 332
173967 1 713
174102 2 995
174297 9 727
174298 1 1660
184811 1 92
188538 2 225
190109 1 798
190120 1 84
198573 1 723
216557 34 700
216812 34 984
219034 1 106
231491 16 270
234383 2 196
234838 14 308
235927 11 243
235933 14 361
235936 9 133
236433 6 144
239102 3 645
239202 8 921
241685 1 384
241702 3 624
242877 1 1320
242955 18 34181
243050 29 9473
243248 10 97794
243727 22 11576
244031 4 24298
244295 31 43543
244515 2 137580
245135 1 4732
246673 12 11778
247153 26 17318
247209 4 48787
247400 1 13116
247469 29 160821
247517 4 40187
247731 1 9771
248634 21 38855
248788 12 56946
249076 4 36189
249151 6 38079
249740 1 228328
250059 28 37994
250615 3 32287
251065 1 4258
251485 17 29531
251562 30 933
252431 1 2133
253018 2 331696
253067 10 104143
253932 2 1582
254108 13 174176
254240 17 25265
254448 2 2059
255476 6 44402
255481 1 1197
255538 5 16755
255690 6 170
255823 2 21270
255830 2 84137
255833 2 14459
256043 9 19276
256601 3 3386
256624 6 10461
257049 17 26471
257242 9 223
257344 2 45609
257345 14 89736
258263 1 499
259843 1 619
260787 86 55438
260941 7 599
261011 10 633
261012 5 181
261013 9 611
261014 2 406
263187 1 240
263852 5 517
264374 6 293
264896 1 403
266775 9 413
267172 4 294
267175 10 471
267176 8 401
267177 2 473
267179 5 285
267180 13 537
267181 1 562
267761 4 529
267762 1 378
267766 1 421
268501 7 410
268504 12 590
268505 8 510
268506 2 317
268507 4 411
268508 2 249
268775 15 461
268776 15 224
268908 3 406
269163 6 384
270076 1 400
270373 1 254
270506 1 317
270636 3 377
270644 7 503
270669 4 425
272126 9 7361
272734 18 923
273011 2 565
273553 3 366
273875 1 519
273877 4 381
273878 3 380
274107 8 422
274108 2 625
274313 20 707
274314 7 304
274388 26 449
274389 17 444
274695 19 574
274697 15 331
277527 26 548
277528 4 318
277900 5 496
277901 8 598
277904 5 323
278106 13 442
278107 30 423
278108 26 556
278109 18 432
278197 10 267
278198 4 455
278877 32 524
279390 8 549
281059 9 448
281211 20 731
281217 7 454
281614 2 162
281615 14 604
281616 7 328
282784 1 527
282855 30 480
283359 5 262
283360 10 346
284196 26 440
284338 6 530
284339 20 744
284378 3 552
284379 3 450
284674 4 1882
285068 12 206
285111 2 508
285112 2 597
285284 8 345
285285 10 319
285359 2 277
285363 3 515
285365 1 508
285366 2 611
285367 3 488
285369 6 470
285370 3 510
285371 2 481
285372 10 433
285373 2 427
285374 3 384
285375 7 476
285376 5 448
285377 3 286
285378 3 272
285379 3 489
285380 2 474
285382 3 264
285383 6 420
285385 2 424
285471 6 145
286216 10 477
286219 13 479
286221 3 560
286233 17 319
286250 9 506
286253 16 480
286254 2 603
286302 1 441
286319 29 367
286925 14 727
287450 5 271
287496 5 432
289617 12 403
289774 3 609
290983 1 379
291588 5 390
291643 5 496
292162 15 929
292759 7 510
292839 6 533
292843 9 430
292854 1 457
292858 9 430
293023 5 438
293417 5 558
293923 15 389
294096 3 400
295006 3 830
295432 4 262
296677 7 404
297261 6 734
297262 2 179
297781 4 420
298218 1 551
298647 10 749
298648 4 316
298710 2 409
298861 12 544
298862 17 333
298910 1 58
298911 3 621
299658 6 185
299925 3 390
300037 10 871
301332 9 463
301336 14 422
301337 18 329
301338 19 338
301748 10 696
303203 10 460
303206 4 345
303208 15 928
303209 10 775
303210 8 480
303211 6 469
303212 7 407
303922 9 240
304555 10 272
304602 15 291
304603 17 367
305660 10 453
305661 7 316
307116 10 372
307392 4 384
307812 5 1857
308129 11 435
308907 3 623
308914 3 461
308918 5 628
308919 3 475
308920 14 369
308930 1 268
308939 4 362
308944 8 427
308945 10 428
309179 4 259
309931 1 577
310248 1 412
310249 2 464
310338 8 232
310669 3 358
311756 2 389
311861 6 274
313460 10 676
313550 3 382
313556 6 453
313698 9 692
313699 8 722
313700 1 569
313701 10 503
313702 4 183
313703 5 306
314404 6 410
314408 14 534
314410 16 458
314411 18 354
314412 10 559
314413 13 528
314414 13 359
314415 21 507
314416 21 527
314417 14 546
314418 10 515
314419 6 342
318115 1 525
320818 3 72
321843 1 67
322424 3 328
324596 2 127
325450 10 666
325915 16 287
326374 3 239
327489 1 558
328886 1 378
329659 8 263
331201 1 507
333096 1 31
334545 3 252
335501 7 447
338892 1 94
340850 1 370
341994 3 271
343647 1 152
346972 1 380
347831 3 550
348141 2 477
348209 1 86
352842 10 954
357273 1 531
357657 1 373
360678 1 458
361242 1 600
363608 1 156
365581 2 110
366854 3 473
368099 1 566
370107 1 404
372326 10 537
375172 1 661
375241 1 777
376087 1 305
376611 4 434
377018 2 577
377539 1 537
378713 1 119
381873 2 859
384690 1 211
386687 3 393
390651 1 424
390904 1 298
391548 1 158
391955 5 719
392829 1 543
393259 1 115
396119 1 535
398815 1 723
402804 1 625
405450 1 182
407299 4 257
407588 2 297
409114 5 485
410535 6 465
412471 3 294
413733 1 480
414309 1 677
414743 1 223
415309 1 381
416610 3 80
417536 1 345
417606 4 649
418524 3 349
418924 1 335
420163 5 598
420581 1 826
420986 8 575
422907 3 198
422923 1 518
424306 1 664
424827 4 526
426152 1 79
428306 1 444
429405 1 102
429436 6 121
429648 2 599
429890 1 487
430788 2 193
431791 3 376
432574 1 56
435077 4 205
435814 1 242
437468 14 304
439368 5 227
439873 2 133
441175 4 471
441976 1 589
442335 6 234
443010 1 248
443146 9 342
448230 7 563
448542 2 617
449886 16 623
452569 2 94
454434 1 191
454648 9 673
455559 1 672
458092 2 509
459981 2 230
461082 1 293
463093 13 527
465947 3 178
467482 18 503
468794 6 502
470011 3 563
472506 2 557
473231 5 514
473336 3 691
473797 7 169
475768 7 97
475771 11 148
482944 2 197
484862 5 186
486830 3 182
489734 3 159
490395 1 57
492001 10 181
492309 1 242
493071 1 841
493094 4 363
494174 1 299
494289 13 493
494677 5 263
494701 3 56
495024 1 510
496050 1 554
496168 1 194
496614 4 113
496764 9 650
497732 5 295
498039 17 423
498179 8 172
498858 1 464
499027 6 354
505307 2 511
505606 1 180
506320 9 198
507099 18 488
508556 2 474
510532 6 659
511087 3 62
511406 5 280
514449 3 63
514546 1 613
514831 1 597
515553 2 262
515559 3 201
516820 1 500
518167 7 137
518851 2 59
519182 1 325
519217 1 482
519306 1 190
520179 1 44
520226 1 651
520468 3 135
520788 4 466
521056 2 221
523562 5 186
4961 1 183
10851 1 382
37215 1 305
42880 1 453
43748 1 137
59412 1 307
67390 1 396
75404 1 343
77325 1 715
77373 1 447
81818 1 510
82389 1 6322
84608 1 1259
84644 3 2467
85666 2 13003
89160 2 2673
90670 1 19768
90877 1 13122
91762 2 585
92978 40 4917
95176 1 6649
96041 1 32603
117497 1 247
138223 1 501
158070 1 303
171791 1 657
190120 1 84
216812 2 984
240775 1 437
245135 1 4732
256601 1 3386
256624 1 10461
268762 1 412
268768 1 368
270373 1 254
276523 1 404
282784 1 527
287505 1 527
292839 1 533
292843 1 430
292854 1 457
292858 1 430
298218 1 551
299161 5 591
299162 12 424
299163 7 346
299164 2 509
299167 1 167
299221 2 388
303675 2 309
308603 5 575
308907 1 623
308914 2 461
308919 1 475
308930 1 268
308939 1 362
308940 1 427
308944 1 427
313550 1 382
313556 1 453
318115 1 525
323809 1 516
348704 1 445
352906 1 674
368099 2 566
370107 1 404
373463 1 1050
375172 1 661
386001 1 539
396119 1 535
401865 1 324
405208 1 425
407299 1 257
416494 1 514
417536 1 345
418924 1 335
420986 2 575
429064 1 247
429648 1 599
436148 1 593
439961 1 418
450357 1 345
450537 1 418
454648 1 673
477495 1 194
478273 1 754
478547 1 255
483970 1 395
484954 1 181
493071 1 841
510132 1 176
511209 1 501
514831 1 597
519217 1 482
589 3 402
680 1 794
3147 5 160
3340 4 586
4279 1 115
4352 2 347
4663 1 148
4685 1 344
5620 1 233
6356 1 196
6406 2 418
6834 2 302
7217 1 292
7319 2 136
14659 1 318
16769 1 549
17288 2 202
17328 3 253
17569 2 245
19255 2 167
19403 2 541
19529 1 594
21148 8 451
22838 2 320
27100 2 191
27340 1 153
27700 1 370
28414 9 629
28415 11 401
28416 3 402
28459 1 284
31797 1 251
33260 2 373
33553 1 459
38202 1 192
42222 1 394
42439 1 342
44594 2 299
46919 1 231
47945 2 293
53488 1 389
53969 2 599
57685 2 206
58801 3 424
62322 1 732
62443 2 567
62480 2 298
62523 2 269
62621 2 256
65394 1 486
66005 1 290
68399 3 250
69757 4 629
70415 1 259
70567 3 311
71204 1 216
71236 1 359
71974 1 309
75018 2 239
81818 1 510
82389 2 6322
84513 1 465
85481 1 70500
86981 5 8770
87696 1 812
90670 1 19768
92022 3 2193
93654 2 102204
93908 4 2347
96027 3 30491
96136 1 20896
97451 1 457
97816 1 303
98921 1 793
99326 1 4729
99337 1 312
102463 2 790
103436 1 515
104547 5 247
106762 1 273
106937 1 1252
107594 1 1399
114765 2 686
121281 2 779
122526 2 532
123139 1 514
123897 1 1317
124953 1 528
128587 1 391
131456 1 608
132059 1 236
133041 1 470
134672 4 455
135811 2 515
138722 1 557
139487 1 742
139915 1 767
140797 1 1224
142460 1 487
142879 2 393
147834 2 522
148958 2 298
149144 1 685
150491 1 520
152912 1 232
153090 1 45
161006 7 755
161136 1 716
162792 1 165
167620 2 560
190419 1 674
208446 1 116
213271 1 1010
216812 2 984
222010 1 132
235927 5 243
235933 5 361
241702 3 624
244295 2 43543
247153 1 17318
253932 2 1582
255823 1 21270
256347 1 6106
258263 1 499
263187 2 240
263852 1 517
264438 1 475
268762 2 412
268768 1 368
270076 1 400
270506 2 317
273011 2 565
273553 2 366
278877 1 524
281211 5 731
281217 1 454
285359 4 277
285360 11 430
285367 1 488
285369 7 470
285370 2 510
285371 8 481
285372 2 433
285373 5 427
285374 1 384
285385 8 424
286219 3 479
286221 4 560
286250 1 506
286253 1 480
286254 6 603
290983 4 379
293023 2 438
294096 2 400
295006 6 830
297781 1 420
299925 3 390
310248 1 412
310249 2 464
311756 2 389
314408 2 534
314413 2 528
322424 1 328
324596 1 127
327489 3 558
334545 7 252
335501 1 447
342747 2 703
343768 2 548
347115 1 533
357657 2 373
360678 1 458
366854 2 473
373180 2 1696
386687 1 393
392829 2 543
405450 1 182
405874 8 309
439368 1 227
442942 2 99
448542 2 617
449886 1 623
472506 1 557
473693 1 498
482635 1 835
489734 1 159
490039 1 568
494174 1 299
498858 2 464
508556 1 474
512731 1 75
