378 1 106
378 1 106
832 7 227
832 7 227
1453 1 496
1453 1 496
1662 1 420
1662 1 420
9364 2 182
9364 2 182
10395 1 237
10395 1 237
10623 1 418
10623 1 418
12257 1 291
12257 1 291
12500 2 420
12500 2 420
16389 2 513
16389 2 513
16433 1 399
16433 1 399
18915 3 506
18915 3 506
19034 3 158
19034 3 158
19206 1 370
19206 1 370
19942 1 378
19942 1 378
23124 2 248
23124 2 248
23545 1 128
23545 1 128
25320 1 640
25320 1 640
32891 1 346
32891 1 346
39351 1 192
39351 1 192
40621 6 164
40621 6 164
40903 4 646
40903 4 646
43648 1 503
43648 1 503
44963 1 355
44963 1 355
45422 2 266
45422 2 266
45674 9 327
45674 9 327
45881 4 189
45881 4 189
46832 1 212
46832 1 212
51996 1 268
51996 1 268
54296 1 229
54296 1 229
55092 3 293
55092 3 293
58690 2 350
58690 2 350
59755 2 187
59755 2 187
61521 2 209
61521 2 209
61859 1 212
61859 1 212
64452 2 441
64452 2 441
66202 2 502
66202 2 502
69870 1 466
69870 1 466
70834 1 231
70834 1 231
71056 1 269
71056 1 269
71343 2 265
71343 2 265
71769 2 276
71769 2 276
71901 1 527
71901 1 527
73718 1 412
73718 1 412
80764 5 480
80764 5 480
80890 15 1038
80890 15 1038
81169 3 336
81169 3 336
81677 2 422
81677 2 422
82080 3 531
82080 3 531
82616 5 485
82616 5 485
83734 2 424
83734 2 424
84703 4 5057
84703 4 5057
85368 7 74892
85368 7 74892
85481 2 70500
85481 2 70500
85645 8 153229
85645 8 153229
85773 3 82661
85773 3 82661
86386 1 5826
86386 1 5826
86387 3 4361
86387 3 4361
86611 2 1139
86611 2 1139
86753 49 173871
86753 49 173871
87007 2 11089
87007 2 11089
87633 2 444
87633 2 444
88976 2 412
88976 2 412
88977 3 405
88977 3 405
89588 4 436
89588 4 436
90216 4 471
90216 4 471
90835 4 512
90835 4 512
91584 3 463
91584 3 463
92086 4 449
92086 4 449
92441 1 5280
92441 1 5280
92448 3 19676
92448 3 19676
92609 4 24495
92609 4 24495
92784 2 453
92784 2 453
93305 2 434
93305 2 434
93306 4 446
93306 4 446
94372 3 478
94372 3 478
95013 2 9897
95013 2 9897
95241 3 557
95241 3 557
95836 1 1141
95836 1 1141
96033 1 10081
96033 1 10081
96037 1 46291
96037 1 46291
96045 2 23429
96045 2 23429
96051 48 78869
96051 48 78869
96136 4 20896
96136 4 20896
96252 4 424
96252 4 424
96424 335 38462
96424 335 38462
97189 3 1014
97189 3 1014
97190 3 511
97190 3 511
97240 6 3012
97240 6 3012
97938 9 567
97938 9 567
97939 5 501
97939 5 501
98050 3 14011
98050 3 14011
98495 1 570
98495 1 570
99117 2 433
99117 2 433
99367 2 812
99367 2 812
99789 1 289
99789 1 289
100614 5 322
100614 5 322
100969 3 694
100969 3 694
101193 2 394
101193 2 394
101277 1 556
101277 1 556
102410 2 121
102410 2 121
104151 52 8662
104151 52 8662
104560 3 471
104560 3 471
104668 1 854
104668 1 854
104742 1 710
104742 1 710
104762 1 793
104762 1 793
104920 2 1519
104920 2 1519
105269 8 4204
105269 8 4204
105338 6 337
105338 6 337
105953 1 662
105953 1 662
106302 1 656
106302 1 656
106763 1 537
106763 1 537
106764 1 162
106764 1 162
107318 1 1771
107318 1 1771
107662 1 1208
107662 1 1208
108117 1 100
108117 1 100
108153 2 530
108153 2 530
108243 5 560
108243 5 560
108697 2 396
108697 2 396
109049 1 590
109049 1 590
109181 1 293
109181 1 293
109361 4 1416
109361 4 1416
109666 1 634
109666 1 634
109796 1 531
109796 1 531
110038 2 522
110038 2 522
110071 1 631
110071 1 631
110175 1 236
110175 1 236
110386 1 504
110386 1 504
111012 5 656
111012 5 656
111051 2 982
111051 2 982
111080 2 1020
111080 2 1020
111594 1 597
111594 1 597
112013 1 2011
112013 1 2011
112113 6 1339
112113 6 1339
112763 5 346
112763 5 346
113529 1 1323
113529 1 1323
113851 12 1452
113851 12 1452
114308 49 8586
114308 49 8586
114564 2 1230
114564 2 1230
114733 1 642
114733 1 642
115062 1 606
115062 1 606
115460 7 1460
115460 7 1460
115880 1 393
115880 1 393
116303 1 661
116303 1 661
116643 8 268
116643 8 268
116770 1 707
116770 1 707
117250 1 1299
117250 1 1299
117352 14 1994
117352 14 1994
117824 4 284
117824 4 284
117840 1 386
117840 1 386
117996 1 153
117996 1 153
118534 1 1616
118534 1 1616
119521 1 57
119521 1 57
120116 5 1331
120116 5 1331
120139 4 1933
120139 4 1933
120304 1 556
120304 1 556
120673 2 231
120673 2 231
120687 1 609
120687 1 609
121042 2 536
121042 2 536
121142 4 714
121142 4 714
121382 1 417
121382 1 417
121485 1 668
121485 1 668
121527 5 337
121527 5 337
122319 4 1274
122319 4 1274
122367 3 528
122367 3 528
122532 1 121
122532 1 121
122690 2 115
122690 2 115
123058 2 443
123058 2 443
123161 2 439
123161 2 439
123877 4 1571
123877 4 1571
124091 3 174
124091 3 174
124305 4 2625
124305 4 2625
124316 1 269
124316 1 269
124849 2 1207
124849 2 1207
124993 1 651
124993 1 651
125706 1 370
125706 1 370
125758 3 1578
125758 3 1578
125900 1 696
125900 1 696
126421 1 122
126421 1 122
126495 2 95
126495 2 95
126663 1 1332
126663 1 1332
126928 2 218
126928 2 218
127114 48 8902
127114 48 8902
127115 2 127
127115 2 127
127467 1 615
127467 1 615
127593 1 245
127593 1 245
127618 1 163
127618 1 163
127686 1 340
127686 1 340
128336 1 72
128336 1 72
128617 2 571
128617 2 571
128926 2 1176
128926 2 1176
128963 1 655
128963 1 655
129151 4 1532
129151 4 1532
129296 2 633
129296 2 633
129614 1 70
129614 1 70
130018 2 486
130018 2 486
130179 2 531
130179 2 531
130206 4 1331
130206 4 1331
130803 2 494
130803 2 494
131000 1 326
131000 1 326
131855 5 543
131855 5 543
131912 1 92
131912 1 92
132230 3 859
132230 3 859
132403 6 396
132403 6 396
132533 2 573
132533 2 573
132806 7 2166
132806 7 2166
132807 1 1146
132807 1 1146
132828 2 797
132828 2 797
133167 1 672
133167 1 672
133231 1 303
133231 1 303
133487 3 796
133487 3 796
134398 1 142
134398 1 142
134654 6 1645
134654 6 1645
134872 3 531
134872 3 531
135366 11 1109
135366 11 1109
136311 53 8993
136311 53 8993
136579 3 112
136579 3 112
137655 4 1372
137655 4 1372
137723 1 107
137723 1 107
138018 3 223
138018 3 223
138613 2 587
138613 2 587
139337 1 607
139337 1 607
139601 1 355
139601 1 355
139847 2 392
139847 2 392
140696 1 911
140696 1 911
140860 4 384
140860 4 384
140955 1 96
140955 1 96
141843 1 680
141843 1 680
141983 2 107
141983 2 107
142270 3 1298
142270 3 1298
142278 1 706
142278 1 706
142300 1 867
142300 1 867
143044 1 214
143044 1 214
143155 2 53
143155 2 53
143719 1 922
143719 1 922
143737 2 1252
143737 2 1252
143936 2 453
143936 2 453
144194 1 145
144194 1 145
144363 2 564
144363 2 564
144483 1 309
144483 1 309
144628 3 1328
144628 3 1328
144755 2 239
144755 2 239
144855 1 872
144855 1 872
146286 2 397
146286 2 397
146481 1 1638
146481 1 1638
146634 3 252
146634 3 252
146842 1 325
146842 1 325
147133 66 9616
147133 66 9616
147222 4 208
147222 4 208
147907 2 564
147907 2 564
147945 1 258
147945 1 258
148101 3 1476
148101 3 1476
148565 2 1613
148565 2 1613
148745 3 578
148745 3 578
149252 1 621
149252 1 621
149987 4 195
149987 4 195
150222 1 513
150222 1 513
150227 1 133
150227 1 133
150371 1 460
150371 1 460
150466 2 101
150466 2 101
150759 1 401
150759 1 401
150935 1 417
150935 1 417
151246 1 143
151246 1 143
151428 2 331
151428 2 331
151825 4 1282
151825 4 1282
152191 1 807
152191 1 807
152791 1 350
152791 1 350
152991 2 587
152991 2 587
152996 1 745
152996 1 745
153253 4 450
153253 4 450
153336 1 551
153336 1 551
153394 3 169
153394 3 169
154014 2 280
154014 2 280
154547 1 904
154547 1 904
154624 2 321
154624 2 321
155031 3 996
155031 3 996
155162 1 392
155162 1 392
155407 2 593
155407 2 593
155654 2 235
155654 2 235
155787 4 306
155787 4 306
155797 2 1425
155797 2 1425
155978 1 193
155978 1 193
156011 1 387
156011 1 387
156474 1 228
156474 1 228
156543 13 728
156543 13 728
156869 1 343
156869 1 343
156946 1 378
156946 1 378
157064 1 574
157064 1 574
157511 1 351
157511 1 351
157848 5 728
157848 5 728
157922 1 300
157922 1 300
157927 2 336
157927 2 336
157980 1 173
157980 1 173
159025 6 225
159025 6 225
159160 70 10016
159160 70 10016
159346 1 239
159346 1 239
159908 3 266
159908 3 266
160106 3 1142
160106 3 1142
160376 2 515
160376 2 515
160412 2 271
160412 2 271
160752 8 2724
160752 8 2724
160977 2 734
160977 2 734
161067 1 358
161067 1 358
161731 5 717
161731 5 717
161788 2 641
161788 2 641
161819 1 359
161819 1 359
161939 1 384
161939 1 384
162042 2 459
162042 2 459
162531 4 818
162531 4 818
162835 2 382
162835 2 382
162923 1 1967
162923 1 1967
163545 2 2151
163545 2 2151
163625 2 133
163625 2 133
163648 3 159
163648 3 159
164034 1 671
164034 1 671
164141 13 638
164141 13 638
164357 1 2679
164357 1 2679
164714 1 390
164714 1 390
164983 1 344
164983 1 344
165131 4 706
165131 4 706
165498 1 697
165498 1 697
165551 1 172
165551 1 172
165635 1 97
165635 1 97
165874 2 772
165874 2 772
166442 1 583
166442 1 583
166555 2 165
166555 2 165
167255 2 518
167255 2 518
167275 2 769
167275 2 769
167437 3 165
167437 3 165
167673 1 169
167673 1 169
168007 2 109
168007 2 109
168081 1 146
168081 1 146
168102 3 423
168102 3 423
168221 1 343
168221 1 343
168473 5 644
168473 5 644
168495 2 249
168495 2 249
168541 2 1432
168541 2 1432
168566 1 672
168566 1 672
168568 2 693
168568 2 693
168955 1 650
168955 1 650
168956 2 1229
168956 2 1229
168957 1 362
168957 1 362
169018 4 272
169018 4 272
169176 4 914
169176 4 914
169674 3 620
169674 3 620
169781 37 8290
169781 37 8290
170753 1 887
170753 1 887
171194 1 104
171194 1 104
171211 1 259
171211 1 259
171214 3 607
171214 3 607
171362 1 263
171362 1 263
171536 4 1067
171536 4 1067
171872 2 210
171872 2 210
172195 1 297
172195 1 297
172469 2 107
172469 2 107
172584 1 94
172584 1 94
172667 1 280
172667 1 280
172750 2 3037
172750 2 3037
172989 1 168
172989 1 168
173022 2 290
173022 2 290
173218 2 113
173218 2 113
173710 1 255
173710 1 255
173774 4 197
173774 4 197
173967 1 713
173967 1 713
174169 3 197
174169 3 197
174659 4 149
174659 4 149
177647 4 118
177647 4 118
182973 4 495
182973 4 495
186865 1 112
186865 1 112
192654 1 137
192654 1 137
205525 1 121
205525 1 121
212805 4 100
212805 4 100
215427 1 122
215427 1 122
216141 1 105
216141 1 105
217746 1 121
217746 1 121
217856 2 94
217856 2 94
231445 2 1333
231445 2 1333
231930 3 1262
231930 3 1262
232649 6 1231
232649 6 1231
232656 1 1361
232656 1 1361
233078 1 2021
233078 1 2021
233091 2 438
233091 2 438
233160 1 656
233160 1 656
233378 2 1038
233378 2 1038
233386 1 422
233386 1 422
233664 1 250
233664 1 250
233797 1 375
233797 1 375
234294 3 716
234294 3 716
234410 4 846
234410 4 846
234638 1 435
234638 1 435
235177 2 1072
235177 2 1072
236003 2 563
236003 2 563
236390 1 249
236390 1 249
236572 1 633
236572 1 633
236802 2 2041
236802 2 2041
237506 1 320
237506 1 320
237655 3 1815
237655 3 1815
237909 2 558
237909 2 558
238021 16 973
238021 16 973
238048 2 422
238048 2 422
238757 5 5317
238757 5 5317
238853 1 1368
238853 1 1368
238857 1 426
238857 1 426
238870 8 1688
238870 8 1688
238912 1 322
238912 1 322
239118 2 1485
239118 2 1485
239857 3 1884
239857 3 1884
240284 1 465
240284 1 465
240366 1 117963
240366 1 117963
240468 1 807
240468 1 807
240864 1 536
240864 1 536
241101 1 226
241101 1 226
241236 11 477
241236 11 477
241356 1 452
241356 1 452
242072 3 230
242072 3 230
242074 1 662
242074 1 662
242173 1 400
242173 1 400
242776 5 40213
242776 5 40213
242916 2 19607
242916 2 19607
243248 7 97794
243248 7 97794
243249 11 55340
243249 11 55340
243568 6 51992
243568 6 51992
243636 8 73383
243636 8 73383
243742 2 52641
243742 2 52641
243827 4 2065
243827 4 2065
244515 6 137580
244515 6 137580
244806 1 3319
244806 1 3319
245029 12 93035
245029 12 93035
245078 1 2051
245078 1 2051
245346 1 21516
245346 1 21516
246003 10 79294
246003 10 79294
246126 2 1414
246126 2 1414
246220 4 47306
246220 4 47306
246401 1 4475
246401 1 4475
246695 3 65027
246695 3 65027
246814 1 7881
246814 1 7881
247080 38 3511
247080 38 3511
247209 4 48787
247209 4 48787
247387 6 63961
247387 6 63961
247469 13 160821
247469 13 160821
247550 71 255154
247550 71 255154
247672 3 33059
247672 3 33059
248264 3 23767
248264 3 23767
248414 1 413
248414 1 413
248421 3 1576
248421 3 1576
248585 3 1922
248585 3 1922
248610 22 211360
248610 22 211360
248850 6 13792
248850 6 13792
249287 1 1636
249287 1 1636
249329 3 41571
249329 3 41571
249570 1 33965
249570 1 33965
249740 96 228328
249740 96 228328
249898 2 4071
249898 2 4071
249902 1 35189
249902 1 35189
250059 1 37994
250059 1 37994
250305 3 120
250305 3 120
250615 17 32287
250615 17 32287
250616 6 37169
250616 6 37169
251603 1 17552
251603 1 17552
251800 4 24372
251800 4 24372
251901 1 11936
251901 1 11936
252105 1 5983
252105 1 5983
252315 1 1806
252315 1 1806
252474 2 81579
252474 2 81579
253018 22 331696
253018 22 331696
253067 9 104143
253067 9 104143
253083 3 4103
253083 3 4103
253164 1 3432
253164 1 3432
253311 4 35432
253311 4 35432
253354 3 57179
253354 3 57179
253413 1 127
253413 1 127
253462 9 48129
253462 9 48129
253593 8 171848
253593 8 171848
253683 1 4717
253683 1 4717
254108 11 174176
254108 11 174176
254263 1 2016
254263 1 2016
254357 3 137
254357 3 137
254395 8 1927
254395 8 1927
255289 5 51128
255289 5 51128
255360 1 4483
255360 1 4483
255560 1 700
255560 1 700
255631 2 3757
255631 2 3757
255777 1 64507
255777 1 64507
255830 29 84137
255830 29 84137
256509 6 12028
256509 6 12028
256599 2 6734
256599 2 6734
257305 25 37731
257305 25 37731
257387 2 824
257387 2 824
257411 2 1085
257411 2 1085
257587 3 2598
257587 3 2598
257812 3 103213
257812 3 103213
257831 9 3560
257831 9 3560
257865 4 35772
257865 4 35772
258439 3 938
258439 3 938
259115 3 25791
259115 3 25791
259999 1 372
259999 1 372
263953 4 310
263953 4 310
263954 4 232
263954 4 232
263955 4 241
263955 4 241
268060 5 284
268060 5 284
268214 9 483
268214 9 483
268307 15 17203
268307 15 17203
268557 1 374
268557 1 374
269327 1 458
269327 1 458
270487 1 171
270487 1 171
271991 1 304
271991 1 304
272905 9 621
272905 9 621
274996 3 507
274996 3 507
275317 5 276
275317 5 276
278746 4 320
278746 4 320
280270 1 537
280270 1 537
280272 1 404
280272 1 404
280293 1 528
280293 1 528
280445 1 308
280445 1 308
280462 1 394
280462 1 394
280755 8 32241
280755 8 32241
281497 2 709
281497 2 709
281826 2 706
281826 2 706
282475 4 655
282475 4 655
283208 2 248
283208 2 248
283779 4 459
283779 4 459
286414 1 103
286414 1 103
286534 6 319
286534 6 319
287363 1 278
287363 1 278
287623 1 252
287623 1 252
287657 2 661
287657 2 661
291509 4 304
291509 4 304
292410 3 562
292410 3 562
296029 3 225
296029 3 225
297053 1 349
297053 1 349
298245 2 364
298245 2 364
299757 1 399
299757 1 399
300061 1 335
300061 1 335
300066 1 315
300066 1 315
300067 4 310
300067 4 310
300154 1 299
300154 1 299
300527 1 327
300527 1 327
301184 3 493
301184 3 493
302751 2 341
302751 2 341
303587 1 267
303587 1 267
306661 4 248
306661 4 248
311355 6 64459
311355 6 64459
314512 7 52248
314512 7 52248
314670 3 356
314670 3 356
314680 2 403
314680 2 403
317539 4 158
317539 4 158
318668 2 189
318668 2 189
319708 1 785
319708 1 785
321593 2 280
321593 2 280
324497 1 261
324497 1 261
325114 4 256
325114 4 256
325898 3 526
325898 3 526
333154 5 214
333154 5 214
340836 2 440
340836 2 440
341379 5 306
341379 5 306
347406 7 268
347406 7 268
348321 2 157
348321 2 157
352871 1 655
352871 1 655
357790 2 73
357790 2 73
364106 1 53
364106 1 53
365194 2 497
365194 2 497
367335 3 340
367335 3 340
368273 1 531
368273 1 531
368741 12 1842
368741 12 1842
368871 10 272
368871 10 272
368892 1 121
368892 1 121
372860 8 242
372860 8 242
373942 1 604
373942 1 604
375072 3 489
375072 3 489
380472 2 211
380472 2 211
386340 1 607
386340 1 607
387518 1 106
387518 1 106
395831 2 592
395831 2 592
396074 5 162
396074 5 162
