4277 2 235
6486 1 257
6556 1 280
27589 1 216
29211 4 383
29440 3 375
31840 1 488
31910 2 537
33429 1 349
35229 1 287
35330 1 237
38160 2 344
40177 1 524
40592 1 271
42629 2 406
43301 1 387
44834 1 356
45844 1 224
47687 1 323
50600 2 190
50741 1 253
50759 1 134
54674 1 771
56320 1 363
57643 1 484
58233 1 296
59796 1 342
63187 1 396
66308 1 201
66870 3 481
69211 1 373
69463 2 640
72268 1 380
74732 1 352
77973 1 394
81097 7 8031
81763 3 17488
82370 5 12043
82966 3 9952
83276 17 10567
83486 3 9952
84667 4 16914
85368 3 74892
85481 6 70500
85484 7 810
85645 45 153229
85773 18 82661
86220 37 22240
86367 15 33749
86753 83 173871
86933 6 4342
87007 15 11089
89154 5 10556
90181 8 24998
90622 5 18843
90795 3 27076
91127 43 51352
91377 3 27246
91828 1 17995
91853 1 18049
92609 95 24495
93245 1 1731
94167 3 21131
94619 8 5556
94874 3 10538
95159 26 3599
95644 6 18339
95949 18 15650
96037 9 46291
98046 20 18768
98048 1 13504
98294 3 23774
99053 8 27408
99556 5 6147
101367 1 1091
102022 1 137
102937 2 561
103894 1 702
104221 1 652
104668 1 854
104705 2 1201
104706 1 830
104763 1 1044
104764 1 650
106214 2 959
106280 4 635
106302 1 656
107245 1 773
108063 1 695
109180 4 1054
109382 1 141
110286 1 74
111054 2 297
111267 1 1589
114740 1 375
115381 1 488
116965 1 118
117270 1 632
117312 3 413
118409 1 412
118677 1 709
119698 1 5402
120458 1 739
121627 1 2118
125149 1 560
125514 1 809
125639 3 89
127849 5 150
132049 1 583
132058 1 96
132349 1 213
132769 1 69
132881 1 268
133094 1 105
133225 1 514
133264 1 247
133546 1 150
133635 1 1088
133781 1 259
133793 1 267
133893 1 151
133951 1 660
134074 1 143
134117 1 1307
134168 1 409
134232 1 131
134372 1 1817
134601 2 121
134636 1 69
134646 1 188
134750 1 100
134812 1 284
135287 1 131
135661 1 136
135688 1 376
135818 1 1206
136311 1 8993
136315 1 1126
136316 1 87
136467 1 268
136557 1 617
137223 1 343
137396 1 196
137516 1 649
137660 1 321
137681 1 367
137789 1 136
138122 1 257
138204 1 50
138366 1 55
138402 1 87
138496 1 124
138600 1 80
138855 1 157
139103 1 436
139115 1 759
139285 1 765
139326 1 405
139353 1 143
139656 1 635
139679 1 1337
139680 1 539
139772 1 96
139834 2 634
139846 1 159
139893 1 130
139945 1 268
140436 2 183
140696 1 911
140958 1 102
141082 1 180
141555 1 376
141787 1 125
141940 1 738
142144 1 328
142168 1 118
142371 1 141
142501 1 888
142506 1 148
142507 1 115
142810 2 398
142840 3 602
142845 1 178
142867 1 127
142934 1 303
143044 1 214
143390 1 872
143627 1 167
143659 1 99
143691 1 422
143701 1 237
143730 1 343
143902 1 615
144000 1 110
144138 1 277
144140 1 79
144793 1 408
144902 1 120
145068 1 158
145212 1 193
145329 1 549
145350 4 697
145374 1 334
145412 1 138
145599 1 122
145630 1 776
145915 1 157
145996 1 687
146254 1 86
146278 1 140
146704 1 370
146867 1 318
147076 1 113
147450 1 939
147572 1 601
147661 1 588
147676 1 1008
147994 1 121
148100 1 295
148236 1 648
148237 1 204
148303 1 315
148447 2 347
148469 1 278
148600 1 172
148613 1 114
148691 1 835
148748 1 147
148813 1 242
148830 1 714
148870 1 79
149024 2 109
149288 1 377
149555 1 624
149556 1 90
149587 1 496
149670 1 686
149674 1 220
149702 1 109
150702 1 602
150759 1 401
150941 1 821
150983 1 646
151181 1 177
151287 3 803
151298 1 692
151453 1 170
151495 1 267
151527 1 350
151547 1 173
151588 1 410
151591 1 426
151812 1 278
151813 1 112
151912 1 410
151926 2 93
152136 1 139
152310 1 1341
152434 1 97
152605 1 94
152680 1 221
152734 1 176
152843 1 124
152966 1 94
153045 1 100
153325 1 140
153357 2 591
153636 2 1288
153640 1 632
153866 1 362
153897 1 172
154182 1 75
154425 2 1890
154661 3 132
154707 1 113
154753 1 1410
154813 1 252
154819 1 766
154992 1 616
155107 1 413
155144 1 1434
155145 1 145
155477 1 232
155512 1 366
155738 2 633
155858 1 669
155883 1 550
155912 2 128
155953 1 358
156351 1 978
156728 1 1262
156888 1 109
157085 1 334
157229 1 149
157304 1 156
157680 1 282
157908 1 443
157926 1 1340
158202 1 1427
158233 1 1098
158267 1 151
158291 1 198
158467 1 112
158585 1 455
158599 1 362
158602 1 79
158653 1 1094
158665 1 341
158800 1 1670
158851 1 152
158885 1 403
158888 1 185
159009 1 132
159025 1 225
159040 1 416
159167 1 2203
159316 1 951
159396 1 270
159499 1 643
159971 1 337
160009 1 777
160111 2 472
160131 1 267
160167 1 693
160956 1 440
161004 1 340
161066 1 1337
161067 1 358
161318 1 178
161460 1 284
161500 1 740
161611 1 86
161788 1 641
161906 1 1186
162706 1 79
162835 1 382
162933 1 101
163539 1 242
163654 1 150
163782 1 399
163876 1 788
164117 1 203
164207 4 477
164313 1 87
164322 1 456
164323 1 589
164455 1 273
164650 1 325
164728 1 825
164945 1 1004
164983 1 344
165145 1 125
165247 1 174
165601 1 73
165947 1 782
166086 1 164
166104 1 950
166122 1 718
166161 1 489
166185 1 571
166273 2 390
166383 1 763
166384 1 368
166554 1 1250
166555 1 165
166640 1 812
166695 1 675
166837 1 447
166912 1 335
167103 1 129
167217 1 609
167286 1 1111
167354 1 187
167368 1 66
167731 1 257
168071 1 178
168209 1 1232
168227 1 370
168241 1 177
168245 1 143
168312 1 805
168464 1 752
168566 1 672
168568 1 693
168924 1 444
169252 1 308
169421 1 303
169610 1 637
169624 1 421
169641 1 896
169825 2 727
169995 1 335
169998 1 420
170019 1 268
170021 1 176
170176 1 283
170180 1 336
170243 3 739
170555 1 768
170582 1 505
170753 1 887
170754 2 595
170795 1 454
170800 1 204
170808 1 293
170841 1 204
171239 2 1455
171361 1 250
171366 3 597
171483 1 164
171722 1 351
171773 2 545
171959 1 492
172141 4 778
172242 1 391
172284 1 114
172316 1 108
172422 1 2130
172751 1 765
172763 1 396
172787 1 234
172918 1 420
173233 1 207
173292 2 91
173436 1 993
173478 1 422
173640 1 336
173656 1 332
173719 1 355
173798 1 241
174096 1 115
174290 1 239
176417 2 452
176826 1 516
177779 1 143
203573 3 425
206642 1 2339
209269 14 2016
209783 1 384
213068 1 4052
217558 1 122
231937 2 1069
232298 1 1191
232489 1 958
233280 1 1158
234065 8 1022
234315 1 390
234641 1 910
235194 1 250
235559 2 1318
236221 1 1882
237923 1 1831
238539 1 308
238923 4 18797
239118 1 1485
240366 66 117963
242776 1 40213
243248 52 97794
244515 33 137580
244571 2 2232
245065 2 28651
245634 2 12083
245722 1 32503
245986 1 12763
246521 4 8981
246908 127 14731
247469 18 160821
247517 4 40187
247550 55 255154
248097 4 16630
248651 2 3040
248788 10 56946
248809 6 45708
249339 3 15594
249740 101 228328
250267 2 10956
250382 5 10224
250533 2 14895
251420 3 20131
251525 6 18764
251901 5 11936
252105 1 5983
252921 22 52519
253018 190 331696
253067 61 104143
253311 5 35432
253593 124 171848
253795 5 27039
254108 114 174176
254810 1 663
255560 1 700
256043 15 19276
257049 3 26471
257754 2 4355
257812 38 103213
257865 5 35772
258059 3 14205
258559 7 52150
259115 10 25791
259174 1 19382
261299 1 477
261301 1 418
261307 4 591
261782 4 17392
262303 2 314
263347 2 975
272640 1 457
273053 5 17501
276485 3 333
277189 1 644
280229 1 467
280236 1 578
280361 21 6993
280755 41 32241
287760 1 533
289827 12 4151
290486 1 1570
291346 1 475
291357 1 445
291506 1 334
293387 8 19523
295943 13 29903
298767 2 254
304328 1 417
305088 1 11759
311355 283 64459
311819 2 15365
314512 1 52248
360008 1 363
362214 1 652
363375 1 336
364145 1 132
365271 1 144
377413 1 151
395333 1 590
404219 2 37
407711 1 379
425090 5 398
427607 6 195
433799 1 747
448837 1 713
449820 1 700
455740 2 274
461201 1 568
462242 1 378
469095 1 3148
482517 1 469
490586 2 628
494869 2 348
503615 1 712
523806 1 484
524013 1 470
11937 1 323
11937 1 323
16625 2 328
16625 2 328
85368 2 74892
85368 2 74892
85481 1 70500
85481 1 70500
85645 6 153229
85645 6 153229
85773 3 82661
85773 3 82661
86753 1 173871
86753 1 173871
89154 4 10556
89154 4 10556
91377 1 27246
91377 1 27246
91816 3 1262
91816 3 1262
93245 2 1731
93245 2 1731
94167 2 21131
94167 2 21131
97010 2 1130
97010 2 1130
98046 1 18768
98046 1 18768
102937 2 561
102937 2 561
103446 1 716
103446 1 716
104668 1 854
104668 1 854
104730 2 1202
104730 2 1202
104767 2 788
104767 2 788
107245 1 773
107245 1 773
110706 2 170
110706 2 170
112212 1 574
112212 1 574
114147 5 783
114147 5 783
114372 3 371
114372 3 371
114567 1 601
114567 1 601
114602 2 581
114602 2 581
114743 2 1846
114743 2 1846
114968 3 506
114968 3 506
114970 2 1355
114970 2 1355
117270 1 632
117270 1 632
121204 2 385
121204 2 385
121277 1 458
121277 1 458
121795 1 386
121795 1 386
121847 1 1214
121847 1 1214
121969 1 813
121969 1 813
122215 1 365
122215 1 365
123503 1 244
123503 1 244
123546 1 151
123546 1 151
125714 4 111
125714 4 111
126199 1 440
126199 1 440
127572 1 268
127572 1 268
127849 1 150
127849 1 150
133635 2 1088
133635 2 1088
133804 1 154
133804 1 154
133893 2 151
133893 2 151
136298 1 381
136298 1 381
136563 1 131
136563 1 131
139835 1 549
139835 1 549
141082 3 180
141082 3 180
142168 3 118
142168 3 118
142810 5 398
142810 5 398
142840 1 602
142840 1 602
145329 3 549
145329 3 549
147637 2 779
147637 2 779
149110 1 311
149110 1 311
151495 2 267
151495 2 267
152128 2 244
152128 2 244
153357 1 591
153357 1 591
154661 3 132
154661 3 132
155477 5 232
155477 5 232
155953 1 358
155953 1 358
158108 1 583
158108 1 583
160706 4 1166
160706 4 1166
163782 1 399
163782 1 399
164511 1 411
164511 1 411
164576 2 210
164576 2 210
164983 1 344
164983 1 344
166086 1 164
166086 1 164
166912 3 335
166912 3 335
169252 1 308
169252 1 308
169995 1 335
169995 1 335
172436 1 89
172436 1 89
173233 1 207
173233 1 207
174290 1 239
174290 1 239
232364 2 333
232364 2 333
236564 1 628
236564 1 628
237869 1 521
237869 1 521
240366 1 117963
240366 1 117963
241455 1 1560
241455 1 1560
244515 1 137580
244515 1 137580
246759 1 1276
246759 1 1276
247469 1 160821
247469 1 160821
248097 21 16630
248097 21 16630
248809 1 45708
248809 1 45708
249740 1 228328
249740 1 228328
251525 29 18764
251525 29 18764
252921 4 52519
252921 4 52519
254108 6 174176
254108 6 174176
254943 19 12040
254943 19 12040
255302 1 1862
255302 1 1862
257812 6 103213
257812 6 103213
257865 16 35772
257865 16 35772
257951 1 21143
257951 1 21143
261301 2 418
261301 2 418
261307 6 591
261307 6 591
263316 5 498
263316 5 498
263317 10 777
263317 10 777
263347 15 975
263347 15 975
263562 1 5382
263562 1 5382
276485 1 333
276485 1 333
291346 1 475
291346 1 475
291357 1 445
291357 1 445
291506 2 334
291506 2 334
293429 3 273
293429 3 273
298767 1 254
298767 1 254
304328 1 417
304328 1 417
314512 1 52248
314512 1 52248
364145 1 132
364145 1 132
407711 1 379
407711 1 379
425090 2 398
425090 2 398
427607 1 195
427607 1 195
448837 1 713
448837 1 713
482517 1 469
482517 1 469
490586 4 628
490586 4 628
624 1 255
981 2 402
1331 3 333
1493 2 133
1693 9 278
1696 1 380
2703 1 414
4954 4 302
6556 11 280
7786 1 129
10252 6 347
10279 1 323
11937 2 323
12257 1 291
12327 1 276
12429 4 395
13059 1 263
13700 2 377
16344 7 354
17227 1 337
17281 2 388
17523 2 349
17882 1 237
18264 1 250
21092 1 299
22921 1 134
23171 1 401
27370 3 344
29011 3 246
31261 1 305
31910 1 537
36059 1 159
36080 2 344
36798 2 155
38314 2 76
39461 1 295
39980 1 171
40592 1 271
40595 1 660
41052 3 228
41421 2 362
41461 2 351
41706 1 244
43301 2 387
44791 1 286
49075 2 643
50600 3 190
55634 3 618
55637 2 574
56096 3 623
56188 3 684
56320 3 363
57769 1 211
58233 1 296
59656 2 245
64206 1 582
64585 3 300
65488 1 244
66308 1 201
66368 1 485
66943 7 258
67819 1 88
68006 1 94
68061 1 200
68075 1 149
68660 2 374
68720 1 150
69099 1 340
69229 7 535
69275 1 343
69378 4 389
72268 1 380
72963 2 121
74732 2 352
74948 2 220
74997 2 451
75179 1 239
75575 2 150
76404 1 564
77214 1 185
77973 1 394
81097 27 8031
81763 9 17488
81802 4 323
81857 2 1337
82370 59 12043
82966 8 9952
83276 70 10567
83286 4 10013
83486 8 9952
83772 3 3780
84508 10 2427
84667 2 16914
85304 1 484
85368 87 74892
85481 17 70500
85483 12 2543
85484 3 810
85645 56 153229
85773 48 82661
85787 19 18539
86220 49 22240
86367 59 33749
86753 70 173871
86933 21 4342
87007 61 11089
87308 13 12820
88257 8 17762
88714 1 259
88791 2 1697
89154 35 10556
90181 97 24998
90599 2 460
90622 18 18843
90795 19 27076
90894 7 5316
90908 9 17901
91127 83 51352
91377 394 27246
91816 3 1262
91828 5 17995
91853 5 18049
92609 13 24495
93066 14 18445
93245 14 1731
94167 52 21131
94619 10 5556
94874 47 10538
94923 4 1300
95159 3 3599
95644 11 18339
95669 15 995
95949 88 15650
95967 13 241
96031 30 5031
96037 77 46291
96955 1 318
97010 3 1130
97059 3 9334
98046 60 18768
98048 34 13504
98052 1 846
98294 219 23774
98402 28 1048
98945 3 2182
99053 3 27408
99556 1 6147
100351 2 150
100621 1 135
102190 3 565
103816 5 1220
103894 1 702
103955 2 78
104394 7 397
104433 1 592
104667 1 832
104668 5 854
104672 1 727
104730 7 1202
104755 2 503
104762 2 793
104767 5 788
105772 4 605
106214 1 959
106265 1 234
106301 4 975
106369 3 361
106932 5 460
107141 2 72
107253 1 1130
107662 3 1208
108508 2 302
110039 1 1153
110181 1 1338
110286 1 74
111005 1 1302
111330 1 274
111457 1 1267
111604 1 1321
112144 1 596
112212 5 574
113493 1 1309
114428 1 416
114721 1 548
114743 1 1846
114970 3 1355
115397 1 238
116964 2 121
117312 1 413
118350 1 498
118409 1 412
118676 2 467
119501 9 517
119698 1 5402
119839 3 871
120270 6 436
120695 3 347
121204 1 385
121277 1 458
121732 2 426
121845 2 142
122214 1 1518
122215 1 365
122813 1 425
123149 4 331
123880 2 142
125051 2 330
125198 1 1100
125514 4 809
125714 2 111
126155 2 641
126604 1 844
127544 2 389
127572 2 268
128177 3 469
128702 1 501
129194 4 815
129368 1 515
129660 2 318
130032 2 138
130358 2 154
130692 1 44
130786 1 1851
131157 1 469
131260 10 304
131737 1 500
132984 2 126
133635 6 1088
133646 2 202
134325 1 62
134372 1 1817
134433 5 161
134812 1 284
135661 1 136
135818 1 1206
136406 1 424
136466 3 535
136479 5 730
136557 2 617
136562 1 353
136948 3 127
137223 1 343
137352 1 1771
137681 3 367
138464 1 171
138535 3 552
138829 6 384
138841 2 579
139285 2 765
139679 2 1337
139834 2 634
140696 1 911
140958 1 102
141940 1 738
142144 2 328
142168 1 118
142810 5 398
142840 1 602
143014 1 1583
143491 1 255
143688 1 425
143701 2 237
144000 1 110
144238 1 668
144738 1 534
144793 3 408
145329 2 549
145350 2 697
145907 2 108
145996 5 687
147133 1 9616
147138 1 239
147676 5 1008
148223 3 784
148236 6 648
148691 1 835
149110 4 311
149615 1 568
149617 3 746
149670 4 686
149954 2 416
150503 1 617
150640 2 354
151495 1 267
151603 2 226
152128 4 244
152605 1 94
153113 1 267
153500 4 193
153864 1 291
153866 2 362
154425 1 1890
154661 1 132
154707 1 113
154819 1 766
154923 1 609
155144 1 1434
155758 1 608
155883 1 550
155953 4 358
156351 1 978
156655 3 448
157882 2 496
157908 9 443
158108 1 583
158202 1 1427
158233 1 1098
158531 1 1096
158585 2 455
158665 2 341
158679 1 471
158749 1 184
158800 1 1670
159009 1 132
159040 3 416
159971 1 337
161066 3 1337
161460 4 284
161500 1 740
162074 2 672
163782 4 399
164177 1 708
164283 1 1256
164913 5 658
164945 3 1004
164983 1 344
165026 1 468
165371 2 132
166086 1 164
166393 5 638
166554 5 1250
166640 2 812
166695 4 675
167286 2 1111
167348 3 1239
167928 2 413
168209 3 1232
168312 1 805
168464 1 752
168566 1 672
168924 1 444
169437 4 635
169624 2 421
169641 1 896
169995 1 335
169998 2 420
170176 3 283
170180 1 336
170555 1 768
170582 1 505
170753 2 887
170795 1 454
171210 3 414
171366 4 597
171722 1 351
171959 2 492
172763 1 396
173233 1 207
173478 2 422
176839 2 429
194646 1 8206
195339 7 738
206642 1 2339
209269 29 2016
209546 7 523
209559 1 223
209783 1 384
213068 4 4052
214624 2 361
227771 7 788
231288 1 431
231917 1 1347
231918 3 1432
232116 4 778
232298 2 1191
232364 5 333
233243 1 1135
233591 1 716
233940 4 1178
234224 2 276
235194 8 250
236221 2 1882
236471 3 1959
236564 1 628
237869 2 521
237923 1 1831
238313 4 1310
238590 1 1114
238923 23 18797
239118 4 1485
240111 7 1125
240284 6 465
240366 126 117963
240466 6 926
242776 15 40213
243248 56 97794
244515 38 137580
244571 1 2232
244806 4 3319
245065 2 28651
245078 3 2051
245634 1 12083
245722 1 32503
245986 6 12763
246401 1 4475
246521 3 8981
246892 5 4957
246908 7 14731
247469 244 160821
247517 9 40187
247550 175 255154
248097 15 16630
248788 9 56946
248809 7 45708
248977 1 270
249339 3 15594
249740 230 228328
250059 79 37994
250267 6 10956
250382 13 10224
250533 4 14895
251420 9 20131
251525 6 18764
251564 7 5212
251901 6 11936
252105 3 5983
252207 1 429
252921 10 52519
253018 393 331696
253067 55 104143
253311 37 35432
253593 155 171848
253795 14 27039
254004 1 949
254108 126 174176
254193 2 376
254943 1 12040
255176 1 508
255620 1 680
256043 8 19276
257049 5 26471
257584 1 8706
257754 1 4355
257812 49 103213
257865 2 35772
257951 9 21143
258059 3 14205
258559 51 52150
259115 17 25791
259174 37 19382
261301 1 418
261307 4 591
261782 5 17392
263312 1 599
263316 2 498
263317 3 777
263347 1 975
263562 5 5382
265918 14 504
267235 28 3747
268834 2 417
272639 3 239
272640 4 457
273053 11 17501
274000 1 518
274756 6 555
276485 2 333
277189 1 644
278903 2 573
280229 11 467
280231 11 429
280234 19 567
280235 15 370
280236 31 578
280361 109 6993
280362 3 1817
280366 1 66
280755 28 32241
283611 3 348
283616 3 477
283643 4 369
283654 1 519
287653 4 299
287658 6 543
289827 10 4151
290486 4 1570
291343 1 311
291346 6 475
291354 5 509
291357 7 445
291365 5 564
291491 2 221
291506 2 334
291507 1 437
292162 1 929
292725 2 127
292759 3 510
293387 15 19523
293429 6 273
295943 119 29903
298876 6 602
302781 31 18238
304447 1 133
305058 8 6305
305088 27 11759
311355 149 64459
311819 6 15365
356625 2 437
361863 1 613
409283 5 1056
414608 2 502
428182 3 478
448837 1 713
482517 1 469
484807 1 391
486268 1 252
490586 1 628
510552 1 472
510859 1 144
1972 2 301
9027 1 334
10731 1 333
10931 1 363
11937 1 323
12117 5 237
12171 5 251
13801 1 302
13835 1 336
16625 2 328
17281 1 388
17523 1 349
17812 3 550
18264 2 250
18422 2 574
19802 1 110
20427 3 306
20611 1 390
21092 1 299
21512 2 469
29440 1 375
31840 1 488
31910 1 537
34345 1 382
38094 1 603
39921 1 311
41609 1 348
44234 1 157
44444 1 165
44791 1 286
46590 1 377
49075 3 643
54532 1 291
55231 1 301
55634 1 618
56096 1 623
58112 1 393
61036 3 431
67819 1 88
68006 1 94
69211 1 373
69212 1 343
69277 5 216
71606 1 107
74873 1 265
80106 5 386
81097 8 8031
81587 1 378
81763 10 17488
82370 5 12043
82966 3 9952
83276 12 10567
83286 17 10013
83486 3 9952
83772 30 3780
84508 7 2427
84667 6 16914
85304 2 484
85368 101 74892
85481 23 70500
85483 4 2543
85484 6 810
85645 197 153229
85654 1 393
85773 62 82661
85787 124 18539
86147 5 372
86220 215 22240
86367 131 33749
86753 112 173871
86933 1 4342
87007 22 11089
87308 15 12820
88257 3 17762
88791 1 1697
89154 31 10556
90181 26 24998
90599 2 460
90622 7 18843
90795 19 27076
90894 4 5316
90908 14 17901
91127 19 51352
91816 22 1262
91828 6 17995
91853 6 18049
92609 8 24495
93066 7 18445
93245 1 1731
94167 91 21131
94874 6 10538
94923 3 1300
95159 7 3599
95644 3 18339
95669 2 995
95949 10 15650
96031 7 5031
96037 53 46291
96955 3 318
97010 19 1130
97059 5 9334
98046 42 18768
98048 46 13504
98052 4 846
98294 60 23774
98402 4 1048
99053 1 27408
99255 1 448
99556 7 6147
100351 2 150
100871 2 640
101017 1 449
101367 1 1091
101420 1 166
101828 3 1327
102500 1 35
102937 1 561
103122 3 1100
103446 6 716
103544 2 1818
103545 1 601
103720 1 1680
103816 2 1220
103878 1 547
104433 1 592
104531 1 1513
104657 1 497
104668 1 854
104673 1 1086
104705 1 1201
104706 1 830
104730 2 1202
104831 6 928
106214 2 959
106302 1 656
107004 1 314
107253 5 1130
107318 9 1771
109023 1 640
109282 1 100
109854 1 359
110039 2 1153
110181 2 1338
111005 4 1302
111157 1 993
111425 2 1782
111718 1 520
112213 1 368
112971 1 1127
113400 1 101
113466 1 375
113685 1 697
113736 2 1834
114602 5 581
114968 3 506
115496 1 518
115610 1 300
115809 1 764
115951 1 503
117396 1 599
118350 1 498
118420 1 224
119501 5 517
119698 12 5402
120452 1 433
121627 2 2118
121795 1 386
121847 3 1214
121969 4 813
122214 1 1518
122447 1 1477
122562 2 2013
122729 2 551
123149 1 331
123467 1 39
123503 1 244
125198 1 1100
125514 1 809
126155 2 641
126604 2 844
128378 1 142
129194 3 815
129195 4 756
129395 1 60
129434 1 3012
129635 2 644
130358 1 154
130631 3 527
130786 1 1851
131157 1 469
131659 1 648
131737 10 500
132706 1 77
133616 1 679
133635 1 1088
133646 1 202
133804 2 154
133951 3 660
134117 3 1307
134372 4 1817
134646 1 188
135688 1 376
136311 5 8993
136315 2 1126
136466 2 535
136537 3 218
136562 1 353
136948 1 127
137223 2 343
137352 2 1771
137660 1 321
138017 2 219
138535 1 552
139679 1 1337
141401 1 539
142371 1 141
142506 2 148
142840 1 602
142867 1 127
143014 2 1583
143388 9 1566
143390 3 872
143491 2 255
143701 1 237
144140 1 79
144522 3 684
145630 1 776
147133 5 9616
147364 1 169
147450 3 939
147572 1 601
147676 3 1008
148223 1 784
148321 3 503
148447 1 347
148830 1 714
148870 1 79
149111 1 854
149288 1 377
149670 1 686
149694 1 897
150210 1 106
150251 1 1056
150503 1 617
150506 2 513
150657 1 773
151178 1 687
151725 1 134
151912 1 410
151942 1 1187
152128 1 244
152241 1 547
153278 3 583
153430 1 205
154036 4 4041
154275 1 588
154753 2 1410
155144 1 1434
155192 4 1271
155393 1 1401
155572 1 890
155758 2 608
155875 3 867
155884 2 429
155890 2 1497
155953 1 358
156294 2 1703
157411 1 824
158202 1 1427
158230 1 955
158233 3 1098
158653 1 1094
158749 1 184
158800 1 1670
158990 3 1771
159052 1 295
159146 1 841
159167 7 2203
159189 1 368
159299 2 260
160103 5 676
160706 18 1166
161004 1 340
161066 3 1337
161067 1 358
161906 4 1186
163019 3 3033
163876 1 788
164283 1 1256
164639 1 66
164913 1 658
164945 1 1004
165567 6 543
165947 1 782
166104 1 950
166122 1 718
166161 1 489
166384 1 368
166554 1 1250
166696 1 789
166837 1 447
167929 2 1214
167959 10 421
168208 1 749
168209 1 1232
168312 1 805
168582 2 494
168835 1 498
169421 2 303
169610 1 637
169998 1 420
170180 1 336
170753 2 887
170754 2 595
171959 3 492
172141 2 778
172422 1 2130
172751 1 765
173246 1 528
173436 2 993
175132 1 413
179009 1 216
184927 1 301
188706 1 131
191126 1 195
194646 4 8206
209546 1 523
212398 1 858
213068 1 4052
214004 1 126
219505 7 2185
219506 8 2187
220611 1 123
223069 1 250
226934 15 385
227771 2 788
227911 1 92
231779 1 549
231918 1 1432
231937 2 1069
232116 1 778
232298 1 1191
232489 2 958
233243 1 1135
233940 3 1178
234044 1 474
234555 2 549
234641 2 910
234893 2 272
235559 2 1318
236221 6 1882
236332 3 1408
236471 3 1959
236540 1 533
237909 1 558
237923 2 1831
238241 2 379
238590 1 1114
238923 69 18797
239118 1 1485
239351 1 117
240111 1 1125
240262 2 769
240366 281 117963
241455 1 1560
242339 1 735
242776 39 40213
243248 593 97794
244515 104 137580
244806 3 3319
245065 12 28651
245078 2 2051
245634 28 12083
245722 8 32503
245986 15 12763
245987 1 1068
246401 13 4475
246521 3 8981
246759 4 1276
246892 3 4957
246908 1 14731
247469 821 160821
247517 21 40187
247550 556 255154
248097 30 16630
248651 3 3040
248788 21 56946
248809 19 45708
249740 657 228328
250059 154 37994
250267 7 10956
250382 3 10224
250533 13 14895
251420 20 20131
251525 8 18764
251564 4 5212
251901 15 11936
252105 11 5983
252921 10 52519
253018 881 331696
253067 565 104143
253311 19 35432
253593 221 171848
253683 16 4717
253795 18 27039
254108 341 174176
254193 2 376
254810 1 663
254943 5 12040
255176 1 508
255560 1 700
255621 1 649
256043 7 19276
257049 15 26471
257584 6 8706
257812 195 103213
257865 130 35772
257951 11 21143
258059 2 14205
258559 244 52150
258976 1 136
259115 12 25791
259174 10 19382
261301 1 418
261782 5 17392
263312 1 599
263347 1 975
263562 5 5382
267235 10 3747
271370 1 663
272231 3 778
272640 1 457
274000 2 518
277189 18 644
279513 1 592
279516 2 476
279530 1 589
279532 2 579
280361 1 6993
280362 12 1817
280541 2 159
280755 73 32241
283583 4 244
283654 1 519
286530 1 386
287760 1 533
287761 1 334
288130 2 358
288421 2 369
288424 1 295
289827 6 4151
290486 2 1570
291343 1 311
291346 6 475
291354 1 509
291357 1 445
291365 1 564
292725 1 127
293387 8 19523
295943 54 29903
302781 8 18238
304313 1 658
304328 3 417
304348 13 332
304351 13 411
304353 13 418
305058 10 6305
305088 19 11759
310982 2 220
311355 77 64459
311819 4 15365
313155 4 333
314512 2 52248
319651 1 469
364145 1 132
377413 1 151
380687 1 374
398016 4 331
398038 4 329
401076 2 50
418127 1 197
428182 1 478
445304 2 445
452146 1 248
461201 2 568
463870 9 560
482517 1 469
516997 2 318
523806 1 484
524013 1 470
581 10 183
624 11 255
759 10 194
1036 2 91
1404 5 351
1420 12 314
1493 7 133
1598 6 333
1693 12 278
1696 2 380
1914 9 260
1972 1 301
2572 1 315
4730 7 465
4881 5 334
5143 7 467
6556 2 280
8404 1 227
8558 16 310
8692 9 294
8734 9 233
8797 2 159
8924 8 235
9027 18 334
9046 11 307
9679 3 169
10654 3 286
11286 2 66
11759 12 349
11979 8 213
12172 14 222
12257 7 291
12259 5 338
12267 3 338
12429 5 395
12454 2 365
12821 1 470
13648 1 139
13801 3 302
13835 2 336
13907 1 267
14278 10 103
14625 1 481
16078 3 427
16130 1 232
16734 2 128
17006 1 155
17172 1 528
17227 1 337
17281 24 388
17296 1 188
17523 20 349
17656 5 233
17812 4 550
17882 9 237
18264 9 250
18299 3 144
18422 3 574
18763 3 314
18766 1 95
19429 16 295
19619 1 697
19853 2 127
20164 1 226
20227 2 58
20611 7 390
20938 19 286
21151 2 392
21512 1 469
22380 7 303
22877 3 253
22912 4 162
22921 1 134
23171 4 401
23258 14 271
23560 25 457
24243 2 87
24325 13 640
25860 5 179
26269 1 564
27383 21 351
27589 10 216
27601 7 414
28439 16 331
29011 3 246
29211 15 383
29440 8 375
30025 1 534
31261 8 305
31428 1 152
31712 1 475
31840 1 488
31910 2 537
32459 1 127
33429 7 349
33476 2 78
33565 4 483
34345 1 382
34520 8 265
34674 8 260
35002 6 267
35055 3 162
35229 9 287
35330 9 237
36059 4 159
36412 2 82
36603 2 401
36798 6 155
36808 1 338
37657 2 372
38094 3 603
38160 18 344
39237 2 318
39362 3 122
39389 12 160
39461 1 295
39478 3 128
39686 1 170
39734 1 316
39921 2 311
39980 3 171
40017 8 416
40177 2 524
40405 4 254
40593 3 349
40595 5 660
41052 6 228
41421 3 362
41461 1 351
41609 11 348
41706 1 244
41789 2 133
42204 4 207
42373 5 301
42779 4 474
42912 6 527
43301 2 387
43302 2 165
43846 16 452
43892 16 443
44276 7 266
44764 1 177
44791 4 286
44813 7 252
44834 5 356
45844 5 224
46386 9 376
46590 3 377
47636 2 414
47687 2 323
48103 18 296
49075 1 643
49861 2 90
50102 2 108
50325 2 218
50600 9 190
50739 28 506
50741 13 253
51453 7 104
52676 1 116
53006 3 96
54633 10 345
54668 4 187
54736 3 118
54994 1 119
55231 10 301
55634 8 618
55637 2 574
56096 8 623
56188 3 684
56320 12 363
57639 2 397
57643 1 484
57769 3 211
58004 5 91
58112 9 393
58233 3 296
58235 9 390
58404 4 141
58508 3 95
58800 1 397
59391 10 511
59656 6 245
59796 4 342
59834 1 260
60332 4 179
60421 3 147
61036 1 431
61796 1 292
62004 3 108
62124 2 104
62170 4 342
62200 4 536
62254 1 238
62413 8 553
62427 4 594
62658 2 490
63123 4 259
63143 5 356
63176 5 203
63770 3 157
63777 5 132
64206 1 582
64330 6 256
64482 3 329
64673 3 232
65380 1 254
65488 2 244
66870 9 481
67814 2 299
67819 3 88
67962 4 325
68006 3 94
68061 12 200
68075 2 149
68670 1 299
69099 8 340
69145 4 86
69211 14 373
69212 7 343
69229 7 535
69275 14 343
69277 6 216
69283 10 419
69378 23 389
69410 21 364
69463 3 640
69685 10 416
70647 3 100
71234 12 366
71441 12 370
71943 2 101
72503 3 346
72676 3 375
72963 5 121
73779 1 151
74873 4 265
75155 7 331
75179 2 239
75276 6 340
75575 3 150
75707 3 651
75759 5 265
76404 2 564
76509 1 578
76653 3 108
77143 6 304
77214 4 185
77560 2 104
77973 1 394
79001 2 111
79534 4 253
80106 1 386
81587 13 378
83772 4 3780
84508 1 2427
85368 9 74892
85481 8 70500
85645 11 153229
85773 6 82661
86147 1 372
86220 2 22240
86753 36 173871
90795 3 27076
90908 6 17901
91816 1 1262
92609 3 24495
94167 5 21131
95159 1 3599
96037 1 46291
97010 1 1130
97059 8 9334
98294 20 23774
99053 2 27408
100050 1 218
100755 1 299
101017 9 449
101024 2 106
101047 2 575
101157 1 214
101292 2 384
101367 12 1091
101503 14 487
101899 1 339
102087 1 171
102949 1 154
103219 2 64
103427 1 659
103544 3 1818
103720 2 1680
103816 1 1220
103878 1 547
104154 5 333
104221 1 652
104340 8 438
104394 2 397
104657 15 497
104667 25 832
104668 22 854
104671 1 148
104672 14 727
104673 35 1086
104693 2 161
104705 19 1201
104713 19 479
104721 2 516
104730 21 1202
104755 31 503
104762 15 793
104763 2 1044
104764 2 650
104767 24 788
104770 9 596
104818 1 347
104831 40 928
104920 1 1519
105293 1 129
105919 3 513
106063 1 63
106283 9 346
106301 4 975
106306 1 354
106369 1 361
107004 5 314
107662 7 1208
107794 1 133
107989 9 582
108088 1 39
108471 13 398
108493 1 166
108496 26 397
108703 3 1239
108723 2 631
108877 2 520
109023 1 640
109282 1 100
109327 17 1056
109758 5 180
109854 1 359
109887 1 482
110039 10 1153
110054 2 706
110118 7 270
110120 1 538
110193 1 114
110993 2 526
111054 3 297
111157 1 993
111179 1 764
111238 1 806
111684 15 394
111977 1 131
112291 1 714
112342 2 674
112433 8 153
112979 1 42
113863 2 636
114740 2 375
114947 1 228
114950 2 1976
115496 1 518
115626 2 299
115635 1 464
115645 1 401
115809 1 764
116047 3 331
116964 4 121
116994 1 582
117270 1 632
117312 15 413
117980 2 202
118350 1 498
118409 4 412
118616 2 373
118676 2 467
118913 1 180
119219 1 722
119595 1 300
119703 2 242
121030 1 1072
121204 14 385
121277 2 458
121627 1 2118
121649 1 416
121655 1 121
121732 9 426
121795 19 386
121847 2 1214
121927 1 132
122051 1 111
122214 2 1518
122215 7 365
122431 1 127
122566 1 91
123082 11 532
124743 4 187
124865 1 82
125044 2 109
125051 7 330
125198 3 1100
125992 1 828
126199 1 440
126534 6 594
126604 1 844
126683 1 617
127485 4 219
127544 1 389
127588 2 123
127821 1 175
127924 6 283
127998 1 552
128099 1 119
128319 1 649
128399 5 353
128421 2 228
128911 2 1131
129194 1 815
129434 4 3012
129583 4 581
130188 9 144
130358 3 154
130561 1 90
130673 1 482
131146 1 182
131411 1 245
131737 1 500
132049 2 583
133177 2 168
133225 2 514
133357 1 572
133616 2 679
133646 9 202
133736 1 449
133793 3 267
133951 26 660
134058 2 238
134168 1 409
134232 1 131
134641 1 167
134646 4 188
134834 1 136
135621 1 98
136298 8 381
136311 1 8993
136406 4 424
136466 23 535
136467 4 268
136479 9 730
136533 1 830
136537 4 218
136562 2 353
136584 1 431
136628 1 342
136700 5 270
136752 2 78
137223 1 343
137516 2 649
137565 1 133
137605 8 114
138223 2 501
138310 1 146
138351 2 170
138464 2 171
138496 7 124
138600 2 80
139115 11 759
139285 2 765
139326 3 405
139680 2 539
139834 2 634
139846 2 159
139945 2 268
140436 1 183
140696 1 911
140917 4 172
141940 5 738
142367 4 97
142501 2 888
142785 1 137
142840 2 602
142842 6 176
142845 1 178
142934 1 303
143390 1 872
143691 1 422
143701 2 237
144138 1 277
144762 1 188
145212 1 193
145350 1 697
145915 3 157
145996 18 687
146036 1 45
146530 4 261
146704 1 370
146867 10 318
147133 2 9616
147572 2 601
147661 6 588
147994 1 121
148100 5 295
148236 8 648
148469 1 278
148691 2 835
148813 1 242
149110 1 311
149288 11 377
149537 1 73
149555 2 624
149615 1 568
149642 2 653
149674 1 220
150640 5 354
150701 25 516
150983 1 646
151287 18 803
151527 3 350
151588 1 410
151591 5 426
151725 3 134
151812 5 278
151912 1 410
152091 6 327
152128 6 244
152136 1 139
152310 2 1341
152321 1 470
152347 2 149
152870 1 310
153047 1 373
153113 4 267
153357 3 591
153866 4 362
154275 6 588
154423 1 181
154813 3 252
154819 5 766
154923 2 609
154992 1 616
155107 1 413
155512 2 366
155572 1 890
155890 9 1497
156294 1 1703
156728 1 1262
156888 3 109
157085 1 334
157101 1 429
157304 2 156
157908 1 443
157926 3 1340
158202 9 1427
158267 1 151
158531 1 1096
158585 11 455
158586 1 780
158624 1 701
158653 2 1094
158679 3 471
158749 3 184
158819 2 761
158885 13 403
158888 9 185
158990 3 1771
159013 1 736
159146 1 841
159189 18 368
159299 10 260
159316 5 951
159663 2 145
159971 4 337
160103 1 676
160131 3 267
160167 3 693
160956 6 440
161004 7 340
161318 7 178
161394 1 155
161579 1 204
161788 1 641
161906 5 1186
162074 1 672
162613 8 524
163019 3 3033
163539 7 242
163789 1 1202
164117 3 203
164186 1 441
164207 1 477
164455 2 273
164511 1 411
164639 1 66
164848 1 131
165026 1 468
165567 15 543
165926 1 1835
165959 1 284
166104 7 950
166161 1 489
166185 1 571
166273 1 390
166383 1 763
166554 5 1250
166577 1 95
166837 10 447
167286 3 1111
167928 3 413
168209 1 1232
168566 1 672
168582 1 494
168596 1 684
168767 1 779
169252 11 308
169389 1 50
169421 1 303
169610 13 637
169624 1 421
169849 2 687
170555 7 768
170795 1 454
171237 5 641
171239 2 1455
171361 1 250
171366 6 597
171483 6 164
171599 1 92
171722 1 351
171831 1 414
171962 1 108
172141 3 778
172242 12 391
172321 1 274
172391 2 114
172422 1 2130
172635 4 132
172882 1 142
172918 4 420
173436 1 993
173478 6 422
173572 1 409
173640 1 336
173656 2 332
174082 1 42
174277 1 171
182922 1 498
195260 1 84
198757 4 151
199020 3 182
209546 1 523
216414 1 131
227771 4 788
230783 1 114
231779 2 549
231917 5 1347
231918 1 1432
231937 3 1069
232116 2 778
232298 4 1191
232489 1 958
232495 2 734
233007 30 679
233243 1 1135
233591 3 716
233890 2 1197
233940 1 1178
234044 2 474
234065 2 1022
234224 1 276
234315 4 390
234555 21 549
234641 1 910
234893 1 272
236221 3 1882
236332 3 1408
236455 4 365
236471 1 1959
236540 1 533
236564 2 628
237866 19 380
237872 2 375
237909 4 558
237923 24 1831
238241 20 379
238313 62 1310
238590 2 1114
238760 1 253
239978 13 255
240111 6 1125
240262 1 769
240284 5 465
240366 1 117963
240603 1 183
240844 1 212
241120 2 1005
241455 2 1560
241698 1 461
242135 1 448
242339 3 735
242776 6 40213
243750 8 1277
244515 12 137580
244571 3 2232
244806 4 3319
245065 28 28651
245078 8 2051
245631 1 343
245634 9 12083
245722 6 32503
245987 11 1068
246401 4 4475
246521 13 8981
246759 3 1276
246892 3 4957
247517 2 40187
247550 5 255154
248651 4 3040
248788 7 56946
248809 4 45708
248977 2 270
250267 1 10956
250274 3 353
251420 1 20131
251525 2 18764
251564 4 5212
252105 13 5983
252207 2 429
253018 1 331696
253311 26 35432
253593 5 171848
253683 1 4717
253795 6 27039
254004 1 949
254193 2 376
254810 1 663
254943 3 12040
255176 2 508
255302 2 1862
255560 1 700
255620 3 680
257049 1 26471
257812 1 103213
257865 3 35772
258559 1 52150
258976 1 136
259115 12 25791
259174 23 19382
261299 5 477
261301 1 418
261307 1 591
263316 2 498
263347 2 975
265918 1 504
268834 8 417
271370 6 663
272231 15 778
276485 1 333
279513 23 592
279515 9 515
279516 16 476
279530 29 589
279532 18 579
280231 1 429
280235 1 370
280236 2 578
280361 3 6993
280541 3 159
280755 6 32241
287216 9 377
287653 2 299
287658 1 543
290486 1 1570
292952 1 282
304313 1 658
304348 3 332
304351 3 411
304353 3 418
304447 1 133
305058 3 6305
305088 1 11759
314512 2 52248
315838 1 863
317839 3 71
319651 1 469
321745 1 108
324484 11 586
324548 4 263
325210 1 27
325450 1 666
325478 1 34
325494 1 35
327767 1 113
328015 1 35
329039 1 50
332294 1 31
332799 11 295
336806 1 113
338463 1 78
348472 2 40
348976 1 28
349348 2 55
350813 2 139
356625 3 437
360008 3 363
362214 1 652
363375 6 336
364904 4 366
373165 1 472
377739 21 787
380687 3 374
385051 1 52
390420 3 171
392714 2 70
393297 1 70
393530 1 197
398016 1 331
398038 1 329
399613 3 270
400966 9 803
403561 2 605
