2777 1 275
2872 2 346
3202 3 189
10388 1 169
51474 5 189
54850 4 305
357648 2 741
497548 2 404
164 3 89
1460 3 444
4816 1 476
7114 1 362
9936 1 149
11984 1 220
15515 2 410
20667 4 196
23559 8 423
23634 6 449
29290 5 270
32596 2 229
36120 1 361
36753 4 404
36910 8 509
37888 4 509
38148 1 261
40065 5 350
40219 1 221
42517 4 174
42545 2 254
43576 5 234
44127 2 422
45023 2 140
47118 7 438
51474 3 189
53717 2 540
53783 1 438
54503 1 113
54850 1 305
55646 1 201
56369 5 116
58376 1 201
58742 1 283
61576 1 335
62994 11 456
63133 1 320
63377 1 459
64383 1 316
65106 2 345
66331 1 91
66598 1 334
70612 2 212
71045 4 621
71554 1 147
71607 1 165
72335 4 608
75493 4 195
75528 5 329
75891 5 297
77199 5 181
80062 7 7652
80069 1 3549
80984 13 651
81010 20 1168
81351 6 13810
81761 1 3270
82145 7 1158
82420 8 1401
82757 14 7740
82758 12 757
82796 7 5159
83005 8 729
83527 8 601
83836 9 1156
84066 8 1878
84359 8 652
84601 18 27345
84730 1 448
85327 5 248
85481 7 70500
85645 4 153229
85663 55 21435
85773 8 82661
85901 13 787
85996 2 883
86047 7 700
86048 8 1487
86367 2 33749
86672 8 608
86673 6 3394
86753 10 173871
86864 6 21422
86870 39 3027
86889 1 2409
87002 2 1468
87424 52 8072
87796 6 8183
87807 15 14758
87818 7 843
87951 13 13958
87965 5 9563
88111 9 547
88581 8 6076
88586 12 8816
88648 6 512
88730 4 248
89015 2 120
89058 1 14109
89284 8 1133
89285 8 1753
89531 15 633
89812 4 13490
90026 13 1935
90181 6 24998
90295 17 908
90405 5 6725
90412 6 646
90521 1 7390
90529 5 181
90674 10 634
91303 12 9790
91305 36 14425
91309 2 17335
91391 6 20311
91521 5 12369
91548 16 2340
91697 2 770
91860 97 5390
92032 16 951
92149 22 1138
92159 8 1958
92188 2 64658
92290 22 1138
92300 8 1958
92329 2 64673
92596 4 14515
92603 7 518
92727 8 735
92938 1 20
92939 28 2952
92941 28 1385
92949 1 4249
93089 6 12017
93440 2 203
93482 9 5963
93654 3 102204
93915 11 608
93926 6 5234
94167 4 21131
94279 8 650
94287 22 5762
94435 8 2546
94436 22 1552
94891 2 6390
95178 14 983
95358 8 697
95397 12 1805
95830 3 620
95937 4 11412
96027 7 30491
96037 8 46291
96041 10 32603
96045 6 23429
96049 11 78606
96136 17 20896
96154 7 18583
96305 41 38919
96552 8 510
96702 10 7840
96938 8 1018
97053 13 663
97112 1 892
97240 2 3012
97559 23 10199
97560 3 3033
97888 4 10978
98022 1 4519
98037 20 9135
98051 11 547
98444 8 516
98445 8 884
98598 17 1202
98708 7 12022
98710 156 21905
98899 4 149
98920 9 707
99079 1 1088
99436 13 7025
99869 1 104
100168 3 54
101222 1 533
102817 1 264
103565 1 89
103584 1 310
104441 2 134
104480 1 1186
104531 1 1513
104739 2 82
105248 4 228
105286 1 160
106624 2 165
106647 4 99
107251 2 446
107425 1 277
107506 2 2286
107546 1 53
108294 3 119
109271 1 401
109488 1 330
109520 2 131
109774 1 529
109905 3 140
110047 1 467
111023 1 476
111496 1 130
111539 1 576
111637 1 295
111722 1 463
111936 1 44
111947 4 170
113344 1 523
113454 1 221
113808 1 682
113822 1 225
114146 2 257
114323 1 589
114537 3 404
114887 1 345
116271 1 124
116719 2 527
116912 1 516
118817 1 117
118978 2 129
119180 1 59
119496 1 150
119771 1 527
120302 3 429
120966 1 805
121468 1 192
121591 1 316
122176 1 91
122968 1 488
123617 1 100
125414 1 1118
126770 1 473
126937 3 535
127277 1 412
129384 1 243
129835 2 96
130455 2 410
131151 2 137
132122 4 306
132519 1 575
132602 1 529
134863 1 160
135486 1 184
135934 1 276
136664 1 446
138827 1 250
139838 1 422
140390 1 830
142285 1 365
142877 1 187
143292 1 539
143339 2 161
144805 1 88
145080 2 916
145151 1 559
145627 2 529
145870 1 322
147967 1 104
148970 1 496
149617 1 746
150923 5 760
151010 4 236
151424 1 45
151776 8 485
152757 4 568
152868 1 130
153041 1 449
153238 3 418
153477 1 177
154051 2 814
154672 5 666
154858 1 157
154951 1 129
156943 1 217
157762 1 731
157931 1 399
158036 4 397
158396 2 517
158400 5 227
158715 2 265
159529 1 252
161034 5 357
161059 2 291
161131 1 145
161265 2 701
161569 1 522
162784 3 184
162802 2 128
163238 1 511
163244 1 755
164109 2 152
164239 1 472
164267 4 187
165331 1 1360
165885 3 115
166158 1 426
166834 4 527
168067 1 151
170909 1 176
171489 2 602
173023 1 491
173200 3 136
173418 2 143
173604 1 149
194381 7 208
194399 1 223
217938 2 443
218246 2 102
221791 1 139
232500 5 219
233025 5 1768
233387 4 130
235153 2 120
235238 9 175
235527 1 210
236010 9 312
237816 1 388
239897 1 74
240366 3 117963
240473 11 385
242854 1 41
242864 7 8168
242868 2 16984
243248 16 97794
243249 16 55340
243328 1 30540
243636 1 73383
243726 4 10543
243786 3 18912
244029 6 22995
244515 3 137580
244846 1 32902
245091 2 755
246068 20 19691
246220 13 47306
246411 1 30
246565 2 563
246674 4 19215
246695 12 65027
247387 19 63961
247469 73 160821
247550 10 255154
247672 1 33059
247951 10 19772
248562 3 40310
248610 2 211360
248788 1 56946
249329 1 41571
249740 10 228328
250059 42 37994
250425 3 61
250435 3 4083
250750 22 25707
250985 4 10837
251027 13 42465
251539 20 2947
251841 1 2745
251944 2 2578
252154 6 29717
252474 2 81579
253018 49 331696
253067 19 104143
253231 4 1558
253462 1 48129
253593 1 171848
253934 9 27329
254108 18 174176
254223 2 65
255144 2 25727
255289 14 51128
255294 5 274
255476 1 44402
255538 1 16755
255541 1 23458
255777 1 64507
255830 17 84137
256043 1 19276
256283 1 34425
257193 1 35712
257325 1 3462
257386 1 68
257628 4 364
257812 18 103213
258225 1 14533
258361 2 26906
258559 15 52150
258846 2 18003
259115 3 25791
259382 4 564
259496 2 427
259512 3 438
260087 7 317
260088 6 351
260144 13 506
260145 12 577
260146 7 308
260147 7 365
260206 6 189
260207 7 187
260208 18 477
260230 10 228
260231 16 308
260861 1 427
260934 4 471
261093 1 344
261121 4 374
261453 3 128
261622 8 580
261941 1 355
261956 6 306
262003 4 634
262110 4 407
262112 4 407
262460 7 298
262475 9 233
263217 4 374
263219 4 374
263221 4 374
263440 6 431
263479 11 16989
263579 3 209
263713 2 330
263719 1 481
263873 2 382
264362 1 250
264385 12 384
264414 8 578
264768 6 330
264868 11 587
265639 1 320
265647 10 335
265660 4 464
265662 14 332
265696 3 129
265856 6 1359
265958 4 380
265960 4 407
266412 2 225
267328 10 528
267329 3 173
268003 1 112
268203 4 328
268224 1 359
268347 3 129
268780 4 302
268904 3 276
269292 4 298
269305 4 274
269564 2 503
269565 3 234
269679 2 350
269699 4 362
270136 4 491
270153 4 274
270479 4 275
270505 3 528
270963 9 320
270966 2 199
271057 4 109
271489 4 408
271703 1 401
271956 4 374
272016 4 275
272308 1 110
272325 4 479
272468 4 275
272531 8 481
272533 10 572
272534 8 539
272657 3 778
272867 2 290
273991 4 274
274557 4 401
274958 2 464
275027 1 330
275034 6 384
275244 10 455
275256 4 455
275257 20 671
275283 1 246
275500 3 405
276699 4 274
276934 3 315
276946 3 206
277309 4 373
277311 4 549
277313 4 553
277315 4 372
277317 4 552
277320 3 324
277321 1 151
277393 4 461
277546 8 572
277895 2 473
277896 2 341
278101 1 371
278205 4 654
278846 1 401
278857 3 407
279099 8 483
279100 3 162
279370 4 420
279390 4 549
280021 2 355
280181 11 518
280755 2 32241
282012 1 541
282024 4 446
282026 4 444
282867 4 445
283159 4 331
283408 2 484
283537 5 334
283895 4 430
283939 12 482
283943 9 487
284554 2 557
285183 4 271
285268 2 332
285467 3 342
286424 8 339
286672 4 569
286767 4 275
287106 4 274
287722 2 238
287738 4 348
287939 3 208
288337 3 458
289592 5 374
289593 5 502
289664 4 491
289667 1 367
289679 3 321
289723 8 233
289725 2 350
289827 4 4151
290097 3 740
290098 1 224
290557 8 228
290559 2 568
290717 1 113
291021 1 266
291119 2 585
291434 4 191
291530 9 455
291534 10 305
291535 12 383
291536 7 65
291537 8 341
291538 8 317
291539 6 36
291540 1 255
292372 3 497
292383 1 314
292389 2 355
292423 5 566
292424 3 364
292425 13 270
292426 3 130
292428 14 491
292429 6 383
292430 2 361
292432 8 259
292433 24 398
292438 3 442
292439 5 335
292448 6 368
292449 8 482
292886 6 356
293684 4 436
293686 4 332
294073 1 263
294140 3 352
294204 2 529
294267 1 484
294290 1 199
294637 2 344
295943 30 29903
295998 2 426
296436 8 383
296437 11 490
296837 3 692
296838 1 215
297071 8 220
297081 2 285
297252 1 161
297506 4 434
298755 6 377
298854 3 3484
298991 1 625
298994 4 891
299381 7 329
299382 7 412
299383 3 213
299399 8 375
300739 7 572
301038 5 296
301580 9 451
301693 2 423
301700 1 346
301702 1 351
302243 2 216
302968 9 474
303282 3 347
303302 4 909
303303 3 687
303304 1 215
303440 4 244
303707 7 422
303812 2 323
304209 9 340
304213 2 135
304672 4 438
304997 4 522
305088 7 11759
305099 4 524
305233 2 333
305258 8 577
305264 1 432
305265 4 350
305291 3 423
305292 13 399
305294 5 370
305343 4 594
305345 2 563
305346 3 530
305349 12 565
305405 4 327
306085 4 513
306380 4 346
306827 2 638
307481 3 567
307563 1 111
307678 7 701
307987 1 551
308563 5 707
308720 4 513
308724 3 253
308727 4 513
310041 13 279
310327 7 394
310329 6 307
310524 4 211
310632 8 577
311355 1 64459
311371 1 111
311527 4 499
312997 26 12327
313320 13 528
313321 7 335
313322 7 391
313324 6 426
313327 7 310
313330 18 473
313334 17 390
313336 4 131
313337 5 379
313345 9 567
313460 4 676
313583 4 427
314464 8 577
314534 4 664
314955 2 69
315213 2 176
315705 3 68
325884 1 103
326748 3 49
328291 2 34
328493 2 59
331079 1 53
331999 1 83
332131 1 116
333698 1 36
333721 1 405
343700 1 199
347081 1 45
347295 1 457
349824 1 496
350364 3 117
350631 3 152
352327 2 519
352732 2 42
354080 1 32
354862 1 597
355257 1 88
356840 3 324
357057 3 58
357886 2 171
358087 1 79
360729 1 196
363050 1 501
363557 2 49
364719 1 95
364840 6 567
367258 2 449
367539 1 192
367729 1 105
368130 1 262
368184 1 263
369555 1 46
369766 1 354
370354 1 257
371063 1 82
373469 13 4030
373470 1 2540
373528 1 978
374842 1 60
375470 4 186
376806 1 187
376826 1 241
376945 1 202
377353 1 328
378329 2 294
378362 1 156
379045 8 101
379439 1 300
380147 1 262
380219 2 172
380362 1 523
381549 1 268
381862 7 389
384412 4 202
384686 1 612
385859 1 642
390482 1 79
394144 1 226
401280 1 1632
404408 3 468
405459 1 235
405811 1 284
406209 1 59
406619 2 145
411399 2 289
411594 1 792
411677 1 250
417300 2 378
421001 2 97
421008 1 515
421170 2 70
421731 2 87
422914 1 64
424299 2 79
425690 2 91
425871 2 154
426668 1 209
427429 1 222
428311 1 229
428837 2 86
428933 1 182
431260 1 137
434453 1 188
436430 1 797
440314 1 215
441378 1 244
445395 1 74
447540 1 64
453294 2 80
457437 2 83
459209 1 273
459373 1 219
460303 1 57
460628 1 357
461366 1 49
462431 2 113
468241 1 268
468558 1 95
469253 1 91
473158 1 70
473839 4 175
476681 1 104
479521 1 495
480742 1 876
481050 1 690
482549 1 156
486532 2 90
488084 2 135
491567 1 312
491811 3 178
492684 2 122
493380 2 86
493447 1 44
494913 1 52
495645 8 557
496100 1 299
497700 1 476
498920 1 68
499489 5 237
500381 3 210
501006 3 254
502343 1 335
503010 2 98
503237 1 64
507940 4 249
508990 1 485
515404 3 505
520255 6 412
522539 9 179
299 4 278
527 3 176
3144 3 192
5279 3 222
6546 4 194
6972 1 317
7013 1 536
7153 1 225
7164 1 311
7189 1 398
7854 2 241
9095 1 462
9185 1 468
10784 1 240
13151 1 243
14002 1 426
15065 1 555
15243 1 301
15515 3 410
15566 14 754
16065 1 110
16275 1 416
16578 1 465
16930 4 204
18323 1 201
18853 3 362
21090 2 372
21136 2 421
21586 1 357
23338 2 260
24919 2 206
25148 1 342
25945 1 257
26887 2 403
27124 1 237
27468 1 222
28420 1 524
29710 1 470
30488 1 100
30578 3 283
31728 1 218
31942 1 552
32596 1 229
34183 1 353
35592 1 166
36120 2 361
37888 2 509
38003 1 279
38148 9 261
40687 2 545
40886 1 271
41129 2 309
42322 2 308
43576 2 234
43888 1 384
44127 7 422
44179 2 418
44673 1 329
47019 5 99
49682 2 489
51474 2 189
53038 1 301
53053 5 311
53205 1 281
53687 1 163
53717 1 540
53783 1 438
54633 1 345
55646 1 201
56817 1 227
58376 1 201
59682 2 386
60656 1 373
62795 1 166
62994 1 456
63103 1 414
63191 2 363
63377 1 459
64015 1 109
64511 1 390
66331 3 91
66598 1 334
69627 1 165
70915 2 381
72681 1 236
74556 1 566
75450 2 506
75495 1 554
75748 2 487
75754 1 489
75999 4 309
76500 1 348
77137 2 380
77522 5 447
77808 1 214
78272 1 242
79007 1 481
79210 1 117
80062 5 7652
80069 34 3549
80156 1 5533
80158 24 7900
80456 1 3259
80984 2 651
81010 3 1168
81186 5 222
81351 131 13810
81587 1 378
81761 26 3270
82145 1 1158
82239 1 1399
82240 1 405
82370 2 12043
82420 3 1401
82648 85 18160
82683 3 9014
82757 374 7740
82758 4 757
82796 3 5159
83005 1 729
83195 26 690
83277 6 393
83527 1 601
83836 1 1156
84066 1 1878
84359 1 652
84504 7 1810
84601 4 27345
84702 1 795
84730 2 448
85089 35 3572
85368 309 74892
85481 111 70500
85645 481 153229
85663 44 21435
85773 129 82661
85787 11 18539
85901 4 787
85918 1 801
86034 101 48792
86048 1 1487
86367 385 33749
86661 5 1030
86672 1 608
86673 10 3394
86686 7 1125
86753 142 173871
86864 33 21422
86870 35 3027
87002 37 1468
87424 95 8072
87547 24 5251
87796 37 8183
87803 40 10785
87807 29 14758
87818 5 843
87951 83 13958
87965 122 9563
88064 5 523
88111 1 547
88581 14 6076
88586 12 8816
88648 1 512
89058 29 14109
89284 1 1133
89285 1 1753
89410 5 3052
89531 4 633
89748 4 286
89812 117 13490
90181 168 24998
90295 2 908
90405 65 6725
90521 88 7390
90674 2 634
91303 10 9790
91305 11 14425
91309 97 17335
91385 10 5803
91391 23 20311
91521 97 12369
91548 12 2340
91860 5 5390
92032 1 951
92149 3 1138
92159 1 1958
92188 15 64658
92290 3 1138
92300 1 1958
92329 15 64673
92596 7 14515
92603 3 518
92727 1 735
92939 11 2952
92941 13 1385
92949 41 4249
93089 17 12017
93440 2 203
93645 38 25512
93654 770 102204
93915 2 608
93926 5 5234
94044 7 6020
94167 32 21131
94279 1 650
94284 88 72168
94285 20 21629
94287 12 5762
94435 1 2546
94594 3 6337
94891 158 6390
95048 35 3220
95159 20 3599
95178 6 983
95358 1 697
95363 8 33206
95365 1 10517
95397 3 1805
95825 4 514
95937 36 11412
96027 310 30491
96037 663 46291
96041 224 32603
96045 30 23429
96049 94 78606
96136 126 20896
96154 9 18583
96157 13 10631
96305 15 38919
96439 9 14205
96552 1 510
96559 3 2221
96595 5 268
96633 1 196
96925 4 516
96938 1 1018
97053 4 663
97112 1 892
97240 4 3012
97559 18 10199
97560 5 3033
97740 16 2459
97888 1 10978
98022 16 4519
98037 23 9135
98051 3 547
98297 233 7737
98444 1 516
98445 1 884
98598 9 1202
98708 9 12022
98710 5 21905
98899 3 149
98920 3 707
99079 4 1088
99436 8 7025
99449 14 41595
99451 18 19333
100286 1 105
100325 1 543
100473 5 637
100844 4 63
100881 1 848
100974 6 1190
101159 1 1216
101222 3 533
101288 2 143
101523 1 366
101594 1 748
102216 1 205
102241 1 1269
102246 4 583
102271 1 70
102706 1 94
103029 1 430
103363 1 236
103415 2 48
103544 2 1818
103796 1 131
103884 1 81
103975 1 721
104076 3 793
104102 2 1141
104208 1 489
104379 2 1257
104480 3 1186
104532 3 816
104762 1 793
104920 1 1519
105269 7 4204
105773 1 1223
105817 3 118
105863 1 753
105915 3 997
105941 1 1142
106379 1 1575
106541 1 988
106705 1 891
106706 1 267
106893 2 163
107206 1 410
107546 1 53
107872 2 54
108703 3 1239
108706 2 727
108854 1 733
109006 1 896
109031 4 369
109520 4 131
109571 3 356
109688 3 578
109839 4 576
109855 1 632
110663 1 446
110706 2 170
110996 1 125
111135 2 655
111184 1 276
111267 2 1589
111327 1 300
111577 1 87
111646 8 478
111715 3 49
111739 1 335
111869 1 860
112052 1 1479
112274 1 1216
112551 7 805
112855 1 542
113006 1 366
113510 2 121
113863 1 636
114321 1 45
114646 5 226
114654 2 616
115279 5 959
115403 1 1156
115450 2 565
115620 1 1320
115690 1 339
115747 1 1600
115796 1 165
116398 1 130
116423 2 765
116663 2 573
116719 1 527
117034 2 59
117300 21 591
117353 1 600
117628 2 749
118747 3 1174
118774 1 439
118817 6 117
118836 1 580
119019 1 101
119464 1 177
119496 1 150
119613 2 110
119628 1 92
119714 1 131
119746 1 504
120005 5 1474
120036 2 110
120067 1 875
120302 1 429
120468 1 863
120819 1 1098
120846 1 614
120966 1 805
120994 6 625
121104 1 818
121159 2 669
121198 10 869
121261 1 148
121304 2 870
121369 1 58
121398 3 516
121461 1 595
121586 1 1224
121708 2 134
121751 1 529
121814 2 1494
121827 2 679
121969 1 813
122682 1 735
122729 1 551
122741 8 489
122784 1 562
122968 1 488
123042 1 581
123088 7 182
123145 2 806
123389 3 275
123441 2 797
123702 1 952
123843 3 893
123872 1 375
124002 1 511
124140 1 392
124305 7 2625
124725 1 145
124861 18 389
124937 2 411
125063 1 686
125207 1 104
125414 2 1118
125614 5 2113
125742 1 123
125800 2 285
126038 1 356
126074 1 601
126244 4 1414
126309 3 1108
126331 14 280
126332 1 513
126593 1 765
126594 2 819
126937 3 535
126973 1 470
127890 1 118
127901 1 112
128117 1 921
128261 4 284
128527 5 140
128588 1 806
128682 1 162
128863 1 115
129020 1 110
129094 6 805
129131 1 322
129228 2 72
129286 2 1245
129302 1 170
129309 1 117
129434 5 3012
129583 1 581
129952 1 338
129975 1 765
130146 1 639
130353 2 119
130455 3 410
130576 3 586
130926 1 492
131133 2 656
131218 1 192
131387 1 175
131655 3 1322
131670 1 1259
131851 7 1227
131892 7 1478
132106 1 285
132294 3 621
132398 2 458
132602 1 529
132603 1 329
132653 1 1150
132660 1 142
132780 1 638
132781 6 1197
132793 2 544
132806 2 2166
132811 1 962
132833 2 565
132852 8 205
132864 4 596
132871 1 443
133173 2 553
133309 2 154
133376 1 258
133486 4 908
133767 1 734
134252 2 173
134256 1 221
135052 1 870
135117 2 613
135194 2 642
135818 2 1206
135882 3 1400
136087 2 946
136719 1 647
136850 4 638
136956 3 129
136963 1 576
137276 1 219
137437 2 546
137638 1 79
137719 2 137
137885 1 412
138485 1 423
138623 2 535
138697 3 137
138827 7 250
138891 1 174
139190 6 580
139308 1 261
139522 3 351
139980 3 492
139983 3 628
140365 1 285
140441 2 196
140494 2 122
141377 1 884
141413 14 1554
141511 1 499
141677 2 152
141719 1 439
141781 1 155
141813 1 208
141877 3 562
142096 1 515
142637 2 77
142821 4 1052
142903 1 264
142985 1 211
143154 2 145
143569 1 298
144073 1 1234
144488 2 638
144628 4 1328
144888 1 176
145080 1 916
145081 1 411
145122 3 94
145195 1 107
145634 5 72
146549 2 651
146580 2 154
146734 1 451
146746 2 792
147001 9 825
147211 3 703
147702 1 653
148351 3 274
148388 5 675
148739 1 145
149144 3 685
149257 1 684
149484 1 180
149623 1 267
149784 3 156
150016 3 1140
150308 1 483
150513 1 77
150544 3 613
150665 1 646
150923 1 760
151044 2 1554
151167 1 737
151172 5 492
151256 3 188
151961 2 333
152151 1 663
152238 1 496
152679 5 186
152983 1 137
153184 2 189
153215 1 487
153477 5 177
153792 1 840
154051 6 814
154052 2 111
154101 1 509
154113 1 157
154261 1 96
154275 1 588
154313 3 640
154391 1 281
154393 1 81
154425 1 1890
154441 3 916
154998 2 873
155089 2 687
155144 3 1434
155629 4 711
155646 1 770
155938 1 83
155999 1 180
156294 3 1703
156604 3 81
156728 1 1262
156843 1 607
156953 4 964
157307 1 99
157586 5 110
157757 1 553
157762 6 731
157820 3 820
157854 3 113
157926 1 1340
157973 2 681
158076 2 940
158132 1 699
158396 2 517
158668 1 322
158826 3 640
159193 1 1603
159200 6 1544
159299 1 260
159339 4 607
159460 2 557
159604 1 652
159609 1 318
159787 1 1381
160509 1 720
160914 1 505
161059 1 291
161073 1 222
161265 1 701
161350 1 427
161380 1 83
161495 3 814
161569 1 522
161637 4 743
161767 1 625
161865 1 231
161964 1 1064
162010 1 695
162091 1 136
162205 7 100
162430 2 456
162613 1 524
162743 2 592
163019 1 3033
163033 2 75
163237 1 68
163238 1 511
163544 12 408
163603 1 268
163642 3 408
163819 1 237
163909 1 285
163958 1 92
164081 2 97
164166 3 1197
164237 1 136
164239 2 472
164267 2 187
164357 4 2679
164358 2 1229
164577 8 213
164754 1 423
164890 1 573
164932 2 87
164976 1 1480
165039 2 653
165067 1 156
165197 3 978
165331 2 1360
165617 2 713
165836 1 509
165892 1 625
166009 1 655
166010 1 696
166137 1 89
166163 1 488
166185 1 571
166454 1 92
166762 8 675
166898 1 134
167045 1 830
167060 1 93
167357 1 356
167513 1 139
167620 3 560
167660 4 658
168130 1 634
168435 2 1385
168517 3 93
168624 1 388
168648 2 1826
168652 1 810
168682 4 73
168838 2 1704
168861 6 604
168862 7 734
169226 1 117
169422 1 699
169538 1 517
169774 3 171
169890 3 202
169941 1 454
170016 7 667
170140 1 779
170147 2 702
170439 1 177
170747 2 780
171365 1 1275
171489 2 602
171674 1 582
171781 1 361
171841 1 197
171923 17 796
172364 1 702
172611 2 217
172668 1 104
172700 2 152
172760 1 72
173150 12 323
173175 3 696
173449 1 629
173604 2 149
173670 1 67
173689 1 301
173736 1 174
173745 7 671
173845 1 144
173850 2 649
173936 1 339
174031 1 133
174050 1 67
174195 1 672
174199 1 171
174254 1 84
174298 1 1660
175102 3 462
176259 1 156
176791 4 739
177771 5 3274
179000 2 143
180238 1 154
183975 1 203
184659 4 2402
185703 2 1632
186200 1 434
191824 4 356
192838 2 518
192839 1 169
192852 2 476
193534 2 396
194381 1 208
194399 4 223
194515 3 138
194529 1 628
194884 3 125
196178 6 119
197997 9 6972
199758 2 124
200689 2 4029
202520 1 136
203331 4 446
204146 6 598
205426 1 409
208203 3 131
208475 3 165
209593 1 600
209783 2 384
212583 1 273
215325 1 102
216097 8 1934
216611 7 1836
217938 1 443
218154 1 501
218588 6 2788
219358 2 92
219523 2 115
221626 1 483
221791 3 139
221979 5 112
222586 1 174
223281 1 58
223347 1 427
224052 1 812
229005 1 68
230381 3 686
231866 3 485
232524 12 319
233025 2 1768
233189 3 300
233224 3 265
236800 1 594
237171 1 187
237218 1 290
237450 1 320
237530 1 188
239764 2 220
240228 2 221
240366 1763 117963
240473 1 385
240595 2 152
241171 1 268
241209 2 345
241380 1 830
241511 3 1863
241529 2 153
242055 2 183
242776 31 40213
242797 16 7898
242807 22 4103
242864 3 8168
242868 48 16984
243021 159 14242
243023 22 3052
243248 330 97794
243249 451 55340
243328 12 30540
243402 68 10550
243636 247 73383
243726 6 10543
243786 49 18912
244000 2 5203
244029 52 22995
244295 295 43543
244515 626 137580
244563 9 10148
244846 91 32902
244865 159 14342
245065 12 28651
245091 8 755
245368 51 8062
245471 7 2416
245634 13 12083
245668 115 47659
245803 4 4020
246068 24 19691
246182 37 13686
246210 1 73
246220 249 47306
246565 1 563
246615 7 9076
246674 307 19215
246676 4 1858
246695 385 65027
246939 2 3143
247209 124 48787
247211 28 14772
247387 543 63961
247469 704 160821
247471 3 1117
247516 94 17927
247517 83 40187
247550 2335 255154
247672 45 33059
247770 4 2701
247951 57 19772
248335 763 39898
248562 178 40310
248610 1398 211360
248788 152 56946
248809 126 45708
249329 222 41571
249537 14 4910
249655 66 4669
249740 1727 228328
250059 335 37994
250435 6 4083
250693 14 23753
250750 36 25707
250893 15 42856
250985 13 10837
251027 66 42465
251539 1 2947
251800 212 24372
251841 5 2745
251944 19 2578
252154 143 29717
252399 7 996
252474 342 81579
252921 129 52519
253018 5105 331696
253067 431 104143
253231 11 1558
253311 230 35432
253460 3 4582
253462 140 48129
253557 4 37233
253593 795 171848
253795 231 27039
253934 282 27329
254108 1002 174176
254240 88 25265
254871 178 36421
254939 1 1005
255144 93 25727
255155 53 11710
255289 236 51128
255476 246 44402
255538 27 16755
255541 5 23458
255735 14 4636
255777 349 64507
255830 263 84137
256043 145 19276
256238 4 2816
256283 58 34425
256599 116 6734
257193 19 35712
257325 5 3462
257345 82 89736
257628 2 364
257673 54 58812
257812 576 103213
257865 201 35772
258151 2 2063
258225 3 14533
258338 11 2125
258361 32 26906
258373 2 2349
258559 55 52150
258846 68 18003
259115 301 25791
259903 1 268
260087 2 317
260144 3 506
260147 2 365
260440 9 347
260532 15 4572
260787 2 55438
260861 8 427
261622 1 580
261892 3 337
262677 1 478
262739 1 497
263440 1 431
263479 4 16989
263713 1 330
264078 1 316
264414 1 578
264438 6 475
264454 1 442
264768 2 330
264835 15 388
264868 2 587
265639 12 320
265647 22 335
265660 23 464
265662 16 332
265856 1 1359
265983 1 352
266412 1 225
267309 1 239
267327 1 188
267328 2 528
267329 1 173
268621 12 496
269292 1 298
269305 1 274
269564 2 503
269679 1 350
270153 1 274
270479 1 275
270505 19 528
270795 11 395
270966 1 199
271006 9 223
271171 2 400
271703 2 401
271850 11 20008
272016 1 275
272468 1 275
272657 5 778
273965 13 404
273991 1 274
275244 31 455
275256 19 455
275257 34 671
275500 2 405
276699 1 274
277068 10 455
277185 2 336
277393 1 461
277546 1 572
277703 1 447
277895 1 473
278101 1 371
278846 5 401
278975 2 356
279099 2 483
279100 1 162
279370 4 420
280021 3 355
280107 17 555
280219 11 1560
280294 3 362
280755 36 32241
280867 1 368
281197 8 410
281777 1 459
282993 9 222
283013 8 155
283408 7 484
283685 1 548
283816 1 875
283836 4 522
283895 1 430
283939 3 482
283943 3 487
284337 3 487
284554 4 557
285077 2 285
285268 3 332
286645 1 331
286767 1 275
287030 1 462
287106 1 274
287722 1 238
288205 8 240
289592 1 374
289664 2 491
289679 1 321
289725 1 350
289827 5 4151
289954 4 404
290075 9 240
290097 9 740
290559 1 568
290762 7 671
291342 6 564
291365 7 564
291379 3 493
291434 1 191
292383 3 314
292428 4 491
292448 3 368
292886 2 356
294065 1 315
294140 1 352
294204 1 529
294606 3 567
294637 1 344
294853 1 317
295310 3 483
295434 2 539
295943 8 29903
296436 3 383
296437 1 490
296438 4 478
296837 5 692
297081 1 285
297251 1 403
297777 6 572
298168 1 457
298854 2 3484
298994 5 891
299381 2 329
299383 1 213
299399 1 375
299987 10 300
300797 4 306
301038 1 296
301735 6 251
302698 1 311
302968 3 474
303302 5 909
303303 5 687
303440 2 244
304213 1 135
304997 1 522
305088 7 11759
305233 4 333
305258 1 577
305345 1 563
305349 4 565
306204 1 405
307032 2 533
307078 1 725
307761 12 710
307987 3 551
308563 10 707
309823 1 32839
310034 2 234
310327 3 394
310632 1 577
311355 126 64459
311527 3 499
312997 3 12327
313062 1 680
313320 6 528
313322 1 391
313334 2 390
313336 4 131
313337 1 379
313345 3 567
313460 1 676
313700 1 569
314464 1 577
314512 201 52248
314534 29 664
314838 2 204
314955 1 69
318315 1 642
318380 2 219
320388 4 177
320957 1 231
325073 1 465
331218 1 220
333721 1 405
334628 1 852
336688 4 248
339326 1 141
347295 1 457
351119 2 1171
351946 1 120
352732 2 42
356625 1 437
358380 1 37
359461 1 651
359483 2 315
363050 1 501
364122 2 154
364734 4 242
365900 2 410
367673 1 1026
369555 1 46
373469 7 4030
373470 5 2540
373528 7 978
374409 2 251
377353 2 328
379974 1 49
380219 1 172
380362 2 523
383706 5 310
384009 4 512
384412 1 202
385859 1 642
386180 2 80
390242 3 232
390474 3 595
393735 1 101
394144 1 226
394599 1 273
395440 1 1090
396558 1 505
397090 3 128
397329 1 386
397794 1 157
397984 1 156
401280 1 1632
403284 3 592
403294 1 549
404377 1 548
405264 5 323
405459 1 235
406131 5 673
406148 1 833
407511 1 362
409252 1 580
409283 2 1056
409879 1 282
414603 1 207
415022 1 104
415630 1 257
419515 3 384
421170 1 70
422111 1 386
424280 1 158
425007 1 174
425871 1 154
426015 6 567
427429 1 222
427557 1 789
428785 1 673
431260 1 137
433742 1 211
434145 1 82
435427 3 310
436157 1 173
437379 6 420
437384 1 173
437886 2 294
438671 1 183
443436 3 132
444723 1 183
445202 6 284
446396 1 42
454943 1 430
455521 6 623
456013 1 463
457518 1 550
457803 3 393
458259 4 247
459209 1 273
461231 1 76
462609 2 390
462661 1 326
462745 3 422
463006 2 289
463122 6 204
464285 1 292
464370 1 45
464614 2 307
464684 1 348
466086 2 144
466090 2 183
468043 2 287
468241 1 268
470946 2 205
472244 1 134
472430 165 1981
475624 2 76
476681 1 104
477214 1 199
477633 2 70
480742 1 876
482086 1 193
483985 3 633
485653 2 202
488425 1 581
494913 1 52
497324 3 742
497547 1 384
497548 1 404
497700 2 476
498977 1 91
499489 1 237
502294 1 181
503432 1 698
503743 1 460
504222 3 620
504886 2 278
505779 1 417
505821 1 292
506296 3 315
507416 5 257
507940 1 249
510087 1 212
515341 1 399
516613 3 1373
517911 4 277
519387 3 209
520255 2 412
521932 2 1179
522628 1 576
523560 2 259
