425 1 132
2754 1 228
8203 3 159
14748 3 331
16478 1 183
18578 2 275
18759 2 270
20122 3 365
20971 2 271
28602 1 142
30032 3 288
30849 2 115
33749 2 354
37251 1 289
38921 2 581
39974 1 259
41350 1 281
42428 1 648
43758 1 152
45641 2 301
47518 1 221
49218 1 220
51310 1 440
52240 1 240
55362 1 135
56074 2 453
57507 1 114
60286 2 439
65547 3 334
67205 2 325
67805 2 317
69015 3 499
69515 1 710
70780 1 162
81195 4 5970
83772 6 3780
84843 16 1910
85368 7 74892
85645 17 153229
85773 7 82661
86367 222 33749
87414 3 22011
91276 33 1671
91593 1 1178
91738 34 23456
92014 14 3938
93654 2 102204
94284 12 72168
94863 46 18144
95150 22 893
96029 2 21896
96373 1 1175
97815 1 454
99183 7 719
100179 8 378
100200 3 296
100754 2 652
100850 1 62
101123 7 776
101299 1 117
101330 1 31
101740 1 111
101822 1 374
101840 1 1095
102126 1 714
102386 7 354
103249 1 667
103692 2 144
103816 1 1220
104480 1 1186
104778 1 982
105370 1 350
105498 5 1290
105591 1 46
106060 1 48
106547 2 125
106605 2 563
106837 2 131
107030 1 131
107262 1 431
107316 3 1271
107397 3 577
107434 1 81
107479 1 876
107545 1 870
107586 4 117
107773 4 909
107929 2 831
108048 1 256
108426 2 122
108460 2 739
108548 1 990
109005 1 1006
109025 2 468
109357 7 725
109413 4 389
109639 1 994
109855 2 632
109893 1 558
110524 2 854
110622 4 528
110709 1 573
110934 2 211
111592 1 919
111982 5 1092
112051 1 874
112131 1 160
112145 1 45
112305 2 906
112537 1 887
112649 1 341
112650 2 543
113123 2 158
113290 1 76
113314 2 153
113755 2 167
113815 1 101
113856 1 893
114024 2 762
114092 2 719
114150 2 745
114186 1 930
114261 7 248
114478 1 611
114528 1 559
114972 1 1025
115127 1 1174
115279 1 959
115567 2 1000
115730 20 765
116164 3 585
116449 1 78
117191 1 550
117203 2 1207
117430 2 595
117505 1 82
117732 1 409
118041 2 457
118366 12 329
118405 1 847
118981 1 587
119225 1 292
119392 1 785
119698 2 5402
119699 2 248
120116 1 1331
120576 2 1247
121047 1 658
121050 1 574
121198 1 869
121210 1 423
121559 2 777
121931 2 102
122017 10 772
122143 1 726
122771 2 864
123203 4 760
123747 1 841
124245 1 117
124327 3 970
125004 1 716
125192 1 972
125367 1 305
125512 1 767
125640 1 575
125754 5 863
126182 2 613
126332 1 513
126967 1 512
127232 1 220
127322 1 675
127696 5 427
127908 5 1052
127995 16 612
128081 4 677
128351 1 58
128839 1 540
128981 4 167
129104 2 801
129177 4 107
129349 1 898
129599 1 731
129925 3 473
130117 1 53
130295 2 562
130708 1 1856
130718 2 261
131943 1 639
132260 1 51
132281 1 64
132413 1 71
132537 2 1036
133181 3 947
133560 2 77
133614 2 606
133810 2 801
134063 1 77
134297 1 1129
134482 1 476
134518 1 500
134966 1 571
134986 3 516
135076 1 664
135173 4 491
135523 2 497
135656 2 151
135690 1 1024
135815 1 843
135927 1 771
135956 1 74
136050 1 628
137163 3 1162
137485 2 893
137540 3 137
138517 2 985
138680 1 871
139273 1 106
139466 2 563
139511 1 547
139705 3 754
139999 1 57
140172 11 1055
140555 2 701
141010 2 384
141223 1 580
141272 4 127
141585 1 117
141743 2 164
142033 2 129
142043 3 553
142378 2 547
142415 1 51
142458 1 152
142523 2 698
142649 1 92
142924 2 189
143017 1 99
143551 1 923
143625 6 198
143803 2 160
143858 1 869
144080 1 324
144175 1 1121
144821 6 472
145656 1 667
145789 2 1171
145924 3 798
145998 1 1000
146125 1 651
146137 1 54
146505 1 96
146711 4 693
147233 5 843
147268 1 126
147296 2 1654
147453 6 258
147542 1 145
147685 1 663
147795 1 619
147914 2 70
147979 1 263
148181 2 936
148230 1 540
148313 3 361
148822 2 911
148823 2 458
148857 1 512
148939 1 70
148993 3 245
149107 1 607
149290 4 639
149804 1 823
150217 2 489
150643 1 243
150803 1 76
150951 1 262
151112 1 84
151269 1 484
151376 1 615
151600 1 583
151681 2 90
151753 1 750
151815 2 754
152032 1 78
152113 1 834
152151 1 663
152291 1 469
152352 1 619
153056 1 509
153139 2 511
153179 4 811
153469 1 770
153493 3 582
153973 1 67
154053 1 823
154313 2 640
154448 1 350
154610 1 702
155201 2 899
155235 2 272
155248 1 465
155608 2 116
155840 1 197
156147 1 536
156217 1 140
156625 1 707
157664 1 396
158219 2 635
158801 1 509
158814 2 170
158842 1 130
158912 1 593
159164 1 1033
159275 1 564
159437 1 629
159917 6 110
160096 1 709
160103 1 676
160146 1 1143
160199 3 226
160262 4 242
160499 1 345
160597 3 514
160863 1 561
161024 1 153
161252 1 446
161685 1 583
162317 1 889
163076 3 936
163361 1 1245
163367 9 506
163515 1 610
164273 1 734
164748 1 205
165161 1 468
165289 4 179
165547 1 202
165801 4 736
167048 1 696
167050 1 581
167051 1 1060
167610 1 695
167644 4 113
167790 1 1113
167959 2 421
168862 4 734
168875 1 456
169212 2 89
169262 3 736
169743 1 72
169802 1 760
170140 1 779
170902 2 571
171059 8 760
171377 1 73
171494 3 158
171729 3 822
171745 3 726
171931 4 136
172341 2 467
172796 1 72
172826 5 466
173059 1 491
173327 1 620
173434 1 487
174072 1 944
174111 2 90
175909 2 61
175931 1 76
176495 2 422
176805 1 465
177363 7 114
178296 5 132
178297 1 198
178799 1 125
179655 5 485
181199 2 301
181822 1 123
183511 1 95
186413 5 91
186953 2 108
187064 2 61
187589 6 95
188219 1 93
188536 2 461
188717 1 92
188900 1 171
190668 3 1747
191294 3 110
191296 1 110
193105 1 113
193866 2 365
194143 1 135
194462 7 117
194735 3 100
194917 1 141
195263 1 95
196442 2 120
196711 2 497
198573 1 723
199478 1 112
199842 8 526
200121 4 81
200589 1 152
201556 3 506
203785 1 105
203930 3 420
204509 1 142
204682 1 535
206399 1 100
207050 8 97
207395 2 358
207755 9 908
211879 6 3453
212398 1 858
213153 1 115
213271 7 1010
213613 1 661
213685 1 459
214691 2 124
216766 1 398
216769 1 446
217403 5 79
217821 1 121
218377 1 87
219505 1 2185
219506 1 2187
219670 1 336
222593 11 226
223568 2 89
225769 2 641
225911 7 153
226187 2 154
226769 5 123
227164 2 157
227471 1 97
227757 5 307
228084 4 468
228176 1 327
230382 1 483
230410 2 216
231079 2 418
231374 51 1199
233474 2 226
233606 1 173
235257 2 214
235562 2 327
236282 1 176
236440 5 341
236460 1 201
236807 1 151
237635 1 133
237648 1 655
237760 1 185
238598 6 559
239961 1 239
240381 1 166
240947 2 320
241722 1 497
242064 1 200
242522 1 163
243248 24 97794
243568 8 51992
244515 11 137580
244846 7 32902
245029 128 93035
246003 126 79294
247211 3 14772
247469 4 160821
247517 2 40187
247550 18 255154
248610 532 211360
249740 23 228328
252154 1 29717
253018 302 331696
253067 25 104143
253593 38 171848
254108 34 174176
254943 2 12040
255289 11 51128
257345 4 89736
257812 18 103213
258559 7 52150
258594 2 1198
263362 2 415
264674 2 359
266236 1 2164
266869 2 238
266870 3 394
266876 4 325
271651 4 534
271923 17 371
274353 3 678
274864 8 723
278806 16 597
280755 6 32241
282051 1 260
292869 1 329
293294 1 258
295134 23 1632
298875 6 251
298876 4 602
300329 1 292
300576 1 260
301500 16 1134
308538 4 237
314211 1 396
317056 4 490
330226 3 561
331066 1 588
331183 1 171
332902 2 433
334542 1 418
339042 1 197
339135 1 161
343164 13 747
350467 1 139
354530 1 283
355095 2 1096
355692 1 208
362033 2 427
362208 2 181
363819 1 88
363960 1 118
364814 1 154
365826 4 744
374487 1 383
380867 2 134
388704 1 540
388889 1 54
388896 2 65
390509 1 310
392179 2 410
395389 1 167
397690 1 148
397901 1 189
399187 3 179
400760 3 48
402916 3 146
404782 1 1039
409747 2 475
413378 1 100
414348 4 553
415263 3 758
415356 1 573
415714 1 202
416804 1 488
419075 2 88
421455 3 429
423182 1 228
425100 2 449
430553 2 340
430834 5 606
431862 1 130
433510 3 1043
437264 2 212
437999 3 445
440267 17 686
449548 2 260
456966 5 379
467946 3 496
474855 2 282
479664 2 238
479976 1 421
484127 3 459
484238 1 566
495827 3 194
500986 2 98
505457 1 781
512032 2 507
513504 1 208
513556 1 233
520357 2 140
520689 1 161
520940 1 173
1103 1 403
7689 1 403
10768 2 176
12856 1 242
13345 2 354
18997 1 482
20297 1 265
20359 1 260
22078 1 302
22984 1 133
23164 1 557
26698 1 221
30036 1 266
33460 2 468
33488 3 143
33668 2 358
36812 1 466
40809 2 316
40994 1 545
42428 1 648
46285 1 590
51064 1 131
56273 1 140
58232 2 361
62373 1 488
64118 1 497
69390 1 291
73863 1 533
74040 1 320
88617 2 459
92014 1 3938
96558 1 7620
106697 1 572
106854 1 500
107224 1 421
110561 1 546
112559 1 532
120576 1 1247
132924 1 774
140881 1 770
141421 1 784
145656 4 667
148650 2 628
152305 2 611
152562 3 812
156072 1 837
164923 1 620
166109 2 820
166167 1 1282
168874 1 541
169296 1 248
170823 2 1036
172988 1 772
184408 1 1742
187190 1 302
190668 1 1747
206865 1 584
211884 1 1984
233660 3 215
235510 1 295
235537 1 566
237440 1 1510
237833 1 172
243730 1 889
245822 1 377
254944 1 2823
256702 1 391
277548 1 283
277550 1 576
278556 1 595
284938 1 544
290688 1 448
296362 1 763
299479 1 430
321908 1 322
325505 1 833
334220 1 605
335663 1 82
338283 2 916
342678 1 331
343949 1 669
344561 1 672
347114 1 836
355167 1 548
355171 1 574
355455 1 127
357500 1 757
362596 1 331
363900 1 349
366460 2 363
368300 1 1166
380505 1 1173
380510 4 662
385276 1 359
389888 1 715
402358 1 613
404782 2 1039
406537 1 718
409465 1 175
413209 1 132
428650 1 594
433542 1 864
442299 1 245
448074 2 324
475371 1 889
478271 1 538
481187 1 662
484344 1 342
486598 1 638
489806 1 664
498057 2 612
504419 1 612
505457 2 781
512049 1 583
522525 1 588
1679 1 94
2784 1 230
7689 1 403
10468 2 239
10768 1 176
11145 2 169
11656 1 288
11795 1 429
12197 4 491
12856 1 242
13195 5 399
13345 2 354
14782 2 288
15776 3 121
17546 2 145
18219 1 430
18747 4 575
20218 1 308
21258 1 226
22984 2 133
23067 1 318
23164 2 557
25817 1 317
26698 1 221
29605 1 362
29709 1 168
29926 1 220
29928 1 183
30036 1 266
31785 1 380
32061 2 193
32265 1 252
32368 1 123
33307 11 286
33361 10 318
33460 1 468
33488 4 143
33531 1 420
33668 3 358
35939 1 99
36812 1 466
37254 1 490
37345 1 175
37650 1 191
38006 1 556
38208 2 124
38308 1 532
38487 1 168
40329 8 196
41350 1 281
43599 3 283
44266 2 199
44270 4 280
44514 4 225
44847 10 211
45011 6 222
45227 1 447
45251 5 297
45268 1 257
47445 2 545
49400 5 138
49459 1 211
49484 3 182
50416 4 414
50430 3 426
50495 1 283
50571 2 227
50610 2 255
50666 2 219
51079 2 450
51108 3 372
52444 3 118
52839 5 393
54176 1 113
55362 1 135
55603 1 645
55713 4 147
55741 2 132
55763 4 139
55771 1 79
57237 1 482
58232 2 361
58447 2 520
58661 3 446
58799 2 352
58801 2 424
61943 1 125
62132 4 502
62373 1 488
63503 1 165
63647 1 165
64118 1 497
64175 2 572
67294 1 276
68399 1 250
69390 1 291
69515 2 710
71132 1 296
75576 1 467
75601 2 472
76734 1 341
77497 1 234
77834 1 252
78058 1 320
78094 1 230
80360 15 1989
83694 3 471
83772 1 3780
84354 1 1620
91593 3 1178
94863 28 18144
94875 1 14566
95280 2 731
97413 5 846
100176 1 323
101078 1 360
101296 1 508
101860 1 105
101979 1 51
102025 1 600
102046 1 563
103239 2 1200
103418 1 172
104699 1 523
104939 1 569
105535 1 617
106297 1 524
106343 2 884
106697 4 572
106737 1 561
106909 1 243
107882 1 616
108297 1 557
108542 1 458
108618 1 311
108789 1 192
109847 1 343
109855 1 632
110260 1 610
110709 1 573
111155 1 760
111210 1 360
112051 1 874
112225 2 1092
112559 1 532
112669 1 338
113354 2 258
113724 1 385
114024 1 762
114052 1 665
114078 1 427
114228 1 601
114423 1 491
114528 1 559
115127 1 1174
115403 1 1156
115435 1 312
115754 1 805
115769 1 614
116034 1 348
116102 1 544
116164 1 585
116275 1 516
116562 1 125
116659 1 133
117191 1 550
118604 1 801
118661 2 341
118806 1 576
119188 1 351
119224 1 676
119673 1 273
119698 1 5402
120116 2 1331
120214 1 572
121828 1 531
122393 1 143
122760 1 564
124119 3 615
124292 1 807
124793 2 340
125025 1 740
125192 1 972
126181 2 653
126277 1 673
126536 1 703
126633 1 805
126672 1 275
126806 1 329
127092 1 527
127722 1 297
128004 1 497
128472 1 464
128521 1 824
128753 1 122
130010 1 168
130147 2 642
130261 1 513
130295 1 562
131646 1 679
132513 1 131
132776 1 69
134678 1 342
135927 1 771
137096 1 147
137544 1 870
139574 1 565
139705 1 754
140505 1 394
140881 1 770
141223 1 580
141421 1 784
141709 1 264
142523 1 698
142974 1 736
144411 1 786
145656 8 667
145924 1 798
145974 1 301
146173 1 319
147756 1 464
148087 1 989
148592 1 437
148650 19 628
150332 2 511
151290 1 395
151336 1 149
152113 1 834
152127 1 98
152279 1 793
152305 2 611
152562 3 812
152804 1 323
153139 1 511
153439 1 522
153493 1 582
155127 1 340
155812 1 390
155911 1 640
156024 1 688
156253 1 41
157005 1 497
157724 1 707
158518 1 653
158810 1 558
158934 1 802
159200 1 1544
160330 1 693
160999 1 718
161221 1 514
161255 2 727
161615 1 390
162102 1 1275
162936 1 221
163229 1 402
163515 2 610
163750 1 649
163790 1 708
163930 1 582
164273 1 734
164923 1 620
166167 2 1282
167000 1 47
167778 1 472
168846 1 174
169125 2 494
169296 1 248
169417 1 266
170804 2 623
170823 2 1036
171143 1 893
171801 1 429
172841 1 912
172988 1 772
173178 1 308
173349 1 254
174071 1 624
174285 1 183
177966 2 135
184408 1 1742
187190 1 302
188243 2 382
189448 1 272
190668 1 1747
192105 2 234
194143 1 135
194217 1 315
196270 1 109
204036 3 248
206865 1 584
211884 1 1984
213238 1 395
233878 6 168
234353 8 228
235510 1 295
237440 1 1510
243568 1 51992
243730 5 889
245822 1 377
247211 2 14772
248610 1 211360
252154 2 29717
252352 1 109
254943 1 12040
254944 2 2823
274754 1 409
277548 2 283
277549 1 521
277550 5 576
277551 3 673
278609 1 346
278612 1 334
280755 2 32241
280756 1 470
280766 1 537
284000 3 621
294412 3 810
296362 1 763
298876 1 602
318222 1 497
318873 2 514
321908 1 322
322022 1 86
325505 1 833
328499 1 83
331142 1 103
331262 2 111
333025 1 145
334220 1 605
335663 1 82
336448 1 145
336937 2 93
338283 5 916
342678 1 331
343949 1 669
344310 1 47
344561 1 672
346749 2 32
347114 1 836
349141 1 54
349331 1 39
352973 1 71
355167 1 548
355171 1 574
357500 1 757
359885 1 1074
360492 1 105
360688 3 56
361787 1 73
362596 2 331
363900 11 349
364620 3 703
368300 1 1166
369108 1 88
374487 1 383
377838 2 77
377948 1 135
380505 3 1173
380510 3 662
382227 2 107
384306 2 425
385276 1 359
389888 1 715
399113 1 768
402358 3 613
404782 2 1039
404788 1 666
409205 2 121
409465 1 175
409747 2 475
413209 1 132
415356 1 573
419855 1 170
425100 4 449
426329 1 59
433542 1 864
441173 1 261
441386 1 59
442299 2 245
442926 2 118
445929 1 543
448074 2 324
448541 1 597
465361 1 125
466259 1 116
466822 1 346
472886 1 64
475371 1 889
478271 1 538
481187 1 662
484344 1 342
486598 1 638
489013 2 96
489806 1 664
493162 1 47
496553 1 454
498057 2 612
502309 3 206
502341 1 56
504465 1 226
504869 2 90
505457 1 781
512049 2 583
515411 1 560
516848 2 823
519984 4 367
520560 1 283
521970 1 869
522525 1 588
