2220 1 401
7817 1 377
22087 2 506
50927 1 343
51300 1 711
57468 1 313
59299 1 258
62419 1 568
66007 1 333
67712 1 270
74282 2 237
79641 1 415
80665 1 11731
80778 2 1295
80845 3 33722
81835 2 19476
81972 1 473
82126 3 6302
82267 3 14641
84667 4 16914
85368 2 74892
85481 1 70500
85645 2 153229
85687 2 28718
85773 2 82661
86034 1 48792
86181 4 11470
86243 1 1139
86367 1 33749
86617 2 790
86753 39 173871
87298 1 15858
87365 2 14475
87550 6 6211
88061 7 16736
88257 2 17762
88909 18 1457
89374 1 14599
89432 6 38895
90181 41 24998
90622 3 18843
90795 1 27076
91307 3 36764
91309 1 17335
91411 1 2242
92558 1 15447
92609 1 24495
93066 1 18445
93654 15 102204
93897 4 5683
94167 10 21131
95020 1 25937
95357 1 7537
95644 2 18339
95852 2 16553
96174 1 3397
96424 1 38462
96450 1 1136
96561 1 3193
96748 1 473
97559 1 10199
97560 1 3033
98879 5 16353
99174 5 14166
100529 1 115
101529 1 625
102232 1 696
105269 1 4204
105722 1 719
106533 2 835
109023 1 640
109199 3 911
110175 1 236
111419 1 864
113737 1 534
115579 1 84
116235 1 568
117506 1 544
118361 1 1832
118959 2 786
120551 1 108
122214 1 1518
123559 1 1029
123576 1 611
123579 3 258
125699 1 143
127114 1 8902
127291 1 911
128369 1 553
129426 2 746
129935 1 96
130869 1 238
131379 1 490
131912 1 92
133546 1 150
133719 1 233
133990 1 84
134519 1 495
134614 2 595
136087 2 946
136894 1 832
137136 1 746
139155 1 495
139391 2 180
142743 1 625
142986 1 599
143090 1 377
143383 1 945
145177 2 272
145844 1 791
147134 1 229
147652 1 1113
147889 1 522
148675 1 946
150695 3 1168
152074 1 521
154942 1 749
155103 5 767
156591 1 254
159022 1 553
159109 1 631
160069 2 701
161387 1 1349
162332 1 387
163853 2 525
166068 1 1362
166677 1 228
167536 1 932
169935 1 611
171368 1 832
173541 1 573
174294 1 612
175830 1 100
189755 1 1920
202505 1 86
230388 1 4913
231121 1 1486
236094 1 1700
237268 2 1138
240366 5 117963
243248 2 97794
243328 2 30540
243568 1 51992
243636 2 73383
243698 1 29409
243725 1 13247
243743 3 32782
243795 2 11165
244295 6 43543
244515 9 137580
244678 2 16930
244740 2 33732
244840 1 15386
244994 1 10504
245011 1 10535
245029 1 93035
245065 1 28651
245372 1 8138
245617 1 24889
245668 2 47659
245692 2 10223
245998 3 26287
246003 1 79294
246220 2 47306
246603 1 39939
246610 2 29250
246695 2 65027
246864 1 22526
247060 1 25091
247469 3 160821
247550 7 255154
247672 3 33059
248179 1 34397
248181 1 22248
248262 2 21240
248480 5 20931
248562 4 40310
248610 3 211360
248724 2 5299
248788 4 56946
248809 1 45708
249076 9 36189
249151 8 38079
249329 3 41571
249657 3 9452
249740 4 228328
249902 1 35189
250466 1 6804
250615 7 32287
250619 2 24517
251420 1 20131
251485 5 29531
252555 5 27002
253018 9 331696
253063 1 33123
253067 1 104143
253259 1 26507
253311 3 35432
253462 3 48129
253593 4 171848
253795 2 27039
253849 1 22736
254108 2 174176
254497 2 24964
254689 1 21372
255069 1 17727
255289 2 51128
255417 6 27737
255476 1 44402
255609 2 22114
255728 3 32235
255830 6 84137
255833 1 14459
256283 2 34425
256341 1 36933
256496 4 29777
257132 1 20479
257133 2 26221
257193 11 35712
257306 1 19070
257312 1 16694
257344 10 45609
257345 17 89736
257673 5 58812
257812 5 103213
257951 1 21143
258418 1 25774
259115 1 25791
259596 1 18030
263278 1 16130
263479 10 16989
265508 2 17463
266399 1 389
273053 2 17501
278571 1 232
280755 2 32241
284797 2 15042
290953 1 620
291681 5 527
293863 2 13257
295943 2 29903
298853 1 5030
299615 1 565
305058 5 6305
311355 5 64459
311819 1 15365
315131 1 328
318467 1 776
343996 1 219
362586 1 341
368740 1 190
388427 1 495
446301 1 109
451099 1 251
491090 1 267
510511 1 664
516 1 197
1210 1 653
7817 1 377
9782 1 139
14872 1 415
16528 1 571
22087 1 506
40635 2 552
44079 1 469
66767 1 614
70080 1 330
79493 1 524
81603 1 9651
82126 1 6302
82267 1 14641
85645 6 153229
85687 1 28718
85773 3 82661
85989 6 19219
86034 7 48792
86220 2 22240
86243 5 1139
86367 3 33749
86753 71 173871
87298 8 15858
87550 1 6211
89158 4 24190
89432 1 38895
90181 13 24998
90795 12 27076
91307 1 36764
92609 1 24495
94167 8 21131
94863 1 18144
95020 1 25937
95842 2 5648
96450 2 1136
97559 1 10199
98943 1 2378
99174 2 14166
103989 1 386
104571 1 580
106280 1 635
106837 1 131
108003 1 515
108210 2 1097
108666 1 154
108707 1 1661
109120 1 598
109199 5 911
112364 1 624
112834 1 485
115579 1 84
117360 1 666
118023 1 1307
118715 1 469
119190 1 1309
120210 1 149
121689 1 601
123576 1 611
125312 1 645
125700 1 521
127291 1 911
128497 1 559
129311 1 785
130312 1 537
133446 1 175
133990 1 84
136203 1 616
136676 1 1336
137046 1 247
140651 1 673
140657 1 456
149019 1 112
151265 1 473
151385 1 1141
153996 1 689
154502 1 486
155103 1 767
156248 2 607
156299 1 467
158092 2 1078
158619 1 973
161021 2 1875
161760 3 249
161816 2 1976
162065 1 854
168054 1 1378
168241 1 177
171368 1 832
172597 1 622
173436 1 993
174294 1 612
175830 1 100
184192 5 6108
189755 1 1920
193534 1 396
232104 1 2122
237452 2 5243
240366 2 117963
243568 1 51992
244295 1 43543
244515 1 137580
244994 2 10504
244998 1 56078
245617 1 24889
245634 1 12083
245722 1 32503
245806 1 4332
246280 5 10199
247153 9 17318
247469 1 160821
247517 2 40187
247550 3 255154
247672 1 33059
248262 1 21240
248562 12 40310
248724 1 5299
249076 1 36189
249329 1 41571
249657 1 9452
249993 1 9677
250073 2 19941
250615 2 32287
250619 1 24517
250842 1 8117
250896 1 14234
252443 1 13382
252474 1 81579
252924 4 17447
253018 1 331696
253593 2 171848
253849 1 22736
255144 1 25727
255417 3 27737
255476 1 44402
255830 1 84137
256282 3 10491
256283 1 34425
256341 1 36933
256496 3 29777
257345 7 89736
257525 1 24
258225 1 14533
263278 1 16130
265508 2 17463
271305 2 515
279156 3 642
280755 1 32241
290770 1 21435
293387 1 19523
293863 117 13257
298853 1 5030
302704 1 436
305058 2 6305
305088 18 11759
311355 13 64459
332791 1 1062
333521 1 765
353312 1 246
365930 1 146
411625 2 672
415112 1 372
427619 1 494
438172 1 261
461172 1 788
468710 1 310
470052 1 885
472639 3 509
479866 1 203
494054 1 377
499380 1 655
1687 1 217
3776 1 475
6512 1 94
6542 2 207
7468 1 340
7817 1 377
8322 2 628
10171 2 291
10409 1 251
15027 1 395
16528 1 571
20105 1 393
20404 1 369
20923 2 360
21439 1 320
25079 1 139
25201 1 544
25935 1 528
28688 1 249
31077 1 238
40635 3 552
42449 1 385
43160 1 214
44329 1 328
44926 2 434
51298 2 811
51300 1 711
56626 1 203
59299 2 258
62419 1 568
63339 1 217
66718 1 448
68572 1 506
70953 1 545
72948 1 314
73398 2 534
74346 1 334
77134 1 402
80665 14 11731
80778 1 1295
80845 32 33722
81351 30 13810
81607 9 28467
81835 15 19476
81972 1 473
82126 4 6302
82267 9 14641
82966 10 9952
83486 10 9952
84667 12 16914
85159 1 2369
85368 55 74892
85481 43 70500
85645 122 153229
85687 58 28718
85697 4 214
85773 21 82661
85989 28 19219
86034 28 48792
86181 11 11470
86220 6 22240
86367 8 33749
86527 10 13920
86611 3 1139
86617 1 790
86753 766 173871
86896 1 4524
87113 1 2656
87298 22 15858
87365 21 14475
87550 3 6211
87963 2 3815
88061 25 16736
88257 20 17762
88378 1 2516
89158 8 24190
89374 16 14599
89432 98 38895
89815 3 4298
90181 7 24998
90543 2 681
90622 20 18843
90683 10 3136
90783 67 22898
90795 16 27076
90855 5 4519
90894 2 5316
91307 145 36764
91309 12 17335
91385 5 5803
91406 28 3040
91411 3 2242
91828 26 17995
91853 26 18049
92558 11 15447
92609 11 24495
92949 2 4249
93066 15 18445
93089 22 12017
93654 45 102204
93897 14 5683
93926 12 5234
94167 22 21131
94529 5 721
94863 14 18144
95020 35 25937
95304 6 1107
95357 1 7537
95365 10 10517
95564 5 10854
95644 22 18339
95842 2 5648
95852 9 16553
96027 25 30491
96049 54 78606
96135 13 12284
96174 6 3397
96424 20 38462
96561 11 3193
96748 1 473
97027 8 10038
97270 8 15338
97559 1 10199
97623 7 1526
97664 3 543
98879 23 16353
98943 7 2378
99174 4 14166
99336 3 3278
99444 1 2224
100052 1 84
100083 5 488
100796 2 1037
100809 1 119
101017 1 449
101398 3 566
101641 1 535
101861 1 530
101910 1 142
102273 1 100
102465 2 556
102485 1 1086
103327 1 552
103541 1 60
103601 3 447
103960 2 82
104273 2 168
105269 3 4204
105399 4 1056
106344 6 863
106533 2 835
106818 1 192
106920 1 350
107246 4 243
107606 1 112
107679 1 452
107874 2 680
108138 1 443
108210 1 1097
108496 4 397
108706 1 727
109126 2 1941
109296 3 462
109545 1 477
109598 1 1135
109893 1 558
110175 2 236
110298 7 777
110511 1 1724
110889 1 1278
110990 2 536
111118 5 1409
111119 1 441
111158 2 182
111419 1 864
111427 1 323
111563 1 119
111924 1 535
112036 1 759
112788 2 365
112834 1 485
113032 1 588
113154 1 722
113767 1 465
114041 2 910
114169 2 224
114841 3 147
114863 3 1262
116126 1 280
116298 1 91
116788 1 345
116865 1 832
117771 1 327
117868 1 596
118023 4 1307
118115 4 128
118715 1 469
118837 2 392
120210 1 149
121397 1 478
121762 2 769
122214 1 1518
122481 2 1302
123009 2 605
123442 1 544
125107 1 619
125312 1 645
125472 1 71
125670 2 676
125758 2 1578
126006 1 89
126244 1 1414
126296 1 228
126401 7 82
126881 1 522
127114 5 8902
127115 1 127
127291 1 911
127381 4 803
127423 8 486
127736 1 350
127749 1 99
128152 1 70
128497 2 559
129829 1 201
130313 3 692
131218 1 192
132252 1 95
132402 1 2389
132532 1 373
133500 1 111
133614 2 606
133675 5 105
133760 1 92
133847 1 811
133990 1 84
134031 2 142
134413 1 892
134614 1 595
134705 3 307
134964 1 64
135830 1 195
136017 1 638
136087 1 946
136457 3 520
136920 1 1167
136921 1 635
137136 1 746
137242 6 751
137352 3 1771
137485 2 893
137886 1 411
138152 1 212
138535 2 552
138703 1 487
138719 1 520
138765 1 169
139576 2 361
139665 2 433
139789 1 467
140026 1 111
140497 2 954
140605 1 508
140610 1 365
140629 2 498
141025 1 326
141112 2 557
141463 1 519
142257 1 211
142301 1 175
142470 7 374
142659 2 166
142725 2 701
142743 1 625
142789 1 462
142881 1 359
143015 1 526
143940 2 214
144359 1 528
144539 1 1572
144575 1 112
144827 1 386
144987 1 767
145236 1 1469
145458 1 213
145706 2 400
145859 2 529
146001 1 901
146002 4 569
146995 1 1267
147258 2 180
147497 1 767
148223 1 784
148366 1 492
148547 1 765
148941 1 510
150303 1 83
150505 1 724
151385 1 1141
152074 2 521
152616 1 895
152617 1 75
152860 2 289
153494 2 325
153677 3 117
153816 4 692
154103 1 132
154668 3 172
154942 1 749
154983 1 477
155010 1 667
155144 1 1434
155542 2 219
156248 2 607
157125 3 1243
157483 3 68
158092 1 1078
158549 1 99
158620 1 367
158800 2 1670
159385 2 545
160069 1 701
160642 1 694
161022 1 124
161167 2 549
161742 1 602
161862 2 628
162058 1 82
162065 1 854
162157 1 667
163057 1 647
163300 1 128
163463 1 115
163750 3 649
164747 2 1193
165174 2 970
165332 2 442
165617 2 713
166009 5 655
166068 1 1362
166345 1 813
166879 2 349
167444 2 762
167491 3 727
168400 1 324
169485 2 128
169781 6 8290
169797 1 287
169935 3 611
170120 3 244
170183 1 881
170345 1 375
170724 1 1210
170793 2 190
170802 2 452
171030 2 559
171448 6 799
172597 4 622
172668 1 104
172681 1 788
172883 2 128
173157 4 532
174245 1 109
174294 2 612
174832 2 300
175874 1 144
177932 2 2141
177943 4 2102
178039 8 15865
178327 2 137
179514 1 159
181038 1 110
182110 3 376
184192 4 6108
184503 3 1091
184611 3 145
188538 1 225
189208 1 132
189275 1 189
189763 1 2572
189826 1 1671
190441 2 2644
193971 2 242
194784 3 138
195185 1 116
195792 6 14850
198573 1 723
202355 2 136
202505 2 86
204283 1 120
204846 1 199
206340 2 714
210395 1 99
211149 4 1448
211687 5 14537
212860 1 117
213271 1 1010
213403 1 129
216099 2 2895
217084 3 155
217274 1 126
220675 6 3118
223347 1 427
227565 2 520
230385 2 6061
230388 5 4913
230397 5 2229
230406 1 255
232669 4 1268
232984 1 738
233351 4 1977
233409 2 1830
233809 1 914
233858 1 693
234571 1 268
234589 1 1142
234822 1 388
234961 1 830
235461 3 380
235679 1 325
235990 2 611
236094 11 1700
236703 1 1854
236919 1 401
237231 1 1387
237268 3 1138
237725 3 831
237796 2 2461
238619 3 603
239908 1 231
239950 1 3344
240294 2 1482
240366 109 117963
240439 1 881
240978 3 241
241503 1 837
241948 1 1159
242454 2 1919
242728 1 65
242893 16 8294
243248 55 97794
243249 19 55340
243328 33 30540
243568 27 51992
243636 54 73383
243698 63 29409
243725 2 13247
243742 25 52641
243743 17 32782
243795 2 11165
244230 4 10715
244295 36 43543
244312 3 457
244515 379 137580
244526 2 1956
244678 4 16930
244740 11 33732
244840 12 15386
244998 32 56078
245011 1 10535
245029 78 93035
245065 34 28651
245346 34 21516
245368 5 8062
245372 5 8138
245449 35 35219
245528 14 7626
245617 11 24889
245668 14 47659
245692 8 10223
245722 50 32503
245998 12 26287
246003 64 79294
246182 14 13686
246220 38 47306
246603 33 39939
246610 28 29250
246674 7 19215
246680 1 921
246695 51 65027
246710 8 14592
246814 3 7881
246864 38 22526
246947 21 25960
247060 94 25091
247153 13 17318
247209 42 48787
247387 34 63961
247469 120 160821
247517 9 40187
247550 362 255154
247672 104 33059
247948 16 23885
248179 42 34397
248181 29 22248
248262 9 21240
248276 9 12346
248480 1 20931
248562 18 40310
248610 150 211360
248724 5 5299
248788 59 56946
248809 50 45708
248816 11 17214
249076 65 36189
249151 71 38079
249329 24 41571
249651 10 13805
249657 5 9452
249740 303 228328
249780 34 14381
249902 9 35189
249993 2 9677
250073 20 19941
250267 4 10956
250382 4 10224
250615 118 32287
250616 15 37169
250619 91 24517
250842 7 8117
250896 3 14234
251142 2 8396
251158 5 5819
251420 3 20131
251485 10 29531
251603 40 17552
251901 3 11936
252442 4 8051
252443 6 13382
252474 39 81579
252555 2 27002
252924 4 17447
253018 140 331696
253021 1 48
253063 3 33123
253067 70 104143
253155 1 15379
253311 26 35432
253354 145 57179
253462 59 48129
253530 3 6918
253554 2 8382
253557 35 37233
253593 119 171848
253795 9 27039
253845 12 9503
253849 51 22736
253990 9 26077
254071 6 2560
254108 98 174176
254476 2 70
254497 13 24964
254511 1 55
254689 16 21372
254869 1 1587
255068 5 24184
255069 3 17727
255144 14 25727
255155 3 11710
255289 42 51128
255417 25 27737
255476 41 44402
255609 31 22114
255634 23 29071
255728 12 32235
255823 29 21270
255830 47 84137
255833 7 14459
256282 27 10491
256283 29 34425
256341 59 36933
256496 36 29777
257016 12 7719
257049 32 26471
257132 91 20479
257133 54 26221
257193 29 35712
257306 5 19070
257312 4 16694
257344 52 45609
257345 74 89736
257595 3 2794
257673 209 58812
257678 28 22180
257812 64 103213
257951 41 21143
258022 8 6898
258154 1 14055
258225 9 14533
258418 11 25774
258635 5 11890
258846 19 18003
259115 19 25791
259596 28 18030
261782 39 17392
262370 2 383
263278 27 16130
263358 1 378
263479 9 16989
265508 16 17463
266402 1 804
266919 1 393
266938 2 510
267289 16 17754
267646 1 391
267647 1 318
268515 1 436
272181 3 555
272253 2 320
273053 34 17501
274909 1 493
274911 1 494
275048 1 423
275153 5 529
275154 3 763
276305 1 410
278571 1 232
279156 1 642
279639 5 735
279663 15 427
279664 13 537
279868 1 370
280096 2 432
280755 29 32241
283251 1 611
283252 1 305
284715 1 473
284797 20 15042
285186 2 373
285253 2 666
285330 1 500
286565 20 13034
287770 1 336
287771 1 607
288374 4 853
290770 37 21435
290953 4 620
290964 2 652
291681 3 527
293387 21 19523
293863 7 13257
295639 39 20156
295925 3 478
295943 20 29903
297257 4 472
298853 7 5030
299615 1 565
302781 25 18238
303513 1 395
305013 22 15512
305058 3 6305
305088 5 11759
309789 2 520
309798 2 586
310779 2 2372
311355 21 64459
311819 11 15365
313668 34 19068
315131 1 328
315141 1 562
316164 2 192
318617 2 252
320046 1 801
321386 1 103
324023 1 665
325251 1 98
329843 1 223
329920 1 66
332791 2 1062
334510 1 340
335025 1 471
338012 2 346
339527 1 779
343155 1 241
343996 3 219
344993 1 112
347432 3 669
348206 2 127
349059 4 677
351243 1 588
351686 1 99
351924 1 83
353126 3 205
353744 1 137
354366 2 124
354390 2 123
354896 1 229
355985 1 638
357484 2 975
358542 1 107
360245 1 130
362721 2 106
363879 1 399
364022 1 2059
364549 2 147
367057 1 105
367615 2 133
368205 1 122
368656 2 125
369713 1 69
370172 1 1103
371045 3 219
371993 1 672
377033 1 65
378666 2 247
379523 2 608
380598 1 135
387308 1 235
389168 5 297
390000 1 69
392674 6 635
396880 1 318
400103 2 585
403385 2 603
405763 2 326
408867 1 252
411625 1 672
412553 1 661
414574 1 245
414972 1 475
415937 1 156
416124 2 271
418637 1 771
419043 1 96
419941 3 811
420900 1 164
422143 1 158
426359 1 114
426917 1 404
427619 3 494
427764 1 171
428083 3 183
428666 5 169
431551 1 561
433657 3 110
435111 1 208
440231 2 155
440428 1 207
440720 2 270
446301 1 109
454118 2 132
457335 1 242
461172 3 788
465852 4 244
466366 3 558
467207 3 305
468288 1 549
468404 1 115
468437 1 427
468639 1 284
468717 2 203
468718 1 285
468719 1 278
468760 2 383
470052 1 885
470424 1 321
472639 2 509
475782 1 221
477175 2 233
488463 2 127
490858 1 259
491090 1 267
493694 1 795
499013 2 114
502001 1 118
503888 1 231
508223 1 451
512290 3 212
514214 2 362
514216 6 746
515004 1 762
515144 1 549
515875 3 247
516839 1 623
518549 2 164
520113 3 5560
520462 1 92
520573 1 302
521681 1 520
521866 1 673
523227 3 101
523883 1 908
524093 1 887
508 1 424
587 7 412
1210 1 653
1687 2 217
2286 1 464
3149 2 515
4384 1 276
5081 1 117
5334 2 384
6226 1 200
6542 1 207
7817 4 377
7928 3 432
8191 1 294
8760 1 349
9583 1 602
10218 1 578
10409 3 251
10430 1 324
11627 1 213
12518 2 174
13840 1 287
13905 1 372
14114 1 289
14832 1 359
14943 1 446
15027 5 395
16039 1 268
16711 5 435
17474 1 474
17899 3 264
18329 3 647
18522 1 638
18643 2 610
19843 2 231
20105 3 393
20404 1 369
20670 11 449
20734 5 363
20923 1 360
21439 2 320
21622 14 245
22087 2 506
22484 2 198
22663 3 275
22706 1 500
24346 3 352
24593 3 335
25079 3 139
25150 1 175
25309 1 749
25935 1 528
27431 2 218
28156 1 324
28498 1 371
28688 2 249
29343 1 336
29997 1 463
31077 1 238
31082 1 306
31721 1 299
31790 6 227
32208 1 312
33166 2 243
33744 1 357
33962 1 305
35490 2 102
35494 1 535
35496 1 388
35504 1 347
35508 4 403
36393 1 292
36399 13 687
37040 1 627
38857 1 186
39282 3 240
39395 1 237
39733 1 157
43370 2 269
44320 1 124
44329 3 328
44565 4 340
44926 2 434
45913 1 335
46231 1 312
48484 2 214
49079 1 112
49774 1 182
50308 1 358
50334 4 127
50911 1 446
51298 7 811
51299 9 806
51300 7 711
51609 2 503
52369 6 471
52427 1 196
52905 2 492
53101 1 313
53784 3 402
54430 1 461
54810 1 439
55721 3 355
55748 1 496
56371 2 361
56626 1 203
57468 1 313
57558 1 563
57788 9 345
59299 1 258
59322 1 180
59543 1 160
60676 1 289
61535 1 180
61964 1 326
62248 11 256
62453 5 323
65063 1 385
65425 2 199
65908 1 495
65948 1 459
66007 1 333
66718 7 448
67712 2 270
69928 2 296
70080 1 330
70923 3 174
72925 1 319
72948 1 314
73373 1 517
73398 2 534
74346 1 334
74773 3 361
75972 1 258
76302 1 262
78574 1 341
79192 5 368
79641 1 415
80069 92 3549
80360 21 1989
80665 174 11731
80778 14 1295
80845 303 33722
80963 13 593
81002 2 311
81351 83 13810
81361 7 1016
81603 49 9651
81607 286 28467
81835 225 19476
81838 4 2290
81972 6 473
82126 21 6302
82267 167 14641
82593 1 327
82966 72 9952
82987 35 5353
83357 3 1169
83486 72 9952
83507 35 5353
84073 12 1349
84667 149 16914
84843 17 1910
85159 21 2369
85368 208 74892
85481 104 70500
85645 435 153229
85687 346 28718
85697 6 214
85773 198 82661
85989 196 19219
86034 63 48792
86181 100 11470
86202 32 9055
86220 325 22240
86255 3 337
86367 807 33749
86527 223 13920
86611 14 1139
86617 6 790
86680 16 1991
86753 221 173871
86884 1 248
86896 62 4524
87113 5 2656
87298 183 15858
87365 135 14475
87550 78 6211
87688 4 290
87830 5 1376
87952 14 3520
87963 25 3815
88061 58 16736
88257 160 17762
88378 9 2516
88428 3 1735
88522 4 1114
88909 33 1457
89158 562 24190
89374 171 14599
89432 367 38895
89815 8 4298
89870 5 1445
90181 471 24998
90442 1 634
90543 10 681
90622 136 18843
90683 60 3136
90764 15 2302
90783 179 22898
90795 86 27076
90816 3 332
90855 19 4519
90894 18 5316
91082 1 226
91151 12 734
91183 7 1916
91229 4 1449
91246 42 3311
91307 521 36764
91309 124 17335
91385 26 5803
91406 46 3040
91411 32 2242
91662 3 348
91738 44 23456
91742 3 1554
91828 134 17995
91853 134 18049
92558 68 15447
92609 71 24495
92939 33 2952
92949 98 4249
93066 180 18445
93089 82 12017
93654 595 102204
93897 114 5683
93926 64 5234
94167 101 21131
94228 8 2272
94229 22 4233
94239 11 889
94529 29 721
94540 6 1955
94552 7 932
94592 69 7523
94863 143 18144
95020 255 25937
95073 5 421
95304 52 1107
95357 128 7537
95365 81 10517
95416 1 434
95564 61 10854
95623 9 1208
95644 156 18339
95842 27 5648
95852 236 16553
95875 3 472
96027 141 30491
96049 615 78606
96135 88 12284
96136 72 20896
96174 41 3397
96384 16 926
96424 147 38462
96450 1 1136
96521 8 1098
96561 32 3193
96737 1 652
96748 7 473
96955 1 318
97027 61 10038
97254 2 411
97270 228 15338
97559 112 10199
97560 42 3033
97623 1 1526
97664 4 543
98879 144 16353
98936 10 907
98943 34 2378
99174 27 14166
99320 10 4517
99336 30 3278
99444 33 2224
99680 15 1931
100083 30 488
100253 8 279
100920 1 296
101017 2 449
101173 1 471
101398 2 566
101641 1 535
101683 1 754
101835 1 126
101910 1 142
101983 1 503
102057 1 667
102119 1 43
102304 3 187
102485 5 1086
102510 2 111
102809 1 667
103327 1 552
103446 5 716
103601 2 447
103760 1 124
103960 1 82
104206 5 544
104273 4 168
104382 1 470
104571 1 580
104731 1 263
104921 1 858
105182 1 1211
105269 3 4204
105722 3 719
105983 1 577
106344 17 863
106533 5 835
106734 2 350
106837 1 131
107246 8 243
107266 5 131
107492 2 654
107510 11 850
107513 1 652
107679 1 452
107874 2 680
108071 3 339
108663 1 395
108706 1 727
108707 1 1661
109023 2 640
109025 3 468
109126 3 1941
109199 6 911
109611 1 197
109807 1 663
110043 1 157
110269 3 606
110298 6 777
110511 1 1724
110990 1 536
111118 6 1409
111543 2 538
111563 3 119
112179 1 752
112788 2 365
113016 1 692
113032 4 588
113033 1 324
113737 2 534
113767 4 465
113780 2 571
114041 1 910
114280 4 1589
114465 1 782
114683 1 133
114863 1 1262
115579 1 84
115621 2 151
116126 1 280
116556 3 542
116627 1 528
116865 1 832
117360 1 666
117362 1 1016
117868 6 596
118023 2 1307
118041 1 457
118079 1 757
118202 3 547
118850 3 596
118959 2 786
119190 5 1309
119386 3 487
119559 2 513
119563 1 487
119977 1 419
120218 2 296
120385 3 205
120738 1 567
120858 2 838
121048 5 805
121268 1 685
121348 1 225
121689 2 601
121852 2 974
121875 1 403
121982 1 1071
122214 1 1518
122481 1 1302
122828 1 660
123148 2 627
123442 4 544
123579 2 258
123962 3 152
124438 1 268
124578 1 495
124999 2 121
125091 1 112
125312 3 645
125514 4 809
125571 1 526
125610 1 901
125670 1 676
125758 3 1578
125793 1 592
125814 1 348
126197 1 308
126290 1 173
126296 4 228
126305 2 730
127220 1 183
127237 2 119
127247 1 447
127291 1 911
127300 2 408
127381 2 803
127423 2 486
128152 1 70
129138 2 53
129311 2 785
129660 4 318
129829 3 201
130112 2 548
130312 1 537
130313 1 692
130530 1 589
130985 2 670
131141 1 568
131386 1 377
131466 2 1379
131774 2 206
131897 6 108
132127 1 630
132201 1 591
132380 1 162
132402 2 2389
132424 3 511
133614 3 606
133675 1 105
133911 1 680
134021 2 137
134031 5 142
134163 1 851
134372 1 1817
134575 1 491
134705 1 307
134709 1 415
134826 1 237
134917 5 104
135202 1 724
135264 1 213
135801 1 404
135829 1 639
135830 1 195
136087 2 946
136127 1 79
136163 3 302
136356 1 908
136521 1 492
136543 1 140
136676 2 1336
136894 3 832
136920 2 1167
136921 1 635
137044 1 367
137136 1 746
138022 1 809
138118 1 848
138151 1 295
138250 2 1284
138535 3 552
138719 1 520
138761 2 624
139003 1 477
139118 4 333
139156 1 242
139405 3 153
140076 2 1453
140163 2 512
140497 16 954
140605 1 508
140610 12 365
140651 2 673
141123 1 78
141391 2 272
141415 2 604
141463 4 519
141923 1 776
142043 2 553
142301 2 175
142470 3 374
142582 1 562
142659 1 166
142789 1 462
142986 1 599
143015 3 526
143383 1 945
143432 3 572
143535 2 872
143625 2 198
143853 1 726
143902 1 615
143940 3 214
144502 2 783
144539 3 1572
144596 1 1239
144754 1 833
144986 1 1083
145236 4 1469
145859 1 529
146001 2 901
146002 3 569
146433 4 498
146995 1 1267
147487 4 242
147497 4 767
148076 1 511
148223 4 784
148232 1 247
148829 2 99
148941 3 510
149530 4 478
149593 1 141
150303 1 83
150506 1 513
150654 1 857
151215 4 169
151265 1 473
151269 1 484
151378 4 439
151385 2 1141
151623 1 105
151942 4 1187
152074 1 521
152616 3 895
153494 4 325
153576 1 635
153677 1 117
153816 1 692
153965 2 740
154042 3 1666
154103 2 132
154240 2 856
154399 1 260
154502 1 486
155010 1 667
155144 3 1434
155212 1 1238
155542 3 219
155890 1 1497
155985 4 171
156147 3 536
156248 3 607
156299 1 467
157125 2 1243
157288 2 758
157716 2 679
158092 1 1078
158225 2 651
158646 1 339
158800 1 1670
159186 2 529
159306 1 1056
160069 3 701
160295 2 651
160399 1 1925
160801 1 447
161022 1 124
161334 1 381
161500 1 740
161571 6 601
161816 1 1976
161843 11 412
161862 1 628
162142 1 212
162157 1 667
162180 1 501
162332 1 387
162739 2 562
162856 2 582
163057 1 647
163750 1 649
163834 1 480
163853 1 525
163855 1 548
164006 1 1049
164121 2 477
164394 2 337
164486 2 489
165161 1 468
165174 2 970
165926 1 1835
165931 4 734
166009 2 655
166068 5 1362
166157 1 701
166879 3 349
166889 1 287
167444 1 762
167477 2 199
167916 1 571
168462 3 495
168561 1 790
169298 3 158
169935 15 611
170183 3 881
170345 2 375
170724 1 1210
170793 4 190
171059 2 760
171365 1 1275
171415 1 594
171448 4 799
172493 1 656
172597 1 622
173157 5 532
173436 4 993
173541 1 573
173651 2 235
174294 1 612
175108 2 434
175267 1 124
175865 1 128
175874 2 144
176118 3 562
176252 1 120
176805 2 465
177132 1 113
177932 2 2141
177943 1 2102
177949 3 2034
178039 37 15865
178327 1 137
179308 1 163
180815 2 476
181898 1 356
182922 2 498
184192 24 6108
184193 2 1813
184204 5 2145
184503 3 1091
184811 1 92
185052 2 1160
186200 1 434
188284 1 197
188536 2 461
189275 2 189
189469 1 457
189755 13 1920
189758 3 1628
189763 7 2572
189768 3 1650
189774 6 2116
189778 1 132
189826 2 1671
190371 10 2233
190441 5 2644
191126 1 195
192501 1 441
192838 3 518
193971 2 242
194408 1 693
194784 1 138
195185 1 116
195225 2 767
195228 5 1811
195792 283 14850
196685 3 521
199874 1 192
200589 1 152
200680 4 1496
200697 2 1247
200896 3 92
201873 1 107
202234 1 93
202355 1 136
202491 5 141
202849 1 90
204283 1 120
204682 1 535
204846 2 199
205175 2 586
205807 6 2096
206340 1 714
206399 2 100
206436 2 239
206505 1 140
206845 2 633
209175 2 455
211128 1 105
211137 9 2886
211143 8 2487
211149 2 1448
211155 3 11838
211341 1 128
211687 256 14537
211962 1 109
212398 1 858
213271 2 1010
214747 1 74
216099 3 2895
216110 3 2100
216645 1 148
216649 1 128
216654 1 98
216769 1 446
217274 1 126
219505 2 2185
219506 2 2187
220664 3 1855
220675 6 3118
220680 3 1970
222691 2 237
223347 2 427
225355 4 2149
225769 1 641
226681 1 109
227143 1 492
227213 3 143
227548 1 936
227754 2 345
228070 8 921
230385 29 6061
230388 1 4913
230389 4 3294
230397 5 2229
230406 1 255
230634 3 105
231121 2 1486
231245 3 715
231386 2 435
231537 1 536
232104 1 2122
232475 1 601
232669 1 1268
232743 3 605
232984 2 738
233351 1 1977
233409 4 1830
233858 1 693
233907 3 2946
234216 2 1076
234589 1 1142
234961 4 830
235341 2 1112
235704 4 442
235723 1 162
235990 3 611
236094 5 1700
236269 2 1546
236703 7 1854
237231 3 1387
237268 1 1138
237452 5 5243
237548 1 227
237616 1 1457
237725 2 831
237796 3 2461
237985 1 238
238374 1 672
238793 1 253
238849 2 241
239015 1 170
239664 1 221
239665 2 309
239950 32 3344
239960 4 238
240294 2 1482
240366 867 117963
240997 1 1461
241198 1 481
241503 1 837
241948 7 1159
242728 1 65
242893 47 8294
243248 311 97794
243249 636 55340
243328 48 30540
243568 171 51992
243636 370 73383
243698 80 29409
243725 52 13247
243742 502 52641
243743 128 32782
243795 30 11165
244230 13 10715
244295 45 43543
244312 1 457
244515 406 137580
244526 5 1956
244539 3 2276
244678 10 16930
244740 103 33732
244840 35 15386
244994 2 10504
244998 244 56078
245029 495 93035
245065 29 28651
245346 77 21516
245368 24 8062
245372 24 8138
245449 89 35219
245528 3 7626
245617 40 24889
245634 3 12083
245668 165 47659
245692 57 10223
245722 26 32503
245806 8 4332
245998 67 26287
246003 423 79294
246182 60 13686
246220 202 47306
246280 14 10199
246603 96 39939
246610 45 29250
246674 71 19215
246680 1 921
246695 393 65027
246710 15 14592
246814 28 7881
246864 47 22526
246947 26 25960
247060 12 25091
247153 39 17318
247209 143 48787
247387 602 63961
247469 1327 160821
247517 55 40187
247550 1196 255154
247672 42 33059
247948 220 23885
248034 88 2570
248179 41 34397
248181 23 22248
248262 119 21240
248276 17 12346
248480 39 20931
248562 88 40310
248610 1566 211360
248724 1 5299
248788 70 56946
248809 37 45708
248816 28 17214
249076 84 36189
249151 52 38079
249329 36 41571
249589 2 2539
249651 25 13805
249657 37 9452
249740 1664 228328
249780 4 14381
249902 237 35189
249993 9 9677
250073 9 19941
250267 13 10956
250382 20 10224
250615 109 32287
250616 253 37169
250619 18 24517
250636 2 4046
250842 3 8117
250896 7 14234
251142 6 8396
251158 20 5819
251420 57 20131
251485 92 29531
251603 80 17552
251901 39 11936
252442 21 8051
252443 34 13382
252474 335 81579
252555 17 27002
252626 13 7717
252924 4 17447
253018 2531 331696
253021 1 48
253063 69 33123
253067 329 104143
253155 11 15379
253259 16 26507
253311 124 35432
253354 41 57179
253462 595 48129
253530 9 6918
253554 21 8382
253557 79 37233
253593 1117 171848
253795 90 27039
253845 6 9503
253849 16 22736
253990 30 26077
254071 2 2560
254108 999 174176
254476 1 70
254497 41 24964
254511 1 55
254586 4 879
254689 25 21372
254869 2 1587
255068 91 24184
255069 31 17727
255080 6 576
255144 82 25727
255155 2 11710
255289 189 51128
255417 27 27737
255476 42 44402
255609 3 22114
255634 42 29071
255728 15 32235
255823 8 21270
255830 356 84137
255833 5 14459
256282 38 10491
256283 43 34425
256341 79 36933
256496 117 29777
257016 42 7719
257049 30 26471
257132 15 20479
257133 18 26221
257193 147 35712
257306 76 19070
257312 22 16694
257344 91 45609
257345 106 89736
257595 12 2794
257673 41 58812
257678 27 22180
257812 382 103213
257951 47 21143
258022 32 6898
258154 172 14055
258225 47 14533
258418 37 25774
258635 4 11890
258846 115 18003
259115 125 25791
259221 1 532
259326 1 291
259511 1 292
259596 174 18030
261304 3 334
261782 216 17392
261988 4 219
262369 7 485
262370 5 383
262658 4 507
262675 12 458
262676 8 358
262750 2 310
263039 3 458
263040 7 249
263278 211 16130
263358 11 378
263463 4 306
263479 323 16989
263701 3 381
263856 9 413
265508 126 17463
266399 7 389
266402 5 804
266403 1 272
266414 2 303
266417 1 486
266738 1 301
266893 2 327
266919 11 393
266938 12 510
266941 1 386
266943 5 439
266977 11 306
267047 3 396
267289 188 17754
267647 2 318
267656 1 337
267675 2 327
268515 1 436
268848 3 267
268849 1 289
268886 2 369
269529 7 221
270586 1 252
271305 16 515
272181 21 555
272247 1 413
272248 2 288
272249 3 289
272251 7 343
272252 4 400
272253 5 320
272254 10 260
272255 5 209
272256 6 150
273053 190 17501
273558 4 463
273560 10 512
274864 1 723
274865 2 449
274909 6 493
274911 2 494
274985 8 531
275048 16 423
275062 11 349
275084 4 541
275094 8 490
275145 7 665
275153 7 529
275154 10 763
275155 13 614
275217 8 570
275769 1 363
276305 7 410
277190 8 703
278086 9 510
278571 11 232
279156 8 642
279639 12 735
279663 7 427
279664 5 537
279868 4 370
280090 5 359
280092 1 423
280093 3 392
280094 7 601
280095 5 343
280096 7 432
280097 14 416
280098 7 201
280745 2 313
280755 417 32241
282615 2 592
283086 6 348
283249 3 381
283251 3 611
283252 2 305
283274 4 483
284797 129 15042
284942 13 163
285022 1 598
285186 2 373
285253 8 666
285321 3 540
285322 1 648
285330 1 500
285957 1 210
286401 7 320
286565 182 13034
287092 2 320
287770 1 336
287771 2 607
287772 2 613
288352 14 932
288374 6 853
289493 1 358
290770 230 21435
290953 6 620
290964 4 652
291302 5 648
291681 8 527
293387 223 19523
293615 2 699
293703 1 294
293846 6 674
293863 22 13257
294217 4 262
294218 7 385
294458 5 316
295639 200 20156
295919 3 327
295925 4 478
295929 4 350
295943 367 29903
296457 15 391
297257 6 472
298360 1 210
298361 1 389
298362 1 381
298853 19 5030
299248 1 340
299615 4 565
300553 5 496
300574 1 348
300737 32 578
300747 22 557
300748 3 180
301891 2 184
302704 2 436
302735 3 646
302781 191 18238
303513 2 395
304803 3 575
305013 127 15512
305058 128 6305
305088 166 11759
305403 2 581
305404 1 228
305618 2 408
305620 1 465
307993 1 272
308540 1 228
309227 1 450
309228 2 399
309789 13 520
309798 2 586
309800 4 432
310779 11 2372
311355 714 64459
311532 8 424
311819 121 15365
312386 1 392
312678 1 220
312873 6 546
313539 1 446
313668 181 19068
315497 1 414
316174 2 217
322943 1 822
323848 2 55
324023 1 665
329843 1 223
331961 1 508
343355 1 68
344474 1 635
344909 1 602
346784 1 282
348978 1 470
348979 1 513
350620 1 586
351243 1 588
351371 1 83
351924 1 83
352639 1 620
353312 1 246
355187 1 573
355985 9 638
356082 2 503
356960 1 260
357484 3 975
364022 2 2059
365253 2 739
367706 1 214
370058 1 515
370172 2 1103
371254 3 472
371437 1 228
377737 1 978
378801 1 408
379833 1 63
380224 1 558
380598 1 135
382754 1 466
388407 3 575
392674 2 635
398311 1 216
402884 1 277
402915 1 181
403385 1 603
403459 1 302
405732 1 660
406551 1 218
406941 1 229
409076 1 387
410125 1 294
410687 1 128
410714 1 167
411618 1 690
411621 1 332
414574 4 245
415896 2 205
415919 1 192
415937 1 156
416124 2 271
417489 1 361
422285 1 374
422549 4 595
423490 1 303
423828 2 309
423920 1 410
424461 1 231
426917 1 404
427421 1 212
427567 1 335
427619 1 494
428183 3 574
428666 1 169
429078 1 121
431551 1 561
433450 1 122
435111 1 208
436096 1 247
440087 1 760
445288 2 519
445587 1 263
446191 1 504
449797 1 127
451446 2 481
454258 2 171
455434 1 162
456319 1 271
461709 1 232
465581 2 544
465665 2 610
465800 1 183
465852 6 244
466330 1 262
468288 1 549
468404 1 115
468437 3 427
468481 2 384
468717 1 203
469095 1 3148
470038 3 549
470045 2 429
470191 2 246
470355 2 508
471688 1 663
471953 1 268
472639 1 509
472662 2 239
473143 1 315
474880 1 236
475782 1 221
477175 1 233
479692 1 380
479694 2 175
483590 1 523
489496 1 179
491345 1 211
493284 1 381
493528 1 210
493694 3 795
494198 3 546
494647 5 721
494693 4 329
494923 3 351
503861 1 519
503888 1 231
505159 1 156
508223 4 451
510402 1 112
512367 1 348
514212 2 566
514725 1 417
515144 1 549
516808 2 465
517349 1 519
517576 3 242
520113 14 5560
520193 1 508
521866 1 673
78 3 192
107 3 617
257 4 376
508 1 424
516 2 197
587 1 412
1210 12 653
2120 2 269
2993 1 156
3149 3 515
3186 1 440
3776 3 475
3777 1 114
4236 6 296
4384 9 276
5081 1 117
5334 4 384
5895 6 100
6004 2 498
6226 5 200
6468 1 498
6512 6 94
6602 12 244
6717 16 576
6787 9 277
6970 5 186
7355 9 166
7402 3 426
7672 1 452
7817 1 377
7928 2 432
8191 3 294
8322 1 628
9583 1 602
9782 1 139
10171 1 291
10218 18 578
12907 1 125
13840 1 287
13905 2 372
14114 1 289
14832 2 359
14872 2 415
14942 1 465
14943 2 446
15396 13 322
15557 20 664
15865 6 377
16039 1 268
16528 6 571
16531 20 656
16711 1 435
16850 14 244
17240 1 234
17899 1 264
17997 1 48
18045 12 383
18329 1 647
18522 3 638
18643 8 610
20105 1 393
20215 10 386
20292 3 552
20404 1 369
20734 1 363
21240 11 287
21269 14 405
21439 7 320
21627 2 104
21894 1 370
22025 2 380
22269 3 458
22373 7 482
22550 1 174
22706 21 500
23775 1 286
24272 3 192
24337 11 291
25150 3 175
25201 5 544
25254 13 375
25309 7 749
25935 1 528
25956 7 402
26191 40 321
26947 6 385
27118 1 479
28156 3 324
28437 1 636
28688 1 249
29945 3 369
31077 5 238
31647 1 290
31721 5 299
31790 7 227
31906 2 585
32075 1 318
32208 1 312
32712 1 395
32952 3 183
33166 4 243
33744 7 357
33962 4 305
34229 3 531
34231 11 519
34935 7 115
34977 1 255
35472 2 620
35488 3 157
35490 8 102
35491 7 493
35494 1 535
35496 3 388
35498 11 278
35504 17 347
35505 6 141
35506 7 147
35508 3 403
37040 17 627
37377 1 436
37527 2 620
37897 2 591
39282 1 240
39395 1 237
42161 4 340
42313 1 144
42445 2 582
42449 2 385
43022 1 392
43370 12 269
44320 6 124
44329 9 328
44926 1 434
45595 2 338
45966 1 336
46803 1 267
47116 9 223
47238 5 489
48943 3 269
49013 2 251
49146 2 239
50304 2 291
50308 10 358
50334 1 127
50343 1 560
50878 1 437
51299 3 806
51300 1 711
52579 1 239
52835 3 483
53784 7 402
53948 1 371
54334 3 257
54430 1 461
54894 6 206
55237 2 141
55562 8 470
55748 8 496
56371 2 361
56626 1 203
57126 2 161
57788 2 345
58044 3 83
58586 6 78
58732 1 117
59299 1 258
59322 2 180
59358 8 174
59543 2 160
60310 20 285
60676 1 289
62125 3 519
62248 11 256
62419 1 568
62453 3 323
62568 5 121
62639 1 366
63163 1 377
64369 12 283
65948 4 459
66232 1 309
66406 12 319
66718 1 448
66767 8 614
66992 9 493
67429 7 149
67712 4 270
67810 14 217
67997 3 114
68394 1 236
69592 3 127
69593 1 281
69613 12 226
70756 1 525
72948 1 314
73373 3 517
73398 2 534
74282 1 237
74346 16 334
74773 7 361
75399 5 310
75593 3 530
75972 10 258
76302 10 262
77134 3 402
79493 3 524
79641 1 415
80069 2 3549
80665 6 11731
81002 1 311
81351 22 13810
81361 2 1016
81603 1 9651
81607 2 28467
81835 8 19476
81838 14 2290
81972 1 473
82126 1 6302
82267 3 14641
82593 3 327
82966 4 9952
82987 7 5353
83486 4 9952
83507 7 5353
84533 1 278
84667 6 16914
84843 2 1910
85159 5 2369
85368 69 74892
85481 6 70500
85645 14 153229
85773 3 82661
85820 9 263
85989 6 19219
86034 7 48792
86181 9 11470
86202 13 9055
86220 4 22240
86243 2 1139
86255 2 337
86367 5 33749
86611 1 1139
86884 2 248
86896 2 4524
87113 4 2656
87298 1 15858
87365 4 14475
87550 1 6211
87952 1 3520
88061 1 16736
88253 12 1023
88257 5 17762
88378 1 2516
88522 1 1114
89374 2 14599
89870 8 1445
90181 5 24998
90543 9 681
90622 7 18843
90764 4 2302
90795 1 27076
90894 3 5316
91082 2 226
91183 13 1916
91307 2 36764
91309 11 17335
91411 1 2242
91738 17 23456
91828 17 17995
91853 17 18049
92558 16 15447
92609 5 24495
92949 2 4249
93066 4 18445
93089 39 12017
93654 1 102204
93926 2 5234
94228 2 2272
94229 5 4233
94540 2 1955
94552 1 932
94592 3 7523
94863 2 18144
95073 2 421
95623 5 1208
95644 4 18339
95875 1 472
96049 4 78606
96136 8 20896
96174 1 3397
96450 1 1136
96748 1 473
96955 1 318
97027 14 10038
97623 2 1526
97664 1 543
98879 9 16353
98936 4 907
99320 20 4517
99336 1 3278
99406 2 1035
99444 1 2224
100065 1 499
100511 2 93
100665 1 925
100809 1 119
100881 1 848
101017 1 449
101398 1 566
101466 1 572
101529 18 625
101641 1 535
101683 1 754
101983 17 503
102057 12 667
102187 1 373
102485 2 1086
102809 4 667
103003 1 48
103326 12 250
103534 7 765
103601 4 447
103760 1 124
104206 6 544
104382 1 470
104571 3 580
104850 1 43
105399 23 1056
105471 4 341
105722 3 719
105741 1 49
106734 2 350
106744 1 246
106956 10 572
107492 1 654
107679 4 452
107997 4 359
108003 7 515
108048 9 256
108387 1 1679
108666 2 154
108706 1 727
108707 4 1661
108983 5 235
109025 2 468
109207 1 478
109502 3 447
109611 3 197
109893 1 558
110043 1 157
110269 6 606
110511 4 1724
110690 4 1505
111076 10 447
112036 3 759
112364 6 624
112982 1 42
113016 4 692
113032 8 588
113147 3 1320
113154 2 722
113357 1 56
113780 5 571
113786 15 400
114132 1 41
114494 1 56
115741 3 828
115966 4 475
116300 2 461
116788 5 345
116865 2 832
117360 2 666
117362 1 1016
117663 2 452
117727 5 140
117771 10 327
117868 11 596
118041 2 457
118079 2 757
118202 2 547
118225 4 566
118361 3 1832
118562 3 116
118850 6 596
119563 1 487
120005 1 1474
120210 1 149
120218 7 296
120269 11 361
120727 1 49
120738 9 567
121048 20 805
121268 4 685
121439 2 1034
121503 1 574
121762 9 769
121875 12 403
122222 1 539
122828 1 660
122971 3 47
123009 3 605
123148 4 627
123442 3 544
123465 2 771
123576 1 611
123634 5 521
123836 1 1091
124094 5 143
124420 4 371
124838 5 468
124999 1 121
125107 4 619
125308 6 719
125312 1 645
125514 22 809
125571 1 526
125670 3 676
125806 10 655
125814 2 348
126003 4 709
126305 2 730
126881 3 522
126944 1 40
127664 2 522
127966 2 658
128582 1 518
129311 1 785
129425 19 498
129616 7 518
129660 2 318
130112 2 548
130985 2 670
131379 7 490
131386 1 377
131466 2 1379
131468 1 61
131551 4 200
131895 4 159
132127 14 630
132201 1 591
132204 3 1020
132433 3 36
132705 1 817
133429 2 146
133445 32 704
133500 1 111
133614 1 606
133713 4 731
133759 11 745
133810 1 801
133911 1 680
134117 1 1307
134163 1 851
134372 1 1817
134518 4 500
134575 3 491
134631 9 416
134708 11 297
134826 4 237
134987 1 54
135067 1 52
135524 2 128
135801 1 404
135829 10 639
136127 3 79
136163 2 302
136203 1 616
136351 1 445
136356 1 908
136361 2 288
136457 3 520
136483 3 306
136543 2 140
136619 7 125
136894 39 832
136920 1 1167
136921 1 635
136934 1 147
137136 5 746
137251 6 298
137270 3 43
137291 1 521
137352 1 1771
137634 4 560
137886 1 411
138022 2 809
138151 8 295
138250 3 1284
138297 1 676
139118 1 333
139321 6 587
139327 10 689
139391 8 180
139576 1 361
139644 11 398
140076 1 1453
140163 1 512
140297 1 87
140388 1 503
140605 1 508
140629 5 498
140651 11 673
141377 1 884
141463 1 519
141868 1 200
141942 4 241
142043 12 553
142632 10 366
142673 2 91
142743 14 625
142881 3 359
143090 3 377
143166 5 1354
143262 16 553
143383 2 945
143478 3 429
143853 1 726
144246 4 1048
144358 2 1265
144502 3 783
144754 17 833
144986 21 1083
145281 2 1112
145706 1 400
145844 2 791
146001 15 901
146123 5 740
146503 2 320
146689 3 709
147461 6 212
147511 12 660
147652 1 1113
147889 12 522
148224 1 686
148232 1 247
148705 3 112
148743 1 439
148796 1 535
148925 5 410
148941 1 510
148967 3 82
149093 8 794
149530 6 478
149672 4 232
149938 1 81
149968 3 341
150370 2 673
150505 6 724
150642 1 455
150654 1 857
151378 2 439
151422 14 1159
151474 3 241
152268 1 69
152356 5 191
152847 12 700
152885 1 65
152939 6 453
153423 2 77
153438 1 314
153576 1 635
153996 11 689
154247 6 320
154386 1 68
154502 23 486
154565 1 67
154935 1 1330
155103 1 767
155250 3 80
155455 6 143
155542 1 219
155552 1 69
155574 1 69
155577 3 172
155890 1 1497
156057 6 205
156116 3 159
156147 9 536
156299 1 467
156773 1 194
157125 1 1243
157350 1 334
157716 15 679
157812 6 177
157918 1 753
158092 1 1078
158247 9 397
158545 3 942
158619 5 973
158931 1 59
159067 5 154
159109 13 631
159186 1 529
159193 3 1603
159306 1 1056
159385 4 545
160418 7 1035
160706 1 1166
161167 9 549
161334 5 381
161361 4 266
161387 5 1349
161571 9 601
161862 9 628
162157 2 667
162181 1 101
162332 2 387
162514 2 189
162739 2 562
163716 1 536
163750 1 649
163856 1 151
164006 1 1049
164121 5 477
164388 1 312
164409 3 508
164747 1 1193
165161 2 468
165325 5 122
165921 1 373
165926 1 1835
165927 1 535
166157 1 701
166345 5 813
166394 1 608
166889 6 287
167021 1 355
167309 3 511
167355 1 48
167401 1 67
167456 5 463
167491 8 727
167536 2 932
167688 1 693
167799 2 93
168054 6 1378
168200 2 383
168240 1 656
168323 1 76
168462 3 495
169212 1 89
169661 1 518
169736 1 46
169852 3 648
169936 1 567
170504 4 396
170689 1 71
170724 3 1210
171030 2 559
171059 2 760
171363 7 675
171365 3 1275
171448 5 799
171490 5 137
171745 3 726
172003 1 696
172582 7 178
172597 1 622
172839 1 798
173175 12 696
173288 4 256
173336 1 157
173471 1 63
173611 1 1135
173673 1 588
173842 25 774
174035 4 579
174176 3 467
175105 3 378
175108 9 434
175267 2 124
175418 13 172
175865 2 128
176849 8 127
177132 2 113
177932 1 2141
177948 8 6243
177949 3 2034
178039 1 15865
178362 1 95
180351 4 144
181806 1 110
184039 5 666
184154 6 89
184193 2 1813
184203 10 7900
184204 3 2145
184503 1 1091
185008 2 111
185054 1 128
186416 2 87
187526 9 1146
188284 1 197
188702 1 141
189755 2 1920
189758 1 1628
189763 2 2572
189773 11 8227
189774 3 2116
189778 1 132
190015 1 84
190371 10 2233
190787 2 660
192431 1 118
194408 8 693
195185 1 116
195225 3 767
195227 11 8061
195228 2 1811
195792 3 14850
197868 1 104
198051 4 72
200037 3 115
200673 4 87
200696 12 8085
200697 1 1247
200896 3 92
202234 1 93
202849 1 90
203615 3 236
204846 1 199
205028 1 99
205175 10 586
205796 1 374
205810 9 356
205814 24 1019
205817 15 7384
206436 1 239
206666 1 92
210597 4 135
211128 2 105
211137 1 2886
211143 4 2487
211146 5 1852
211149 1 1448
211155 21 11838
211341 1 128
211687 1 14537
214747 1 74
216099 1 2895
216104 2 252
216109 14 8882
216110 4 2100
216339 1 118
216350 1 86
216524 4 120
217274 1 126
217323 2 115
220675 4 3118
220679 12 8514
220680 6 1970
220890 2 117
221518 3 124
225354 12 6791
225355 6 2149
226115 2 121
226831 1 89
227213 10 143
227565 1 520
228070 4 921
230385 1 6061
230398 1 129
230406 8 255
230412 3 105
230414 13 6409
230415 2 1795
230625 1 108
230634 2 105
231121 6 1486
231245 1 715
231464 1 215
231472 12 328
231519 8 128
231537 1 536
231703 12 406
231823 3 1049
232042 4 358
232104 2 2122
232126 5 244
232475 3 601
232539 1 290
232758 1 295
232954 1 302
232984 18 738
233161 4 580
233351 57 1977
233409 1 1830
233482 13 173
233605 1 248
233809 3 914
233858 3 693
234177 1 234
234216 1 1076
234358 19 430
234374 10 307
234571 10 268
234589 2 1142
234720 3 285
234961 2 830
234996 10 184
235006 65 1582
235059 13 271
235341 1 1112
235414 18 297
235461 2 380
235723 1 162
235746 3 436
235990 5 611
236073 2 375
236094 19 1700
236195 8 216
236198 3 374
236234 8 187
236269 2 1546
236279 1 181
236290 2 316
236370 2 374
236504 8 153
236532 9 309
236681 28 466
236856 6 235
237055 6 714
237231 1 1387
237268 9 1138
237275 1 287
237355 18 190
237452 1 5243
237525 2 344
237542 1 217
237614 1 182
237616 1 1457
237725 1 831
237796 20 2461
237904 5 202
237986 1 463
238227 1 405
238229 6 328
238581 14 210
238619 1 603
238813 4 426
238849 10 241
238882 3 134
239014 3 206
239326 5 194
239333 7 275
239664 10 221
239665 3 309
239687 1 394
239690 1 159
239869 1 240
239908 1 231
239950 7 3344
240256 1 180
240279 14 190
240294 3 1482
240439 1 881
240695 20 1380
240845 1 332
240969 9 199
240978 1 241
240997 59 1461
241409 3 273
241613 4 644
241948 3 1159
241999 17 235
242047 4 274
242418 1 323
242440 13 212
242454 6 1919
242893 7 8294
243248 4 97794
243249 12 55340
243568 70 51992
243636 2 73383
243698 3 29409
243725 3 13247
243742 17 52641
243743 14 32782
243795 3 11165
244047 4 3586
244230 1 10715
244295 1 43543
244312 1 457
244515 10 137580
244539 44 2276
244740 5 33732
244840 12 15386
244994 31 10504
244998 18 56078
245011 12 10535
245029 33 93035
245065 9 28651
245368 1 8062
245372 4 8138
245494 1 127
245617 3 24889
245634 19 12083
245668 9 47659
245692 3 10223
245722 2 32503
245806 3 4332
245998 3 26287
246003 24 79294
246182 1 13686
246220 5 47306
246280 5 10199
246603 3 39939
246610 2 29250
246674 2 19215
246695 6 65027
246710 15 14592
246814 4 7881
246947 16 25960
247060 1 25091
247153 3 17318
247209 16 48787
247387 13 63961
247398 1 2029
247469 4 160821
247517 32 40187
247550 5 255154
247672 8 33059
248179 5 34397
248276 18 12346
248562 1 40310
248610 112 211360
248724 1 5299
248788 8 56946
248809 1 45708
249076 1 36189
249088 1 2316
249095 2 969
249151 1 38079
249329 47 41571
249589 8 2539
249651 1 13805
249740 4 228328
249902 2 35189
249993 1 9677
250045 1 677
250073 1 19941
250267 9 10956
250382 6 10224
250466 22 6804
250615 1 32287
250616 1 37169
250619 4 24517
250636 1 4046
250842 2 8117
251142 12 8396
251158 12 5819
251365 7 170
251420 9 20131
251485 2 29531
251603 2 17552
251942 2 982
252442 2 8051
252443 9 13382
252474 34 81579
252555 1 27002
253018 1 331696
253067 6 104143
253259 1 26507
253311 2 35432
253354 14 57179
253593 39 171848
253845 2 9503
253849 20 22736
253990 7 26077
254071 62 2560
254108 17 174176
254497 49 24964
254689 75 21372
255068 5 24184
255069 6 17727
255080 13 576
255144 9 25727
255155 26 11710
255289 5 51128
255417 1 27737
255476 1 44402
255609 2 22114
255634 10 29071
255728 2 32235
255830 2 84137
256282 3 10491
256283 3 34425
256341 3 36933
256496 1 29777
257016 6 7719
257049 15 26471
257132 7 20479
257133 9 26221
257193 6 35712
257306 1 19070
257312 1 16694
257344 2 45609
257345 9 89736
257673 9 58812
257678 3 22180
257812 29 103213
257951 2 21143
258154 9 14055
258418 3 25774
258635 1 11890
258846 34 18003
259115 2 25791
259326 3 291
259596 5 18030
260279 5 624
261304 1 334
261782 6 17392
262369 5 485
262370 1 383
263278 4 16130
263479 2 16989
263701 4 381
265508 9 17463
266399 12 389
266402 18 804
266403 5 272
266408 1 478
266417 1 486
266938 2 510
266977 1 306
267047 1 396
267289 4 17754
267646 1 391
267647 11 318
267656 8 337
268515 3 436
268848 2 267
268849 5 289
268850 1 248
268886 5 369
269529 1 221
272246 3 352
272247 4 413
272248 2 288
272249 1 289
273053 11 17501
273347 4 311
273558 2 463
274864 2 723
274909 2 493
274911 1 494
274985 13 531
275048 1 423
275062 1 349
275084 3 541
275145 5 665
279639 2 735
279664 1 537
280090 2 359
280091 4 419
280092 3 423
280093 3 392
283086 3 348
283249 3 381
283251 1 611
283252 9 305
283274 5 483
283685 1 548
283716 5 273
284715 3 473
284797 10 15042
285186 2 373
285253 2 666
285330 1 500
285957 2 210
286183 8 499
286565 5 13034
287090 3 164
287092 6 320
287770 2 336
287771 3 607
288374 1 853
288744 3 318
288745 6 407
289493 2 358
290770 6 21435
291302 2 648
291681 1 527
293387 7 19523
293846 1 674
293863 1 13257
294218 1 385
294557 4 177
295639 13 20156
295919 3 327
295925 2 478
295929 2 350
295943 2 29903
295985 2 333
296457 4 391
297580 1 152
298203 3 343
299248 3 340
300553 3 496
300574 1 348
301713 2 401
301714 5 378
302704 3 436
302735 6 646
302781 6 18238
303182 1 221
305013 11 15512
305402 1 330
305403 2 581
305468 1 388
307993 11 272
309789 3 520
309800 2 432
310472 65 184510
311532 2 424
311819 16 15365
312328 1 435
312386 2 392
313539 1 446
313668 4 19068
314516 4 40486
314522 5 321
314523 4 344
315141 9 562
315951 1 128
318179 3 43
318973 2 30
320046 3 801
320330 1 140
320332 1 82
320740 1 30
321096 2 25
322943 3 822
324023 1 665
328333 1 284
328873 1 513
328904 1 25
329843 4 223
330497 1 841
330926 1 265
331790 2 431
333521 1 765
333790 1 370
334510 3 340
335335 1 747
338012 1 346
339527 4 779
343208 5 631
344474 2 635
344963 5 553
347416 4 459
348475 1 26
348660 6 107
348980 5 505
349059 1 677
350062 7 597
351243 1 588
351371 1 83
352287 2 32
352639 6 620
352722 2 32
353744 2 137
354896 3 229
355187 3 573
355985 2 638
356082 5 503
356300 3 500
356960 1 260
357484 11 975
364022 1 2059
365253 1 739
367652 1 184
367706 2 214
368055 1 109
368205 1 122
370058 1 515
370172 1 1103
371254 4 472
371993 5 672
375882 1 376
376182 2 689
377737 3 978
379520 4 546
379523 1 608
380224 3 558
381130 1 41
387051 1 198
387308 2 235
388427 2 495
388450 1 80
388890 1 84
388897 2 130
389303 1 45
389850 4 243
390000 2 69
391151 2 166
392674 1 635
396272 4 71
396880 4 318
397816 2 92
398311 10 216
398685 2 184
399068 5 131
399087 1 207
399262 2 381
399311 1 47
400006 3 64
400103 2 585
400743 17 559
402405 9 3121
402884 1 277
403423 1 50
403459 1 302
403812 2 80
403876 9 439
404675 2 78
404881 13 207
406518 3 53
406551 5 218
406941 9 229
407745 6 77
408126 5 183
410687 8 128
410714 10 167
411618 1 690
411623 1 673
415412 2 873
415896 1 205
415937 2 156
416467 1 430
416582 1 553
417090 1 610
417479 3 78
417489 20 361
420674 4 73
420900 4 164
421122 3 174
423067 2 292
423261 3 128
423490 1 303
423828 1 309
423919 5 372
423920 4 410
424421 2 416
424461 1 231
425005 1 252
426917 1 404
426937 4 200
428919 1 123
429007 1 759
429078 2 121
430467 1 43
431551 2 561
432976 1 153
433445 4 98
433450 4 122
433800 9 199
434608 4 147
435111 1 208
436096 3 247
437890 9 227
438164 1 267
438172 1 261
438996 4 262
439029 17 437
440079 13 249
440081 75 1280
440084 12 268
440086 12 296
440087 36 760
440136 330 5417
441575 1 446
442007 12 252
442029 1 231
442040 1 200
443024 1 132
445288 1 519
446486 2 61
446507 1 636
447740 4 50
449857 1 435
450576 5 99
451099 2 251
451501 1 101
451504 5 69
454558 1 413
455527 1 618
456319 1 271
456369 6 390
456580 1 53
456889 6 102
456913 3 74
457840 3 63
459882 2 276
460763 4 72
461490 9 165
461709 1 232
462666 1 291
463088 1 110
468481 6 384
468499 1 122
469620 1 72
469886 1 39
470045 1 429
470052 1 885
470191 3 246
471688 1 663
471881 2 235
471953 2 268
472079 5 359
472639 1 509
472662 1 239
473143 14 315
474702 11 171
474880 5 236
475099 2 84
475109 6 71
475782 3 221
476040 3 43
476067 5 87
476294 1 404
477175 1 233
477746 7 130
481572 2 55
482063 2 41
482543 1 66
483590 14 523
486918 2 42
488017 1 706
488074 1 307
488513 1 367
488566 9 169
489496 2 179
491090 1 267
491403 3 675
491550 4 385
491850 3 213
492636 4 466
493284 1 381
493473 1 270
493524 2 353
493528 1 210
493694 2 795
494116 1 216
494117 2 321
494198 6 546
494303 11 172
494693 2 329
494923 5 351
496793 2 116
497586 4 74
499360 3 388
499677 3 61
501573 3 454
503460 3 137
503861 20 519
505159 7 156
505352 1 651
506129 10 2879
508484 1 156
509162 2 167
510402 2 112
511616 31 351
511618 9 416
511620 18 354
512365 5 63
512368 5 127
514216 1 746
514725 1 417
515144 1 549
515250 2 429
516808 15 465
516809 20 547
516843 1 503
517349 2 519
517883 1 57
518501 1 46
519886 2 146
520113 3 5560
520193 6 508
520324 2 192
521681 14 520
521952 1 432
522824 1 39
1210 1 653
1687 1 217
5139 1 259
5334 1 384
6226 1 200
6512 1 94
6787 1 277
7402 2 426
7468 1 340
7592 1 368
9583 1 602
14832 1 359
15331 3 432
15865 1 377
16850 1 244
17240 1 234
17899 1 264
18643 1 610
20215 1 386
21269 6 405
21627 1 104
22484 2 198
22706 1 500
25309 4 749
26191 1 321
26947 2 385
31906 1 585
32952 1 183
33744 1 357
33962 1 305
34231 1 519
34935 2 115
35472 1 620
35496 1 388
35504 1 347
35505 2 141
37527 1 620
42161 2 340
44517 1 338
44926 1 434
50308 1 358
52369 1 471
54334 1 257
58044 1 83
62125 1 519
64369 1 283
67429 1 149
69592 1 127
69593 1 281
70590 1 161
73398 1 534
74282 1 237
75246 1 155
81361 5 1016
81931 1 201
82126 1 6302
82593 2 327
83357 17 1169
84533 4 278
85159 1 2369
85368 3 74892
86034 1 48792
86243 2 1139
86611 1 1139
86896 2 4524
87113 48 2656
87830 4 1376
90817 4 389
91151 1 734
91246 13 3311
91432 10 611
91738 2 23456
91742 2 1554
92558 4 15447
93089 8 12017
93926 7 5234
94228 29 2272
94229 29 4233
94540 11 1955
94552 1 932
95416 1 434
96450 1 1136
98596 1 215
98936 2 907
100809 2 119
101529 1 625
102057 1 667
103601 1 447
103714 1 525
104345 1 232
104382 1 470
105399 1 1056
105722 1 719
106734 1 350
107997 1 359
109545 1 477
109893 1 558
110043 1 157
110511 1 1724
110690 1 1505
111076 1 447
111543 1 538
112036 1 759
113032 2 588
114928 1 480
116018 1 92
118193 1 228
118225 1 566
118562 1 116
118850 1 596
120738 1 567
121048 3 805
121223 1 256
121503 2 574
121762 1 769
121969 1 813
122222 3 539
123009 1 605
123148 1 627
125514 1 809
126343 1 247
127966 1 658
132705 1 817
133445 1 704
133911 1 680
133935 1 84
133972 1 78
134014 1 676
134575 2 491
136203 3 616
137485 1 893
138022 1 809
138118 1 848
140651 1 673
143383 1 945
143432 1 572
144502 4 783
144986 1 1083
145844 1 791
148743 1 439
148941 1 510
150244 1 619
154502 1 486
154509 1 432
154935 1 1330
156481 1 294
156791 1 440
157350 1 334
161167 1 549
161571 1 601
162514 1 189
163716 1 536
165921 1 373
168561 1 790
170183 1 881
171363 1 675
173288 1 256
173673 1 588
175267 1 124
176849 2 127
178362 2 95
180351 1 144
184193 4 1813
188284 2 197
189755 2 1920
190371 8 2233
190787 2 660
194408 1 693
200037 2 115
200680 1 1496
201279 2 98
202234 1 93
211143 8 2487
211155 1 11838
216099 2 2895
216104 3 252
216109 4 8882
216524 2 120
220679 4 8514
228070 2 921
230385 2 6061
230388 1 4913
230389 6 3294
230398 1 129
230634 1 105
231245 1 715
231823 1 1049
232126 1 244
232954 1 302
232984 1 738
233161 1 580
233351 1 1977
233409 5 1830
234720 8 285
235006 1 1582
235990 2 611
237231 1 1387
237355 1 190
237614 1 182
237616 5 1457
237796 5 2461
237986 2 463
238772 1 274
238938 1 275
239950 2 3344
239960 3 238
240256 1 180
240513 1 251
240695 3 1380
240845 1 332
241948 1 1159
242893 23 8294
243248 7 97794
243249 2 55340
243568 1 51992
243742 1 52641
243743 1 32782
244230 1 10715
244998 2 56078
245029 1 93035
245346 2 21516
245372 1 8138
245722 1 32503
245806 8 4332
246003 1 79294
246220 7 47306
246280 1 10199
246680 1 921
246695 9 65027
246814 1 7881
246947 1 25960
247209 1 48787
247387 2 63961
247398 1 2029
247517 1 40187
247550 7 255154
248610 5 211360
249329 1 41571
249740 3 228328
250267 6 10956
251420 1 20131
251485 1 29531
251603 3 17552
251901 1 11936
253018 1 331696
253067 7 104143
253311 4 35432
253354 1 57179
253593 6 171848
253795 4 27039
254108 4 174176
255068 1 24184
255069 1 17727
255144 1 25727
255155 4 11710
257016 22 7719
257132 1 20479
257812 1 103213
257951 1 21143
258022 2 6898
258225 1 14533
258846 7 18003
259115 5 25791
259221 12 532
259326 2 291
261964 2 235
262369 1 485
266403 2 272
266893 9 327
266919 1 393
266941 6 386
266943 4 439
266977 2 306
267047 2 396
268850 1 248
272247 1 413
272252 1 400
272253 1 320
273558 2 463
273560 6 512
274864 1 723
274865 1 449
275084 1 541
275145 2 665
275154 5 763
275155 6 614
275217 2 570
278086 3 510
280092 1 423
280095 1 343
280096 1 432
283086 1 348
283249 1 381
283251 5 611
283252 1 305
283685 1 548
284704 3 453
284715 4 473
284830 5 441
285321 11 540
285322 7 648
285330 1 500
287770 1 336
287771 1 607
287772 3 613
288746 3 113
293615 1 699
293846 4 674
294217 1 262
294218 1 385
295919 1 327
295929 1 350
297580 2 152
300574 2 348
305402 4 330
305403 3 581
305404 3 228
305468 3 388
308540 4 228
309798 1 586
309799 3 557
311532 4 424
313539 7 446
315141 2 562
317604 1 487
324023 1 665
328873 3 513
333521 2 765
339855 3 480
344909 1 602
344963 1 553
348978 1 470
348980 2 505
350062 1 597
355187 1 573
356055 1 692
368740 1 190
371993 2 672
375882 1 376
376182 1 689
379520 1 546
388427 1 495
398311 2 216
399262 2 381
400103 1 585
411618 1 690
411621 2 332
411623 4 673
411625 1 672
411627 6 774
416467 1 430
417090 1 610
422285 1 374
454076 1 389
455527 2 618
470045 1 429
491550 1 385
492636 1 466
493694 1 795
494116 1 216
494117 3 321
508484 1 156
515144 1 549
520113 6 5560
2220 2 401
9553 1 297
14942 1 465
16711 3 435
16850 1 244
18643 1 610
24346 1 352
24593 1 335
31908 1 189
39733 1 157
46803 1 267
50304 1 291
50878 1 437
51298 1 811
54334 1 257
54430 1 461
57788 1 345
66007 10 333
70545 1 468
77441 3 294
80069 39 3549
80665 37 11731
80778 4 1295
81835 30 19476
82966 13 9952
83486 13 9952
84667 34 16914
85368 2 74892
85481 2 70500
85645 3 153229
85989 42 19219
86034 1 48792
86181 10 11470
86611 8 1139
86617 3 790
86753 9 173871
87298 11 15858
87365 5 14475
88257 15 17762
88522 1 1114
89158 33 24190
89374 7 14599
89815 15 4298
90622 24 18843
90683 15 3136
90855 1 4519
91385 1 5803
91828 9 17995
91853 9 18049
92939 1 2952
92949 47 4249
93066 27 18445
93897 16 5683
94239 16 889
94863 1 18144
95304 1 1107
95357 5 7537
95644 32 18339
95875 1 472
96049 1 78606
96136 1 20896
96384 2 926
97027 11 10038
97559 2 10199
97560 3 3033
97664 1 543
98879 32 16353
99174 2 14166
99444 1 2224
100052 2 84
100084 1 125
100584 1 709
100608 1 301
100881 1 848
101641 3 535
102119 1 43
102273 1 100
102485 1 1086
103960 1 82
104273 1 168
104335 1 140
105187 2 93
105418 3 402
105983 1 577
106467 1 338
106734 2 350
107266 1 131
107606 1 112
108071 1 339
110511 1 1724
111119 2 441
113033 1 324
114169 2 224
114683 1 133
116018 1 92
116298 1 91
118023 1 1307
118715 3 469
119092 1 158
119190 1 1309
119386 3 487
119798 3 128
119977 14 419
120738 3 567
121348 1 225
123009 1 605
123579 3 258
124153 2 262
124438 1 268
125186 1 150
125472 2 71
125699 1 143
125793 1 592
126006 1 89
127114 4 8902
127381 2 803
127512 1 765
127749 1 99
129250 3 55
130530 5 589
130543 2 752
131218 1 192
131805 2 864
132252 1 95
132424 1 511
132470 1 366
132532 2 373
132705 3 817
132707 1 347
133935 1 84
133972 1 78
134163 1 851
134575 1 491
135830 1 195
136189 1 451
136676 1 1336
137044 1 367
137136 1 746
137242 1 751
137352 1 1771
137886 1 411
138703 10 487
138761 1 624
138765 2 169
139065 1 160
139789 1 467
140629 1 498
141123 2 78
141377 1 884
141463 2 519
141860 1 827
142257 1 211
142301 1 175
142406 3 93
143432 1 572
143940 1 214
144082 1 104
144575 1 112
144596 1 1239
145281 1 1112
145859 8 529
146123 1 740
146482 1 568
146689 1 709
146995 1 1267
147102 2 138
147487 2 242
147652 1 1113
148223 1 784
148366 7 492
148565 1 1613
148675 1 946
148941 1 510
149093 1 794
149593 1 141
150370 1 673
150559 7 531
150653 2 553
151265 2 473
151385 1 1141
152616 2 895
153123 3 474
153657 2 97
153816 16 692
154103 2 132
154117 1 1341
154668 1 172
155212 1 1238
155217 2 96
155431 2 154
156513 2 534
156792 2 87
157288 1 758
157918 2 753
158092 1 1078
158549 1 99
160399 1 1925
160801 2 447
161021 1 1875
162058 1 82
163300 1 128
163463 1 115
163855 1 548
165439 1 105
165921 2 373
166154 1 443
166879 2 349
168561 1 790
169485 1 128
169781 1 8290
169782 1 525
169797 6 287
170120 1 244
172456 5 107
172668 1 104
172849 2 161
172883 1 128
173611 1 1135
173842 1 774
174035 1 579
174245 1 109
176118 1 562
177358 6 185
177932 2 2141
178039 2 15865
178327 1 137
181038 2 110
182110 10 376
184192 4 6108
184503 1 1091
184611 1 145
189208 3 132
189275 10 189
189469 1 457
189758 6 1628
189826 1 1671
190371 3 2233
190772 2 110
192501 1 441
194784 1 138
195792 1 14850
200673 1 87
202355 5 136
202491 3 141
205028 1 99
205884 1 87
206436 3 239
209175 24 455
210395 1 99
210396 4 112
211143 2 2487
211687 1 14537
212667 3 91
212860 1 117
213403 1 129
217084 2 155
217274 1 126
217504 1 137
225157 9 136
225769 2 641
227143 2 492
230385 18 6061
230388 1 4913
231121 1 1486
231464 1 215
231537 1 536
232743 1 605
233907 15 2946
234229 1 567
235341 1 1112
236094 1 1700
236269 2 1546
237275 1 287
237725 1 831
237796 3 2461
240366 15 117963
241198 1 481
241948 1 1159
242454 1 1919
243248 2 97794
243636 1 73383
243742 9 52641
243743 2 32782
244230 4 10715
244295 1 43543
244515 2 137580
244678 1 16930
244740 33 33732
244998 5 56078
245011 1 10535
245029 39 93035
245065 1 28651
245368 12 8062
245449 3 35219
245528 1 7626
245634 1 12083
245668 8 47659
245692 4 10223
245722 2 32503
245806 1 4332
245998 1 26287
246003 40 79294
246182 10 13686
246603 7 39939
246610 1 29250
246674 3 19215
246710 1 14592
246947 4 25960
247060 1 25091
247209 1 48787
247469 1 160821
247517 1 40187
247550 4 255154
247672 2 33059
248181 1 22248
248262 1 21240
248480 1 20931
248562 3 40310
248610 131 211360
248788 1 56946
248809 1 45708
249076 2 36189
249151 2 38079
249329 2 41571
249651 1 13805
249657 4 9452
249740 1 228328
250045 2 677
250636 1 4046
250896 1 14234
251420 1 20131
252443 1 13382
252474 4 81579
252555 1 27002
252924 2 17447
253018 19 331696
253067 2 104143
253354 3 57179
253462 6 48129
253571 3 427
253593 9 171848
253849 1 22736
254108 16 174176
254689 4 21372
255068 3 24184
255069 1 17727
255289 2 51128
255417 7 27737
255634 1 29071
255728 1 32235
255833 1 14459
256341 8 36933
257049 1 26471
257132 1 20479
257344 4 45609
257345 4 89736
257678 2 22180
257812 9 103213
257951 1 21143
258154 1 14055
258846 1 18003
259596 18 18030
259798 1 136
260279 1 624
261782 30 17392
263039 4 458
263040 6 249
263278 8 16130
263479 4 16989
265508 27 17463
266408 1 478
266417 1 486
267289 37 17754
271305 3 515
273053 22 17501
274864 10 723
274865 2 449
274909 1 493
274911 1 494
275048 2 423
277190 1 703
278571 1 232
279639 4 735
279663 1 427
279664 1 537
279868 9 370
284797 22 15042
285491 5 226
286565 21 13034
288352 2 932
288374 8 853
290770 66 21435
290953 1 620
290964 2 652
293387 8 19523
294458 3 316
295639 20 20156
295943 2 29903
295985 1 333
297257 6 472
299248 1 340
299615 2 565
300737 5 578
300747 3 557
300748 6 180
302704 4 436
302781 49 18238
303513 3 395
304803 11 575
304805 6 213
305013 33 15512
305088 24 11759
305618 2 408
305620 2 465
309227 1 450
309228 1 399
311355 16 64459
311819 29 15365
312678 1 220
313668 32 19068
314516 1 40486
315497 1 414
316174 1 217
318617 4 252
320046 2 801
321386 1 103
322066 1 175
325251 1 98
329920 1 66
332861 1 655
333521 1 765
335054 1 430
335989 2 626
337030 1 178
343877 1 83
343996 3 219
344042 1 137
344474 1 635
344514 1 390
344993 2 112
346108 1 535
348206 1 127
348660 1 107
351686 1 99
351924 1 83
352639 1 620
353126 1 205
353590 1 202
353744 1 137
353758 1 155
354366 1 124
354390 1 123
358542 2 107
359467 1 363
360245 1 130
362721 1 106
364022 1 2059
364549 1 147
365253 1 739
365930 1 146
367057 1 105
367615 1 133
368656 1 125
369713 1 69
371045 2 219
371517 2 245
371986 1 727
377033 1 65
378666 1 247
379523 2 608
380598 2 135
381499 3 118
382754 2 466
389168 2 297
399538 1 654
405432 1 484
408572 2 427
408867 1 252
408954 1 366
411617 1 525
411621 1 332
416124 1 271
416582 1 553
417489 1 361
419043 1 96
419440 1 248
423886 3 406
423919 1 372
425927 2 283
426359 1 114
427615 1 361
427619 2 494
427620 1 224
427661 1 283
428083 1 183
428183 1 574
428666 1 169
432974 2 721
436096 1 247
437045 1 133
440231 1 155
440428 1 207
446301 1 109
451446 10 481
454076 1 389
454118 1 132
454258 1 171
461172 9 788
464605 1 108
465665 2 610
466328 1 194
466330 1 262
466366 12 558
467207 6 305
468288 2 549
468404 1 115
468437 3 427
468639 5 284
468717 2 203
468760 1 383
469092 2 117
470045 1 429
470048 1 354
470115 1 210
472639 1 509
479694 2 175
488017 2 706
488463 1 127
489496 1 179
490096 1 169
491345 4 211
491850 1 213
493528 2 210
499013 1 114
499360 1 388
499380 1 655
502001 1 118
508484 1 156
512178 1 551
512290 2 212
512367 1 348
514163 2 311
514212 2 566
515004 1 762
515875 1 247
518549 1 164
520113 5 5560
520462 1 92
523227 1 101
523883 1 908
524093 1 887
78 3 192
107 3 617
1210 1 653
2120 3 269
2286 2 464
3149 1 515
3776 1 475
4236 18 296
4384 1 276
5334 4 384
6004 2 498
6542 7 207
6602 1 244
6716 7 450
6787 3 277
6970 1 186
7402 2 426
7817 3 377
7928 1 432
8760 10 349
9782 2 139
10218 1 578
10409 2 251
11627 5 213
12518 3 174
13840 7 287
13905 4 372
14015 1 428
14114 6 289
14832 1 359
14872 5 415
14942 1 465
15027 2 395
15331 3 432
16711 1 435
16850 1 244
17240 1 234
18329 2 647
18522 4 638
18643 1 610
19843 2 231
20215 1 386
20292 2 552
20404 10 369
20670 2 449
20734 5 363
20923 9 360
21240 2 287
21269 1 405
21439 1 320
21622 2 245
22706 2 500
23709 1 322
24337 2 291
24346 1 352
24593 1 335
25079 5 139
25254 2 375
25309 3 749
25956 2 402
26947 3 385
27118 1 479
27170 2 415
27431 2 218
28437 2 636
28498 4 371
28688 3 249
29343 1 336
29945 3 369
31077 2 238
31082 9 306
31647 2 290
31721 1 299
31906 2 585
31908 2 189
32208 6 312
32952 1 183
33166 1 243
33744 2 357
33962 4 305
34229 1 531
34231 1 519
34977 1 255
35472 4 620
35484 1 387
35488 1 157
35491 25 493
35496 7 388
35499 3 199
35504 1 347
35508 1 403
36393 5 292
37527 4 620
37897 1 591
39282 1 240
39395 7 237
42449 3 385
44079 1 469
44926 1 434
45913 15 335
46231 7 312
47116 1 223
49013 4 251
49079 1 112
49146 2 239
49774 5 182
50308 8 358
50343 2 560
50344 1 574
50878 3 437
50911 2 446
50927 2 343
51298 1 811
51299 1 806
51300 3 711
52369 4 471
52579 1 239
53101 9 313
53784 1 402
54430 2 461
55237 1 141
55348 1 212
55601 1 371
55721 13 355
55748 2 496
56371 9 361
56626 9 203
57468 7 313
57788 6 345
59299 1 258
59322 2 180
59358 1 174
59543 2 160
61012 1 456
61535 1 180
61571 1 327
62248 9 256
62453 9 323
62568 1 121
63339 2 217
64369 6 283
65063 9 385
65908 12 495
66232 5 309
66406 3 319
66718 2 448
66767 1 614
67429 1 149
67997 1 114
69593 1 281
69928 4 296
70080 8 330
70754 1 352
70756 1 525
70923 1 174
72925 8 319
72948 3 314
73373 1 517
74346 5 334
74773 1 361
75399 3 310
75972 3 258
76302 3 262
77134 3 402
77441 1 294
79641 2 415
80069 6 3549
80360 6 1989
80845 4 33722
81351 12 13810
81361 12 1016
81603 2 9651
81607 64 28467
81838 1 2290
82126 36 6302
82267 2 14641
82593 2 327
83357 2 1169
84843 1 1910
85368 59 74892
85481 27 70500
85645 190 153229
85687 15 28718
85773 9 82661
86034 27 48792
86202 1 9055
86220 2 22240
86243 19 1139
86255 1 337
86367 7 33749
86527 1 13920
86611 1 1139
86617 5 790
86680 13 1991
86753 865 173871
86896 7 4524
87113 1 2656
87298 49 15858
87550 3 6211
87830 5 1376
87963 6 3815
88061 8 16736
88253 6 1023
88257 1 17762
88378 2 2516
88522 1 1114
88909 2 1457
89158 11 24190
89374 2 14599
89432 53 38895
90181 9 24998
90543 8 681
90764 7 2302
90783 24 22898
90795 154 27076
90894 1 5316
91151 6 734
91229 23 1449
91246 15 3311
91307 105 36764
91309 9 17335
91385 2 5803
91406 11 3040
91432 23 611
91738 33 23456
91742 5 1554
91828 4 17995
91853 4 18049
92558 11 15447
92609 10 24495
92949 12 4249
93066 7 18445
93089 47 12017
93654 13 102204
93897 5 5683
93926 3 5234
94167 95 21131
94229 1 4233
94540 16 1955
94552 5 932
94863 21 18144
95020 25 25937
95365 10 10517
95416 1 434
95564 4 10854
95644 4 18339
95784 2 153
95842 88 5648
95852 3 16553
96027 2 30491
96049 19 78606
96136 11 20896
96424 42 38462
96450 11 1136
96521 12 1098
96561 1 3193
97270 3 15338
97559 13 10199
97560 11 3033
97623 5 1526
98943 11 2378
99174 95 14166
99320 5 4517
99406 6 1035
99444 3 2224
99680 1 1931
100065 2 499
100568 1 444
100665 3 925
101017 11 449
101176 1 491
101398 3 566
101466 3 572
101683 1 754
101861 3 530
101983 1 503
102304 5 187
102313 1 873
102465 7 556
102809 2 667
103326 5 250
103327 2 552
104206 1 544
104268 1 1224
104335 3 140
104921 2 858
105269 1 4204
105471 2 341
105501 1 68
105722 5 719
105983 3 577
106280 6 635
106344 4 863
106837 2 131
106956 1 572
107246 1 243
107492 1 654
107513 6 652
107679 8 452
107748 2 808
108138 1 443
108210 3 1097
108387 2 1679
108496 11 397
108707 6 1661
109025 1 468
109126 3 1941
109199 3 911
109598 6 1135
109807 10 663
109882 1 84
109893 1 558
110035 2 590
110043 1 157
110269 6 606
110298 1 777
110511 1 1724
110690 1 1505
110889 5 1278
111076 1 447
111118 3 1409
111543 1 538
112036 1 759
112179 2 752
112364 1 624
112788 1 365
113016 4 692
113147 2 1320
113780 1 571
113865 1 650
114280 2 1589
114928 2 480
115426 1 898
116126 7 280
116174 1 1417
116788 1 345
116865 2 832
117360 3 666
117506 2 544
117663 9 452
118041 1 457
118079 1 757
118193 1 228
118225 2 566
118361 3 1832
118715 1 469
118850 3 596
119559 1 513
120075 2 259
120270 7 436
120738 2 567
120858 2 838
121048 2 805
121158 2 155
121268 1 685
121397 1 478
121439 6 1034
121503 2 574
121762 3 769
121852 1 974
121875 1 403
121967 1 484
121969 1 813
121982 5 1071
122082 1 150
122214 15 1518
123009 1 605
123465 1 771
123634 2 521
123743 3 481
124420 2 371
124578 1 495
125107 1 619
125308 2 719
125312 1 645
125610 2 901
125758 1 1578
125806 3 655
125814 1 348
126244 1 1414
126290 5 173
126305 5 730
126343 1 247
126881 3 522
127247 3 447
127423 1 486
127664 4 522
127966 1 658
129311 1 785
129616 2 518
129660 7 318
129731 2 707
129732 4 346
130312 9 537
130530 1 589
130997 1 286
131379 3 490
131466 6 1379
131774 5 206
131805 4 864
132127 3 630
132201 3 591
133445 1 704
133546 1 150
133759 1 745
133990 1 84
134014 1 676
134117 1 1307
134372 2 1817
134518 7 500
134575 1 491
134614 1 595
134708 1 297
134826 1 237
135960 2 421
136017 1 638
136127 1 79
136203 1 616
136220 2 772
136351 1 445
136521 2 492
136676 3 1336
136920 6 1167
136998 2 440
137136 1 746
137242 2 751
137291 1 521
137352 2 1771
137634 1 560
137636 1 1228
138151 2 295
138250 2 1284
138761 1 624
139118 1 333
139321 1 587
139576 7 361
139644 1 398
140076 1 1453
140163 3 512
140388 2 503
140605 3 508
140629 2 498
141025 1 326
141112 2 557
141415 2 604
141923 1 776
142402 2 790
142470 1 374
142582 2 562
142727 3 521
142743 1 625
142881 3 359
143090 2 377
143166 4 1354
143262 2 553
143383 1 945
143535 1 872
143902 22 615
143978 1 495
144246 5 1048
144358 2 1265
144359 2 528
144431 2 517
144502 3 783
144539 3 1572
144596 2 1239
144986 2 1083
145236 1 1469
146001 3 901
146002 1 569
146123 1 740
146350 2 1228
146433 1 498
146482 4 568
146937 2 249
146995 1 1267
147652 1 1113
148187 1 643
148223 2 784
148232 5 247
148565 1 1613
148675 4 946
148941 2 510
149093 2 794
150244 2 619
150559 2 531
150654 7 857
150934 5 766
150944 1 765
151385 1 1141
151422 3 1159
152616 5 895
152860 2 289
152939 1 453
153472 1 486
153576 10 635
154121 1 514
154240 3 856
154407 1 424
154431 4 507
154935 2 1330
155010 2 667
155103 1 767
155144 10 1434
155212 5 1238
155258 4 375
155890 2 1497
156024 3 688
156147 3 536
156248 6 607
156791 2 440
157918 1 753
158092 2 1078
158619 6 973
158800 3 1670
159067 2 154
159109 1 631
159186 1 529
159193 53 1603
159385 3 545
159467 2 403
160069 1 701
160295 2 651
160399 4 1925
160407 1 233
161021 8 1875
161210 1 1310
161361 1 266
161387 3 1349
161500 3 740
161816 1 1976
162514 1 189
163716 2 536
163750 1 649
163853 1 525
163855 3 548
164394 1 337
164409 6 508
164536 1 129
164631 4 444
165174 4 970
165325 1 122
165617 19 713
166009 1 655
166068 2 1362
166154 1 443
166157 1 701
166394 3 608
167002 1 366
167021 1 355
167309 3 511
167456 1 463
167536 3 932
167688 1 693
168054 3 1378
168378 9 171
168502 6 375
168719 1 299
169661 1 518
169852 1 648
170724 2 1210
170793 4 190
171030 2 559
171059 1 760
171363 1 675
171365 3 1275
172003 1 696
172493 1 656
172597 7 622
172598 1 535
172839 6 798
173288 1 256
173436 3 993
173673 1 588
175267 1 124
177132 1 113
177932 2 2141
177943 8 2102
177948 2 6243
177949 1 2034
178039 1 15865
178327 3 137
178362 1 95
184192 14 6108
184203 2 7900
184204 2 2145
184423 1 105
184503 12 1091
184611 1 145
185052 1 1160
187526 3 1146
189755 1 1920
189773 7 8227
189774 2 2116
189826 7 1671
190371 1 2233
190787 7 660
194408 1 693
195227 5 8061
195228 2 1811
195792 1 14850
197868 1 104
198886 3 275
200680 1 1496
200696 6 8085
200697 4 1247
204846 1 199
205175 1 586
205807 1 2096
205810 4 356
205817 4 7384
211137 6 2886
211143 5 2487
211149 1 1448
211155 9 11838
211341 2 128
211687 1 14537
215642 2 271
216099 2 2895
216109 7 8882
216110 1 2100
216350 3 86
220675 6 3118
220679 6 8514
222447 1 448
225354 5 6791
228070 1 921
230385 12 6061
230388 5 4913
230389 3 3294
230397 8 2229
230414 5 6409
230415 1 1795
231121 3 1486
231245 5 715
231519 1 128
231823 1 1049
232104 1 2122
232126 2 244
232758 2 295
232954 1 302
233161 4 580
233351 1 1977
233409 4 1830
233605 1 248
233809 1 914
233907 9 2946
234216 1 1076
234358 1 430
234374 1 307
234589 5 1142
234822 1 388
234961 3 830
235006 3 1582
235059 1 271
235341 2 1112
235414 1 297
235679 1 325
235990 2 611
236703 1 1854
236856 1 235
236919 1 401
237231 6 1387
237268 1 1138
237275 2 287
237355 1 190
237525 3 344
237548 1 227
237614 1 182
237616 4 1457
237725 1 831
237796 2 2461
237986 1 463
238772 3 274
238869 1 881
239251 1 253
239665 9 309
239687 2 394
239950 11 3344
240366 17 117963
240695 3 1380
240997 1 1461
241503 2 837
241613 1 644
241948 2 1159
242047 1 274
242454 14 1919
242893 13 8294
243248 99 97794
243249 10 55340
243328 11 30540
243568 12 51992
243636 44 73383
243698 8 29409
243725 10 13247
243742 42 52641
243743 61 32782
243795 10 11165
244047 3 3586
244230 7 10715
244295 12 43543
244312 7 457
244515 86 137580
244539 1 2276
244678 1 16930
244740 10 33732
244840 3 15386
244998 38 56078
245011 5 10535
245029 79 93035
245065 12 28651
245346 28 21516
245368 2 8062
245372 1 8138
245449 43 35219
245617 2 24889
245634 8 12083
245668 20 47659
245722 18 32503
245806 1 4332
245998 26 26287
246003 67 79294
246182 17 13686
246220 67 47306
246280 5 10199
246603 101 39939
246610 4 29250
246674 21 19215
246680 4 921
246695 43 65027
246710 18 14592
246814 1 7881
246864 12 22526
246947 4 25960
247060 26 25091
247153 5 17318
247209 55 48787
247387 11 63961
247469 50 160821
247517 75 40187
247550 167 255154
247672 17 33059
247948 21 23885
248034 2 2570
248179 10 34397
248181 7 22248
248262 11 21240
248276 7 12346
248480 5 20931
248562 34 40310
248610 134 211360
248724 2 5299
248788 34 56946
248809 32 45708
248816 9 17214
249076 21 36189
249095 1 969
249151 14 38079
249329 16 41571
249651 1 13805
249657 3 9452
249740 143 228328
249902 53 35189
249993 13 9677
250073 7 19941
250267 3 10956
250382 10 10224
250615 3 32287
250616 13 37169
250619 2 24517
250842 3 8117
250896 1 14234
251142 5 8396
251158 4 5819
251420 1 20131
251485 18 29531
251603 22 17552
251901 6 11936
251942 7 982
252442 2 8051
252443 6 13382
252474 68 81579
252555 2 27002
252626 1 7717
253018 231 331696
253063 30 33123
253067 107 104143
253259 23 26507
253311 124 35432
253354 9 57179
253462 117 48129
253530 4 6918
253557 12 37233
253571 2 427
253593 240 171848
253795 96 27039
253845 4 9503
253849 2 22736
253990 31 26077
254108 242 174176
254497 10 24964
254689 10 21372
254869 1 1587
255068 9 24184
255069 6 17727
255080 1 576
255144 22 25727
255155 2 11710
255289 52 51128
255417 60 27737
255476 11 44402
255609 6 22114
255634 34 29071
255728 13 32235
255823 12 21270
255830 48 84137
255833 54 14459
256282 2 10491
256283 33 34425
256341 19 36933
257016 13 7719
257049 5 26471
257132 5 20479
257133 5 26221
257193 4 35712
257306 27 19070
257312 94 16694
257344 34 45609
257345 60 89736
257595 3 2794
257673 5 58812
257678 7 22180
257812 45 103213
257951 5 21143
258022 9 6898
258154 6 14055
258225 8 14533
258418 3 25774
258635 13 11890
258846 40 18003
259115 127 25791
259221 20 532
259596 1 18030
260279 1 624
261304 5 334
262369 2 485
262370 7 383
262658 2 507
263132 1 395
263463 1 306
263479 2 16989
266402 2 804
266738 1 301
266938 1 510
266941 2 386
267047 1 396
267646 1 391
268515 3 436
268848 1 267
268849 3 289
268850 12 248
268886 5 369
272246 16 352
272247 25 413
272248 7 288
272249 8 289
272251 12 343
272252 20 400
272253 7 320
272254 6 260
272255 10 209
272256 2 150
273558 3 463
273560 6 512
274033 1 302
275084 3 541
275153 4 529
275154 6 763
275155 1 614
275769 6 363
276305 2 410
277190 3 703
277795 2 471
278086 8 510
280090 8 359
280091 19 419
280092 24 423
280093 11 392
280094 21 601
280095 18 343
280096 9 432
280097 14 416
280098 4 201
280755 45 32241
282615 4 592
283249 2 381
283251 5 611
283252 5 305
283274 1 483
283685 5 548
284704 2 453
284715 5 473
284797 2 15042
284830 4 441
284942 1 163
285022 1 598
285253 1 666
285321 9 540
285322 4 648
285330 5 500
286183 1 499
286565 2 13034
287771 3 607
287772 24 613
288744 2 318
288745 5 407
290770 1 21435
290953 2 620
291646 7 241
291681 4 527
293387 1 19523
293846 18 674
293863 206 13257
294218 10 385
294458 2 316
294557 2 177
295919 2 327
295925 6 478
295943 15 29903
298203 3 343
298853 149 5030
299248 1 340
300574 3 348
301714 1 378
303513 5 395
305058 11 6305
305088 123 11759
305468 6 388
308540 1 228
309227 1 450
309228 4 399
309789 5 520
309798 1 586
309799 2 557
309800 3 432
310779 17 2372
311355 53 64459
311532 2 424
311819 1 15365
312386 6 392
313539 4 446
314523 5 344
315131 2 328
315141 4 562
315951 1 128
317604 1 487
319339 4 174
322066 4 175
322943 1 822
324023 1 665
328333 2 284
328873 3 513
330497 8 841
330926 1 265
331790 1 431
332791 3 1062
333521 1 765
333790 1 370
335335 3 747
335352 1 374
338012 1 346
343208 1 631
343355 1 68
344474 1 635
344963 1 553
346784 1 282
347432 2 669
348978 5 470
348979 3 513
348980 5 505
349059 1 677
350062 1 597
350620 1 586
351243 1 588
352639 5 620
353312 1 246
353590 2 202
353758 2 155
354896 1 229
355187 1 573
356082 3 503
356300 4 500
356960 5 260
357484 3 975
363879 1 399
364022 1 2059
368740 2 190
369120 1 486
371993 1 672
375882 3 376
376182 1 689
379520 4 546
379523 2 608
379833 1 63
380224 2 558
381499 6 118
388407 1 575
391151 1 166
393267 1 158
394136 1 163
398685 1 184
399087 2 207
399262 4 381
399538 1 654
402405 1 3121
402884 1 277
403876 5 439
405732 1 660
405763 8 326
411617 1 525
411618 3 690
411621 4 332
411623 8 673
411625 2 672
414972 2 475
415412 1 873
416467 1 430
417090 4 610
418637 2 771
419440 2 248
419941 2 811
421861 2 165
422285 1 374
422549 3 595
423828 1 309
423919 3 372
424461 2 231
425927 1 283
426937 2 200
427620 1 224
429078 1 121
432974 1 721
432976 3 153
436096 2 247
438834 2 699
440081 4 1280
440086 5 296
440136 1 5417
441575 1 446
445288 2 519
446507 4 636
447615 1 131
449797 4 127
449857 1 435
451099 1 251
454076 10 389
454258 1 171
454558 3 413
455527 3 618
456319 1 271
461709 1 232
465581 2 544
465800 1 183
468288 1 549
468437 3 427
468712 2 206
468718 1 285
468760 2 383
470038 4 549
470045 1 429
470048 1 354
470052 3 885
470191 2 246
470355 4 508
470424 1 321
470578 1 265
471688 8 663
472079 2 359
472639 1 509
475782 1 221
477175 1 233
479692 1 380
479866 1 203
480883 1 113
483590 2 523
484984 1 513
488017 1 706
489496 2 179
490858 1 259
491090 1 267
491403 2 675
491550 3 385
492636 4 466
493284 2 381
493473 1 270
493528 2 210
493694 2 795
494116 4 216
494117 1 321
494647 5 721
494693 1 329
494920 4 281
496271 1 112
498050 1 406
501573 1 454
503861 2 519
505352 2 651
506129 2 2879
506783 1 238
508223 4 451
508484 1 156
511618 1 416
513841 1 638
514212 6 566
514214 1 362
514725 3 417
515250 1 429
516808 2 465
517349 4 519
520113 31 5560
520193 2 508
520324 2 192
521681 1 520
521866 1 673
523694 2 211
