284 5 584
349 1 514
1068 3 473
1154 3 390
1625 1 242
1700 1 276
2153 3 441
3380 1 397
3698 2 543
4075 2 365
4286 1 403
4907 2 149
5209 3 117
5680 2 636
5681 1 415
5819 2 154
6359 1 506
6589 1 508
7257 5 170
7277 1 287
7300 4 74
7379 1 498
7470 1 86
7599 2 264
8011 5 340
8159 1 213
8411 1 521
8693 1 182
8701 1 564
9100 6 249
9177 5 211
9485 1 237
9514 1 286
9718 3 267
9764 1 194
10372 2 119
10775 3 119
11128 4 307
11150 4 133
11172 3 146
11184 1 558
11202 6 254
11204 6 207
11266 2 254
11274 5 259
11365 1 281
11946 1 376
11976 1 204
12174 2 340
12302 2 361
12630 1 488
12749 1 381
13024 1 232
13126 3 319
13447 8 233
13678 1 403
14252 1 550
15177 1 372
15428 4 116
15665 2 79
15789 1 345
16305 3 242
16306 1 297
16324 3 215
16573 2 492
16606 1 552
16674 1 124
16946 1 348
17005 1 141
17361 1 695
17647 1 293
17890 2 385
17999 4 149
18128 1 302
18366 1 488
18383 3 273
18403 4 148
18415 1 407
18509 9 255
18629 2 445
18828 1 147
18842 8 314
19156 3 237
19309 3 372
19606 5 461
20197 1 347
20254 1 231
20331 1 440
20401 1 260
20468 1 253
20987 2 395
21233 5 634
21352 2 114
21611 2 362
21879 3 80
21900 4 193
21974 1 432
21986 3 543
22014 3 156
22540 1 126
22542 3 426
23184 2 425
23203 1 242
23210 2 158
23348 3 400
23548 1 226
23991 2 313
24148 1 373
24290 1 317
24560 4 117
25063 2 164
25497 2 160
25638 1 524
25702 4 562
25855 1 160
26124 2 167
26197 1 330
26366 8 241
26513 5 214
26540 5 299
26543 2 319
26596 7 426
26652 5 245
27038 3 345
27174 4 451
27301 3 339
27418 1 96
27534 2 110
27810 3 136
28229 3 292
28500 2 123
28519 2 415
28525 3 346
28575 2 153
28742 5 281
28832 2 92
28895 1 191
29077 2 192
29089 1 396
29242 4 216
29486 1 317
29643 1 113
29721 1 286
30626 4 380
30734 3 110
30853 1 102
30876 1 380
31636 1 144
32095 1 295
32915 4 120
33127 7 279
33237 9 487
33244 7 414
33513 1 350
33621 1 189
33764 2 381
33873 4 223
34035 2 210
34332 4 201
34388 3 300
34524 2 64
34544 1 331
34620 6 351
35023 3 148
35169 1 51
35947 5 273
36223 1 489
36358 1 511
37167 3 129
37255 1 333
37261 4 193
37373 1 305
37389 1 647
37702 4 379
37821 4 452
38009 6 533
38024 3 401
38294 5 356
38329 1 307
38374 1 310
39001 4 276
40901 2 436
41031 4 132
42129 5 641
42395 1 540
42794 6 210
42886 2 466
42906 2 376
43281 5 609
43479 1 218
43716 1 202
43718 4 153
43719 3 89
43884 1 430
44387 1 423
46088 1 426
46104 3 120
46115 2 123
47082 2 433
47101 3 122
47138 1 480
47156 1 487
47770 2 285
48218 1 416
48571 4 136
48653 4 146
48734 1 451
48811 3 441
48870 3 186
48920 2 416
49031 3 145
49486 2 383
49602 2 562
49823 4 620
50017 7 622
50074 9 633
50088 3 87
50204 7 649
50337 4 480
50455 5 482
50677 2 215
50802 6 231
50915 1 440
50959 2 217
51118 3 517
51259 1 461
51281 2 335
51666 4 652
51729 2 110
51815 1 353
51954 1 85
51988 2 256
52018 1 295
52023 7 265
52098 7 446
52104 6 546
52137 3 161
52171 7 245
52212 6 648
52312 2 493
52331 1 265
52392 2 660
52463 4 593
52642 5 697
52687 1 383
52689 4 430
52705 13 686
52732 4 455
52822 4 399
52828 2 933
52920 3 707
52955 6 420
53000 9 509
53026 6 575
53129 4 607
53288 2 243
53299 2 514
53301 3 125
53309 2 518
53374 6 649
53376 2 554
53533 4 593
53542 2 323
53579 1 384
53636 5 234
53671 5 608
53709 1 341
53712 1 490
53771 2 387
54057 11 679
54137 6 553
54232 7 336
54383 1 302
54418 1 560
54427 7 559
54443 3 498
54449 1 205
54459 2 182
54481 1 326
54514 13 526
54659 2 290
54701 6 679
54781 5 325
54876 5 574
54959 1 297
55007 6 647
55239 2 487
55247 1 248
55257 1 232
55278 1 201
55299 9 333
55395 3 532
55421 5 463
55449 3 438
55464 1 451
55467 1 96
55483 2 455
56007 4 203
56258 2 529
56663 1 166
57402 3 136
57529 3 243
57551 2 184
57676 3 114
58438 1 69
58465 5 330
59162 1 320
59170 4 108
59319 4 103
60063 5 217
60081 3 153
60134 6 451
60148 5 180
60200 1 268
60303 6 325
60305 1 376
60482 1 308
61429 1 315
61748 4 207
61866 4 341
62081 3 78
62104 5 250
62302 3 127
62342 1 402
63255 1 635
63535 2 566
63780 9 285
63803 1 624
63808 7 498
63984 3 476
64004 4 494
64113 1 458
64254 1 164
64255 1 449
64333 3 115
64375 1 383
64395 2 551
65438 1 418
65491 1 500
65547 1 334
67166 2 247
67446 2 454
67599 3 482
67788 5 295
67829 1 267
68111 2 346
68358 1 161
69876 2 91
70217 5 323
70324 8 484
70427 2 504
70496 3 135
71196 3 84
71265 1 138
71322 1 295
71551 2 556
71553 1 405
71631 1 319
71852 4 197
71965 4 173
73369 1 260
73614 4 417
73653 1 435
73783 3 222
74950 1 508
75051 2 495
75059 2 288
75313 1 338
75346 3 131
76288 3 311
76317 1 426
76913 1 461
76945 2 496
77556 5 322
77752 9 274
77760 1 384
77825 5 436
77921 5 491
77983 5 422
78090 4 349
78421 2 634
78646 1 142
78795 1 108
79667 1 442
79706 2 371
79828 5 176
81065 7 260
81751 2 224
82742 6 226
85773 1 82661
86367 32 33749
90490 2 263
91102 12 827
92549 3 175
93020 2 1664
94848 18 1172
96049 16 78606
96136 3 20896
97550 15 20368
98421 4 7855
99070 16 18260
99890 1 1479
101018 2 82
101553 1 928
101683 3 754
102813 1 453
103692 1 144
103881 2 407
104877 1 484
104981 1 463
107151 1 416
107296 1 494
107472 1 481
107625 1 454
107693 1 113
107809 1 520
107951 1 472
108031 1 161
108123 1 453
108285 1 351
108658 1 429
109467 1 101
109969 4 834
110421 1 477
112699 1 442
114023 2 204
114415 3 473
114565 2 1251
115051 1 519
115341 1 523
115514 1 628
115585 2 1493
115768 3 395
115778 1 421
115813 2 568
115982 2 145
115990 1 539
116184 1 401
116479 1 334
116714 3 604
116804 1 489
117204 4 427
117909 1 741
117939 1 642
118210 1 800
118449 2 526
118594 1 555
118598 1 505
118767 1 619
118774 1 439
119829 1 536
120315 1 145
120633 1 437
121138 1 278
121266 2 263
121641 1 78
121649 1 416
121757 1 230
121816 1 446
122075 1 438
122256 1 414
123030 1 690
123087 1 1120
123226 1 661
123385 1 140
123568 1 228
123644 1 647
124032 1 135
124183 1 121
124208 1 500
124249 1 430
124305 1 2625
124589 2 769
124594 1 409
124661 1 1035
124746 2 672
124854 1 226
125246 1 132
125607 1 363
126144 5 755
126243 1 431
126244 2 1414
126936 1 557
127247 1 447
127585 1 499
127653 1 496
127782 1 740
128869 1 1337
129443 1 676
130800 1 444
132459 3 366
132501 1 521
133215 1 511
133358 1 534
134346 1 782
135805 2 598
135886 2 523
136078 1 513
139061 1 461
140303 1 93
140581 1 493
140886 1 443
141109 1 453
141184 1 425
141400 1 465
141608 1 107
141620 1 476
142131 1 319
142405 1 656
142858 1 447
143658 1 658
145949 2 620
146117 1 100
146136 1 597
146590 2 180
146618 1 492
147311 3 661
147783 1 710
148892 1 478
149491 1 656
150126 1 778
151078 1 535
152752 1 565
153053 2 592
153886 2 511
154025 1 800
155146 1 470
155212 1 1238
155531 1 411
156354 1 170
156778 1 583
157234 8 452
157258 1 510
157281 1 416
157286 1 506
157588 10 684
158411 1 214
159673 2 658
159793 1 1044
159830 2 95
159911 1 351
160047 1 517
162581 1 163
162778 1 716
164033 2 817
165010 1 132
166585 1 152
167010 1 99
168285 1 138
168520 1 102
169984 1 444
171415 2 594
171505 1 170
180525 1 135
190742 5 114
200987 2 208
204051 2 124
204655 1 317
231612 2 354
232112 1 768
232669 1 1268
233518 2 475
234713 1 424
234798 1 754
235198 1 659
235201 3 311
236449 1 453
236544 1 148
236685 7 752
236686 4 274
237295 1 804
237483 1 1885
238072 1 363
238385 1 557
238684 1 363
238900 1 356
239352 1 228
239604 1 406
240807 2 478
241002 5 2301
241112 1 751
242659 1 11956
242726 1 1525
242879 1 1880
244049 1 4771
244360 1 8008
244846 1 32902
245062 1 6328
246182 1 13686
246379 1 961
246610 1 29250
246652 1 396
246695 2 65027
247469 1 160821
247826 1 14203
248562 1 40310
249454 1 8293
249883 1 10505
250351 1 392
250991 1 594
251143 1 13145
251177 4 125
251224 2 262
251506 1 5141
251726 1 975
251736 2 4175
252146 1 415
252381 1 6285
252474 7 81579
252576 1 3614
252921 2 52519
252986 2 40464
253162 1 909
253453 1 1933
253588 8 13837
253593 13 171848
254108 4 174176
254584 1 1069
254943 3 12040
255144 1 25727
255679 2 2252
255986 1 12990
256286 2 24252
256867 4 3271
257812 3 103213
258435 1 5203
258639 1 7255
258987 11 21620
259131 2 3440
268669 1 669
268670 4 650
269125 4 1107
269126 3 340
269143 4 1102
269144 3 259
273702 3 129
278614 3 183
281890 10 737
282071 4 333
286579 4 233
288661 1 406
289877 3 319
290300 4 718
293521 10 727
293527 6 324
293530 8 771
293617 2 463
293807 7 709
293808 5 654
294251 7 191
296419 1 467
296647 5 242
298978 3 411
298979 3 294
304810 5 240
306812 18 841
306813 5 290
309754 10 649
309864 7 498
309865 7 708
311982 1 658
311983 4 938
312537 4 403
316134 1 439
318425 2 32
320065 2 125
320632 2 299
322338 1 27
330984 1 189
332142 1 33
332154 1 33
334465 1 29
338234 1 245
338938 1 75
339868 1 27
341524 1 228
347304 1 126
351740 1 542
355109 1 49
356038 1 32
357734 2 172
357875 1 153
358104 1 330
359272 1 148
359634 3 184
362144 1 170
370082 1 285
371528 1 373
373635 1 248
374009 5 272
375758 4 284
376107 1 30
377395 2 27
380264 1 48
380374 1 35
380567 2 44
380647 1 33
383831 1 287
383920 1 332
384562 2 237
384585 1 316
385035 3 266
385378 1 151
385646 1 147
386473 2 260
386494 1 115
386609 4 314
387404 1 149
387635 1 212
387646 1 374
388496 1 362
389159 1 286
389606 1 126
389836 1 67
389870 1 486
392227 1 283
392361 1 250
393791 1 198
394032 1 162
394166 2 315
396195 4 204
396298 4 322
399746 1 499
399769 2 131
400133 1 226
400416 2 336
400625 2 394
401381 1 253
402457 1 557
402724 1 71
403228 1 323
403646 1 72
404705 1 210
408404 1 282
408687 1 212
411094 1 200
413543 2 180
414064 1 259
414256 6 229
414260 4 455
414449 2 360
414460 2 511
414703 2 274
415144 1 206
415414 1 224
415755 3 230
415759 2 231
415990 4 286
416263 5 326
416411 3 338
417540 6 196
417549 1 220
417787 2 163
418440 1 189
420423 1 111
420640 1 106
420960 2 83
421169 3 107
421185 4 124
422500 2 50
424886 4 278
424889 3 88
425026 6 251
425047 3 88
425237 1 387
425666 2 151
425675 2 79
426202 1 81
426995 2 274
433523 2 336
433569 1 1336
437031 5 203
438283 2 64
439706 2 171
439868 9 549
441070 1 59
441290 2 197
442551 2 115
442555 1 56
443097 1 187
444048 1 536
445465 3 147
445667 1 200
447520 2 69
448479 1 203
448578 1 238
449839 1 152
452697 2 71
454035 7 508
455948 7 270
461733 2 360
462120 2 264
462700 1 489
462988 1 251
468121 3 169
468128 1 353
470651 2 313
471211 4 579
472256 1 231
474531 1 78
477778 1 219
478682 2 227
479909 4 328
479980 2 921
480021 1 337
480389 1 314
480390 2 282
484482 2 278
485314 3 288
485347 1 171
485757 2 254
485954 3 294
486521 2 377
487030 5 484
487154 1 51
487177 3 84
487181 5 369
489962 2 75
495502 1 214
498699 1 44
498948 1 301
501091 1 745
501402 2 350
501872 1 165
502708 1 238
502711 1 101
503232 1 194
503236 1 195
503533 1 160
503717 1 63
506782 1 44
506815 2 329
512981 1 123
515493 2 62
520774 1 495
524307 3 150
524469 3 136
11946 1 376
26596 1 426
81707 1 6589
85368 2 74892
85481 2 70500
85773 1 82661
90783 1 22898
97532 1 11773
98180 1 8843
101018 2 82
103898 1 70
119486 1 549
124208 1 500
124681 1 967
125256 1 480
126924 1 990
127017 3 626
128448 1 434
145582 1 134
150375 1 136
164958 1 86
219505 2 2185
219506 2 2187
235957 1 553
240975 1 1024
242798 1 7378
243248 1 97794
243700 1 618
244295 1 43543
244515 3 137580
247209 1 48787
248102 13 14517
248816 1 17214
249570 2 33965
249628 2 196
250360 4 7570
250752 1 9632
252555 1 27002
252921 7 52519
253067 1 104143
253588 1 13837
254871 4 36421
255172 1 1269
255777 1 64507
257344 1 45609
257345 3 89736
257865 2 35772
397326 1 364
399274 1 128
448578 1 238
505594 1 600
567 1 480
815 7 210
2153 1 441
3380 1 397
3445 1 470
3473 1 224
4236 1 296
7525 1 237
7861 2 353
7930 1 333
8411 1 521
8884 1 490
8895 1 528
8920 1 657
9536 1 433
9696 4 272
9821 5 142
11096 1 471
11184 1 558
11234 1 383
11298 1 464
11888 2 484
12309 1 455
12396 1 639
12404 1 494
12419 2 390
12757 1 304
12792 2 445
12878 2 397
13077 1 479
13110 2 430
13426 2 207
13475 2 517
13610 2 426
13678 1 403
13765 1 504
13903 1 446
14216 2 470
14257 1 216
14304 6 347
14308 1 286
14331 2 142
14349 2 443
14354 1 537
14558 1 446
15374 1 186
15453 1 426
16427 1 220
16471 1 420
17361 4 695
17647 1 293
17661 1 445
17845 2 308
18383 1 273
18413 1 362
18415 1 407
18641 3 155
18842 1 314
19088 4 224
19687 17 252
20254 1 231
20401 1 260
20426 2 325
20468 1 253
20624 1 286
21137 1 149
22292 1 407
22359 1 357
22360 1 365
23858 1 466
24191 1 165
24581 1 234
25894 1 164
30626 1 380
30795 4 226
30853 1 102
31108 1 377
31330 3 270
31636 1 144
31852 2 199
32342 1 425
32346 1 161
33621 2 189
33720 1 102
34399 5 394
36358 1 511
37255 1 333
37373 1 305
37389 1 647
41455 1 150
43716 2 202
43718 1 153
43884 3 430
44351 3 262
44387 2 423
44784 2 232
44822 1 344
45483 1 171
46088 1 426
48453 1 572
49461 1 139
50360 1 377
51188 1 552
51259 2 461
51466 3 394
51570 1 381
51757 2 295
52024 1 376
52309 1 329
52828 1 933
53000 1 509
53297 1 431
53299 1 514
53413 1 454
53889 1 296
53921 1 304
54057 1 679
54137 1 553
54427 1 559
55048 4 174
55247 1 248
55450 2 516
55790 1 447
55995 2 213
56065 1 482
56231 10 126
56722 1 153
56770 1 262
57216 1 315
57795 2 137
58048 1 362
60200 3 268
60614 1 269
62238 5 263
63791 1 514
64188 1 259
64264 1 276
64375 1 383
64551 1 567
64611 3 304
65093 5 97
66302 1 251
66627 1 142
67246 2 429
70324 2 484
70427 1 504
71265 1 138
71551 1 556
72971 1 338
73057 1 181
73579 4 564
74847 9 123
75542 1 277
76137 2 293
77752 2 274
77921 1 491
79706 2 371
83667 1 4706
85368 19 74892
85481 12 70500
85645 36 153229
85773 17 82661
86034 11 48792
86367 2 33749
86864 3 21422
90521 16 7390
90783 1 22898
91738 4 23456
91744 1 18
92549 3 175
96049 1 78606
96136 2 20896
98180 1 8843
98421 3 7855
101080 10 533
101223 1 347
101553 1 928
101817 3 59
101910 5 142
102142 8 644
103142 4 149
103149 13 187
103777 3 177
104538 2 424
104641 1 486
105271 4 119
105276 1 591
105931 11 212
105932 1 530
106171 1 484
106513 1 480
107174 1 457
107399 1 482
108123 1 453
108285 1 351
108292 6 178
109684 2 818
109797 5 136
111120 2 741
112003 1 512
112015 4 74
112731 5 80
112798 3 92
113119 4 135
113574 5 139
113923 1 313
114279 1 730
114280 2 1589
114287 2 463
114356 1 1002
114415 1 473
114569 1 1158
114955 1 570
115043 1 432
115101 1 427
115283 2 662
115341 1 523
115433 2 104
115682 1 707
115778 1 421
115903 1 861
115964 2 519
115990 4 539
116082 3 515
116184 2 401
116219 3 762
116257 2 1372
116274 2 619
116284 1 508
116415 1 624
116839 2 51
116876 5 84
117074 8 265
117129 4 208
117309 1 53
117408 2 852
117444 1 537
117458 1 1087
117715 3 562
117839 1 697
117909 1 741
117976 5 537
118225 1 566
118449 2 526
118493 1 88
118598 1 505
118674 1 421
118767 1 619
118963 1 441
119035 3 810
119225 1 292
119486 2 549
119518 1 582
119577 3 636
119829 1 536
120363 1 445
120518 5 113
120531 1 498
120732 4 141
120918 2 62
121138 1 278
121171 7 109
121254 1 341
121549 2 64
121816 1 446
121847 4 1214
122150 1 206
122600 1 496
122687 1 603
122786 1 193
122811 2 580
122853 2 1260
123087 1 1120
123354 4 544
124113 1 458
124161 3 672
124189 3 137
124315 1 1355
124681 3 967
124817 2 615
124870 1 169
124967 2 749
124985 2 582
125320 4 289
125453 2 910
125630 1 53
125660 1 163
125763 1 518
125996 3 481
126039 1 893
126140 1 505
126533 1 455
126645 1 743
126969 6 85
127016 1 729
127017 1 626
127744 1 1108
127825 2 83
127994 2 1274
128052 1 238
128220 1 1091
128481 2 75
130335 1 804
130897 1 451
131245 1 374
131349 1 436
131356 6 352
132666 3 144
132749 2 1653
132932 2 498
133003 1 446
133792 2 104
134334 1 559
135009 2 75
135034 3 393
135214 2 419
135805 1 598
135886 2 523
136758 4 152
137182 1 617
137230 2 612
137425 1 478
137453 4 152
138288 3 102
138608 1 94
138751 1 144
138793 1 762
139134 3 74
139414 3 135
140001 1 443
140680 2 320
140886 1 443
140903 4 179
141506 2 116
141620 2 476
143544 1 347
143704 1 290
143823 3 113
146136 1 597
146362 3 92
146464 3 114
146821 1 602
147284 6 160
147342 1 404
147809 3 656
148403 2 525
148892 1 478
148972 3 1623
148980 3 107
149765 2 71
149907 4 210
150375 4 136
150486 2 339
151078 2 535
151433 1 442
152752 1 565
152996 1 745
153716 1 489
155212 1 1238
155523 1 422
155896 5 112
156354 1 170
156355 1 753
156633 2 120
156778 1 583
157234 4 452
157482 2 93
158017 3 573
159020 5 271
159335 5 161
160788 2 55
160818 2 72
161057 1 741
161232 2 101
161635 4 383
162025 1 415
162247 1 615
162778 1 716
162984 6 122
163695 3 643
163846 1 793
163944 1 423
164033 1 817
164137 1 267
164386 1 624
164754 1 423
165425 2 551
165486 6 333
165926 1 1835
166868 3 117
167631 1 158
167822 4 84
168117 4 170
168748 3 690
169129 1 110
169169 2 318
169334 1 496
169601 1 478
169984 1 444
170478 4 95
171095 5 177
171394 1 436
172422 3 2130
173331 10 300
173448 1 64
173453 7 149
174044 2 246
175488 10 145
189092 2 115
191910 6 89
194426 4 85
231451 1 149
231612 2 354
231663 11 288
231688 5 760
232112 1 768
232386 1 1962
232514 7 368
232571 1 788
232669 1 1268
233461 4 1855
233912 2 207
234485 3 134
234537 2 1173
234642 1 371
234798 2 754
235033 1 108
235201 2 311
235302 1 193
235421 1 502
235555 3 1552
235607 2 200
235682 2 362
235928 2 366
235957 4 553
236412 2 222
236449 4 453
236685 1 752
236686 1 274
237295 1 804
237484 7 182
237786 1 508
238070 7 1320
238900 2 356
239051 1 441
239352 3 228
239929 6 4246
240332 1 1183
240366 10 117963
240975 2 1024
241002 2 2301
241112 1 751
241610 5 4324
241721 2 292
242659 1 11956
242671 25 2793
242798 1 7378
242861 38 2284
242879 7 1880
243037 1 2478
243248 39 97794
243568 19 51992
243696 9 15292
243797 47 11892
244295 15 43543
244360 4 8008
244515 59 137580
244846 32 32902
244877 30 445
245062 2 6328
245214 1 137
245372 4 8138
245637 12 3806
245710 1 96
246182 1 13686
246185 4 16049
246380 4 1106
246610 6 29250
246695 65 65027
246747 23 3112
246877 3 6449
247008 8 23763
247209 3 48787
247406 18 42749
247469 60 160821
247550 40 255154
247565 2 2684
247747 1 7689
247826 19 14203
248102 1 14517
248409 1 2160
248416 1 540
248562 18 40310
248610 20 211360
248712 4 11964
248816 2 17214
248992 1 1680
249288 2 3504
249454 1 8293
249570 6 33965
249628 5 196
249740 26 228328
249883 7 10505
250219 1 620
250331 17 19950
250351 1 392
250360 5 7570
250752 11 9632
250893 142 42856
251027 18 42465
251085 8 15468
251143 10 13145
251224 1 262
251522 4 7045
251525 10 18764
251528 4 12690
251529 4 7715
251602 1 12934
251736 5 4175
251785 18 19094
252101 1 684
252154 14 29717
252289 1 4870
252381 3 6285
252474 8 81579
252555 32 27002
252576 16 3614
252678 4 130
252721 7 131
252738 7 11386
252756 5 3025
252921 2 52519
252924 5 17447
252986 4 40464
253018 44 331696
253067 50 104143
253162 2 909
253354 16 57179
253369 1 262
253373 1 364
253453 2 1933
253593 14 171848
253677 4 1089
253729 6 21686
254043 1 121
254108 9 174176
254168 2 280
254264 1 2941
254397 1 3483
254584 1 1069
254871 4 36421
254924 3 23861
254943 4 12040
255144 8 25727
255172 1 1269
255289 29 51128
255364 6 3549
255423 1 367
255457 1 153
255559 1 1315
255777 22 64507
255830 18 84137
255984 4 3769
255985 2 6297
255986 2 12990
256155 6 22080
256282 11 10491
256283 26 34425
256286 10 24252
256296 4 1039
256451 3 4516
256687 2 11982
256847 2 24054
256851 2 13442
257049 29 26471
257344 25 45609
257345 68 89736
257475 12 25255
257812 11 103213
257865 31 35772
257951 5 21143
258210 1 110
258361 7 26906
258374 31 9000
258435 1 5203
258494 3 7616
258587 1 1491
258636 10 15270
258639 1 7255
258712 1 1803
258719 4 8709
258987 23 21620
259009 17 4817
259062 9 8707
259131 2 3440
268170 5 251
268656 2 397
268662 1 419
268663 4 466
268664 1 260
268670 1 650
279541 3 151
285791 6 401
288661 1 406
290042 2 6266
292379 2 285
293617 7 463
294558 2 166
296419 2 467
300473 4 175
302664 7 512
303045 3 146
304147 2 6265
311972 2 735
311977 2 304
311978 4 450
311983 1 938
312480 15 373
317852 1 39
320727 1 118
326180 2 259
327023 4 148
330152 5 130
332507 2 44
344155 1 287
344279 1 293
354759 3 195
356033 2 228
357727 2 94
359268 1 205
361092 1 28
375113 1 37
380650 2 37
383745 1 81
383992 3 82
389870 1 486
391511 3 198
393791 2 198
410224 3 640
410702 1 77
411094 1 200
413019 1 245
415041 10 271
430491 1 213
441608 1 212
444048 1 536
446335 10 231
448479 3 203
450946 1 93
452159 1 106
458291 1 80
461733 1 360
463581 1 52
467947 1 71
469894 1 48
471862 9 255
476211 2 73
478682 2 227
480389 1 314
480390 2 282
481956 6 85
485954 4 294
491374 1 241
495502 1 214
497077 1 214
501091 1 745
501402 1 350
501872 1 165
502204 11 390
502708 1 238
502711 1 101
502998 1 354
503232 1 194
503236 1 195
504772 1 257
505218 1 600
514035 1 328
517626 2 322
567 2 480
1180 11 234
1296 9 231
1403 2 376
1434 1 392
1625 3 242
1700 6 276
1765 2 374
1932 8 276
2242 2 79
2476 3 135
2702 1 347
2749 4 232
3186 8 440
3345 6 486
3445 8 470
3473 6 224
3664 2 528
3666 3 116
3698 4 543
4203 6 328
4286 3 403
4288 2 74
4404 2 242
5076 1 210
5366 14 442
5367 1 418
5650 3 506
5680 1 636
5681 2 415
6359 1 506
6589 2 508
6891 1 438
7035 6 443
7276 2 299
7277 4 287
7351 3 384
7379 6 498
7470 1 86
7480 2 330
7525 2 237
7599 1 264
8064 2 442
8124 2 314
8159 3 213
8246 5 109
8411 3 521
8557 1 454
8581 1 491
8597 1 473
8693 1 182
8701 8 564
8884 6 490
8891 10 349
8895 6 528
8920 6 657
9082 2 75
9085 1 242
9287 1 217
9485 2 237
9498 6 222
9514 2 286
9536 1 433
9696 7 272
9764 1 194
9795 9 332
9821 2 142
10051 6 295
10257 14 270
10412 6 195
10521 7 530
10523 4 269
11049 3 237
11096 12 471
11184 1 558
11234 10 383
11266 5 254
11298 1 464
11357 1 222
11365 4 281
11888 4 484
11976 3 204
11978 1 255
12174 2 340
12302 2 361
12309 5 455
12396 11 639
12404 9 494
12419 3 390
12630 6 488
12749 6 381
12757 4 304
12792 8 445
12847 13 393
12878 8 397
12883 3 384
12895 1 126
12910 2 462
12949 1 128
13024 2 232
13077 3 479
13110 3 430
13118 3 277
13370 5 418
13469 5 279
13475 4 517
13610 7 426
13765 3 504
13903 3 446
14196 1 307
14216 1 470
14274 3 156
14308 2 286
14349 4 443
14354 3 537
14558 2 446
14755 12 120
15177 3 372
15374 1 186
15453 7 426
15748 5 198
15789 1 345
16035 2 323
16085 6 130
16125 1 318
16306 3 297
16427 4 220
16606 2 552
16674 4 124
17005 1 141
17361 2 695
17510 1 332
17581 8 152
17647 2 293
17817 16 428
17890 2 385
18128 1 302
18209 2 405
18366 1 488
18413 9 362
18415 4 407
18506 3 218
18531 1 257
18548 2 443
18641 3 155
18799 6 448
18828 1 147
19088 2 224
19125 4 137
19156 1 237
19296 4 144
19495 3 172
20108 2 449
20197 5 347
20222 2 92
20254 1 231
20331 1 440
20401 1 260
20426 1 325
20457 4 211
20468 1 253
20962 1 114
21137 7 149
21974 1 432
22120 1 88
22292 2 407
22359 4 357
22360 4 365
22540 1 126
23184 1 425
23203 6 242
23348 5 400
23357 13 544
23548 1 226
23569 2 514
23650 1 499
23713 1 688
23858 30 466
23991 3 313
24286 2 317
24581 1 234
24840 1 159
25829 5 352
25855 1 160
25894 3 164
26197 2 330
26893 1 314
26928 3 427
27851 2 269
28229 2 292
28519 6 415
28688 4 249
29191 4 170
29486 1 317
29569 1 452
29721 2 286
29953 1 390
30000 1 289
30638 2 454
30876 1 380
31108 3 377
31239 1 467
31330 1 270
31399 6 396
31469 2 354
31628 1 385
31852 3 199
32095 1 295
32342 10 425
32346 2 161
33288 2 194
33764 2 381
34168 5 136
34399 5 394
35046 2 390
35129 8 354
35249 1 173
35610 3 180
35878 2 394
36358 1 511
36615 1 201
37389 1 647
37618 4 412
37821 1 452
37851 3 149
38707 12 270
38777 8 291
38986 10 296
39408 8 410
39644 6 509
40552 8 419
40722 1 222
41355 1 169
41774 2 282
42059 4 155
42294 4 80
42917 7 269
42946 6 209
43473 5 195
43479 1 218
43719 1 89
43884 2 430
43926 1 406
43951 12 397
44351 3 262
44784 2 232
44822 2 344
44827 8 369
45129 3 105
45205 1 373
45234 1 365
45483 6 171
45517 1 193
45600 11 320
45857 1 513
45944 7 146
46067 1 297
46088 2 426
46152 3 430
46245 2 396
46441 10 313
46507 7 297
46581 2 404
46593 7 374
46663 11 275
46829 3 125
47082 1 433
47138 2 480
47156 6 487
47207 5 160
48218 1 416
48434 7 530
48453 8 572
48653 1 146
48685 2 405
48731 7 233
48734 4 451
48850 2 461
48853 10 446
48866 6 390
49030 3 279
49200 2 502
49257 2 473
49448 2 491
49495 4 206
49499 7 221
49502 2 540
49823 1 620
50053 1 146
50350 5 361
50360 1 377
50455 2 482
50802 2 231
50915 6 440
50951 4 153
50959 1 217
51118 1 517
51188 2 552
51259 3 461
51281 1 335
51466 7 394
51475 5 186
51517 2 328
51570 3 381
51594 2 65
51666 1 652
51727 4 159
51753 7 209
51757 3 295
51987 8 355
52018 2 295
52024 11 376
52041 9 357
52224 6 435
52270 7 466
52309 3 329
52312 1 493
52313 4 260
52318 2 328
52327 3 212
52331 3 265
52403 1 323
52534 3 276
52687 1 383
52689 3 430
52732 1 455
52767 6 308
52786 5 217
53000 1 509
53129 1 607
53253 7 576
53297 1 431
53299 6 514
53374 1 649
53376 10 554
53392 4 155
53413 1 454
53533 1 593
53542 2 323
53671 1 608
53709 2 341
53712 2 490
53973 1 525
54153 6 257
54443 1 498
54449 3 205
54459 2 182
54481 2 326
54514 1 526
54701 1 679
54859 8 353
54876 1 574
54959 1 297
55218 7 451
55219 2 324
55239 4 487
55257 4 232
55278 1 201
55340 1 100
55342 11 477
55395 1 532
55442 9 647
55449 1 438
55450 7 516
55464 3 451
55483 1 455
55530 10 522
55790 7 447
55821 5 558
55922 6 246
55995 2 213
56065 7 482
56098 6 464
56258 6 529
56315 3 231
56672 5 423
56807 4 402
57093 2 273
57529 4 243
57537 4 206
57551 1 184
57973 3 250
58001 2 125
58048 2 362
58072 1 330
58283 1 492
58360 2 852
58438 1 69
58582 2 323
58662 1 414
59162 2 320
59316 7 262
60305 4 376
60699 1 78
62229 3 163
62310 1 405
62342 2 402
62506 5 419
62726 7 304
63255 7 635
63535 1 566
63791 4 514
63803 7 624
63984 5 476
64000 1 67
64092 2 374
64113 1 458
64188 3 259
64255 1 449
64375 3 383
64552 2 134
64817 6 263
65075 3 206
65237 1 291
65388 6 535
65438 5 418
65491 2 500
65547 3 334
65557 2 96
65611 2 531
65833 1 85
66080 4 259
66140 6 146
66151 1 138
66302 4 251
66327 2 161
66460 5 244
66627 1 142
67246 1 429
67393 4 187
67446 1 454
67496 5 230
67599 3 482
67716 1 407
67829 5 267
68111 4 346
68358 3 161
69097 8 349
70529 4 413
70572 8 181
70698 2 455
70913 3 137
71176 2 181
71265 3 138
71340 12 419
71551 1 556
71553 5 405
71567 1 328
71645 5 209
72971 3 338
73450 13 381
73579 12 564
73614 3 417
73653 7 435
74192 3 617
74703 2 549
74950 5 508
75032 5 503
75042 3 198
75058 1 507
75059 2 288
75162 2 180
75313 3 338
75457 8 550
75568 2 568
75569 2 264
75809 11 380
76317 2 426
76913 1 461
76933 1 537
77011 7 283
77028 1 233
77303 1 261
77833 3 208
78090 1 349
78114 6 494
78421 1 634
78601 6 232
78629 2 264
78796 4 329
78800 1 441
78891 4 132
79581 13 167
79597 1 423
79653 1 362
79667 2 442
79788 1 268
80869 3 137
81351 12 13810
81524 48 1541
81985 1 1067
82164 3 309
83014 9 1576
83561 24 1450
83667 1 4706
84820 17 810
85368 245 74892
85481 94 70500
85645 438 153229
85773 163 82661
86034 65 48792
86864 4 21422
89153 49 1553
89381 1 7437
89686 3 18025
90521 2 7390
90783 4 22898
91738 29 23456
92156 28 1656
92297 28 1656
93020 6 1664
94446 13 1633
96049 8 78606
96087 14 8396
96136 8 20896
96549 6 584
97095 24 1444
97259 11 1486
97532 83 11773
98180 1 8843
98421 21 7855
99053 27 27408
99184 6 3350
99424 43 12847
99890 3 1479
100122 2 357
100296 4 119
100579 1 594
100767 2 445
101018 1 82
101223 4 347
101387 16 501
101486 22 733
101553 1 928
101587 2 485
101611 2 449
101683 2 754
102134 1 231
102142 3 644
102148 13 399
102813 1 453
102882 7 587
104455 4 495
104538 2 424
104561 10 665
104641 4 486
104724 1 566
104981 1 463
105196 2 283
105276 5 591
105484 2 484
105536 1 74
105566 3 185
105682 2 478
106034 15 360
106171 4 484
106256 4 1131
106257 6 704
106513 1 480
106619 9 343
106635 1 67
107181 4 544
107296 2 494
107363 1 510
107404 1 543
107461 3 100
107472 2 481
107473 1 501
107625 2 454
107693 1 113
107721 4 658
107809 3 520
107951 2 472
108396 7 434
108540 7 418
108614 2 518
108658 7 429
109495 14 1066
109523 7 399
109684 12 818
109843 1 837
109887 1 482
110157 36 864
110421 1 477
110632 7 423
111074 2 660
111120 3 741
111222 2 476
111289 1 608
111369 25 561
111935 3 781
112003 1 512
112458 2 456
112699 1 442
112816 2 395
113329 8 663
113344 1 523
113784 2 563
114068 5 303
114157 1 504
114239 3 806
114275 1 132
114279 1 730
114280 8 1589
114287 2 463
114348 10 1142
114356 8 1002
114390 4 826
114398 8 628
114415 4 473
114498 20 1045
114565 1 1251
114569 6 1158
114581 1 426
114685 10 343
114693 1 459
114739 2 483
114743 16 1846
114744 3 736
114827 6 542
114844 4 634
114870 3 441
114877 6 1259
114955 2 570
115024 8 889
115051 2 519
115053 7 390
115060 2 901
115067 2 1752
115085 4 447
115101 1 427
115107 4 492
115151 4 135
115283 2 662
115294 4 876
115335 7 680
115341 1 523
115377 3 747
115443 4 516
115514 6 628
115538 7 655
115589 11 938
115682 7 707
115764 4 180
115769 1 614
115778 2 421
115813 5 568
115861 2 445
115888 11 355
115903 11 861
115964 16 519
115990 5 539
115995 7 575
116033 2 658
116056 5 395
116082 3 515
116153 12 390
116184 2 401
116219 13 762
116222 2 424
116257 14 1372
116274 2 619
116284 4 508
116307 3 448
116333 9 501
116360 5 362
116412 3 495
116415 1 624
116417 2 389
116427 10 468
116445 9 1090
116479 3 334
116530 2 418
116607 6 550
116645 13 1246
116650 4 708
116658 3 123
116679 1 452
116708 19 1410
116735 3 604
116787 20 694
116791 6 657
116896 4 483
116936 6 652
116971 1 459
117037 3 523
117061 10 419
117071 1 452
117073 1 528
117079 5 871
117146 1 525
117281 1 510
117355 8 877
117398 4 546
117408 13 852
117444 1 537
117606 10 929
117615 4 452
117619 14 537
117715 2 562
117829 1 109
117839 1 697
117919 9 505
117923 3 438
117939 3 642
117976 2 537
118036 2 700
118043 9 654
118044 4 255
118053 7 716
118210 3 800
118368 12 1208
118380 2 64
118395 1 444
118449 1 526
118509 13 736
118575 4 504
118594 8 555
118598 2 505
118655 2 129
118674 2 421
118767 1 619
118774 1 439
118849 11 810
118885 8 460
118904 7 651
118911 2 288
118963 4 441
119011 5 526
119035 9 810
119094 2 447
119196 7 1382
119209 2 277
119225 1 292
119310 2 169
119312 2 557
119408 4 420
119440 7 468
119486 8 549
119518 12 582
119568 2 535
119577 4 636
119637 1 702
119682 7 962
119806 7 502
119829 2 536
120117 6 204
120138 8 719
120338 10 625
120363 1 445
120531 1 498
120542 1 44
120987 4 226
121008 6 574
121018 3 320
121138 3 278
121213 22 614
121743 3 442
121757 1 230
121811 3 104
121816 1 446
121826 3 313
121847 4 1214
121940 3 162
122075 2 438
122150 4 206
122256 2 414
122353 3 714
122440 5 505
122543 1 34
122600 3 496
122672 2 722
122687 1 603
122741 3 489
122780 12 1383
122781 1 656
122786 2 193
122811 3 580
122841 4 654
122853 13 1260
122885 2 317
122973 23 714
122985 5 982
122994 13 703
123030 4 690
123087 2 1120
123222 6 821
123226 2 661
123275 8 357
123331 8 637
123354 4 544
123381 11 1230
123384 6 924
123385 1 140
123386 4 622
123397 6 535
123403 5 820
123501 3 329
123557 11 488
123644 6 647
123645 11 266
123671 1 61
123673 2 533
123686 6 647
123710 4 597
123720 13 1052
123817 15 299
123824 3 75
123842 8 921
123939 1 719
123951 3 678
124056 16 1214
124095 11 691
124113 3 458
124149 14 577
124161 4 672
124162 1 171
124183 3 121
124208 3 500
124219 3 138
124249 4 430
124288 5 485
124305 13 2625
124315 12 1355
124404 3 485
124412 8 855
124421 2 573
124456 2 623
124509 2 468
124546 10 1238
124589 6 769
124594 2 409
124661 3 1035
124671 1 474
124681 13 967
124713 3 115
124746 3 672
124792 4 83
124817 4 615
124854 1 226
124870 4 169
124938 3 902
124967 7 749
124985 2 582
125022 3 61
125256 1 480
125257 5 1038
125438 3 462
125452 5 686
125453 14 910
125602 11 824
125662 4 269
125700 3 521
125755 10 809
125763 2 518
125870 22 473
125896 6 679
126039 17 893
126075 4 672
126140 4 505
126196 3 454
126209 10 736
126243 3 431
126244 4 1414
126292 2 213
126293 9 560
126533 2 455
126611 8 911
126645 12 743
126658 1 343
126691 3 286
126710 11 846
126855 5 579
126876 7 694
126924 6 990
126936 2 557
126962 5 1116
127002 7 275
127016 5 729
127017 1 626
127036 9 318
127192 6 714
127247 2 447
127248 4 129
127291 1 911
127425 2 452
127458 8 814
127552 2 136
127585 1 499
127608 2 130
127644 3 338
127646 13 1441
127726 2 430
127744 14 1108
127763 1 443
127782 1 740
127799 4 863
127801 5 602
127875 7 1043
127878 14 643
127938 9 1205
127939 3 492
127994 6 1274
128052 1 238
128104 3 633
128132 9 1175
128153 10 330
128176 3 500
128197 7 1278
128201 1 257
128205 2 492
128220 13 1091
128242 8 406
128322 8 788
128448 7 434
128492 11 539
128609 17 679
128761 10 922
128843 3 514
129057 2 593
129191 3 467
129415 2 132
129462 1 335
129758 2 535
129820 12 696
129905 5 721
130159 8 508
130302 18 791
130616 2 97
130679 2 529
130800 5 444
130838 1 404
130897 6 451
130971 5 186
131017 3 450
131245 8 374
131349 1 436
131444 2 726
131835 1 408
132132 3 493
132206 7 606
132419 9 725
132538 6 694
132615 3 683
132715 6 477
132749 3 1653
132790 1 468
132905 7 854
132932 2 498
133003 4 446
133028 10 434
133035 9 334
133065 3 657
133267 2 433
133302 6 482
133435 2 422
133703 2 512
133824 5 476
133946 20 802
134246 2 503
134334 1 559
134926 3 520
135034 3 393
135214 1 419
135274 8 370
135333 2 476
135405 1 439
135694 2 492
135805 1 598
136078 3 513
136273 5 1271
136332 9 479
136543 5 140
136963 2 576
136979 2 457
137074 2 338
137182 5 617
137230 12 612
137676 1 613
137804 1 417
138442 10 568
138793 4 762
139061 2 461
139417 7 843
140001 3 443
140581 1 493
140628 2 94
140629 18 498
140680 6 320
140886 1 443
140978 3 265
141109 6 453
141164 2 448
141168 5 253
141400 1 465
141620 2 476
142131 2 319
142225 5 591
142426 5 391
142512 1 446
142693 2 477
143101 1 65
143172 5 482
143544 5 347
143658 2 658
143929 4 444
143945 8 366
144257 1 417
144583 3 508
144698 2 435
144704 1 279
144709 1 915
144710 2 337
145041 2 408
145258 1 481
145264 5 367
145363 9 794
145926 1 481
146121 1 576
146136 1 597
146188 7 368
146564 14 707
146591 5 184
146618 2 492
146763 4 475
146770 4 165
146821 11 602
146898 2 453
147201 1 692
147237 2 497
147342 3 404
147783 3 710
147809 1 656
148116 2 446
148403 4 525
148892 2 478
148960 18 732
148972 12 1623
149044 4 582
149277 12 625
149395 11 584
149501 4 180
149665 2 416
149856 1 469
149914 28 808
150126 1 778
150486 1 339
150527 1 634
151012 2 478
151044 4 1554
151078 1 535
151080 4 400
151133 1 504
151309 8 515
151433 2 442
151510 19 901
151702 3 452
151873 1 345
151943 9 295
152012 1 503
152150 10 870
152201 3 632
152321 3 470
152399 12 534
152632 15 790
152711 1 159
152752 1 565
152823 6 405
153053 2 592
153180 5 161
153308 6 1051
153716 3 489
153886 2 511
153899 2 170
153930 4 197
154025 2 800
154887 12 612
155002 8 921
155146 2 470
155212 1 1238
156286 15 920
157258 4 510
157377 1 107
157547 7 676
157672 3 93
157728 3 513
158017 13 573
158256 1 470
158509 7 640
158512 1 642
158576 2 98
158679 1 471
158778 1 314
158987 1 471
159576 1 573
159743 12 555
159793 5 1044
160047 1 517
160209 2 110
160583 1 485
160804 7 581
160849 2 295
160970 2 440
161057 11 741
161116 1 469
161636 1 637
162247 3 615
162538 5 201
162630 2 437
162778 3 716
163056 5 120
163058 2 386
163343 2 517
163715 10 1179
163846 5 793
163925 3 360
163926 2 284
163944 2 423
164018 8 635
164137 2 267
164489 1 110
164510 3 697
164754 1 423
165165 5 875
165323 11 467
165425 2 551
165647 1 555
165926 18 1835
166016 7 477
166024 2 117
166732 1 82
166895 4 430
167030 7 642
167107 2 469
167261 3 559
167612 2 420
167641 6 1114
167973 2 428
168243 1 624
168748 3 690
168931 5 688
169062 1 275
169334 1 496
169486 11 1190
169517 1 156
169601 3 478
169984 2 444
170013 7 302
170962 2 146
170972 2 472
171394 1 436
172411 10 568
172422 8 2130
172818 4 318
172988 3 772
173100 7 492
173148 5 463
173155 2 448
173609 2 476
174044 1 246
176060 2 128
180525 1 135
183728 17 995
193993 1 65
204051 1 124
204655 2 317
216526 3 85
218079 1 95
224732 6 120
231299 10 1030
231451 3 149
231552 5 245
231612 1 354
231663 1 288
231688 1 760
231721 10 413
232112 14 768
232228 4 315
232386 3 1962
232571 3 788
232669 11 1268
233011 1 240
233461 1 1855
233518 1 475
233601 13 414
233912 2 207
234485 2 134
234537 11 1173
234713 4 424
234768 14 1319
234798 1 754
235033 3 108
235198 7 659
235302 3 193
235421 1 502
235555 8 1552
235579 4 212
235607 3 200
235682 2 362
235928 8 366
235957 14 553
236412 3 222
236544 1 148
237483 11 1885
237786 13 508
238072 2 363
238385 4 557
239083 9 388
239352 1 228
239604 1 406
239839 21 374
239929 7 4246
240366 19 117963
240975 2 1024
241002 5 2301
241112 2 751
241205 26 1435
241610 4 4324
242552 7 415
242574 11 241
242659 48 11956
242671 3 2793
242726 2 1525
242798 72 7378
242807 38 4103
243037 26 2478
243248 19 97794
243249 40 55340
243568 30 51992
243696 45 15292
243700 9 618
243797 6 11892
244044 10 261
244049 14 4771
244295 16 43543
244360 1 8008
244515 150 137580
244846 12 32902
245062 121 6328
245214 3 137
245368 28 8062
245372 62 8138
245538 10 308
245637 9 3806
245710 3 96
246042 4 105
246172 99 4587
246182 94 13686
246185 108 16049
246379 1 961
246380 1 1106
246610 74 29250
246695 81 65027
246747 5 3112
246877 22 6449
247008 91 23763
247209 158 48787
247387 55 63961
247406 22 42749
247469 54 160821
247550 66 255154
247565 16 2684
247747 52 7689
247826 34 14203
248102 8 14517
248409 15 2160
248416 2 540
248562 447 40310
248610 15 211360
248646 14 880
248712 112 11964
248816 108 17214
248992 3 1680
249190 117 14664
249278 24 1780
249288 42 3504
249454 7 8293
249493 4 102
249570 186 33965
249628 1 196
249740 26 228328
249813 86 4931
249883 28 10505
250219 10 620
250331 26 19950
250351 1 392
250360 50 7570
250387 11 1048
250706 28 975
250752 1 9632
250893 71 42856
250991 3 594
251027 7 42465
251085 54 15468
251143 1 13145
251224 1 262
251506 20 5141
251522 40 7045
251525 126 18764
251528 101 12690
251529 31 7715
251602 93 12934
251726 12 975
251736 14 4175
251785 9 19094
252146 9 415
252154 122 29717
252289 16 4870
252381 12 6285
252473 32 1526
252474 454 81579
252555 58 27002
252576 7 3614
252738 47 11386
252756 24 3025
252921 142 52519
252924 50 17447
252986 154 40464
253004 3 728
253018 8 331696
253067 20 104143
253162 1 909
253354 68 57179
253369 7 262
253373 5 364
253453 32 1933
253573 1 657
253588 42 13837
253593 993 171848
253677 2 1089
253729 65 21686
254043 4 121
254108 1041 174176
254168 6 280
254188 1 411
254264 38 2941
254397 20 3483
254584 1 1069
254871 155 36421
254924 104 23861
254943 4 12040
255144 160 25727
255172 19 1269
255289 11 51128
255364 45 3549
255457 2 153
255559 22 1315
255679 4 2252
255777 43 64507
255830 14 84137
255984 9 3769
255985 7 6297
255986 101 12990
256038 15 1720
256155 4 22080
256282 25 10491
256283 64 34425
256286 5 24252
256348 13 1269
256451 8 4516
256535 42 14359
256687 85 11982
256847 63 24054
256851 30 13442
256867 8 3271
257049 10 26471
257344 7 45609
257345 8 89736
257389 4 2347
257475 49 25255
257812 617 103213
257825 22 1925
257899 23 562
257951 39 21143
258129 3 142
258210 1 110
258361 32 26906
258374 24 9000
258435 1 5203
258494 21 7616
258587 4 1491
258636 27 15270
258639 33 7255
258657 11 5008
258658 16 3364
258712 6 1803
258719 61 8709
258987 15 21620
259009 13 4817
259062 10 8707
259131 5 3440
262824 1 140
264076 4 299
267098 7 265
268170 1 251
268597 5 477
268610 1 230
268621 2 496
268630 4 534
268641 5 458
268643 1 469
268650 1 485
268652 7 497
268653 1 492
268654 2 427
268656 1 397
268659 4 374
268662 2 419
268663 7 466
268665 1 379
268669 1 669
268670 7 650
268671 10 501
268673 4 447
268683 3 555
268686 3 339
268692 1 561
268700 1 449
268705 6 351
268708 5 305
283368 6 645
289647 3 440
289685 9 424
289877 1 319
290042 11 6266
292379 3 285
293467 12 511
296005 10 558
296419 1 467
297829 53 2505
298979 1 294
299666 1 113
304147 11 6265
306927 50 2387
311933 5 715
311943 3 457
311944 2 797
311950 3 839
311952 1 709
311955 4 774
311960 2 492
311961 2 818
311963 2 604
311964 1 774
311968 1 688
311970 8 473
311971 2 904
311972 2 735
311976 3 986
311977 1 304
311978 6 450
311979 1 602
311982 1 658
311983 17 938
311985 4 632
311993 3 750
311997 1 858
312005 2 205
312009 5 166
316134 2 439
319424 1 26
319728 4 103
320632 3 299
322454 4 294
323657 1 138
326901 3 121
327688 2 28
329606 2 129
329643 7 669
330134 1 67
330984 1 189
332838 7 221
338833 3 101
338938 1 75
338954 1 36
340615 3 137
341524 2 228
344155 1 287
344279 2 293
346096 7 465
347304 1 126
351740 6 542
353158 5 100
355109 1 49
356033 1 228
358104 3 330
359268 1 205
359634 1 184
360317 1 32
360731 6 321
360905 2 223
360962 2 70
361630 7 420
362144 1 170
370082 5 285
370269 2 377
370952 1 35
371528 4 373
372213 1 49
373127 2 155
373635 3 248
374009 2 272
377269 1 672
380437 1 51
381692 8 122
383214 6 368
383831 2 287
384180 6 193
384585 1 316
385020 6 313
385378 1 151
385646 1 147
386473 2 260
386494 2 115
386609 1 314
387127 1 46
387404 1 149
387635 1 212
387954 1 229
388496 1 362
388933 2 204
389159 1 286
390798 3 241
391359 4 126
393791 2 198
394032 1 162
394166 2 315
396195 1 204
396298 3 322
396953 5 249
396964 3 279
397326 5 364
397332 2 204
397875 1 45
399746 3 499
400100 2 99
400133 2 226
400416 1 336
400625 3 394
400656 1 256
401191 5 279
401366 5 198
401376 5 279
401381 2 253
402257 3 115
402457 6 557
402724 1 71
403228 2 323
403487 3 213
405111 7 547
408404 1 282
408687 1 212
409711 8 411
409898 2 589
410224 9 640
411463 1 147
412872 3 375
413019 9 245
413810 5 342
413817 6 393
414062 1 331
414064 1 259
414260 2 455
414449 1 360
414460 1 511
415414 1 224
415532 2 355
415990 2 286
416263 4 326
416611 5 86
417540 1 196
418440 1 189
420418 5 224
420423 1 111
420640 1 106
421169 1 107
424286 1 91
425237 2 387
430491 1 213
433922 3 176
434184 2 293
439868 1 549
440504 3 175
441608 7 212
441642 2 189
443840 1 274
444048 2 536
446426 2 76
448479 2 203
448578 2 238
448891 3 325
449117 2 58
449629 2 129
449632 1 137
449839 2 152
450253 1 283
450992 1 55
452159 1 106
452797 1 44
461733 4 360
462120 1 264
462295 2 177
462700 2 489
463856 5 283
467951 2 127
468121 1 169
468128 2 353
472256 7 231
477523 9 355
477778 1 219
478682 2 227
478899 5 183
479706 8 393
479908 5 294
479909 1 328
479980 3 921
480021 2 337
480389 1 314
480390 1 282
480914 5 260
483648 6 198
484482 1 278
485314 1 288
485954 2 294
486521 7 377
487030 4 484
487181 3 369
488609 3 117
490397 7 305
491326 7 447
491374 1 241
492040 8 276
492260 5 245
492957 3 143
495502 1 214
495734 2 325
496965 4 273
497077 1 214
497104 5 306
497110 7 300
497832 6 167
497914 5 253
500815 4 329
500905 4 299
501000 4 347
501091 9 745
501402 8 350
501872 3 165
502708 2 238
502711 1 101
502998 5 354
503232 2 194
503236 2 195
504141 8 346
504224 6 516
504260 6 245
504488 9 368
504630 3 287
504772 4 257
504968 2 360
505011 2 277
505218 8 600
505235 6 391
505446 2 266
505594 3 600
505836 13 328
505876 11 379
509635 4 255
512981 1 123
513273 8 249
514035 1 328
515062 1 266
515510 2 107
517615 2 99
517626 2 322
518480 12 526
519682 4 137
520162 2 131
520601 6 202
520605 4 471
520836 2 155
521618 7 736
521686 12 354
521907 8 312
522857 10 230
523354 4 131
523598 5 217
