281 5 411
887 2 328
2875 2 127
4367 1 415
4571 1 360
5679 2 593
6321 1 356
8183 1 250
8293 3 364
13106 1 240
14367 1 611
14826 4 315
16088 2 101
16112 1 181
18607 1 467
18786 1 471
18801 1 311
19409 1 423
20208 1 160
20489 1 533
21395 1 246
23842 3 97
25702 2 562
26447 2 347
26571 2 511
26723 3 268
26869 1 211
27071 2 247
27272 2 575
27900 3 357
28370 1 379
28582 1 620
28601 2 657
29792 2 495
29851 1 320
30765 4 235
33618 1 732
34259 1 505
35447 1 384
36097 1 232
36587 1 319
36705 1 253
36769 2 177
38673 2 261
41491 2 335
41981 1 212
42128 1 353
42266 1 321
42418 3 332
42828 2 349
42938 1 226
48848 4 514
49102 4 455
49170 2 311
50664 6 274
50990 1 612
51079 1 450
52938 1 199
54087 1 180
54440 1 439
54675 3 558
55414 1 502
56131 1 536
56988 11 343
59631 1 292
60881 1 283
61408 1 358
65552 4 588
65878 3 487
68485 1 346
68582 1 321
69359 1 566
69453 2 603
77132 11 246
85368 46 74892
85481 27 70500
85645 132 153229
85773 63 82661
86034 49 48792
93595 27 767
96136 3 20896
100169 2 446
100714 6 444
100753 8 592
100813 1 708
101526 5 457
101536 4 388
101545 2 476
102274 1 514
102631 15 392
102638 8 651
102818 3 159
102937 1 561
103079 4 1145
103080 3 502
103245 2 467
103274 11 1309
103472 2 739
103965 1 1065
104027 2 1648
104068 10 599
104455 2 495
104550 1 540
104587 2 544
104720 1 279
104727 5 647
105017 2 260
105056 1 74
105104 1 1300
105269 4 4204
105557 4 174
105590 3 577
105831 4 480
105983 4 577
106175 4 139
106257 3 704
106289 5 1562
106382 1 293
106513 2 480
106682 1 356
106923 2 1014
107145 5 149
107347 1 926
107363 1 510
107364 4 781
107684 8 151
107998 7 207
108387 12 1679
108401 1 539
108488 1 540
108672 1 228
108710 8 186
108889 2 78
109035 2 68
109126 6 1941
109409 3 490
109439 2 530
109495 2 1066
109632 6 576
110157 5 864
110386 1 504
110492 1 332
110511 16 1724
111103 5 1039
111151 3 722
111264 2 518
111267 27 1589
111925 1 595
111974 9 352
112003 2 512
112902 3 400
113120 2 409
113493 3 1309
113527 1 14
113846 6 450
114041 3 910
114195 2 591
114274 2 561
114281 1 741
114393 3 540
114481 2 662
114559 2 325
114565 5 1251
114569 2 1158
114685 2 343
114743 6 1846
114839 2 480
114863 8 1262
114864 1 335
114877 7 1259
114878 3 887
114885 1 553
115021 5 156
115107 1 492
115127 3 1174
115297 1 344
115333 4 786
115341 1 523
115393 1 642
115551 4 137
115888 4 355
116140 6 879
116257 2 1372
116284 1 508
116291 2 820
116412 2 495
116436 2 318
116708 6 1410
116896 1 483
117070 2 647
117076 7 720
117084 4 532
117355 4 877
117395 3 497
117575 1 478
117606 3 929
117680 1 479
117681 4 527
117880 1 163
118053 4 716
118103 3 758
118196 8 443
118210 7 800
118211 2 263
118538 1 591
118636 4 478
118669 7 526
118729 1 577
118934 25 741
118936 1 462
119225 1 292
119543 3 810
119679 1 254
119682 2 962
119698 9 5402
119726 2 559
119757 1 496
119922 1 815
119929 10 520
120028 2 1232
120260 1 1374
120452 1 433
120479 23 729
120496 2 507
121587 5 1133
121650 1 487
121651 1 144
121967 11 484
122302 4 949
122498 6 426
122741 9 489
122843 5 112
122885 2 317
122985 4 982
123048 2 197
123109 6 1132
123331 8 637
123381 7 1230
123386 2 622
123433 1 531
123558 1 1017
123673 1 533
123793 1 766
123897 1 1317
123936 2 386
123951 1 678
124056 4 1214
124095 5 691
124233 2 568
124305 4 2625
124421 1 573
124543 1 341
124615 7 685
124681 2 967
124801 1 337
124895 8 1062
125014 5 1252
125239 1 138
125257 2 1038
125376 5 166
125603 2 1115
125881 1 59
126128 2 873
126443 3 491
126470 3 531
126558 3 587
126611 1 911
126614 5 383
126662 4 662
126663 1 1332
126819 1 299
126880 2 258
126936 3 557
126962 2 1116
126977 1 789
127157 4 478
127224 1 306
127354 3 640
127434 1 507
127724 2 62
127744 2 1108
127799 1 863
127870 2 636
127875 2 1043
127876 4 443
127900 6 815
127994 2 1274
128220 3 1091
128267 4 460
128325 1 520
128491 1 463
128492 3 539
128504 3 1246
128567 2 295
128635 1 554
129111 1 566
129220 2 246
129294 1 141
129368 4 515
130097 4 211
130147 2 642
130481 1 881
130725 2 724
131054 3 392
131163 5 1100
131659 1 648
131667 2 608
131942 1 66
131943 1 639
132387 2 232
132834 1 512
132856 3 74
133103 3 471
133223 3 98
133710 3 771
133830 1 144
133946 3 802
133947 1 538
133981 2 591
134059 1 572
134202 3 1327
134233 1 336
134321 19 653
134349 2 448
134817 2 797
134928 4 875
134977 1 680
135012 1 493
135097 3 111
135274 1 370
135512 1 131
136007 1 437
136312 1 522
136418 13 548
136431 1 368
137272 1 619
137374 4 717
137410 4 448
137798 36 819
137804 1 417
138100 1 486
138300 1 329
138307 15 787
138356 3 319
138481 1 157
139017 3 1260
139357 1 494
139417 3 843
139434 1 123
139463 6 322
139674 1 577
139802 1 508
139827 4 709
140198 1 1299
140383 1 490
140424 1 549
140527 3 1116
140606 1 385
140642 3 250
140657 5 456
141069 1 717
141409 1 1237
141530 7 672
142027 1 166
142227 2 657
142270 1 1298
142515 4 1173
142582 6 562
142633 4 576
142694 4 796
142768 1 487
143172 2 482
143208 18 371
143536 7 680
143663 1 139
143700 1 180
143768 1 209
144232 2 641
144382 1 279
144402 1 395
144759 2 225
144821 1 472
144831 2 713
145186 4 703
145491 2 483
145802 2 635
146376 1 517
146801 1 77
146821 10 602
146852 1 930
146871 1 406
146978 2 552
147095 1 450
147131 1 416
147133 7 9616
147350 4 830
147757 2 53
147792 1 741
147793 1 1426
147942 5 670
147946 4 454
148803 1 586
148956 1 580
149123 1 658
149395 1 584
149657 3 700
149855 1 440
149914 2 808
149993 1 641
150023 3 1009
150029 2 336
150454 2 872
150650 8 662
151171 3 979
151677 3 619
151692 2 847
151693 1 111
152041 3 766
152042 4 561
152147 9 1217
152449 1 275
152477 5 937
152930 1 401
153059 8 720
153155 1 522
153242 1 415
153291 6 476
153308 4 1051
153309 1 462
153498 19 847
153620 5 475
153756 1 514
153757 5 274
154008 7 737
154013 5 1541
154221 3 653
154234 8 658
154250 2 425
154362 1 66
154561 2 873
155002 1 921
155089 1 687
155274 2 1126
155657 1 290
155698 1 465
155815 2 264
156064 4 599
156825 2 652
156941 1 2537
157001 1 661
157012 1 497
157339 9 635
157408 1 144
157547 1 676
157728 2 513
157856 1 628
158210 1 716
158286 20 967
158389 33 891
158509 1 640
158545 2 942
158694 4 299
159154 1 684
159160 5 10016
159267 2 455
159449 9 663
159493 1 569
159499 2 643
159793 2 1044
159870 2 573
160119 2 737
160306 5 453
160487 2 620
160509 2 720
160940 2 525
160968 1 318
161034 21 357
161136 2 716
161298 2 491
161409 2 843
161417 7 700
161426 1 737
161493 1 196
161610 7 1324
161642 2 428
161693 4 890
161941 3 743
162018 1 469
162266 1 357
162623 2 369
162788 4 1230
162789 1 150
162927 10 317
163200 3 513
163297 2 392
163343 1 517
163363 1 474
163400 1 505
163594 1 1165
163810 1 793
163846 4 793
164149 15 483
164288 3 641
164510 4 697
164723 2 529
164754 1 423
165001 2 436
165206 1 460
165305 1 612
165331 6 1360
165356 11 1365
165407 1 442
165491 2 434
165558 16 3433
165583 1 437
165841 1 423
165926 1 1835
166016 1 477
166158 1 426
166369 1 535
166418 2 509
166458 1 419
166723 1 747
166775 1 427
166869 7 420
166895 1 430
167107 1 469
167184 3 393
167213 2 414
167382 2 553
167529 3 492
167542 2 1017
167612 1 420
167641 2 1114
167698 2 554
167729 2 475
167973 2 428
167984 1 110
168017 2 166
168286 1 431
168287 1 183
168375 2 455
168517 1 93
168551 4 643
168573 3 472
168752 1 390
168840 2 506
168959 1 422
169113 1 498
169168 4 496
169192 1 559
169334 1 496
169509 2 470
169606 1 405
169780 1 194
169811 1 479
170075 1 449
170147 2 702
170182 1 171
170198 1 459
170271 9 530
170350 1 484
170374 5 314
170525 4 604
170736 2 441
170950 1 198
170972 1 472
171034 3 411
171087 1 440
171274 1 134
171327 1 481
171394 1 436
171659 2 453
171755 1 837
171876 2 524
171913 1 453
171925 2 616
172147 1 408
172229 1 226
172362 1 422
172419 4 643
172420 4 650
172444 1 391
172729 1 241
172731 1 402
172845 4 638
172878 2 410
173084 2 416
173125 2 874
173223 1 424
173280 2 477
173385 1 430
173569 1 655
173572 1 409
173587 13 1270
173592 1 397
173609 3 476
173665 2 683
173750 1 411
173861 1 379
173938 1 407
174099 1 432
174194 3 662
176129 2 226
178672 1 151
179273 2 869
181873 1 114
188576 1 705
189421 1 172
190009 2 512
190674 5 1193
191114 2 191
194793 1 98
198573 1 723
199159 1 77
204856 1 125
206340 2 714
206505 1 140
206506 1 126
209915 1 97
210738 1 268
213068 2 4052
219241 1 127
224969 1 126
225635 1 107
225911 1 153
226800 2 92
232314 2 689
233988 15 1764
234231 4 635
236101 1 281
236103 1 280
236141 13 640
236310 5 868
236569 7 1170
237162 1 222
237657 2 2992
237753 3 883
238055 2 162
238534 16 11431
239430 1 118
239840 1 239
240357 6 947
240664 1 112
240827 2 1523
241002 7 2301
241223 1 291
241298 4 373
241526 4 346
241537 12 1080
242203 7 767
242683 12 7275
242797 19 7898
243397 6 3978
243727 2 11576
243828 10 9735
244046 11 1225
244295 24 43543
244503 15 3247
244515 62 137580
244798 2 24677
245341 5 1631
245362 18 1467
245722 64 32503
245811 13 3986
245997 2 17567
246144 7 604
246625 11 1524
246761 13 3964
247153 4 17318
247175 5 434
247209 10 48787
247400 5 13116
247469 3 160821
247961 3 388
248496 3 1743
248562 51 40310
248763 1 1103
248930 9 5041
249098 11 2584
249540 9 3731
249570 53 33965
249993 1 9677
251485 9 29531
251800 3 24372
251946 1 2878
252154 41 29717
252474 79 81579
252921 13 52519
252939 2 4993
252986 91 40464
253061 9 10802
253468 4 492
253593 26 171848
253938 6 2095
254108 35 174176
254858 4 141
254871 53 36421
255476 18 44402
255538 4 16755
255691 8 3597
255735 17 4636
255986 25 12990
256040 9 3662
256526 8 5063
256605 5 11662
256687 32 11982
256985 17 4915
257636 12 5584
257795 1 85
257808 14 6540
257812 120 103213
257892 20 6206
257895 3 1845
266608 1 484
305206 1 316
315235 1 740
318870 11 224
319923 4 832
320143 1 30
320336 3 510
320638 1 31
320872 2 530
323146 2 404
323944 1 42
324059 1 24
324089 1 24
325606 1 34
325696 1 114
327283 1 491
328125 1 30
328218 2 84
328973 4 502
329240 5 1000
329343 1 65
329544 1 327
329711 3 337
330402 5 1114
330856 2 38
330874 2 37
331725 1 300
332439 5 650
332749 6 354
334400 5 254
334911 1 57
336902 4 466
337507 11 519
338054 2 207
338663 1 55
338736 1 36
339187 5 283
339815 5 282
340378 2 2116
341186 1 103
341763 1 113
343652 4 95
345062 1 32
347301 6 463
351489 2 254
351510 1 359
351835 1 286
353793 1 143
354663 3 614
356703 1 330
360195 1 54
361185 1 72
361201 1 41
361418 3 524
361729 3 165
367435 7 147
368298 2 370
368324 3 389
368344 2 358
369932 3 178
376934 2 39
377219 1 639
377233 1 36
378947 1 453
378968 2 36
379051 1 623
379294 1 522
379346 9 766
379523 3 608
379524 1 490
382133 4 130
382803 5 139
384712 1 87
391504 2 350
392749 4 866
394017 1 556
398686 1 492
399413 1 395
399767 1 248
400040 1 53
401049 2 540
401630 1 236
402163 4 1163
408305 2 199
410170 2 217
410635 2 416
413051 1 330
417442 2 389
417717 3 654
419793 5 94
420965 2 47
423736 1 48
424468 1 48
427179 1 52
428643 1 513
429134 1 391
430107 1 55
432006 1 492
433477 1 341
435164 1 48
437137 2 1205
438880 6 432
440392 2 960
441291 5 563
441548 8 563
441555 2 500
441557 4 680
441558 15 843
442061 7 256
442330 3 389
446466 1 224
447157 2 409
450263 4 231
452679 2 37
453677 1 55
455167 2 198
456702 1 44
458160 1 137
461780 3 227
462146 1 854
462289 2 200
462967 1 124
463792 1 84
467982 2 50
470692 1 663
477158 1 327
477247 2 342
479789 1 581
481634 2 212
483904 1 119
483983 2 771
485290 2 189
486196 1 245
487674 2 49
487964 1 747
488100 1 102
488943 6 172
489896 9 1066
490683 1 58
490824 5 513
492248 1 476
492517 2 376
493072 3 276
495126 1 260
496745 1 550
497097 1 342
498608 1 141
498868 1 243
501199 5 459
501461 6 304
502100 1 429
502192 2 368
502980 4 565
503562 1 793
504743 1 88
505848 2 237
507142 4 1078
507277 2 311
508097 3 244
508386 1 767
511453 1 142
511765 4 605
511766 1 485
511777 2 545
511780 6 787
512658 1 77
512707 2 357
512711 2 361
514544 4 790
516006 1 113
516626 3 644
519914 2 94
521391 1 542
522310 1 104
523115 1 98
281 1 411
364 2 200
399 4 157
693 1 351
1329 2 569
1438 2 573
2417 2 401
2466 1 293
2571 1 342
3029 1 254
3685 4 123
4367 1 415
4571 1 360
5435 3 305
5679 9 593
5875 11 311
6254 5 351
6321 1 356
6517 3 357
6586 6 287
7587 2 77
8183 3 250
9453 1 471
10038 1 394
10132 2 243
10278 3 315
10406 2 525
10521 1 530
10603 1 349
10754 5 227
10794 3 289
10905 2 285
10923 2 431
11138 3 287
11669 1 476
11766 2 468
12361 2 340
13373 1 61
14099 12 639
14367 2 611
14452 10 344
14695 5 292
14782 4 288
14847 1 166
15325 4 100
16061 4 108
16088 4 101
16112 1 181
17961 10 164
18137 3 174
18169 5 187
18432 2 470
18521 12 425
18524 6 238
18607 11 467
18786 1 471
18804 1 96
18873 10 584
18901 1 166
18951 7 153
18991 9 580
19107 12 378
19110 1 107
19172 7 518
19187 2 486
19234 2 361
19309 6 372
19409 3 423
19427 3 111
19491 5 336
19606 5 461
19815 4 340
19906 8 256
19943 3 67
20153 7 272
20192 7 376
20208 1 160
20293 2 315
20339 6 226
20489 1 533
20767 4 420
20897 6 379
21395 2 246
21794 1 248
22656 5 192
23052 1 484
23250 1 480
23278 2 142
23842 4 97
23896 1 173
24086 5 119
24585 1 458
24721 1 457
25749 1 158
26447 3 347
26571 1 511
26723 1 268
27031 1 386
27071 1 247
27272 2 575
27918 4 493
28186 1 160
28234 1 564
28345 3 538
28582 2 620
28601 2 657
28669 1 437
28962 3 116
29767 1 88
29824 2 101
29992 4 137
30253 7 130
31532 9 339
32220 5 247
32519 3 248
33163 3 497
33618 1 732
34117 9 315
34259 3 505
34403 1 380
34643 2 359
34807 3 209
34841 2 514
35016 3 434
35447 12 384
35565 3 325
36097 4 232
36448 8 171
36587 6 319
36598 1 266
36721 5 317
36753 3 404
36831 7 380
36910 3 509
37006 4 420
37100 2 358
37317 1 477
37345 2 175
38076 3 171
38181 2 451
38208 2 124
38217 4 222
38643 1 572
38673 1 261
38876 1 384
39273 2 179
39497 5 282
39608 1 389
39930 3 525
41264 3 211
41935 2 184
41981 8 212
42128 9 353
42266 11 321
42329 5 272
42418 1 332
42828 8 349
42905 1 101
42938 9 226
42943 1 284
44370 8 128
44884 1 495
45039 3 106
45202 1 380
45299 5 118
45712 1 115
45905 1 180
46148 1 145
46560 1 356
47036 3 377
48228 1 232
48848 1 514
49170 2 311
49242 1 390
49430 7 366
49476 6 252
49528 6 273
49615 2 227
50323 5 112
50348 1 137
50405 3 133
50416 12 414
50430 13 426
50495 13 283
50571 7 227
50680 8 168
50984 6 108
50990 3 612
51079 15 450
51108 10 372
51715 7 113
51776 3 267
51792 3 237
52272 1 324
52760 1 112
53007 1 90
54202 2 590
54440 3 439
54447 2 536
54675 2 558
54774 3 133
55160 1 160
55325 1 237
55745 3 154
56131 5 536
56341 1 139
56518 1 530
57237 10 482
57243 1 328
57727 1 532
58864 1 154
59060 7 216
59204 2 183
59375 1 127
59442 6 321
59631 2 292
59952 3 277
60238 2 171
60311 2 224
60387 1 95
60565 1 200
60868 4 273
60881 1 283
61408 1 358
61411 3 216
61845 5 419
62229 1 163
62760 1 388
62981 2 222
63356 2 244
64347 2 288
64348 2 123
65163 4 134
65552 1 588
65878 6 487
66364 8 139
66464 2 143
66869 1 372
67047 1 150
68737 5 249
68778 3 123
68881 1 213
68920 5 197
69359 1 566
69435 1 284
69453 1 603
70845 2 435
70936 1 205
71265 1 138
73581 2 296
73820 1 268
76649 3 110
76714 2 264
77009 8 327
79198 1 319
79565 1 485
79699 3 258
83917 6 1762
85368 2 74892
85481 50 70500
85645 29 153229
85773 21 82661
86034 3 48792
87687 1 456
92768 1 184
94875 9 14566
96591 1 191
98551 14 841
99425 1 448
100338 1 72
100578 1 285
100692 1 436
100813 2 708
100903 2 657
101545 2 476
101569 1 226
102063 1 411
102237 2 414
102382 1 480
102638 1 651
102937 2 561
103079 1 1145
103245 1 467
103965 1 1065
104068 1 599
104185 1 56
104218 2 402
104305 1 356
104374 1 530
105056 1 74
105104 1 1300
105831 1 480
105983 1 577
106289 6 1562
107077 1 571
107193 1 139
107363 19 510
107969 2 263
108083 1 541
108151 1 103
108188 1 40
108387 2 1679
108679 2 493
109439 3 530
110386 1 504
110610 1 231
110900 1 142
111407 2 486
111808 2 328
111925 1 595
112003 1 512
112724 1 555
113008 5 421
113120 1 409
113274 1 85
113696 1 430
113704 1 850
113705 1 719
114041 1 910
114393 1 540
114398 1 628
114559 1 325
114685 2 343
114885 1 553
115297 2 344
115334 2 170
115341 1 523
115366 2 73
115393 1 642
115403 1 1156
115764 1 180
116436 1 318
117070 1 647
117355 1 877
117764 1 111
117880 1 163
118461 1 57
118476 1 251
118845 1 112
118873 1 131
119310 1 169
120350 1 132
120566 1 62
120985 1 241
121094 1 75
121967 1 484
122628 1 48
123609 1 134
123897 1 1317
123936 1 386
124305 1 2625
124596 2 102
125346 1 144
125430 1 840
125603 3 1115
125966 1 326
126128 1 873
126968 1 84
127070 2 831
127157 1 478
127701 2 124
127741 1 635
127820 1 78
127870 1 636
127875 1 1043
128567 1 295
128635 1 554
129220 1 246
129774 1 704
130097 1 211
130972 2 265
131867 4 148
131876 1 949
131943 6 639
132783 1 493
133439 1 370
133945 1 341
134928 1 875
135687 1 1660
135855 1 155
136218 6 177
136403 8 531
136431 1 368
136740 4 337
136778 1 375
137230 1 612
137804 1 417
137858 1 57
138321 1 181
138427 1 311
138447 1 124
139434 2 123
139827 2 709
140198 1 1299
140672 1 74
142800 8 356
143700 1 180
144382 1 279
144596 1 1239
144831 1 713
145090 1 755
145186 1 703
146843 1 470
146852 1 930
146871 6 406
147095 1 450
147792 2 741
148828 1 476
149395 1 584
149791 1 193
149993 1 641
150243 1 129
150501 1 368
151266 1 332
151309 1 515
151326 4 504
151492 1 107
152448 3 400
153155 3 522
153308 2 1051
153662 1 650
154221 1 653
155002 1 921
155911 2 640
156825 1 652
157453 2 501
157856 3 628
158360 1 159
158576 1 98
158597 2 87
158782 2 80
159793 1 1044
159833 1 123
161409 3 843
161610 1 1324
162224 2 86
162357 2 76
162359 1 64
162788 1 1230
162828 2 754
163058 1 386
163219 1 107
163240 1 278
163297 1 392
163343 3 517
163846 1 793
164557 2 766
164677 3 334
164723 1 529
164785 1 98
165305 1 612
166369 1 535
167133 2 553
167542 2 1017
167602 1 494
167641 5 1114
167698 1 554
168079 1 436
168287 1 183
168461 3 174
168752 1 390
169062 3 275
169192 1 559
169680 11 348
169810 7 294
169981 1 517
170147 1 702
171598 1 130
172451 3 84
173568 10 342
173587 2 1270
173592 2 397
173611 1 1135
174017 2 633
174194 1 662
176129 3 226
179273 6 869
181702 1 181
186004 1 154
186026 1 109
189302 3 184
190674 5 1193
192167 1 120
192981 1 96
193081 1 122
194793 2 98
202365 1 112
207161 1 96
209877 1 127
213068 2 4052
217507 2 131
218266 1 97
219241 2 127
224712 5 130
224767 1 421
226800 2 92
230861 2 124
231728 4 384
232222 4 386
232314 1 689
233748 7 793
234231 2 635
234979 3 158
235977 1 256
236101 2 281
236103 5 280
236448 7 152
236569 49 1170
237162 1 222
237657 6 2992
237753 1 883
238055 2 162
238371 5 1438
238462 1 144
239430 1 118
239840 1 239
240357 1 947
240664 2 112
240827 2 1523
241002 3 2301
241191 1 186
241223 1 291
241526 1 346
242203 1 767
242554 1 380
242797 54 7898
243828 1 9735
244046 3 1225
244243 5 321
244503 2 3247
245341 1 1631
245362 2 1467
245722 1 32503
245811 9 3986
246144 2 604
246625 1 1524
246761 3 3964
247175 5 434
247209 53 48787
247961 1 388
248496 1 1743
248562 1 40310
248763 2 1103
249540 2 3731
249570 40 33965
249993 4 9677
250514 2 124
251740 1 6421
252154 3 29717
252474 29 81579
252921 27 52519
252986 67 40464
253468 1 492
253593 54 171848
254108 19 174176
254858 1 141
254871 10 36421
255691 22 3597
255735 1 4636
255986 1 12990
256687 6 11982
257505 1 187
257795 1 85
257808 8 6540
257812 17 103213
257892 4 6206
266607 4 360
266608 6 484
266609 4 175
268070 1 291
268076 1 346
268078 1 320
268079 6 304
268085 1 161
278524 1 361
280152 2 395
280155 2 385
280162 1 400
280166 1 396
281109 2 547
285846 2 255
288660 1 199
296038 1 316
296057 1 315
296068 1 298
303823 1 333
307611 1 576
315187 1 120
316661 1 215
317242 3 52
317378 1 32
320638 1 31
320872 3 530
321121 4 248
321331 1 135
321365 1 116
321693 1 53
322058 8 132
322297 7 145
322419 3 120
323146 2 404
324831 1 28
325603 4 401
325606 4 34
325696 2 114
326205 2 87
327283 9 491
327540 1 76
328218 1 84
328341 1 102
328648 1 196
328882 1 231
329240 1 1000
329308 2 494
329343 1 65
329544 3 327
329601 4 518
329605 5 150
329609 3 601
329711 2 337
329884 3 494
330310 3 127
330381 5 240
330977 1 181
331400 6 688
331725 1 300
332450 2 317
333234 2 354
333244 3 210
334084 2 218
334911 1 57
337928 2 276
338582 2 80
338663 2 55
338736 1 36
338787 11 363
340699 6 412
341763 6 113
342240 2 627
343787 4 189
345062 1 32
345762 1 235
348246 3 255
348398 1 327
348874 2 95
350402 4 463
351510 2 359
351636 1 318
351798 1 900
351835 1 286
352211 1 180
353383 2 41
353793 1 143
354663 1 614
356434 4 244
356703 5 330
361185 2 72
361201 1 41
361418 2 524
365222 1 211
365659 1 71
367736 1 228
368238 2 337
368324 4 389
368325 1 256
368344 1 358
369361 4 312
371814 2 237
372665 5 217
374054 4 283
375534 5 178
375770 2 163
376461 1 134
376470 1 164
376989 6 161
377219 9 639
377233 1 36
377399 2 51
378947 2 453
379051 5 623
379397 1 82
379523 8 608
379524 3 490
379526 1 701
382107 3 293
382133 1 130
382538 3 101
383391 2 184
383451 1 65
385706 5 140
385881 4 136
386184 2 97
386427 1 170
389072 1 132
389137 2 227
389348 3 166
390825 2 60
391445 1 750
391504 2 350
391877 7 349
392748 2 504
392749 6 866
394017 3 556
394020 9 406
394339 3 228
394574 2 74
395118 1 244
396932 1 163
397736 5 310
398434 1 415
399380 2 714
399413 1 395
399661 1 270
399767 5 248
400040 3 53
400100 2 99
400604 2 78
401049 3 540
402163 5 1163
402703 1 82
403006 1 148
403173 1 266
403257 1 133
404516 1 396
408113 1 303
408305 1 199
409377 1 372
412994 7 664
412995 1 419
412996 8 603
412997 1 137
413004 6 463
413051 5 330
413240 7 307
416915 2 269
417182 6 294
418328 5 281
418367 2 87
418646 3 129
418650 4 253
419119 3 179
420965 2 47
421726 2 51
423736 1 48
424468 2 48
425676 4 289
429134 1 391
430107 1 55
431925 1 192
433200 1 280
433273 5 521
433325 3 358
433477 2 341
435164 1 48
435893 1 277
437566 1 739
437971 1 180
438880 1 432
441291 2 563
441520 2 277
441555 1 500
441602 3 254
441846 1 114
442064 6 387
442398 5 344
444733 3 263
445707 5 214
445819 7 269
446198 1 180
446476 3 261
447960 2 213
447965 2 259
448246 1 368
448307 2 342
448475 1 192
449378 1 71
449385 1 258
449405 2 181
449756 1 567
450011 2 260
451675 4 165
453665 6 89
453677 3 55
456702 1 44
458160 5 137
458919 3 136
459460 2 305
463109 5 280
465272 13 227
470692 1 663
473928 6 328
474180 2 168
476042 2 183
476822 1 83
477740 1 193
478865 1 247
481634 1 212
482490 1 309
483983 1 771
486196 2 245
486603 4 947
487168 4 208
488133 1 269
489884 1 251
490594 1 405
492248 1 476
492707 6 296
494682 1 44
495126 8 260
495130 6 215
496745 13 550
498608 2 141
498865 2 226
501357 8 512
502100 1 429
502107 1 272
504493 2 214
504743 4 88
505198 2 233
507142 13 1078
509268 1 127
510650 9 271
511186 1 361
511453 2 142
511766 1 485
512188 1 334
512522 1 279
515715 1 94
515763 5 109
516162 3 296
519651 1 82
519736 1 160
519914 2 94
520122 3 62
520546 4 272
520743 2 201
521310 1 76
522271 1 115
522310 2 104
522346 2 254
523115 4 98
523534 15 723
524361 1 54
524371 2 81
524568 1 37
524578 2 64
281 2 411
693 11 351
887 1 328
1329 12 569
1438 11 573
2417 2 401
2466 1 293
3685 2 123
4367 8 415
4571 5 360
4839 8 394
5679 1 593
6254 1 351
6321 2 356
7512 1 233
8183 1 250
8293 3 364
9453 1 471
10038 1 394
10406 1 525
10521 1 530
10794 1 289
10923 3 431
11138 1 287
11766 1 468
12361 1 340
14367 4 611
14847 1 166
15739 1 232
15775 1 321
16112 3 181
17395 2 369
18169 1 187
18432 1 470
18521 1 425
18607 1 467
18873 1 584
18901 1 166
19107 1 378
19309 1 372
19491 1 336
20153 1 272
20208 3 160
20339 1 226
20489 6 533
20897 5 379
21395 1 246
24086 4 119
24585 4 458
24721 4 457
25702 1 562
27031 6 386
27071 3 247
27272 3 575
27900 1 357
27918 1 493
28234 1 564
28345 1 538
28370 2 379
28582 2 620
28669 1 437
29792 4 495
31532 1 339
32220 1 247
33618 6 732
34117 2 315
34807 1 209
35016 1 434
35447 2 384
36097 1 232
36705 1 253
36753 1 404
37100 4 358
38181 2 451
38643 6 572
38876 1 384
41491 1 335
41935 1 184
41981 4 212
42128 2 353
42828 2 349
44370 1 128
44884 4 495
45202 2 380
45299 1 118
46560 3 356
48044 1 304
48848 1 514
49102 1 455
49170 4 311
49242 2 390
49476 3 252
49528 6 273
50405 1 133
50990 2 612
51079 6 450
52272 1 324
54202 8 590
54440 5 439
54447 2 536
54675 4 558
56131 2 536
56988 1 343
57237 2 482
57727 1 532
58735 4 341
60881 1 283
61408 4 358
61411 5 216
62760 3 388
62981 1 222
64348 4 123
65552 2 588
68881 1 213
69359 1 566
69435 1 284
70845 3 435
70936 1 205
76714 1 264
77083 1 513
79198 5 319
79565 13 485
81743 5 17514
83731 2 11826
85368 150 74892
85481 122 70500
85645 550 153229
85773 197 82661
86034 227 48792
89818 1 16295
92556 8 26842
93654 11 102204
94875 18 14566
95032 1 1607
96051 1 78869
96136 8 20896
96187 1 822
100120 1 909
100255 6 457
100338 1 72
100578 1 285
100692 1 436
100714 2 444
100753 1 592
100813 1 708
101486 16 733
101545 9 476
102063 1 411
102101 1 436
102382 3 480
102631 1 392
102638 1 651
103068 8 943
103079 2 1145
103274 14 1309
103472 4 739
103902 2 564
103965 6 1065
104027 1 1648
104068 9 599
104069 1 388
104218 2 402
104305 1 356
104374 3 530
104455 3 495
104550 1 540
105056 3 74
105237 1 297
105269 9 4204
105505 3 397
105793 2 741
106214 9 959
106257 3 704
106289 4 1562
106382 2 293
106513 1 480
106703 1 58
106923 10 1014
107077 3 571
107131 1 309
107347 4 926
107363 3 510
108031 5 161
108083 3 541
108151 4 103
108387 5 1679
108488 1 540
108658 5 429
108679 2 493
108690 1 492
108710 1 186
108912 2 891
109439 2 530
109495 11 1066
109632 4 576
110157 1 864
110468 1 480
110492 1 332
110511 1 1724
110610 6 231
110803 1 658
110898 1 124
110900 7 142
110926 1 562
110927 1 64
111093 1 530
111103 3 1039
111151 31 722
111267 4 1589
111407 5 486
111654 1 607
111925 3 595
112003 2 512
112724 3 555
113008 1 421
113120 2 409
113274 4 85
113493 24 1309
113696 3 430
113705 3 719
113781 1 403
113846 1 450
114041 3 910
114274 4 561
114281 1 741
114370 2 105
114393 5 540
114559 1 325
114565 1 1251
114569 15 1158
114685 4 343
114743 30 1846
114839 1 480
114863 15 1262
114877 22 1259
114885 2 553
115107 7 492
115333 2 786
115341 4 523
115393 2 642
115403 2 1156
115551 1 137
115764 1 180
115888 2 355
115903 4 861
116065 2 409
116140 5 879
116145 1 43
116219 6 762
116257 8 1372
116284 2 508
116412 1 495
116436 1 318
116708 21 1410
116896 14 483
117076 3 720
117084 4 532
117355 12 877
117606 5 929
117680 4 479
117764 5 111
118034 1 325
118053 8 716
118103 1 758
118196 4 443
118210 5 800
118845 1 112
118873 8 131
119225 3 292
119440 7 468
119515 2 484
119543 5 810
119682 3 962
119698 7 5402
119757 1 496
119826 1 125
120241 1 395
120260 4 1374
120350 1 132
120541 2 401
120566 1 62
120985 7 241
121094 1 75
121103 2 855
121390 2 147
121486 1 581
121587 1 1133
121650 1 487
122060 1 160
122204 4 754
122270 2 49
122302 2 949
122709 4 747
122741 3 489
122985 12 982
123048 3 197
123109 1 1132
123331 5 637
123381 12 1230
123386 11 622
123496 1 268
123558 11 1017
123609 3 134
123673 1 533
123793 5 766
123897 4 1317
123951 1 678
124056 11 1214
124095 9 691
124233 3 568
124305 2 2625
124343 1 425
124681 5 967
124895 4 1062
125014 1 1252
125239 1 138
125257 12 1038
125346 4 144
125430 2 840
125603 10 1115
125604 1 670
125881 1 59
125966 2 326
126199 1 440
126443 2 491
126470 2 531
126558 3 587
126611 5 911
126614 2 383
126662 1 662
126663 6 1332
126819 1 299
126936 1 557
126962 11 1116
127157 1 478
127608 5 130
127653 4 496
127701 1 124
127741 4 635
127744 11 1108
127799 12 863
127870 4 636
127875 12 1043
127876 1 443
127900 10 815
127994 16 1274
128220 14 1091
128325 1 520
128491 1 463
128492 9 539
128504 2 1246
128505 1 313
128567 1 295
128635 1 554
128788 12 457
129063 1 79
129111 1 566
129143 2 130
129294 1 141
129774 1 704
130097 2 211
130147 14 642
130206 3 1331
130262 1 394
130725 1 724
130972 1 265
131659 1 648
131667 1 608
131876 3 949
132783 2 493
132834 3 512
133103 2 471
133116 1 461
133146 2 124
133710 2 771
133945 1 341
133946 1 802
133947 1 538
134202 9 1327
134349 3 448
134817 12 797
134977 3 680
135012 1 493
135274 1 370
135687 3 1660
135886 1 523
136403 2 531
136535 1 166
136668 1 691
136778 1 375
136846 2 288
137046 1 247
137227 1 70
137230 4 612
137241 1 462
137242 1 751
137272 5 619
137410 2 448
137804 2 417
137858 2 57
138100 1 486
138172 1 570
138293 1 317
138307 3 787
138427 1 311
138447 2 124
138481 1 157
138535 1 552
139017 1 1260
139357 1 494
139417 3 843
139434 3 123
139518 2 382
139674 5 577
139802 4 508
139827 1 709
139978 2 252
140198 3 1299
140383 3 490
140424 2 549
140527 1 1116
140606 5 385
140657 1 456
141069 6 717
141438 1 188
141530 5 672
142270 5 1298
142515 1 1173
142582 1 562
142633 3 576
142768 5 487
142879 1 393
143172 5 482
143536 1 680
143968 1 543
144552 2 373
144596 1 1239
144831 14 713
145048 2 525
145090 2 755
145186 3 703
145491 4 483
145706 2 400
145802 1 635
146801 1 77
146809 2 279
146821 7 602
146852 5 930
146978 4 552
147131 1 416
147133 2 9616
147350 1 830
147942 2 670
147946 1 454
148076 1 511
148729 2 739
149123 1 658
149254 9 578
149395 3 584
149657 4 700
149730 1 541
149914 12 808
149993 3 641
150023 3 1009
150337 1 534
150454 1 872
151080 3 400
151154 1 151
151326 7 504
151385 4 1141
151693 4 111
151905 2 606
152042 14 561
152147 3 1217
152189 1 153
152311 1 747
152448 1 400
152930 5 401
153059 1 720
153128 1 298
153155 1 522
153242 1 415
153308 3 1051
153309 1 462
153498 1 847
153662 4 650
153756 4 514
154013 2 1541
154221 2 653
154234 1 658
154250 2 425
154329 1 196
154561 5 873
155002 2 921
155089 1 687
155364 1 244
155698 1 465
155714 1 676
155911 3 640
156483 1 301
156825 4 652
157339 2 635
157453 1 501
157547 3 676
157728 3 513
157856 2 628
158210 9 716
158286 2 967
158360 2 159
158389 3 891
158509 7 640
159154 2 684
159160 3 10016
159267 2 455
159396 1 270
159449 1 663
159793 2 1044
160095 1 265
160940 2 525
160976 1 458
161298 2 491
161409 2 843
161417 1 700
161493 1 196
161610 2 1324
161642 1 428
161692 5 736
161941 3 743
162142 1 212
162776 5 500
162788 1 1230
163058 3 386
163200 1 513
163343 6 517
163593 15 587
163594 1 1165
163810 1 793
163846 4 793
164027 5 582
164149 1 483
164357 5 2679
164425 1 601
164510 5 697
164557 4 766
164650 1 325
164677 2 334
164723 4 529
164754 6 423
164900 5 293
165015 1 116
165026 1 468
165206 1 460
165305 2 612
165331 4 1360
165356 1 1365
165407 1 442
165491 1 434
165558 2 3433
165583 1 437
165918 6 771
165926 16 1835
166016 4 477
166158 1 426
166418 2 509
166458 1 419
166723 1 747
166895 1 430
167107 2 469
167133 5 553
167184 1 393
167382 2 553
167542 5 1017
167612 2 420
167641 9 1114
167830 1 832
167868 2 712
167973 3 428
168286 1 431
168375 3 455
168461 4 174
168573 3 472
168840 1 506
168959 1 422
169062 2 275
169168 1 496
169192 2 559
169334 2 496
169509 3 470
169606 1 405
169782 1 525
169981 4 517
170350 2 484
170736 3 441
170972 1 472
171394 2 436
171659 1 453
171876 1 524
171913 2 453
171925 2 616
172362 3 422
172408 1 549
172420 4 650
172444 1 391
172479 4 327
172731 2 402
172878 2 410
173223 1 424
173385 3 430
173587 3 1270
173592 2 397
173611 1 1135
173861 3 379
173938 2 407
174017 4 633
174099 2 432
174194 3 662
182773 1 75
188576 1 705
190495 1 135
190674 3 1193
194793 1 98
195339 1 738
203167 1 116
212583 1 273
213068 1 4052
215622 2 640
224969 1 126
226701 2 89
231728 1 384
232222 1 386
232314 5 689
233748 2 793
233988 6 1764
234231 15 635
234979 1 158
235977 1 256
236103 2 280
236141 1 640
236569 1 1170
237162 2 222
237657 18 2992
238055 1 162
238371 7 1438
238534 10 11431
239840 1 239
240357 8 947
240827 3 1523
241002 32 2301
241298 14 373
241526 2 346
241537 1 1080
242203 1 767
242683 1 7275
242797 30 7898
243397 11 3978
243727 24 11576
243828 24 9735
244046 1 1225
244243 2 321
244295 11 43543
244503 18 3247
244515 146 137580
244798 5 24677
245341 1 1631
245362 1 1467
245722 13 32503
245811 2 3986
245997 4 17567
246144 3 604
246625 21 1524
247153 4 17318
247209 279 48787
247400 3 13116
247469 44 160821
248496 25 1743
248562 336 40310
248763 1 1103
248930 3 5041
249098 1 2584
249570 126 33965
249993 24 9677
251485 8 29531
251740 38 6421
251800 20 24372
251946 1 2878
252154 74 29717
252474 569 81579
252921 231 52519
252939 5 4993
252986 134 40464
253061 3 10802
253468 1 492
253593 887 171848
254108 1180 174176
254871 114 36421
255476 15 44402
255538 15 16755
255691 3 3597
255735 10 4636
255986 78 12990
255996 5 5015
256040 1 3662
256526 3 5063
256605 2 11662
256687 97 11982
256985 2 4915
257636 4 5584
257808 4 6540
257812 827 103213
257892 17 6206
272295 1 354
280155 2 385
280162 2 400
307759 1 642
315187 1 120
315235 1 740
316661 2 215
320336 10 510
320872 2 530
321121 1 248
322297 1 145
325603 7 401
327283 1 491
327540 1 76
328882 6 231
329240 11 1000
329544 2 327
329601 3 518
329605 1 150
329609 14 601
329711 1 337
329884 2 494
330217 1 353
330402 1 1114
330977 1 181
331725 1 300
332439 3 650
333244 2 210
334084 1 218
334400 1 254
336902 1 466
337928 3 276
341186 5 103
342240 2 627
348246 2 255
348398 1 327
351489 4 254
351510 2 359
351636 2 318
351798 4 900
351835 4 286
354663 2 614
356703 1 330
367435 1 147
368298 1 370
368324 2 389
368325 1 256
371814 1 237
375770 1 163
378947 2 453
379523 1 608
389348 1 166
390247 1 385
391445 6 750
392748 5 504
392749 11 866
394017 1 556
397736 1 310
399380 2 714
399413 1 395
401049 4 540
402163 4 1163
408113 2 303
410170 2 217
418328 1 281
428643 1 513
429134 2 391
433200 2 280
433273 9 521
433325 2 358
437137 2 1205
437566 10 739
441520 3 277
441558 1 843
441846 1 114
442061 1 256
442064 1 387
444733 1 263
446198 1 180
446476 1 261
447965 1 259
448246 2 368
448307 3 342
448338 1 835
449385 3 258
449405 2 181
449756 1 567
450263 1 231
461780 1 227
462146 1 854
462289 1 200
462967 1 124
470692 1 663
473469 2 637
476042 1 183
483983 2 771
486603 2 947
488138 1 61
489846 1 642
489884 1 251
489896 3 1066
497097 1 342
501357 3 512
502191 2 666
502980 1 565
504493 1 214
507142 2 1078
507277 2 311
508097 2 244
512188 3 334
520014 1 811
521391 2 542
522271 1 115
522346 3 254
523534 2 723
