210 1 311
611 5 287
1276 5 318
1289 1 278
1452 1 207
2285 1 572
3478 2 219
4581 1 369
4659 2 299
6531 1 225
7663 1 489
7668 1 597
7820 2 264
7875 1 265
8461 1 221
8478 5 458
8744 1 411
9246 4 279
10251 1 478
11131 1 389
12884 1 434
13154 2 270
13454 1 317
13618 1 264
13625 1 340
14188 1 304
14651 1 510
14663 2 489
14895 1 332
15382 2 319
16611 1 178
17033 1 323
17294 2 288
17594 1 195
17732 1 336
18557 1 450
18640 2 475
18749 1 422
19702 2 463
19747 7 401
19802 1 110
20390 1 174
21416 1 359
21621 1 350
22347 3 300
22878 1 328
23790 6 307
24409 3 401
24618 1 399
25235 1 355
25257 1 324
25511 1 405
28016 2 200
28886 1 315
31262 1 145
32389 1 218
32796 1 263
32934 2 451
33529 1 384
34323 1 439
35450 1 390
36339 1 259
36439 1 342
37602 3 123
37750 1 647
40110 3 432
41377 1 258
41426 1 411
43236 1 435
43380 1 415
43418 3 250
44270 1 280
44631 3 440
45286 2 354
45353 2 862
45467 2 352
45497 2 376
48045 1 434
48242 1 300
49734 2 161
49751 3 317
50737 4 640
51588 2 406
51814 1 383
52752 1 175
52762 3 286
53145 4 609
53388 2 295
53562 1 365
53717 3 540
53767 4 593
54059 2 313
54152 1 363
55838 1 275
56196 1 573
56435 1 1111
56754 1 324
56857 3 295
56903 1 335
57060 2 314
57115 2 304
58191 1 396
58266 1 568
58360 1 852
58425 1 373
59231 2 263
59282 1 311
59822 1 300
59890 3 186
60798 1 463
60998 2 544
61390 1 349
62325 1 356
62423 1 452
63382 2 468
63415 1 237
64308 1 242
64486 1 259
64507 3 99
65872 1 672
66224 2 591
68073 3 379
70750 1 588
71314 4 363
72292 1 382
72293 1 635
72513 1 253
72910 3 389
74290 2 340
75356 3 579
75612 1 215
75693 7 441
75827 1 180
78083 1 145
78240 1 666
78352 1 249
78434 2 455
80062 16 7652
80645 12 4945
80695 33 5927
80950 3 4789
81100 2 438
81505 10 6561
81603 40 9651
81607 22 28467
81647 3 1045
82261 1 1565
82267 14 14641
82370 1 12043
83140 33 6001
83270 33 5552
83320 25 4074
83634 2 9224
83674 1 13400
83731 1 11826
83931 9 2515
84348 2 17313
84459 32 6371
84608 4 1259
84644 6 2467
84701 1 5344
85089 1 3572
85211 48 9059
85368 9 74892
85370 3 3256
85481 21 70500
85638 2 2332
85645 74 153229
85773 53 82661
86034 12 48792
86220 33 22240
86264 1 1225
86753 619 173871
86971 1 2528
87298 12 15858
87807 11 14758
87952 5 3520
88123 9 4932
88356 1 5606
88357 3 1499
88358 2 1569
88359 6 1678
88418 5 8790
89412 8 2519
89432 20 38895
89464 1 2943
90181 10 24998
90764 7 2302
90783 30 22898
90853 3 2258
91250 19 3801
91307 8 36764
91518 1 2058
91787 10 10821
92069 22 1351
92166 72 64088
92188 16 64658
92307 72 64087
92329 16 64673
92450 12 12842
92609 159 24495
92722 1 1471
92961 6 11521
93109 1 836
93654 31 102204
93709 2 392
93895 1 1233
94284 25 72168
94735 1 1366
94863 36 18144
95159 19 3599
95560 335 26520
95564 55 10854
95656 30 10014
95833 5 2722
95842 15 5648
95949 2 15650
96027 4 30491
96037 13 46291
96041 4 32603
96049 5 78606
96063 2 37082
96136 3 20896
96305 48 38919
96307 1 5691
96424 30 38462
96682 19 2063
97059 35 9334
97113 9 1690
97252 10 1872
97368 1 800
97725 15 10756
98193 3 2343
98366 3 1223
98437 28 5475
99661 16 1672
99679 4 1537
100090 1 661
100179 2 378
100206 1 77
100278 1 695
100568 4 444
100724 1 500
101043 1 494
101292 1 384
101367 1 1091
101838 2 671
101840 2 1095
102313 1 873
102402 2 1501
102414 1 957
102761 1 565
103221 1 445
103544 1 1818
103712 3 963
103825 1 242
103946 1 930
104027 1 1648
104093 9 442
104390 1 654
104875 1 158
104877 2 484
105352 1 152
105370 6 350
105953 1 662
106261 1 815
106280 1 635
106631 1 178
106669 2 547
106849 1 633
107379 1 886
107514 1 386
107679 2 452
107711 1 281
107719 1 501
107809 1 520
108707 1 1661
108822 1 1020
108945 1 518
109427 2 607
109598 2 1135
109934 1 718
110056 1 696
110560 2 657
110803 1 658
110970 1 628
110971 1 259
111157 1 993
111795 3 452
112048 1 500
112144 1 596
112546 1 661
113088 2 482
113677 5 517
113875 1 661
114447 2 509
114585 4 160
114982 1 470
115158 1 69
115165 2 127
115306 1 575
115620 4 1320
115737 1 666
116087 8 585
116153 1 390
116414 3 656
116684 2 967
118060 4 494
118082 2 569
118256 1 448
118402 1 225
118462 4 315
118541 1 167
119190 2 1309
119559 1 513
119687 1 1367
119698 7 5402
119977 4 419
120356 2 532
121021 2 375
121110 2 787
121255 1 144
121505 1 965
121666 1 653
121695 1 61
121730 1 433
121982 1 1071
122151 2 411
122214 2 1518
122274 1 478
122729 1 551
123113 4 239
123148 2 627
123230 2 883
123247 1 489
123430 1 468
123524 1 134
123920 1 473
123951 5 678
124140 1 392
124336 1 406
124343 1 425
124578 2 495
125570 2 438
125797 1 483
125838 1 201
126043 5 410
126502 5 197
126536 1 703
126644 2 1236
126808 2 817
126849 1 415
127066 5 144
127243 1 119
127725 8 466
128254 1 95
128325 2 520
128479 10 1174
129296 3 633
129310 1 88
129440 9 459
129466 1 683
129972 2 492
130304 1 760
130312 5 537
130338 1 1422
130376 5 479
130868 1 859
131017 3 450
131367 1 183
131853 4 680
132049 3 583
132136 13 639
132371 1 466
132690 1 516
133847 1 811
133955 3 575
133956 2 487
134664 5 501
135075 3 525
135172 2 475
135931 1 256
136190 1 298
136537 1 218
136847 3 492
137016 4 489
137223 2 343
137516 2 649
137614 1 774
137792 1 512
138067 2 218
138092 2 677
138307 1 787
138348 1 348
138577 2 436
138944 2 360
139115 1 759
139129 1 358
139234 2 476
139306 1 517
139307 1 619
139391 1 180
139440 4 602
139789 1 467
139904 2 209
140083 3 912
140108 2 146
140163 1 512
140305 1 131
140622 1 675
140994 1 735
141219 2 569
141463 3 519
141828 3 509
141852 1 543
142267 1 335
142460 1 487
143090 2 377
143309 1 506
144502 3 783
144838 1 107
144886 1 486
145141 1 468
145233 1 177
145960 1 394
146001 1 901
146026 1 596
146327 6 881
146396 1 150
146689 3 709
146806 2 456
147311 2 661
147817 1 714
148033 1 697
148187 1 643
148354 2 339
148517 1 270
149270 1 676
149832 1 89
150087 2 478
150269 1 70
150336 2 662
150508 2 302
150674 1 326
150934 1 766
151235 4 1044
151270 1 207
151315 2 403
151479 1 460
151697 2 614
151753 2 750
151905 1 606
151941 1 808
152091 1 327
152616 1 895
152794 4 699
153056 2 509
153202 1 530
153997 1 275
154151 1 220
154202 1 549
154412 2 348
154856 1 267
155144 3 1434
155244 1 461
155740 1 229
155765 2 1091
155897 3 1411
155925 7 545
155937 2 801
156024 4 688
156054 1 178
156237 7 722
156492 2 498
157232 2 746
157347 1 314
157908 2 443
158137 1 587
158225 2 651
158297 3 185
158800 7 1670
159111 1 776
159226 1 379
159498 1 532
159639 2 437
161021 4 1875
161267 1 641
161500 1 740
161808 1 109
162739 2 562
163011 1 599
163057 1 647
163150 1 578
163272 1 242
164045 1 795
164199 1 607
164364 1 441
164567 1 1694
164728 6 825
164818 1 287
165263 3 823
165317 13 607
165617 2 713
165700 3 292
165777 3 226
165908 2 1375
166028 1 400
166104 1 950
166157 1 701
166276 1 896
166457 1 82
166466 1 545
166599 1 336
166668 2 740
166709 2 367
166881 1 657
167172 1 722
167444 1 762
168092 1 901
168150 1 326
168524 7 486
168561 1 790
168838 4 1704
168973 1 575
169148 3 1250
169819 3 578
170198 1 459
170344 1 477
171204 3 119
171215 1 83
171890 1 307
172422 2 2130
172465 11 408
172839 1 798
172915 1 437
173035 8 675
173636 3 401
174260 2 524
179308 1 163
182130 1 350
184192 4 6108
195218 7 7187
200689 1 4029
209056 1 515
211141 55 3957
213271 1 1010
216459 2 110
225330 2 246
225331 2 3795
230385 2 6061
231149 1 951
231224 1 304
232308 1 272
232394 5 2279
232540 2 1093
232711 2 1496
233130 1 313
234068 1 3717
234128 1 333
234364 2 4366
234375 4 754
234802 1 1046
234881 3 4494
234947 1 821
235348 1 1092
235671 3 304
235893 1 1277
236099 1 1688
236351 1 1732
237041 2 687
237205 1 1991
237392 2 1837
237546 1 319
237977 1 2203
238179 34 4925
238300 4 1911
238974 1 2488
239238 1 490
239857 1 1884
240366 29 117963
240453 1 1804
240467 3 1874
240705 1 2296
240782 2 709
240854 1 252
241785 1 373
242025 2 675
242704 8 8141
242727 1 351
242776 12 40213
242798 2 7378
242814 1 280
242868 20 16984
242949 1 6027
242953 3 9072
242955 8 34181
243132 2 8410
243227 2 4804
243248 94 97794
243328 58 30540
243565 4 14930
243568 3 51992
243743 6 32782
243794 6 3147
243828 4 9735
244000 10 5203
244049 1 4771
244051 1 2237
244295 10 43543
244515 7 137580
244864 1 15155
245011 2 10535
245029 19 93035
245065 4 28651
245082 1 5087
245449 6 35219
245722 5 32503
245986 2 12763
246003 11 79294
246185 2 16049
246220 46 47306
246280 5 10199
246381 1 3165
246521 4 8981
246526 1 15571
246610 6 29250
246630 1 2523
246674 4 19215
246695 4 65027
246816 3 3709
246889 3 3384
246923 4 8941
246926 1 1211
246930 2 9288
247081 10 4277
247400 2 13116
247406 4 42749
247469 78 160821
247516 1 17927
247517 3 40187
247550 31 255154
247731 2 9771
247747 2 7689
247779 1 9554
247826 2 14203
247829 1 2096
247951 2 19772
248335 1 39898
248480 23 20931
248562 21 40310
248610 30 211360
248712 3 11964
248793 2 3299
248809 5 45708
248819 45 1761
249076 5 36189
249151 5 38079
249329 2 41571
249345 2 4977
249392 1 4501
249595 2 3022
249740 52 228328
249815 1 4615
249883 4 10505
250052 1 4299
250059 22 37994
250073 5 19941
250533 1 14895
250681 1 125
250718 1 426
250720 2 4584
250893 8 42856
251022 3 165
251027 3 42465
251085 3 15468
251158 2 5819
251367 1 1005
251485 8 29531
251525 3 18764
251535 1 2322
251716 1 11851
251758 1 4237
251923 3 4730
252474 9 81579
252554 2 13441
252555 8 27002
252924 2 17447
252986 2 40464
253018 108 331696
253067 77 104143
253160 1 1665
253203 2 33726
253259 1 26507
253311 1 35432
253557 10 37233
253588 1 13837
253593 8 171848
253795 4 27039
253797 42 4139
254108 8 174176
254240 4 25265
254379 3 9858
254689 1 21372
255069 4 17727
255126 2 3632
255155 1 11710
255289 50 51128
255291 40 16491
255417 4 27737
255476 6 44402
255609 8 22114
255777 7 64507
255823 1 21270
255830 14 84137
255965 1 3084
255984 2 3769
256043 2 19276
256283 5 34425
256286 7 24252
256535 1 14359
256604 8 37731
256624 3 10461
256715 1 3781
256847 1 24054
256961 2 3512
257133 4 26221
257190 3 132
257193 8 35712
257197 2 7132
257201 2 10688
257219 7 4662
257312 4 16694
257316 2 7366
257344 12 45609
257345 17 89736
257408 1 1373
257812 14 103213
257865 6 35772
257951 2 21143
258145 22 25755
258158 3 13508
258361 5 26906
258374 5 9000
258485 43 13912
258559 80 52150
258719 1 8709
258799 1 1641
259009 7 4817
259062 7 8707
259174 77 19382
260369 20 347
260372 13 849
260430 3 666
260787 393 55438
260841 1 405
261396 22 554
262633 2 1768
262893 1 212
264437 2 529
264438 3 475
264466 2 462
267060 1 385
267395 1 400
267401 3 488
268236 2 1687
269021 1 350
269262 7 2473
269508 4 3061
269591 1 313
270878 6 3608
271373 5 288
271406 1 286
271850 11 20008
272746 4 213
273959 6 2367
274499 1 351
275529 8 664
275595 14 537
276332 1 433
278904 4 351
279396 6 1690
279498 9 646
279505 2 369
279511 3 570
279527 3 543
280755 26 32241
281495 1 444
282350 2 530
282784 1 527
283139 1 687
283380 1 487
285293 3 1881
285683 19 7045
286878 2 245
287638 1 298
288224 7 416
288331 1 331
289000 1 313
289587 1 12899
290919 2 571
290926 2 534
291596 3 1542
291642 9 397
291643 5 496
292835 2 406
292839 2 533
292842 5 411
292843 2 430
292844 1 506
292849 2 476
292857 5 411
292858 2 430
292859 1 388
293248 5 535
293392 1 723
293416 1 759
293425 2 614
293437 2 762
293438 6 556
293863 26 13257
295413 1 455
295943 9 29903
296279 1 174
297912 5 580
298335 2 1496
298717 5 573
298851 2 2655
298853 5 5030
299500 5 4913
299780 1 376
300146 1 328
300165 1 476
300170 1 541
300446 1 411
300453 1 311
300771 1 333
302973 3 484
304131 1 313
304134 3 277
304136 2 277
304855 4 1419
304902 5 284
305269 9 538
305316 5 458
305896 2 1004
305900 4 1495
305968 6 441
306783 11 11472
306961 1 192
307812 3 1857
308904 1 961
308907 3 623
308918 7 628
308919 1 475
308920 1 369
308926 1 629
308930 3 268
308943 4 417
308944 4 427
308945 1 428
309823 121 32839
311355 14 64459
311791 3 308
312237 19 6232
313142 11 2174
313537 6 1507
314207 1 156
318390 1 109
323161 1 962
323813 1 845
326981 1 468
327204 2 316
327476 1 739
329058 1 995
333793 2 413
334561 1 112
337166 3 234
340511 4 372
341605 2 632
341844 2 334
342087 1 388
342138 2 422
343457 1 361
344546 1 402
346098 1 524
348182 3 1171
348447 1 213
350536 3 255
354028 1 363
354887 2 287
355152 1 184
355160 1 722
355223 1 133
357555 2 266
359828 1 393
360902 1 2011
361742 1 321
362042 1 183
363696 1 348
365458 1 439
365716 1 173
365963 1 38
371162 1 260
371417 1 377
375244 1 484
377489 1 271
378251 1 98
382914 1 201
385279 2 664
390619 1 385
390945 6 215
391305 1 611
392169 2 450
394090 3 367
395165 2 265
396326 1 151
398433 1 800
400464 1 488
400691 1 166
402421 1 528
411000 4 664
412921 1 621
416331 3 310
416497 1 272
419194 1 648
419435 2 591
421128 1 248
421703 1 195
421997 3 1797
426017 1 207
427210 2 207
428963 1 446
430491 1 213
432802 1 194
433507 1 397
433510 1 1043
439465 1 519
441088 1 563
445026 3 162
445285 2 560
445624 3 306
446128 1 597
448716 2 244
450520 1 2483
455709 1 525
462477 1 390
469458 1 210
471152 1 186
476866 3 497
479503 2 499
480853 3 240
481601 3 372
482118 2 213
487224 1 503
488156 1 718
492606 1 355
496034 1 389
497746 1 46
500971 2 446
503917 4 323
504257 1 407
510265 1 128
522089 2 191
210 2 311
211 2 341
499 3 275
870 2 277
1289 13 278
1452 3 207
2012 2 146
2082 1 494
2094 1 373
2285 17 572
2393 2 352
2614 10 520
3478 3 219
3512 1 299
3842 2 321
3988 7 390
4110 1 297
4767 1 413
6972 2 317
7493 2 196
7515 4 214
7663 2 489
7668 3 597
8324 1 347
8478 7 458
8744 4 411
8773 7 339
9246 5 279
10251 2 478
10374 4 226
11131 3 389
11390 2 373
12197 3 491
12884 1 434
13106 1 240
13154 1 270
13203 1 484
13386 3 321
13454 3 317
13625 2 340
14064 2 190
14188 3 304
14260 6 94
14895 1 332
15181 3 374
15201 4 47
15382 5 319
15978 3 322
16584 3 379
16611 1 178
17033 10 323
17259 1 119
17264 2 108
17294 1 288
17594 8 195
17615 3 328
17732 1 336
18557 2 450
18749 1 422
19324 2 382
19775 4 212
20640 1 312
20684 2 314
21152 3 461
21311 5 294
21416 2 359
21599 6 391
21621 3 350
21765 1 220
22402 1 403
22878 6 328
23213 1 273
23343 2 244
24055 1 575
24618 1 399
24623 2 370
24980 2 405
25142 3 279
25234 2 418
25235 1 355
25262 1 348
25817 1 317
26269 1 564
26932 1 504
26935 1 358
27035 10 444
27413 2 209
27441 5 589
27619 4 614
27892 1 493
28184 14 496
28364 1 221
28400 1 988
28712 1 521
28715 4 276
28757 7 922
28886 14 315
29392 1 227
29394 1 143
29415 3 387
29518 3 337
29890 1 323
30036 1 266
30598 1 142
30739 10 303
30827 1 126
30958 5 473
31021 2 407
31262 2 145
31874 1 353
32109 1 236
32258 8 140
32389 1 218
32586 11 327
32796 2 263
32805 3 362
32934 2 451
33524 1 347
34073 4 177
34160 4 389
34369 4 158
34998 1 177
35189 5 423
35407 1 281
35450 1 390
35465 2 500
35466 3 394
37108 1 298
37513 4 405
37750 2 647
38059 4 305
38162 2 434
39943 1 201
40110 3 432
40186 1 303
40690 1 586
40904 4 470
40907 1 580
41790 1 394
43021 2 494
43236 1 435
43380 1 415
43390 2 297
43604 7 231
44029 8 373
44577 1 75
45087 1 221
45745 3 723
45828 1 539
46223 4 88
46268 5 219
46277 1 442
46802 1 341
46818 2 287
46885 2 479
47388 1 360
47464 1 249
47498 1 390
47894 1 195
47922 1 205
48242 7 300
48787 1 438
48974 1 201
49751 3 317
50356 1 414
51814 1 383
51865 4 185
52752 1 175
52762 1 286
53332 3 320
53481 3 384
53562 2 365
53717 2 540
53784 12 402
53785 2 594
54152 3 363
54189 2 419
54207 1 138
54323 1 339
54636 30 469
55838 3 275
56024 2 353
56196 1 573
56435 1 1111
56505 1 480
56596 1 269
56857 1 295
56863 19 664
56903 6 335
56912 3 421
57060 1 314
57115 1 304
57242 1 355
57271 1 455
57278 1 382
57360 4 152
57563 19 507
57742 1 212
58191 1 396
58357 1 200
58360 2 852
58425 2 373
58481 1 472
58505 1 404
58558 1 245
58761 2 195
58774 1 378
58790 1 367
58799 1 352
58801 2 424
59153 1 488
59231 2 263
59282 1 311
59336 2 540
59548 1 384
59822 13 300
59890 2 186
60112 1 143
60884 1 486
61164 1 192
61251 1 224
61259 1 287
61390 4 349
61415 1 257
62325 1 356
62638 1 456
62798 2 343
63415 1 237
63490 1 116
63689 1 310
64007 4 239
64346 1 268
64486 4 259
64492 3 444
64582 4 94
64659 2 177
65265 4 206
65338 3 317
65387 1 143
65710 2 316
65738 3 173
65872 1 672
65906 2 397
65907 2 625
66224 3 591
66479 3 526
66704 5 198
67485 1 543
68073 5 379
68423 2 484
68599 3 451
68745 1 301
68897 5 311
68954 1 355
70356 7 194
71156 2 209
71314 6 363
71352 1 397
71676 2 296
72134 2 273
72293 2 635
72365 3 276
72910 5 389
72927 1 204
73054 2 441
73673 6 125
74290 10 340
74295 23 391
74726 13 330
74803 6 645
74804 8 664
75194 17 349
75261 4 364
75356 1 579
75478 4 545
75612 1 215
75827 1 180
75845 2 264
76635 1 173
76639 5 381
77313 6 522
77316 4 440
77424 3 457
77790 4 563
78240 2 666
78258 7 325
78352 2 249
78576 1 449
78577 2 212
78584 10 484
78831 2 509
79446 1 233
79580 1 281
80062 2 7652
80645 5 4945
80695 1 5927
80708 8 1242
80950 1 4789
81074 2 1330
81099 1 20
81100 10 438
81505 23 6561
81566 8 142
81603 3 9651
81607 1 28467
81622 2 35
81762 2 37
82021 2 34
82023 2 34
82123 14 1753
82261 8 1565
82267 5 14641
82370 4 12043
82885 5 212
83242 1 1281
83320 6 4074
83405 5 212
83634 14 9224
83674 18 13400
83707 6 752
83731 1 11826
83931 10 2515
84348 1 17313
84608 4 1259
84644 4 2467
84701 4 5344
85089 1 3572
85211 2 9059
85224 2 153
85368 7 74892
85370 14 3256
85481 8 70500
85645 65 153229
85773 55 82661
86016 1 32
86034 44 48792
86220 1 22240
86264 9 1225
86409 2 672
86753 380 173871
86970 2 26
86971 12 2528
87220 1 125
87298 45 15858
87311 2 34
87807 11 14758
87952 20 3520
88123 4 4932
88356 10 5606
88357 3 1499
88358 4 1569
88359 4 1678
88408 4 436
88418 2 8790
89403 4 1637
89412 6 2519
89419 2 914
89432 38 38895
89464 10 2943
90007 1 11
90181 15 24998
90764 13 2302
90783 6 22898
90853 3 2258
90907 2 36
90909 2 34
91112 4 2987
91132 2 31
91250 23 3801
91307 27 36764
91518 8 2058
91588 1 466
91593 1 1178
91738 74 23456
91787 25 10821
91889 2 35
92069 15 1351
92188 229 64658
92329 229 64673
92449 2 44
92450 15 12842
92557 2 32
92609 5 24495
92722 5 1471
92961 6 11521
93109 4 836
93654 2 102204
93709 10 392
93895 14 1233
93921 15 2277
94284 148 72168
94735 4 1366
94863 14 18144
95022 11 2600
95159 4 3599
95561 2 31
95564 5 10854
95656 57 10014
95818 1 31
95833 8 2722
95842 13 5648
95949 2 15650
96027 4 30491
96037 340 46291
96041 4 32603
96049 3 78606
96063 13 37082
96136 14 20896
96154 3 18583
96305 26 38919
96424 2 38462
96558 19 7620
96682 12 2063
96867 7 568
97059 33 9334
97113 8 1690
97245 6 1601
97252 1 1872
97368 2 800
97371 1 1733
97725 28 10756
98193 9 2343
98366 1 1223
98524 8 249
98623 7 460
99386 1 5689
99595 5 295
99661 1 1672
99679 16 1537
100179 1 378
100184 2 380
100274 1 165
100568 1 444
100602 4 567
100724 6 500
100847 3 50
101043 1 494
101240 2 213
101292 3 384
101367 4 1091
101475 2 42
101544 1 440
101574 2 461
101838 5 671
101840 1 1095
101995 5 399
102012 4 754
102042 1 433
102313 1 873
102647 1 49
102982 1 286
103554 1 537
103844 7 396
103868 2 121
103978 1 488
103983 2 161
104027 1 1648
104054 2 458
104216 2 39
104289 2 52
104375 1 29
104390 3 654
104634 1 697
104668 1 854
104727 2 647
104875 2 158
105042 2 682
105076 2 710
105090 1 86
105352 3 152
105591 2 46
105737 2 247
105740 3 358
105946 1 482
105962 1 637
106256 3 1131
106261 1 815
106280 3 635
106631 3 178
106812 4 174
106973 2 58
107029 2 111
107239 3 508
107307 4 471
107379 2 886
107679 2 452
107711 3 281
107809 1 520
107857 2 366
107872 2 54
108483 3 1269
108493 6 166
108680 1 44
108703 5 1239
108822 1 1020
108945 1 518
109173 2 529
109598 5 1135
109738 2 140
109814 11 345
110073 2 58
110299 13 413
110560 5 657
110735 1 164
110803 2 658
110885 2 141
110970 12 628
110998 8 597
111044 1 39
111103 1 1039
111157 2 993
111233 1 66
111708 1 49
111739 3 335
111795 2 452
111828 3 162
111924 2 535
111977 1 131
112048 1 500
112471 3 330
112546 3 661
112740 1 131
113323 3 546
113677 1 517
113863 8 636
113875 3 661
114193 2 436
114302 1 42
114353 7 303
114809 1 455
114982 4 470
115249 6 829
115519 5 556
115720 3 468
115983 2 453
116087 3 585
116153 1 390
116242 1 44
116336 4 611
116414 9 656
116435 3 307
116684 2 967
117011 1 43
118082 1 569
118275 1 33
118405 5 847
118462 1 315
118541 1 167
118676 4 467
118682 3 397
118686 2 76
118801 1 781
119061 1 354
119169 2 66
119363 2 71
119515 1 484
119687 1 1367
119958 2 469
119977 3 419
120275 1 361
120585 1 388
120709 5 313
120716 2 177
120741 1 469
121110 1 787
121113 3 266
121210 2 423
121225 1 503
121254 2 341
121280 7 587
121413 2 106
121432 1 1870
121650 1 487
121666 2 653
121799 2 81
121855 5 269
121866 20 441
121982 2 1071
122046 2 150
122151 3 411
122156 2 336
122179 1 560
122214 5 1518
122274 5 478
122391 1 151
122532 2 121
122729 4 551
123148 1 627
123430 4 468
123524 2 134
123633 3 247
123644 2 647
123656 2 629
123782 3 139
123920 1 473
123951 2 678
124140 6 392
124182 2 131
124193 6 542
124336 1 406
124578 2 495
124643 6 478
124753 2 187
125512 2 767
125792 1 558
125797 5 483
126332 1 513
126373 2 70
126470 1 531
126524 1 80
126644 1 1236
126809 2 221
127141 3 1796
127243 3 119
127354 1 640
127403 3 130
127512 2 765
127653 1 496
127664 2 522
128447 1 565
128586 1 509
128662 3 239
128916 2 355
129296 2 633
129466 3 683
129501 1 97
129539 2 44
129568 3 109
129972 2 492
129993 10 450
130304 9 760
130312 2 537
130353 2 119
130409 5 166
130585 2 714
131017 1 450
131379 1 490
131754 1 43
131853 2 680
132049 7 583
132371 2 466
133018 3 560
133136 2 146
133210 2 55
133405 2 585
133628 1 249
133774 2 554
134073 1 431
134092 2 57
134168 9 409
134433 2 161
134461 1 695
134482 1 476
134973 1 158
135172 1 475
135823 1 296
136002 3 468
136087 7 946
136190 5 298
136295 4 163
136334 1 472
136480 2 278
136564 5 310
136565 1 59
136664 1 446
136832 2 1074
136847 1 492
137331 6 429
137372 3 543
137516 1 649
138022 10 809
138307 2 787
138348 1 348
138612 5 748
138742 1 426
139234 1 476
139306 2 517
139307 4 619
139417 2 843
139440 6 602
139789 2 467
139813 1 645
139940 2 126
140305 1 131
140406 3 114
140602 1 690
140622 1 675
140657 3 456
140881 2 770
140994 1 735
141022 2 74
141151 2 67
141281 1 542
141324 2 85
141358 17 449
141655 2 73
141692 3 240
141719 4 439
141794 2 170
141828 1 509
141852 3 543
142123 9 363
142373 3 110
142402 2 790
142428 1 459
142449 2 110
142496 2 576
142582 1 562
142646 2 472
142727 2 521
142840 1 602
143090 2 377
143115 7 527
143309 1 506
144294 1 641
144302 2 797
144393 2 171
144502 2 783
144591 1 165
144596 1 1239
144621 1 295
144838 1 107
144888 5 176
145141 3 468
145212 1 193
145926 1 481
145960 2 394
146178 1 414
146327 1 881
146525 3 280
147269 2 130
147311 10 661
147388 1 669
147886 3 706
148076 1 511
148187 1 643
148313 4 361
148808 5 628
149375 1 68
149380 13 659
149442 3 652
149484 1 180
149507 3 105
149531 1 795
149615 9 568
149782 1 433
149784 3 156
149797 1 731
149822 6 642
150087 4 478
150140 2 483
150332 1 511
150486 5 339
150653 8 553
150813 2 650
150901 2 82
150934 2 766
151299 1 381
151479 2 460
151678 2 496
151697 4 614
151816 2 149
151941 2 808
152091 10 327
152616 1 895
152936 8 784
152939 1 453
153056 2 509
153505 1 186
153882 3 142
153896 7 343
154131 6 512
154202 2 549
154387 1 621
154412 3 348
154431 3 507
154493 2 197
154614 2 349
154781 3 1031
155144 4 1434
155244 1 461
155646 1 770
155707 1 49
155784 3 188
155897 7 1411
155937 1 801
155940 4 1056
155981 2 139
156054 1 178
156071 5 413
156186 2 554
156198 5 559
156443 1 702
156492 11 498
156603 1 611
156728 5 1262
157055 2 109
157174 2 71
157347 1 314
157382 5 677
157468 8 407
157502 4 85
157614 5 532
157720 1 293
157743 1 996
157760 1 762
157908 3 443
158043 2 442
158225 3 651
158253 2 299
158398 1 283
158462 2 143
158646 2 339
158682 10 490
158800 1 1670
158928 2 98
158966 3 152
159111 5 776
159226 1 379
159713 3 104
159735 5 472
160338 1 331
160399 1 1925
160641 10 730
160962 4 477
161021 6 1875
161136 2 716
161267 1 641
161418 3 742
161437 1 512
161500 7 740
161816 1 1976
162093 3 339
162519 3 368
162739 3 562
162764 3 445
163011 1 599
163057 3 647
163150 11 578
163208 1 180
163272 4 242
163284 3 81
163322 10 607
163382 2 61
163431 1 467
163594 1 1165
163853 1 525
163889 2 68
163977 1 836
164151 1 480
164341 1 50
164349 2 69
164364 3 441
164426 1 519
164445 1 557
164567 2 1694
164579 1 529
164728 2 825
164976 2 1480
165263 2 823
165332 7 442
165617 1 713
165700 1 292
165777 1 226
165780 2 87
165908 1 1375
166028 2 400
166104 3 950
166276 3 896
166385 3 149
166466 1 545
166599 1 336
166604 3 188
166905 3 376
167038 1 733
167357 6 356
167608 2 77
168092 1 901
168150 3 326
168205 9 346
168277 1 139
168435 1 1385
168450 2 99
168561 8 790
168838 1 1704
168973 3 575
169453 1 137
169538 7 517
169738 2 64
169819 3 578
169975 1 80
170198 2 459
170344 1 477
170374 8 314
170875 3 170
171041 9 504
171162 1 771
171232 3 133
171248 8 299
171259 2 56
171452 4 442
171599 3 92
171890 4 307
171936 1 83
172839 9 798
172901 1 758
173333 1 154
174003 3 340
174037 1 582
174156 6 689
174176 1 467
174297 1 727
177942 7 2576
178847 4 1772
182130 11 350
184192 23 6108
184959 1 570
189914 6 528
194242 4 441
195211 6 380
195218 87 7187
197989 1 426
199467 1 103
200689 1 4029
204179 2 96
209056 2 515
211141 3 3957
217821 1 121
219882 3 118
220122 2 897
220404 1 660
221188 7 911
225330 1 246
225331 18 3795
229804 1 78
230385 16 6061
230751 1 104
231149 2 951
231223 2 566
231224 1 304
231229 2 159
231405 3 417
231601 4 346
231807 9 1339
231808 2 1498
231822 12 3502
231940 3 738
231948 43 566
232087 17 670
232145 3 1195
232266 8 501
232293 3 718
232308 2 272
232394 18 2279
232406 21 1981
232432 22 514
232435 3 1123
232496 17 838
232540 8 1093
232548 7 1161
232606 1 170
232711 19 1496
232992 1 1122
233128 17 1804
233130 1 313
233311 7 615
233642 2 373
233687 14 1656
233875 2 751
234005 4 144
234068 1 3717
234128 1 333
234197 8 500
234224 3 276
234228 2 738
234283 1 121
234291 3 132
234349 56 1635
234364 11 4366
234375 8 754
234719 2 225
234796 6 1214
234797 13 658
234802 1 1046
234822 9 388
234881 7 4494
234931 1 432
234947 28 821
234971 7 1228
235122 7 1884
235173 3 1621
235327 7 285
235331 2 150
235348 9 1092
235388 1 155
235437 2 451
235445 13 1949
235572 4 291
235661 1 1142
235664 6 1303
235671 5 304
235852 9 1281
235871 2 1452
235893 11 1277
235949 1 473
236009 11 412
236099 9 1688
236351 7 1732
236397 2 333
236682 2 921
236872 2 964
237041 1 687
237081 3 602
237119 4 1016
237205 10 1991
237230 11 2668
237313 1 771
237392 15 1837
237393 16 570
237546 2 319
237923 16 1831
237932 2 1883
237976 13 2326
237977 18 2203
238071 11 445
238300 26 1911
238303 2 1170
238305 36 1105
238468 1 149
238549 53 1271
238560 10 1487
238596 4 267
238629 1 2265
238733 1 1450
238974 9 2488
239087 3 1019
239201 5 1102
239238 2 490
239239 25 2048
239420 13 329
239427 5 1193
239550 2 1303
239565 10 466
239599 8 1175
239622 8 288
239639 7 1009
239714 3 260
239857 34 1884
239930 3 1454
240205 23 3457
240226 4 172
240294 8 1482
240359 3 203
240366 83 117963
240453 18 1804
240462 8 245
240467 2 1874
240705 5 2296
240782 6 709
240791 10 905
240816 22 2160
240854 6 252
240875 20 2267
240974 4 1125
241007 2 491
241075 1 342
241120 5 1005
241134 1 572
241185 10 294
241261 2 393
241265 13 818
241303 1 280
241349 4 598
241568 18 786
241619 5 1050
241785 17 373
242025 5 675
242219 1 164
242288 3 225
242300 1 132
242659 8 11956
242672 42 1618
242727 8 351
242776 6 40213
242798 75 7378
242814 7 280
242868 3 16984
242949 8 6027
242953 12 9072
242955 3 34181
243072 1 157
243132 38 8410
243136 4 3047
243182 1 178
243227 4 4804
243248 40 97794
243328 5 30540
243397 5 3978
243565 97 14930
243568 49 51992
243743 4 32782
243755 80 5102
243828 13 9735
243942 1 348
244000 2 5203
244049 8 4771
244120 1 276
244291 2 1858
244295 45 43543
244515 95 137580
244864 7 15155
245011 12 10535
245029 49 93035
245065 50 28651
245082 14 5087
245449 2 35219
245634 15 12083
245636 5 2449
245722 5 32503
245935 7 403
245986 10 12763
246003 26 79294
246011 7 848
246185 25 16049
246220 22 47306
246280 13 10199
246381 42 3165
246384 3 1271
246521 21 8981
246526 6 15571
246610 35 29250
246630 4 2523
246674 30 19215
246695 79 65027
246816 63 3709
246823 46 1415
246889 1 3384
246923 51 8941
246926 3 1211
246930 37 9288
247076 17 682
247081 30 4277
247153 46 17318
247178 2 2509
247272 3 177
247370 3 1631
247400 1 13116
247406 62 42749
247469 57 160821
247473 9 5709
247516 1 17927
247517 5 40187
247550 231 255154
247731 14 9771
247747 18 7689
247826 5 14203
247829 1 2096
247951 3 19772
248278 27 24167
248335 18 39898
248350 3 5063
248480 6 20931
248562 14 40310
248610 98 211360
248712 5 11964
248793 8 3299
248809 43 45708
249076 16 36189
249151 8 38079
249329 64 41571
249337 16 11065
249345 8 4977
249392 2 4501
249555 1 219
249635 1 124
249740 90 228328
249815 5 4615
249883 19 10505
250052 7 4299
250059 10 37994
250073 2 19941
250217 15 5821
250458 27 3045
250533 5 14895
250681 4 125
250718 8 426
250893 20 42856
251022 1 165
251027 4 42465
251085 19 15468
251158 18 5819
251271 2 148
251367 13 1005
251485 14 29531
251525 19 18764
251535 1 2322
251536 1 4051
251716 23 11851
251923 8 4730
251942 5 982
252170 4 2262
252278 4 1834
252461 1 1114
252474 11 81579
252554 115 13441
252555 357 27002
252921 5 52519
252924 2 17447
252986 7 40464
252992 1 1471
253018 230 331696
253067 47 104143
253160 3 1665
253203 6 33726
253259 1 26507
253311 163 35432
253375 2 372
253557 4 37233
253588 21 13837
253593 35 171848
253632 1 137
253774 2 117
253785 1 109
253795 123 27039
253930 3 3560
254108 15 174176
254240 4 25265
254379 27 9858
254445 8 1552
254689 12 21372
255069 2 17727
255155 10 11710
255281 1 149
255289 23 51128
255291 1 16491
255417 2 27737
255476 30 44402
255609 103 22114
255777 26 64507
255823 8 21270
255830 32 84137
255965 3 3084
256043 8 19276
256283 118 34425
256286 55 24252
256604 2 37731
256624 22 10461
256715 10 3781
256847 59 24054
256961 34 3512
257133 22 26221
257157 2 322
257190 4 132
257193 7 35712
257197 2 7132
257201 4 10688
257219 1 4662
257312 3 16694
257316 2 7366
257344 24 45609
257345 89 89736
257389 14 2347
257408 21 1373
257673 23 58812
257703 6 3353
257812 8 103213
257865 18 35772
257893 7 6646
257951 11 21143
258145 8 25755
258158 80 13508
258361 17 26906
258374 28 9000
258438 5 4578
258485 2 13912
258559 18 52150
258719 8 8709
258744 2 245
258799 10 1641
259009 17 4817
259062 148 8707
259114 3 9180
259115 126 25791
259124 2 712
259131 4 3440
259174 15 19382
260787 161 55438
262217 2 291
262633 12 1768
264436 1 497
264438 4 475
264439 2 396
264461 2 430
264466 1 462
267060 6 385
267061 6 360
267395 3 400
267401 1 488
268236 4 1687
269021 1 350
269262 8 2473
269508 7 3061
270450 3 385
270455 1 406
270878 35 3608
271373 4 288
271405 4 397
271406 4 286
271850 1 20008
272746 1 213
273959 5 2367
278260 4 373
278899 3 448
278904 6 351
279396 7 1690
279498 1 646
279505 1 369
279511 3 570
279521 1 563
279527 3 543
280364 12 419
280755 4 32241
281495 1 444
282350 2 530
282453 4 530
282784 1 527
283139 1 687
283380 2 487
285293 8 1881
285683 3 7045
286246 7 398
286302 7 441
287276 3 500
287673 5 76
288224 1 416
288331 9 331
288788 3 327
288802 1 488
289000 1 313
289587 5 12899
290919 3 571
290926 1 534
291596 4 1542
291642 2 397
291643 2 496
292834 2 506
292835 2 406
292838 1 384
292839 6 533
292842 2 411
292843 2 430
292844 5 506
292848 1 670
292849 2 476
292852 1 400
292853 6 413
292857 2 411
292858 2 430
292859 5 388
293248 3 535
293392 8 723
293416 19 759
293418 15 296
293425 4 614
293437 23 762
293438 11 556
293863 11 13257
294560 5 319
295943 15 29903
296279 1 174
297941 11 519
298335 5 1496
298717 1 573
298851 6 2655
298853 18 5030
299500 22 4913
299780 2 376
300146 6 328
300169 1 362
300170 2 541
300437 2 592
300452 2 268
300453 1 311
300565 4 501
300580 40 352
304134 3 277
304136 3 277
304855 4 1419
304902 1 284
304986 4 558
305758 2 475
305896 2 1004
305900 4 1495
306145 13 346
306783 2 11472
306961 3 192
307369 4 436
307812 4 1857
308904 4 961
308906 2 347
308907 4 623
308913 2 252
308918 2 628
308919 5 475
308920 2 369
308926 2 629
308929 6 327
308938 2 257
308943 2 417
308944 2 427
308945 5 428
309369 1 295
309701 13 3018
309823 97 32839
310094 18 401
311355 20 64459
311791 4 308
312237 12 6232
312749 1 335
313142 5 2174
313537 4 1507
313784 1 635
314207 1 156
315183 5 466
316089 4 143
316663 3 651
318390 2 109
320893 1 216
323813 2 845
325332 2 441
325450 16 666
327204 2 316
329058 12 995
330497 5 841
333793 1 413
334561 1 112
335353 1 392
337391 1 94
338601 2 599
339157 2 132
340827 2 376
340834 4 418
341605 5 632
341844 3 334
342050 2 35
342087 1 388
342088 3 348
342138 5 422
342580 1 87
343457 1 361
344546 2 402
347131 1 241
347569 1 677
347570 3 471
347662 1 338
348423 1 516
348447 4 213
350536 2 255
352652 2 397
354028 5 363
354887 8 287
355160 1 722
355210 7 116
355626 2 146
357555 7 266
357578 8 420
357831 10 678
358299 3 478
359467 1 363
359828 2 393
362042 2 183
363050 1 501
363696 8 348
365458 1 439
365512 2 885
371162 1 260
371417 3 377
372290 1 32
373321 2 40
374494 1 449
375244 2 484
375880 2 207
375929 2 316
377489 1 271
378251 2 98
379861 9 652
380517 1 593
380622 5 565
381265 4 547
381606 4 612
381847 2 539
381852 2 621
383112 2 38
385279 3 664
388135 5 340
389929 3 1437
390945 3 215
391305 7 611
391613 3 55
392169 14 450
394090 2 367
395165 2 265
395474 9 414
397172 1 469
397542 1 482
398433 4 800
398894 2 834
400241 1 666
400464 4 488
402326 4 442
402421 2 528
402727 21 357
406682 1 490
407004 3 50
407962 2 903
411000 14 664
412921 8 621
413970 1 582
416331 1 310
416523 2 1130
418000 14 725
418199 1 587
419435 1 591
419731 1 264
419770 1 554
420969 1 48
421128 3 248
421355 17 426
421703 5 195
421854 2 354
421997 2 1797
422333 4 195
422452 2 566
422907 8 198
422980 3 349
423948 1 991
425420 4 304
426267 11 395
427210 4 207
428963 1 446
429168 4 774
429820 1 616
430565 1 751
431431 1 209
432802 3 194
432960 1 397
433507 11 397
433510 5 1043
433524 10 487
435077 11 205
438880 1 432
439465 10 519
441088 9 563
444993 1 201
445026 1 162
445289 1 423
446128 1 597
446701 3 667
447572 13 691
447698 3 552
449068 9 222
450520 1 2483
450624 9 464
456013 2 463
456583 4 733
457411 2 63
463664 9 737
464835 3 398
466800 5 759
466813 4 380
467360 4 469
469458 5 210
470422 4 113
474305 11 486
474942 1 661
476334 10 247
476866 4 497
479503 1 499
479981 12 696
480853 3 240
483290 1 542
484727 3 533
485803 1 320
487224 6 503
490584 1 147
490810 3 498
490893 8 581
492606 1 355
493784 1 52
494193 2 971
495380 1 631
496864 1 642
499289 1 485
500695 11 663
500971 5 446
503804 3 988
503917 1 323
504257 1 407
505066 2 247
506033 4 640
506227 2 736
508990 1 485
511926 5 111
511985 1 346
512689 7 192
512879 1 88
513019 3 126
515341 7 399
516844 4 342
522089 1 191
522501 1 766
211 1 341
499 2 275
522 2 307
870 2 277
2012 1 146
2082 3 494
2094 6 373
2614 1 520
3842 1 321
3988 1 390
4049 2 252
4110 1 297
4767 1 413
6972 3 317
7493 2 196
7515 1 214
8744 1 411
9549 1 427
10374 1 226
11131 7 389
11390 2 373
13154 1 270
13203 7 484
13454 1 317
13782 7 483
14651 1 510
15181 2 374
15978 2 322
16064 1 186
16584 1 379
16611 1 178
17730 2 547
17732 2 336
18557 1 450
18749 1 422
19324 3 382
19802 1 110
21311 8 294
21416 1 359
21621 1 350
21761 1 327
21814 1 460
22823 6 371
23213 1 273
23343 2 244
23632 1 213
24409 14 401
24618 3 399
24623 2 370
24980 2 405
25142 3 279
25511 2 405
26269 2 564
26935 2 358
27035 1 444
27413 7 209
27619 2 614
28016 1 200
28330 2 492
28364 1 221
28499 2 413
28712 2 521
28757 1 922
29063 1 168
29392 3 227
30598 2 142
30827 3 126
30958 1 473
31262 4 145
31264 2 105
32389 4 218
32796 2 263
32805 5 362
32934 2 451
33524 1 347
33531 1 420
34160 8 389
34998 2 177
35407 1 281
35450 2 390
35465 5 500
35466 6 394
37090 1 268
37108 2 298
37505 1 282
37513 2 405
37750 2 647
38624 1 210
40489 2 472
40690 1 586
40738 3 460
40904 1 470
40907 2 580
41138 1 481
43021 5 494
43236 1 435
43380 1 415
43390 2 297
43463 2 422
43604 1 231
44029 2 373
44270 1 280
44631 5 440
45087 6 221
45286 12 354
45353 8 862
45467 9 352
45497 9 376
45745 3 723
45828 2 539
46268 2 219
46802 3 341
46818 2 287
46885 5 479
47372 3 156
47388 1 360
47464 1 249
47498 1 390
47894 6 195
47922 1 205
48974 2 201
49734 1 161
50737 1 640
50920 2 351
51814 1 383
51865 1 185
52114 1 504
52752 1 175
52762 2 286
53332 3 320
53388 3 295
53410 2 639
53481 5 384
53717 1 540
53785 11 594
54124 1 217
54189 4 419
54207 3 138
54323 4 339
55607 1 497
55838 1 275
56196 1 573
56657 5 247
56754 1 324
56863 1 664
56903 1 335
56912 6 421
57242 1 355
57271 1 455
57742 3 212
58357 2 200
58360 1 852
58367 3 617
58505 1 404
58761 3 195
58774 3 378
58789 2 425
58799 1 352
59602 1 528
60316 2 403
60798 3 463
60884 2 486
61164 3 192
61259 3 287
61415 2 257
62333 2 596
62423 3 452
62638 3 456
62798 3 343
63498 1 246
63689 1 310
64007 6 239
64346 1 268
64492 1 444
64582 2 94
64659 8 177
65338 1 317
65710 2 316
65872 1 672
66224 1 591
66479 12 526
67485 2 543
68206 1 168
68337 5 393
68423 4 484
68599 5 451
68695 1 173
68704 1 395
68947 2 525
69515 1 710
71352 3 397
72293 1 635
72365 1 276
72927 3 204
73054 2 441
74726 2 330
74803 5 645
74804 2 664
75261 2 364
75478 2 545
75612 1 215
75693 1 441
75845 1 264
76639 5 381
77313 2 522
77316 1 440
77424 2 457
77790 8 563
78240 4 666
78352 3 249
78434 1 455
78576 3 449
78577 1 212
78584 1 484
78831 1 509
79917 1 515
80062 5 7652
80708 1 1242
80950 3 4789
81099 1 20
81100 15 438
81566 2 142
81607 11 28467
82123 2 1753
82267 20 14641
82370 1 12043
83634 2 9224
83674 11 13400
83707 1 752
83731 2 11826
84348 2 17313
84644 1 2467
84701 4 5344
85089 1 3572
85224 2 153
85368 17 74892
85481 11 70500
85638 6 2332
85645 48 153229
85773 55 82661
86034 6 48792
86220 6 22240
86753 20 173871
87298 14 15858
87807 8 14758
87952 5 3520
88356 1 5606
89403 1 1637
89432 5 38895
90181 2 24998
90764 1 2302
90783 7 22898
91112 5 2987
91250 6 3801
91307 2 36764
91738 5 23456
92166 4 64088
92188 73 64658
92307 4 64087
92329 73 64673
92450 2 12842
92609 1 24495
92961 9 11521
93654 34 102204
93921 1 2277
94284 42 72168
94863 3 18144
95022 20 2600
95560 4 26520
95656 1 10014
95842 52 5648
96027 1 30491
96037 1 46291
96041 5 32603
96049 26 78606
96063 1 37082
96136 9 20896
96154 1 18583
96424 12 38462
96558 4 7620
96682 1 2063
97059 3 9334
97368 4 800
97725 5 10756
98193 1 2343
100179 1 378
100184 1 380
100346 1 191
100348 1 252
100568 6 444
100602 1 567
101043 2 494
101240 1 213
101292 1 384
101367 2 1091
101840 2 1095
101995 6 399
102012 1 754
102042 1 433
102313 2 873
103544 4 1818
103713 2 53
103844 1 396
103983 1 161
104027 4 1648
104054 5 458
104429 1 392
104634 2 697
104668 3 854
104853 8 171
104875 1 158
105042 1 682
105076 1 710
105508 2 42
105737 2 247
105946 2 482
105953 1 662
105962 3 637
106256 1 1131
106261 1 815
106849 1 633
107307 1 471
107679 1 452
107719 1 501
107809 1 520
107835 1 505
108221 1 84
108483 1 1269
108493 1 166
108703 3 1239
108707 3 1661
108822 4 1020
109123 2 44
109173 2 529
109789 1 525
109814 3 345
109934 21 718
109939 1 470
110056 8 696
110631 3 55
110676 1 507
110690 5 1505
110803 1 658
110885 1 141
110970 3 628
110998 1 597
111103 1 1039
111157 3 993
111263 6 489
111715 2 49
111739 1 335
111795 1 452
111857 5 1699
111924 1 535
112048 2 500
112232 1 1763
112471 5 330
112692 26 462
112740 1 131
113088 3 482
113323 1 546
113677 7 517
113875 2 661
114027 1 772
114066 3 61
114353 4 303
114470 2 470
114768 3 242
114809 4 455
114982 1 470
115247 2 59
115249 1 829
115306 8 575
115519 1 556
115983 1 453
115988 1 677
116336 6 611
116414 1 656
116435 10 307
117475 2 810
117502 2 470
117616 4 92
117832 2 526
118003 1 564
118082 2 569
118402 2 225
118405 2 847
118676 3 467
118682 1 397
119006 3 60
119022 2 62
119061 1 354
119174 2 66
119497 11 578
119515 1 484
119584 2 54
119698 2 5402
119958 3 469
120275 4 361
120741 1 469
120828 2 39
121187 2 227
121225 1 503
121254 3 341
121280 1 587
121432 10 1870
121440 1 93
121505 2 965
121581 4 100
121650 2 487
121695 1 61
121855 2 269
121920 8 584
121982 3 1071
122046 1 150
122114 4 110
122128 1 134
122274 1 478
122729 2 551
122856 14 212
122910 20 430
123247 5 489
123257 3 56
123320 16 462
123633 1 247
123644 1 647
123920 2 473
123951 1 678
124288 2 485
124416 14 377
124578 3 495
124643 1 478
124771 1 127
125385 7 91
125512 5 767
125570 1 438
125658 1 619
125792 1 558
125797 3 483
126536 5 703
126644 3 1236
126793 4 58
126808 3 817
126847 4 72
126849 13 415
127137 1 471
127256 7 161
127415 2 244
127451 12 159
127620 1 79
127664 3 522
127904 1 795
127962 3 586
127983 5 154
128325 2 520
128441 3 56
128586 1 509
128729 3 577
129263 7 186
129466 3 683
129696 7 142
129741 3 99
129877 8 207
129928 2 95
130427 3 52
130508 1 807
130585 6 714
130676 2 248
130957 6 940
130975 3 91
131080 11 172
131367 1 183
131474 11 157
131642 3 47
131777 3 59
132049 1 583
132124 6 120
132136 1 639
132158 15 420
132351 12 444
132371 2 466
132510 2 47
132654 26 989
132690 3 516
133018 2 560
133100 37 1581
133296 8 163
133317 40 1489
133618 1 122
133624 14 471
133646 6 202
133847 2 811
134019 2 233
134073 3 431
134109 3 752
134137 3 59
134306 3 70
134461 2 695
134482 4 476
134487 3 69
134655 1 292
134839 1 164
134848 1 138
134919 3 76
135075 2 525
135160 7 232
135172 2 475
135494 4 477
135758 2 795
135823 8 296
135931 1 256
136002 4 468
136014 1 1035
136087 5 946
136089 5 372
136206 4 86
136334 3 472
136568 1 160
136664 7 446
136808 5 87
136832 4 1074
136847 7 492
137112 13 530
137188 3 69
137223 1 343
137331 8 429
137372 2 543
137485 1 893
137622 3 66
137675 1 661
137792 11 512
137938 5 133
137941 18 551
138022 1 809
138034 2 537
138040 13 435
138041 12 263
138272 2 47
138458 15 558
138577 3 436
138596 4 79
138612 3 748
138742 2 426
139129 1 358
139234 1 476
139241 17 386
139306 1 517
139417 2 843
139421 26 454
139789 2 467
139904 5 209
140083 2 912
140438 2 741
140602 15 690
140657 1 456
140860 2 384
141358 1 449
141463 1 519
141487 11 906
141794 1 170
141852 5 543
141902 4 68
142026 1 467
142100 3 1152
142123 1 363
142267 1 335
142281 2 87
142353 4 90
142402 1 790
142428 3 459
142460 3 487
142572 4 98
142582 1 562
142608 9 253
142646 4 472
142912 1 553
143121 2 1162
143179 4 81
143309 2 506
143412 12 299
143515 4 100
143677 1 650
143991 16 499
144053 4 160
144302 1 797
144591 2 165
144800 7 126
144819 1 767
144873 8 621
145044 5 113
145653 1 683
145708 20 534
146001 1 901
146009 4 590
146200 23 762
146270 13 275
146291 6 165
146298 21 401
146353 11 274
146396 3 150
146509 12 502
146689 2 709
146780 4 106
146806 1 456
146838 2 1777
147485 3 69
147683 20 710
147766 3 494
147817 1 714
147881 6 94
147886 1 706
148040 1 1124
148076 1 511
148187 5 643
148255 2 1137
148313 1 361
148547 3 765
148660 3 459
148675 1 946
148808 1 628
149138 8 159
149189 3 81
149193 1 565
149380 5 659
149397 17 359
149484 1 180
149630 26 452
149770 6 226
149784 8 156
149797 2 731
149822 9 642
149837 18 428
150087 2 478
150140 3 483
150199 19 513
150332 4 511
150336 4 662
150653 2 553
150674 1 326
150813 3 650
150934 2 766
151211 1 104
151477 1 693
151479 1 460
151568 5 270
151678 5 496
151729 1 717
151753 1 750
151755 4 75
151816 2 149
152334 22 621
152408 26 704
152616 9 895
152749 3 90
152936 2 784
152939 1 453
153017 4 164
153056 1 509
153078 5 94
153397 9 165
153505 4 186
153548 24 768
153828 4 92
153898 6 197
154012 22 663
154112 16 351
154138 10 276
154151 2 220
154202 1 549
154387 4 621
154392 1 293
154412 1 348
154431 2 507
154554 4 81
154583 2 82
154781 2 1031
154869 5 493
155109 21 722
155144 1 1434
155174 13 182
155244 1 461
155273 28 703
155275 6 170
155533 1 651
155659 15 609
155707 1 49
155940 2 1056
155952 6 104
155989 15 614
156071 1 413
156476 10 682
156493 1 698
156603 5 611
156613 5 74
157232 1 746
157382 2 677
157449 3 59
157468 1 407
157614 1 532
157681 4 93
157692 3 79
157743 3 996
157760 4 762
157956 18 571
158043 3 442
158051 25 670
158374 2 450
158556 3 87
158646 1 339
158682 2 490
158708 12 214
158740 3 86
158800 11 1670
159226 1 379
159454 11 367
159582 3 81
159660 6 165
159684 7 193
159735 3 472
160033 6 167
160338 1 331
160399 3 1925
160641 21 730
160774 18 572
160910 10 442
160962 1 477
161021 13 1875
161136 2 716
161203 14 390
161267 4 641
161418 2 742
161437 16 512
161526 2 230
162178 4 85
162519 4 368
162764 1 445
163011 1 599
163057 7 647
163184 2 70
163208 1 180
163251 2 79
163291 2 107
163322 2 607
163594 1 1165
163731 1 221
163800 1 52
163977 1 836
163990 9 134
164088 1 526
164129 9 136
164364 3 441
164445 1 557
164567 4 1694
164579 1 529
164953 6 75
164957 2 542
164976 2 1480
165276 3 74
165318 2 659
165617 1 713
165700 2 292
165738 2 827
165908 1 1375
166104 1 950
166144 6 167
166157 4 701
166276 1 896
166466 5 545
166471 10 282
166599 1 336
166673 1 399
166905 1 376
167038 4 733
167217 1 609
167357 2 356
167444 1 762
168092 1 901
168150 1 326
168215 7 269
168435 2 1385
168838 3 1704
168973 2 575
169147 4 141
169213 3 59
169215 19 439
169260 6 626
169453 2 137
169975 1 80
170016 3 667
170157 4 111
170198 1 459
170344 7 477
170697 7 249
170752 5 141
170779 4 108
170801 3 794
170834 2 65
170875 2 170
171041 1 504
171369 1 562
171882 2 69
171970 7 131
172280 3 60
172422 2 2130
172510 1 355
172587 3 69
172719 4 147
172758 3 42
172839 1 798
172942 3 69
173035 2 675
173241 17 657
173626 4 70
174003 1 340
174176 1 467
174260 1 524
174297 2 727
174298 3 1660
175132 2 413
176805 1 465
177942 1 2576
178847 1 1772
183556 1 507
184192 6 6108
184959 2 570
195546 1 152
199467 1 103
200689 1 4029
204179 2 96
205409 1 391
207579 6 94
209056 2 515
217821 1 121
218326 1 645
219882 2 118
220122 2 897
221188 3 911
225330 1 246
225331 1 3795
229804 2 78
230385 1 6061
231223 15 566
231229 2 159
231405 5 417
231486 1 121
231601 4 346
231808 4 1498
232266 3 501
232293 3 718
232308 9 272
232394 6 2279
232406 1 1981
232496 2 838
232540 3 1093
232548 1 1161
232606 1 170
232711 1 1496
232790 2 183
232992 1 1122
233305 1 83
233311 17 615
233642 1 373
234068 8 3717
234128 3 333
234197 4 500
234224 2 276
234228 3 738
234283 2 121
234292 3 645
234364 3 4366
234375 1 754
234719 2 225
234797 1 658
234822 3 388
234881 24 4494
235327 1 285
235331 9 150
235348 1 1092
235388 1 155
235437 5 451
235661 1 1142
235664 2 1303
235671 21 304
235893 1 1277
235949 1 473
236009 1 412
236191 3 354
236351 1 1732
236397 2 333
236872 2 964
237041 6 687
237205 1 1991
237230 3 2668
237392 5 1837
237393 2 570
237546 2 319
237668 1 119
237923 3 1831
237976 10 2326
237977 26 2203
238179 1 4925
238300 1 1911
238303 5 1170
238468 2 149
238549 2 1271
238560 3 1487
238596 1 267
238974 1 2488
239238 2 490
239550 4 1303
239599 26 1175
239639 1 1009
239714 1 260
239857 25 1884
240098 1 271
240226 2 172
240359 6 203
240366 35 117963
240453 10 1804
240467 3 1874
240705 19 2296
240782 1 709
240816 2 2160
241120 5 1005
241134 2 572
241185 1 294
241261 1 393
241265 2 818
241349 2 598
241568 2 786
242025 3 675
242136 1 491
242148 1 418
242219 3 164
242288 4 225
242776 31 40213
242814 1 280
242868 14 16984
242949 15 6027
242953 5 9072
242955 3 34181
243132 6 8410
243136 4 3047
243182 2 178
243227 13 4804
243248 89 97794
243328 27 30540
243397 8 3978
243565 3 14930
243568 17 51992
243743 8 32782
243828 9 9735
243942 2 348
244000 11 5203
244049 9 4771
244120 2 276
244295 22 43543
244515 35 137580
244864 1 15155
245011 27 10535
245029 6 93035
245065 28 28651
245082 3 5087
245301 3 1612
245449 1 35219
245634 48 12083
245636 15 2449
245722 14 32503
245935 1 403
245986 12 12763
246003 6 79294
246011 4 848
246185 7 16049
246220 73 47306
246280 35 10199
246384 4 1271
246521 18 8981
246526 2 15571
246610 4 29250
246630 1 2523
246674 4 19215
246695 14 65027
246816 3 3709
246879 1 528
246923 6 8941
247153 3 17318
247178 1 2509
247272 4 177
247400 4 13116
247406 8 42749
247469 41 160821
247473 9 5709
247516 1 17927
247517 5 40187
247550 33 255154
247731 47 9771
247747 11 7689
247779 2 9554
247826 5 14203
247829 1 2096
247951 5 19772
248278 8 24167
248335 19 39898
248350 3 5063
248480 2 20931
248562 34 40310
248610 22 211360
248712 8 11964
248793 3 3299
248809 35 45708
249076 11 36189
249151 8 38079
249329 44 41571
249337 3 11065
249345 21 4977
249392 1 4501
249595 5 3022
249740 51 228328
249815 3 4615
250052 2 4299
250059 11 37994
250073 6 19941
250217 49 5821
250533 1 14895
250720 5 4584
250893 33 42856
251022 1 165
251027 8 42465
251085 5 15468
251158 10 5819
251271 1 148
251485 9 29531
251525 15 18764
251716 4 11851
251923 1 4730
251942 2 982
252170 1 2262
252474 22 81579
252554 4 13441
252555 14 27002
252921 20 52519
252924 4 17447
252986 17 40464
252992 2 1471
253018 78 331696
253067 91 104143
253160 1 1665
253203 4 33726
253259 6 26507
253311 56 35432
253375 1 372
253557 28 37233
253588 16 13837
253593 32 171848
253632 2 137
253774 3 117
253785 5 109
253795 8 27039
254108 30 174176
254240 10 25265
254379 7 9858
254445 5 1552
254611 8 11669
254689 13 21372
255069 7 17727
255126 1 3632
255155 92 11710
255281 2 149
255289 80 51128
255291 56 16491
255417 7 27737
255476 16 44402
255609 19 22114
255777 15 64507
255823 8 21270
255830 16 84137
255965 4 3084
255984 2 3769
256283 10 34425
256286 12 24252
256604 8 37731
256624 9 10461
256715 5 3781
256847 6 24054
256961 3 3512
257133 10 26221
257157 8 322
257193 10 35712
257197 16 7132
257201 13 10688
257219 7 4662
257312 5 16694
257316 3 7366
257344 20 45609
257345 47 89736
257389 14 2347
257673 16 58812
257703 2 3353
257812 23 103213
257865 112 35772
257887 1 474
257893 9 6646
257951 5 21143
258145 21 25755
258158 13 13508
258361 3 26906
258374 2 9000
258438 9 4578
258485 11 13912
258559 98 52150
258585 1 1622
258657 5 5008
258719 4 8709
258744 3 245
258785 1 3075
258799 15 1641
259062 6 8707
259114 2 9180
259115 26 25791
259124 1 712
259131 7 3440
259174 2 19382
260787 4 55438
262217 5 291
264437 1 529
267395 5 400
267401 1 488
271405 2 397
271406 2 286
271850 6 20008
273959 1 2367
276332 5 433
276566 6 345
278899 1 448
279498 6 646
279511 3 570
279527 4 543
280415 3 222
280755 11 32241
281495 4 444
282209 5 576
282211 2 147
282212 2 148
282213 2 147
282214 2 147
282251 2 150
282252 2 152
282253 2 151
282254 2 150
282255 2 150
282271 2 147
282272 2 147
282273 2 147
282274 2 147
282275 2 147
286302 1 441
288224 2 416
289000 1 313
289587 31 12899
290919 5 571
290926 1 534
291643 1 496
292835 1 406
292839 4 533
292842 2 411
292843 1 430
292844 1 506
292849 1 476
292853 4 413
292857 2 411
292858 1 430
292859 1 388
293248 2 535
293425 1 614
293437 2 762
293863 14 13257
295534 1 491
295943 9 29903
298360 4 210
298361 3 389
298362 3 381
298853 5 5030
304134 1 277
304136 1 277
306783 3 11472
308904 1 961
308907 4 623
308918 2 628
308919 1 475
308920 1 369
308926 1 629
308929 4 327
308943 2 417
308944 1 427
308946 1 243
309055 1 350
309701 4 3018
309823 3 32839
310472 1 184510
311355 14 64459
315183 3 466
316663 1 651
317305 2 573
322219 6 114
323161 7 962
323813 1 845
325332 6 441
325608 1 37
325846 2 30
326981 3 468
327476 1 739
329058 4 995
330211 7 184
330497 2 841
333793 2 413
335353 2 392
336865 1 196
337256 6 308
337391 1 94
338601 1 599
339157 1 132
340827 1 376
340834 1 418
340868 13 515
341005 2 240
342087 2 388
342088 3 348
344546 1 402
347131 3 241
348182 8 1171
348423 11 516
348447 2 213
348477 2 179
349829 2 627
352652 5 397
354887 1 287
357578 1 420
357831 2 678
359467 1 363
359828 3 393
362042 1 183
363696 1 348
364358 1 783
364883 2 29
365458 6 439
370164 3 47
370969 6 253
371162 1 260
375244 1 484
375541 1 273
375546 1 349
375880 2 207
375929 2 316
377076 1 503
377489 2 271
378251 1 98
379377 1 782
379861 13 652
380517 1 593
380622 10 565
381119 2 288
381265 5 547
381606 5 612
381847 13 539
385279 2 664
385290 17 263
388135 5 340
389929 1 1437
391222 1 604
391305 1 611
392177 1 576
392859 11 278
395474 5 414
397172 1 469
398433 6 800
398463 16 267
398894 3 834
400464 3 488
400691 6 166
402326 18 442
402421 1 528
403729 19 335
404088 4 45
407868 1 258
407962 9 903
411000 1 664
411023 15 265
413970 7 582
415394 37 565
415638 3 72
416497 16 272
416523 1 1130
418000 1 725
418199 2 587
419194 1 648
419770 1 554
421128 2 248
421355 3 426
421384 10 266
421854 1 354
421997 2 1797
422333 2 195
422452 2 566
422907 1 198
422980 2 349
423948 3 991
425100 1 449
426241 23 380
428761 2 50
429168 18 774
429524 3 36
430565 1 751
432203 16 355
432960 3 397
433507 1 397
433510 13 1043
435690 7 69
436710 5 47
437714 1 582
438880 2 432
439465 1 519
439789 2 665
443928 19 318
444559 5 73
445026 1 162
445285 6 560
445289 1 423
446128 1 597
447572 1 691
447698 2 552
449068 2 222
450520 1 2483
451583 20 367
456013 3 463
456025 14 258
456583 11 733
457542 3 47
458914 2 64
459819 17 237
463664 3 737
464835 5 398
466800 2 759
466813 3 380
466845 12 287
467360 4 469
471136 5 116
471152 3 186
472410 1 533
472779 5 51
472814 7 120
473699 16 443
474305 4 486
474329 3 64
477297 3 52
478580 5 54
479981 1 696
480000 27 430
483290 2 542
484727 3 533
485803 4 320
487224 1 503
487808 3 43
488156 4 718
490810 3 498
491442 20 349
492606 2 355
492780 18 277
494193 2 971
494395 7 189
494994 13 105
495380 1 631
496034 3 389
496541 19 415
499060 4 42
499228 5 58
499289 3 485
499647 6 48
500695 3 663
500971 1 446
501027 25 364
501105 5 69
501339 4 46
503168 2 39
503728 16 281
503804 2 988
504257 1 407
506033 11 640
506045 20 285
506227 2 736
507070 14 292
508990 2 485
510625 18 361
511985 7 346
512011 23 401
512879 1 88
513443 12 290
513878 15 300
514421 4 45
515341 12 399
515392 23 388
516211 4 42
516844 1 342
516860 13 433
518755 13 318
520244 19 337
522501 3 766
523462 19 360
523777 11 287
523983 10 275
