2061 2 121
4107 1 445
7115 1 317
7150 1 311
7585 4 349
7645 9 561
8491 2 485
9399 2 164
10255 4 318
10376 1 47
12006 1 349
13358 3 253
14663 1 489
15330 2 372
15785 2 225
18363 4 281
21381 5 108
21665 1 273
22056 2 191
22127 4 122
23554 5 138
24110 5 78
24164 3 522
24392 1 180
24419 3 351
24434 1 260
25165 1 84
25665 2 533
26802 4 417
26803 4 521
29342 3 393
30740 2 112
31133 2 102
31528 3 418
34478 1 430
35656 8 171
37108 4 298
37547 1 434
37837 6 561
37954 6 320
38041 1 303
38572 4 377
39043 1 153
39790 5 223
40423 1 154
40567 2 537
41485 2 337
41742 2 159
42707 4 193
42865 2 146
42876 1 463
43240 5 179
43887 5 548
45030 6 175
45920 4 254
46678 1 521
47101 1 122
47874 2 261
49237 2 108
49623 1 648
49707 3 376
49773 1 252
50944 1 487
51369 1 317
52442 3 106
52549 1 504
53048 3 213
54304 2 97
56101 2 139
56402 2 372
56873 2 317
57648 1 263
59771 2 394
62513 3 325
62711 2 113
64795 1 359
65445 1 528
65450 1 340
65558 2 495
65992 1 237
66239 1 579
67278 5 286
67695 3 321
69106 1 465
69513 5 431
70149 1 226
70165 1 166
70231 1 435
71688 2 87
71856 1 393
73587 2 173
74998 3 92
75337 1 619
75583 1 316
75598 1 502
78567 1 353
78839 1 444
78926 4 109
79662 1 167
79945 3 6549
81607 3 28467
85481 4 70500
85645 1 153229
94753 1 2833
100381 1 543
101692 3 632
101736 1 121
101831 1 301
101840 2 1095
101861 6 530
103378 2 253
103810 3 682
105180 1 118
105277 2 502
106907 5 877
107912 8 539
108353 3 347
109018 1 545
109558 1 128
110119 2 263
110733 4 246
110979 1 234
111126 1 484
111189 1 560
111209 1 222
111904 1 735
112384 6 1330
112774 9 560
113573 1 698
113793 1 603
113850 1 591
114057 4 383
114465 1 782
114764 4 435
115880 2 393
116025 1 898
116106 4 725
116287 1 651
116800 2 725
117002 1 253
117281 1 510
117374 1 138
118469 6 611
119616 2 1551
120192 3 850
120561 5 379
122742 3 221
122922 1 748
125454 1 63
126120 6 214
128117 3 921
128601 1 62
129705 2 195
129867 2 698
130098 1 665
130396 5 293
130781 1 110
131410 1 623
131892 11 1478
133969 1 327
134535 1 785
134868 3 535
135265 27 1193
136470 2 772
136865 1 452
136875 5 838
137057 5 269
137093 1 727
137383 7 1229
138032 2 139
138127 1 941
138918 1 69
139427 4 493
141215 1 544
142001 1 212
142471 10 568
142611 1 57
143617 4 171
144669 2 445
145231 1 176
146251 1 66
146373 19 721
146957 1 52
147056 2 483
147211 1 703
148066 4 461
148673 7 620
148869 1 754
150048 1 180
150845 1 98
151077 5 934
151272 1 444
151324 5 320
151922 2 588
152598 1 610
152797 1 328
153781 1 74
154155 3 229
154776 5 264
154812 1 1371
155646 1 770
156789 2 546
158163 2 429
159060 1 96
159193 2 1603
159311 1 168
160717 1 673
161079 7 1030
161284 1 90
161858 5 463
162663 4 493
163430 7 461
165197 10 978
166068 2 1362
167200 1 218
167623 1 463
167900 1 622
168408 1 178
169048 1 246
170016 2 667
170370 14 691
170594 1 708
172795 2 1170
173961 6 439
174007 3 415
178712 2 781
184040 3 665
184650 1 1448
184786 8 888
185678 5 620
190349 1 962
195280 3 1570
206352 3 1583
206933 10 931
211970 1 447
212020 1 1900
214361 1 2074
216583 1 587
218829 1 660
226223 2 124
230550 1 3269
230951 7 1707
232211 3 402
232212 1 170
235375 4 1324
236375 7 307
236637 2 145
237811 1 213
238208 1 229
238682 3 1996
239244 1 252
240458 1 1247
241816 3 1228
241896 1 198
244047 5 3586
244295 1 43543
244515 3 137580
244742 2 48422
245627 9 339
245657 2 117
247406 1 42749
247516 1 17927
247826 8 14203
248181 1 22248
248627 53 17300
249265 51 19873
249984 1 4988
250059 1 37994
250615 1 32287
250750 1 25707
251160 1 5200
253203 3 33726
255476 1 44402
255538 2 16755
255823 3 21270
257862 1 7925
279955 5 13056
282439 1 560
295697 5 13014
335347 1 575
351503 1 615
358071 1 238
373019 1 585
391185 1 454
397179 3 442
399542 4 515
406528 5 383
417433 1 132
422113 1 700
430565 1 751
439774 1 296
443656 1 665
460085 1 616
460209 1 317
467130 2 684
468177 1 498
468867 1 737
480103 1 217
490819 1 573
513393 2 84
712 1 410
855 1 266
918 3 530
1163 2 338
1554 6 397
1602 3 382
1785 1 434
2464 2 228
2615 3 406
2712 1 238
2744 2 143
3591 15 332
4107 7 445
4117 2 464
4428 3 412
4494 1 372
4842 3 195
4903 1 305
5096 6 107
5320 2 316
5547 1 487
5658 1 406
5706 1 490
5733 2 502
6001 1 411
6037 1 270
6074 2 716
6164 3 296
6385 1 220
6405 2 403
6408 7 516
6794 5 346
7002 1 223
7115 1 317
7388 3 368
7446 10 338
7656 1 466
8053 3 590
8666 8 337
9654 1 225
9664 4 374
10020 1 368
10030 1 375
10032 1 283
10183 1 443
10255 1 318
10587 1 272
10822 2 417
11777 2 528
12188 1 485
13182 5 489
13205 1 541
13312 11 436
13399 2 365
13424 1 390
13578 3 344
13615 1 343
13851 4 107
13985 4 137
14427 1 135
14738 14 421
14964 3 476
14994 6 389
15077 12 360
15330 2 372
15813 9 382
16831 1 363
16956 1 514
17037 3 497
17073 2 412
17138 3 473
17922 2 249
18422 1 574
18629 2 445
19222 9 266
19581 2 371
19781 3 376
20086 1 500
20145 5 403
20306 6 343
20324 3 299
20519 2 480
20751 7 402
20796 2 313
20805 2 402
20911 2 382
21505 2 411
21534 5 258
21665 5 273
22102 1 437
22755 2 419
23063 7 342
23709 3 322
23942 2 369
23950 2 394
24189 1 132
24293 2 394
24392 1 180
24550 8 429
24828 3 142
24892 8 429
24976 3 504
25080 9 405
25259 1 268
25454 2 262
25485 2 302
25889 1 392
26129 4 343
26582 1 478
27001 6 382
27183 2 513
27341 1 142
27433 3 329
27611 1 449
27693 3 198
27730 2 286
27884 1 494
27916 1 567
28078 1 125
28728 1 223
29422 7 570
29762 1 396
30163 1 285
30613 6 126
30686 1 225
30714 3 107
30911 2 216
31119 3 240
31289 2 280
31529 9 285
32163 1 474
32404 1 466
32494 2 269
32503 2 342
32793 14 340
32950 1 109
32953 4 232
33445 1 118
33555 2 374
33996 2 462
34282 2 151
34527 4 493
34602 1 554
34661 3 332
34859 2 543
34863 1 481
34872 7 375
35450 2 390
35455 1 476
35901 10 381
36487 4 422
36767 3 170
36874 1 322
36893 2 260
36902 10 257
37038 1 522
37203 3 103
37305 2 426
37547 1 434
37805 10 341
37921 17 418
37941 1 374
38041 1 303
38461 1 122
39227 4 556
39640 2 135
40286 3 488
40330 1 112
40894 1 509
40901 2 436
41310 1 546
41333 5 494
41521 4 482
41643 1 232
41847 4 387
42000 5 460
42111 1 520
42134 2 424
42219 1 98
42879 3 164
42989 8 150
43029 5 489
43291 6 514
43293 2 414
43510 4 442
43547 1 311
43612 4 534
43613 2 464
43803 1 184
43901 3 299
44274 1 639
44458 3 768
44903 2 434
44913 3 456
44928 5 190
45143 2 348
45209 9 141
45220 4 354
45289 4 400
45326 1 512
45362 3 459
45403 9 141
45407 11 389
45977 2 462
46595 2 474
46678 1 521
47007 1 528
47650 25 404
47874 1 261
47939 5 567
48438 1 200
48584 2 457
49024 2 137
49060 5 472
49071 2 447
50217 1 433
50736 3 403
51003 18 579
51294 2 517
51526 2 202
51602 8 460
51664 1 170
51697 8 340
51728 2 350
52114 2 504
52302 3 204
52492 1 327
52576 8 524
52675 2 144
52778 11 338
52832 1 267
52833 3 476
52836 9 343
52881 12 341
53401 8 467
53660 7 505
53899 2 336
54063 1 387
54337 1 298
54864 1 360
54866 9 332
54895 1 402
55083 4 483
55608 2 458
55616 8 254
55625 3 246
56441 1 488
57179 1 239
57508 1 139
59028 2 222
59072 1 439
59720 1 135
60051 1 116
60520 4 302
60522 5 237
60524 5 202
60723 2 130
60738 2 209
60800 2 441
60885 1 298
62008 9 243
62137 8 422
63007 3 430
63106 7 469
63786 4 211
64795 1 359
65102 2 385
65142 1 513
65393 1 355
65558 5 495
65876 3 524
65903 2 385
65905 2 454
66167 5 542
66239 3 579
66519 8 549
66595 3 293
67240 2 401
67344 5 430
67593 3 176
67786 2 385
68819 1 323
68863 1 335
69015 2 499
69207 1 483
69692 2 456
69695 2 490
69856 3 115
69992 1 398
70048 1 197
70231 6 435
70357 1 108
70723 2 437
70788 2 474
71102 2 302
71133 1 392
71305 4 88
71496 3 552
71583 1 191
71762 1 420
71856 2 393
72277 3 465
72602 3 200
73043 2 384
73234 3 322
73449 1 545
73893 1 694
74200 2 622
74256 2 210
74284 2 311
74304 5 427
74370 5 84
74760 6 466
75337 1 619
75369 2 85
75598 1 502
75653 12 540
75791 1 285
75829 1 121
75862 12 438
75992 5 193
75995 1 427
76315 4 519
76822 3 343
77292 4 148
77327 5 473
77372 2 521
77896 9 479
78839 4 444
79031 5 546
79464 6 198
79503 1 176
79529 6 179
79662 1 167
79775 2 581
79778 5 490
81607 2 28467
83271 26 689
85645 2 153229
85773 1 82661
89518 14 2610
94875 1 14566
97885 54 2538
99797 1 420
99998 5 124
100039 1 688
100043 5 1361
100401 5 241
100579 2 594
100706 4 513
100798 8 559
100861 3 487
100881 3 848
101187 2 538
101218 9 833
101262 1 109
101284 8 376
101369 2 111
101447 2 136
101478 2 619
101595 1 80
101648 3 785
101681 1 459
101831 1 301
101866 1 390
101999 4 264
102308 4 195
102330 1 422
102588 2 102
102929 12 1282
103076 15 554
103081 6 762
103095 4 105
103194 2 327
103230 3 764
103262 3 678
103412 3 318
103708 2 614
103800 3 340
103956 3 127
103982 3 167
104036 2 158
104090 1 468
104103 1 733
104151 1 8662
104152 1 150
104525 4 807
104526 17 702
104535 2 333
104647 3 192
104862 2 130
104881 4 217
104884 10 292
104932 5 292
104941 2 494
105023 1 48
105049 2 76
105083 2 522
105232 10 298
105331 1 445
105337 5 188
105571 2 154
105672 1 156
105745 7 629
105989 2 604
105994 51 1010
106225 1 467
106249 2 878
106269 4 469
106404 3 251
106427 7 659
106435 9 692
106781 4 483
106904 1 207
107067 9 1614
107111 10 640
107181 1 544
107205 1 685
107233 2 561
107290 1 116
107692 2 166
107929 1 831
108335 4 727
108376 1 685
108584 2 67
108619 1 402
108698 2 495
108734 1 166
108757 1 51
108764 5 457
108928 2 694
109022 6 722
109171 4 575
109319 1 781
109348 1 481
109496 3 300
110218 1 120
110332 1 684
110515 1 747
110542 4 130
110569 5 135
110694 5 555
110698 9 175
110950 1 323
111126 1 484
111209 1 222
111221 2 567
111527 9 410
111651 2 164
111664 1 108
111748 1 341
112022 1 548
112179 2 752
112303 1 389
112323 1 375
112398 13 1349
112416 6 768
112620 3 119
112671 10 586
112720 5 712
112854 1 534
112874 4 846
112969 3 350
113085 1 134
113573 5 698
113793 1 603
113983 1 471
114012 2 931
114057 1 383
114351 13 714
114391 2 89
114447 11 509
114465 1 782
114573 1 139
114605 2 72
114764 2 435
114805 2 76
114903 1 245
114961 1 330
115346 4 687
115530 8 139
116086 15 595
116164 2 585
116175 2 56
116233 1 314
116293 1 125
116391 1 822
116493 1 539
116497 1 376
116527 1 38
116577 2 600
116732 4 770
117020 4 329
117079 1 871
117747 2 564
117840 1 386
118080 4 917
118221 5 849
118429 15 689
118469 1 611
118501 3 638
118564 2 943
118722 3 840
118907 2 131
118909 2 553
119172 5 127
119219 1 722
119399 5 711
119890 2 142
119979 1 160
120139 10 1933
120192 1 850
120206 2 179
120257 1 668
120291 6 686
120420 4 608
120426 3 242
120654 1 273
120713 1 583
120923 4 735
121423 1 149
121424 3 717
121541 5 392
121619 2 486
121750 1 91
121821 1 99
121836 9 776
121873 9 278
121979 12 603
122164 4 256
122361 1 335
122688 9 412
122811 1 580
122852 4 800
122905 3 530
123247 3 489
123341 10 980
123473 1 261
123478 2 108
123622 2 107
123660 1 255
123678 1 452
123861 3 540
124125 1 612
124129 1 322
124167 9 718
124239 7 441
124327 1 970
124477 1 490
124660 3 80
124676 1 187
124914 1 90
124993 8 651
125315 1 613
125344 3 680
125372 1 188
125590 4 519
125681 1 72
125847 1 1583
126049 6 164
126128 5 873
126313 1 788
126501 2 379
126515 3 95
126960 1 215
127025 1 64
127027 3 129
127054 11 1158
127349 1 175
127459 1 67
127511 3 155
127801 1 602
127940 1 61
128030 2 104
128419 1 265
128522 4 348
128600 1 671
128647 1 816
128859 1 79
129341 1 617
129390 6 743
129547 7 718
129554 2 167
129705 1 195
129858 4 406
130098 4 665
130122 2 419
130269 2 715
130503 1 627
130638 1 176
130647 2 134
130893 1 425
131112 3 901
131181 1 1214
131290 4 122
131413 2 259
131419 1 394
131435 2 571
131447 1 79
131455 18 623
131839 7 162
132119 7 231
132289 1 590
132343 3 622
132344 1 108
132723 1 68
132812 6 846
132861 3 536
132907 4 1420
132919 2 286
133436 3 508
133495 1 307
133506 3 135
134043 4 754
134099 9 721
134215 4 154
134361 1 567
134564 2 133
134846 1 148
134866 1 159
135181 10 461
135184 6 246
135265 1 1193
135344 2 367
135345 1 177
135601 4 118
135610 5 955
135636 1 650
135842 6 536
135879 1 124
135943 1 136
136072 1 116
136248 1 735
136470 1 772
136550 3 234
136569 2 523
136635 2 389
136710 1 883
136865 2 452
137152 2 178
137167 1 529
137197 2 118
137313 18 896
137551 3 587
137610 3 64
137710 17 664
137730 10 196
138127 2 941
138133 2 864
138191 2 410
138200 2 441
138290 4 746
138306 4 198
138376 1 615
138449 4 737
138722 2 557
138780 1 709
138887 1 215
138991 4 596
139339 1 119
139382 2 255
139397 2 268
139493 7 690
139675 4 349
139787 2 914
139923 1 370
140283 1 87
140472 10 539
140548 3 879
140947 2 384
141027 3 500
141215 1 544
141247 5 495
141543 4 699
141547 1 343
141572 2 744
141663 4 692
141694 1 404
141718 1 789
141942 2 241
142076 5 833
142101 4 803
142310 7 626
142447 1 109
142790 1 113
142915 4 367
143081 3 502
143106 15 938
143210 1 160
143365 2 245
143635 14 673
143846 2 696
144195 1 243
144305 6 760
144402 1 395
144593 8 359
144699 14 566
144724 1 142
144798 1 260
145024 6 160
145072 2 149
145437 1 186
145815 2 96
145823 2 340
145827 2 790
145828 2 173
145923 2 1001
146042 2 761
146125 1 651
146343 2 567
146373 1 721
146743 1 170
146809 2 279
146887 1 161
146957 1 52
147368 1 424
147707 1 149
147802 3 678
147860 2 1032
148306 5 544
148362 1 321
148545 5 102
148574 2 1045
148614 1 143
148807 1 496
148869 3 754
149116 1 115
149322 1 145
149378 8 604
149548 1 695
149673 2 403
149892 5 817
149920 2 78
150020 2 152
150216 1 672
150330 2 1000
150373 3 689
150375 1 136
150421 1 288
150536 4 170
150546 5 314
150882 1 582
151272 2 444
151422 2 1159
151442 8 850
151450 4 176
151620 1 550
151857 1 553
152133 1 119
152199 1 228
152225 4 633
152305 1 611
152416 3 577
152492 2 1237
152523 3 151
152598 6 610
152658 3 144
152700 3 185
152804 2 323
152943 3 267
152995 4 1190
153116 3 288
153225 3 611
153234 2 378
153320 2 874
153424 1 569
153503 1 156
153609 1 37
153709 4 147
153733 1 196
153810 3 508
154223 4 648
154255 1 773
154392 1 293
154421 2 739
154696 3 212
154918 4 691
155185 2 225
155240 7 509
155283 1 780
155286 2 665
155345 3 252
155400 1 96
155522 3 486
155527 7 297
155537 1 114
155626 2 173
155742 3 255
155867 5 664
156058 1 582
156219 1 203
156235 1 447
156258 22 859
156310 2 678
156679 1 584
156694 8 522
156768 6 391
156789 4 546
156892 6 952
156896 1 1014
156942 1 538
156948 21 816
156949 3 217
156950 4 706
157001 2 661
157094 3 1366
157816 6 271
157875 2 67
157955 1 81
158080 1 609
158197 4 180
158245 1 91
158357 3 248
158368 1 527
158421 1 364
158473 4 120
158649 4 555
158689 2 279
158725 21 870
159108 1 98
159193 1 1603
159320 1 117
159325 1 703
159345 2 164
159645 2 983
159647 1 550
159701 2 386
159722 1 1337
159836 1 77
160078 5 690
160117 3 802
160160 1 607
160439 2 181
160487 2 620
160697 1 387
160714 3 159
161104 12 722
161309 2 620
161386 1 554
161422 3 438
161637 4 743
161856 13 507
162260 1 118
162427 12 611
162468 1 401
162583 1 482
163035 1 71
163040 1 866
163119 4 193
163237 1 68
163449 3 143
163561 3 100
163637 2 195
163930 2 582
163945 1 1112
164216 5 932
164294 4 722
164735 3 641
164866 3 780
165036 3 749
165250 4 788
165285 3 187
165538 1 334
165670 1 926
165789 8 604
165857 1 154
166038 8 164
166067 2 194
166080 1 750
166141 2 506
166489 3 728
166495 1 622
166564 2 157
166682 10 697
167038 2 733
167234 6 929
167464 2 1064
167589 3 77
167623 2 463
167891 3 143
167900 1 622
168030 2 537
168128 1 362
168457 1 707
168569 1 117
168579 3 141
168620 6 341
168736 4 537
168869 3 1117
168873 2 577
169209 3 600
169232 1 271
169413 5 337
169567 3 114
169594 5 471
169608 12 555
169736 1 46
169778 10 1360
169824 2 708
169889 2 210
169904 3 308
170226 1 214
170303 2 553
170458 12 1173
170472 1 285
170871 1 1526
170937 2 129
170995 23 609
171143 1 893
171821 1 695
171969 1 121
171988 10 563
172135 3 726
172299 3 726
172473 2 322
172488 2 388
172610 3 156
172750 6 3037
172795 21 1170
172873 3 144
172946 1 85
173071 5 176
173268 2 335
173442 4 1095
173490 8 497
173530 34 1478
173607 5 441
173970 1 571
174053 2 383
174298 4 1660
174548 1 170
177678 1 1356
179521 3 140
179929 1 507
180939 31 848
181200 1 128
185190 1 132
185331 5 94
187806 11 317
187921 4 137
187928 13 463
190057 3 99
190928 4 100
191125 6 110
192911 2 170
193936 1 247
195195 4 116
196065 2 1883
196176 6 96
198642 3 343
200327 1 116
201404 21 666
205425 5 413
206711 12 1121
206945 2 112
207445 1 536
208164 3 97
209534 13 242
211970 1 447
212020 2 1900
212758 2 122
216583 7 587
220943 6 116
221571 4 259
226283 1 509
227678 5 102
227890 3 61
228516 1 138
228709 8 131
230550 1 3269
231147 3 920
231630 5 231
232361 2 1101
234310 1 224
234350 10 413
234665 2 219
235264 9 971
237587 15 609
238301 4 626
238534 2 11431
240458 1 1247
241659 1 448
242101 10 1467
242776 1 40213
243327 2 8333
243328 1 30540
243751 1 1700
244742 4 48422
245617 1 24889
246610 1 29250
246695 1 65027
247079 1 4323
247406 4 42749
247550 1 255154
247826 1 14203
248102 3 14517
248181 1 22248
248280 2 11681
248335 2 39898
248788 1 56946
249151 2 38079
249263 1 10722
249329 1 41571
249382 9 151
249740 4 228328
250059 3 37994
250615 1 32287
250617 2 10069
250637 2 3671
250893 2 42856
251027 1 42465
251529 1 7715
252884 1 752
252924 1 17447
253354 1 57179
253516 7 157
254428 29 827
256847 1 24054
257345 2 89736
257812 1 103213
258640 38 9081
258987 1 21620
260062 3 100
272100 2 366
278550 7 253
279955 5 13056
280600 15 16007
283050 10 409
285840 9 282
295697 5 13014
298882 7 664
311646 28 503
314512 18 52248
314804 11 258
314911 4 1035
315192 30 699
316423 1 120
316649 6 179
316821 1 88
316899 7 176
317143 6 141
317329 3 602
317487 1 61
317977 1 155
318047 4 121
318765 9 550
319089 2 132
319674 1 242
320572 2 158
321376 1 686
321820 9 208
322818 1 1132
324663 3 72
325168 1 123
325504 1 2119
326711 2 243
327410 3 506
327678 2 151
328312 1 104
328785 2 273
328923 15 854
329134 1 409
329737 1 74
330412 1 128
330449 1 60
330673 2 68
331442 2 85
331557 5 414
331874 2 26
331936 11 218
332461 1 49
333041 1 120
337363 15 600
338261 3 528
338468 3 136
340612 7 113
341464 3 122
341472 2 564
341504 15 236
341515 4 112
341624 5 163
342107 1 579
342538 6 382
343375 5 190
343435 10 112
343891 4 71
344043 4 97
344132 15 198
344720 5 671
344740 2 416
345595 8 253
345638 4 196
346083 1 70
346435 5 447
346507 9 309
346934 9 407
347035 2 1188
347072 3 923
347423 1 126
347515 3 277
347950 1 214
348367 1 156
348769 3 117
349016 1 540
349100 1 163
349292 2 131
349662 1 768
349725 1 41
349731 1 529
350527 5 203
351107 2 61
351578 1 664
352449 5 447
352757 8 867
353523 1 628
353692 1 111
354204 2 1008
356227 1 140
356731 3 236
357777 2 168
358451 2 301
358975 4 177
361465 2 1011
361533 1 964
361756 1 990
361837 1 77
362131 2 136
362638 6 211
363776 3 372
364137 1 144
364444 1 653
364586 2 148
364890 2 37
365480 1 585
365931 2 159
366012 1 128
366118 5 243
366542 13 332
366551 2 258
366720 9 161
366785 1 256
366970 10 248
368004 5 91
368182 4 496
368300 3 1166
368319 13 293
368442 7 410
370636 7 140
370649 1 190
371320 1 122
371606 17 546
371609 7 175
371612 3 644
371983 2 779
372000 4 642
373536 1 119
373732 7 164
374481 1 9448
374674 1 72
375208 9 190
375370 2 714
375383 5 481
377613 1 121
378193 1 670
378338 2 46
378888 7 562
379383 3 180
379984 3 198
380183 1 175
380637 1 485
380924 1 45
381087 3 284
381357 1 575
381382 2 803
381383 1 803
381385 5 552
381391 5 342
381869 2 411
381888 22 971
382379 1 145
383303 5 869
383747 2 42
385402 3 119
386233 2 182
386291 1 202
386827 1 371
387304 1 62
387533 1 625
388320 5 180
388845 1 285
389577 3 198
390002 11 430
390089 2 469
390179 2 264
390785 2 542
391185 1 454
391599 1 418
391832 1 419
392893 2 844
393560 1 48
394810 1 279
394820 1 881
394911 1 279
394983 1 882
396143 1 399
396269 1 57
397217 1 1116
397286 1 70
397986 1 112
398392 5 240
398603 3 45
398985 1 278
399031 3 119
399542 2 515
399628 4 127
399961 1 847
400289 7 292
400303 7 519
401174 1 168
401306 3 666
402119 2 159
403324 10 226
403327 10 638
403591 4 127
404574 1 99
405658 2 272
406809 1 39
407078 1 86
407198 1 112
407209 1 160
407566 3 427
407652 5 352
407849 3 282
407872 2 139
408908 2 95
409924 3 243
410203 1 67
410643 1 718
411075 4 280
414402 1 523
415071 1 704
416352 1 145
417466 17 684
418730 4 475
418762 11 725
418915 7 531
419019 2 366
419406 2 418
419409 1 125
419634 3 654
419685 9 370
420035 1 334
421376 1 729
421463 8 1154
421845 4 300
422197 4 220
422391 4 74
422525 2 114
422856 1 742
423447 1 764
424240 5 466
424612 4 194
426096 1 784
426318 1 1063
426550 1 46
427510 1 594
428186 2 578
428396 1 155
428821 3 433
429631 4 626
429787 2 185
429914 1 131
430034 3 144
430037 3 187
430567 2 480
431131 6 418
431946 1 132
432901 1 617
434726 1 554
434845 1 275
435092 1 227
435176 1 832
435565 1 210
436640 2 218
437240 1 328
437490 1 193
438245 1 791
438749 2 80
439600 1 148
439675 1 674
439839 6 182
440817 6 159
441319 2 44
441889 1 72
442172 1 1359
442549 4 90
443430 4 772
443437 2 579
443656 1 665
443822 2 383
444994 1 611
445652 2 114
446043 2 274
446365 3 608
448327 1 646
448472 7 170
448796 3 1286
449069 15 413
449164 1 341
449177 5 436
449273 1 155
450039 3 250
450518 8 3635
450520 11 2483
450631 2 603
450843 2 279
452749 1 140
452859 1 350
454122 1 175
454297 12 666
455525 33 789
455543 1 833
455545 4 649
456220 3 225
456229 2 127
456737 7 236
457178 1 253
458032 6 310
458033 6 312
458120 4 630
458295 2 137
458722 4 293
458811 11 356
459303 1 277
459598 1 728
459997 2 952
460069 2 393
460085 1 616
460204 4 392
460208 2 896
460210 1 435
461306 1 64
463279 1 291
463511 1 1132
464129 1 270
464331 1 488
464385 3 149
466077 2 58
466622 1 251
467041 4 222
467531 7 194
467810 4 225
468177 1 498
468851 1 96
469224 1 258
470726 6 167
470731 6 216
471534 6 627
472772 5 215
473253 15 414
473752 12 263
474252 1 568
474693 20 650
476070 1 127
476074 8 154
476319 2 79
476343 1 190
476489 1 255
476731 1 550
476973 4 252
477340 11 223
477613 1 141
477685 2 553
477877 3 130
477883 2 164
478699 4 553
479741 4 258
480103 1 217
480486 1 577
480501 1 246
480656 2 308
480855 11 598
481007 3 256
484328 1 127
484612 1 570
485934 2 235
486997 2 88
487206 1 241
487399 3 239
487987 6 191
489174 1 175
489905 1 749
490100 4 114
490494 1 184
490819 1 573
491269 3 528
491685 1 58
491735 1 137
491832 9 317
492191 1 150
492249 8 429
492262 1 385
492397 3 175
492525 2 248
493568 2 149
494816 3 317
495364 1 103
495831 1 64
495965 1 205
496031 2 559
496103 3 106
496125 1 213
496400 1 557
496415 2 603
496588 1 206
497427 2 82
497472 9 542
497550 2 694
497940 2 147
497949 2 575
498048 1 348
498840 2 663
499734 4 117
500258 1 246
501343 1 37
501481 1 221
501868 1 266
502259 1 649
502265 2 703
503496 3 560
504166 1 323
504782 2 53
505578 3 239
505631 7 433
506336 1 538
506384 1 97
507213 3 541
507445 2 93
509096 1 354
509883 1 144
510282 8 268
511512 2 228
511996 1 425
512437 1 47
512970 1 605
513298 1 61
513356 6 234
513742 1 278
513764 7 860
513765 6 241
514711 1 46
514826 8 636
516020 1 459
516193 8 754
516202 2 577
516336 6 664
516926 4 221
517306 10 592
518509 1 61
518601 2 250
519109 1 69
519334 2 567
520927 3 202
521020 3 587
521341 1 107
522745 4 69
522811 1 516
522916 1 572
522932 9 660
522935 3 844
523277 7 810
523816 2 1329
523873 5 594
524023 2 1306
524083 5 576
