499 1 275
699 2 461
6298 7 293
6805 3 336
8315 3 452
8451 1 296
8773 4 339
9631 3 439
9682 1 332
11553 12 437
11565 6 165
11944 3 152
13881 2 359
14237 1 210
14586 1 319
15181 3 374
16994 19 362
17842 3 524
20900 4 244
21014 6 324
21286 5 362
22855 2 274
23526 11 317
24456 2 340
26270 1 209
26481 1 375
26742 5 185
28541 1 421
28886 3 315
28892 1 272
29153 2 292
29240 4 279
30887 1 520
31021 1 407
31724 11 476
31910 1 537
32190 3 233
32586 3 327
32796 4 263
32946 6 342
33102 2 383
34633 1 418
36363 7 269
36453 7 229
39709 1 114
40784 3 453
41721 3 225
42054 1 241
42330 11 310
42373 4 301
42452 3 186
42540 6 340
42964 4 279
43134 6 265
43422 4 350
43808 2 235
43861 1 572
45739 2 136
45759 1 194
45916 2 148
47236 4 534
47237 10 490
52007 3 244
54436 5 234
57275 4 290
57506 1 312
57647 1 528
57679 8 211
58286 1 304
58880 5 337
59023 8 345
59798 5 269
60071 2 397
61222 2 363
61295 1 278
61538 2 271
61838 1 248
61848 3 373
62176 4 359
68320 2 385
69417 6 184
71442 7 336
72290 15 689
72293 6 635
74085 3 371
75612 3 215
76101 7 257
76608 11 439
76620 1 264
78258 1 325
82026 8 707
82027 8 699
83552 7 678
84414 11 394
84474 8 687
85645 1 153229
85773 1 82661
86550 10 765
86551 7 660
86552 8 686
86753 6 173871
87179 7 675
89074 7 683
89075 10 730
89076 12 741
89556 3 481
90181 2 24998
91250 1 3801
93771 3 9047
95289 3 135
95783 3 132
98333 11 706
98940 2 3451
100505 3 63
100631 3 142
100755 7 299
101367 7 1091
101534 2 78
101838 16 671
101896 6 230
101957 2 389
102109 9 369
102966 2 105
103684 2 438
103781 2 109
103844 2 396
103877 12 152
103940 1 78
104659 2 41
104673 1 1086
104974 3 93
105919 1 513
105971 10 191
106166 1 147
106376 2 350
106551 1 552
106912 3 232
107275 5 169
107628 1 96
107838 1 369
107857 2 366
108063 3 695
108934 5 747
110113 1 481
110299 11 413
110544 2 742
111130 11 478
111157 28 993
111683 1 109
111684 1 394
111739 1 335
111860 1 114
112518 1 339
113129 3 79
113615 2 535
113863 6 636
113875 4 661
113941 1 459
114024 2 762
114132 2 41
114782 1 288
114893 1 348
114902 5 201
114928 2 480
114982 3 470
115360 2 386
115381 2 488
115723 3 352
116404 2 465
116435 2 307
116558 2 58
116690 12 181
117167 2 50
117618 5 349
117821 3 144
117842 3 195
118235 7 122
118462 5 315
118488 2 98
118616 7 373
118676 1 467
118774 1 439
118891 1 410
118913 1 180
119569 2 600
119865 1 60
119880 4 120
120336 4 101
120669 1 364
121113 3 266
121982 5 1071
121991 4 723
122313 2 55
123037 8 234
124797 1 413
126131 7 1118
126568 1 60
126707 1 345
127567 1 817
128167 2 387
128216 5 363
128983 6 668
128985 20 577
128996 8 671
129156 1 137
129501 5 97
129620 11 298
129897 5 381
129972 2 492
129993 7 450
130360 3 289
131288 1 125
131693 1 124
131804 1 525
132049 1 583
132210 1 907
132277 3 164
132353 3 759
132439 2 292
132529 2 355
132817 3 122
133129 1 178
133131 1 166
133264 1 247
133430 1 133
133781 1 259
133789 1 198
134168 5 409
134179 1 358
134447 2 157
134764 3 725
135309 5 114
136008 1 268
136272 2 316
136287 20 408
136538 5 172
136594 3 505
137101 1 308
137445 8 611
137632 3 408
137669 2 130
137682 1 241
138050 4 1033
138265 2 443
138485 1 423
138612 2 748
138768 8 602
138877 8 131
139201 1 200
139307 6 619
139410 2 162
139736 1 172
139945 5 268
140155 5 376
140405 19 601
140406 1 114
140569 9 163
140994 1 735
141358 10 449
141719 3 439
141880 1 452
142123 1 363
142148 2 512
142469 7 583
142574 5 92
142646 1 472
142767 1 392
143115 2 527
143381 1 118
143397 17 393
143565 3 556
144027 3 171
144054 4 177
144163 1 145
144414 1 391
144631 7 668
145108 2 289
145141 2 468
145258 1 481
145275 3 220
145553 1 91
145641 2 665
147021 1 274
147821 5 630
148076 1 511
148187 1 643
148337 1 296
148388 3 675
148656 13 214
149101 3 648
149380 8 659
149615 10 568
149694 2 897
149819 6 310
150031 1 545
150055 1 140
150087 1 478
150140 1 483
150357 2 496
150497 1 1233
150640 1 354
151262 1 129
151345 6 127
151888 1 188
152091 4 327
152382 18 536
152706 7 180
153052 5 115
153213 5 140
153357 1 591
153467 11 536
153636 1 1288
153678 2 349
153896 1 343
154400 13 275
154412 6 348
154509 1 432
154545 3 273
154614 3 349
154661 5 132
154753 1 1410
155308 1 154
155524 2 279
155860 8 364
155897 4 1411
155905 1 70
156198 4 559
156492 2 498
156595 3 63
156728 1 1262
157121 3 879
157158 1 56
157347 3 314
157468 2 407
157614 2 532
157948 13 571
158253 1 299
158269 2 124
159074 1 104
159124 3 105
159189 5 368
159373 2 348
159980 7 332
160051 2 164
160467 13 204
160594 1 656
160676 7 134
160745 1 335
161012 2 709
161191 1 188
161500 1 740
161654 4 108
161797 3 124
162198 4 90
162229 6 666
162273 2 446
162296 3 176
162455 1 466
162519 3 368
162764 2 445
162781 1 584
162838 10 316
162845 1 202
163026 3 110
163087 1 299
163150 2 578
163284 1 81
163526 3 637
163739 1 502
163898 10 458
164629 3 89
164782 1 67
165263 1 823
165468 2 348
165567 10 543
165678 3 454
165972 4 89
166062 7 172
166185 2 571
166385 3 149
166611 3 311
166662 1 99
166711 12 546
166724 1 227
166726 3 97
166737 4 140
166905 2 376
166941 2 134
167002 1 366
167181 19 668
167309 5 511
167506 2 571
167731 1 257
167903 1 193
168134 6 437
168167 1 858
168205 1 346
168227 1 370
168891 1 96
168924 1 444
169065 3 70
169538 3 517
169561 1 49
169703 4 338
169971 1 435
170555 1 768
170624 3 453
171202 5 85
171239 5 1455
171248 2 299
171361 2 250
171537 1 474
171599 1 92
171962 2 108
172228 2 405
173111 1 46
173640 1 336
173656 1 332
200723 2 157
201643 1 124
202069 17 8208
202691 1 447
210656 2 116
218273 3 117
225331 23 3795
226736 1 85
231279 1 262
231399 2 142
234330 29 1861
236091 10 356
237480 2 310
239714 1 260
241120 11 1005
241269 4 1398
245969 2 198
246521 2 8981
247153 4 17318
247550 4 255154
248809 1 45708
249040 3 1666
253018 3 331696
253311 8 35432
254108 1 174176
257312 4 16694
259115 3 25791
260787 1 55438
260902 1 206
262574 9 238
272996 4 476
273357 5 189
274250 1 588
274251 2 257
277509 1 310
277510 1 579
277511 1 608
278893 11 382
278895 5 526
278908 1 311
278909 4 302
286233 2 319
286250 4 506
286290 5 497
286300 1 624
286302 4 441
286303 1 291
289043 18 576
295319 1 317
298851 7 2655
301567 5 160
301568 5 162
301569 4 158
302344 5 340
310855 1 400
313665 1 256
317571 3 177
322479 3 94
322482 3 94
325450 8 666
327760 7 191
329058 28 995
331532 2 274
331533 6 495
332370 4 104
338638 1 31
339022 7 946
339562 4 330
340152 5 117
341107 3 704
341611 7 561
341844 3 334
343871 4 136
344843 3 223
346422 3 378
347791 1 183
355216 7 465
355463 5 133
355468 1 41
357578 16 420
357831 5 678
362214 13 652
365512 2 885
367178 7 654
371870 8 243
376609 3 211
379861 2 652
381927 7 574
385885 2 45
387255 2 197
388055 1 263
391305 10 611
393057 5 275
400966 4 803
402322 31 638
402421 6 528
402774 4 189
405181 4 132
406820 1 124
412921 8 621
415798 4 586
415892 4 792
416479 6 360
417974 1 56
421355 3 426
421920 3 160
422907 2 198
423274 3 212
423488 2 97
425394 3 107
430705 5 265
432337 1 67
433524 17 487
434111 5 730
435077 5 205
435682 2 824
436730 14 216
444993 2 201
447572 12 691
447698 2 552
450876 2 131
451879 2 534
452261 6 204
453462 7 549
456013 2 463
460365 2 564
460941 1 88
461976 1 153
462326 6 495
462467 2 178
465257 2 57
466813 10 380
467122 1 619
471091 21 711
471949 5 631
475712 1 764
476866 1 497
479981 11 696
483307 1 115
483872 5 124
486714 3 135
487224 6 503
487691 3 453
490597 2 227
490698 1 428
493429 3 480
494201 1 520
496333 5 232
503323 10 362
503770 14 532
503804 3 988
504053 2 95
508912 1 119
510186 2 653
513196 3 368
514735 1 239
514770 3 255
516814 9 777
516853 2 430
522058 16 661
499 1 275
698 1 430
699 2 461
6298 4 293
8773 1 339
16994 6 362
20616 1 355
23526 17 317
28886 2 315
47237 1 490
61043 2 413
69970 1 112
70549 3 317
78258 2 325
79933 1 804
80146 1 873
80147 1 904
80170 1 1096
80171 1 1074
80645 1 4945
80839 7 1201
81116 1 1184
81518 1 766
81623 5 5535
82026 3 707
82027 3 699
82364 1 764
82648 8 18160
83320 1 4074
83382 2 31
83388 2 31
83552 3 678
83668 1 1428
84414 1 394
84474 4 687
84601 6 27345
84608 1 1259
85212 1 935
85645 144 153229
85773 47 82661
85964 1 447
85978 2 25
86243 1 1139
86279 1 314
86350 1 2341
86550 4 765
86551 4 660
86552 4 686
86753 119 173871
86765 1 870
87179 4 675
88181 1 977
88182 1 849
88652 1 1179
88667 1 892
89074 4 683
89075 4 730
89076 4 741
89412 1 2519
89556 4 481
89745 1 159
90181 3 24998
90889 1 1312
90908 15 17901
91145 1 950
91146 1 1055
91250 1 3801
91397 5 7407
92442 1 736
92488 1 1622
92496 1 363
92959 1 491
92960 1 851
93109 1 836
93110 1 1038
93669 1 531
93771 1 9047
94748 1 877
95289 1 135
95656 5 10014
95709 1 837
95783 1 132
95833 1 2722
96913 1 3699
97557 1 859
97615 1 234
98333 4 706
98745 1 129
98940 1 3451
99596 1 319
100447 2 127
100456 25 810
102115 2 188
102676 1 351
106551 1 552
107459 8 96
108783 1 121
108934 1 747
109715 1 176
110181 8 1338
110509 1 51
110612 1 165
110717 1 69
111074 3 660
111336 12 340
114025 3 406
119384 15 259
119550 2 451
120233 1 78
121380 1 616
121461 2 595
121657 1 457
121721 9 521
122470 2 214
123666 2 69
126144 1 755
126434 1 55
127179 13 687
127664 1 522
128167 1 387
128216 1 363
128996 1 671
129783 2 421
129804 1 608
129897 2 381
129991 1 289
130108 3 62
130360 2 289
130866 2 103
132529 1 355
134447 1 157
134838 5 106
135400 1 415
136273 1 1271
141409 5 1237
143454 2 133
143820 2 165
146044 2 240
148125 1 149
148187 2 643
148777 5 424
150140 2 483
150154 6 91
151184 4 159
152727 1 83
155897 2 1411
156351 1 978
160607 2 270
161322 3 163
161409 2 843
161567 2 426
163063 2 602
164384 2 336
165567 1 543
167181 1 668
167244 1 276
168532 7 674
168571 1 333
168697 2 129
168742 3 100
170608 2 656
170649 1 120
170863 6 347
175102 1 462
175132 2 413
176259 1 156
180000 2 138
181898 3 356
183582 1 234
186079 1 114
186297 1 661
188536 1 461
189947 1 102
190444 5 3984
190495 4 135
192501 4 441
194749 4 144
195287 1 115
195288 1 98
195339 3 738
196685 4 521
199843 2 474
201170 9 1089
201643 1 124
202013 1 530
202069 30 8208
205409 2 391
206375 9 13025
206409 1 136
206505 1 140
206845 5 633
208114 2 95
211687 10 14537
211831 2 106
216633 9 15666
217204 12 194
217495 5 102
219505 1 2185
219506 1 2187
221201 9 15087
221971 1 84
223347 1 427
224012 2 363
224288 1 398
224402 2 100
225331 32 3795
226237 4 142
226681 1 109
226736 1 85
227143 3 492
227754 1 345
228151 6 280
228491 7 514
230477 18 611
230712 16 154
231678 1 698
236603 1 215
243248 407 97794
244515 193 137580
247153 3 17318
247550 399 255154
248181 2 22248
248809 4 45708
248936 1 47
249040 5 1666
250446 11 1259
253018 504 331696
253067 402 104143
253311 7 35432
253593 498 171848
254108 505 174176
255476 12 44402
257129 1 14144
257312 1 16694
258078 2 217
259115 8 25791
259173 1 9957
260075 1 454
260787 3 55438
260902 2 206
263445 2 1034
263562 1 5382
263724 1 1484
266413 2 22
269004 1 1480
269262 1 2473
269508 1 3061
271752 2 1305
273210 1 2071
273357 1 189
274251 1 257
278691 1 953
278895 1 526
278909 1 302
279396 1 1690
279590 1 330
284674 1 1882
284883 19 163
285527 1 282
287127 1 423
287471 1 1262
289043 1 576
290570 1 1867
292942 1 723
295319 1 317
295489 1 1893
298162 2 6004
298851 1 2655
299471 1 1264
299534 1 867
301567 1 160
301568 1 162
301569 1 158
303333 1 294
304854 1 1504
304855 1 1419
304905 1 1478
305895 1 1559
305896 2 1004
305897 1 1437
305900 1 1495
305985 1 788
307812 2 1857
308023 1 3961
308054 1 363
309638 1 289
309771 2 1521
309772 1 1547
310852 3 287
312316 1 638
312764 1 569
313344 30 260
313537 1 1507
313665 2 256
324890 1 596
331533 1 495
341107 1 704
357578 6 420
362214 1 652
362586 1 341
365512 2 885
393057 2 275
408686 15 495
412921 1 621
416479 2 360
417974 1 56
421355 1 426
428541 4 607
447572 1 691
447698 2 552
450876 2 131
452261 1 204
453462 1 549
462326 3 495
487224 1 503
493429 2 480
503804 1 988
504053 1 95
507122 1 568
516814 1 777
516853 1 430
522058 1 661
492 1 309
16196 1 317
19241 1 258
19318 1 688
24322 1 308
26481 1 375
34679 5 170
35056 5 200
35915 1 448
37535 1 426
39910 1 326
45980 1 467
62337 1 407
63354 1 301
67476 1 513
72899 3 129
76111 1 225
77405 1 177
77899 1 262
79831 1 445
79894 1 496
81116 1 1184
81623 1 5535
82648 1 18160
83668 1 1428
86243 1 1139
86279 2 314
86350 1 2341
86753 1 173871
88667 2 892
90181 3 24998
90908 20 17901
92488 1 1622
95833 9 2722
96913 7 3699
97557 1 859
100084 1 125
114982 1 470
115610 1 300
116897 2 352
124993 1 651
126144 1 755
127324 1 626
129873 1 118
131660 1 901
134179 1 358
136315 16 1126
137660 1 321
139677 1 936
141358 1 449
146904 1 577
147708 1 191
149808 1 282
150031 1 545
150055 1 140
150857 1 793
156416 1 182
157836 1 542
160081 3 1104
161012 1 709
164427 1 782
165542 1 695
167915 1 576
168697 1 129
173971 1 1075
188947 1 279
206375 1 13025
206563 2 728
211687 1 14537
216633 1 15666
221201 1 15087
233576 2 1366
241120 1 1005
255476 1 44402
259173 1 9957
260072 2 599
260075 1 454
263562 13 5382
263724 8 1484
276201 3 820
276504 6 373
276505 6 175
276506 6 287
283586 1 484
283644 1 381
284990 2 220
285527 2 282
286275 1 182
292942 3 723
298162 1 6004
299534 1 867
303333 2 294
303655 3 305
304854 1 1504
304855 1 1419
305895 1 1559
305897 1 1437
305900 1 1495
308023 4 3961
308054 1 363
309638 1 289
312316 2 638
312764 1 569
319850 1 93
321905 1 455
324890 1 596
327485 2 631
339551 1 142
349848 1 382
353149 1 135
353168 1 164
355014 4 370
360024 1 611
362911 3 100
366905 1 461
367863 1 311
388869 1 756
390375 1 213
394232 4 577
395827 1 236
396781 1 465
404785 1 500
409250 1 439
414319 1 388
415892 1 792
428238 1 517
429196 4 462
429197 1 334
430571 1 488
435682 1 824
437258 1 398
438910 5 732
442129 3 569
442437 1 197
444577 1 1024
445305 1 455
447572 3 691
448536 2 689
448537 1 462
457890 1 512
464102 1 320
465141 1 263
469210 2 567
470473 1 238
471091 14 711
471245 4 164
473669 1 531
477439 1 529
486637 6 131
487691 1 453
492618 1 463
493500 1 860
493972 1 347
502774 1 734
507061 1 878
507064 1 865
507122 1 568
518787 1 633
522156 1 95
