509 1 374
884 2 270
5828 1 337
6787 1 277
8883 2 344
15053 2 304
17513 1 308
21158 1 261
26803 1 521
29519 1 366
30603 1 468
31276 1 562
34838 2 284
35478 7 317
36443 3 359
37407 1 196
38043 2 462
38170 1 344
39178 1 370
39297 1 345
47683 1 527
52756 2 349
58428 1 350
58525 1 362
59647 1 529
59769 1 527
62457 1 420
62517 2 187
66017 1 327
69435 2 284
75383 1 386
75457 1 550
77167 2 495
79341 1 326
79423 1 403
79427 1 666
79442 1 375
79465 2 541
79576 5 452
79577 1 391
79675 1 324
81097 11 8031
81124 6 282
81229 9 6198
81524 5 1541
81629 5 278
81905 6 244
82270 19 5904
82525 6 214
82683 89 9014
83029 5 452
83561 2 1450
83674 123 13400
83924 4 2049
84199 15 5369
84233 7 356
84234 6 241
84481 5 292
84713 152 9971
84850 5 249
84862 1 137
85368 63 74892
85481 10 70500
85645 54 153229
85666 18 13003
85687 24 28718
85773 22 82661
85804 28 30970
85812 6 227
86034 10 48792
86753 89 173871
87315 7 331
87444 6 269
87811 21 30658
88196 5 425
88325 7 238
88676 6 298
88805 6 216
89153 6 1553
89432 74 38895
89914 6 231
89915 6 229
90316 6 270
90317 5 225
91313 7 269
91377 18 27246
91554 6 242
91654 7 183
91828 10 17995
91853 10 18049
91892 6 233
92188 137 64658
92329 137 64673
92539 10 463
92614 5 296
92615 5 295
92616 5 317
93482 25 5963
93654 21 102204
94284 70 72168
94285 24 21629
94330 13 714
94470 14 20557
94616 6 277
94757 5 281
95390 9 7502
95965 5 249
96027 44 30491
96045 8 23429
96049 107 78606
96051 13 78869
96063 62 37082
96136 16 20896
96187 14 822
96305 59 38919
97095 2 1444
97544 20 12240
97924 17 1951
98180 35 8843
98182 11 2627
98202 6 253
98551 2 841
99045 9 1414
99053 2 27408
99063 13 4077
99176 1 1382
99209 21 3217
99885 2 452
100334 2 566
100813 1 708
101302 1 194
101404 1 678
101409 1 54
101657 1 622
101781 1 76
102034 11 507
102047 3 765
102397 1 485
103154 1 365
103894 2 702
104151 1 8662
104312 1 958
104560 1 471
104853 2 171
105215 1 1171
105248 2 228
105269 1 4204
105554 1 395
105590 1 577
105664 1 550
106058 1 492
106785 1 983
106827 1 1146
106849 2 633
106872 1 440
107100 2 798
107118 4 347
107473 1 501
107666 1 68
107735 1 622
107822 1 205
108401 3 539
108498 1 464
109002 2 745
109094 1 112
109096 1 1525
109464 1 1042
109525 3 786
109908 1 598
110038 1 522
110160 5 542
110889 1 1278
111164 2 170
112036 2 759
112799 1 677
113036 2 360
113600 1 530
114281 1 741
114356 3 1002
114388 1 816
114441 1 790
114471 1 317
114714 1 155
114743 1 1846
114744 1 736
114833 1 296
114885 1 553
114950 1 1976
115005 1 709
115270 1 578
115383 1 84
115514 1 628
115993 1 638
116257 5 1372
116362 2 631
116459 2 164
116534 1 468
116645 4 1246
116865 1 832
116926 2 1210
117004 2 377
117222 1 482
117316 2 610
117408 2 852
117606 2 929
117721 1 641
117791 1 211
118421 1 77
118509 1 736
118683 1 624
118892 1 485
118963 2 441
118997 1 399
119000 2 94
119449 4 560
119815 2 166
120230 1 61
120440 1 807
120979 1 474
121537 1 507
121995 2 650
122006 2 537
122096 1 641
122739 3 696
122761 4 840
122795 1 1159
122988 1 556
123004 7 1069
123284 1 360
123372 1 691
123492 1 809
123677 1 520
123897 3 1317
123914 1 579
123976 2 242
124138 1 446
124252 3 496
124305 5 2625
124417 3 171
124542 2 1266
124967 1 749
125073 1 1257
125795 1 79
125916 2 94
125938 1 252
126075 1 672
126174 2 318
126224 1 861
126611 2 911
126645 1 743
127016 2 729
127114 2 8902
127161 5 657
127420 1 610
127964 5 370
128144 1 452
128443 2 549
128870 1 521
129013 3 758
129034 1 57
129053 1 273
129094 1 805
129100 1 380
129758 1 535
129942 1 332
130387 1 1261
130691 1 153
131659 1 648
131699 1 101
131776 1 727
132462 1 935
132937 1 448
133222 1 585
133239 1 404
133267 1 433
133329 1 126
133777 1 1138
134456 2 816
134528 1 961
134687 1 262
134690 1 341
135001 2 145
135142 2 137
135274 1 370
135299 1 472
135593 1 1369
136012 4 669
136034 1 122
136043 2 151
136212 1 1056
136300 1 349
136312 1 522
136455 2 368
136463 1 559
136616 1 129
136967 1 552
137220 2 267
138403 1 581
138708 1 430
140182 1 628
140289 1 473
140738 1 131
141114 1 449
141321 1 77
141326 1 174
141369 1 413
141877 1 562
142131 1 319
142328 1 941
143220 1 258
143226 1 183
143388 11 1566
143658 1 658
143797 1 138
143892 2 946
143934 4 820
144114 1 395
144681 1 304
144762 1 188
145229 2 173
145872 1 262
145931 1 148
146686 1 510
146738 1 152
146827 2 470
147133 1 9616
147240 1 572
147399 1 1089
147875 2 526
147934 2 571
148015 1 553
148066 4 461
148093 1 184
148280 1 157
148396 1 158
148424 1 889
148624 2 216
148660 1 459
148678 1 130
148697 1 1082
148849 1 482
148857 1 512
149058 6 480
149154 1 2134
149178 1 252
149833 1 624
149877 1 233
150226 1 154
150491 1 520
150506 2 513
150719 1 1139
151309 1 515
152200 1 819
152279 1 793
152398 1 344
152410 1 569
152490 1 93
152712 1 663
152720 1 442
154118 1 753
154718 1 536
155022 1 754
156387 1 150
156520 1 156
156685 1 327
157037 1 374
157080 1 146
157755 2 547
158142 1 200
158392 1 537
158619 2 973
158997 1 837
159160 1 10016
159493 1 569
159507 1 82
159760 1 659
160069 13 701
160111 1 472
160445 1 894
160909 1 200
161057 1 741
161207 1 1008
161778 1 83
161814 3 527
161843 1 412
161939 2 384
162120 2 1353
162188 1 1070
162270 1 72
162427 1 611
162585 1 402
162843 1 428
162988 1 100
163141 1 1084
163162 1 101
163257 1 612
163273 2 850
163392 1 690
163499 1 140
163545 4 2151
163675 2 662
163853 2 525
163902 2 253
164019 1 681
164021 1 921
164254 7 313
164271 1 148
164414 1 175
164434 1 664
164643 1 508
164825 1 1029
165116 1 110
165162 1 270
165323 1 467
165550 2 130
165854 1 163
165890 1 755
165993 1 235
166181 1 98
167127 1 119
167593 2 2703
167622 3 713
167690 1 537
167716 1 404
167731 2 257
168141 2 102
168209 1 1232
168243 1 624
168774 1 383
168862 1 734
168941 1 926
169110 2 483
169138 2 1458
169336 1 223
169533 1 560
169691 2 165
169901 1 461
169936 1 567
170056 1 634
170270 5 731
170326 1 97
170640 1 211
171335 3 194
171477 1 103
172235 1 350
172775 1 249
172921 1 604
173030 2 366
173198 1 552
173381 1 137
173745 1 671
179196 4 130
184855 1 138
190548 2 132
198573 1 723
201029 4 105
201840 1 102
202124 1 101
202227 3 90
203190 1 92
206112 1 4970
206990 2 93
213684 3 611
213965 3 1793
216052 2 82
218222 3 126
218223 1 111
218246 1 102
219094 1 130
221018 1 112
222158 1 323
225581 1 119
232238 1 183
232466 2 524
232660 1 562
232669 3 1268
232922 1 229
233073 2 184
233841 1 339
234356 1 449
234387 1 776
234427 1 383
234441 2 145
234532 1 196
234961 2 830
236176 2 1230
236947 4 680
237452 2 5243
237647 5 185
237870 8 315
237933 1 554
238077 7 7033
238371 2 1438
238852 5 1229
238923 2 18797
238997 6 304
240051 4 683
240286 8 500
240366 8 117963
240873 1 310
241100 1 170
242081 3 211
242140 1 352
242560 2 540
242682 1 2540
242726 1 1525
242889 1 4454
242895 1 17086
243124 3 554
243135 1 2540
243248 32 97794
243249 10 55340
243328 9 30540
243512 8 3615
243568 8 51992
243636 14 73383
243696 7 15292
243698 44 29409
243742 14 52641
243744 99 19522
243779 1 667
243797 3 11892
243878 1 161
244295 32 43543
244400 2 18019
244483 1 12243
244513 1 6820
244515 66 137580
244583 2 3819
244846 7 32902
244998 22 56078
245029 28 93035
245084 6 3091
245122 7 20319
245126 1 10341
245185 2 11699
245219 2 135
245346 2 21516
245371 2 6774
245372 1 8138
245449 7 35219
245617 3 24889
245637 1 3806
245668 42 47659
245721 7 12050
245998 4 26287
246003 25 79294
246180 9 5856
246182 4 13686
246185 3 16049
246208 3 7991
246220 10 47306
246350 2 3664
246466 22 14527
246526 1 15571
246603 8 39939
246610 15 29250
246695 14 65027
246877 1 6449
247008 8 23763
247209 9 48787
247357 1 1643
247387 8 63961
247400 9 13116
247406 11 42749
247469 60 160821
247472 6 5725
247517 49 40187
247550 81 255154
247672 50 33059
247826 17 14203
247894 1 371
248097 1 16630
248106 1 9186
248179 8 34397
248562 6 40310
248563 1 6545
248610 60 211360
248634 6 38855
248688 3 17594
248705 7 2834
248710 2 3206
248712 2 11964
248764 7 4113
248788 12 56946
248816 5 17214
249058 1 4496
249151 24 38079
249190 1 14664
249263 5 10722
249338 1 11760
249339 6 15594
249519 2 9653
249535 3 832
249570 8 33965
249740 27 228328
249768 1 163
249813 1 4931
249902 3 35189
249976 2 492
250059 7 37994
250073 10 19941
250192 2 8049
250331 8 19950
250533 19 14895
250615 9 32287
250616 6 37169
250619 5 24517
250722 23 20017
250791 1 5892
250872 1 158
250891 4 118
250899 13 13191
251027 16 42465
251085 2 15468
251188 3 2789
251429 1 1773
251525 3 18764
251528 1 12690
251548 3 3017
251740 2 6421
251756 5 19516
251781 2 5124
251800 5 24372
251946 2 2878
252039 1 2572
252154 8 29717
252227 1 4408
252470 20 6441
252474 7 81579
252827 5 1150
252849 4 18559
252921 14 52519
252986 13 40464
253018 63 331696
253067 33 104143
253139 4 8192
253285 2 122
253311 12 35432
253330 2 1878
253354 20 57179
253462 33 48129
253588 2 13837
253593 46 171848
253661 6 22094
253729 11 21686
253772 1 112
253795 5 27039
253806 3 1642
253846 1 4965
253849 8 22736
253990 14 26077
254108 22 174176
254240 21 25265
254368 3 7195
254865 3 201
254871 11 36421
255144 38 25727
255235 2 22001
255289 13 51128
255292 11 10370
255417 13 27737
255476 21 44402
255479 1 10378
255562 3 1850
255609 12 22114
255634 9 29071
255691 1 3597
255777 16 64507
255823 5 21270
255827 1 12288
255830 11 84137
255986 8 12990
256022 2 11475
256283 19 34425
256407 1 122
256451 7 4516
256496 3 29777
256604 43 37731
256687 6 11982
256809 1 3316
256847 6 24054
257049 4 26471
257129 12 14144
257132 9 20479
257133 17 26221
257137 8 17976
257305 1 37731
257344 34 45609
257345 83 89736
257475 8 25255
257673 16 58812
257812 12 103213
257958 1 466
258162 21 4481
258559 2 52150
258719 1 8709
258987 8 21620
259062 5 8707
259115 6 25791
259306 2 277
259307 4 169
261118 5 267
261256 7 242
262826 6 205
262835 3 452
263226 8 433
263227 3 348
264446 8 458
264475 2 224
264533 4 450
264545 5 248
265580 42 6333
265708 4 407
266609 3 175
266749 2 336
266823 9 479
267139 4 323
267289 17 17754
267459 6 363
268002 6 214
268209 1 298
269487 1 396
269710 3 420
269999 3 128
271019 2 499
271051 6 409
271720 1 361
271723 1 378
271725 2 285
271726 1 287
271728 1 355
271734 2 341
271736 4 346
271850 63 20008
272643 2 420
272653 4 437
273243 4 499
273248 15 779
273249 16 578
273250 3 271
273251 2 530
273252 10 372
273253 24 613
273254 9 276
273257 18 764
273258 21 408
273259 16 276
273260 12 403
273261 21 758
273262 8 336
273266 3 493
273269 11 238
273270 11 343
273271 13 329
273272 12 456
273273 9 237
273300 1 316
273609 18 584
274189 4 423
274564 2 273
274568 2 262
275802 4 592
276273 1 442
276274 1 345
276275 1 277
276676 3 1657
277123 2 325
277277 3 718
278328 22 360
278861 1 238
278962 5 216
279244 9 620
279803 7 534
280678 14 495
280682 5 406
280755 34 32241
280842 8 675
284065 11 384
285801 5 215
285802 5 212
285812 13 451
286109 4 587
286448 5 225
286565 18 13034
288290 4 227
288291 1 270
288719 3 291
289797 5 520
290372 16 598
290440 17 288
290991 5 243
291447 18 447
291598 2 479
291755 12 203
291761 13 349
291991 5 327
292016 3 364
292361 1 628
292490 2 378
292491 5 186
292738 3 386
293191 9 390
293387 14 19523
293660 8 359
293873 2 9225
295262 5 264
295551 2 361
295815 2 569
295943 54 29903
296006 11 571
296354 3 270
296403 4 358
296776 19 412
296832 4 745
296834 5 271
296835 5 204
296995 1 470
297132 4 229
297737 1 538
297821 7 259
298088 7 249
298100 9 368
298527 3 985
298589 14 454
298854 4 3484
298985 5 257
299284 9 343
299504 5 222
302630 2 379
302702 3 367
302781 36 18238
304843 1 455
304844 2 506
304845 1 489
304846 1 341
304847 1 222
304942 2 210
305104 1 540
305418 4 392
305419 14 687
306058 18 10490
306628 5 235
306629 6 245
306783 3 11472
306919 1 4466
307401 2 239
307610 4 185
307611 4 576
308385 5 276
308386 4 123
309050 5 562
309051 9 672
309545 3 274
309617 2 137
309703 1 232
309824 24 9266
310155 19 480
310735 4 534
310968 14 495
310972 5 406
311281 30 443
311319 4 466
311320 19 494
311355 48 64459
311388 3 200
311389 4 260
311933 1 715
312738 20 237
313668 21 19068
313905 8 592
313932 4 282
313976 3 431
314512 2 52248
315745 3 541
323927 1 80
324024 2 421
326059 1 616
328883 1 411
332371 1 148
332483 1 66
339146 1 407
340454 2 277
350010 1 35
356310 1 492
364061 2 299
365163 2 638
367292 1 166
379524 3 490
379526 2 701
385645 2 287
386865 6 600
392114 2 275
405271 1 532
416959 8 717
417928 2 267
423682 3 250
427646 1 213
432305 2 201
432315 2 298
433672 1 287
439032 4 467
440048 1 196
441443 1 235
444495 1 95
468366 2 435
473530 1 151
491423 2 814
501348 1 241
502100 1 429
513346 2 493
519889 1 233
505 4 388
509 1 374
884 2 270
4365 2 321
6787 1 277
8883 1 344
8939 1 688
10006 1 114
10521 1 530
14511 1 406
16129 1 155
16259 1 423
18799 2 448
21158 1 261
23858 1 466
23940 4 488
24903 1 333
25205 1 564
26208 1 634
31276 2 562
35478 3 317
36485 2 597
36721 1 317
37375 1 181
41817 2 115
41975 1 155
42917 1 269
44205 1 326
44275 1 250
46728 1 314
47572 1 482
48224 1 444
50156 1 518
50219 1 656
50281 1 444
52338 1 460
54154 1 415
54772 1 383
57539 1 370
59555 1 518
59647 1 529
59889 2 524
60299 1 421
63081 1 210
63548 1 425
63734 1 333
64691 4 555
64982 1 396
66017 2 327
66893 1 499
68607 1 466
69435 2 284
72055 2 436
72628 1 288
73907 1 515
75375 1 544
75383 1 386
77167 2 495
78007 1 313
78185 3 767
78186 3 677
79246 1 445
79406 1 465
79427 1 666
79442 2 375
79452 2 286
79567 2 396
79602 1 589
79675 1 324
81097 51 8031
81124 3 282
81524 1 1541
81629 3 278
81905 3 244
82270 12 5904
82525 3 214
82683 9 9014
83561 4 1450
83674 33 13400
83924 6 2049
84199 64 5369
84233 3 356
84234 3 241
84481 3 292
84713 2 9971
84850 3 249
85368 55 74892
85481 113 70500
85645 52 153229
85666 12 13003
85687 49 28718
85773 17 82661
85804 4 30970
85812 3 227
86034 2 48792
86753 72 173871
86987 4 516
87315 2 331
87444 4 269
87811 7 30658
88196 1 425
88325 2 238
88676 4 298
88805 2 216
89914 2 231
89915 3 229
90316 3 270
90317 3 225
91313 3 269
91377 28 27246
91554 3 242
91828 69 17995
91853 69 18049
91892 3 233
92188 67 64658
92329 67 64673
92614 4 296
92615 4 295
92616 4 317
93482 1 5963
93654 85 102204
94284 105 72168
94285 57 21629
94470 5 20557
94616 3 277
94757 3 281
95965 3 249
96027 8 30491
96045 13 23429
96049 57 78606
96051 19 78869
96063 95 37082
96136 9 20896
96187 1 822
96305 69 38919
97095 3 1444
97544 7 12240
97924 3 1951
98180 1 8843
98202 3 253
98551 4 841
99053 3 27408
99063 1 4077
99209 1 3217
100034 1 61
101086 1 120
101387 1 501
101486 7 733
101626 4 1297
101657 5 622
101692 1 632
101791 2 112
102255 1 878
103083 2 745
103154 1 365
103471 2 1486
103597 1 389
103875 1 570
104076 1 793
104151 1 8662
104312 5 958
104561 5 665
104880 1 423
104897 1 408
105269 2 4204
105368 1 107
105554 1 395
105579 1 459
105590 1 577
106257 1 704
106309 2 156
106729 1 99
106753 2 785
106785 1 983
106827 6 1146
106849 1 633
106923 1 1014
106945 3 179
107735 1 622
107789 1 520
108138 3 443
108679 4 493
108977 1 705
109002 4 745
109049 1 590
109096 3 1525
109148 1 511
109464 1 1042
109495 1 1066
109525 4 786
109676 7 743
109922 1 812
110038 1 522
110147 1 722
110160 1 542
110511 6 1724
110754 1 440
110807 1 64
110889 5 1278
110988 1 602
110992 2 295
111120 3 741
111222 1 476
111369 2 561
111407 1 486
111661 1 79
111935 1 781
112117 1 541
112384 4 1330
112602 1 376
112691 2 423
112799 6 677
113017 9 654
113600 6 530
113923 1 313
114067 7 1131
114441 1 790
114659 1 241
114744 1 736
114833 5 296
114950 3 1976
114953 3 321
115005 1 709
115362 1 389
115739 1 285
115758 3 873
115900 2 1221
116333 1 501
116505 12 1234
116523 2 167
116822 3 857
116926 2 1210
117529 1 360
117858 1 580
117933 1 579
118152 1 190
118225 2 566
118259 1 174
118499 2 226
118585 4 333
118859 2 1058
119194 1 604
119312 1 557
119449 1 560
119543 6 810
119616 3 1551
119747 2 1261
119774 9 493
119815 1 166
120067 2 875
120193 1 582
120223 1 165
120750 1 189
120801 2 1686
120979 1 474
121155 5 1115
121199 1 698
121231 5 757
121304 5 870
121708 1 134
121734 1 699
122481 1 1302
122661 2 1567
122692 1 1739
122780 1 1383
122795 1 1159
122988 1 556
123047 1 402
123048 1 197
123284 1 360
123304 1 391
123372 1 691
123685 3 342
123882 4 424
123914 2 579
124038 1 869
124121 1 250
124305 1 2625
124804 4 717
125312 1 645
125570 1 438
125755 1 809
125870 1 473
125890 2 563
126024 1 656
126174 1 318
126209 1 736
126224 12 861
126356 4 671
126505 1 1132
126603 2 417
126855 1 579
126966 2 857
127016 8 729
127114 2 8902
127121 1 262
127149 1 82
127153 6 740
127161 1 657
127357 1 597
127415 1 244
127472 3 239
127563 1 540
128626 3 1174
128995 1 790
129013 8 758
129094 1 805
129100 1 380
129111 1 566
129434 2 3012
129439 5 1341
129527 1 273
129627 12 464
129914 1 759
129979 2 584
130147 1 642
130209 1 720
130341 1 572
130399 1 546
130676 1 248
130868 3 859
130892 9 152
130955 1 897
131580 1 414
132070 1 446
132103 2 1240
132322 1 136
132359 1 932
132396 1 606
132462 4 935
133302 1 482
133355 1 396
133464 12 998
133478 2 742
133703 1 512
133777 1 1138
134100 4 355
134686 9 380
134807 1 1080
134984 2 588
135034 2 393
135044 1 103
135205 1 635
135265 13 1193
135593 1 1369
135787 1 165
136067 1 609
136212 2 1056
136455 3 368
136463 9 559
136587 24 612
136859 3 669
136967 9 552
137158 1 220
137230 1 612
138403 3 581
138785 1 1243
138999 2 766
139122 1 571
139189 5 766
139324 1 237
139386 3 146
140038 3 343
140218 2 239
140807 7 588
140998 1 250
141114 1 449
141572 19 744
141784 5 183
141836 1 1148
142078 1 505
142084 1 772
142131 1 319
142190 2 789
142333 1 853
142426 1 391
142798 12 560
143110 1 482
143172 1 482
143251 1 505
143388 1 1566
143544 2 347
143640 2 1392
143878 3 546
143924 2 110
143934 3 820
144096 1 724
144144 5 704
144335 1 244
144475 1 355
144492 1 605
144721 4 122
145058 1 178
145153 3 544
145393 2 660
145444 4 607
145460 8 315
146380 2 682
146391 2 683
146455 1 639
146456 2 259
146524 5 559
146530 2 261
146738 2 152
146763 1 475
146827 1 470
147201 2 692
147240 20 572
147316 1 743
147399 7 1089
147650 1 253
147654 3 741
147783 1 710
147875 1 526
148424 1 889
148602 2 635
148697 3 1082
148852 1 667
149010 5 1154
149335 5 220
149395 2 584
149399 2 700
149833 3 624
150012 1 165
150226 1 154
150491 1 520
150495 1 243
150506 2 513
150527 1 634
150680 7 920
150719 1 1139
151080 1 400
151324 1 320
151510 1 901
151626 2 711
151825 5 1282
151832 1 676
151861 2 123
152042 1 561
152103 1 364
152200 1 819
152279 2 793
152373 3 1354
152398 2 344
152477 3 937
152691 1 533
152720 8 442
153132 1 822
153701 2 186
153778 1 241
154000 1 548
154013 1 1541
154300 1 301
155022 1 754
155190 1 623
155937 2 801
156286 1 920
156294 1 1703
156320 10 224
156506 1 258
156559 6 177
156590 10 582
157336 1 243
157418 5 168
157466 1 573
157810 2 1176
157878 3 744
158392 1 537
158677 3 912
158800 1 1670
158997 1 837
159160 3 10016
159167 2 2203
159330 1 1276
159413 1 48
160445 5 894
160531 1 1125
160565 7 1299
160804 2 581
161079 8 1030
161207 2 1008
161950 3 732
161968 2 198
162095 1 42
162188 3 1070
162427 6 611
162484 2 289
162644 3 180
162850 2 1203
163127 2 168
163141 1 1084
163257 3 612
163273 3 850
163372 1 904
163825 4 1127
163846 1 793
164019 1 681
164021 1 921
164062 1 99
164325 3 137
164357 1 2679
164396 2 459
164413 1 968
164434 2 664
164510 1 697
164722 4 608
164739 1 226
164747 6 1193
164825 1 1029
164976 1 1480
165105 1 1494
165224 1 569
165399 1 564
165647 1 555
165731 3 575
165890 1 755
166063 5 836
166216 5 140
166359 1 490
166684 1 230
166784 1 1037
166917 1 1306
167083 1 496
167504 10 975
167593 7 2703
168207 1 433
168209 5 1232
168243 1 624
168583 1 325
168658 2 191
168748 2 690
168862 1 734
169022 2 606
169074 2 85
169428 1 910
169545 2 297
169620 1 655
169936 2 567
170134 1 233
170212 2 682
170270 2 731
170372 1 776
171186 1 637
171241 7 578
171365 7 1275
171386 1 255
172301 5 1250
172420 1 650
172478 1 536
172793 2 570
172988 3 772
173198 3 552
173691 3 838
173745 1 671
173772 5 1207
173773 1 242
174194 2 662
175859 1 147
176118 4 562
177397 2 77
178967 1 103
179196 1 130
186793 1 384
188538 1 225
190548 2 132
192838 1 518
193534 1 396
197260 2 85
198451 1 133
204180 2 113
206112 2 4970
208112 1 109
208953 1 137
210540 1 775
212532 2 123
212583 1 273
213591 6 572
213684 2 611
213965 3 1793
215601 3 494
216062 1 97
216264 1 107
216530 1 77
218154 2 501
222874 6 539
223688 2 197
224012 1 363
224052 3 812
224288 2 398
224758 1 494
225002 4 379
226316 4 574
232238 5 183
232262 1 530
232466 2 524
232660 6 562
232765 1 1089
232922 1 229
232924 1 318
232970 1 410
233841 2 339
234532 1 196
235290 1 195
235356 2 556
235358 1 493
236468 14 337
236600 1 555
236947 1 680
237452 2 5243
237647 4 185
237755 6 508
237933 2 554
238077 3 7033
238852 12 1229
238923 4 18797
238927 1 289
238997 1 304
239425 3 324
239630 1 211
240007 1 669
240051 1 683
240286 2 500
240366 170 117963
240809 1 309
241594 1 245
242081 3 211
242140 1 352
242560 1 540
242664 1 1689
242682 1 2540
242717 2 383
242726 1 1525
242797 1 7898
242881 6 8464
242893 1 8294
242895 48 17086
242916 23 19607
242953 8 9072
243124 2 554
243248 551 97794
243249 24 55340
243328 123 30540
243512 6 3615
243568 128 51992
243608 5 135
243636 275 73383
243652 2 12186
243696 9 15292
243698 34 29409
243742 396 52641
243744 205 19522
243779 2 667
243797 23 11892
244247 11 2093
244295 48 43543
244400 30 18019
244483 58 12243
244515 106 137580
244583 4 3819
244742 100 48422
244846 13 32902
244955 1 1726
244998 476 56078
245029 1484 93035
245062 3 6328
245122 11 20319
245126 21 10341
245185 3 11699
245346 8 21516
245371 3 6774
245372 8 8138
245449 71 35219
245617 2 24889
245637 16 3806
245668 390 47659
245721 25 12050
245998 213 26287
246003 1127 79294
246180 3 5856
246185 1 16049
246208 7 7991
246220 333 47306
246466 2 14527
246526 4 15571
246603 48 39939
246610 15 29250
246695 22 65027
247008 1 23763
247016 2 10957
247209 42 48787
247357 2 1643
247387 12 63961
247400 11 13116
247406 28 42749
247469 243 160821
247472 5 5725
247517 15 40187
247550 164 255154
247672 20 33059
247762 1 2569
247826 111 14203
248106 35 9186
248134 1 527
248179 27 34397
248562 18 40310
248563 42 6545
248610 2204 211360
248634 40 38855
248688 29 17594
248712 1 11964
248764 4 4113
248788 27 56946
248816 3 17214
249058 1 4496
249151 6 38079
249190 2 14664
249255 1 4181
249263 4 10722
249311 2 160
249338 15 11760
249339 7 15594
249535 5 832
249570 6 33965
249740 176 228328
249768 1 163
249902 40 35189
250059 1 37994
250073 42 19941
250082 3 3800
250192 3 8049
250331 2 19950
250435 2 4083
250533 9 14895
250615 6 32287
250616 91 37169
250619 2 24517
250621 1 3565
250720 3 4584
250722 20 20017
250791 3 5892
250802 1 135
250868 1 190
250872 2 158
250899 2 13191
251027 361 42465
251188 3 2789
251525 3 18764
251528 4 12690
251548 6 3017
251603 8 17552
251636 3 2514
251740 2 6421
251756 114 19516
251781 15 5124
251785 9 19094
251800 9 24372
251901 3 11936
252154 24 29717
252441 3 4164
252470 19 6441
252473 1 1526
252474 38 81579
252800 1 158
252804 1 132
252827 3 1150
252849 68 18559
252921 6 52519
252986 9 40464
253018 198 331696
253067 548 104143
253311 5 35432
253330 1 1878
253354 45 57179
253462 30 48129
253588 4 13837
253593 116 171848
253661 41 22094
253729 6 21686
253773 2 225
253778 2 192
253795 3 27039
253806 1 1642
253846 14 4965
253849 9 22736
253935 1 1984
253990 65 26077
254108 87 174176
254240 40 25265
254368 18 7195
254742 1 3853
254865 6 201
254871 8 36421
255060 3 5634
255144 37 25727
255235 9 22001
255289 323 51128
255292 5 10370
255417 12 27737
255476 31 44402
255609 19 22114
255619 1 392
255634 39 29071
255691 1 3597
255777 74 64507
255823 7 21270
255827 4 12288
255830 97 84137
255980 3 1141
255986 20 12990
256022 1 11475
256283 4 34425
256496 12 29777
256604 12 37731
256809 1 3316
256847 12 24054
257016 1 7719
257049 7 26471
257129 3 14144
257132 7 20479
257133 11 26221
257137 9 17976
257305 15 37731
257306 19 19070
257344 10 45609
257345 25 89736
257475 25 25255
257673 4 58812
257754 1 4355
257812 47 103213
257958 1 466
258022 1 6898
258437 6 1147
258559 90 52150
258987 16 21620
259115 3 25791
259306 2 277
259307 3 169
261118 3 267
261256 1 242
262765 1 299
262826 2 205
262835 4 452
263226 2 433
263227 1 348
264446 2 458
265580 7 6333
265708 2 407
266749 1 336
266823 8 479
267139 2 323
267235 1 3747
267289 60 17754
267459 3 363
268002 1 214
268597 1 477
269487 1 396
269710 2 420
269998 6 5056
271019 3 499
271051 3 409
271720 4 361
271721 3 316
271722 8 401
271723 7 378
271724 4 330
271725 2 285
271726 5 287
271727 3 376
271728 1 355
271729 5 368
271730 6 263
271731 1 337
271732 10 385
271733 8 317
271734 3 341
271735 3 385
271736 6 346
271738 3 390
271739 8 416
271740 4 263
271850 8 20008
271877 2 383
272126 8 7361
272643 2 420
272653 2 437
273248 1 779
273251 1 530
273300 1 316
273609 1 584
274564 1 273
274568 3 262
275802 2 592
276278 1 376
276676 2 1657
277027 1 493
277123 2 325
277277 2 718
278861 1 238
278962 3 216
279244 9 620
279803 6 534
280122 1 480
280682 3 406
280755 11 32241
280829 2 439
280842 2 675
284065 7 384
285801 2 215
285802 3 212
285812 9 451
286109 3 587
286448 2 225
286472 1 223
286565 39 13034
286667 1 632
287559 1 603
288290 1 227
288719 1 291
290991 3 243
291447 1 447
291598 1 479
291991 3 327
292016 1 364
292361 2 628
292365 1 520
292490 2 378
292491 2 186
292738 1 386
293387 68 19523
293873 10 9225
295262 2 264
295551 3 361
295943 27 29903
296006 1 571
296403 2 358
296832 1 745
296834 2 271
296835 2 204
296995 1 470
297132 3 229
297737 1 538
297821 1 259
298100 4 368
298527 2 985
298589 2 454
298985 2 257
299176 1 463
299284 2 343
299504 3 222
302630 1 379
302781 56 18238
303704 4 846
304840 6 564
304843 2 455
304844 5 506
304845 9 489
304846 4 341
304942 2 210
305104 1 540
305418 2 392
305419 5 687
306058 1 10490
306628 3 235
306629 3 245
306783 7 11472
307610 2 185
307611 5 576
308385 3 276
308386 1 123
309050 2 562
309051 2 672
309824 3 9266
310735 2 534
310830 1 197
310972 3 406
311355 44 64459
311933 1 715
312738 3 237
313668 49 19068
313976 3 431
322998 3 587
324024 9 421
325873 3 86
326059 1 616
326060 1 538
332223 1 299
332371 8 148
335905 1 723
339416 8 1076
340615 1 137
345726 2 71
347586 8 809
348243 1 248
350727 1 435
351416 7 518
352388 8 627
356310 8 492
364061 1 299
364286 1 126
364396 1 231
365163 6 638
373561 3 169
376236 2 235
379524 5 490
379526 13 701
383001 1 603
383606 1 625
383610 1 665
385357 1 224
386865 4 600
392114 1 275
397829 1 416
397841 1 458
399761 2 190
400244 1 677
405877 1 529
405885 1 602
408459 6 558
410627 2 843
416959 4 717
417928 1 267
423682 3 250
425080 1 464
427646 1 213
433922 1 176
439032 5 467
439040 1 504
440048 2 196
444495 3 95
445740 2 530
450467 1 203
459210 1 462
460412 1 69
468366 1 435
477581 2 631
481554 1 116
482163 1 521
486845 4 572
486847 4 719
487975 3 181
488596 6 175
488599 7 382
488609 1 117
489805 1 545
495218 1 74
499975 1 322
500916 2 353
501348 3 241
502100 3 429
506950 4 757
508102 5 674
516343 1 731
517615 1 99
519466 1 722
505 1 388
2821 1 335
6852 2 352
8197 1 498
8209 1 411
8939 1 688
10006 1 114
10521 1 530
11443 1 401
16309 1 460
20207 1 176
21158 2 261
21995 1 524
22716 4 497
23940 1 488
24278 1 359
25407 1 413
26086 1 505
26208 1 634
31276 6 562
34838 1 284
35478 2 317
36485 3 597
36721 1 317
38237 1 177
39722 1 460
40446 2 514
46296 1 349
46728 1 314
49269 4 519
49742 1 56
50215 1 368
50599 1 387
50613 1 469
51223 2 429
55820 3 576
58270 1 429
58861 1 518
59046 1 334
59182 1 349
59509 1 220
59511 1 520
59926 1 453
60476 1 509
61416 1 381
62286 1 318
62517 4 187
64603 1 454
64608 1 464
65999 1 436
67591 2 522
68607 1 466
69121 1 251
72916 2 562
77167 1 495
77194 1 246
78069 1 247
78186 2 677
79406 1 465
79409 1 631
79427 1 666
79437 1 428
79442 3 375
79452 1 286
79465 1 541
79567 1 396
79576 1 452
79602 1 589
81097 6 8031
81229 1 6198
82270 11 5904
83674 1 13400
84199 1 5369
85368 12 74892
85481 9 70500
85645 33 153229
85666 2 13003
85687 2 28718
85773 6 82661
85804 4 30970
86034 1 48792
86753 2 173871
87811 2 30658
91377 1 27246
92188 5 64658
92329 5 64673
93482 1 5963
93654 2 102204
94284 1 72168
94285 1 21629
94470 3 20557
96049 14 78606
96051 1 78869
96063 1 37082
96136 4 20896
96305 1 38919
97544 4 12240
98180 15 8843
99045 1 1414
99885 12 452
100639 2 314
100805 2 496
101153 2 687
101302 4 194
101345 4 92
101370 2 622
101404 1 678
101409 1 54
101626 2 1297
101657 1 622
101781 2 76
102034 1 507
102062 2 456
102148 2 399
102224 1 535
102397 7 485
102882 1 587
103035 6 143
103083 4 745
103220 1 389
103471 1 1486
103875 1 570
103907 1 194
104151 4 8662
104538 1 424
104560 3 471
104561 1 665
104870 1 260
104981 1 463
105215 2 1171
105368 2 107
105579 3 459
106331 1 484
106595 3 1200
106729 2 99
106753 3 785
106785 3 983
106849 1 633
106923 3 1014
107404 1 543
107735 1 622
107789 3 520
108008 1 405
108138 3 443
108387 3 1679
108396 2 434
108401 1 539
108679 7 493
109002 2 745
109096 2 1525
109291 8 898
109464 5 1042
109676 1 743
109908 1 598
110157 3 864
110511 6 1724
110889 1 1278
111018 3 779
111101 5 607
111120 1 741
111733 1 135
111935 8 781
111951 2 904
112154 2 554
112205 1 259
112387 1 520
112691 2 423
112799 5 677
112906 6 677
113033 3 324
113036 1 360
113067 2 616
113504 1 475
113679 6 805
113705 4 719
113889 4 103
113923 3 313
114067 2 1131
114281 6 741
114348 1 1142
114356 3 1002
114372 6 371
114388 3 816
114440 22 982
114471 3 317
114498 4 1045
114744 3 736
114877 1 1259
114950 3 1976
114951 6 556
114953 4 321
115005 2 709
115053 1 390
115362 4 389
115668 1 222
115739 3 285
115758 4 873
115888 2 355
115894 1 457
115900 2 1221
115993 1 638
116064 4 552
116084 2 379
116505 7 1234
116523 2 167
116534 1 468
116583 3 433
116787 1 694
117004 2 377
117222 3 482
117225 2 344
117565 2 274
117721 9 641
117791 3 211
117858 1 580
117933 1 579
117937 10 1094
117989 1 394
118225 1 566
118449 2 526
118499 2 226
118585 2 333
118683 3 624
118892 6 485
118904 3 651
118947 7 1149
118983 3 581
118997 1 399
119312 1 557
119449 7 560
119543 4 810
119616 1 1551
119747 5 1261
119774 3 493
119942 1 344
120067 4 875
120072 20 536
120110 1 607
120586 2 455
120801 1 1686
120807 2 421
120979 2 474
120987 1 226
121155 4 1115
121231 1 757
121242 1 572
121278 1 557
121304 5 870
121537 1 507
121588 18 1148
121616 3 472
121651 4 144
121995 2 650
122004 5 662
122096 2 641
122151 1 411
122661 8 1567
122739 1 696
122780 1 1383
122795 11 1159
122881 1 589
122988 1 556
123004 1 1069
123284 1 360
123304 3 391
123331 7 637
123349 15 393
123372 6 691
123492 1 809
123552 1 786
123677 3 520
123685 2 342
123914 1 579
124138 2 446
124252 2 496
124305 1 2625
124417 3 171
124455 2 476
124692 1 444
124793 3 340
124967 2 749
125391 3 134
125795 1 79
125890 1 563
126024 1 656
126224 4 861
126356 3 671
126454 2 376
126505 1 1132
126603 5 417
126645 2 743
126708 2 361
126966 3 857
127021 2 464
127036 3 318
127114 14 8902
127153 2 740
127357 2 597
127420 2 610
127472 1 239
127740 2 559
128121 1 149
128144 2 452
128242 1 406
128492 1 539
128747 1 162
128886 7 430
129527 1 273
130147 1 642
130209 2 720
130302 5 791
130387 2 1261
130955 1 897
131031 3 453
131580 3 414
131699 4 101
131798 1 552
131983 1 160
132103 1 1240
132628 8 615
132638 1 725
132715 5 477
133222 4 585
133342 1 180
133777 4 1138
134456 7 816
134616 6 671
134982 3 556
135034 2 393
135205 6 635
135265 1 1193
135590 2 1033
135593 11 1369
136012 4 669
136067 11 609
136212 10 1056
136214 1 566
136432 4 641
136455 1 368
137899 1 300
138170 1 416
138261 1 475
138785 3 1243
138793 1 762
138999 1 766
139122 3 571
139140 1 137
139189 1 766
139324 1 237
139700 1 607
139836 7 406
140738 1 131
140886 1 443
141109 1 453
141114 1 449
141321 1 77
141686 1 450
141836 2 1148
142131 3 319
142238 1 85
142328 4 941
142333 2 853
142488 1 513
143110 1 482
143220 9 258
143658 1 658
143878 3 546
143892 2 946
143934 2 820
144073 2 1234
144096 1 724
144114 1 395
144475 6 355
144681 1 304
144709 1 915
145058 2 178
145153 1 544
145393 2 660
146391 1 683
146524 4 559
146571 2 327
146738 1 152
147133 11 9616
147240 2 572
147316 2 743
147399 3 1089
147929 3 68
148015 8 553
148181 1 936
148223 1 784
148246 2 1102
148602 2 635
148660 9 459
148697 3 1082
148849 1 482
148852 1 667
148854 2 557
148857 1 512
148895 1 1577
148972 1 1623
149010 3 1154
149154 5 2134
149172 14 1252
149399 1 700
149402 1 481
149417 2 1203
149833 4 624
149914 4 808
149993 2 641
150680 4 920
150719 5 1139
151522 1 190
151614 1 110
152103 4 364
152146 2 593
152150 2 870
152311 4 747
152373 4 1354
152410 1 569
152691 3 533
152712 1 663
152995 5 1190
153308 1 1051
153482 1 583
153933 3 504
154000 3 548
154013 1 1541
154278 1 184
154561 2 873
155121 2 727
155190 4 623
156502 9 1136
156577 1 402
156582 3 952
156590 1 582
156685 1 327
156825 1 652
157037 4 374
157466 1 573
157762 3 731
157810 20 1176
157878 3 744
158256 1 470
158392 4 537
158562 4 676
158690 1 484
159141 2 179
159160 10 10016
159330 1 1276
159493 1 569
159499 2 643
159760 4 659
159787 29 1381
160069 1 701
160135 1 408
160341 2 670
160445 4 894
160531 10 1125
160881 2 398
160909 6 200
161079 1 1030
161137 3 733
161207 11 1008
161425 4 626
161677 3 834
161814 2 527
161817 2 432
161862 2 628
161920 7 779
161950 2 732
162120 5 1353
162188 3 1070
162270 1 72
162484 4 289
162522 1 446
162585 1 402
162816 1 115
162843 3 428
162850 3 1203
163141 2 1084
163257 1 612
163273 7 850
163372 16 904
163392 5 690
163545 18 2151
163642 1 408
163825 2 1127
163846 3 793
164018 2 635
164019 12 681
164021 4 921
164062 3 99
164085 4 1074
164357 4 2679
164396 12 459
164413 6 968
164510 1 697
164521 1 322
164643 1 508
164722 2 608
164727 1 1134
164734 1 421
164875 5 667
165224 7 569
165323 2 467
165399 10 564
165411 6 375
165417 1 846
165427 1 388
165511 1 140
165542 3 695
165647 2 555
165731 3 575
165812 12 836
165854 1 163
165926 1 1835
165931 19 734
165993 1 235
166063 4 836
167083 3 496
167504 6 975
167593 2 2703
167622 2 713
167641 1 1114
167690 7 537
167716 8 404
167929 7 1214
168428 2 189
168748 1 690
168952 7 638
169138 1 1458
169336 1 223
169349 1 313
169424 4 120
169486 3 1190
169533 2 560
169545 1 297
169620 3 655
169706 1 209
169781 7 8290
169901 1 461
170016 1 667
170372 21 776
170628 1 332
170724 3 1210
171186 1 637
171241 1 578
171365 1 1275
171386 1 255
171558 1 205
171791 1 657
172055 2 274
172301 8 1250
172478 9 536
172793 1 570
172921 10 604
173148 1 463
173725 5 563
173745 1 671
174139 1 93
174194 2 662
184630 1 113
186793 2 384
201840 1 102
223973 1 108
232484 1 689
232669 3 1268
232922 2 229
232924 1 318
232970 4 410
233012 1 507
233658 1 1367
233841 1 339
234441 4 145
234892 3 397
235084 1 224
235356 1 556
235358 1 493
236176 1 1230
236468 2 337
237870 1 315
237933 2 554
238077 1 7033
238852 1 1229
238923 1 18797
238927 1 289
239425 1 324
239630 1 211
240286 2 500
240366 5 117963
240809 4 309
241588 2 170
242081 5 211
242140 4 352
242895 13 17086
242916 1 19607
242953 3 9072
243124 1 554
243135 10 2540
243248 3 97794
243249 7 55340
243512 7 3615
243568 2 51992
243608 4 135
243636 5 73383
243652 1 12186
243696 2 15292
243698 9 29409
243742 6 52641
243779 1 667
243797 2 11892
243878 2 161
244295 18 43543
244513 1 6820
244515 83 137580
244742 1 48422
244846 6 32902
244946 2 2608
244955 7 1726
244998 9 56078
245029 6 93035
245062 1 6328
245084 2 3091
245122 13 20319
245126 4 10341
245185 1 11699
245219 2 135
245372 2 8138
245449 9 35219
245617 69 24889
245637 1 3806
245668 2 47659
245721 5 12050
246003 4 79294
246170 5 798
246180 2 5856
246182 4 13686
246185 4 16049
246208 1 7991
246350 4 3664
246603 3 39939
246610 13 29250
246695 15 65027
246805 2 161
246877 5 6449
247008 4 23763
247357 10 1643
247387 8 63961
247400 6 13116
247406 1 42749
247469 123 160821
247472 28 5725
247517 4 40187
247550 105 255154
247565 10 2684
247672 56 33059
247826 5 14203
248097 1 16630
248179 3 34397
248562 3 40310
248563 2 6545
248610 7 211360
248634 2 38855
248688 2 17594
248710 2 3206
248712 3 11964
248764 25 4113
248788 22 56946
249058 5 4496
249151 106 38079
249190 14 14664
249255 1 4181
249263 1 10722
249519 3 9653
249537 1 4910
249570 4 33965
249740 7 228328
249768 3 163
249795 1 121
249813 2 4931
249902 1 35189
249976 2 492
250059 8 37994
250073 14 19941
250331 9 19950
250435 9 4083
250533 1 14895
250615 67 32287
250616 2 37169
250619 67 24517
250621 11 3565
250722 1 20017
250868 1 190
250872 2 158
250899 27 13191
251027 10 42465
251085 5 15468
251188 1 2789
251323 5 484
251429 1 1773
251445 1 113
251525 2 18764
251528 2 12690
251548 1 3017
251636 12 2514
251756 1 19516
251781 4 5124
251785 3 19094
251946 1 2878
252039 2 2572
252154 2 29717
252381 3 6285
252470 19 6441
252474 12 81579
252483 1 1422
252800 1 158
252804 1 132
252986 23 40464
253018 7 331696
253067 3 104143
253285 1 122
253311 1 35432
253354 97 57179
253462 6 48129
253593 21 171848
253661 2 22094
253729 1 21686
253773 1 225
253778 2 192
253795 2 27039
253806 3 1642
253846 9 4965
253849 37 22736
253990 22 26077
254108 7 174176
254240 3 25265
254368 18 7195
254742 14 3853
254871 7 36421
254906 1 108
255036 1 143
255144 5 25727
255235 1 22001
255289 1 51128
255292 12 10370
255417 9 27737
255476 19 44402
255479 9 10378
255609 18 22114
255634 7 29071
255691 8 3597
255777 18 64507
255823 7 21270
255830 35 84137
255980 1 1141
255986 6 12990
256022 31 11475
256283 21 34425
256451 8 4516
256496 72 29777
256604 25 37731
256687 3 11982
256809 12 3316
256847 16 24054
257049 2 26471
257129 52 14144
257132 64 20479
257133 84 26221
257137 31 17976
257305 1 37731
257344 119 45609
257345 264 89736
257475 2 25255
257673 101 58812
257812 18 103213
257827 4 270
257899 1 562
258162 6 4481
258437 3 1147
258719 3 8709
258987 32 21620
259062 10 8707
262826 1 205
262835 1 452
265580 1 6333
266823 1 479
271019 3 499
271720 1 361
271725 4 285
271736 2 346
271850 4 20008
272653 1 437
273266 1 493
273609 1 584
274189 1 423
275802 3 592
277123 2 325
277277 2 718
279803 2 534
280122 4 480
280755 2 32241
280842 3 675
285812 2 451
291598 3 479
292361 4 628
292491 1 186
295943 3 29903
302630 3 379
304847 1 222
305419 1 687
306058 2 10490
306783 1 11472
307610 1 185
309051 1 672
309824 2 9266
310735 1 534
311355 5 64459
311933 1 715
313976 1 431
314512 1 52248
322998 2 587
326059 2 616
331741 2 506
332223 3 299
332371 3 148
332483 1 66
339146 1 407
339416 1 1076
347586 4 809
348243 6 248
350727 2 435
353535 1 549
356310 1 492
363489 4 576
364061 2 299
365163 4 638
373561 1 169
376236 4 235
379175 7 697
379524 4 490
379526 8 701
383606 5 625
383610 9 665
385357 1 224
385645 2 287
386639 1 179
386865 2 600
392114 2 275
397829 3 416
397841 3 458
408459 1 558
410627 1 843
412900 1 214
413524 1 195
413864 1 495
415996 1 308
416959 9 717
427052 1 585
427646 4 213
433672 2 287
439032 2 467
439040 1 504
441443 1 235
444495 1 95
459210 2 462
460412 1 69
468366 2 435
469095 2 3148
473530 2 151
477581 1 631
481554 1 116
486847 4 719
488596 2 175
488599 4 382
491423 1 814
501348 2 241
502100 2 429
506950 1 757
508102 7 674
512988 12 281
513346 4 493
515376 1 725
516343 2 731
519466 6 722
505 4 388
884 3 270
886 4 264
1310 2 171
1329 9 569
1344 4 471
1438 5 573
1563 5 378
1566 1 431
1646 5 506
2227 1 442
2242 2 79
2267 2 554
2394 5 477
2416 1 216
2419 1 222
2466 1 293
2566 4 163
2589 1 484
2821 2 335
2884 3 343
3029 1 254
3118 3 296
3354 6 177
3600 1 104
3706 4 177
4203 6 328
4365 3 321
5007 2 328
5495 4 323
5598 3 456
6338 1 223
6787 2 277
6852 2 352
7552 8 218
7835 1 118
8197 4 498
8209 8 411
8883 10 344
8939 8 688
9124 4 415
9263 5 190
10006 3 114
10257 14 270
10521 7 530
10522 1 412
10790 4 160
11443 1 401
12567 1 291
13091 2 198
13294 3 400
13332 2 344
13469 5 279
13739 4 296
13765 3 504
13955 2 230
14274 3 156
14511 3 406
15053 2 304
15182 1 194
16052 7 123
16085 6 130
16149 3 215
16309 1 460
17513 2 308
17581 8 152
18799 6 448
18934 1 190
20205 4 431
20207 2 176
20208 2 160
20918 3 315
21147 1 738
21158 1 261
21995 2 524
22570 3 362
22667 5 353
22716 5 497
22807 7 374
23174 5 317
23532 3 355
23858 30 466
24091 2 171
24278 1 359
24427 2 192
24903 4 333
25290 4 84
25407 2 413
25424 5 380
25770 1 442
25826 3 494
26086 5 505
26208 5 634
26831 12 404
27240 6 379
29035 2 324
29050 2 168
29191 4 170
29493 12 317
29873 1 179
30603 16 468
31276 6 562
31452 1 156
31485 1 145
31501 2 195
31638 1 146
31697 1 189
32342 10 425
32648 2 207
32786 1 394
34048 5 401
34174 1 167
34208 1 168
34651 8 330
34784 6 240
34811 2 143
34838 3 284
35325 7 256
35416 9 225
35895 5 393
37375 3 181
37407 2 196
38043 4 462
38170 4 344
38181 2 451
38237 2 177
38777 8 291
38986 10 296
39118 1 214
39161 2 174
39178 7 370
39217 4 207
39297 3 345
39377 3 409
39627 1 214
40516 2 155
40548 1 308
41177 7 333
42241 9 184
42291 2 236
42294 4 80
42400 2 191
42585 3 445
42917 7 269
42946 6 209
43452 3 98
43473 5 195
43565 4 199
43756 7 431
43760 11 194
43907 1 443
43919 10 367
43998 11 305
44031 7 368
44205 3 326
44275 3 250
44364 2 538
44650 4 373
44821 2 256
45145 1 210
45622 15 205
46495 3 245
46507 7 297
46728 5 314
47191 1 314
47683 1 527
47892 1 530
48224 1 444
49205 6 344
49269 1 519
49611 3 522
49816 2 439
49888 4 406
50064 1 471
50132 9 357
50219 1 656
50281 2 444
50613 1 469
50785 3 293
51223 1 429
52272 2 324
52313 4 260
52750 2 155
52756 3 349
52786 5 217
53512 1 542
54120 1 492
54153 6 257
54154 1 415
54326 2 229
54447 3 536
54489 5 289
54772 1 383
54859 8 353
54942 2 409
55134 1 371
55178 3 282
55214 7 376
55430 2 328
55712 3 389
55739 1 320
56177 2 178
56380 3 544
56392 2 188
56823 1 300
57265 3 306
57539 3 370
58196 1 313
58428 1 350
58525 1 362
58777 5 622
58861 1 518
59046 1 334
59067 2 63
59163 1 337
59485 1 283
59511 3 520
59542 5 382
59555 1 518
59647 1 529
59864 1 477
59888 2 141
60476 1 509
60713 2 271
61038 2 193
61180 3 423
61416 1 381
61932 1 425
61946 1 429
61986 1 480
62119 5 517
62147 3 366
62219 3 503
62286 2 318
62294 1 402
62311 7 586
62457 2 420
62731 9 300
62773 1 358
63004 2 342
63081 3 210
63408 2 279
63518 6 371
63671 2 202
63961 5 427
63984 5 476
64065 2 383
64111 1 394
64484 4 223
65041 1 153
65259 5 227
65458 4 229
65471 1 397
66313 1 365
67818 4 403
68607 3 466
69121 2 251
69435 7 284
70935 3 158
71265 3 138
72055 6 436
72076 3 465
72417 2 81
72435 4 460
72628 4 288
73907 7 515
74192 3 617
74433 11 353
74711 1 387
75295 2 110
75375 7 544
75383 2 386
75457 8 550
75809 11 380
75846 4 295
76671 2 199
76715 3 308
76717 3 241
77011 7 283
78007 3 313
78069 3 247
78084 3 153
78185 4 767
78186 3 677
78601 6 232
78647 8 480
79246 4 445
79341 3 326
79389 1 102
79406 6 465
79409 5 631
79423 3 403
79427 8 666
79437 5 428
79438 4 832
79442 3 375
79452 4 286
79465 6 541
79565 6 485
79567 8 396
79571 3 251
79575 4 898
79576 4 452
79577 4 391
79581 13 167
79602 4 589
79675 5 324
79721 1 388
79837 5 489
81524 48 1541
82164 3 309
83029 1 452
83130 8 1296
83379 9 13296
83561 24 1450
83674 30 13400
84199 2 5369
84862 2 137
85368 245 74892
85481 94 70500
85645 438 153229
85666 2 13003
85687 1 28718
85773 163 82661
85804 2 30970
86034 65 48792
86753 1 173871
88196 8 425
89153 49 1553
89432 1 38895
94330 3 714
94331 1 99
96049 8 78606
96136 8 20896
96187 5 822
97095 24 1444
98180 1 8843
98551 2 841
99053 27 27408
99176 1 1382
100122 2 357
100296 4 119
100653 5 583
100789 1 283
100813 4 708
101007 2 752
101387 16 501
101486 22 733
101545 2 476
102004 1 336
102062 9 456
102148 13 399
102224 1 535
102882 7 587
103068 4 943
103083 5 745
103154 1 365
103220 3 389
103240 2 382
103471 1 1486
103472 3 739
103621 4 285
103902 2 564
103965 8 1065
104006 4 443
104320 16 1328
104538 2 424
104561 10 665
104870 1 260
104880 1 423
104981 1 463
105196 2 283
105248 2 228
105381 3 466
105664 4 550
105793 1 741
105940 1 316
106034 15 360
106058 5 492
106256 4 1131
106257 6 704
106331 1 484
106466 1 785
106518 3 488
106595 6 1200
106619 9 343
106753 3 785
106849 2 633
106850 1 804
106872 1 440
106923 2 1014
107347 2 926
107404 1 543
107461 3 100
107473 1 501
108108 2 439
108316 5 549
108387 3 1679
108396 7 434
108498 1 464
108540 7 418
108679 1 493
109049 3 590
109148 2 511
109291 2 898
109464 1 1042
109495 14 1066
109523 7 399
109637 1 627
109684 12 818
110143 6 501
110157 36 864
110444 1 615
110468 3 480
110754 2 440
110827 4 327
110926 1 562
111093 5 530
111101 1 607
111120 3 741
111222 2 476
111369 25 561
111407 2 486
111896 1 257
111925 5 595
111935 3 781
112036 10 759
112117 2 541
112154 1 554
112322 1 550
112602 1 376
112691 1 423
112816 2 395
112906 1 677
113170 5 478
113504 4 475
113705 14 719
113781 4 403
113859 1 450
114041 13 910
114068 5 303
114143 7 413
114203 2 524
114323 2 589
114348 10 1142
114356 8 1002
114398 8 628
114498 20 1045
114569 6 1158
114685 10 343
114743 16 1846
114744 3 736
114863 9 1262
114877 6 1259
114885 4 553
115053 7 390
115107 4 492
115270 1 578
115297 2 344
115514 6 628
115538 7 655
115758 1 873
115764 4 180
115888 11 355
115900 2 1221
115903 11 861
115964 16 519
115993 1 638
116056 5 395
116064 2 552
116084 3 379
116153 12 390
116219 13 762
116257 14 1372
116333 9 501
116360 5 362
116472 1 364
116479 3 334
116621 6 614
116645 13 1246
116658 3 123
116708 19 1410
116787 20 694
116926 1 1210
117061 10 419
117222 1 482
117316 1 610
117355 8 877
117408 13 852
117606 10 929
117791 1 211
117937 8 1094
118036 2 700
118152 1 190
118210 3 800
118368 12 1208
118449 1 526
118499 1 226
118509 13 736
118525 1 599
118575 4 504
118655 2 129
118792 1 38
118849 11 810
118904 7 651
118963 4 441
118997 3 399
119011 5 526
119035 9 810
119209 2 277
119312 2 557
119367 4 562
119440 7 468
119449 1 560
119518 12 582
119691 4 601
119721 4 477
119806 7 502
120110 2 607
120117 6 204
120230 1 61
120237 8 494
120338 10 625
120440 1 807
120483 2 121
120542 1 44
120987 4 226
121018 3 320
121155 2 1115
121199 2 698
121213 22 614
121304 1 870
121616 1 472
121811 3 104
122006 2 537
122151 2 411
122440 5 505
122481 19 1302
122543 1 34
122692 1 1739
122739 1 696
122761 4 840
122780 12 1383
122885 2 317
122973 23 714
122999 2 488
123047 4 402
123221 1 118
123275 8 357
123331 8 637
123381 11 1230
123492 3 809
123578 4 470
123642 1 151
123645 11 266
123720 13 1052
123817 15 299
123824 3 75
123882 2 424
123897 3 1317
124056 16 1214
124069 1 78
124095 11 691
124305 13 2625
124315 12 1355
124382 1 91
124542 11 1266
124677 8 399
124692 3 444
124713 3 115
124731 5 805
124792 4 83
124793 2 340
124870 4 169
124967 7 749
125022 3 61
125200 2 566
125453 14 910
125603 9 1115
125755 10 809
125806 2 655
125870 22 473
126075 4 672
126169 2 786
126209 10 736
126407 1 606
126558 3 587
126611 8 911
126645 12 743
126710 11 846
126824 5 588
126855 5 579
126949 5 570
127002 7 275
127016 5 729
127021 3 464
127036 9 318
127114 3 8902
127177 3 322
127248 4 129
127288 3 200
127357 7 597
127420 5 610
127563 2 540
127608 2 130
127726 2 430
127740 1 559
127743 3 1064
127878 14 643
128144 1 452
128153 10 330
128205 2 492
128220 13 1091
128242 8 406
128250 6 405
128306 6 461
128448 7 434
128492 11 539
128577 1 656
128654 6 554
128815 4 579
128857 1 575
128886 3 430
128995 3 790
129094 1 805
129100 2 380
129129 2 565
129410 1 412
129434 1 3012
129758 2 535
129820 12 696
129979 12 584
130147 2 642
130302 18 791
130387 1 1261
130399 2 546
130691 1 153
130868 4 859
130897 6 451
130955 1 897
130957 1 940
130982 4 1230
131141 2 568
131245 8 374
131580 1 414
131798 1 552
131835 1 408
132040 4 836
132359 2 932
132396 1 606
132419 9 725
132462 1 935
132590 2 91
132628 1 615
132715 6 477
133003 4 446
133035 9 334
133239 9 404
133252 2 1442
133267 2 433
133302 6 482
133355 1 396
133464 2 998
133478 8 742
133703 2 512
133777 3 1138
133946 20 802
134136 5 487
134202 2 1327
134509 1 134
134690 2 341
134727 6 433
134984 2 588
135034 3 393
135044 2 103
135205 2 635
135274 8 370
135787 1 165
135967 2 588
136226 5 588
136543 5 140
136584 1 431
136892 1 298
137182 5 617
137230 12 612
137272 5 619
137676 1 613
137936 1 157
138170 6 416
138227 2 135
138261 1 475
138403 4 581
138433 2 325
138442 10 568
138443 5 384
138584 4 575
138708 2 430
138793 4 762
138902 2 417
138964 3 282
139122 1 571
139128 4 409
139332 2 309
139449 3 482
139674 2 577
139721 3 432
140289 8 473
140606 4 385
140628 2 94
140629 18 498
140680 6 320
140681 1 465
140886 1 443
140978 3 265
141069 10 717
141109 6 453
141168 5 253
141409 2 1237
141686 1 450
142084 1 772
142131 2 319
142426 5 391
143101 1 65
143110 3 482
143172 5 482
143251 1 505
143544 5 347
143658 2 658
144073 3 1234
144114 2 395
144150 15 1099
144402 5 395
144704 1 279
144709 1 915
144710 2 337
145041 2 408
145153 1 544
145158 1 93
145264 5 367
145363 9 794
145809 1 89
145872 1 262
145926 1 481
145940 1 723
146380 7 682
146391 1 683
146530 3 261
146564 14 707
146591 5 184
146686 3 510
146763 4 475
146770 4 165
146821 11 602
146978 5 552
147131 2 416
147201 1 692
147237 2 497
147359 1 149
147399 1 1089
147771 1 149
147783 3 710
148602 1 635
148849 3 482
148854 6 557
148895 6 1577
148960 18 732
148970 1 496
148972 12 1623
149154 1 2134
149172 3 1252
149277 12 625
149395 11 584
149417 1 1203
149501 4 180
149914 28 808
150235 1 132
150527 1 634
150772 2 426
150825 1 264
151012 2 478
151080 4 400
151309 8 515
151340 1 922
151510 19 901
151873 1 345
151943 9 295
152042 3 561
152146 1 593
152150 10 870
152201 3 632
152399 12 534
152410 2 569
152632 15 790
152711 1 159
152823 6 405
152995 5 1190
153041 1 449
153132 1 822
153242 1 415
153308 6 1051
153482 3 583
153899 2 170
153933 3 504
154013 1 1541
154561 7 873
154574 10 745
155146 2 470
155562 3 545
155937 2 801
156286 15 920
156761 1 712
156825 6 652
157547 7 676
157648 3 636
157672 3 93
157728 3 513
157762 1 731
157878 3 744
158017 13 573
158210 9 716
158256 1 470
158509 7 640
158690 3 484
158855 1 430
159160 2 10016
159330 1 1276
159576 1 573
159743 12 555
159787 1 1381
160105 1 105
160135 2 408
160804 7 581
160970 2 440
161057 11 741
161137 2 733
161207 2 1008
161409 1 843
161425 1 626
161492 1 746
161677 1 834
161692 5 736
161950 1 732
162095 1 42
162413 1 461
162788 8 1230
163058 2 386
163343 2 517
163642 1 408
163846 5 793
163925 3 360
163926 2 284
164016 1 458
164018 8 635
164085 1 1074
164357 1 2679
164396 1 459
164510 3 697
164734 4 421
164747 1 1193
164900 1 293
165323 11 467
165417 1 846
165427 6 388
165647 1 555
165926 18 1835
166024 2 117
166063 2 836
166784 1 1037
167030 7 642
167593 4 2703
167602 5 494
167641 6 1114
167716 1 404
168243 1 624
168748 3 690
168774 7 383
168931 5 688
169110 1 483
169349 1 313
169428 1 910
169486 11 1190
169620 1 655
169781 1 8290
170013 7 302
170056 1 634
170195 1 172
170212 1 682
170372 1 776
172055 1 274
172068 5 477
172077 3 453
172301 2 1250
172420 6 650
172598 1 535
172775 4 249
172793 1 570
172988 3 772
173030 6 366
173100 7 492
173148 5 463
173691 3 838
174063 4 648
174194 3 662
174853 4 74
202124 1 101
202382 4 105
204416 1 524
207518 3 112
213591 2 572
215415 2 101
216526 3 85
218222 1 126
218223 3 111
218246 2 102
218360 3 485
222815 2 458
224758 8 494
231230 2 420
231510 1 285
231526 2 319
232085 2 185
232238 2 183
232262 3 530
232466 1 524
232484 2 689
232660 15 562
232669 11 1268
232677 5 231
232727 2 610
232765 10 1089
232922 1 229
232924 2 318
232970 1 410
233012 1 507
233073 2 184
233655 4 213
233922 2 507
234252 2 138
234356 1 449
234387 16 776
234427 2 383
234461 1 176
234504 5 425
234592 1 139
234892 1 397
235084 1 224
235290 1 195
235356 2 556
235358 5 493
236176 3 1230
236188 16 345
236228 3 736
236600 26 555
236947 10 680
237257 1 306
237452 17 5243
237543 5 880
237647 2 185
237755 6 508
237902 1 744
237933 6 554
238077 3 7033
238371 9 1438
238507 2 294
238852 3 1229
238927 3 289
239081 2 484
239425 8 324
239506 3 471
239964 2 500
240051 10 683
240286 5 500
240366 19 117963
240444 1 310
240873 2 310
241100 4 170
241162 2 459
241310 2 364
241588 2 170
241594 2 245
241849 3 196
242140 2 352
242560 14 540
242664 1 1689
242682 23 2540
242717 1 383
242726 2 1525
242797 15 7898
242881 2 8464
242895 3 17086
242916 9 19607
242953 3 9072
243124 3 554
243248 19 97794
243249 40 55340
243328 4 30540
243568 30 51992
243608 1 135
243636 27 73383
243652 19 12186
243696 45 15292
243698 36 29409
243744 35 19522
243779 1 667
243797 6 11892
244247 8 2093
244295 16 43543
244400 3 18019
244513 4 6820
244515 150 137580
244583 3 3819
244846 12 32902
245029 9 93035
245060 6 646
245062 121 6328
245084 12 3091
245122 3 20319
245126 3 10341
245145 2 654
245185 1 11699
245346 1 21516
245371 86 6774
245372 62 8138
245617 1 24889
245637 9 3806
245668 7 47659
245721 4 12050
245759 3 131
245998 2 26287
246003 6 79294
246170 7 798
246172 99 4587
246180 53 5856
246182 94 13686
246185 108 16049
246220 9 47306
246350 4 3664
246466 8 14527
246526 41 15571
246603 1 39939
246610 74 29250
246664 1 94
246695 81 65027
246877 22 6449
247008 91 23763
247016 1 10957
247209 158 48787
247357 7 1643
247387 55 63961
247400 4 13116
247406 22 42749
247469 54 160821
247472 4 5725
247517 54 40187
247550 66 255154
247565 16 2684
247672 1 33059
247826 34 14203
248097 17 16630
248134 1 527
248179 53 34397
248562 447 40310
248563 47 6545
248610 15 211360
248634 1 38855
248710 36 3206
248712 112 11964
248772 1 290
248788 2 56946
248816 108 17214
248846 2 127
249058 2 4496
249151 2 38079
249190 117 14664
249255 19 4181
249263 1 10722
249311 2 160
249338 1 11760
249339 30 15594
249519 6 9653
249535 3 832
249537 43 4910
249570 186 33965
249740 26 228328
249768 1 163
249786 1 112
249813 86 4931
249902 7 35189
249976 1 492
250059 1 37994
250073 6 19941
250082 5 3800
250192 38 8049
250227 4 719
250331 26 19950
250533 23 14895
250615 23 32287
250616 13 37169
250619 9 24517
250621 2 3565
250719 44 3620
250722 19 20017
250791 2 5892
250899 9 13191
251027 7 42465
251085 54 15468
251188 3 2789
251429 1 1773
251445 2 113
251470 8 124
251506 20 5141
251525 126 18764
251528 101 12690
251532 1 61
251548 12 3017
251575 2 4001
251740 54 6421
251756 3 19516
251781 10 5124
251785 9 19094
251800 18 24372
251901 4 11936
252039 27 2572
252154 122 29717
252381 12 6285
252470 1 6441
252473 32 1526
252474 454 81579
252483 2 1422
252506 9 423
252800 1 158
252804 2 132
252827 1 1150
252921 142 52519
252986 154 40464
253014 1 62
253018 8 331696
253067 20 104143
253285 4 122
253330 3 1878
253354 68 57179
253431 4 6577
253588 42 13837
253593 993 171848
253661 3 22094
253729 65 21686
253772 2 112
253773 2 225
253778 6 192
253806 43 1642
253846 19 4965
253849 10 22736
253934 101 27329
253935 5 1984
253990 8 26077
254108 1041 174176
254240 4 25265
254368 10 7195
254489 65 1979
254871 155 36421
255060 61 5634
255144 160 25727
255235 122 22001
255289 11 51128
255292 6 10370
255417 3 27737
255476 3 44402
255479 2 10378
255562 34 1850
255609 5 22114
255619 13 392
255634 7 29071
255679 4 2252
255691 9 3597
255777 43 64507
255823 21 21270
255827 5 12288
255830 14 84137
255980 3 1141
255986 101 12990
256283 64 34425
256451 8 4516
256496 9 29777
256687 85 11982
256809 2 3316
256847 63 24054
256995 28 5045
257049 10 26471
257129 3 14144
257132 4 20479
257133 20 26221
257137 10 17976
257306 1 19070
257344 7 45609
257345 8 89736
257475 49 25255
257673 25 58812
257725 1 110
257754 1 4355
257804 3 121
257812 617 103213
257827 1 270
257899 23 562
257958 3 466
258022 8 6898
258300 4 477
258437 20 1147
258471 1 129
258559 23 52150
258652 7 596
258679 4 104
258719 61 8709
258987 15 21620
259062 10 8707
262114 20 3886
263226 1 433
264475 4 224
265022 1 577
265580 3 6333
267235 26 3747
268597 5 477
269998 5 5056
270496 3 472
270497 12 459
270498 7 453
271019 5 499
271720 3 361
271721 1 316
271722 4 401
271723 7 378
271724 2 330
271725 5 285
271726 1 287
271728 6 355
271729 7 368
271730 8 263
271731 4 337
271732 5 385
271733 1 317
271734 7 341
271735 3 385
271736 4 346
271738 7 390
271739 10 416
271740 4 263
271877 1 383
272126 2 7361
272643 1 420
272653 1 437
274189 7 423
276273 18 442
276274 19 345
276275 11 277
276278 13 376
277018 1 500
277023 1 523
277026 2 580
277027 1 493
280122 4 480
280678 1 495
281508 2 577
281512 15 549
286469 7 345
286472 5 223
288290 5 227
288291 6 270
288719 1 291
290372 1 598
291598 3 479
295551 1 361
295815 4 569
299176 4 463
303704 2 846
304840 2 564
304843 9 455
304844 16 506
304845 6 489
304846 6 341
304847 6 222
305104 2 540
306783 17 11472
306919 16 4466
307401 9 239
309050 6 562
310735 13 534
310830 1 197
310968 1 495
311319 1 466
311320 5 494
311355 1 64459
311933 5 715
312459 1 1112
324024 1 421
326059 4 616
326060 13 538
328883 3 411
332389 2 131
332483 1 66
332838 7 221
337408 4 298
340454 2 277
340615 3 137
341882 1 189
353535 1 549
363489 17 576
364286 3 126
364396 3 231
364932 1 501
365163 1 638
375283 6 123
376131 6 484
379175 1 697
385357 6 224
385645 2 287
386639 2 179
397829 1 416
397841 1 458
397867 1 181
405376 4 185
406336 8 214
412900 4 214
413524 1 195
414238 1 86
416593 1 259
421173 5 357
422734 10 457
423682 2 250
427052 27 585
432305 2 201
432315 2 298
433672 1 287
433922 3 176
439040 5 504
441443 1 235
448248 1 184
453112 1 113
459210 5 462
471726 1 273
475781 3 124
476599 3 102
477581 1 631
486845 2 572
488609 3 117
488635 1 42
489805 2 545
492583 3 265
499975 2 322
502100 2 429
515376 11 725
517615 2 99
517917 3 135
519602 1 501
519889 1 233
50215 2 368
100555 1 245
101404 1 678
102882 1 587
103154 1 365
103497 1 122
103649 1 116
105961 1 81
106338 1 112
106351 1 193
106849 1 633
108008 2 405
110038 1 522
110998 2 597
112205 1 259
112906 1 677
115082 1 442
117721 7 641
119194 2 604
119942 3 344
120007 1 113
121461 1 595
123552 1 786
124729 1 554
124851 1 115
124936 1 228
125391 1 134
125545 9 711
125806 1 655
126454 1 376
126571 2 115
129820 3 696
130341 1 572
130607 1 112
132969 1 620
133522 1 115
133727 2 539
135656 1 151
136403 1 531
136463 1 559
137220 1 267
140182 10 628
141055 1 171
144073 1 1234
144096 3 724
144681 1 304
145407 1 119
146071 1 700
147133 1 9616
147958 1 135
147979 6 263
148313 2 361
148857 1 512
149277 1 625
150012 1 165
152311 1 747
153242 1 415
155022 1 754
155986 2 157
155997 1 199
158094 1 140
158619 1 973
159160 1 10016
159417 1 221
162210 1 277
163141 1 1084
163339 1 108
163545 1 2151
163642 2 408
164727 1 1134
164739 1 226
165105 2 1494
165162 1 270
166917 4 1306
167089 1 148
167929 1 1214
168428 1 189
168862 1 734
169336 1 223
170640 1 211
172055 1 274
172061 1 40
175859 1 147
177165 1 101
177397 1 77
181779 18 561
183541 5 105
183776 17 666
184046 1 111
186050 1 125
188431 6 118
191431 1 113
191463 1 36
193455 1 105
199198 7 825
202224 3 89
202226 4 96
202227 4 90
202505 1 86
203289 1 112
204176 5 129
204177 4 85
204178 5 106
204179 2 96
204180 4 113
213684 7 611
214000 1 92
215572 1 111
220333 1 461
222158 4 323
224826 17 391
225381 1 92
226316 18 574
229421 1 143
232085 1 185
232669 1 1268
232677 1 231
232765 3 1089
233073 1 184
233655 2 213
234427 2 383
234504 2 425
234961 1 830
235290 2 195
235358 3 493
236468 1 337
236947 1 680
237902 2 744
240051 1 683
240286 1 500
240873 1 310
242269 2 409
242664 1 1689
242726 1 1525
242797 3 7898
243568 1 51992
243698 2 29409
243779 1 667
244400 1 18019
244513 1 6820
244515 11 137580
244906 2 112
244982 3 108
245062 5 6328
245145 1 654
245185 1 11699
245371 4 6774
245372 1 8138
245449 2 35219
245617 2 24889
245637 1 3806
245721 1 12050
245759 1 131
246180 5 5856
246182 5 13686
246185 1 16049
246695 3 65027
247209 1 48787
247357 2 1643
247406 1 42749
247472 2 5725
247550 1 255154
247573 1 52
247672 1 33059
247676 1 60
247762 2 2569
248179 1 34397
248562 2 40310
248634 3 38855
248688 1 17594
248712 4 11964
248816 5 17214
249151 2 38079
249190 1 14664
249255 5 4181
249311 1 160
249339 1 15594
249519 3 9653
249537 2 4910
249570 5 33965
249813 2 4931
249976 1 492
250073 1 19941
250192 1 8049
250331 2 19950
250619 3 24517
250868 1 190
250899 1 13191
251445 1 113
251506 1 5141
251636 4 2514
251756 1 19516
251781 1 5124
251800 2 24372
252039 3 2572
252127 1 96
252154 1 29717
252227 1 4408
252470 4 6441
252474 3 81579
252483 8 1422
252506 1 423
252921 5 52519
252986 8 40464
253139 19 8192
253354 18 57179
253431 2 6577
253588 1 13837
253593 2 171848
253661 3 22094
253773 1 225
253806 3 1642
253846 1 4965
253849 3 22736
253990 2 26077
254108 2 174176
254368 4 7195
254742 8 3853
254871 7 36421
255036 1 143
255060 1 5634
255144 1 25727
255417 5 27737
255479 1 10378
255562 6 1850
255609 1 22114
256022 3 11475
256451 1 4516
256687 5 11982
257049 3 26471
257129 1 14144
257132 1 20479
257133 5 26221
257137 3 17976
257344 2 45609
257345 9 89736
257673 4 58812
257812 9 103213
257899 1 562
257958 1 466
258162 5 4481
258559 1 52150
258987 4 21620
266609 1 175
271720 1 361
273300 1 316
274189 1 423
274568 1 262
278861 1 238
293191 1 390
296995 5 470
297897 1 25
297898 1 42
298088 1 249
305104 2 540
309703 1 232
311319 1 466
315745 3 541
332194 1 271
349565 3 578
350722 1 449
350727 7 435
351416 2 518
352388 1 627
361133 1 176
363145 11 324
367292 1 166
374085 2 696
375449 13 337
377655 1 53
383001 11 603
400244 2 677
400250 3 681
405271 5 532
405877 1 529
405885 3 602
410627 6 843
413864 2 495
434946 7 580
445740 1 530
455023 1 223
457071 2 82
473530 1 151
474590 1 594
495298 10 221
500916 2 353
516343 1 731
