53 4 387
64 2 240
1141 1 111
1157 2 222
2583 4 276
2587 6 467
3688 1 493
4523 2 310
5084 4 234
5381 3 547
5760 1 271
7550 2 302
7645 1 561
7661 5 514
8011 1 340
9338 5 503
9403 3 410
10991 3 440
12675 1 671
14231 1 256
14667 1 425
15163 6 360
15411 1 311
16584 5 379
17504 3 341
17677 2 284
17836 1 271
18568 4 364
19061 1 229
19187 2 486
19267 1 457
19595 2 397
19922 1 205
20500 8 467
20827 2 332
22212 3 473
22283 4 411
23997 2 208
25139 1 156
25142 1 279
25318 2 315
26486 2 476
27546 2 252
28003 1 96
28042 5 423
29297 3 301
29998 11 387
30390 1 213
30447 3 204
31614 2 354
31674 2 354
31893 2 437
32496 2 453
32984 1 241
33084 3 126
33471 4 388
33713 3 255
33715 3 250
33973 2 347
35336 11 356
35340 1 446
35412 1 420
35653 6 216
35656 2 171
35707 3 278
35728 8 335
36371 1 346
36386 4 177
36432 2 398
36551 7 387
36637 1 480
36805 1 315
36824 18 382
36838 4 323
37556 1 287
38226 4 193
39175 6 666
39601 4 189
40038 4 253
40414 6 345
40653 6 681
41492 1 341
41914 1 396
42235 3 344
42651 5 377
42799 1 271
42960 2 414
42966 1 277
43236 2 435
43380 3 415
44025 1 184
44163 3 481
44963 3 355
45656 2 240
46246 2 349
46661 5 260
47607 3 1003
47685 10 358
48209 2 326
48591 6 463
48592 10 534
49465 2 206
50645 1 480
50688 1 398
50816 1 423
51154 4 510
51195 3 368
51262 7 275
51382 4 379
51462 8 485
51535 3 303
51578 4 474
51692 6 438
52398 5 471
52924 1 173
52938 1 199
53087 3 397
53920 3 303
55429 2 495
55584 4 481
55811 2 202
55869 3 270
55944 2 568
56904 1 408
57022 2 402
57140 2 265
59153 4 488
59286 2 248
59362 8 270
59388 1 471
59412 1 307
59467 1 499
59474 1 320
59496 2 253
59630 6 229
59747 2 540
59961 2 287
60235 2 279
60293 6 494
60406 2 499
60584 1 444
60622 4 388
60686 5 257
60780 7 345
60845 3 228
60971 2 230
61254 4 269
61744 4 258
61880 2 233
62215 5 503
62258 4 129
62340 4 541
62709 1 444
62741 2 246
62841 2 397
64214 4 264
64339 1 252
65227 1 155
65620 3 534
65819 1 178
66126 1 342
66133 1 272
66242 2 339
66405 1 317
66478 5 439
67544 7 378
68560 3 322
69088 16 418
69164 4 287
69287 5 377
69513 2 431
69629 1 272
69944 2 432
70358 9 207
70661 3 245
71330 1 229
72350 10 313
72455 1 427
72675 7 230
72682 6 315
72736 7 326
72771 7 477
73495 1 299
73567 1 283
74154 6 324
74356 1 86
74362 2 537
74365 2 558
74403 2 464
74559 2 540
74561 2 556
74568 1 199
74597 3 236
74722 2 147
75502 1 462
76025 2 291
76316 1 352
76920 2 303
77317 2 312
77687 3 198
78271 10 488
79484 1 151
80063 1 22
80160 1 30
80347 8 562
80605 5 188
80608 1 29
80645 7 4945
80665 20 11731
80709 33 4617
80736 4 175
80852 3 138
80979 8 2868
81115 3 211
81231 5 159
81614 3 3858
81629 7 278
81707 35 6589
81753 7 343
81905 7 244
82026 15 707
82027 15 699
82370 110 12043
82525 7 214
82576 2 237
82682 1 29
82795 1 32
82796 24 5159
82841 4 281
82887 6 690
83135 7 2684
83378 1 24
83407 6 690
83674 360 13400
83800 9 431
83822 4 555
83936 1 33
84096 2 205
84231 4 2121
84386 1 26
84452 8 651
84636 8 1270
84701 5 5344
84705 17 1378
84713 246 9971
84850 7 249
84951 3 2230
85089 13 3572
85116 4 121
85368 19 74892
85481 4 70500
85536 6 326
85645 55 153229
85663 12 21435
85687 19 28718
85739 6 290
85773 24 82661
85803 1 32
85804 27 30970
86027 2 25
86043 6 1234
86070 1 622
86124 5 146
86232 3 163
86265 4 353
86310 4 282
86367 1 33749
86526 1 34
86527 33 13920
86545 1 30
86547 1 30
86549 2 9754
86551 15 660
86688 4 883
86753 72 173871
86921 9 411
87026 4 116
87177 5 4235
87192 9 889
87298 63 15858
87414 5 22011
87462 6 169
87700 7 1232
87732 9 1091
87757 14 415
87790 4 2062
87809 1 29
87811 37 30658
87878 4 332
88056 9 1991
88057 11 2081
88162 3 600
88254 10 369
88319 3 2688
88322 1 29
88324 162 18319
88325 6 238
88465 14 653
88495 13 503
88570 1 30
88571 16 8951
88664 4 1922
88676 7 298
88738 4 331
88805 8 216
88861 17 958
88874 4 300
88920 8 1586
88967 4 117
88968 4 141
88972 6 244
89070 5 1748
89158 19 24190
89174 1 29
89247 10 377
89298 1 27
89299 19 5371
89381 48 7437
89428 9 761
89431 1 30
89432 17 38895
89448 4 114
89482 13 731
89540 23 24038
89579 16 581
89770 11 375
89817 1 29
89819 1 30
89904 1 28
89907 6 2810
89914 7 231
90027 5 466
90029 1 28
90312 10 21037
90316 7 270
90317 6 225
90396 3 563
90550 8 9629
90782 1 24
90783 47 22898
90797 1 26
90798 16 9998
90992 1 30
90993 6 7033
91000 8 227
91115 10 974
91127 41 51352
91305 163 14425
91307 59 36764
91391 76 20311
91644 29 10252
91783 10 2564
91786 1 28
91871 4 23431
91876 18 4762
91892 7 233
91922 16 5712
91966 3 284
91998 1 19
91999 9 3515
92022 3 2193
92166 1 64088
92187 1 27
92188 94 64658
92307 1 64087
92328 1 27
92329 94 64673
92465 14 2245
92554 209 26137
92556 38 26842
92574 1 27
92588 7 2035
92592 2 2515
92596 10 14515
92615 7 295
92834 1 22
92836 1 21
92874 7 4331
92875 6 2397
92876 3 174
92954 2 574
92985 3 2145
93093 1 29
93260 4 2302
93295 4 118
93296 4 118
93297 4 110
93329 11 718
93395 11 2353
93595 1 767
93605 11 450
93652 6 12607
93654 39 102204
93774 1 27
93809 4 113
94050 18 4397
94267 7 3418
94284 110 72168
94285 24 21629
94286 1 24
94344 4 112
94448 20 11510
94469 1 26
94491 4 117
94492 4 134
94493 4 113
94730 12 18955
94777 4 114
94789 33 12958
94827 8 1492
94863 11 18144
95202 29 954
95211 4 129
95269 3 286
95357 8 7537
95363 62 33206
95365 16 10517
95431 4 156
95546 9 1018
95547 8 1141
95563 1 31
95590 4 118
95591 4 113
95655 1 24
95715 1 25
95893 9 420
95963 5 558
95965 7 249
96027 3 30491
96029 7 21896
96041 10 32603
96049 29 78606
96062 1 18
96063 312 37082
96136 14 20896
96149 1 27
96150 18 6354
96151 1 27
96154 21 18583
96188 12 3189
96203 4 116
96305 26 38919
96336 4 124
96379 12 360
96426 15 15652
96437 23 11115
96491 3 343
96558 17 7620
96568 23 8024
96637 1 690
96936 7 883
97108 6 389
97223 12 463
97270 79 15338
97276 6 1999
97303 4 115
97596 7 451
97725 85 10756
97795 4 118
97804 4 500
97883 8 3805
97884 6 714
97904 5 171
97976 11 473
98006 1 20
98222 4 111
98312 3 1808
98330 1 43
98333 16 706
98479 11 454
98541 1 22
98552 3 4565
98667 1 22
98708 7 12022
99105 7 268
99173 1 22
99174 74 14166
99347 4 128
99348 4 115
99349 4 114
99449 35 41595
99451 13 19333
99503 15 436
99907 18 1052
100119 3 525
100184 3 380
100211 5 88
100320 7 1430
100334 3 566
100366 1 518
100428 9 447
100517 9 767
100530 3 144
100543 1 390
100615 8 445
100745 2 598
100881 7 848
100974 33 1190
101080 14 533
101153 3 687
101175 5 166
101292 1 384
101518 18 934
101574 4 461
101736 4 121
101766 2 245
101840 5 1095
101861 2 530
101934 5 241
101967 1 61
102029 2 74
102038 10 852
102042 5 433
102053 2 140
102159 11 752
102174 10 620
102217 1 520
102241 12 1269
102287 4 170
102559 5 244
102750 2 139
102754 2 144
103419 2 119
103730 4 369
103810 15 682
103819 7 199
104107 3 339
104187 2 105
104207 5 405
104439 5 172
104568 3 574
104646 3 603
104676 3 88
105013 1 974
105193 1 192
105243 1 298
105372 3 542
105402 1 585
105616 11 503
105863 18 753
105891 2 77
105958 4 542
106043 2 839
106071 2 60
106117 1 436
106119 1 311
106344 2 863
106372 4 546
106379 8 1575
106391 2 43
106396 5 390
106497 1 510
106718 1 464
106849 2 633
106994 1 773
107024 2 95
107031 1 485
107130 3 895
107191 3 614
107271 1 553
107723 1 318
107867 3 277
107912 1 539
108170 2 235
108198 7 642
108283 3 392
108353 5 347
108495 2 180
108620 12 360
108626 9 664
108696 1 38
108881 2 149
109126 2 1941
109363 3 549
109409 1 490
109688 14 578
109795 2 355
109807 16 663
109976 9 1318
110072 1 573
110100 2 154
110119 5 263
110174 2 1450
110214 1 126
110462 1 75
110889 2 1278
110970 2 628
110979 2 234
110982 4 493
111066 2 700
111088 1 1455
111105 3 80
111132 5 125
111158 5 182
111189 3 560
111195 1 975
111202 1 1029
111203 11 452
111289 5 608
111317 1 169
111328 6 320
111363 2 59
111445 12 676
111485 1 679
111526 4 387
111528 2 402
111541 1 496
111603 3 51
111653 2 804
111742 2 660
111795 12 452
112093 1 622
112096 1 1478
112235 2 93
112244 1 320
112293 1 233
112339 2 420
112603 3 158
112665 8 365
112738 3 281
112768 2 124
112774 6 560
113050 2 63
113136 2 399
113583 3 485
113770 1 74
113866 2 258
114232 3 91
114285 6 168
114364 3 626
114448 9 808
114754 2 392
114942 3 113
114975 2 606
114999 2 509
115068 3 47
115747 4 1600
116117 1 174
116309 6 1041
116431 2 138
116575 4 440
116784 5 535
116829 3 283
116905 3 370
116912 1 516
117004 1 377
117034 3 59
117164 4 69
117390 1 534
117403 3 360
117545 2 139
117692 1 114
117831 2 45
118072 4 59
118231 2 97
118275 2 33
118469 10 611
118579 4 152
118785 1 394
118787 2 197
118894 2 154
119021 4 529
119038 2 84
119278 3 333
119487 6 784
119513 2 603
119572 1 1102
119771 1 527
119926 4 563
120000 1 104
120017 6 328
120092 2 544
120132 3 341
120188 2 185
120219 4 58
120319 1 178
120541 4 401
120561 4 379
120819 15 1098
120898 2 79
120900 12 691
121021 10 375
121393 6 146
121586 4 1224
121709 4 147
121785 1 77
121843 2 530
121845 2 142
122007 2 564
122332 5 331
122623 4 146
122783 9 853
122922 4 748
122968 2 488
123650 1 478
123750 5 211
124334 19 875
124441 2 70
124689 6 546
124731 1 805
124897 2 519
124972 5 289
125173 4 293
125209 8 443
125362 2 153
126266 6 87
126345 2 69
126677 7 759
126986 3 549
127106 3 103
127266 2 94
127351 2 600
127482 6 211
127577 2 290
127605 4 342
127930 1 566
128008 4 1023
128052 1 238
128117 23 921
128538 2 124
128543 2 550
128588 34 806
128877 1 62
129037 2 226
129094 3 805
129120 3 107
129322 1 127
129454 2 140
129881 3 550
130032 2 138
130089 2 67
130349 2 154
130532 1 92
130634 2 322
130660 7 671
130682 13 588
130863 2 139
130886 5 565
130922 1 165
131305 2 561
131325 5 150
131383 1 86
131503 2 147
131892 3 1478
131946 5 318
132165 5 128
132218 2 405
132445 4 492
132637 2 1117
132959 1 560
133054 2 850
133078 3 689
133120 11 710
133181 5 947
133274 1 323
133465 2 618
133819 5 731
133829 3 483
133910 7 162
133915 9 644
133930 3 633
134060 2 105
134096 26 627
134127 1 601
134156 2 163
134294 2 50
134321 1 653
134455 2 386
134545 1 59
134546 5 251
134569 4 345
134804 6 579
134868 10 535
134886 1 390
134977 1 680
135124 3 100
135265 7 1193
135376 3 101
135428 8 322
135474 3 488
135596 1 390
135882 18 1400
135897 1 93
135993 7 469
136358 5 372
136388 5 148
136436 2 135
136564 3 310
136617 1 519
136675 1 704
136857 4 370
136985 5 731
137110 3 147
137151 8 611
137248 16 702
137348 5 785
137432 3 172
137498 3 181
137513 11 271
137917 3 1204
137957 3 131
137967 1 76
138032 3 139
138071 2 161
138081 2 578
138103 1 619
138269 3 269
138303 2 551
138465 3 102
138785 1 1243
138889 4 212
138981 4 585
139006 1 101
139012 1 600
139030 1 609
139233 1 68
139575 7 488
139584 5 433
139695 1 623
139874 2 119
139938 2 100
140010 7 578
140133 4 380
140156 3 120
140355 4 306
140512 2 659
140755 8 1067
140921 5 523
140923 3 120
141415 3 604
141603 1 159
141605 2 659
141660 1 66
141836 1 1148
141980 3 582
142423 6 817
142488 7 513
142517 2 101
142754 2 88
142874 6 208
142962 1 713
143009 6 302
143057 2 179
143362 2 534
143575 4 170
143595 3 167
143617 3 171
143644 8 792
143746 3 173
143928 5 344
143931 5 759
143934 13 820
144006 3 287
144105 2 91
144111 3 563
144130 8 406
144220 4 138
144232 2 641
144309 3 96
144322 4 103
144338 10 593
144471 3 167
144525 9 472
144589 2 173
144591 1 165
145001 6 143
145014 3 147
145100 8 448
145153 8 544
145155 1 723
145554 4 510
145704 14 554
145809 1 89
145835 3 175
145851 7 268
145883 5 156
145948 3 723
146000 1 731
146202 1 669
146240 5 258
146281 1 510
146340 3 85
146386 5 854
146397 3 122
146627 3 188
147029 22 1047
147062 3 163
147107 2 114
147211 3 703
147290 4 338
147387 6 581
147497 12 767
147522 4 1280
147627 12 750
147649 7 424
147711 4 144
147858 4 139
147952 9 444
148341 2 375
148568 1 144
148602 4 635
148628 5 813
148730 3 530
149098 5 169
149245 3 215
149327 1 74
149356 10 859
149365 2 216
149388 24 800
149423 2 131
149608 3 197
149640 4 89
149731 5 1116
149774 7 552
149844 6 921
150098 3 224
150173 2 665
150644 3 448
150674 4 326
150768 7 659
150794 10 785
150803 3 76
150883 3 148
150924 3 115
150931 7 594
150987 3 164
151158 3 305
151227 4 210
151276 1 486
151324 5 320
151529 2 206
151564 9 589
151731 3 162
151802 7 637
152140 11 441
152160 1 621
152200 8 819
152854 1 685
152985 1 660
153148 1 698
153214 4 608
153306 2 682
153497 2 85
153632 2 97
153717 1 159
153857 3 294
154038 5 280
154218 9 209
154463 6 127
154585 4 98
154653 1 373
154776 3 264
154871 5 378
154886 1 283
154893 3 414
155004 7 222
155011 2 623
155130 6 569
155182 4 193
155203 1 116
155212 10 1238
155492 2 101
155547 2 99
155623 1 677
155639 2 178
155739 4 423
155762 11 319
155823 4 122
155868 24 838
156065 11 631
156066 1 625
156158 4 556
156168 2 117
156248 4 607
156356 4 153
156395 3 649
156724 2 159
156899 1 1272
157128 1 630
157188 3 321
157273 4 134
157698 1 641
157972 1 627
157973 1 681
158090 3 136
158137 10 587
158195 3 167
158249 3 373
158355 7 324
158359 3 322
158524 9 579
158535 5 278
158567 3 190
158586 3 780
158766 9 246
158830 5 604
159200 11 1544
159396 3 270
159580 7 283
159670 2 147
159708 2 121
159927 4 173
160184 2 677
160287 3 225
160314 5 460
160478 3 119
160629 2 221
160647 3 84
160717 1 673
160807 4 106
161022 3 124
161162 3 138
161340 3 213
161436 1 128
161524 2 63
161592 1 702
161667 4 181
161682 5 442
161694 1 1357
161783 7 747
161871 5 1169
161995 5 622
162241 2 574
162397 3 806
162512 5 617
162620 2 349
162632 3 324
162920 2 341
162925 1 146
162977 5 204
163020 2 102
163026 3 110
163203 2 74
163361 3 1245
163421 8 519
163428 4 552
163490 3 95
163680 6 634
163682 5 193
163784 3 196
163984 4 639
163987 20 699
163988 2 179
164203 1 622
164345 8 465
164417 5 421
164631 3 444
164670 2 125
164750 3 243
164761 5 407
164843 11 306
164932 4 87
164990 4 270
165022 1 255
165197 3 978
165317 3 607
165471 2 83
165651 2 592
166068 5 1362
166252 3 636
166297 1 86
166393 9 638
166428 6 372
166460 1 89
166491 4 299
166579 1 290
166943 4 627
167012 1 479
167164 2 167
167176 4 365
167671 2 145
167823 6 508
167834 1 100
168078 4 575
168124 1 209
168174 3 111
168199 5 426
168214 1 301
168276 3 136
168377 4 118
168592 4 320
168682 3 73
168751 2 49
168861 13 604
168863 3 223
168894 3 168
169077 1 53
169221 3 423
169266 4 285
169334 1 496
169340 21 507
169515 2 236
169618 3 528
169718 3 394
169936 12 567
169975 2 80
169976 2 493
169992 7 506
170016 2 667
170050 2 617
170077 4 327
170161 4 419
170173 3 543
170212 3 682
170345 7 375
170446 3 174
170711 3 682
170747 10 780
170781 3 184
170833 3 89
171033 11 627
171163 3 192
171387 7 434
171423 2 696
171512 7 359
171531 3 404
171546 9 217
171604 3 67
171917 5 250
171972 3 104
171993 1 644
172227 6 791
172330 1 515
172346 1 182
172476 4 507
172487 5 282
172568 2 255
172715 10 574
172754 3 70
172772 1 40
172885 1 120
172915 4 437
172973 3 152
173035 5 675
173082 7 188
173157 4 532
173257 2 146
173294 2 85
173300 2 94
173334 2 98
173409 2 626
173443 1 663
173449 4 629
173539 1 300
173582 1 663
173876 3 316
173924 7 967
173976 2 181
173977 2 638
174007 3 415
174046 3 389
174050 2 67
174060 2 565
174128 3 664
174174 4 584
181713 1 431
184041 20 953
187013 10 122
187014 5 111
194385 8 594
197469 3 98
198459 4 111
207154 4 101
210630 1 121
211377 3 117
211494 1 111
219129 1 104
227257 3 79
231308 3 513
231381 2 520
231432 18 1175
231508 2 501
231647 9 1925
231674 2 157
231697 2 174
231808 2 1498
231896 3 391
232072 1 1368
232105 1 249
232134 1 298
232429 6 1777
232655 12 335
232957 8 237
233158 3 479
233559 4 253
233576 34 1366
233625 13 262
233658 57 1367
233672 18 468
233683 8 180
233705 21 468
233802 1 774
233915 4 194
233995 8 359
234046 7 3770
234329 9 469
234513 1 424
234675 3 480
234779 19 272
234782 3 743
234794 3 1918
234871 32 469
234944 22 314
235062 14 800
235139 10 1162
235169 18 601
235289 5 434
235382 2 167
235560 18 723
235834 10 3236
236098 4 1529
236166 16 580
236175 4 359
236188 2 345
236253 25 1431
236369 1 220
236589 4 429
236629 5 245
236689 22 361
237039 10 392
237231 82 1387
237358 6 644
237367 4 448
237427 10 220
237441 66 2038
237513 2 518
237619 31 782
237807 23 651
237892 4 307
237932 3 1883
238166 3 325
238308 1 491
238310 6 3451
238641 3 239
238887 5 414
238903 5 293
238994 1 337
239179 4 2863
239227 7 541
239238 3 490
239290 13 1275
239714 6 260
239740 1 207
239748 1 412
239868 2 849
240116 2 442
240241 1 1578
240366 6 117963
240394 2 189
240529 1 669
240561 1 451
240898 8 232
240927 45 1766
240928 13 509
240956 1 1181
240958 17 282
241119 2 582
241122 6 245
241228 2 433
241385 8 242
241421 1 463
241445 8 244
241489 6 350
241685 3 384
241687 22 600
241713 49 1478
241816 14 1228
242030 23 597
242089 6 549
242148 3 418
242158 4 289
242162 7 266
242199 1 583
242473 7 326
242479 6 223
242499 28 443
242555 64 1547
242867 81 4202
242875 71 1906
242955 20 34181
243088 3 128
243131 21 489
243248 4 97794
243402 14 10550
243568 38 51992
244031 31 24298
244077 3 155
244228 6 9205
244295 40 43543
244515 49 137580
244556 1 567
244846 26 32902
245029 1 93035
245341 3 1631
245466 2 419
245733 16 1102
246003 1 79294
246610 39 29250
246638 1 189
246695 8 65027
246864 414 22526
246930 14 9288
247153 35 17318
247406 2 42749
247469 108 160821
247517 39 40187
247550 19 255154
247672 11 33059
247748 12 3082
247823 2 4279
247828 16 4527
247951 10 19772
247991 1 155
248132 4 268
248177 5 4186
248179 36 34397
248350 18 5063
248610 18 211360
248627 30 17300
248634 24 38855
248686 10 4315
248688 4 17594
248712 14 11964
248788 15 56946
248809 61 45708
249037 7 135
249076 47 36189
249151 42 38079
249265 99 19873
249347 20 4853
249594 36 5335
249740 4 228328
249759 3 223
250000 3 2488
250052 57 4299
250354 16 4101
250532 80 2306
250533 14 14895
250797 3 86
251027 15 42465
251128 5 193
251222 8 691
251251 5 653
251485 43 29531
251507 2 5614
251760 46 4482
251780 47 4990
251785 14 19094
251905 9 2386
252154 31 29717
252287 31 808
252474 118 81579
252503 1 377
252555 3 27002
252868 5 111
252922 2 2016
252939 8 4993
253018 21 331696
253067 4 104143
253077 6 196
253163 4 456
253203 12 33726
253589 15 5262
253593 268 171848
253930 2 3560
254108 186 174176
254497 67 24964
254784 4 192
254786 18 465
254803 4 101
254818 121 9478
254957 57 2652
255417 62 27737
255476 73 44402
255627 4 1792
255733 1 4750
255777 3 64507
255914 7 2200
256043 16 19276
256224 3 1886
256283 14 34425
256286 5 24252
256328 3 171
256331 1 112
256604 155 37731
256605 19 11662
256624 27 10461
256626 28 4586
256627 24 2534
256847 10 24054
257049 8 26471
257312 22 16694
257321 3 4107
257344 230 45609
257345 401 89736
257348 3 44
257355 9 3598
257356 28 8557
257407 169 3707
257625 7 23419
257812 58 103213
257894 1 1182
257895 1 1845
257961 19 616
258082 7 1400
258446 7 434
258578 27 2678
258587 1 1491
258636 12 15270
258705 77 7482
259188 3 549
259837 6 296
259838 3 689
259910 2 473
260127 8 476
260128 5 367
260130 1 430
260132 2 547
260135 5 452
260136 1 240
260138 3 508
260139 4 521
260518 6 345
260777 16 1599
260787 123 55438
261141 6 152
261266 3 350
261494 4 285
261621 3 318
261745 4 176
261995 3 411
262298 6 283
262306 2 260
263022 11 547
263231 5 152
263240 6 153
263750 9 257
263771 5 365
263912 5 155
264069 7 262
264070 11 424
264073 7 300
264935 6 159
264936 4 134
265671 1 358
266231 18 1638
266508 1 374
266607 17 360
267163 5 171
267764 1 520
268026 5 160
268252 2 443
268253 1 433
268378 5 152
268806 6 140
269044 2 635
269145 3 321
269157 3 267
269244 5 139
269258 2 361
269390 15 398
269570 5 238
269657 8 441
269737 32 2754
269787 4 212
269903 2 278
269931 6 261
270018 6 351
270205 5 575
270328 1 395
270352 2 352
270380 3 327
270610 2 369
270675 4 441
270966 1 199
270969 1 369
271051 8 409
271052 6 427
271065 4 174
271073 7 589
271110 3 206
271192 9 310
271199 4 395
271202 11 418
271225 5 411
271230 5 293
271360 3 492
271749 7 445
271850 10 20008
271970 4 153
272173 3 276
272337 5 157
272715 7 188
272923 4 262
272941 5 126
273134 8 1079
273139 3 148
273476 5 220
273750 7 434
274085 5 165
274189 16 423
274459 3 358
274831 5 126
274962 14 553
275376 1 234
275568 6 178
275603 10 348
276118 5 1367
276665 5 157
276726 4 261
277346 5 153
278224 5 121
278238 7 283
278313 8 445
278544 18 1950
278997 5 145
279244 12 620
280507 5 160
280714 5 431
280755 5 32241
280964 2 236
281109 3 547
281785 4 117
282183 8 468
282190 5 616
282440 8 204
282635 3 5641
282855 2 480
283009 5 409
283127 1 4690
283387 8 180
283971 13 1792
284327 13 415
284518 21 466
284520 19 535
284749 5 151
284935 4 515
285113 3 340
285207 11 550
285213 3 376
285749 2 423
285820 5 157
285821 5 154
285882 6 323
286122 4 130
286484 3 166
287602 38 5536
287779 20 1872
287830 7 2536
287962 5 146
288463 4 192
288658 1 350
288670 9 575
288672 7 527
288864 2 455
289252 5 535
289783 1 480
289924 11 651
290003 6 427
290129 36 695
290131 28 737
290132 28 743
290146 10 688
290651 5 574
290746 1 125
290770 12 21435
290951 4 460
291067 3 98
291250 4 280
291607 4 616
291991 7 327
292043 3 777
292394 5 208
292419 1 589
292507 10 288
292965 10 494
293044 19 1985
293269 4 166
293450 10 203
293481 1 604
293516 4 268
293648 3 113
293873 6 9225
293885 6 1778
293970 12 642
293971 6 288
294152 8 468
294356 5 532
294361 10 364
294489 3 320
294610 6 213
294660 5 255
294859 3 186
295195 8 356
295262 7 264
295346 2 338
295426 10 303
295565 9 488
295576 15 370
295743 5 321
295932 6 868
295943 33 29903
296180 7 589
296352 6 271
296400 1 453
296420 7 483
296739 6 246
296943 10 572
297081 1 285
297132 7 229
297242 4 132
297612 2 499
298045 5 332
298144 1 301
298157 4 356
298352 6 309
298678 5 608
298914 4 403
299418 8 354
299504 7 222
299516 5 143
299782 6 450
299969 2 395
300030 10 191
300500 9 388
301142 5 149
301170 19 415
301171 16 203
301305 5 189
301513 5 148
301828 5 425
302191 4 266
302231 7 299
302436 8 5265
302562 4 365
303900 4 191
304133 5 187
304559 7 1729
304962 4 497
305207 1 425
305641 6 573
305835 6 271
306265 6 245
306628 7 235
306629 7 245
306784 7 238
306842 6 193
306971 7 178
307402 4 508
307447 7 532
307998 6 419
308385 7 276
308416 5 212
308499 12 396
308734 5 158
308735 5 126
308904 1 961
309086 13 388
309491 7 626
309492 8 735
309701 1 3018
309823 62 32839
309994 10 478
310050 6 182
310061 4 353
310080 3 351
310367 1 313
310475 11 294
311163 2 498
311322 3 460
311355 119 64459
311382 12 609
311388 5 200
311398 5 155
311758 15 515
312180 4 285
312254 5 391
312282 17 693
312418 4 501
312421 4 581
312607 2 669
312627 6 258
312875 1 508
313195 4 533
313282 1 252
313475 5 627
313603 5 148
313605 14 467
313848 9 466
313907 3 399
313937 4 191
314223 7 216
314251 6 176
314264 13 274
314267 18 424
314409 7 467
314418 8 515
314512 49 52248
314816 4 515
315032 13 1041
315464 9 471
315465 8 701
315582 2 194
316720 4 210
316793 13 461
316794 10 663
317620 13 497
318505 11 382
318506 10 277
318769 14 487
319402 2 67
321381 15 609
322178 4 343
322459 1 146
322664 2 441
322954 8 965
322979 1 258
323117 4 113
323665 2 571
323891 2 135
324371 5 457
325305 1 194
325699 5 273
325942 2 241
326548 5 488
326835 1 161
326892 2 54
326893 1 222
326895 28 678
326923 10 836
326974 11 355
326996 4 202
327002 1 235
327004 2 306
327204 1 316
327321 6 488
327849 1 116
328595 1 147
328671 2 317
328782 6 706
329522 7 346
329622 8 475
329628 2 33
330003 1 130
330847 8 207
331069 2 93
332099 1 528
332821 4 107
332966 8 308
332967 7 416
332969 6 428
333690 3 164
333818 3 190
334094 4 539
334185 10 700
334891 1 1646
335066 8 412
335147 2 265
335215 3 112
335467 3 386
335693 2 144
335696 3 483
335837 3 152
335846 1 132
336121 11 368
336535 4 575
337239 1 265
337240 7 449
337446 6 222
337506 3 299
337507 4 519
337712 1 200
338045 1 460
338095 3 275
338175 1 409
338298 7 891
338626 1 414
338704 3 292
338706 3 384
339015 3 611
339032 14 326
339049 3 468
339052 1 244
339101 5 548
339173 1 308
339177 11 387
339178 17 573
339180 4 439
339181 1 322
339182 20 528
339183 5 582
339184 1 467
339185 4 589
339186 5 597
339187 2 283
339188 5 709
339317 8 339
339347 7 362
339360 2 233
339492 1 205
339508 2 70
339622 2 80
339698 6 408
339699 1 208
339945 1 224
339953 17 514
340042 2 117
340248 7 195
340757 3 170
341023 5 504
341477 3 376
341599 4 640
341907 6 352
341931 2 146
341935 12 687
342245 1 226
342738 3 455
342838 16 379
342840 36 699
342860 1 545
342957 6 475
342982 1 348
342983 8 178
342984 8 146
343252 1 264
343334 2 353
343649 1 170
343790 5 157
343862 6 443
343922 4 168
344110 2 359
344111 10 588
344277 1 320
344442 16 538
345283 3 486
345415 12 469
345632 6 269
345801 4 254
345869 4 120
345880 5 247
346086 3 278
346210 1 52
346545 2 184
346732 14 643
346857 17 433
347097 2 215
347301 3 463
347661 17 636
347662 9 338
347691 4 403
348490 1 156
348755 8 444
348786 8 547
349220 2 221
349298 4 609
349546 2 92
349721 4 130
350010 2 35
350175 6 120
350621 5 351
351721 13 741
352038 12 927
352060 4 320
352067 2 244
352116 3 343
352224 4 395
352250 2 981
352478 20 598
352479 4 330
352905 6 328
354698 3 569
354780 5 155
356945 4 481
357338 6 214
357373 12 307
358030 6 185
358235 5 119
358511 5 186
359048 2 287
359462 8 209
359885 3 1074
360608 2 485
360612 9 455
360717 2 194
362017 14 689
362357 1 492
363004 3 205
363377 11 569
364139 7 136
364249 8 278
364397 3 161
365017 14 255
365766 1 82
365841 1 191
366034 10 515
366061 2 865
366186 1 298
366237 4 174
366252 16 678
366818 7 379
367659 12 354
367660 25 611
367679 7 147
367703 4 247
367879 2 200
368100 19 515
368580 4 433
368774 3 2040
369932 3 178
370066 3 66
370660 2 287
370912 5 315
371351 3 250
371615 12 273
372765 4 499
372768 6 575
373011 2 397
373293 4 270
373943 13 529
374063 14 659
374066 6 558
374070 30 776
375384 4 446
375441 17 1001
375636 1 116
375641 6 92
375756 1 93
376733 2 431
376846 15 605
377693 3 120
377907 4 271
378040 4 537
378058 3 299
378257 5 503
379042 6 455
379390 3 204
379790 5 551
381485 12 309
382352 4 189
382803 1 139
382839 3 464
383187 8 542
384294 1 244
384461 22 558
384462 5 489
385461 1 244
386126 13 571
386127 16 338
386196 1 161
387537 7 593
387697 1 158
388075 2 245
388432 28 632
390648 1 270
391956 7 368
392495 12 172
393194 4 187
393195 5 209
393237 10 652
393307 4 191
393310 5 213
393470 14 408
393971 2 171
394235 1 631
396731 1 75
396828 1 75
396934 1 86
397884 1 187
397918 1 173
398696 1 114
399387 2 197
399468 2 222
400105 4 472
401137 1 107
401311 2 789
401312 2 340
401385 2 225
401560 8 843
401576 5 826
403225 2 460
404267 8 292
404506 1 125
404510 2 212
404694 6 222
405849 2 102
406134 4 628
407308 15 541
408105 3 564
408397 1 218
408731 17 562
408773 1 216
408853 21 595
409061 1 206
409157 5 300
409164 2 177
410355 1 308
410688 6 142
410693 8 176
411139 3 130
411881 4 522
412299 2 614
412816 1 222
413290 7 522
414720 1 165
415572 3 274
415904 16 577
417063 12 750
417143 2 187
417434 2 89
417556 1 188
417713 8 552
418126 6 352
418180 11 677
418188 7 489
418224 12 519
418226 14 992
418228 15 805
419144 1 323
420858 2 175
421239 6 154
421728 1 79
421984 8 669
422101 9 384
422128 3 558
422129 8 454
422297 4 734
422863 6 360
423019 2 215
423109 1 200
423238 4 134
423449 4 434
424369 7 346
424849 9 446
425232 6 407
425249 3 324
425702 4 156
425730 12 554
425742 4 304
426535 17 415
426985 5 195
427718 10 380
428954 1 150
429981 8 369
430227 2 79
431662 5 578
432158 2 897
432596 6 214
432983 1 493
434072 4 221
435231 4 807
435731 7 183
436490 8 260
436703 16 551
436704 20 476
436870 1 698
437196 9 343
440569 7 445
441115 7 614
441121 2 201
441854 4 127
442276 9 212
442842 12 599
443547 10 556
443559 21 529
443560 6 603
443564 11 506
443565 16 504
443567 25 650
443719 6 234
446147 12 512
446506 21 552
446513 2 780
446642 2 237
446643 4 367
448296 1 202
450067 10 588
450643 11 406
451925 2 205
452031 2 89
452245 1 903
452420 3 430
453443 1 93
454907 1 255
455408 13 493
456428 4 93
456610 20 667
456842 5 817
458452 3 397
458720 5 257
458741 5 654
458742 2 190
458952 9 502
459684 2 129
459967 1 112
460214 12 621
461503 7 272
461780 2 227
463149 4 217
464145 5 1118
464402 6 183
464554 7 390
464576 7 409
464588 11 202
464849 1 751
465250 3 181
467640 27 699
467641 5 388
469575 8 392
469977 5 175
470595 2 49
470605 3 638
470658 18 544
470827 5 549
471129 2 56
471205 7 581
471210 13 532
471214 11 537
471215 12 572
471667 13 541
471980 2 530
472746 4 250
473595 2 155
473804 1 75
474881 10 425
475057 10 375
475491 1 503
475798 3 188
475809 1 190
476345 3 287
477845 8 580
478686 3 240
479134 17 428
481789 24 582
482394 3 164
482576 8 186
482581 11 251
483570 17 532
483845 9 522
484790 2 550
485503 1 45
486213 12 779
486932 7 515
487103 1 714
487927 4 539
488910 11 597
489468 3 505
489807 8 503
490454 1 102
490824 9 513
491725 33 669
492358 3 616
492517 3 376
493764 1 105
494144 1 198
494885 3 502
496037 19 487
496767 14 413
497428 4 228
498727 1 484
498846 11 376
499792 3 649
499841 3 290
499977 16 511
500130 10 300
500369 10 501
500521 12 499
501790 8 386
501882 7 186
502515 1 290
503138 1 62
503472 3 151
504915 20 559
506519 24 528
507474 7 185
507707 1 48
507708 4 186
508947 1 56
509575 4 220
510894 3 68
511162 3 441
511673 2 273
511859 8 413
512919 8 321
512928 14 536
513046 14 470
513186 4 200
513236 1 70
513916 8 1027
514542 3 385
514694 6 144
514834 12 591
515295 9 351
516192 1 464
516232 3 149
516233 2 248
517542 3 606
517866 4 137
518867 6 254
519967 2 324
520413 24 761
520561 6 259
521055 2 214
522790 4 255
523929 1 277
64 1 240
1141 1 111
1157 2 222
1660 1 158
2583 5 276
2587 4 467
3688 6 493
4523 1 310
5084 2 234
5381 1 547
5760 1 271
6372 1 224
7550 3 302
7661 2 514
8011 5 340
9338 2 503
9403 2 410
10991 1 440
13935 1 506
14667 3 425
14758 1 271
15163 3 360
15366 1 407
15411 3 311
16584 1 379
16991 1 605
17504 2 341
17677 2 284
18563 1 229
18568 1 364
18762 1 271
19061 1 229
19187 2 486
19267 2 457
19595 1 397
19922 1 205
20500 6 467
20827 1 332
21645 1 147
22212 1 473
22283 1 411
23997 1 208
25139 2 156
26486 1 476
27546 1 252
28003 1 96
28042 2 423
29297 1 301
29998 6 387
30390 4 213
30447 3 204
30704 2 454
31893 1 437
32017 1 176
32569 1 452
32984 1 241
33084 2 126
33471 4 388
33713 2 255
33715 2 250
33973 1 347
35267 2 333
35336 1 356
35340 5 446
35412 4 420
35653 2 216
35707 1 278
35728 4 335
35858 3 380
36045 1 409
36432 4 398
36551 2 387
36637 1 480
36824 5 382
36838 1 323
37556 1 287
38224 1 306
38226 1 193
39175 4 666
39601 2 189
40414 3 345
40653 4 681
41353 1 287
41492 2 341
41914 3 396
42235 3 344
42651 6 377
42799 2 271
42960 1 414
43107 1 335
43236 1 435
43380 1 415
44025 1 184
44163 2 481
44963 3 355
45656 1 240
46246 1 349
46661 1 260
47607 2 1003
47685 1 358
48591 4 463
48592 4 534
49465 4 206
50645 1 480
50688 1 398
50816 1 423
51154 1 510
51195 2 368
51262 1 275
51462 2 485
51535 1 303
51578 3 474
51692 3 438
52398 1 471
52924 1 173
52938 1 199
53087 1 397
53920 3 303
55429 2 495
55584 4 481
55811 1 202
55869 3 270
55944 2 568
56904 1 408
57022 2 402
59153 2 488
59286 3 248
59362 2 270
59388 1 471
59467 2 499
59496 2 253
59630 1 229
59747 3 540
59820 1 303
60235 1 279
60406 1 499
60584 1 444
60686 2 257
60780 4 345
60845 1 228
60971 2 230
61744 1 258
62215 1 503
62258 1 129
62340 2 541
62709 1 444
62741 2 246
62841 1 397
64121 4 518
64339 1 252
65227 1 155
65620 1 534
65846 3 351
66126 1 342
66133 3 272
66242 2 339
66320 1 439
66405 1 317
66478 3 439
67544 3 378
68560 2 322
69088 3 418
69164 1 287
69287 5 377
69379 1 299
69629 1 272
69944 2 432
70661 1 245
71330 1 229
72455 1 427
72675 1 230
72682 2 315
72736 2 326
72771 2 477
73567 1 283
73720 5 354
74154 3 324
74356 1 86
74597 1 236
74722 1 147
75502 1 462
76025 1 291
76316 1 352
77317 1 312
77687 1 198
78271 2 488
79484 1 151
80063 1 22
80160 1 30
80347 7 562
80605 5 188
80608 1 29
80645 30 4945
80665 22 11731
80709 13 4617
80736 3 175
80852 3 138
80979 16 2868
81115 5 211
81231 5 159
81614 18 3858
81629 1 278
81707 14 6589
81753 9 343
81905 1 244
82370 14 12043
82525 1 214
82576 2 237
82682 1 29
82795 1 32
82796 18 5159
82841 1 281
82887 4 690
83119 2 4282
83135 7 2684
83378 1 24
83407 4 690
83674 24 13400
83800 9 431
83822 5 555
83936 1 33
84096 2 205
84231 22 2121
84386 1 26
84452 2 651
84636 11 1270
84701 9 5344
84705 16 1378
84713 18 9971
84837 17 4635
84850 1 249
84951 6 2230
85089 22 3572
85368 56 74892
85481 32 70500
85536 6 326
85645 204 153229
85663 16 21435
85687 10 28718
85739 1 290
85773 82 82661
85803 1 32
85804 17 30970
86027 1 25
86043 5 1234
86070 2 622
86124 5 146
86232 3 163
86265 4 353
86310 1 282
86367 61 33749
86526 1 34
86527 18 13920
86545 1 30
86547 1 30
86549 45 9754
86688 5 883
86729 17 1003
86753 457 173871
86921 5 411
87177 7 4235
87192 5 889
87254 2 14581
87298 19 15858
87414 112 22011
87462 4 169
87700 7 1232
87732 12 1091
87757 2 415
87790 9 2062
87809 2 29
87811 310 30658
87878 2 332
88056 23 1991
88057 21 2081
88123 4 4932
88162 4 600
88254 1 369
88315 35 4028
88319 7 2688
88322 1 29
88324 14 18319
88325 1 238
88465 8 653
88495 1 503
88570 1 30
88571 21 8951
88664 4 1922
88676 4 298
88738 2 331
88805 1 216
88861 11 958
88874 1 300
88920 28 1586
88972 2 244
89070 7 1748
89158 56 24190
89174 1 29
89298 1 27
89299 16 5371
89381 35 7437
89428 7 761
89431 1 30
89432 28 38895
89482 1 731
89497 78 9874
89540 91 24038
89579 4 581
89770 3 375
89817 1 29
89819 1 30
89904 1 28
89907 5 2810
89914 3 231
90027 5 466
90029 1 28
90312 90 21037
90316 3 270
90317 1 225
90396 4 563
90550 5 9629
90782 2 24
90783 43 22898
90797 2 26
90798 24 9998
90992 1 30
90993 21 7033
91000 5 227
91115 10 974
91127 25 51352
91305 52 14425
91307 59 36764
91391 69 20311
91644 28 10252
91783 6 2564
91786 1 28
91871 110 23431
91876 14 4762
91892 2 233
91922 10 5712
91966 1 284
91998 1 19
91999 5 3515
92022 8 2193
92166 71 64088
92187 1 27
92188 254 64658
92307 71 64087
92328 1 27
92329 254 64673
92465 7 2245
92554 8 26137
92556 11 26842
92574 1 27
92588 8 2035
92592 6 2515
92596 14 14515
92615 1 295
92783 3 8708
92834 1 22
92836 1 21
92874 8 4331
92875 12 2397
92876 3 174
92954 2 574
92985 17 2145
93093 1 29
93260 23 2302
93329 1 718
93395 7 2353
93595 5 767
93652 43 12607
93654 269 102204
93774 1 27
93926 3 5234
94050 9 4397
94267 12 3418
94284 481 72168
94285 67 21629
94286 1 24
94448 35 11510
94469 1 26
94730 38 18955
94789 16 12958
94827 9 1492
94863 46 18144
95202 1 954
95269 2 286
95357 8 7537
95363 16 33206
95365 13 10517
95431 4 156
95546 9 1018
95547 8 1141
95563 1 31
95655 1 24
95715 1 25
95863 3 7062
95893 1 420
95963 5 558
95965 1 249
96027 29 30491
96029 29 21896
96041 23 32603
96049 110 78606
96062 1 18
96063 337 37082
96136 87 20896
96149 1 27
96150 10 6354
96151 1 27
96154 46 18583
96188 13 3189
96305 43 38919
96426 38 15652
96437 7 11115
96491 1 343
96558 46 7620
96568 29 8024
96936 3 883
96968 2 5309
97108 7 389
97223 1 463
97270 49 15338
97276 7 1999
97596 3 451
97725 24 10756
97804 4 500
97883 6 3805
97884 4 714
97904 5 171
98006 1 20
98312 3 1808
98330 1 43
98333 2 706
98541 1 22
98552 10 4565
98561 111 5379
98667 1 22
98708 275 12022
98915 17 4704
99105 1 268
99173 1 22
99174 10 14166
99449 20 41595
99451 10 19333
99900 1 444
99907 3 1052
100119 1 525
100184 1 380
100320 1 1430
100366 2 518
100394 1 310
100517 1 767
100615 1 445
100623 3 733
100737 2 47
100745 1 598
100812 2 660
100881 2 848
100974 2 1190
101002 1 533
101039 1 448
101080 3 533
101153 1 687
101205 1 94
101292 2 384
101518 4 934
101542 1 669
101574 2 461
101704 1 331
101766 4 245
101861 1 530
101934 1 241
102029 2 74
102038 7 852
102039 3 574
102042 1 433
102053 2 140
102159 1 752
102241 10 1269
102287 2 170
102444 2 143
102750 2 139
103083 5 745
103084 2 501
103419 2 119
103468 1 86
103714 1 525
104187 2 105
104207 1 405
104439 2 172
104646 2 603
104676 2 88
104700 1 212
105013 7 974
105193 2 192
105243 1 298
105372 1 542
105402 2 585
105616 3 503
105863 1 753
105891 2 77
105958 3 542
106117 1 436
106119 2 311
106344 4 863
106379 4 1575
106391 2 43
106396 1 390
106497 1 510
106851 2 472
106923 1 1014
106994 7 773
107024 1 95
107031 1 485
107130 2 895
107271 2 553
107386 2 623
107723 2 318
107867 2 277
108198 2 642
108283 1 392
108304 2 548
108464 4 225
108465 3 359
108495 2 180
108520 1 419
108823 1 577
108881 2 149
109126 4 1941
109280 4 134
109358 1 497
109363 1 549
109409 1 490
109688 1 578
109795 2 355
109807 1 663
109976 2 1318
110100 3 154
110174 3 1450
110206 1 428
110214 1 126
110383 1 129
110479 2 270
110525 2 468
110736 1 1270
110889 1 1278
110970 2 628
110982 1 493
111066 2 700
111088 1 1455
111105 1 80
111132 4 125
111158 1 182
111189 2 560
111202 1 1029
111203 2 452
111317 4 169
111328 2 320
111445 1 676
111526 3 387
111653 3 804
111742 2 660
111795 1 452
111836 1 130
112093 2 622
112244 2 320
112333 1 59
112339 2 420
112385 2 610
112603 2 158
112665 2 365
112738 1 281
112768 2 124
113136 3 399
113142 1 35
113399 6 426
113583 2 485
113727 2 47
113770 1 74
113866 2 258
114232 2 91
114285 2 168
114364 1 626
114448 1 808
114942 2 113
115895 1 605
115899 1 865
116575 3 440
116621 2 614
116784 2 535
116822 2 857
116838 6 738
116905 1 370
117034 2 59
117164 1 69
117183 2 151
117403 2 360
117545 2 139
117692 2 114
117831 2 45
118469 1 611
118579 2 152
118584 3 1037
118785 2 394
118787 3 197
119021 4 529
119038 2 84
119278 2 333
119485 3 757
119487 3 784
119513 1 603
119532 1 861
119636 1 1112
119926 3 563
120000 1 104
120021 1 81
120092 1 544
120132 3 341
120188 2 185
120219 2 58
120319 1 178
120378 1 104
120479 1 729
120541 2 401
120561 2 379
120584 1 195
120721 1 61
120819 3 1098
120898 2 79
120900 1 691
121021 2 375
121198 5 869
121327 5 182
121405 2 174
121586 3 1224
121845 2 142
121852 2 974
122332 2 331
122783 1 853
122795 2 1159
122922 2 748
122968 1 488
122973 2 714
124277 12 604
124689 3 546
124731 5 805
124897 3 519
124969 1 467
124972 3 289
125173 3 293
125359 1 561
125362 2 153
125520 1 547
125803 2 269
126296 4 228
126677 5 759
126937 4 535
126986 1 549
127106 1 103
127266 2 94
127281 1 320
127577 1 290
127653 3 496
127681 2 138
128008 2 1023
128117 2 921
128538 2 124
128543 7 550
128588 1 806
128841 1 616
129037 2 226
129094 5 805
129454 2 140
129945 5 614
130032 2 138
130349 2 154
130634 2 322
130660 6 671
130886 2 565
131325 1 150
131401 2 70
131503 2 147
131851 2 1227
131892 1 1478
131946 1 318
132218 2 405
132445 3 492
132501 2 521
132637 1 1117
132749 2 1653
132864 1 596
132959 2 560
133054 2 850
133071 2 336
133079 1 663
133120 7 710
133181 4 947
133824 6 476
133829 5 483
133915 2 644
133930 1 633
134060 2 105
134096 9 627
134156 2 163
134321 2 653
134546 2 251
134569 4 345
134804 3 579
134868 2 535
134977 1 680
135124 2 100
135265 1 1193
135376 2 101
135428 2 322
135445 3 633
135474 1 488
135694 2 492
135882 2 1400
135993 1 469
136087 1 946
136356 2 908
136358 2 372
136402 1 170
136436 1 135
136470 1 772
136564 2 310
136857 4 370
136870 3 70
137110 2 147
137151 3 611
137348 3 785
137432 2 172
137477 1 484
137498 5 181
137513 3 271
137950 2 308
137957 2 131
137967 1 76
138032 2 139
138081 1 578
138103 3 619
138199 3 367
138269 2 269
138303 3 551
138423 2 478
138465 2 102
138584 1 575
138704 1 265
138785 1 1243
138889 2 212
138962 1 258
138981 2 585
139006 3 101
139012 1 600
139030 2 609
139575 1 488
139584 2 433
139782 1 79
139874 1 119
139938 1 100
139943 2 70
140010 1 578
140133 2 380
140355 2 306
140487 1 497
140512 2 659
140755 3 1067
140899 3 137
140921 2 523
140923 2 120
141158 1 196
141354 18 397
141423 2 575
141603 3 159
141605 1 659
141660 2 66
141714 2 317
141836 3 1148
141980 1 582
142423 2 817
142488 4 513
142489 1 347
142517 2 101
142754 1 88
142874 2 208
142962 2 713
143009 1 302
143057 2 179
143075 1 213
143193 1 1011
143362 1 534
143454 3 133
143575 2 170
143595 2 167
143644 1 792
143746 2 173
143928 4 344
143931 3 759
143934 2 820
144006 2 287
144023 1 658
144105 1 91
144111 9 563
144220 2 138
144232 5 641
144309 2 96
144338 5 593
144402 1 395
144471 2 167
144525 2 472
144589 2 173
144591 1 165
144635 3 497
145001 1 143
145014 2 147
145100 3 448
145153 1 544
145165 1 635
145554 2 510
145835 2 175
145883 2 156
145948 1 723
145949 2 620
146000 5 731
146048 1 388
146240 2 258
146386 1 854
146397 2 122
146627 2 188
147029 5 1047
147062 6 163
147211 3 703
147290 1 338
147387 2 581
147497 3 767
147522 1 1280
147627 2 750
147649 1 424
147711 2 144
147858 2 139
147952 8 444
147969 6 843
148602 1 635
148628 6 813
148730 2 530
149034 1 346
149037 1 214
149245 2 215
149327 1 74
149356 2 859
149388 5 800
149640 2 89
149774 2 552
149804 3 823
149844 7 921
150173 2 665
150340 3 838
150644 4 448
150674 3 326
150768 8 659
150794 1 785
150883 2 148
150924 2 115
150987 2 164
151276 1 486
151324 5 320
151433 1 442
151564 4 589
151731 2 162
151755 2 75
151802 2 637
152107 3 633
152200 1 819
152201 1 632
152373 1 1354
152784 7 429
152854 3 685
152985 1 660
153148 1 698
153214 5 608
153215 1 487
153280 4 653
153470 5 612
153632 2 97
153857 2 294
154038 2 280
154585 2 98
154636 1 81
154871 3 378
154893 2 414
155011 2 623
155130 1 569
155182 2 193
155212 5 1238
155518 2 442
155547 1 99
155623 1 677
155639 1 178
155762 3 319
155823 2 122
155868 3 838
155936 3 165
156168 3 117
156248 4 607
156275 6 445
156356 2 153
156426 2 574
156861 3 192
156899 1 1272
157188 2 321
157258 1 510
157273 2 134
157286 1 506
157698 1 641
157902 1 88
157972 1 627
157973 2 681
158090 2 136
158137 3 587
158249 2 373
158524 3 579
158567 2 190
158586 3 780
158587 1 175
158740 2 86
158830 2 604
158841 1 450
159111 1 776
159200 2 1544
159393 1 561
159396 1 270
159670 2 147
159736 3 161
159927 1 173
160199 1 226
160287 2 225
160301 4 648
160314 2 460
160641 1 730
160647 2 84
160717 1 673
160775 3 478
160807 1 106
161022 2 124
161146 1 807
161151 2 202
161162 2 138
161340 2 213
161427 4 601
161484 1 660
161592 1 702
161682 2 442
161694 1 1357
161722 1 162
161783 4 747
161814 1 527
161871 1 1169
161883 1 107
162074 6 672
162397 2 806
162512 2 617
162632 1 324
162920 1 341
163026 2 110
163060 1 627
163200 1 513
163361 4 1245
163421 5 519
163428 3 552
163680 1 634
163682 1 193
163784 1 196
163806 1 625
163984 2 639
163987 1 699
164129 7 136
164345 5 465
164417 4 421
164670 2 125
164761 2 407
164843 3 306
164905 3 199
164932 2 87
164990 2 270
165022 1 255
165197 1 978
165317 2 607
165356 6 1365
165508 1 102
165651 2 592
165835 1 306
166068 1 1362
166276 1 896
166428 3 372
166460 1 89
166491 2 299
166943 4 627
167164 2 167
167176 4 365
167823 3 508
167834 1 100
168047 3 300
168078 2 575
168124 2 209
168174 1 111
168199 2 426
168276 2 136
168377 2 118
168592 2 320
168861 1 604
168863 2 223
168894 2 168
169221 1 423
169266 3 285
169334 1 496
169340 4 507
169515 2 236
169618 1 528
169718 4 394
169936 1 567
169976 2 493
169992 2 506
170050 1 617
170077 2 327
170173 1 543
170178 1 350
170271 4 530
170345 6 375
170446 2 174
170711 2 682
170747 2 780
170781 2 184
170833 2 89
171033 5 627
171102 8 293
171246 4 287
171249 1 516
171387 1 434
171496 2 156
171512 1 359
171531 1 404
171546 2 217
171622 4 938
171917 3 250
171949 1 77
171972 2 104
171978 1 223
171993 1 644
172165 3 861
172227 3 791
172330 6 515
172487 2 282
172715 2 574
172754 3 70
172772 1 40
172885 1 120
172915 1 437
172973 2 152
173035 2 675
173082 2 188
173118 3 88
173151 5 261
173157 2 532
173300 2 94
173334 2 98
173409 2 626
173443 1 663
173449 5 629
173582 3 663
173876 2 316
173924 1 967
173976 2 181
174007 1 415
174046 1 389
174060 2 565
174156 1 689
174174 1 584
174413 5 1626
181713 2 431
183687 2 364
184041 3 953
184651 12 3081
186297 1 661
187013 2 122
187014 3 111
194385 6 594
197469 3 98
198459 4 111
206340 1 714
206738 6 125
206845 3 633
207154 4 101
210505 1 80
210630 1 121
211377 2 117
213271 2 1010
219505 2 2185
219506 2 2187
225769 1 641
227257 2 79
230539 1 1362
231381 1 520
231432 6 1175
231508 13 501
231647 2 1925
231674 5 157
231697 1 174
231808 1 1498
231896 6 391
232134 4 298
232429 31 1777
232655 7 335
232706 2 410
232707 1 275
232957 3 237
233158 2 479
233576 2 1366
233658 3 1367
233672 2 468
233705 2 468
233995 5 359
234046 11 3770
234329 7 469
234513 4 424
234675 2 480
234779 3 272
234782 5 743
234794 4 1918
234871 2 469
234944 5 314
235062 2 800
235139 1 1162
235169 4 601
235289 5 434
235382 2 167
235560 14 723
235834 14 3236
235842 1 2223
236098 8 1529
236166 9 580
236175 4 359
236188 1 345
236253 8 1431
236589 7 429
236629 1 245
236646 3 1226
236689 2 361
236783 1 759
237039 7 392
237358 3 644
237367 2 448
237427 5 220
237441 9 2038
237513 1 518
237619 2 782
237807 10 651
237892 3 307
237932 5 1883
238166 2 325
238308 1 491
238310 5 3451
238641 2 239
238698 2 201
238887 4 414
238903 2 293
238994 10 337
239179 6 2863
239227 9 541
239238 3 490
239740 2 207
239748 5 412
239868 2 849
240090 15 354
240116 5 442
240241 13 1578
240366 47 117963
240394 1 189
240529 4 669
240561 2 451
240927 15 1766
240928 4 509
240956 2 1181
240958 3 282
241119 3 582
241122 1 245
241228 2 433
241385 3 242
241421 1 463
241445 2 244
241489 2 350
241685 8 384
241687 7 600
241713 48 1478
241816 5 1228
241842 2 235
242030 3 597
242089 2 549
242148 6 418
242158 1 289
242162 3 266
242473 1 326
242479 3 223
242499 3 443
242532 6 724
242555 1 1547
242867 25 4202
242868 90 16984
242873 4 5564
242875 3 1906
242955 99 34181
243131 1 489
243248 161 97794
243402 17 10550
243421 4 1997
243568 24 51992
243828 16 9735
244031 142 24298
244046 7 1225
244077 3 155
244228 19 9205
244295 116 43543
244515 85 137580
244556 3 567
244846 36 32902
245029 12 93035
245341 10 1631
245733 6 1102
246003 16 79294
246610 7 29250
246695 82 65027
246864 38 22526
246930 22 9288
247153 91 17318
247406 39 42749
247469 168 160821
247517 136 40187
247550 79 255154
247672 16 33059
247748 4 3082
247780 2 1557
247823 5 4279
247828 5 4527
247951 48 19772
248132 4 268
248177 12 4186
248179 42 34397
248350 3 5063
248480 4 20931
248610 17 211360
248627 30 17300
248634 30 38855
248686 27 4315
248688 56 17594
248712 6 11964
248788 28 56946
248809 38 45708
249076 121 36189
249151 139 38079
249265 46 19873
249347 2 4853
249594 19 5335
249740 88 228328
249759 2 223
249902 13 35189
250000 2 2488
250052 21 4299
250192 30 8049
250354 3 4101
250532 9 2306
250533 39 14895
250797 3 86
250983 2 230
251027 183 42465
251128 1 193
251222 9 691
251251 6 653
251485 101 29531
251507 2 5614
251760 17 4482
251780 8 4990
251785 27 19094
251905 14 2386
252154 11 29717
252287 4 808
252313 2 489
252474 52 81579
252503 2 377
252555 17 27002
252635 1 2568
252868 2 111
252922 10 2016
252924 30 17447
252939 17 4993
253018 695 331696
253067 166 104143
253077 2 196
253163 2 456
253203 2 33726
253468 2 492
253557 49 37233
253588 13 13837
253589 7 5262
253593 94 171848
253930 22 3560
254108 90 174176
254497 22 24964
254784 1 192
254786 5 465
254803 3 101
254818 56 9478
254957 2 2652
255417 32 27737
255476 82 44402
255627 4 1792
255733 1 4750
255777 37 64507
255830 11 84137
255914 43 2200
256043 26 19276
256224 4 1886
256283 16 34425
256286 31 24252
256328 3 171
256331 1 112
256601 4 3386
256604 75 37731
256605 16 11662
256624 61 10461
256626 13 4586
256627 7 2534
256847 4 24054
257049 27 26471
257306 15 19070
257312 62 16694
257321 32 4107
257344 90 45609
257345 268 89736
257348 3 44
257355 4 3598
257356 24 8557
257407 9 3707
257625 31 23419
257812 63 103213
257894 1 1182
257895 4 1845
257961 2 616
258082 4 1400
258446 6 434
258559 45 52150
258578 14 2678
258587 3 1491
258636 13 15270
258705 19 7482
258719 3 8709
259179 9 617
259188 5 549
259189 3 667
259190 8 529
259837 11 296
259838 8 689
259857 2 199
259910 11 473
260127 3 476
260128 1 367
260132 2 547
260135 2 452
260136 3 240
260139 3 521
260518 4 345
260777 6 1599
260787 17 55438
261141 1 152
261266 2 350
261494 2 285
261621 3 318
261995 1 411
262298 6 283
262306 6 260
262802 2 611
263022 11 547
263240 1 153
263750 9 257
263771 4 365
264069 7 262
264070 6 424
264073 6 300
264459 1 472
264737 17 400
264935 1 159
265604 7 429
266231 6 1638
266350 2 340
266508 1 374
266607 2 360
266654 2 501
267163 4 171
267660 10 451
267764 5 520
268252 15 443
268253 13 433
268378 1 152
268806 5 140
269044 1 635
269145 3 321
269157 3 267
269258 2 361
269269 2 295
269390 4 398
269570 4 238
269657 8 441
269737 6 2754
269787 1 212
269903 3 278
269931 6 261
270018 4 351
270205 5 575
270328 2 395
270352 4 352
270380 3 327
270440 2 285
270610 2 369
270675 2 441
270966 1 199
270969 3 369
271051 6 409
271052 2 427
271073 3 589
271110 2 206
271192 6 310
271199 4 395
271202 9 418
271225 9 411
271230 5 293
271360 2 492
271439 1 699
271443 5 408
271444 3 693
271749 5 445
271850 380 20008
272173 3 276
272715 4 188
272923 4 262
272941 1 126
273134 7 1079
273139 3 148
273476 5 220
273750 7 434
274085 5 165
274459 3 358
274831 1 126
274962 11 553
275376 1 234
275568 6 178
275603 10 348
276118 4 1367
276121 8 769
276726 1 261
277140 2 391
277157 2 498
277346 1 153
278224 1 121
278238 6 283
278313 11 445
278544 7 1950
278997 1 145
279244 3 620
280714 5 431
280755 146 32241
280794 9 445
280964 1 236
281109 8 547
281116 6 644
282183 7 468
282190 5 616
282440 3 204
282635 62 5641
282855 5 480
283009 11 409
283127 2 4690
283387 8 180
283971 5 1792
284327 4 415
284518 8 466
284749 1 151
284935 4 515
285113 6 340
285207 1 550
285213 2 376
285749 2 423
285820 1 157
285821 1 154
285882 4 323
286280 5 442
286484 3 166
287602 13 5536
287779 13 1872
287830 6 2536
288072 9 379
288463 4 192
288593 2 336
288658 4 350
288670 3 575
288672 3 527
288864 2 455
289252 5 535
289303 5 408
289307 2 482
289309 6 624
289311 5 472
289339 7 558
289341 2 538
289924 14 651
290003 5 427
290129 1 695
290146 8 688
290651 5 574
290746 1 125
290770 24 21435
290951 9 460
291067 3 98
291250 2 280
291689 1 95
291690 4 532
291695 6 262
291699 4 510
291741 2 210
291991 2 327
292043 8 777
292394 5 208
292419 2 589
292507 7 288
292836 1 487
292850 1 449
292965 2 494
293044 4 1985
293269 4 166
293450 6 203
293516 8 268
293648 2 113
293873 88 9225
293885 15 1778
293970 1 642
293971 1 288
294152 7 468
294233 6 474
294237 2 61
294252 10 396
294356 5 532
294361 10 364
294489 1 320
294610 5 213
294660 8 255
294859 1 186
295195 7 356
295262 1 264
295346 1 338
295426 7 303
295576 5 370
295743 5 321
295932 6 868
295943 59 29903
296180 6 589
296352 4 271
296400 14 453
296416 3 372
296420 6 483
296739 5 246
296943 8 572
297081 1 285
297132 2 229
297242 6 132
297612 2 499
298045 5 332
298098 1 635
298157 4 356
298352 6 309
298678 6 608
298914 1 403
299418 1 354
299504 2 222
299516 1 143
299782 5 450
299969 1 395
300030 4 191
300500 6 388
301142 1 149
301170 2 415
301305 5 189
302191 8 266
302231 7 299
302436 9 5265
302562 2 365
302564 4 367
303248 4 465
303507 7 12535
303900 4 191
304133 4 187
304559 4 1729
304962 3 497
305569 3 935
305641 1 573
305835 9 271
306265 6 245
306628 1 235
306629 1 245
306784 6 238
306842 5 193
307402 2 508
307447 7 532
308385 2 276
308499 3 396
308735 1 126
308904 3 961
308926 2 629
309086 11 388
309491 7 626
309492 8 735
309701 18 3018
309823 23 32839
309994 5 478
310050 6 182
310061 4 353
310080 3 351
310367 3 313
310475 4 294
311163 5 498
311355 93 64459
311382 2 609
311388 1 200
311398 1 155
311758 2 515
312180 2 285
312254 3 391
312282 3 693
312418 4 501
312421 5 581
312607 6 669
312627 6 258
312875 3 508
313195 4 533
313282 1 252
313475 4 627
313605 12 467
313848 8 466
313907 3 399
313937 1 191
314223 2 216
314251 1 176
314264 16 274
314267 5 424
314409 13 467
314418 8 515
314512 4 52248
314816 1 515
315464 2 471
315465 5 701
315582 1 194
315908 1 99
316720 3 210
316793 2 461
318505 1 382
318769 4 487
320708 1 190
322664 1 441
322954 2 965
322979 2 258
323665 1 571
323891 2 135
324371 1 457
325305 1 194
325310 2 228
325699 2 273
326144 3 102
326892 1 54
326893 1 222
326894 1 182
326895 9 678
326923 1 836
326974 1 355
326996 1 202
327004 1 306
327204 1 316
327321 1 488
327849 1 116
328595 3 147
328782 1 706
329522 1 346
329622 3 475
329628 1 33
330003 1 130
331678 10 988
331995 1 181
332099 1 528
332969 3 428
333895 1 96
333995 1 199
334185 2 700
334891 1 1646
335066 4 412
335147 1 265
335467 2 386
335696 5 483
335837 2 152
335846 1 132
336533 1 500
336535 3 575
337239 2 265
337240 1 449
337446 2 222
337506 2 299
337507 3 519
337712 2 200
338071 2 402
338095 2 275
338175 6 409
338298 1 891
338422 1 244
338626 1 414
338704 1 292
338706 4 384
339015 1 611
339032 1 326
339049 7 468
339101 1 548
339173 1 308
339178 3 573
339180 1 439
339182 4 528
339183 2 582
339185 1 589
339186 7 597
339187 2 283
339188 3 709
339317 1 339
339360 1 233
339699 1 208
339815 2 282
340042 1 117
340757 1 170
341296 2 500
341599 2 640
341741 2 274
341907 2 352
342245 1 226
342838 1 379
342840 6 699
342957 2 475
342982 1 348
342983 2 178
342984 2 146
343334 2 353
343630 1 260
343649 1 170
343862 2 443
343922 2 168
344110 1 359
344111 3 588
344442 2 538
345283 1 486
345801 1 254
345869 2 120
345880 2 247
346545 1 184
346732 6 643
347097 1 215
347301 1 463
347302 1 187
347661 1 636
347691 2 403
348490 1 156
348747 1 472
348786 2 547
349220 1 221
349721 2 130
350175 2 120
350621 2 351
351721 6 741
352038 6 927
352067 1 244
352116 5 343
352224 1 395
352478 1 598
352905 1 328
353732 10 663
354780 1 155
357338 1 214
357373 1 307
357736 2 507
358030 1 185
358235 2 119
358511 1 186
359048 1 287
359885 2 1074
360612 1 455
360717 2 194
362017 3 689
362357 1 492
362545 1 171
363004 2 205
364249 1 278
364397 1 161
365602 1 309
366034 1 515
366061 1 865
366237 2 174
366252 4 678
367659 7 354
367703 3 247
367879 1 200
368100 5 515
368580 1 433
368769 5 198
369308 12 257
369663 1 223
370660 1 287
370912 1 315
371615 3 273
372524 2 730
372768 4 575
373011 3 397
373124 2 158
373293 1 270
373305 1 172
373943 4 529
374066 2 558
374070 1 776
375384 3 446
375441 2 1001
375641 1 92
375756 3 93
376846 3 605
377281 2 117
377907 1 271
378040 2 537
378058 1 299
378257 1 503
378921 5 159
379042 4 455
379390 1 204
379644 2 522
379790 2 551
382696 3 232
382839 1 464
383497 2 199
384231 5 72
384462 2 489
386126 2 571
386196 3 161
387537 4 593
387633 1 52
388075 1 245
389929 1 1437
390949 1 421
392495 2 172
393194 3 187
393195 3 209
393237 1 652
393307 3 191
393310 3 213
393809 9 250
393971 2 171
394235 3 631
396545 1 97
398696 1 114
399387 2 197
399468 1 222
401312 1 340
401385 1 225
401560 2 843
401576 2 826
403970 3 248
404267 1 292
404694 5 222
406134 2 628
407855 2 271
407929 1 319
408053 2 272
408105 4 564
408773 1 216
408853 1 595
409157 1 300
410355 2 308
410455 1 203
410688 1 142
410693 1 176
411881 1 522
413290 2 522
415904 2 577
417143 1 187
417713 1 552
418126 1 352
418180 1 677
418188 4 489
418224 3 519
418226 1 992
419144 2 323
421239 1 154
421984 2 669
422101 3 384
422128 3 558
422129 3 454
422297 2 734
422863 1 360
423449 4 434
424201 5 237
424369 2 346
424849 2 446
425232 5 407
425247 1 394
425249 4 324
425730 3 554
425742 5 304
426985 4 195
427718 2 380
431368 1 51
431662 1 578
435778 1 314
436490 1 260
437196 4 343
439572 2 484
440569 5 445
441115 2 614
441121 2 201
442276 1 212
442842 2 599
443547 1 556
443560 3 603
443564 1 506
443565 1 504
443567 2 650
443719 2 234
446506 4 552
446513 1 780
446642 2 237
450067 4 588
450263 3 231
450310 1 264
451925 1 205
452245 10 903
452420 1 430
453443 1 93
455408 1 493
456610 3 667
456842 1 817
458452 3 397
458720 2 257
458741 1 654
458952 2 502
460214 1 621
461547 2 296
461657 1 404
461780 1 227
463463 2 171
464145 7 1118
464402 1 183
464588 1 202
464849 1 751
465250 1 181
469575 1 392
470605 3 638
470658 7 544
471205 3 581
471210 2 532
471214 3 537
471215 2 572
471980 1 530
472994 1 633
473595 1 155
473804 1 75
474881 3 425
475057 1 375
475491 3 503
475523 1 203
475798 4 188
475809 2 190
476080 3 235
477417 1 1089
477845 6 580
482089 1 253
482534 4 208
482581 1 251
483570 2 532
483596 3 191
483845 2 522
484790 1 550
485573 2 413
486213 3 779
486932 3 515
487103 5 714
489156 1 442
489468 2 505
490454 1 102
491725 15 669
492358 1 616
493764 1 105
494144 1 198
494885 3 502
495428 1 166
496767 2 413
497187 5 173
497428 1 228
498727 3 484
498846 1 376
499977 1 511
500130 3 300
500369 2 501
500521 1 499
502055 1 197
502515 1 290
503138 1 62
503472 1 151
504915 3 559
507474 1 185
509575 2 220
510894 1 68
511162 2 441
511673 2 273
511859 2 413
512682 1 269
513046 2 470
513186 2 200
513217 1 102
513742 2 278
513916 1 1027
514834 4 591
515295 1 351
516232 1 149
517542 1 606
517790 1 196
517866 2 137
518867 3 254
520413 1 761
520531 5 322
520561 4 259
522653 3 616
522790 4 255
