2813 8 485
2845 9 211
3340 14 586
3846 1 611
3864 5 317
4351 1 294
4464 9 394
4492 3 110
4804 1 250
5137 7 175
5142 7 170
5693 3 146
6733 4 210
6986 2 144
7185 2 629
8352 5 227
10058 1 96
10534 1 413
11718 5 133
12724 10 325
12817 3 429
13258 1 218
13285 1 272
13480 9 145
14444 3 271
15668 6 249
15923 8 571
17739 8 462
17830 5 307
18121 1 382
18346 4 459
18979 9 509
19442 1 148
19567 7 314
20175 2 484
20560 6 304
20893 6 284
21607 2 158
21858 2 571
22420 24 472
22716 1 497
22719 5 386
22825 4 275
23786 2 184
24336 2 301
24476 18 298
24683 9 665
24713 4 274
26265 1 232
26604 1 567
26650 1 468
26665 2 159
27188 3 211
27196 4 347
27209 5 102
27366 10 552
27629 3 272
28212 1 127
28775 1 442
29018 3 429
29204 1 166
29331 3 477
29452 2 669
30142 9 320
30349 7 320
30557 5 325
31358 4 236
31646 3 277
31649 1 145
32404 4 466
33791 4 271
33961 9 485
34276 2 175
34321 12 346
34359 10 320
34956 7 238
35260 16 377
35518 1 94
35737 3 268
36192 13 278
36240 3 267
36827 1 210
38324 1 456
38650 1 277
39171 4 189
39173 1 616
39992 6 494
40042 4 480
40074 2 368
40651 1 669
41528 1 725
42465 3 571
43631 9 148
43712 10 234
43865 4 319
44293 3 253
44437 7 105
44955 7 321
45334 2 135
45487 1 332
45550 1 430
45722 21 481
46299 6 227
47123 2 458
47637 4 537
47660 4 131
47860 5 121
47955 11 298
48287 17 558
48408 1 233
48623 3 318
49258 6 89
49349 1 138
49800 3 252
49932 3 221
50778 6 561
51579 1 420
51820 2 614
51926 1 675
52053 2 435
52376 7 190
52629 1 477
52758 1 424
52867 18 529
52929 1 315
53214 4 489
53227 1 360
53458 1 587
54486 1 385
54567 7 564
54632 3 298
54641 1 373
54849 3 173
54890 1 395
55052 1 314
55302 6 284
55434 6 257
55523 1 201
56439 3 500
56526 2 359
57046 1 440
57600 4 411
57619 5 562
58164 1 346
58314 2 308
58358 6 401
59043 1 564
59120 6 103
59368 4 215
59646 11 389
59988 1 550
60001 1 233
60970 7 266
61111 2 174
61469 4 480
61581 4 210
61718 3 316
61941 7 437
62655 1 96
63122 1 182
64489 6 167
65034 8 346
65324 3 262
66005 4 290
66246 15 533
66477 9 507
66568 2 140
66647 7 189
67619 6 349
70678 5 213
70696 5 358
70818 1 187
71599 9 392
72125 5 358
72616 2 193
73312 2 565
73416 1 492
73472 7 290
73786 4 337
73947 1 584
73970 3 438
74211 1 452
76065 4 483
76248 5 526
76290 1 245
77638 1 626
78275 10 614
78283 2 324
79063 1 136
79328 4 171
79545 7 422
79920 1 2620
79957 38 1645
80262 31 796
80267 33 537
80284 7 2298
80346 5 887
80369 3 923
80441 2 214
80553 13 464
80830 1 1626
80857 2 1002
80957 10 472
81249 35 492
81250 44 771
81338 4 519
81549 8 341
82003 52 7664
82157 4 1229
82372 3 5124
82399 41 1145
82532 53 2326
82671 1 4248
82687 12 1292
82802 3 109
83024 10 2174
83153 21 2832
83517 4 544
83811 15 374
83812 12 121
84046 5 835
84337 5 1141
84339 1 1549
84393 78 3247
84394 42 967
84451 4 543
84486 15 1226
84568 2 1253
84710 1 12373
84957 54 2016
85062 5 1308
85218 3 195
85239 6 734
85240 18 792
85241 10 797
85243 10 293
85364 6 1248
85368 2 74892
85483 2 2543
85645 29 153229
85671 1 827
85773 9 82661
85775 4 515
85780 5 665
85787 25 18539
85907 17 597
86355 3 616
86369 4 4679
86393 39 756
86499 20 14954
86557 29 509
86641 4 1393
86682 62 1759
86693 37 606
86753 7 173871
86790 9 1025
86864 79 21422
86908 52 2145
86981 37 8770
87130 5 1401
87205 8 368
87206 8 345
87286 7 1226
87370 1 245
87579 27 8114
87696 3 812
87854 8 348
87939 11 706
87951 8 13958
87973 12 1066
87974 7 646
88190 29 981
88318 67 1749
88319 101 2688
88421 36 19174
88581 9 6076
88582 51 9577
88778 13 15542
88953 14 1174
88955 36 1617
89061 12 1338
89137 2 1052
89160 16 2673
89185 41 664
89194 10 878
89195 11 841
89196 7 1182
89299 7 5371
89399 1 23
89400 68 9508
89411 1 641
89442 31 1029
89461 8 341
89717 20 350
89899 1 2250
89900 5 749
90036 115 6491
90038 49 862
90039 51 895
90044 63 965
90118 2 2319
90524 14 524
90783 194 22898
90892 55 1331
90974 3 1156
91052 8 342
91161 13 352
91296 75 1762
91317 60 1784
91562 34 704
91738 8 23456
91780 14 936
91787 35 10821
91797 10 770
92056 19 765
92186 53 1700
92198 10 1130
92327 53 1714
92339 10 1130
92592 93 2515
92602 10 5287
92620 82 1516
92652 8 341
92707 4 559
92715 3 551
92723 1 20032
92804 1 2604
92883 45 2897
92886 42 1191
93006 12 2445
93117 82 2725
93253 4 631
93400 8 1186
93401 3 1155
93638 4 599
93642 61 4722
93643 13 769
93645 32 25512
93711 8 345
93745 20 2624
93758 9 857
93900 14 1362
94260 5 1049
94312 10 583
94480 32 489
94481 25 2715
94537 10 429
94619 115 5556
94621 33 618
94650 8 347
94715 13 921
94764 27 432
95058 10 777
95178 3 983
95348 2 1830
95349 16 1015
95407 33 595
95438 8 355
95545 4 256
95575 27 8644
95722 20 1375
95867 3 701
95868 11 1771
96029 18 21896
96041 7 32603
96051 7 78869
96280 1 22
96281 66 9463
96284 2 1172
96325 19 299
96326 60 908
96432 1 3278
96545 6 714
96579 40 1811
96704 40 674
96819 13 501
96823 10 473
97294 40 3278
97400 12 4294
97401 10 3779
97402 4 2572
97403 6 3843
97405 5 2807
97406 11 6142
97407 9 5597
97408 10 4373
97409 69 1947
97549 1 1194
97702 1 1759
97782 12 1333
97897 1 1025
97899 50 1123
98054 19 950
98180 3 8843
98204 6 105
98340 66 1099
98467 12 759
98548 4 556
98583 11 2133
98675 12 1325
98717 15 298
98795 3 281
99081 78 2687
99082 19 1545
99202 19 932
99256 8 368
99326 18 4729
99328 52 4175
99366 1 3291
99405 4 437
99417 6 1058
99442 35 1340
99457 64 1199
99532 6 1140
99673 44 1247
99686 24 6987
99815 8 248
99853 6 307
99899 4 153
100003 7 149
100206 2 77
100375 12 341
100541 1 114
100599 1 329
100623 5 733
100657 3 1139
100698 3 141
100890 1 521
100915 7 77
101778 1 73
101976 2 102
102000 3 147
102045 11 559
102194 2 136
102364 4 90
102483 2 77
102839 5 106
102885 7 264
103030 6 104
103232 6 123
103257 6 605
103291 6 169
103471 1 1486
103560 4 91
103709 5 69
103740 1 321
103920 5 320
104058 6 405
104124 2 92
104205 5 62
104670 1 153
104768 1 557
105191 1 823
105194 3 92
105308 4 134
105557 1 174
105588 9 390
105631 14 427
105636 2 122
105716 1 49
105768 5 547
105996 7 314
106102 6 109
106594 6 284
106743 1 95
106896 8 91
107027 6 128
107031 7 485
107060 2 1110
107118 2 347
107193 4 139
107321 5 386
107322 4 70
107588 1 62
107643 3 118
107790 7 236
107836 1 741
107978 2 164
108038 3 266
108168 7 1156
108176 5 85
108198 9 642
108250 1 615
108304 1 548
108323 4 115
108387 7 1679
108438 14 517
108795 2 561
108848 13 370
108871 2 94
108895 7 363
108950 2 70
108966 5 143
109000 7 432
109028 10 318
109096 1 1525
109110 3 57
109128 1 75
109130 7 120
109187 6 304
109434 5 114
109660 1 1297
110031 4 105
110290 2 465
110291 14 292
110302 3 64
110511 2 1724
110512 1 530
110525 4 468
110559 8 169
110736 1 1270
110794 4 80
110891 1 768
111185 10 524
111305 7 90
111528 1 402
111850 4 98
111879 2 74
112162 2 124
112196 3 65
112283 9 346
112469 2 581
112502 1 415
112744 7 528
112864 5 503
113067 1 616
113452 4 77
113532 5 508
113783 4 216
113861 4 102
113928 1 134
114067 1 1131
114176 2 147
114951 13 556
115133 1 165
115683 6 199
115763 5 302
115819 10 420
115900 6 1221
116135 2 97
116174 8 1417
116534 2 468
116584 6 89
116620 7 310
117035 4 74
117190 1 646
117373 3 97
117507 1 51
117525 2 237
117707 8 476
117708 1 267
118256 6 448
118348 7 326
118378 8 126
118580 6 90
118636 1 478
118644 4 280
118755 5 176
118795 22 871
118883 1 294
118934 21 741
119009 2 440
119141 1 59
119191 5 382
119365 9 600
119532 5 861
119636 8 1112
119718 2 105
119733 10 307
119748 5 401
120006 3 341
120097 7 880
120504 8 299
120505 3 54
121121 1 116
121240 9 193
121253 11 209
121593 4 746
121946 3 96
121989 5 92
122035 5 84
122163 1 390
122619 9 82
122745 8 220
122795 11 1159
123176 8 547
123348 4 886
123372 28 691
123418 4 170
123632 4 208
123681 7 428
123921 12 276
123932 13 643
123959 5 134
124192 1 117
124530 24 542
124602 4 85
124670 4 552
124811 3 518
124849 5 1207
125010 2 107
125144 5 543
125167 1 524
125378 1 64
125486 8 674
125518 6 695
125772 1 374
126055 2 73
126089 4 109
126238 4 535
126617 17 453
126816 10 412
126883 2 455
126894 6 366
126916 1 62
126924 21 990
126953 3 86
127109 4 144
127120 6 373
127149 1 82
127169 2 82
127752 5 98
127859 2 1015
127930 1 566
128063 10 179
128435 8 305
128634 6 128
128646 4 450
128822 6 128
128830 16 456
129105 7 400
129131 4 322
129279 6 764
129405 35 660
129462 7 335
129881 3 550
129904 14 591
129916 9 307
129992 6 183
130156 5 668
130238 2 118
130338 21 1422
130435 10 314
130462 3 632
130483 11 488
130497 11 182
130858 17 344
130982 6 1230
131031 7 453
131034 2 152
131298 4 94
131608 9 194
131658 24 1232
131881 9 220
132591 3 172
132602 16 529
132630 6 583
132715 4 477
133054 5 850
133122 15 595
133154 4 98
133192 6 99
133211 15 452
133215 1 511
133223 1 98
133274 3 323
133465 1 618
133658 1 542
133768 5 111
133930 1 633
133964 3 75
134383 10 638
134384 1 365
134455 1 386
134456 8 816
134724 9 403
134804 2 579
134878 1 127
134886 1 390
134974 11 418
134982 2 556
135081 4 344
135280 1 344
135425 18 292
135456 5 117
135474 3 488
135486 7 184
135536 6 219
135596 1 390
135710 1 644
135722 7 406
135793 7 172
136126 6 156
136184 13 287
136212 1 1056
136289 1 337
136493 4 105
136646 5 67
136812 5 85
136846 3 288
137012 6 710
137113 4 136
137165 3 658
137201 13 622
137278 1 530
138014 2 592
138081 1 578
138096 7 372
138140 3 859
138174 2 125
138439 5 128
138441 4 124
138442 5 568
138466 4 547
138498 2 173
138898 1 88
138902 7 417
138914 3 86
138992 12 580
139012 5 600
139324 2 237
139335 1 500
139450 2 81
139480 7 109
139678 3 860
140008 1 815
140091 6 93
140381 1 682
140443 8 376
140487 3 497
140644 9 127
141139 4 78
141191 2 681
141293 5 648
141450 3 306
141656 2 81
141714 5 317
141816 1 121
141874 5 228
141919 34 695
142025 3 407
142152 1 316
142238 2 85
142628 17 593
142898 16 303
143148 3 661
143707 1 807
143790 5 164
143849 8 596
143862 1 115
143869 8 701
143876 2 125
144235 2 345
144237 2 229
144514 1 352
144655 2 94
144832 6 695
144949 12 499
145117 4 107
145263 8 265
145315 8 279
145499 2 105
145582 1 134
145948 3 723
146005 10 722
146220 17 291
146348 4 81
146519 4 92
146546 5 670
146572 4 693
146578 5 1148
146682 2 617
146820 27 801
147125 1 1194
147216 8 656
147255 8 153
147260 8 170
147390 9 577
147526 5 617
147654 3 741
147750 2 768
147767 4 209
147915 3 54
147931 5 96
147978 11 703
148015 7 553
148021 4 144
148062 1 712
148170 1 924
148180 12 538
148316 7 248
148339 14 367
148780 1 91
148901 1 120
148912 19 1024
149175 5 216
149179 7 624
149252 2 621
149257 2 684
149258 9 563
149960 3 91
149963 7 273
150085 3 192
150145 4 84
150290 5 482
150501 5 368
150757 2 50
150835 1 1186
150843 10 670
150844 10 556
151006 11 550
151271 6 166
151304 13 464
151584 13 936
151605 2 414
151625 1 690
151651 6 490
151908 5 245
152008 1 715
152086 7 166
152242 2 108
152373 2 1354
152374 8 216
152566 6 214
152854 9 685
152869 5 135
153115 1 753
153153 1 434
153336 1 551
153454 3 104
153557 2 299
154211 1 275
154270 4 195
154340 4 195
154971 8 607
154975 3 100
155050 4 151
155069 6 165
155233 3 687
155440 4 98
155545 3 363
155739 6 423
155762 2 319
155785 7 226
155830 8 220
155979 1 143
156065 2 631
156097 6 118
156146 3 482
156413 2 102
156426 2 574
156615 3 201
156866 11 559
156996 4 689
157300 8 226
157331 6 123
157406 2 1086
157531 2 423
157533 8 315
157857 10 633
157874 5 102
158057 1 164
158538 1 1221
158540 11 473
158571 6 162
158686 23 781
159136 1 527
159160 4 10016
159303 2 605
159330 1 1276
159426 13 490
159469 7 621
159575 5 371
159697 2 183
159749 2 528
159811 8 346
159816 2 577
159876 4 204
160124 6 803
160125 2 644
160301 7 648
160531 3 1125
160533 1 112
160760 1 1293
161023 7 130
161164 5 170
161427 2 601
161669 1 175
161770 2 149
161855 15 856
162200 2 545
162241 7 574
162402 1 330
162707 23 920
163256 7 301
163275 2 595
163428 2 552
163473 2 94
163537 7 198
163642 3 408
163724 2 113
163806 2 625
163847 9 232
163919 5 433
163954 11 483
163969 5 534
164095 3 140
164161 4 701
164177 14 708
164203 2 622
164496 1 688
164651 6 261
164825 10 1029
164829 3 601
165150 4 725
165156 1 642
165352 11 550
165781 3 426
165812 2 836
165895 1 389
165926 1 1835
165992 2 585
166271 2 409
166278 4 62
166290 2 126
166291 9 642
166306 3 99
166553 7 611
166706 3 127
166835 4 434
166884 1 748
167083 1 496
167366 2 613
167486 6 312
167549 3 98
167576 2 1334
167781 4 505
167830 3 832
168056 18 751
168099 3 923
168771 22 702
168902 9 252
168990 4 169
169050 9 559
169166 1 659
169221 1 423
169555 14 504
170039 5 123
170055 6 547
170330 2 119
170335 6 113
170354 5 301
170378 9 418
170547 6 124
170950 4 198
171010 2 67
171077 2 127
171173 1 521
171186 1 637
171255 2 127
171257 6 129
171322 10 244
171463 7 324
171588 4 95
171675 2 568
171736 7 220
171759 2 332
171787 1 470
171792 1 85
171947 3 88
172001 2 754
172288 5 501
172290 6 305
172306 11 355
172478 14 536
172818 3 318
172904 9 508
172915 1 437
172921 1 604
172940 1 109
172953 1 84
173072 25 1513
173107 5 628
173130 1 287
173172 9 393
173449 1 629
173712 10 554
173864 9 284
173923 7 549
173987 7 1251
174095 2 92
174217 26 871
175331 13 1171
175332 11 2316
175337 6 1170
176795 1 480
180313 3 142
182425 4 74
182925 1 191
186648 1 435
186848 6 97
188538 2 225
192200 6 110
194791 1 76
197269 8 92
197779 12 434
197943 3 97
198573 2 723
198886 2 275
199790 8 104
199791 7 116
199879 2 201
201217 1 725
202013 1 530
204254 7 89
204682 1 535
205058 3 87
207110 2 390
207121 1 113
207713 1 384
208468 5 129
208518 3 624
208537 1 172
209332 5 126
209559 1 223
210636 12 101
211706 1 113
212398 1 858
215161 4 83
216645 1 148
216766 2 398
217558 1 122
218757 3 443
218879 2 435
219181 3 2117
219505 38 2185
219506 38 2187
219697 2 373
220155 5 516
220540 1 1566
221376 1 1014
224152 1 71
226237 1 142
226769 1 123
227441 1 104
228334 6 90
228344 5 116
228353 1 110
229388 5 96
230949 2 443
231004 10 149
231437 18 538
231521 1 516
231566 2 954
231712 26 1384
231887 11 455
232285 17 1448
232333 9 386
232446 6 119
232720 6 669
232748 5 484
232755 6 653
232895 3 1519
232918 3 1076
233154 4 866
233158 5 479
233272 2 455
233387 2 130
233449 12 343
233672 1 468
234211 48 2810
234441 2 145
234608 4 151
234644 5 293
234656 4 577
234678 7 1110
234767 4 834
234776 5 338
234780 6 558
234794 25 1918
234796 2 1214
234850 12 2488
235062 2 800
235139 4 1162
235142 15 483
235174 1 1243
235175 3 1676
235504 1 518
236620 12 263
236651 20 528
236722 5 606
236778 4 262
237271 3 395
237290 4 368
237615 7 656
237691 19 631
237695 4 605
238144 11 554
238151 7 259
238369 14 1253
238933 33 1384
239055 1 218
239086 16 492
239347 2 235
239422 5 1571
239442 12 1626
239701 6 352
239707 3 354
239709 9 387
239892 4 337
240458 13 1247
240745 5 519
240820 5 555
240867 2 365
240973 35 775
241123 18 329
241317 13 331
241324 1 183
241415 10 272
241542 5 921
241567 5 436
241666 9 377
241869 4 883
242081 1 211
242328 5 652
242448 14 373
242572 4 1645
242926 5 128
242944 2 127
242962 1 518
242964 28 5017
242966 7 4791
242967 4 920
243041 3 474
243389 92 7650
243504 7 1193
243515 1 351
243562 3 132
243565 32 14930
243577 4 5201
243579 4 5089
243580 1 4262
243597 8 142
243755 8 5102
243794 35 3147
243945 3 126
243946 3 138
244145 5 10680
244228 35 9205
244316 3 2139
244739 2 1131
244846 2 32902
245065 2 28651
245082 1 5087
245333 7 483
245470 11 4782
245471 4 2416
245472 9 2434
245617 1 24889
245873 3 142
246126 8 1414
246524 8 1593
246544 1 848
246554 13 7838
246610 82 29250
246623 3 763
246662 10 1875
246695 181 65027
246712 24 409
246868 1 3100
246877 8 6449
246890 12 4553
246922 43 1108
246925 1 1388
246938 19 1581
247081 2 4277
247178 14 2509
247385 45 997
247469 25 160821
247550 11 255154
247672 10 33059
247744 2 727
247770 5 2701
247824 22 4960
247828 4 4527
247847 4 438
248319 4 125
248350 2 5063
248351 32 4762
248504 1 1443
248634 75 38855
248652 8 1416
248718 1 501
248788 125 56946
248930 34 5041
249034 3 147
249076 179 36189
249151 246 38079
249190 4 14664
249272 33 3956
249286 1 1129
249346 1 342
249347 5 4853
249386 1 409
249392 41 4501
249591 10 4964
249594 28 5335
249595 17 3022
249655 12 4669
249740 48 228328
249814 1 2502
249883 30 10505
250059 191 37994
250144 3 1248
250299 2 261
250331 41 19950
250354 27 4101
250358 9 3764
250362 5 542
250532 44 2306
250619 2 24517
250668 2 106
250953 3 162
251078 49 9299
251161 8 1010
251246 2 221
251323 1 484
251406 1 116
251420 9 20131
251499 10 1981
251507 46 5614
251508 27 1287
251636 4 2514
251730 3 3952
251735 17 3859
251760 57 4482
251785 4 19094
251949 75 2436
251977 18 2418
252154 26 29717
252267 6 189
252271 1 140
252314 14 4686
252461 2 1114
252511 4 428
252552 12 7289
252554 27 13441
252555 83 27002
252852 2 3647
252884 3 752
252897 1 149
252901 1 123
252939 9 4993
252986 35 40464
253018 8 331696
253271 3 435
253318 17 2551
253354 4 57179
253360 2 6703
253436 8 11730
253591 10 3248
253593 94 171848
253915 2 145
253938 5 2095
253940 1 1091
253990 3 26077
254078 2 422
254108 21 174176
254202 12 392
254497 11 24964
254661 1 176
254957 85 2652
255082 1 1796
255089 5 5276
255153 1 384
255331 2 130
255337 56 3697
255346 2 7534
255360 2 4483
255470 2 148
255482 7 523
255488 6 5435
255545 63 5722
255551 68 1432
255579 45 2582
255627 16 1792
255728 6 32235
255830 7 84137
255850 11 5819
255931 1 215
255995 3 430
256001 21 4911
256002 8 4456
256003 21 3338
256004 2 4283
256042 26 2460
256225 100 3146
256240 3 1134
256282 6 10491
256283 43 34425
256286 19 24252
256565 4 155
256581 1 121
256589 1 168
256604 4 37731
256613 3 2995
256615 4 608
256623 4 6330
256624 32 10461
256625 10 4312
256626 16 4586
256633 2 3994
256847 92 24054
256851 66 13442
256863 4 1817
256946 2 6027
257074 33 1774
257133 3 26221
257305 22 37731
257344 197 45609
257345 370 89736
257355 8 3598
257356 25 8557
257407 86 3707
257417 2 54
257562 1 151
257635 5 507
257812 2 103213
257961 1 616
258254 12 403
258494 1 7616
258705 59 7482
258908 2 4820
258987 6 21620
259012 16 3227
259504 5 220
259644 4 406
259942 4 494
261485 10 348
261683 1 840
262336 3 378
262797 38 478
262870 3 232
263564 1 187
263781 1 83
264074 1 511
264570 12 400
265609 1 203
266481 13 359
266592 5 505
266593 3 233
266782 15 226
266784 7 256
267001 3 545
267010 1 382
267018 1 230
267177 5 473
267288 4 250
267845 5 508
268359 18 357
268360 31 322
268362 11 288
268363 3 128
268364 30 362
268365 8 132
268573 2 493
268764 20 462
268962 3 248
269163 4 384
269314 8 365
269342 2 478
269737 1 2754
269872 15 338
269878 2 283
269916 18 210
269917 30 371
269951 10 394
269952 1 340
269953 3 165
270221 11 439
270222 7 470
270223 4 289
270411 5 362
270675 2 441
270756 1 492
270757 1 80
270906 10 276
270908 9 264
270912 7 386
270913 7 227
271943 4 360
271944 2 355
271951 31 431
272827 3 365
272831 1 348
273421 14 383
273431 13 618
273435 3 347
273550 1 190
273875 3 519
273876 2 454
273878 8 380
273879 3 362
273880 3 484
273881 4 434
273882 12 441
273883 11 437
273884 11 373
273885 17 501
273886 6 619
273887 1 308
273889 22 410
273890 28 350
273891 2 277
273932 1 233
274294 4 500
274315 28 553
274316 3 157
274317 4 541
274388 24 449
274389 16 444
274394 4 484
274396 10 478
274397 2 265
274552 3 389
274946 2 222
276651 4 212
276717 4 237
276941 29 424
276942 22 311
277212 4 332
277306 14 286
277329 6 502
277690 2 339
278106 17 442
278107 5 423
278108 18 556
278109 4 432
278493 7 370
278495 9 318
278496 8 240
278498 3 203
278503 4 149
278505 7 388
278604 19 641
278712 40 551
278714 39 583
279840 17 307
280031 4 503
280474 40 581
281441 2 466
282019 5 370
282020 32 419
282655 2 479
282660 2 516
283127 116 4690
283145 14 483
283530 1 552
283560 14 392
283670 3 357
283782 1 500
283929 7 539
284375 14 273
284376 21 580
284411 35 617
285116 1 228
285295 5 228
285296 5 641
285297 2 148
285576 4 456
285578 15 516
285579 7 392
286451 1 265
286599 3 449
286686 12 442
288649 42 552
289060 2 208
289450 14 438
289803 4 149
290170 8 352
290810 1 508
290811 2 558
291020 2 269
291999 13 324
292769 3 402
292781 29 508
292855 1 77
293031 11 512
293032 3 152
293491 90 3345
293493 9 391
293494 2 380
293569 1 542
293829 4 178
293891 1 434
293931 15 285
293932 24 483
293933 41 454
294811 1 57
295134 10 1632
295730 14 402
295731 12 320
295732 5 362
296210 1 230
296258 1 358
296731 4 473
297014 3 376
297308 2 155
297657 10 562
297785 2 402
298189 10 629
298861 19 544
298862 5 333
298865 18 418
298867 9 502
298914 1 403
298961 55 817
298962 9 320
299782 1 450
300255 22 466
300259 6 177
300329 2 292
300866 4 537
300873 5 368
300882 1 176
301330 14 9638
302174 1 379
302175 5 273
302416 3 262
302696 1 383
302953 7 661
302954 5 410
302963 4 518
302965 8 501
302970 4 632
302977 4 406
302979 17 574
303042 37 459
303507 483 12535
303696 13 1113
303697 12 556
303701 6 228
303702 12 554
303703 7 481
304597 6 291
305716 2 648
305921 1 107
306104 23 528
306695 4 290
306880 3 289
306893 1 146
307113 1 456
307371 1 266
307402 1 508
307509 11 546
307514 18 360
307521 3 665
307534 17 482
307535 15 562
307560 10 226
307602 22 498
307770 12 389
307990 1 146
310139 6 451
310140 6 206
310141 6 340
310142 3 272
310352 11 202
310353 25 354
310355 20 184
310673 1 240
311355 109 64459
312082 1 193
312242 1 497
312289 6 444
312642 10 327
312644 14 360
312656 1 225
314125 2 511
314211 12 396
314229 1 227
314817 9 232
314871 8 467
315021 12 338
315152 16 724
315360 6 133
315481 8 207
315839 21 774
315840 22 799
316592 4 138
316876 11 378
316924 13 208
316936 7 149
317643 6 215
317748 2 634
317819 1 854
318116 11 583
318504 8 235
318948 2 830
318968 10 481
319265 9 250
319355 10 540
319388 9 500
319780 1 430
319960 6 193
320068 4 168
320426 11 264
321015 23 441
321102 7 227
321443 9 212
321473 12 286
322928 1 145
323067 1 226
323383 9 412
323785 6 145
324010 1 251
324203 13 490
324925 1 233
325930 10 492
326055 15 552
326699 16 309
326835 5 161
327226 5 275
327424 2 421
328557 4 264
328823 6 373
328896 16 503
329335 10 319
329658 7 138
330006 15 519
330652 2 486
330955 2 164
330983 2 187
331529 5 79
333210 21 795
333223 1 813
333279 2 29
333397 2 36
333491 4 272
333658 3 816
334103 2 135
334181 3 347
334207 7 258
334225 11 322
334228 26 523
334577 4 500
334739 4 294
335134 3 386
335558 11 478
336259 11 484
336624 1 246
336659 10 186
337374 2 29
337613 2 40
337626 13 221
337902 7 142
338001 7 1055
338231 1 180
338965 10 298
339691 5 221
340060 1 395
340064 2 244
340132 16 328
340133 11 165
340677 1 676
341177 11 601
341845 3 61
342343 12 482
342606 3 54
342667 1 160
342688 1 150
342838 3 379
342935 17 241
343178 4 310
343183 2 129
343241 2 611
343552 2 242
344058 9 172
344060 11 256
344162 1 335
344168 8 565
344170 8 801
344197 1 174
344443 10 616
344732 20 474
344748 2 539
345421 3 140
345643 3 164
345716 3 40
345778 11 516
346003 5 1043
346419 5 117
346557 10 228
346924 2 94
346984 3 108
346990 9 532
346993 22 697
347401 3 252
347955 15 186
348453 10 202
348967 2 74
349102 5 140
350284 5 498
350541 2 146
350667 21 319
351065 1 167
351513 6 558
352005 3 521
352533 1 112
353551 2 141
353597 17 681
354112 1 192
354844 7 140
355164 4 391
355168 6 728
355299 15 193
355320 8 252
355615 1 378
355640 5 389
355647 9 461
355997 5 136
356728 6 390
357217 5 273
357406 13 2125
357929 11 607
358827 5 819
358998 1 189
359561 2 246
360875 15 948
362048 5 458
362049 5 198
363191 1 411
363499 22 473
364873 24 778
365799 1 424
365802 15 331
366034 1 515
368028 1 114
368744 10 417
369642 11 224
369963 7 480
370027 16 680
370347 8 385
370765 1 153
370920 16 335
371315 6 407
371613 2 313
371799 9 524
372042 3 176
372136 16 776
372624 14 1094
373317 8 277
373479 9 127
373485 22 353
373650 9 197
373657 22 842
373790 21 628
373811 18 349
373914 2 162
373980 5 451
373985 14 599
373987 2 185
374006 16 541
374259 11 351
374591 12 939
374860 5 545
375204 7 410
375559 12 596
376141 36 444
376908 4 70
377147 36 712
377361 3 40
378369 12 650
378426 1 548
378582 1 590
379497 1 546
379644 8 522
380280 3 270
380286 1 480
380791 7 145
380908 8 233
381013 11 272
381375 4 144
381536 13 412
382138 10 202
382324 1 461
382581 1 86
382978 6 800
383580 5 112
383610 2 665
383924 1 426
384028 2 640
384693 2 592
384819 2 375
384824 12 243
385034 13 264
385454 6 129
385840 11 242
385961 7 267
385963 11 197
386107 3 436
386796 1 182
387122 5 279
387277 7 435
387285 9 311
387527 5 185
387600 35 501
387605 30 455
387879 1 540
388325 3 60
388641 9 189
388683 7 508
388684 1 852
389076 1 884
389350 12 394
389561 5 176
389661 1 192
389704 1 191
389769 8 469
390011 2 463
390260 7 344
390550 3 593
390989 9 177
391137 10 209
392082 1 206
392114 2 275
392304 14 254
392654 3 529
392747 17 639
392942 3 73
393111 11 168
393121 13 217
393396 1 464
393509 13 275
393511 8 175
394009 5 121
394096 2 438
394132 10 318
394156 1 120
394262 6 111
394352 6 295
394355 7 264
394394 2 331
394731 7 261
394883 11 192
395117 8 261
395144 2 214
395975 9 146
396294 3 73
396326 6 151
396575 4 371
396709 12 209
396750 13 431
396786 11 633
397726 2 57
398157 13 265
398158 41 709
398562 3 238
399331 3 142
399663 2 289
399755 17 325
399797 1 171
400772 5 122
400780 10 373
400996 6 206
401069 4 286
401281 32 4381
401282 16 7912
401289 17 220
401358 5 131
401424 10 223
401561 3 384
401705 16 318
401711 8 204
401714 21 522
401730 18 556
402804 16 625
402957 11 284
403022 6 649
403129 1 791
403283 4 708
403579 18 1185
404364 8 473
404463 1 828
404693 1 298
405480 16 1093
405905 9 146
406519 7 200
406967 2 650
407552 2 55
407589 12 529
407771 9 227
407779 9 183
408366 13 185
408414 9 253
408626 11 165
408731 2 562
408992 1 600
409617 2 142
411587 10 157
411664 3 57
411743 6 151
411950 2 473
412147 11 583
412369 12 246
412829 1 116
412982 16 227
413033 12 194
413699 7 159
413731 40 1008
413739 67 1902
413785 7 416
413895 6 162
413985 1 131
415125 4 97
415264 1 229
416207 16 295
416878 16 279
417273 20 476
417536 15 345
417579 4 376
417781 1 181
418518 5 88
418743 5 544
418924 22 335
418929 12 481
418951 5 598
418983 1 578
419179 17 272
419183 2 53
419458 4 247
420428 15 691
420431 1 428
420449 1 1412
420853 8 241
421458 2 193
421696 2 286
421701 6 369
422016 7 242
422231 4 494
422713 1 56
423073 9 254
423075 3 560
423861 2 273
424235 9 567
424405 10 179
424430 9 233
424934 1 574
424952 1 1151
425562 2 752
426218 1 2065
427207 7 226
427723 4 249
427973 9 640
428050 1 683
428466 4 151
428762 1 55
428831 1 126
428969 4 192
429762 17 571
430083 7 322
431002 10 604
431210 15 323
431720 5 524
431756 3 52
432280 9 914
432533 11 775
433049 5 218
433054 7 158
433116 9 164
433199 4 831
433398 2 281
433440 1 314
433879 10 229
433886 1 274
434013 1 260
434215 1 593
435657 10 813
435786 7 289
435927 2 681
435931 6 143
436069 5 261
436075 6 369
437428 5 302
437625 1 77
437627 5 76
438111 2 158
438189 12 163
438274 12 301
438766 17 420
439057 9 400
440142 18 468
440716 13 518
440950 24 676
441624 2 112
441919 4 512
442287 6 262
442684 2 775
442753 17 498
443366 2 788
444238 9 231
444240 3 201
444415 1 291
444506 1 83
444565 14 619
444856 7 117
445036 8 210
445054 17 493
445205 5 62
445977 10 418
445986 24 497
446224 4 262
447086 1 249
447291 6 982
447971 2 235
448675 11 223
449108 5 110
449183 35 804
449195 19 618
449197 16 532
449200 16 566
449203 40 831
449205 13 819
449208 3 535
449211 11 613
449212 13 641
449391 5 287
449622 3 163
449624 4 467
449677 12 498
450226 2 78
450614 15 232
450700 2 178
450896 14 211
451273 4 100
451286 8 189
451744 1 490
452023 8 435
452138 1 341
452239 9 469
452305 1 278
452405 20 942
453653 8 478
453697 16 403
453702 19 470
453728 7 151
453731 9 213
454017 6 552
454051 4 243
454678 10 243
455232 12 436
455402 2 139
455454 6 93
455473 8 250
455532 45 639
455713 1 209
455749 2 143
455904 1 337
456182 1 461
457203 3 215
457357 1 191
458003 11 401
458548 2 179
458896 30 495
459681 5 396
460583 1 403
460980 1 125
461326 11 382
461511 8 157
461699 1 150
461987 24 557
462067 11 267
462222 2 1101
462964 5 103
463087 1 788
463397 27 556
464091 9 507
464146 21 610
464149 27 502
464150 31 723
464157 15 703
464159 15 401
464160 18 590
464161 32 889
464162 18 476
464641 7 110
464643 5 106
464666 1 176
465465 6 233
465832 1 140
466137 2 457
466583 7 344
467709 9 140
468366 2 435
468724 2 381
469089 6 116
469095 1 3148
470186 18 484
471411 6 232
471487 2 457
472039 7 411
472110 1 534
472643 4 79
472676 1 79
472685 5 92
473321 1 527
473336 12 691
473342 11 497
473345 22 897
474034 4 333
474037 12 549
474308 4 198
476134 1 501
476567 14 463
477982 16 515
479397 5 97
479400 1 128
479696 9 213
479761 15 580
479810 1 718
480090 1 183
480447 22 673
480461 19 548
480462 15 460
480463 12 592
480489 12 458
480656 5 308
480706 3 266
480829 2 235
480906 1 214
481086 11 222
481154 13 402
482070 3 82
482122 7 204
482370 8 246
482371 1 209
482819 15 622
483132 8 481
483592 27 726
483911 10 534
484127 12 459
484607 16 683
485747 1 225
485984 5 580
486252 7 234
486471 3 62
486599 5 727
486832 7 596
487627 2 88
487642 6 371
488400 25 464
488882 8 585
488897 1 731
488921 7 630
489244 1 241
489341 9 378
489574 2 523
489900 21 835
490011 3 50
490244 1 351
491047 2 766
491597 3 712
492184 16 786
492230 1 520
492307 10 743
492909 7 145
494241 12 252
494696 3 72
496859 1 594
496879 3 781
497058 2 292
497380 4 155
497651 1 60
500131 2 167
500211 7 642
500406 5 89
500425 4 463
500472 8 389
500481 27 837
501166 3 91
501969 2 229
502777 27 627
502779 23 588
502780 10 613
502787 19 491
503262 6 204
503264 9 278
503505 12 621
504698 15 289
504736 19 321
504771 12 293
505196 8 108
505639 5 126
505646 4 199
506329 5 123
506837 1 179
506839 21 523
507579 10 492
507741 13 269
507849 11 384
508102 4 674
508106 2 682
508116 2 598
508123 1 763
508152 5 493
508481 1 219
509245 5 271
509459 38 5290
509511 9 241
509564 5 767
509625 2 464
509741 16 234
509742 8 656
510306 7 449
510740 5 265
511255 7 805
511456 5 155
511673 6 273
511806 9 613
511920 1 185
512162 8 270
512684 9 389
514299 7 173
514317 10 533
514438 14 688
514468 2 52
514836 25 494
514837 7 700
515136 22 774
515415 1 279
515478 17 620
515486 1 476
515572 4 547
515691 2 40
516036 1 116
516295 1 193
516324 8 108
517707 16 747
517708 2 595
518471 4 79
519120 7 187
519131 1 251
519467 1 499
519710 2 282
519880 1 356
519944 1 143
520063 12 1149
520408 6 532
520545 1 463
520595 9 181
520602 1 457
521337 3 346
521476 2 284
521496 1 333
521709 9 367
521834 17 750
522435 1 221
522626 6 537
522627 18 526
522629 8 562
522632 35 607
522633 21 522
522637 42 821
522641 7 426
522676 2 119
522901 9 451
522934 4 790
524740 5 203
524774 5 176
524787 7 574
2813 1 485
2845 1 211
3270 1 441
3846 1 611
3864 1 317
4351 3 294
4464 3 394
4804 1 250
5137 1 175
5693 3 146
6733 1 210
7185 4 629
10534 7 413
12724 3 325
12805 3 448
12817 5 429
13258 2 218
13285 2 272
13480 1 145
13512 2 344
13525 2 293
13833 2 414
14444 7 271
15923 4 571
17739 2 462
17830 3 307
18121 1 382
18979 6 509
19017 1 461
19041 1 282
19442 1 148
19641 2 362
20175 1 484
20560 2 304
21607 2 158
21815 2 344
21829 3 405
21858 3 571
21872 2 461
22716 1 497
22719 5 386
22825 1 275
23786 2 184
24336 3 301
24476 1 298
24683 2 665
24713 1 274
26604 2 567
26665 1 159
27188 3 211
27196 5 347
27629 9 272
28775 1 442
29018 2 429
29331 3 477
29452 4 669
30142 2 320
30349 5 320
30557 1 325
31358 3 236
31646 6 277
32404 1 466
33791 9 271
34956 1 238
35518 1 94
35737 3 268
36192 1 278
36240 4 267
36827 1 210
38142 1 242
38245 3 531
38249 1 349
38324 1 456
38650 2 277
39171 1 189
39173 4 616
39992 2 494
40042 2 480
40074 3 368
40651 4 669
42465 3 571
43106 2 232
43712 1 234
43865 2 319
44123 4 263
44293 1 253
44437 1 105
44955 1 321
45550 1 430
47123 11 458
47637 4 537
47660 1 131
47954 3 209
48304 3 608
49349 1 138
49800 1 252
49932 1 221
50297 1 384
50778 3 561
51579 8 420
51820 2 614
51847 1 301
51926 3 675
52053 3 435
52629 5 477
52758 6 424
52867 1 529
52890 10 390
52929 6 315
53214 1 489
53227 5 360
53458 10 587
53783 2 438
53998 2 357
54567 3 564
54632 3 298
54641 2 373
54890 4 395
55043 1 170
55052 3 314
55302 4 284
55434 3 257
55523 2 201
55820 2 576
56526 4 359
57588 5 590
57600 5 411
57619 7 562
58164 6 346
59043 7 564
59154 3 435
59368 1 215
59901 2 483
59988 3 550
60001 3 233
61449 4 320
61469 2 480
61718 2 316
61941 1 437
62655 1 96
63273 1 703
64439 3 502
65445 1 528
66477 7 507
66487 1 605
67619 2 349
69177 1 249
70696 2 358
70818 1 187
71599 1 392
73312 1 565
73416 2 492
73947 7 584
73970 4 438
74211 10 452
76065 1 483
76248 1 526
76290 6 245
77638 8 626
78275 1 614
78283 2 324
79545 7 422
79920 1 2620
79957 3 1645
80262 7 796
80369 4 923
80830 3 1626
80857 3 1002
81250 1 771
81338 1 519
82003 1 7664
82157 2 1229
82372 1 5124
82532 21 2326
82671 2 4248
82687 2 1292
82802 1 109
83024 11 2174
83153 1 2832
83517 1 544
83927 3 383
84046 1 835
84337 3 1141
84339 1 1549
84451 1 543
84568 1 1253
85062 2 1308
85239 8 734
85240 5 792
85241 6 797
85364 1 1248
85368 91 74892
85483 4 2543
85645 131 153229
85671 1 827
85773 63 82661
85775 1 515
85787 16 18539
85800 10 2661
86064 1 532
86355 1 616
86499 3 14954
86557 2 509
86641 1 1393
86661 1 1030
86682 7 1759
86686 1 1125
86753 841 173871
86864 5 21422
86981 2 8770
87130 5 1401
87286 2 1226
87579 2 8114
87657 1 2421
87696 1 812
87939 2 706
87951 4 13958
88190 2 981
88319 1 2688
88421 2 19174
88581 7 6076
88582 99 9577
88754 4 914
88953 14 1174
88955 3 1617
89061 1 1338
89137 1 1052
89160 1 2673
89185 1 664
89194 22 878
89195 18 841
89196 29 1182
89299 2 5371
89400 181 9508
89442 2 1029
90036 27 6491
90044 4 965
90118 18 2319
90783 112 22898
90974 1 1156
90997 2 410
91317 11 1784
91738 12 23456
91780 1 936
91787 2 10821
91797 5 770
92056 1 765
92592 1 2515
92602 3 5287
92707 1 559
92715 1 551
92723 2 20032
92804 6 2604
92883 14 2897
93117 13 2725
93199 3 2847
93253 1 631
93400 4 1186
93401 3 1155
93638 1 599
93642 10 4722
93745 9 2624
93900 2 1362
94260 1 1049
94312 5 583
94481 10 2715
94619 18 5556
94744 1 808
94863 126 18144
95348 1 1830
95349 1 1015
95407 1 595
95545 1 256
95575 7 8644
95722 1 1375
95867 6 701
95868 28 1771
95949 16 15650
96029 29 21896
96041 11 32603
96051 21 78869
96281 182 9463
96284 2 1172
96307 3 5691
96326 4 908
96561 2 3193
96579 6 1811
96819 11 501
96958 1 667
97294 35 3278
97400 16 4294
97401 16 3779
97402 17 2572
97403 15 3843
97405 16 2807
97406 15 6142
97407 16 5597
97408 16 4373
97409 11 1947
97702 4 1759
97782 2 1333
98121 1 2446
98180 40 8843
98340 2 1099
98548 1 556
98583 3 2133
98675 2 1325
98795 1 281
99057 10 6934
99081 41 2687
99082 15 1545
99218 10 6741
99326 5 4729
99328 1 4175
99366 1 3291
99417 1 1058
99457 4 1199
99673 1 1247
99686 4 6987
99834 4 452
99853 4 307
100206 4 77
100375 1 341
100599 1 329
100623 2 733
100657 5 1139
100698 1 141
100890 1 521
101318 8 260
101563 1 137
101639 1 839
101778 1 73
101892 2 880
101983 1 503
101991 3 37
102045 3 559
102490 1 309
102600 1 550
102819 1 185
103087 1 478
103232 1 123
103257 7 605
103258 1 599
103471 1 1486
103894 1 702
103920 5 320
104020 5 441
104058 2 405
104205 1 62
104706 2 830
105191 27 823
105194 1 92
105557 1 174
105631 2 427
105716 1 49
105768 6 547
105908 1 307
106102 1 109
106594 3 284
107027 1 128
107031 4 485
107060 5 1110
107118 1 347
107193 1 139
107219 5 1189
107232 1 68
107321 1 386
107404 2 543
107560 4 340
107790 1 236
107836 7 741
107978 1 164
108038 3 266
108168 5 1156
108192 3 124
108198 3 642
108304 2 548
108387 4 1679
108388 2 281
108425 1 117
108439 1 276
108659 3 648
108795 2 561
108872 1 132
108895 3 363
109096 2 1525
109130 2 120
109187 3 304
109660 14 1297
109677 2 995
109922 2 812
110290 8 465
110511 7 1724
110525 1 468
110559 1 169
110606 1 139
110696 4 700
110730 1 111
110736 19 1270
110794 8 80
110891 1 768
111005 4 1302
111185 4 524
111241 2 126
111317 3 169
111528 1 402
111850 1 98
111879 1 74
111887 2 552
112189 5 607
112283 1 346
112502 6 415
112531 3 1258
112837 4 405
112864 1 503
112996 1 206
113067 3 616
113404 2 508
113532 3 508
113783 1 216
113861 1 102
113928 3 134
114067 1 1131
114176 1 147
114447 1 509
114481 8 662
114833 1 296
114922 1 207
115134 1 153
115274 5 898
115299 2 316
115763 1 302
115819 2 420
115900 17 1221
115901 4 478
115903 1 861
116135 1 97
116174 9 1417
116243 4 86
116534 5 468
116602 10 236
116620 1 310
116822 5 857
116903 10 1316
117190 3 646
117525 1 237
117662 4 281
117707 2 476
117708 3 267
118024 1 215
118256 8 448
118468 6 717
118636 2 478
118644 1 280
118795 11 871
118934 5 741
119009 4 440
119191 2 382
119365 2 600
119397 4 130
119445 2 929
119532 13 861
119559 4 513
119636 6 1112
119667 2 1216
119733 2 307
119748 1 401
120006 2 341
120097 3 880
120504 1 299
120807 4 421
121021 1 375
121037 2 418
121121 2 116
121240 1 193
121409 2 65
121588 9 1148
121593 1 746
121653 1 532
121946 2 96
122116 6 670
122163 4 390
122213 2 124
122543 1 34
122795 6 1159
123009 5 605
123348 3 886
123372 4 691
123454 6 521
123502 2 382
123632 2 208
123657 1 177
123681 4 428
123932 1 643
123943 1 271
124301 1 853
124319 2 1075
124602 1 85
124670 3 552
124690 7 1001
124778 2 266
124811 3 518
124849 5 1207
125010 1 107
125144 2 543
125167 3 524
125378 1 64
125486 15 674
125518 1 695
125772 1 374
125804 2 531
125860 2 102
126055 1 73
126073 10 765
126117 2 424
126238 1 535
126407 3 606
126446 1 593
126662 38 662
126816 3 412
126883 16 455
126916 3 62
126924 3 990
127021 1 464
127752 1 98
127859 1 1015
127930 1 566
128177 2 469
128435 2 305
128436 4 438
128505 1 313
128615 8 484
128646 1 450
128746 2 320
128830 4 456
128831 1 363
129079 1 547
129105 3 400
129131 1 322
129264 1 576
129279 11 764
129291 3 503
129405 12 660
129406 1 99
129462 1 335
129881 1 550
129892 1 436
129904 2 591
129916 3 307
129932 1 387
129992 1 183
130238 1 118
130435 2 314
130483 1 488
130497 1 182
130499 7 643
130530 1 589
130794 4 521
130862 2 110
131034 1 152
131210 2 138
131298 2 94
131314 2 316
131658 1 1232
131881 1 220
131933 2 508
132591 3 172
132602 1 529
132628 2 615
132630 3 583
132637 3 1117
132638 3 725
132715 3 477
133054 5 850
133122 2 595
133223 2 98
133294 2 448
133465 2 618
133652 1 308
133658 1 542
133930 2 633
133964 1 75
134096 3 627
134171 1 823
134298 1 287
134383 4 638
134384 1 365
134456 12 816
134724 3 403
134804 2 579
134878 2 127
134886 1 390
134899 4 159
134982 1 556
135081 4 344
135361 1 449
135425 1 292
135474 1 488
135486 1 184
135536 2 219
135722 2 406
135793 3 172
135993 1 469
136184 1 287
136212 6 1056
136432 7 641
136812 1 85
136846 1 288
136871 1 402
137012 5 710
137165 1 658
137201 1 622
137278 2 530
137374 1 717
137582 3 129
137614 1 774
137676 1 613
137774 3 508
138014 2 592
138081 4 578
138096 3 372
138140 9 859
138174 2 125
138253 4 664
138356 1 319
138439 1 128
138441 1 124
138442 4 568
138454 2 702
138466 4 547
138486 1 409
138898 1 88
138902 2 417
138992 2 580
139012 4 600
139324 2 237
139335 3 500
139450 1 81
139575 3 488
139743 3 199
139979 12 613
140008 1 815
140091 2 93
140191 1 526
140443 4 376
140487 5 497
141021 4 58
141191 20 681
141302 2 264
141401 2 539
141450 5 306
141656 2 81
141714 10 317
141836 10 1148
141874 1 228
141919 4 695
142025 5 407
142628 1 593
142635 3 627
142771 1 1557
142897 2 375
142898 2 303
142967 1 318
143101 3 65
143789 2 563
143790 3 164
143841 4 116
143849 4 596
143869 4 701
144019 9 441
144058 1 295
144235 3 345
144237 4 229
144514 1 352
144655 2 94
144832 5 695
144949 3 499
145117 3 107
145208 1 144
145294 2 524
145499 7 105
145548 1 795
145549 1 494
145948 6 723
146005 2 722
146174 3 735
146444 8 733
146572 10 693
146578 5 1148
146646 3 72
146682 1 617
146820 4 801
146821 1 602
146961 1 775
147125 2 1194
147202 4 408
147224 1 632
147260 1 170
147390 19 577
147391 2 172
147402 2 172
147526 1 617
147654 1 741
147767 1 209
147796 1 686
147978 1 703
148062 10 712
148120 2 1396
148170 2 924
148180 1 538
148246 2 1102
148316 2 248
148424 1 889
148723 1 51
148780 1 91
148912 3 1024
149175 1 216
149179 5 624
149202 1 597
149252 6 621
149257 10 684
149258 5 563
149796 2 294
149821 1 662
150016 9 1140
150085 3 192
150131 1 93
150290 6 482
150493 2 1235
150501 4 368
150835 7 1186
150844 1 556
151006 2 550
151009 3 629
151045 1 370
151260 1 98
151270 1 207
151304 1 464
151471 2 169
151584 7 936
151585 1 365
151605 12 414
151625 2 690
151651 5 490
151866 2 321
151908 3 245
151942 7 1187
152008 3 715
152021 1 567
152352 9 619
152373 3 1354
152374 2 216
152518 1 150
152566 1 214
152854 5 685
152869 1 135
152984 2 211
153041 2 449
153115 1 753
153153 2 434
153336 2 551
153454 1 104
153557 3 299
154074 10 1378
154270 1 195
154340 1 195
154966 1 702
154971 10 607
155050 1 151
155198 13 681
155254 1 931
155440 1 98
155545 1 363
155632 2 498
155655 2 1247
155739 4 423
155762 1 319
155856 1 398
155979 1 143
156088 4 473
156146 1 482
156275 7 445
156413 1 102
156426 2 574
156473 1 933
156615 1 201
156716 3 440
156866 7 559
156941 1 2537
156996 3 689
157089 2 1412
157531 12 423
157533 2 315
157803 3 490
157857 1 633
157874 1 102
157882 1 496
157949 3 481
158057 1 164
158538 2 1221
158540 1 473
158571 1 162
158612 1 194
158686 1 781
158736 1 414
159132 1 1137
159136 8 527
159160 43 10016
159161 1 156
159303 4 605
159330 13 1276
159426 4 490
159637 1 675
159658 2 695
159749 11 528
159811 1 346
159849 1 90
159876 2 204
160124 11 803
160125 2 644
160186 2 721
160301 4 648
160531 1 1125
160533 1 112
160712 1 908
160760 3 1293
161023 1 130
161416 1 469
161427 2 601
161463 1 158
161669 1 175
161855 5 856
162071 2 81
162265 2 708
162363 4 539
162402 8 330
162707 3 920
162754 3 355
163020 3 102
163141 1 1084
163275 1 595
163338 1 282
163428 4 552
163642 14 408
163707 2 128
163724 1 113
163847 1 232
163919 1 433
163954 2 483
163969 14 534
163987 3 699
164161 10 701
164203 1 622
164681 1 149
164825 4 1029
164826 3 278
164829 1 601
165150 5 725
165313 1 534
165352 4 550
165576 2 656
165781 1 426
165812 10 836
165895 3 389
165912 2 1233
165926 7 1835
165992 6 585
166022 4 328
166123 1 561
166271 2 409
166290 2 126
166291 12 642
166439 1 387
166549 1 433
166553 1 611
166646 1 589
166706 2 127
166714 3 553
166835 4 434
166884 2 748
166927 1 324
167013 2 509
167083 2 496
167172 1 722
167352 1 209
167366 7 613
167576 6 1334
167633 1 623
167830 1 832
167853 4 141
167916 1 571
167979 1 109
168056 22 751
168057 3 163
168093 1 348
168099 14 923
168227 1 370
168256 1 129
168648 3 1826
168771 4 702
168952 1 638
168990 1 169
169005 2 360
169050 7 559
169166 5 659
169221 2 423
169295 5 454
169555 1 504
169980 3 523
170055 3 547
170378 2 418
170379 2 787
170441 1 393
170527 1 1002
170547 1 124
170747 6 780
170950 3 198
171040 1 68
171051 1 237
171173 5 521
171186 4 637
171249 2 516
171255 2 127
171322 1 244
171463 1 324
171519 4 584
171675 1 568
171736 3 220
171774 2 1117
171787 1 470
171792 2 85
171921 1 245
172001 10 754
172093 2 552
172288 3 501
172290 6 305
172306 5 355
172307 1 265
172478 2 536
172609 1 605
172614 1 198
172818 3 318
172915 2 437
172921 1 604
172953 2 84
173072 4 1513
173107 2 628
173130 7 287
173172 1 393
173173 3 406
173449 2 629
173712 1 554
173828 1 182
173864 2 284
173923 4 549
173987 2 1251
174095 1 92
174187 1 273
174217 4 871
174842 1 77
175283 2 128
175331 22 1171
175332 14 2316
175337 45 1170
176795 1 480
176826 1 516
177935 57 4443
180313 1 142
182425 2 74
186848 3 97
188536 1 461
189254 3 441
192157 2 134
192200 2 110
194529 1 628
197269 1 92
197414 1 131
197779 4 434
197943 1 97
198203 4 105
198573 2 723
199790 1 104
199791 1 116
200364 1 316
201571 6 815
203766 6 586
204254 1 89
204614 1 258
204682 1 535
205058 1 87
206340 2 714
207121 4 113
207493 6 119
207713 1 384
208468 5 129
208518 2 624
208537 5 172
209332 4 126
210613 4 121
210628 4 116
214705 4 106
215161 4 83
216200 1 131
217489 4 122
218741 8 1352
219227 9 113
219235 4 102
220155 9 516
220540 7 1566
221376 2 1014
224288 1 398
225002 1 379
225542 3 124
227102 2 295
227441 3 104
227493 9 95
228334 2 90
228344 4 116
228353 3 110
229015 9 138
229259 1 108
231437 1 538
231566 5 954
231712 2 1384
231776 25 1570
231887 1 455
232149 2 1425
232285 3 1448
232720 2 669
232755 2 653
232912 1 462
232918 8 1076
233008 5 759
233052 10 554
233154 1 866
233242 7 1692
233272 10 455
233449 1 343
233672 7 468
234211 25 2810
234441 3 145
234513 1 424
234644 2 293
234656 2 577
234678 7 1110
234780 22 558
234794 5 1918
234796 3 1214
234850 23 2488
235062 1 800
235083 1 394
235139 5 1162
235142 8 483
235174 7 1243
235175 12 1676
235464 1 713
235953 2 2025
236160 7 705
236190 5 332
236582 4 270
236620 2 263
236647 1 1576
236651 5 528
236775 1 529
236917 3 677
237615 11 656
237691 8 631
237695 3 605
238144 1 554
238225 9 342
238369 2 1253
238667 9 399
238856 1 1680
238933 8 1384
238962 2 445
239086 6 492
239422 1 1571
239442 6 1626
239504 6 664
239701 1 352
239707 6 354
239775 14 1077
240328 2 574
240458 5 1247
240745 3 519
240867 2 365
240973 4 775
241160 4 290
241317 2 331
241324 4 183
241414 2 470
241542 7 921
241567 3 436
241666 8 377
241869 4 883
242328 3 652
242448 10 373
242468 1 674
242490 3 849
242532 2 724
242572 23 1645
242776 46 40213
242903 12 4618
242962 2 518
242964 13 5017
242966 4 4791
242967 2 920
243389 28 7650
243471 1 153
243504 1 1193
243565 9 14930
243577 15 5201
243579 14 5089
243580 3 4262
243755 1 5102
243874 1 129
243946 1 138
244145 27 10680
244228 36 9205
244316 1 2139
244551 10 16339
244739 1 1131
244846 39 32902
245065 38 28651
245082 13 5087
245471 5 2416
245472 3 2434
245617 9 24889
245708 2 112
246126 1 1414
246544 1 848
246554 40 7838
246610 16 29250
246623 1 763
246695 11 65027
246868 12 3100
246877 64 6449
246884 2 1768
246886 3 505
246890 3 4553
246922 1 1108
246947 4 25960
247081 1 4277
247135 1 139
247139 1 121
247178 7 2509
247385 1 997
247469 69 160821
247550 89 255154
247667 2 109
247672 58 33059
247770 1 2701
247824 8 4960
247828 13 4527
248315 2 148
248350 11 5063
248351 19 4762
248504 1 1443
248634 20 38855
248652 2 1416
248718 3 501
248788 73 56946
248930 18 5041
249076 152 36189
249151 129 38079
249190 4 14664
249272 2 3956
249347 8 4853
249392 3 4501
249531 2 497
249591 25 4964
249594 10 5335
249595 10 3022
249655 15 4669
249740 10 228328
249814 11 2502
250059 32 37994
250144 25 1248
250299 2 261
250307 3 152
250331 74 19950
250347 1 275
250354 16 4101
250358 14 3764
250360 1 7570
250619 15 24517
251078 24 9299
251085 3 15468
251112 1 132
251161 4 1010
251323 1 484
251420 61 20131
251499 18 1981
251507 8 5614
251636 2 2514
251730 2 3952
251735 26 3859
251760 30 4482
251785 14 19094
251949 4 2436
251977 9 2418
252154 31 29717
252271 1 140
252314 5 4686
252461 5 1114
252511 3 428
252552 2 7289
252554 8 13441
252555 62 27002
252636 1 4092
252852 2 3647
252884 1 752
252939 3 4993
252940 2 1514
252986 63 40464
253018 33 331696
253318 36 2551
253354 28 57179
253436 72 11730
253591 4 3248
253593 187 171848
253869 3 379
253938 2 2095
253940 3 1091
253990 48 26077
254108 99 174176
254497 21 24964
254569 2 12506
255036 1 143
255082 5 1796
255089 8 5276
255153 1 384
255156 5 2031
255331 1 130
255337 6 3697
255346 8 7534
255360 5 4483
255470 1 148
255482 2 523
255488 14 5435
255545 8 5722
255551 1 1432
255627 9 1792
255728 61 32235
255777 4 64507
255830 55 84137
255850 23 5819
255965 1 3084
256001 13 4911
256002 11 4456
256003 18 3338
256004 4 4283
256042 7 2460
256071 1 389
256225 6 3146
256240 3 1134
256282 3 10491
256283 10 34425
256286 1 24252
256565 3 155
256604 134 37731
256613 18 2995
256615 4 608
256619 1 456
256623 8 6330
256624 17 10461
256625 26 4312
256626 9 4586
256627 3 2534
256793 5 556
256847 2 24054
256851 5 13442
256863 1 1817
256946 156 6027
257074 7 1774
257133 15 26221
257305 14 37731
257344 133 45609
257345 267 89736
257356 18 8557
257407 11 3707
257496 4 5240
257562 1 151
257812 80 103213
257961 1 616
258494 3 7616
258705 6 7482
258987 19 21620
259012 6 3227
259504 1 220
259942 1 494
262336 5 378
262797 1 478
264452 1 325
266481 1 359
266592 1 505
267177 1 473
268359 2 357
268363 1 128
268573 5 493
269737 9 2754
269872 1 338
270411 3 362
270756 1 492
271834 3 266
273875 2 519
273880 1 484
273885 1 501
273886 1 619
274394 6 484
274396 3 478
274397 3 265
274552 4 389
276651 2 212
277690 1 339
277900 1 496
278493 2 370
278495 1 318
282019 5 370
283145 2 483
283670 1 357
284376 1 580
285296 1 641
285578 1 516
286686 3 442
288533 1 571
289060 4 208
289450 3 438
290040 3 745
291020 1 269
292769 1 402
293491 1 3345
293569 3 542
294758 2 602
295730 1 402
296544 2 498
297118 2 250
297657 1 562
298865 3 418
298867 1 502
298962 1 320
300255 4 466
300259 1 177
300873 1 368
300882 1 176
301330 7 9638
302696 2 383
302953 2 661
302963 3 518
303697 3 556
303703 2 481
305716 3 648
306880 1 289
306893 1 146
307114 2 446
307521 1 665
307602 1 498
307990 1 146
310139 5 451
310140 2 206
310141 2 340
310142 6 272
310353 2 354
311355 150 64459
312289 4 444
312642 1 327
312644 2 360
313627 1 244
314871 6 467
315481 1 207
315839 2 774
315840 11 799
316592 1 138
316615 1 544
316876 2 378
316924 1 208
317643 5 215
317748 7 634
317819 13 854
318116 6 583
318504 1 235
318948 1 830
318968 2 481
319265 2 250
319355 2 540
319388 5 500
320068 9 168
321015 2 441
321443 1 212
323288 3 735
323785 3 145
325856 8 560
325930 2 492
326055 7 552
326835 2 161
327226 5 275
327424 8 421
328557 2 264
328818 5 465
328823 1 373
328896 2 503
329375 6 907
330270 1 186
330652 6 486
330955 1 164
330983 3 187
331204 1 173
333210 10 795
333223 18 813
333491 3 272
333658 5 816
334103 4 135
334181 1 347
334207 5 258
334225 3 322
334577 6 500
334739 1 294
335558 7 478
335786 1 149
336364 2 206
336540 4 572
336624 2 246
336659 1 186
337374 1 29
337613 2 40
337626 1 221
337902 2 142
338001 9 1055
338026 1 203
338231 1 180
338437 1 216
339691 2 221
339816 3 199
340060 1 395
340064 4 244
340132 10 328
340133 4 165
340677 5 676
341177 3 601
342343 1 482
342688 1 150
342838 14 379
342935 3 241
343178 2 310
343241 5 611
343552 3 242
344162 1 335
344168 9 565
344170 19 801
344197 1 174
344443 17 616
344732 6 474
344748 1 539
345421 2 140
345643 3 164
345778 4 516
346003 14 1043
346419 1 117
346557 5 228
346924 7 94
346990 2 532
346993 4 697
347955 4 186
348967 1 74
349083 11 417
349102 2 140
349690 2 325
349958 2 138
350284 6 498
350667 3 319
351513 5 558
351590 2 260
351934 3 233
352533 3 112
353551 1 141
353597 2 681
354045 1 607
354112 1 192
354304 2 471
355164 4 391
355168 9 728
355577 1 99
355615 7 378
355640 6 389
355647 1 461
355911 3 363
356372 2 102
356728 4 390
357217 3 273
357406 7 2125
357929 1 607
357937 1 379
358511 1 186
358827 1 819
359152 8 686
359561 1 246
360875 13 948
362048 14 458
362049 2 198
363191 5 411
363523 6 661
365799 2 424
365802 1 331
366034 1 515
367390 2 125
368028 1 114
368744 19 417
368927 8 246
369642 3 224
369963 6 480
370027 5 680
370347 2 385
370765 2 153
370920 6 335
371315 8 407
371342 2 301
371613 4 313
371799 5 524
372042 5 176
372136 9 776
372624 2 1094
373317 3 277
373485 2 353
373657 5 842
373790 10 628
373985 3 599
373987 1 185
374006 4 541
374259 1 351
374591 5 939
374860 8 545
375204 6 410
375559 10 596
376022 9 231
376141 2 444
377147 5 712
378208 1 64
378369 2 650
378372 4 606
378426 1 548
378561 15 348
378582 5 590
379053 1 140
379497 6 546
379644 4 522
380280 1 270
380286 5 480
380364 1 74
380791 2 145
380793 14 433
380908 1 233
381013 1 272
381536 7 412
382324 3 461
382464 1 148
382581 1 86
382646 1 149
382978 8 800
383606 3 625
383610 9 665
383924 2 426
384028 3 640
384693 8 592
384819 7 375
384824 1 243
385034 1 264
385454 3 129
385593 1 130
385840 3 242
385961 1 267
385963 3 197
386078 1 48
386107 3 436
386497 2 64
386581 1 54
386796 6 182
387122 3 279
387127 1 46
387277 8 435
387285 2 311
387527 3 185
387600 9 501
387605 8 455
387731 1 76
387879 15 540
387930 1 76
388263 1 142
388311 1 143
388325 1 60
388482 1 424
388641 2 189
388683 12 508
388684 13 852
388951 1 55
389076 22 884
389350 7 394
389421 1 45
389561 2 176
389661 1 192
389704 1 191
389769 7 469
390011 3 463
390219 1 153
390260 8 344
390339 1 103
390550 6 593
390989 1 177
391137 3 209
391640 2 298
392082 3 206
392114 3 275
392301 1 185
392304 1 254
392583 1 271
392585 5 430
392654 2 529
392747 3 639
392942 2 73
392979 2 86
392986 3 197
393111 3 168
393121 3 217
393190 1 47
393266 4 225
393396 4 464
393509 2 275
393511 2 175
393709 8 214
394003 2 83
394009 3 121
394096 1 438
394132 5 318
394156 4 120
394262 1 111
394352 1 295
394355 4 264
394394 11 331
394731 8 261
394883 1 192
395117 4 261
395144 5 214
395847 3 270
395975 2 146
396136 1 217
396252 4 434
396294 2 73
396326 1 151
396575 4 371
396704 1 130
396709 1 209
396750 11 431
396786 6 633
397285 1 217
397520 1 64
397726 2 57
397747 1 60
397754 1 52
397823 4 189
397875 1 45
398084 1 140
398157 1 265
398158 1 709
398259 1 55
398562 4 238
398722 7 543
398743 2 492
398804 1 36
399331 3 142
399607 1 218
399663 1 289
399755 3 325
399797 1 171
400040 1 53
400202 1 149
400423 4 1631
400772 3 122
400780 1 373
400996 1 206
401069 6 286
401078 1 53
401281 11 4381
401282 25 7912
401289 4 220
401356 1 444
401358 4 131
401424 4 223
401561 1 384
401705 2 318
401711 2 204
401714 1 522
401730 4 556
402285 1 36
402804 4 625
402957 2 284
402989 1 42
403022 11 649
403129 4 791
403283 23 708
403579 9 1185
404004 1 73
404128 5 724
404364 8 473
404463 4 828
404693 1 298
405123 2 89
405480 18 1093
405905 1 146
406519 3 200
406693 1 211
406967 5 650
407251 1 45
407439 1 32
407513 1 80
407552 1 55
407589 4 529
407771 2 227
407779 1 183
407780 1 391
407914 5 1714
407935 1 54
408366 1 185
408414 2 253
408429 1 42
408626 3 165
408731 2 562
408734 5 667
408992 1 600
409382 1 44
409617 3 142
411385 1 47
411587 1 157
411658 1 56
411664 2 57
411743 3 151
411950 8 473
412147 3 583
412369 1 246
412560 1 968
412571 1 261
412812 1 102
412829 5 116
412839 1 100
412982 1 227
413012 1 76
413033 2 194
413649 3 296
413699 2 159
413731 11 1008
413739 12 1902
413785 3 416
413895 1 162
413985 1 131
414881 1 84
415125 1 97
415264 2 229
416207 5 295
416878 2 279
417007 1 317
417099 4 209
417273 5 476
417536 3 345
417579 1 376
417781 2 181
418176 1 42
418518 1 88
418743 6 544
418924 1 335
418929 1 481
418951 7 598
418983 7 578
419179 1 272
419183 1 53
419190 1 41
419458 2 247
419894 8 2066
420428 5 691
420431 9 428
420449 27 1412
420853 6 241
421301 1 88
421458 1 193
421696 3 286
421701 3 369
421961 1 48
422016 3 242
422153 3 78
422231 8 494
422353 2 63
422713 1 56
423073 1 254
423075 1 560
423861 1 273
424015 2 55
424235 8 567
424318 1 91
424405 1 179
424430 2 233
424934 2 574
424952 2 1151
425562 5 752
425682 1 60
426026 1 56
426218 8 2065
427179 1 52
427207 4 226
427609 3 46
427723 4 249
427801 1 57
427973 2 640
428050 2 683
428466 5 151
428762 1 55
428831 1 126
428969 1 192
429762 2 571
430040 1 49
430083 1 322
430347 1 40
430629 1 154
430815 1 122
430994 12 551
431002 2 604
431210 2 323
431720 2 524
431756 1 52
432280 9 914
432533 6 775
432793 5 546
432812 1 290
432890 2 204
433049 1 218
433054 1 158
433116 1 164
433199 10 831
433398 7 281
433425 3 96
433440 2 314
433879 1 229
433886 2 274
434013 1 260
434215 2 593
435657 1 813
435786 2 289
435833 1 255
435927 5 681
435931 3 143
436069 6 261
436075 9 369
436314 2 674
436333 1 62
436716 1 31
436845 1 44
436893 5 1728
437428 4 302
437466 10 595
437625 1 77
437627 1 76
438111 1 158
438189 1 163
438195 1 179
438274 3 301
438766 12 420
438879 1 40
439057 13 400
439177 2 196
440142 5 468
440708 1 96
440716 1 518
440950 1 676
441069 2 74
441080 1 46
441616 3 308
441624 2 112
441919 1 512
441987 2 193
442287 5 262
442301 1 40
442457 1 40
442684 4 775
442753 5 498
442962 1 266
443176 1 179
443278 1 151
443366 11 788
443725 1 159
443829 6 1713
444238 2 231
444240 2 201
444415 1 291
444465 5 286
444506 3 83
444507 1 64
444565 33 619
444856 1 117
444872 1 132
445036 1 210
445054 6 493
445205 1 62
445556 1 216
445613 1 120
445651 3 172
445977 17 418
445986 5 497
446224 3 262
446888 2 510
447086 3 249
447291 16 982
447971 2 235
448007 1 427
448656 1 271
448675 1 223
448879 1 159
449108 2 110
449183 5 804
449195 1 618
449197 1 532
449200 10 566
449203 6 831
449205 3 819
449208 6 535
449211 5 613
449212 2 641
449388 1 254
449391 1 287
449622 3 163
449624 7 467
449677 15 498
450226 1 78
450614 1 232
450700 1 178
450896 2 211
451273 2 100
451286 2 189
451744 3 490
451841 2 291
451993 1 43
452023 12 435
452138 3 341
452239 2 469
452305 6 278
452405 8 942
452797 1 44
453012 1 203
453101 1 114
453413 1 43
453653 1 478
453697 3 403
453702 10 470
453728 2 151
453731 2 213
454017 2 552
454028 2 243
454051 8 243
454448 1 49
454678 2 243
454898 1 38
455232 5 436
455402 3 139
455454 3 93
455473 2 250
455514 1 48
455532 1 639
455713 4 209
455749 4 143
455904 1 337
456182 9 461
457143 2 36
457203 10 215
457357 2 191
458003 1 401
458548 4 179
458896 2 495
459070 1 388
459646 1 99
459654 2 98
459667 1 70
459681 5 396
460111 1 139
460349 1 43
460583 2 403
460852 1 177
460980 1 125
460986 10 167
461326 4 382
461511 2 157
461699 2 150
461987 2 557
462067 2 267
462222 11 1101
462964 1 103
463087 21 788
463397 5 556
463581 1 52
463894 1 598
464091 7 507
464146 3 610
464149 1 502
464150 15 723
464157 5 703
464159 2 401
464160 1 590
464161 8 889
464162 1 476
464192 1 273
464322 3 36
464423 1 58
464641 1 110
464643 2 106
464666 3 176
464689 1 44
465465 5 233
465654 3 513
465832 2 140
465833 2 456
466095 1 206
466137 1 457
466583 3 344
466603 9 301
467274 1 171
467453 5 288
467709 1 140
467816 5 1724
468077 2 54
468366 5 435
468722 1 77
468724 3 381
469089 1 116
469095 2 3148
469377 3 154
469608 1 106
469757 1 159
470186 1 484
470597 1 75
471411 2 232
471487 7 457
472039 9 411
472110 3 534
472643 1 79
472676 4 79
472685 1 92
473102 1 35
473321 2 527
473336 2 691
473342 7 497
473345 24 897
474015 1 38
474034 3 333
474037 2 549
474308 4 198
476134 4 501
476188 1 101
476356 4 173
476567 1 463
477982 1 515
479397 2 97
479400 1 128
479696 5 213
479761 15 580
479810 7 718
479991 1 182
479993 1 168
480090 1 183
480170 1 606
480447 3 673
480461 3 548
480462 9 460
480463 6 592
480489 4 458
480656 6 308
480706 4 266
480829 3 235
480906 3 214
481086 5 222
481154 4 402
482070 1 82
482122 9 204
482222 1 299
482362 1 66
482370 1 246
482371 1 209
482419 1 45
482508 3 257
482819 29 622
483132 5 481
483557 1 41
483592 10 726
483911 1 534
484127 4 459
484604 13 600
484607 14 683
485747 5 225
485969 1 41
485984 12 580
486154 1 70
486252 1 234
486413 5 1843
486471 1 62
486599 8 727
486832 2 596
487193 1 55
487627 1 88
487642 4 371
488120 1 43
488400 2 464
488882 9 585
488897 2 731
488921 4 630
489244 3 241
489341 2 378
489574 18 523
489798 1 54
489900 3 835
490011 1 50
490016 1 52
490244 3 351
490617 2 102
491047 17 766
491597 19 712
492184 4 786
492230 1 520
492307 7 743
492909 1 145
493601 1 417
494241 1 252
494696 1 72
495218 1 74
496425 1 314
496751 1 206
496859 3 594
496879 4 781
497058 3 292
497309 1 45
497332 1 31
497335 1 34
497380 4 155
497651 2 60
497831 1 231
499044 3 227
499171 1 97
500131 2 167
500144 3 496
500211 2 642
500406 1 89
500408 2 75
500425 4 463
500472 5 389
500481 20 837
501156 1 40
501166 1 91
501202 2 642
501434 2 403
501969 1 229
502777 2 627
502779 2 588
502780 1 613
502787 4 491
503262 1 204
503264 1 278
503505 13 621
503928 1 44
504095 1 90
504096 3 189
504139 1 130
504698 1 289
504736 2 321
504771 4 293
505196 1 108
505639 3 126
505646 1 199
506329 1 123
506576 1 325
506743 1 36
506837 2 179
506839 6 523
507579 5 492
507688 1 133
507741 2 269
507849 2 384
508102 10 674
508106 18 682
508115 11 607
508116 10 598
508123 22 763
508152 13 493
508481 2 219
509010 1 46
509245 6 271
509459 6 5290
509511 3 241
509564 16 767
509586 1 40
509625 5 464
509741 1 234
509742 12 656
510306 5 449
510462 1 80
510740 3 265
511175 1 163
511255 2 805
511456 2 155
511673 4 273
511806 5 613
511920 5 185
512162 1 270
512471 6 334
512684 10 389
513011 1 276
513762 4 234
513914 4 387
514299 2 173
514317 10 533
514438 2 688
514454 1 268
514468 2 52
514836 5 494
514837 11 700
515136 2 774
515150 2 359
515415 3 279
515478 6 620
515486 6 476
515572 3 547
515691 1 40
516027 1 220
516036 1 116
516295 4 193
516324 2 108
517246 1 130
517707 4 747
517708 15 595
518471 1 79
519120 2 187
519131 1 251
519467 1 499
519710 2 282
519855 1 586
519880 4 356
519944 1 143
520063 15 1149
520350 1 43
520408 4 532
520545 1 463
520595 2 181
520602 1 457
521063 1 79
521088 1 87
521152 1 44
521194 1 200
521297 2 45
521337 1 346
521363 1 44
521476 5 284
521496 6 333
521709 4 367
521834 4 750
522435 1 221
522626 5 537
522627 6 526
522629 7 562
522632 5 607
522633 1 522
522637 2 821
522641 2 426
522675 1 157
522676 1 119
522901 4 451
522934 11 790
523545 1 80
523931 5 425
524740 3 203
524774 2 176
524787 2 574
