1851 1 116
2320 7 496
3419 2 112
5217 1 409
6841 16 276
6993 1 313
7966 1 151
8086 1 419
9248 6 90
10409 2 251
11598 1 371
12015 1 440
12084 4 197
12349 1 454
13738 10 401
18634 1 310
18901 1 166
20174 1 462
20652 1 325
20867 1 168
21241 1 451
22261 1 390
23650 1 499
25308 1 447
25757 3 344
28988 1 436
29218 1 271
29894 1 320
30115 1 187
30759 1 411
31978 4 308
32256 1 152
34846 7 430
34959 7 399
35105 4 195
35174 7 238
35262 4 140
35403 7 199
35904 1 199
36157 1 251
36355 1 178
36432 1 398
37295 4 279
38929 1 674
39128 2 304
40501 1 168
43236 1 435
43380 1 415
43847 1 143
44274 1 639
44829 1 144
45108 1 182
46790 2 360
46967 1 412
47253 8 519
48876 1 397
49328 1 372
49465 1 206
52542 1 564
52966 2 131
53324 1 452
53691 3 198
55044 1 395
55414 2 502
56446 1 264
58133 1 258
59688 1 253
61020 1 307
62885 1 484
64586 2 150
64737 1 430
64794 2 373
65102 1 385
66320 1 439
67100 11 414
67490 1 164
68412 1 248
69989 1 251
70445 1 106
71629 4 135
72184 1 412
72682 1 315
73525 1 380
73595 1 537
75014 10 363
75025 1 246
75674 2 190
77315 1 450
80690 1 5313
81551 1 265
81607 3 28467
85481 1 70500
85645 1 153229
86220 4 22240
87472 2 2641
89084 2 203
90698 35 1923
90783 1 22898
91143 13 19492
91873 10 6318
91884 12 4745
92869 1 34076
94090 1 1814
94773 3 1325
95982 1 167
96439 1 14205
97727 2 13817
97734 2 13817
98958 2 2065
99070 2 18260
100119 5 525
101381 1 573
102241 1 1269
106098 1 72
106143 1 55
107293 8 892
108786 1 594
108979 1 56
109261 1 383
109568 1 121
110476 1 372
110722 3 80
111118 1 1409
111240 1 1003
112375 1 544
112404 3 566
112774 1 560
113323 2 546
114999 1 509
115102 1 542
115731 3 489
115899 1 865
116291 2 820
116309 3 1041
117077 2 437
117083 4 544
117112 3 143
117999 1 219
118023 1 1307
118430 1 358
118540 1 186
119726 2 559
122007 5 564
122323 1 653
122678 1 209
123362 2 107
123670 2 97
123821 2 85
123920 2 473
124819 2 1097
125569 1 544
125614 1 2113
125744 1 620
126616 5 642
127354 2 640
127577 1 290
127996 3 96
129326 1 92
132125 2 160
132305 7 139
132945 1 227
133082 1 357
134461 1 695
135100 1 880
135614 1 509
136985 1 731
137192 1 89
137672 1 442
137832 1 117
138657 2 685
139056 1 146
139858 1 137
140874 1 353
142243 1 244
142909 1 231
142974 1 736
143752 1 114
144422 1 262
144708 3 594
146104 1 413
146665 1 536
147350 1 830
147522 1 1280
149491 1 656
149863 6 177
150046 6 177
150063 7 146
150659 1 744
151106 1 1220
151143 1 626
152358 1 755
152388 1 762
154819 2 766
155296 2 117
155414 2 763
156248 1 607
157365 1 768
158355 1 324
160211 4 1212
160717 1 673
161816 3 1976
161995 1 622
162547 1 452
164124 1 124
164445 1 557
165001 1 436
166352 1 866
167593 1 2703
169560 1 114
171696 7 163
172568 1 255
172715 1 574
174944 1 170
176753 1 374
178886 1 525
184934 1 258
186738 2 1476
187907 1 1259
189917 4 587
194694 2 577
194762 2 138
196060 1 1178
197640 1 100
199907 1 138
200371 1 107
200892 1 2073
201560 1 4064
201641 1 134
206533 5 117
206883 3 711
208518 1 624
211875 3 457
212203 1 111
216415 1 141
216544 1 117
217743 1 425
220898 1 123
227435 1 108
228798 1 419
229748 1 413
231352 5 132
231512 1 332
232551 2 386
232623 1 1193
232642 1 252
233675 1 456
234042 4 1075
234871 1 469
235661 1 1142
236689 1 361
237261 7 157
237476 1 274
237562 2 1202
238058 1 265
238376 1 470
239415 2 756
239778 5 1083
240011 1 219
241816 1 1228
242118 1 359
242683 1 7275
243568 1 51992
243580 8 4262
243636 2 73383
244071 11 299
244515 3 137580
244752 3 9664
244915 1 340
245075 3 6226
245122 1 20319
245722 5 32503
245925 3 10538
246558 7 2696
247469 1 160821
247517 1 40187
247550 1 255154
249904 4 7785
250616 1 37169
251536 2 4051
251946 2 2878
252474 1 81579
252921 1 52519
253061 8 10802
253858 1 835
254108 8 174176
255417 14 27737
255476 1 44402
255633 3 9645
255634 1 29071
255823 1 21270
257954 1 3522
258225 4 14533
258635 5 11890
259235 1 492
261486 2 237
261769 2 339
267915 2 434
270176 1 123
271466 3 498
271467 3 296
276204 6 867
276487 1 456
277011 2 239
277332 2 240
278111 14 497
278117 6 346
278119 1 298
280538 2 251
280539 2 404
282425 6 208
283363 1 263
283719 1 350
283721 1 338
284428 1 251
285108 1 174
285490 2 165
287052 3 169
287054 5 194
287193 3 376
287194 4 179
289060 2 208
289458 7 378
290594 1 710
290595 1 523
292027 1 275
292029 1 724
292905 1 436
293940 3 166
295277 2 228
295278 2 446
296850 4 212
296860 3 163
296925 2 228
296935 2 238
297521 6 284
298766 2 271
299716 1 301
299920 1 286
300363 1 323
304879 1 259
304950 1 460
305411 1 302
306593 3 426
307614 6 299
307620 1 960
307991 3 520
308027 1 259
309497 2 203
310373 6 328
312888 1 350
312918 1 557
313376 2 325
313724 1 470
313959 2 403
314512 2 52248
314876 1 335
317831 2 144
321769 3 570
322423 1 104
325184 1 196
327204 1 316
327275 2 1465
331797 1 97
332441 27 705
334837 6 114
335685 1 312
339185 4 589
339816 1 199
342454 4 81
343687 1 555
346973 1 84
347662 3 338
347774 1 175
347894 1 108
350066 1 630
350524 1 241
350976 1 459
352683 1 717
354031 1 161
354537 1 382
356784 1 324
359324 1 88
360087 2 642
364447 2 614
368832 1 532
372758 4 589
372764 2 603
383386 1 198
390247 1 385
392219 2 1158
393233 1 695
394620 1 153
396234 11 425
396669 2 754
396679 1 464
403289 1 677
403476 1 232
416468 2 358
417713 1 552
418934 2 591
419421 3 577
419650 1 428
420639 1 222
420704 1 937
421895 2 382
422592 2 575
422855 2 183
423356 1 584
424197 1 221
428660 1 343
435231 1 807
435946 14 400
436845 1 44
436853 1 585
437211 1 59
438266 1 364
438497 2 630
438737 2 92
438899 1 358
439169 36 624
440490 1 434
442276 1 212
442537 1 327
448320 1 767
449758 1 209
455395 1 252
456873 1 396
464104 1 317
464106 1 351
467133 1 480
468171 3 713
469207 1 624
471668 1 429
472334 2 864
479387 1 178
480264 2 80
481135 1 277
482510 2 113
486958 1 196
487879 2 536
489701 10 438
491977 1 81
494650 1 503
499820 1 76
506622 1 49
507443 3 94
509816 1 526
516053 1 42
519098 3 86
520638 1 40
521391 1 542
521923 1 61
521931 1 61
522612 1 101
6841 6 276
7966 1 151
8192 1 442
12199 4 417
12296 3 365
12349 3 454
16131 1 364
16260 2 315
17162 1 189
17766 1 575
18634 1 310
18901 1 166
20174 2 462
20652 1 325
21241 2 451
22261 1 390
23650 7 499
25757 2 344
26269 4 564
27605 6 402
28988 1 436
29218 1 271
29902 2 388
30115 1 187
30737 7 279
30759 1 411
32569 1 452
34499 1 376
34634 1 423
34846 2 430
34959 3 399
35105 2 195
35174 2 238
35340 2 446
35904 1 199
36157 1 251
36432 2 398
37295 1 279
37321 5 430
38929 1 674
39128 1 304
39253 1 362
43236 2 435
43380 1 415
43847 3 143
44274 1 639
45853 4 210
46246 1 349
46790 1 360
46967 2 412
47113 1 325
47253 4 519
48876 1 397
49102 10 455
49328 1 372
52398 3 471
55044 2 395
55414 14 502
55944 1 568
59377 2 515
59412 1 307
59474 1 320
60678 3 199
60891 5 370
64737 1 430
65102 2 385
66320 1 439
67100 6 414
67490 1 164
68485 8 346
70445 1 106
72682 1 315
75025 1 246
77315 1 450
80503 10 723
80690 1 5313
81607 13 28467
81785 18 1006
82887 1 690
83407 1 690
85114 25 1311
85368 40 74892
85481 26 70500
85645 65 153229
85687 2 28718
85773 55 82661
85926 1 5997
85961 35 4051
86220 2 22240
86753 24 173871
86864 54 21422
87000 92 5315
87472 2 2641
87987 25 1258
88694 4 281
90448 28 947
90698 33 1923
90783 6 22898
91143 314 19492
91873 1 6318
92556 17 26842
92869 7 34076
93654 2 102204
94090 31 1814
94284 14 72168
94285 1 21629
94773 8 1325
94910 2 2624
95020 24 25937
96049 40 78606
96063 5 37082
96305 8 38919
96424 1 38462
97078 16 39671
97727 9 13817
97734 9 13817
97884 1 714
98212 1 419
98958 8 2065
99053 17 27408
99070 33 18260
99449 9 41595
99451 15 19333
99798 4 98
100044 8 250
100087 6 107
100119 3 525
100284 1 582
100320 3 1430
100543 4 390
100691 1 321
100745 1 598
100974 1 1190
101196 3 54
101252 1 698
101381 4 573
101736 5 121
101840 3 1095
102015 3 70
102034 6 507
102159 8 752
102179 1 50
102217 1 520
102892 3 58
103570 2 38
104151 6 8662
104907 2 355
105030 2 32
105088 7 124
105372 1 542
105616 1 503
105831 4 480
105863 1 753
105983 7 577
106043 1 839
106084 1 178
106098 1 72
106379 4 1575
106581 2 60
106607 2 472
106843 1 65
106907 1 877
107293 2 892
107576 11 128
107810 2 51
108107 5 85
108168 1 1156
108330 6 65
108459 3 463
108596 1 116
108710 2 186
108714 2 35
108775 9 141
108786 1 594
108945 3 518
109261 2 383
109414 4 188
109486 2 66
109495 4 1066
109599 1 586
109688 1 578
109908 1 598
110064 2 51
110453 3 65
110511 14 1724
110982 1 493
111088 2 1455
111118 6 1409
111267 5 1589
111371 4 133
111654 3 607
111857 3 1699
111876 5 88
111976 1 127
112300 6 104
112375 2 544
112404 3 566
112642 4 136
112774 2 560
112789 8 119
112998 2 48
113095 1 180
113253 4 132
113442 7 117
113694 2 40
113705 5 719
113909 3 156
113927 11 168
114142 3 1705
114280 4 1589
114348 1 1142
114451 1 196
114565 3 1251
114738 4 494
114742 1 340
114743 4 1846
114863 7 1262
114895 4 194
114999 3 509
115206 6 58
115697 4 300
115731 5 489
115747 6 1600
115897 1 460
115899 3 865
115915 2 118
115921 11 124
115923 1 531
115969 6 87
115982 8 145
116140 6 879
116291 19 820
116309 7 1041
116312 2 38
116378 1 412
116411 2 53
116446 2 578
116586 2 513
116621 9 614
116838 1 738
116905 1 370
117029 2 33
117082 2 440
117083 12 544
117112 1 143
117222 10 482
117264 2 348
117381 1 456
117390 1 534
117538 2 57
117541 1 1299
117649 3 74
117668 10 510
117765 1 175
117999 1 219
118002 6 838
118023 9 1307
118103 6 758
118211 8 263
118368 6 1208
118419 6 671
118430 1 358
118540 1 186
118728 4 1381
118771 1 518
119343 3 195
119376 11 621
119464 3 177
119468 2 132
119515 13 484
119726 11 559
119765 3 294
120005 3 1474
120024 20 504
120241 1 395
120382 2 887
120541 12 401
120798 6 142
121198 4 869
121235 9 271
121355 3 62
121383 2 92
121515 4 108
121618 1 108
121934 8 102
122007 1 564
122244 4 567
122481 12 1302
122621 2 63
122662 4 380
122698 1 480
122822 2 476
123158 3 580
123164 1 396
123206 7 558
123331 21 637
123362 1 107
123379 2 642
123381 3 1230
123482 4 515
123561 1 522
123591 1 54
123658 3 821
123683 1 158
123720 3 1052
123738 1 60
123873 5 119
123920 1 473
124366 10 169
124514 3 529
124519 2 574
124590 1 66
124731 2 805
124804 9 717
124819 9 1097
124846 6 323
124971 1 84
124974 8 312
125135 1 216
125144 3 543
125463 5 554
125614 2 2113
125841 1 686
125960 2 331
125974 1 673
126028 5 74
126070 1 367
126127 5 812
126193 1 468
126303 2 531
126557 6 133
126616 1 642
126695 4 143
126739 5 92
127114 6 8902
127306 2 86
127354 6 640
127423 1 486
127578 1 333
127996 3 96
128084 4 499
128111 12 277
128271 3 56
128383 12 153
128426 6 554
128434 2 35
128654 5 554
128933 7 309
128950 2 78
128994 10 144
129129 1 565
129571 5 114
130481 1 881
130499 4 643
130511 2 52
130525 4 72
130527 4 70
130738 15 680
131155 6 887
131245 8 374
131569 2 65
131736 5 134
131757 1 48
132144 2 94
132165 6 128
132194 2 59
132947 5 248
132959 4 560
133103 11 471
133252 3 1442
133273 2 738
133452 4 133
133556 2 48
133757 2 53
133797 2 383
133830 5 144
133937 5 1204
133979 5 66
134057 1 215
134249 16 847
134321 2 653
134461 1 695
134471 2 67
134587 4 146
134752 1 66
134977 12 680
135082 2 46
135265 1 1193
135411 3 76
135548 2 58
135640 2 351
135768 3 71
135865 3 72
135980 2 270
136043 8 151
136118 3 818
136307 1 63
136312 1 522
136820 6 596
136839 12 231
137179 1 682
137191 2 67
137484 3 81
137504 3 79
137628 3 74
137636 3 1228
137672 2 442
137680 1 103
138172 30 570
138251 6 596
138300 10 329
138324 2 185
138351 1 170
138356 1 319
138657 3 685
138723 4 414
138914 2 86
139017 10 1260
139333 3 502
139495 2 102
139789 1 467
139833 1 183
139835 10 549
139983 1 628
140010 6 578
140239 7 2695
140471 3 87
140512 3 659
140657 2 456
140733 5 123
140874 6 353
140939 4 392
141104 1 712
141162 2 55
141197 2 698
141241 3 726
141530 5 672
141562 11 209
141630 2 175
141670 5 219
141699 1 185
141763 4 109
141768 1 123
142150 3 77
142243 1 244
142423 1 817
142605 4 183
142675 1 153
142709 3 108
142719 3 156
142796 3 84
142851 1 169
142909 10 231
142974 1 736
143527 4 86
143807 3 147
143891 3 88
144232 3 641
144405 2 205
144628 3 1328
144708 9 594
145506 13 512
145670 5 108
145956 2 57
145965 4 230
146104 1 413
146124 9 597
146151 2 445
146272 2 183
146312 3 233
146391 3 683
146550 2 484
146642 5 151
146665 2 536
146895 6 305
146995 3 1267
147008 3 517
147148 1 69
147463 4 624
147497 9 767
147755 4 225
147766 2 494
147910 2 74
147935 2 480
147942 3 670
148151 7 143
148187 16 643
148341 2 375
148365 1 1136
148378 1 745
149366 1 608
149491 1 656
149523 3 366
149730 25 541
149833 1 624
149863 2 177
149973 5 276
150046 2 177
150070 2 145
150454 42 872
150659 30 744
150900 2 189
151106 1 1220
151135 14 418
151143 1 626
151154 9 151
151385 14 1141
151549 4 151
151566 5 161
151635 4 496
151666 3 198
152149 15 734
152271 1 89
152281 1 324
152311 1 747
152358 1 755
152388 3 762
152744 3 72
152865 5 155
152930 1 401
153150 3 83
153214 2 608
153401 11 221
153658 9 530
153717 9 159
153729 5 410
153805 3 81
153977 3 87
153991 2 84
154013 1 1541
154218 10 209
154615 2 595
154813 1 252
154818 6 151
154819 2 766
154962 1 334
155087 3 580
155203 5 116
155414 1 763
155721 2 350
155853 6 402
156450 2 87
156494 3 724
156635 2 99
156899 2 1272
157012 2 497
157125 1 1243
157128 1 630
157408 4 144
157465 1 1443
157500 2 223
157668 1 65
157704 3 277
157732 2 456
157803 4 490
157897 3 96
158056 1 316
158137 2 587
158355 5 324
158678 10 139
158688 11 444
158694 4 299
158748 3 169
158830 3 604
159068 10 351
159160 6 10016
159175 5 136
159499 1 643
160096 1 709
160104 2 124
160360 7 166
160383 1 587
160399 4 1925
160478 2 119
160618 10 444
160717 3 673
160924 1 64
161690 2 101
161816 2 1976
162100 1 138
162254 12 269
162281 15 368
162623 3 369
162632 1 324
162788 16 1230
162840 4 114
162902 3 79
162996 2 64
163049 2 59
163198 2 60
163357 5 189
163420 1 207
163620 4 112
163629 5 143
163752 3 159
163994 4 658
164425 7 601
164445 4 557
164560 12 600
164625 6 102
164641 1 127
164805 1 63
165001 1 436
165044 1 159
165121 2 86
165307 2 73
165424 2 316
165432 4 140
165454 7 140
165772 4 111
165797 2 73
165836 3 509
165888 5 137
165937 9 594
165944 5 235
166176 2 132
166352 1 866
166691 2 133
166724 1 227
167141 2 945
167471 2 86
167574 2 60
167586 1 65
167593 1 2703
167596 1 371
167748 1 216
167823 2 508
168136 3 69
168239 2 131
168401 3 78
168955 2 650
169180 1 575
169251 2 447
169684 2 626
169781 5 8290
169992 2 506
170016 1 667
170087 3 87
170144 12 248
170161 6 419
170212 6 682
170363 1 123
170424 2 143
170618 2 89
170746 4 637
170835 2 95
170900 6 190
171033 1 627
171418 2 102
171531 2 404
171582 2 70
171627 1 123
171889 12 205
172126 2 81
172137 3 585
172292 5 840
172909 4 198
172924 1 598
173051 2 168
173332 1 68
173462 5 392
173587 10 1270
173695 5 795
174083 7 134
175132 9 413
176214 1 152
176618 2 426
176753 1 374
176805 2 465
177727 4 2371
178556 1 149
178886 1 525
179634 3 333
180000 1 138
181364 3 543
181783 19 5486
181883 9 507
182724 8 1795
183582 1 234
183583 1 288
184934 1 258
185062 2 500
186200 1 434
186297 3 661
186426 3 3295
187977 17 3056
188900 1 171
189130 1 260
189764 20 4383
189917 8 587
190290 5 2679
190363 1 121
190419 2 674
190512 1 310
191522 4 399
192501 2 441
194762 1 138
195637 8 1332
196060 2 1178
196455 1 568
196469 1 233
197640 1 100
198378 7 386
198573 4 723
199712 1 318
199907 1 138
200135 5 427
200367 2 539
200371 1 107
200519 5 1696
200892 2 2073
201249 7 1088
201275 2 136
201560 24 4064
202013 3 530
202260 1 306
202290 1 1672
202635 9 364
203350 1 1653
203764 5 547
204243 1 1635
204682 4 535
205229 1 1628
206340 3 714
206883 6 711
207107 1 1670
207997 1 1659
208245 2 587
208261 7 375
208518 1 624
208838 2 1256
208893 1 1630
209828 1 1593
210593 1 1564
210713 1 508
210721 2 556
210897 3 436
210962 1 678
211875 2 457
212203 4 111
212398 2 858
212750 1 1658
213496 1 1627
213809 1 443
213810 8 240
213826 4 515
214623 3 467
214635 2 410
214652 1 1564
214966 31 5123
215459 4 294
215486 1 1523
215502 9 107
215901 3 287
217445 8 430
217457 1 1562
217743 1 425
218185 1 1543
218292 2 555
219193 1 1521
219505 1 2185
219931 3 527
219934 4 530
219972 1 1480
220634 1 118
221624 9 555
221946 1 1549
222703 1 1438
223715 1 141
223781 1 1415
224007 3 435
224052 3 812
224088 2 336
225757 2 362
225769 1 641
227426 1 1427
228176 1 327
228495 1 1351
228724 2 454
228798 2 419
229014 7 3997
229351 1 1303
229748 1 413
230949 1 443
231352 1 132
232094 7 226
232551 4 386
232623 3 1193
232642 1 252
234042 2 1075
235003 8 2829
236942 6 844
237562 3 1202
238058 1 265
238078 4 595
238376 1 470
238892 2 196
239415 1 756
239778 4 1083
240011 1 219
240132 2 229
241816 6 1228
242118 5 359
242683 20 7275
242916 10 19607
243021 3 14242
243249 8 55340
243568 17 51992
243636 8 73383
243698 5 29409
244295 22 43543
244515 96 137580
244752 14 9664
244846 6 32902
244865 3 14342
245075 1 6226
245122 8 20319
245668 18 47659
245722 89 32503
245925 3 10538
246554 4 7838
246558 3 2696
246695 36 65027
246864 3 22526
247153 11 17318
247209 19 48787
247406 11 42749
247469 146 160821
247517 7 40187
247550 75 255154
247672 10 33059
248262 35 21240
248562 50 40310
249076 59 36189
249151 40 38079
249740 60 228328
249904 10 7785
250616 8 37169
251536 7 4051
251946 6 2878
252474 31 81579
252921 23 52519
252986 6 40464
253018 38 331696
253061 5 10802
253593 74 171848
253729 4 21686
253858 1 835
254108 64 174176
254871 6 36421
255417 111 27737
255476 13 44402
255633 14 9645
255634 8 29071
255823 5 21270
255830 33 84137
256043 5 19276
256283 32 34425
256341 3 36933
257344 29 45609
257345 78 89736
257812 32 103213
257865 13 35772
257954 4 3522
258223 4 2558
258225 24 14533
258559 2 52150
258635 8 11890
259235 5 492
260282 3 297
262838 5 459
262854 1 143
264597 1 146
264684 2 506
267035 2 235
271332 2 367
271467 1 296
274132 1 378
276204 3 867
277328 14 240
278112 1 389
278737 4 249
280501 2 117
280738 8 283
280755 38 32241
287565 1 148
289060 1 208
289363 7 379
289364 7 496
289780 4 354
290593 1 625
290594 2 710
290595 1 523
290599 1 639
292027 1 275
292223 4 258
292795 1 357
292905 5 436
295277 1 228
295278 5 446
296850 3 212
297040 33 3409
298664 3 336
298766 1 271
299716 1 301
299920 1 286
302062 5 243
302704 1 436
304879 1 259
304950 10 460
305411 1 302
306103 8 193
306108 1 242
306593 1 426
307620 6 960
308753 2 118
309559 3 482
312297 1 253
313724 4 470
314512 85 52248
314876 1 335
315235 33 740
315240 6 583
316793 1 461
317831 2 144
319566 6 139
321769 3 570
325184 1 196
326317 3 129
327204 1 316
327572 4 233
332441 10 705
334837 1 114
335685 3 312
339140 8 225
339185 1 589
339816 3 199
340186 3 552
342454 1 81
342722 10 768
344616 2 165
346937 8 74
346973 1 84
347662 1 338
347774 7 175
347894 1 108
348649 4 66
350066 3 630
350976 1 459
352003 1 841
352379 10 486
354031 1 161
354537 1 382
354544 8 370
358472 2 130
359341 3 347
360084 13 591
360087 13 642
360273 3 180
361838 1 121
362196 2 272
362319 3 308
363377 7 569
364447 7 614
365478 2 409
367098 2 474
367779 4 612
369146 5 429
371596 9 293
371635 9 256
372757 5 682
372758 12 589
372759 17 634
372764 1 603
372769 2 779
375669 2 184
376625 3 288
378198 5 533
379346 18 766
379602 1 437
379790 1 551
380221 1 243
381084 2 105
381935 1 160
383386 4 198
384169 4 174
387913 2 175
388083 2 222
390222 4 150
390247 7 385
390276 1 223
390528 2 364
392219 4 1158
392414 2 294
393233 2 695
393437 1 168
393601 1 118
394146 4 642
394620 1 153
396234 2 425
396669 1 754
396679 4 464
398305 2 140
403289 3 677
403476 2 232
406024 20 746
407429 7 593
409616 1 171
412978 1 75
413007 2 474
415272 3 125
417712 15 604
417713 7 552
417714 13 652
418934 21 591
419421 8 577
419650 5 428
420329 2 169
420637 1 175
420639 1 222
420704 2 937
421283 6 236
421895 2 382
422592 1 575
422855 2 183
423356 1 584
424197 1 221
425426 5 114
426154 3 216
427718 5 380
427722 4 246
428660 1 343
435231 3 807
435946 6 400
436414 1 316
436845 1 44
436847 7 619
436853 13 585
438266 2 364
438497 1 630
438899 1 358
439169 6 624
440092 3 203
440490 4 434
441556 8 559
441557 14 680
442022 6 335
442276 1 212
442537 1 327
443414 1 152
443415 1 290
443668 2 596
447955 9 509
448320 2 767
449758 5 209
450308 1 199
454594 3 212
455395 6 252
456873 1 396
457519 2 502
457855 2 461
461460 4 555
464106 1 351
465749 5 135
467129 23 630
467133 11 480
468171 1 713
468176 8 582
469207 6 624
470167 1 67
471668 1 429
472334 1 864
473294 3 589
474810 1 171
477019 1 532
477158 8 327
477836 20 668
479387 2 178
483490 5 227
484745 8 567
485101 3 128
485129 10 308
485309 2 260
486958 5 196
487080 5 123
487821 9 787
487879 12 536
487927 10 539
488536 1 78
490386 6 219
491977 1 81
492517 3 376
493064 1 94
493732 15 497
494650 1 503
497561 14 506
497955 1 73
499820 1 76
500135 2 242
506043 2 247
507443 3 94
508567 2 239
510319 4 686
511780 15 787
513690 8 420
516205 1 227
517552 5 281
517949 1 210
518445 12 212
518821 3 298
519098 2 86
521391 18 542
523327 1 252
523543 6 201
