80 2 204
85 1 242
579 3 270
1108 1 277
1755 4 365
1887 2 405
1918 4 537
1932 1 276
1975 3 171
2190 1 389
2751 2 299
2926 2 433
3085 5 262
3384 3 248
3525 4 207
3703 2 573
3964 1 293
3980 1 174
3997 5 508
5609 8 394
5677 2 601
5680 3 636
7379 8 498
7436 2 472
7653 1 290
7949 1 420
8938 1 418
8964 1 449
9068 1 241
10026 3 299
10152 3 480
11120 1 486
12203 1 313
12482 1 514
13682 4 467
13758 1 282
13935 1 506
13980 2 396
14223 1 194
14587 2 129
14773 2 138
14851 2 338
15079 1 360
15702 1 577
15789 3 345
16044 1 407
16163 1 415
16313 1 422
16327 3 338
16486 1 451
16670 1 436
17033 2 323
18415 1 407
18844 1 499
19477 1 238
19878 1 273
19930 1 374
20150 2 303
20237 1 383
20630 1 218
20778 4 266
21111 1 226
21306 1 445
22252 5 398
22643 2 302
23898 1 423
23991 1 313
24123 1 499
24513 2 269
25173 1 333
25274 1 102
25839 1 137
25876 1 292
25918 3 243
27538 1 569
27617 1 634
29342 1 393
29756 1 275
31091 2 209
32390 4 345
32551 5 401
32660 1 502
32865 1 469
33716 3 412
33784 3 506
34363 2 202
35270 1 600
35447 2 384
35798 1 331
35912 1 266
36035 1 223
36223 7 489
36340 4 398
36474 1 259
36784 1 156
36887 2 427
37366 3 184
37431 4 254
37755 1 257
37766 1 301
38361 1 244
38380 4 406
38718 2 404
39743 1 497
40031 1 480
40266 6 338
40825 2 305
41985 1 512
42056 3 389
42372 1 318
43285 3 203
43572 1 263
43732 2 247
43826 4 481
44155 2 281
44286 3 356
44356 5 450
44544 8 455
44607 4 416
44616 2 345
44675 2 655
45353 1 862
45460 3 652
46383 2 133
46448 1 514
47009 1 482
47053 1 340
47054 1 435
47222 1 509
47504 1 444
47670 2 511
47807 2 215
47842 1 613
47873 4 172
48509 3 292
48840 2 229
49027 3 237
49163 3 236
49192 2 123
49277 2 185
49298 2 376
49395 1 499
49468 1 139
49979 3 475
50125 3 263
50155 10 252
50171 2 375
50975 1 182
51239 2 342
51549 3 482
51673 1 528
51716 2 132
51878 1 375
53761 1 263
55131 2 279
55171 2 230
55267 2 459
55821 4 558
56424 1 249
56430 2 442
56574 1 261
56920 1 150
57414 4 164
57695 1 317
57956 1 245
58739 1 225
59005 2 149
59052 2 252
59191 2 454
59468 3 148
59795 1 364
59914 1 167
60458 1 136
60918 1 225
61007 1 161
61299 2 178
62595 2 434
62817 2 301
62871 1 392
62908 1 258
63050 1 217
63336 1 374
63434 2 245
64122 1 440
64208 1 367
64511 3 390
64653 2 246
64755 4 500
64938 2 295
65077 1 378
65401 1 245
65606 2 213
66342 2 294
66346 1 476
66572 1 289
66575 2 295
66763 3 645
67008 2 437
67084 1 171
67311 4 232
68734 1 261
68782 1 325
68885 1 248
68916 4 191
68948 2 374
69039 1 272
69113 1 187
69165 3 306
69443 2 349
69696 1 507
69975 7 381
69980 7 396
70189 2 264
70330 2 333
70389 2 323
70597 3 181
70937 1 363
71029 2 333
71322 4 295
71467 4 355
71749 1 255
71867 1 240
72033 1 204
72054 8 336
72356 3 241
72477 1 139
72773 1 148
73003 1 106
73328 1 291
73653 4 435
73676 3 529
73771 3 474
73819 3 416
73892 4 474
74060 1 413
74088 3 224
74295 2 391
74350 6 258
74612 7 171
75885 1 284
76963 2 442
77140 1 328
77286 2 168
77585 3 329
78157 2 190
78280 3 390
78405 1 368
78517 2 135
79012 1 358
79129 1 349
79267 2 686
79401 1 301
79480 2 261
79482 5 194
79581 12 167
81349 9 1874
85368 18 74892
85481 8 70500
85645 61 153229
85773 13 82661
86034 4 48792
86500 2 1421
88281 1 1381
95159 2 3599
96136 1 20896
99424 42 12847
102315 1 441
104727 1 647
105615 1 375
107181 1 544
107693 2 113
107809 1 520
108397 2 835
108548 1 990
108614 1 518
111369 3 561
112352 1 596
112740 1 131
113195 3 653
113464 1 487
113784 1 563
113987 1 133
114239 1 806
114628 1 594
114743 2 1846
115306 1 575
115682 1 707
115995 1 575
116045 2 514
116130 2 390
116284 1 508
116412 2 495
116414 5 656
116565 1 548
116635 1 466
116800 1 725
117408 1 852
117606 1 929
117680 1 479
117939 1 642
117976 1 537
118449 1 526
119691 3 601
121630 3 894
121811 1 104
121940 3 162
122347 1 715
122481 6 1302
122827 1 426
122880 2 948
122994 1 703
122999 3 488
123297 1 656
123360 1 465
123535 2 1142
123561 1 522
123562 1 479
123644 2 647
123673 11 533
123720 1 1052
123842 2 921
123935 1 422
123951 5 678
124095 6 691
124412 2 855
124434 1 578
124589 3 769
124937 1 411
125497 1 660
125602 2 824
125674 3 442
125755 1 809
125763 1 518
125806 1 655
125862 1 531
126037 1 543
126039 3 893
126332 1 513
126355 1 438
126443 2 491
126533 2 455
126558 1 587
126611 6 911
126691 8 286
126710 26 846
126738 3 449
126808 2 817
126855 3 579
126876 1 694
126936 5 557
126962 1 1116
127020 2 421
127291 1 911
127357 1 597
127644 1 338
127646 1 1441
127744 1 1108
127763 2 443
128132 7 1175
128201 3 257
128213 1 643
128220 1 1091
128244 1 450
128261 1 284
128611 2 205
128643 2 712
128886 1 430
128951 2 427
129057 1 593
129401 1 505
129580 2 93
129905 4 721
130042 2 326
130679 1 529
131245 12 374
131349 1 436
131580 4 414
132538 4 694
132905 2 854
132932 1 498
133065 1 657
133230 1 893
134385 2 468
134642 13 793
135251 1 31
135983 1 734
136697 1 769
137379 2 313
137425 1 478
138403 1 581
141184 1 425
141454 7 492
142693 1 477
143773 2 2706
143834 1 792
144143 2 486
145987 2 1369
146838 1 1777
147809 3 656
151044 1 1554
151943 3 295
152201 1 632
152632 1 790
152752 1 565
152854 2 685
153035 1 500
153215 1 487
153291 2 476
153716 1 489
154914 1 762
156470 1 437
158911 1 656
159186 2 529
159667 1 491
160970 1 440
161123 1 766
161516 1 381
162630 1 437
162687 1 563
163593 3 587
163695 2 643
165043 4 512
165738 1 827
165997 1 325
166252 1 636
166418 2 509
169486 3 1190
170198 1 459
172444 1 391
173223 1 424
174235 4 488
229446 4 129
231483 15 4195
232151 3 2082
232540 5 1093
233419 1 255
234046 1 3770
234313 2 1029
237643 2 604
239764 1 220
240724 1 3230
241002 4 2301
242530 1 187
242659 5 11956
242904 1 7122
243032 1 1101
243402 5 10550
243698 3 29409
244515 22 137580
244882 2 425
244949 5 2717
245065 1 28651
245587 1 140
245588 1 140
246357 1 6957
246695 7 65027
247209 78 48787
247469 6 160821
247550 10 255154
248097 12 16630
248278 1 24167
248562 16 40310
248610 1 211360
248809 6 45708
248816 25 17214
249329 2 41571
249440 2 129
249570 57 33965
249740 6 228328
249815 12 4615
250356 5 5270
250893 9 42856
251085 1 15468
251122 1 90
252154 9 29717
252474 55 81579
252737 6 11869
252921 26 52519
252924 6 17447
252986 38 40464
253018 4 331696
253588 8 13837
253593 153 171848
254108 119 174176
254327 2 867
254497 3 24964
254569 2 12506
254871 33 36421
255084 1 1156
255144 42 25727
256847 6 24054
257812 72 103213
258586 4 7912
258657 2 5008
268597 6 477
268656 3 397
268662 1 419
268663 7 466
269875 3 239
311355 1 64459
311933 6 715
315506 1 25
317254 1 615
325228 1 36
325501 1 29
327892 3 330
331989 1 215
333921 2 53
337072 1 1716
348890 1 172
350690 2 267
355661 2 574
372213 1 49
376887 2 150
377008 1 660
377013 2 656
378111 1 37
379008 1 38
383978 1 32
385020 3 313
386266 1 49
388165 1 614
393913 1 48
394166 5 315
395625 1 382
398805 1 45
402023 2 240
406996 1 49
407212 1 270
409388 3 216
409911 1 51
410225 6 525
413047 1 53
413552 2 321
413575 1 77
413814 1 97
415414 1 224
416611 2 86
419724 1 75
420102 9 442
421725 2 163
425785 2 179
426214 5 258
427134 1 246
435044 1 83
436081 1 229
438574 1 254
440052 8 189
440104 1 60
445077 3 139
445988 10 378
445989 4 669
448901 1 475
456102 3 199
457378 1 163
458801 2 109
462295 1 177
469129 2 287
471811 2 213
472020 2 467
472044 1 122
474055 5 253
476351 6 557
478080 1 649
478435 2 106
487535 3 379
494535 1 40
494975 4 229
496656 1 97
497204 1 48
498217 1 48
498428 1 203
498699 1 44
507677 1 77
508151 3 108
512683 1 191
520385 1 47
521144 2 287
521148 1 41
85 1 242
579 2 270
685 1 277
873 1 315
1108 2 277
1293 3 340
1483 3 231
1763 1 227
2174 3 378
2190 3 389
2385 5 489
2751 6 299
2926 2 433
3071 5 149
3085 3 262
3678 1 126
3703 8 573
3867 1 221
3964 3 293
3980 3 174
5329 6 456
5677 1 601
5680 2 636
6654 12 391
7219 6 249
7436 3 472
7653 2 290
7654 1 308
7812 1 78
8147 2 170
8965 1 319
10039 2 170
10904 15 391
11120 1 486
11184 2 558
12203 2 313
12262 7 141
12482 1 514
12483 1 109
13682 2 467
13934 2 240
13935 2 506
13980 4 396
14773 1 138
15467 2 404
15702 4 577
16017 1 324
16313 1 422
16597 1 111
16670 1 436
17033 6 323
17933 2 195
18415 1 407
18569 1 212
18601 1 228
18844 1 499
19526 7 376
19796 2 385
19846 1 440
19930 1 374
20093 3 260
20114 2 382
20150 2 303
20237 1 383
20630 2 218
21051 1 331
21067 3 516
21364 1 496
21974 1 432
22252 1 398
22415 1 660
22684 1 234
23696 1 271
23889 3 98
23898 1 423
24041 1 242
24119 3 243
24123 1 499
24600 1 441
25157 2 341
25173 1 333
25269 4 459
27617 1 634
27755 5 101
27858 1 210
28059 1 383
28197 1 382
29291 1 360
29342 1 393
29597 1 339
29620 2 121
29716 1 169
29910 2 252
30146 1 290
30237 3 489
30501 2 164
31251 4 350
31260 1 131
31767 2 556
31983 8 463
32390 2 345
32551 2 401
32603 1 511
32865 2 469
32908 1 51
33187 3 93
33716 1 412
33777 1 327
33784 2 506
34363 1 202
35267 1 333
35270 2 600
35799 6 296
35982 1 418
36117 2 283
36306 3 309
36474 1 259
38361 2 244
40266 1 338
40678 1 165
40768 1 283
42056 1 389
42808 4 91
43285 1 203
43572 1 263
43680 4 332
43732 4 247
43739 2 478
43826 4 481
44155 1 281
44286 11 356
44544 1 455
44616 1 345
45353 2 862
45460 1 652
45788 5 113
46238 1 145
46448 5 514
46521 1 300
46691 2 100
47009 1 482
47053 1 340
47054 2 435
47222 1 509
47670 1 511
47687 10 323
47842 7 613
48218 2 416
48509 2 292
48679 1 471
48764 4 443
48840 1 229
49395 1 499
49979 3 475
50050 6 252
50125 1 263
50171 1 375
51239 2 342
51549 1 482
51673 6 528
52382 3 22
53950 1 568
54778 2 113
55002 1 358
55171 1 230
57695 2 317
57956 6 245
58233 11 296
58251 7 90
58739 2 225
59005 1 149
59052 5 252
59191 7 454
59914 2 167
60096 1 53
60343 1 162
60458 1 136
61248 1 66
62595 4 434
62871 1 392
63086 3 163
63126 1 224
63168 1 437
63434 6 245
64122 1 440
64511 10 390
64653 6 246
64755 9 500
64938 3 295
65077 2 378
65401 3 245
66342 2 294
66346 1 476
66450 1 111
66572 2 289
66575 1 295
66686 1 204
66763 1 645
67311 1 232
67872 5 295
68037 4 256
68227 9 329
68623 3 418
68637 4 217
68693 4 243
68734 1 261
68948 7 374
69039 4 272
69113 2 187
69165 6 306
69443 1 349
69696 2 507
69975 1 381
69980 1 396
70090 13 326
70092 8 325
70189 6 264
70597 3 181
71029 1 333
71286 6 91
71467 2 355
71631 4 319
71749 1 255
71854 1 218
71867 1 240
72033 1 204
72356 2 241
73630 1 245
73676 1 529
73819 2 416
73861 17 381
74155 1 142
74295 6 391
74350 1 258
74612 3 171
74667 1 140
75741 1 202
75885 1 284
75999 3 309
76197 1 504
76816 2 514
76963 2 442
77299 3 509
77585 2 329
78099 9 249
78405 3 368
78517 1 135
79012 8 358
79129 8 349
79401 2 301
79482 1 194
79499 2 550
81743 1 17514
85194 1 1327
85368 12 74892
85481 11 70500
85645 112 153229
85773 191 82661
86034 20 48792
86753 176 173871
87795 3 1516
88672 1 3299
89662 1 1189
91303 1 9790
91305 1 14425
91871 1 23431
95159 19 3599
96041 2 32603
96136 2 20896
97550 5 20368
97890 1 13440
99424 54 12847
100739 7 531
100886 1 243
100945 1 447
101651 1 567
103593 1 478
104208 2 489
105329 1 804
105434 10 324
105813 8 464
106356 2 378
106441 10 365
107472 1 481
107693 3 113
108059 1 427
108614 2 518
108945 1 518
109024 1 1253
109032 1 515
109758 1 180
109795 1 355
110120 19 538
110316 19 435
110421 1 477
110803 1 658
111477 15 288
111669 3 492
111796 1 345
112352 4 596
113195 5 653
113464 1 487
113691 1 332
113784 2 563
113987 3 133
114466 1 472
114628 5 594
114899 1 439
115079 1 412
116045 1 514
116284 1 508
116414 1 656
116565 1 548
116617 6 115
116800 1 725
117367 2 330
117385 1 245
117919 1 505
118449 1 526
118891 1 410
119225 1 292
119464 2 177
119746 2 504
120036 1 110
120042 2 213
120816 2 530
121630 2 894
122741 20 489
122827 1 426
122994 1 703
123158 1 580
123297 2 656
123327 2 846
123360 1 465
123440 3 478
123720 1 1052
123951 1 678
124056 1 1214
124310 1 419
124937 2 411
125063 2 686
125494 9 523
125595 1 468
125607 1 363
125629 1 509
125763 2 518
126021 1 345
126332 4 513
126584 2 808
126738 2 449
126808 1 817
126855 1 579
126936 1 557
126962 2 1116
126967 4 512
127039 2 1202
127410 1 601
127646 1 1441
127723 1 99
127728 1 110
127744 1 1108
127843 6 177
128132 1 1175
128261 3 284
128465 2 118
128471 3 535
128492 1 539
128702 1 501
129434 11 3012
130147 1 642
130346 9 125
130563 18 520
130652 1 473
130679 2 529
130800 10 444
131245 1 374
131580 3 414
132220 2 445
132357 1 142
132538 3 694
132660 5 142
132976 9 913
133038 1 487
133120 1 710
133712 1 209
133715 3 428
134482 1 476
135148 1 499
135194 8 642
135482 1 282
135608 4 527
135694 1 492
135915 3 176
136406 1 424
136697 1 769
136775 2 466
138403 1 581
138419 1 593
138677 1 534
138963 2 153
139378 2 474
141184 2 425
141707 1 283
142693 1 477
143014 4 1583
143098 2 500
143462 1 298
144143 1 486
144583 2 508
144628 2 1328
144698 1 435
145486 1 411
145987 1 1369
146456 1 259
146803 5 555
147224 1 632
147809 2 656
147993 1 667
148116 1 446
148833 1 191
148895 1 1577
149561 1 453
149784 2 156
151044 6 1554
151133 2 504
151832 1 676
152185 1 466
152676 1 466
152752 1 565
153215 1 487
153243 1 441
153671 1 179
153716 1 489
154417 6 334
154785 2 629
154914 1 762
155201 3 899
155212 1 1238
155546 1 317
155606 3 489
156470 2 437
156778 1 583
156804 1 456
157994 2 429
158508 1 321
159667 2 491
160047 1 517
160668 2 76
161123 1 766
161199 1 669
161210 1 1310
161238 2 230
161516 8 381
161719 1 68
162065 1 854
162455 3 466
162861 1 391
163363 2 474
163594 1 1165
164184 1 72
164794 1 600
165030 1 808
165319 3 830
165518 16 581
165738 1 827
165997 1 325
166016 1 477
166018 3 117
166154 4 443
166328 14 561
166418 2 509
166996 1 531
168286 1 431
168392 3 352
168607 2 654
169486 4 1190
171030 3 559
171645 1 641
171933 7 337
172444 1 391
172465 5 408
173161 2 498
173223 1 424
230959 2 200
231483 3 4195
232151 1 2082
232540 3 1093
234313 9 1029
235011 3 1130
236351 1 1732
237085 1 223
237098 2 339
237643 2 604
238652 1 506
239764 11 220
240206 2 1210
240343 1 293
241885 3 1374
242354 15 703
242659 1 11956
242895 3 17086
242904 10 7122
242955 1 34181
243248 169 97794
243327 31 8333
243402 4 10550
243698 1 29409
244295 3 43543
244515 16 137580
244882 1 425
245065 2 28651
246220 160 47306
246695 6 65027
246847 2 1047
247469 67 160821
247517 63 40187
247550 32 255154
248064 2 129
248097 15 16630
248278 4 24167
248397 10 14321
248562 17 40310
248610 5 211360
249181 3 9111
249329 8 41571
249570 6 33965
249740 51 228328
249815 9 4615
250197 1 1121
250356 4 5270
250533 37 14895
250637 3 3671
250893 52 42856
251085 11 15468
251536 7 4051
251756 1 19516
252154 1 29717
252474 12 81579
252737 14 11869
252921 13 52519
252924 19 17447
252986 4 40464
253018 67 331696
253067 168 104143
253259 27 26507
253588 11 13837
253593 30 171848
253661 62 22094
254067 1 832
254108 12 174176
254240 48 25265
254569 43 12506
254611 19 11669
254871 1 36421
254924 25 23861
255084 1 1156
255289 167 51128
255308 5 2509
255476 4 44402
255538 5 16755
256535 32 14359
256604 1 37731
256617 1 486
256847 4 24054
257256 2 336
257812 7 103213
258485 22 13912
258488 5 9986
258559 184 52150
258585 2 1622
258657 2 5008
268597 9 477
268656 4 397
268662 4 419
268663 1 466
302446 3 296
304615 10 424
311355 1 64459
311933 9 715
313775 1 645
317254 1 615
320344 1 241
324068 1 678
325624 2 671
325723 1 35
327313 1 33
327892 2 330
328242 1 35
328250 1 35
333921 2 53
334245 2 41
337410 1 102
337617 1 119
341193 1 29
342090 1 443
347507 1 604
358665 1 215
368771 7 509
385020 1 313
388588 1 153
389929 1 1437
391607 1 191
394166 2 315
402023 2 240
404475 1 476
410738 1 126
413552 1 321
413814 1 97
415414 2 224
419724 1 75
420102 2 442
420971 1 647
422453 1 455
425785 1 179
426214 1 258
426216 2 239
433099 2 48
437231 2 65
439058 1 316
439060 2 630
443709 1 606
443828 1 1178
444783 6 173
445077 1 139
445988 1 378
445989 1 669
449666 1 39
451311 1 57
452744 1 563
453072 11 211
453784 1 73
456102 1 199
462295 1 177
463863 1 47
466793 2 49
469129 2 287
469866 1 101
470664 1 499
471811 1 213
472020 2 467
476289 2 466
476351 1 557
478435 1 106
482110 2 229
485596 2 49
487535 2 379
488137 1 80
488857 1 173
494975 1 229
496095 1 145
496656 1 97
497204 1 48
498408 1 118
507133 1 808
521148 2 41
522342 5 167
522879 1 57
80 1 204
85 1 242
101 1 508
234 2 227
452 2 183
685 2 277
1860 1 253
2174 1 378
2190 1 389
2751 1 299
2926 1 433
3192 3 323
3525 1 207
3678 3 126
3936 1 258
4387 2 164
5677 3 601
5680 4 636
7379 1 498
7654 1 308
7812 1 78
7949 1 420
8759 1 283
8964 4 449
8965 1 319
9068 1 241
11192 3 468
12482 3 514
12824 2 520
12904 5 115
13682 1 467
13935 2 506
13980 1 396
14699 2 501
15079 1 360
15702 1 577
16054 1 456
16313 1 422
16486 1 451
16606 1 552
16670 1 436
16717 1 278
16991 1 605
17017 1 481
18569 2 212
18844 1 499
19796 4 385
19846 2 440
19930 11 374
20038 2 342
20093 1 260
21051 1 331
21067 1 516
21111 1 226
21974 1 432
22415 1 660
22565 2 112
22643 2 302
23635 2 296
23696 3 271
23999 1 283
24123 1 499
24160 2 373
25209 1 360
27461 1 212
27538 1 569
27979 1 426
28059 2 383
28197 2 382
29597 1 339
29689 1 602
29756 2 275
29776 4 714
30602 1 181
30902 1 411
31251 1 350
31767 1 556
31983 1 463
32865 1 469
33187 1 93
33548 2 398
33716 1 412
33784 2 506
34209 1 65
35267 1 333
35270 5 600
35798 1 331
35982 1 418
36306 1 309
36887 5 427
38380 3 406
39635 1 377
39970 1 182
40031 1 480
40316 1 263
40678 2 165
41156 1 372
41754 1 437
42055 2 306
42056 1 389
43385 2 233
43826 1 481
43907 1 443
44155 1 281
44243 5 172
44261 5 276
44262 1 440
44356 2 450
44544 2 455
44607 1 416
44675 2 655
44788 1 205
45353 1 862
46131 1 421
46383 2 133
46521 1 300
47807 1 215
48487 1 185
48679 2 471
48764 1 443
50872 3 470
51476 3 114
51774 6 331
51878 8 375
52991 1 202
53950 1 568
54778 4 113
55394 1 539
56920 1 150
56958 1 172
57137 1 413
57139 1 458
57331 1 417
57414 4 164
59181 5 300
60918 1 225
62595 1 434
62817 3 301
64122 3 440
64208 2 367
65108 1 296
65300 1 558
66686 1 204
67325 1 139
67872 1 295
68037 2 256
68227 1 329
68637 1 217
68693 1 243
70374 1 392
71631 1 319
71749 2 255
71854 1 218
72033 2 204
73003 1 106
73653 1 435
73819 2 416
73892 1 474
74060 2 413
74142 2 443
74350 3 258
74612 1 171
74667 1 140
75320 1 93
75741 4 202
75885 1 284
75999 1 309
76197 1 504
76816 1 514
77140 2 328
77286 1 168
78442 1 519
79123 6 301
79240 4 350
79267 3 686
79401 5 301
79499 1 550
80843 66 27078
80845 41 33722
80850 11 2199
80981 15 247
81156 24 438
81349 2 1874
81447 5 202
81614 57 3858
81758 1 27189
82669 12 8402
82770 15 258
82904 2 36
82905 56 2075
83210 20 316
83424 2 36
83425 56 2075
83930 10 1407
84599 16 1020
84829 14 267
84884 3 543
84943 13 3235
85194 5 1327
85316 4 245
85368 24 74892
85481 41 70500
85645 67 153229
85655 77 2878
85663 212 21435
85773 15 82661
85802 34 5190
86034 22 48792
86087 1 465
86423 11 221
86500 8 1421
86753 5 173871
86779 5 694
87301 13 296
87395 7 2356
87396 5 798
87404 21 281
87474 12 1400
87492 8 955
87519 8 1105
87685 18 876
87795 28 1516
87873 5 348
88049 3 175
88168 23 6506
88170 12 1467
88281 6 1381
88321 40 15824
88672 1 3299
89662 4 1189
89912 24 4714
90031 27 489
90077 3 197
90790 5 1241
90993 58 7033
91303 19 9790
91305 25 14425
91636 3 172
91849 4 1088
91871 1 23431
91954 16 313
92015 8 1513
92032 10 951
93716 18 1159
94377 8 162
95390 48 7502
95708 8 1022
96027 67 30491
96041 142 32603
96136 40 20896
96154 81 18583
96160 26 1062
96317 51 5638
96430 5 719
96431 17 896
96702 21 7840
96948 17 4941
97258 3 1762
97270 94 15338
98184 14 4676
98443 3 384
98687 13 251
99055 44 4509
99322 20 285
99424 2 12847
99665 14 245
100623 4 733
100739 1 531
100837 2 36
100886 1 243
100945 1 447
101201 2 108
101279 3 150
101436 1 133
101597 8 256
101673 2 109
101748 1 127
101827 7 639
102515 3 77
102599 1 1232
103059 26 711
103395 2 972
103807 1 477
104211 2 56
105329 3 804
105434 1 324
105615 2 375
106331 1 484
106342 8 125
107158 2 53
107181 1 544
107472 2 481
107721 2 658
107734 11 264
107809 1 520
108273 2 125
108345 1 968
108397 2 835
108945 2 518
109024 4 1253
109032 1 515
109619 3 112
109848 1 336
110078 1 301
110421 1 477
110460 1 72
110584 6 143
110891 2 768
111100 1 190
111669 1 492
111974 1 352
112863 18 763
113066 2 86
113464 1 487
114185 5 74
114279 1 730
114280 2 1589
114377 1 808
114384 4 147
114466 1 472
114487 2 89
114518 1 52
114699 2 721
114741 5 1041
114743 1 1846
114899 1 439
115577 3 161
115995 1 575
116130 1 390
116219 1 762
116414 1 656
116927 1 984
117055 1 446
117281 2 510
117367 1 330
117408 1 852
118891 1 410
119011 2 526
119360 8 522
119423 2 51
120017 5 328
120445 22 743
120650 2 50
121004 3 66
121630 4 894
122347 2 715
122481 1 1302
122500 1 286
122825 2 47
122978 3 68
122984 1 600
122994 1 703
123119 16 431
123297 1 656
123379 3 642
123383 1 564
123535 2 1142
123558 2 1017
123589 1 54
123644 1 647
123720 3 1052
123793 1 766
123886 1 255
123935 1 422
124045 1 750
124048 6 114
124056 2 1214
124088 2 506
124156 6 120
124279 1 685
124412 5 855
124614 1 635
124746 1 672
124967 1 749
125453 2 910
125595 1 468
125607 2 363
125755 1 809
125862 2 531
126053 2 120
126209 1 736
126533 1 455
126611 2 911
126808 1 817
126855 1 579
126876 2 694
126891 1 518
126962 5 1116
126967 1 512
127026 1 445
127039 1 1202
127195 5 275
127291 1 911
127646 1 1441
127722 3 297
127728 1 110
127799 2 863
127881 2 143
127886 1 90
128132 1 1175
128133 1 663
128184 2 328
128213 1 643
128220 1 1091
128471 1 535
128481 1 75
128761 4 922
128868 2 756
128886 1 430
128949 3 477
128951 2 427
129057 4 593
129191 1 467
129401 1 505
129434 1 3012
129593 1 1035
129691 4 409
129798 1 436
130046 3 177
130147 1 642
130336 4 329
130452 4 140
130679 1 529
130800 1 444
130957 9 940
131379 1 490
131443 3 1426
132067 2 439
133120 4 710
133222 2 585
133230 16 893
134310 1 639
134331 1 459
134467 1 42
134530 2 54
134535 1 785
134623 3 512
135107 7 645
135386 3 393
135608 1 527
135786 2 866
135831 1 219
135911 1 726
135983 1 734
135991 7 816
136058 7 198
136232 10 339
136463 1 559
136697 1 769
137199 2 63
137474 1 52
137734 2 167
138403 8 581
138419 2 593
139007 6 635
139950 3 89
140200 1 158
140267 7 269
140352 1 346
140664 2 672
141202 1 635
141454 1 492
141645 2 68
141673 1 392
141967 3 535
142046 2 614
142610 4 537
142653 4 244
142678 6 124
143046 6 164
143098 3 500
143121 1 1162
143340 2 55
143840 2 1279
144153 1 457
144310 5 613
144583 1 508
144589 2 173
145987 2 1369
146284 4 109
146413 4 127
146838 3 1777
147290 9 338
147402 4 172
147494 1 555
147809 1 656
147993 1 667
148033 2 697
148464 8 255
148580 2 140
148866 3 82
148895 1 1577
149561 1 453
149874 5 127
150767 33 2029
151166 2 352
151471 5 169
151554 5 659
151832 1 676
151881 6 941
151942 5 1187
152185 2 466
153035 1 500
153043 2 71
153292 1 539
153605 4 100
153662 3 650
153671 6 179
153797 1 440
154221 5 653
154417 1 334
154572 2 76
154801 14 682
154914 1 762
155212 3 1238
155387 1 712
155995 1 156
156129 1 958
156268 2 80
156766 2 68
156772 1 465
157339 1 635
157994 1 429
158855 1 430
159449 1 663
159585 5 254
159651 1 104
159949 13 349
159987 3 67
160251 7 369
160302 1 650
160659 4 309
160711 3 693
160928 12 629
160970 1 440
161123 2 766
161199 2 669
161492 2 746
161697 1 711
162074 3 672
162861 1 391
162910 1 456
162925 4 146
163388 2 639
163399 5 187
164005 5 172
164085 1 1074
164093 2 154
164130 7 173
164412 2 735
164794 1 600
165258 2 77
165738 1 827
165964 5 681
165997 1 325
166016 2 477
166154 1 443
166252 1 636
166352 1 866
166418 1 509
166996 4 531
167012 1 479
167659 1 358
168286 2 431
169035 4 119
169090 2 101
169391 1 197
169486 1 1190
170127 1 92
170198 1 459
170225 7 321
170883 10 196
170886 10 354
171771 5 125
171775 5 715
172347 14 592
172609 2 605
173226 1 151
173264 4 725
173616 2 63
173691 1 838
173941 1 158
174240 4 151
174298 1 1660
202448 32 422
204458 21 491
206552 3 1859
209894 1 108
225769 1 641
230959 1 200
231483 2 4195
231776 33 1570
232151 4 2082
232540 1 1093
232718 5 1809
233125 1 275
233470 4 1072
234046 4 3770
234313 1 1029
234791 1 1369
234841 18 944
235011 1 1130
235497 3 501
235525 1 448
236351 4 1732
237085 5 223
237098 5 339
237267 4 143
237367 13 448
237540 4 212
237643 3 604
238164 13 543
239072 4 370
239133 1 327
239747 21 646
239764 1 220
240206 3 1210
240343 1 293
240724 5 3230
241002 1 2301
241082 6 401
241702 8 624
241885 2 1374
241895 1 284
242148 4 418
242273 24 724
242410 7 256
242659 2 11956
242895 34 17086
242904 12 7122
242955 296 34181
243032 3 1101
243248 40 97794
243402 2 10550
243420 102 2082
243698 28 29409
244181 1 81
244293 21 2142
244295 177 43543
244515 32 137580
244742 2 48422
244882 1 425
245065 7 28651
245122 17 20319
245528 3 7626
246023 22 5175
246220 11 47306
246357 2 6957
246695 1 65027
246815 14 1181
246847 2 1047
246968 1 37
247209 19 48787
247469 127 160821
247517 1217 40187
247550 94 255154
247777 35 2171
247942 43 6539
248097 2 16630
248278 5 24167
248562 7 40310
248610 48 211360
248809 12 45708
248816 39 17214
249045 54 2118
249181 169 9111
249329 6 41571
249570 36 33965
249740 112 228328
249815 7 4615
250000 17 2488
250356 8 5270
250533 449 14895
250617 10 10069
250637 1 3671
250893 4 42856
251085 6 15468
251485 160 29531
251536 42 4051
251539 68 2947
251634 1 114
251756 273 19516
251954 33 2268
252154 17 29717
252474 59 81579
252696 103 4155
252737 5 11869
252921 33 52519
252924 6 17447
252986 134 40464
253018 4 331696
253067 42 104143
253259 278 26507
253527 46 1176
253528 52 2000
253588 15 13837
253593 127 171848
253929 121 2945
253932 17 1582
253933 20 1568
254067 2 832
254080 3 399
254108 139 174176
254240 275 25265
254497 11 24964
254611 103 11669
254871 30 36421
254924 690 23861
255084 2 1156
255125 14 746
255144 9 25727
255227 53 4751
255289 11 51128
255308 12 2509
255476 232 44402
255538 298 16755
256043 127 19276
256527 13 385
256535 453 14359
256604 560 37731
256605 112 11662
256617 1 486
257812 64 103213
257862 95 7925
258278 104 5927
258485 3 13912
258559 12 52150
258585 22 1622
258586 5 7912
258657 12 5008
258785 36 3075
259449 3 287
259451 4 509
260416 15 243
261128 3 603
261609 3 380
261673 7 569
261676 5 354
261679 9 375
261885 8 633
261888 3 499
262363 9 453
264388 6 559
264390 2 449
264402 2 506
264441 7 389
266675 12 268
269891 16 253
270358 7 288
272143 5 433
272379 3 212
273609 3 584
276131 1 273
276132 2 516
276706 6 252
277159 2 476
277279 11 317
277280 7 463
277283 9 552
277284 4 515
277285 13 370
277287 13 434
277592 3 306
277593 11 594
277744 17 223
278546 19 268
279795 6 261
279823 34 451
280191 23 642
280193 15 402
280194 12 463
280197 1 190
280198 20 383
280199 20 258
280852 4 446
280854 8 476
280858 8 292
281061 1 146
281098 14 238
281221 8 603
281942 12 296
282784 29 527
282786 9 255
282929 15 211
283219 15 451
285393 2 259
285650 7 450
285651 8 385
285652 3 387
285653 3 112
286930 1 181
286948 16 275
288869 2 641
289625 34 593
289987 4 484
290842 20 276
291978 3 437
291985 1 284
293296 9 641
293732 3 195
293733 9 196
295106 9 626
295118 7 493
295121 6 310
295610 10 411
296191 24 743
297938 7 391
298559 27 314
299132 7 441
299137 3 215
299144 3 293
299145 8 300
299146 2 184
299147 3 391
299149 7 607
299151 3 396
299153 2 297
299767 13 258
301552 11 190
303233 5 443
303238 2 399
304133 6 187
304839 4 437
304928 3 376
305334 1 410
305397 7 348
307977 3 656
308439 14 351
308601 3 297
308603 3 575
308605 2 143
309465 2 365
309466 4 393
311355 36 64459
312248 6 421
312320 5 732
312907 3 200
312908 4 381
313587 2 579
313775 34 645
313782 6 655
314512 29 52248
316724 14 657
317642 1 262
318202 1 196
318774 2 564
321780 2 160
324068 2 678
324653 1 197
325624 15 671
327117 2 181
330223 1 280
331989 2 215
334444 4 128
337547 1 289
337617 1 119
339186 5 597
342090 1 443
344142 1 210
345178 1 148
345328 2 339
346938 2 42
347507 3 604
349079 1 480
354699 12 368
354851 3 414
356543 1 445
357885 1 761
358903 6 158
360337 6 423
361517 1 92
361724 1 120
363543 1 278
364975 1 206
366628 2 31
367574 1 489
368771 1 509
372679 1 350
373252 2 457
373307 2 247
373632 1 368
376887 1 150
378751 2 361
384622 1 477
385020 1 313
385100 1 82
385457 2 255
386018 1 238
387424 13 613
388726 6 231
389929 7 1437
399896 4 669
404475 3 476
407865 1 394
410552 4 572
415333 7 140
417087 2 373
420971 4 647
422453 2 455
425867 4 169
426216 1 239
427134 1 246
428304 8 187
429647 1 161
430008 7 105
430450 1 146
431914 1 176
432305 4 201
432315 4 298
433718 2 108
434808 8 727
436081 1 229
443709 2 606
443828 5 1178
445077 1 139
445463 18 364
445989 2 669
447338 6 253
448901 4 475
451753 2 505
452744 13 563
456102 1 199
457378 3 163
458087 1 237
459191 1 72
462295 1 177
463806 1 83
464275 1 169
466801 1 398
467641 2 388
468945 1 139
469129 3 287
471836 1 189
473115 16 738
476289 3 466
477821 2 183
483411 2 813
484783 1 137
486163 1 237
496399 1 765
496656 1 97
497424 3 85
498051 2 463
499704 3 624
500428 1 319
500486 33 529
502900 32 743
506498 2 158
507133 1 808
508039 6 287
510903 7 272
513074 3 234
514698 1 135
518629 3 938
518630 3 788
519151 1 83
521144 1 287
101 1 508
234 4 227
452 2 183
579 1 270
685 1 277
1483 1 231
1860 8 253
1932 1 276
1975 1 171
3192 3 323
3525 1 207
3703 1 573
3936 1 258
4387 2 164
5680 1 636
7219 1 249
7266 1 242
7436 1 472
7653 1 290
7654 1 308
8147 1 170
8490 1 249
8759 1 283
8938 1 418
8964 4 449
8965 2 319
10152 2 480
11120 2 486
11192 23 468
12751 22 253
12824 1 520
12904 10 115
14954 15 633
15079 1 360
15702 1 577
15789 8 345
15833 10 417
16040 10 236
16044 11 407
16163 14 415
16266 16 321
16313 2 422
16317 18 294
16327 8 338
16486 4 451
16573 17 492
16597 1 111
16606 9 552
16670 3 436
16717 7 278
16975 1 136
16991 5 605
17017 5 481
17933 7 195
18290 13 276
18513 6 99
18569 4 212
18601 2 228
18844 1 499
19090 8 98
19796 1 385
19846 1 440
20038 1 342
20093 2 260
20114 3 382
21051 3 331
21111 4 226
21306 11 445
21458 1 443
21974 2 432
22415 1 660
22565 2 112
22621 3 75
22643 2 302
23635 1 296
23889 5 98
23999 3 283
24041 1 242
24119 1 243
24157 1 436
24160 1 373
24600 1 441
25209 1 360
27461 1 212
27538 1 569
27570 1 144
27617 1 634
27979 1 426
28024 2 333
28059 2 383
28197 2 382
28271 4 75
28287 6 142
28290 7 105
28299 6 225
28349 1 173
28502 2 514
28870 10 211
28967 13 406
29246 13 457
29291 4 360
29342 6 393
29527 12 352
29587 10 527
29597 1 339
29620 7 121
29656 2 169
29675 12 578
29689 3 602
29716 6 169
29756 2 275
29775 3 702
29776 4 714
30146 12 290
30237 4 489
30489 6 252
30584 12 307
30902 1 411
31091 1 209
31216 4 114
31251 1 350
31260 8 131
31341 6 73
31482 1 405
31767 1 556
32603 5 511
32660 7 502
32908 2 51
33548 3 398
34079 1 131
34154 2 125
34363 1 202
34517 1 138
35023 1 148
35267 8 333
35270 7 600
35447 4 384
35513 9 240
35792 1 520
35798 1 331
36035 4 223
36223 1 489
36306 1 309
36474 1 259
36887 3 427
37366 1 184
37431 1 254
37755 1 257
37766 1 301
38380 1 406
38562 4 199
38796 6 135
39635 1 377
39743 2 497
39970 1 182
40031 1 480
40246 5 124
40316 1 263
40768 2 283
41156 1 372
41629 1 299
41754 3 437
42055 8 306
42265 1 440
43385 9 233
43680 3 332
43739 2 478
43907 29 443
44243 1 172
44261 1 276
44262 1 440
44356 2 450
44516 1 236
44544 1 455
44607 1 416
44616 1 345
44675 1 655
44788 1 205
45353 1 862
45460 2 652
46238 3 145
46714 4 260
46779 4 234
47009 1 482
47053 1 340
47054 1 435
47222 1 509
47432 5 383
47469 13 476
47504 8 444
47670 3 511
47807 1 215
48218 2 416
48487 2 185
48679 1 471
48682 19 494
48764 2 443
49027 1 237
49163 1 236
49277 3 185
49395 1 499
49468 3 139
51476 4 114
51569 2 394
51771 1 297
51774 2 331
51804 3 406
51878 1 375
52991 11 202
53057 3 305
53950 16 568
55002 6 358
55131 2 279
55394 1 539
55468 1 117
55906 1 332
56362 23 413
56424 1 249
56430 1 442
56574 1 261
56885 14 364
56920 2 150
56958 2 172
57137 1 413
57139 1 458
57331 1 417
57956 1 245
58064 1 122
58438 5 69
58688 1 216
59141 16 329
59181 2 300
59236 3 58
59617 1 178
59795 1 364
59859 1 184
60343 2 162
60494 5 569
60918 1 225
61007 1 161
61248 4 66
61299 1 178
62908 1 258
63050 1 217
63126 2 224
63168 1 437
63336 6 374
63506 11 126
63738 4 45
63974 2 239
64208 5 367
64755 1 500
64938 1 295
64961 13 291
64990 10 324
65108 1 296
65300 1 558
65630 13 280
66342 1 294
66572 1 289
66686 2 204
67084 1 171
67325 1 139
68623 2 418
68885 1 248
68916 2 191
68948 5 374
69039 1 272
69165 2 306
69443 1 349
69975 1 381
69980 1 396
70374 12 392
71631 1 319
71854 1 218
72477 1 139
72946 6 121
73003 1 106
73630 1 245
73633 5 85
73653 1 435
73676 1 529
73771 1 474
73892 1 474
74060 2 413
74088 1 224
74142 1 443
74252 8 130
74350 3 258
74612 1 171
74667 1 140
75320 3 93
75525 4 58
75885 2 284
75999 1 309
76197 4 504
76816 4 514
76954 1 323
77286 1 168
77299 1 509
77585 1 329
77771 1 53
78405 1 368
78442 4 519
78974 18 298
79012 1 358
79123 17 301
79129 1 349
79240 20 350
79267 11 686
79268 2 217
79499 4 550
80843 1 27078
80850 2 2199
80981 3 247
81156 3 438
81349 1 1874
81447 7 202
81614 89 3858
81743 451 17514
81758 748 27189
82668 2 40
82669 81 8402
82770 3 258
82904 2 36
82905 30 2075
83210 1 316
83424 2 36
83425 30 2075
83930 37 1407
84598 2 37
84599 24 1020
84829 3 267
84884 10 543
84943 2 3235
85194 8 1327
85316 5 245
85368 2 74892
85372 27 771
85481 3 70500
85645 15 153229
85655 37 2878
85663 3 21435
85773 8 82661
85802 51 5190
86034 1 48792
86087 9 465
86423 4 221
86500 4 1421
86753 14 173871
86779 14 694
87301 3 296
87395 13 2356
87396 21 798
87404 1 281
87474 33 1400
87492 27 955
87519 11 1105
87685 23 876
87795 7 1516
87873 4 348
88049 9 175
88168 149 6506
88170 36 1467
88281 19 1381
88321 72 15824
88672 1 3299
89662 8 1189
89912 55 4714
90031 5 489
90077 1 197
90790 17 1241
90993 2 7033
91303 70 9790
91305 245 14425
91636 8 172
91849 7 1088
91871 162 23431
91954 3 313
92015 24 1513
92032 4 951
93716 47 1159
95390 201 7502
95708 19 1022
96027 5 30491
96041 184 32603
96136 33 20896
96154 163 18583
96160 29 1062
96317 2 5638
96430 14 719
96431 15 896
96701 6 48
96702 158 7840
96948 70 4941
97270 161 15338
97550 137 20368
97890 212 13440
98183 2 35
98184 175 4676
98443 6 384
98687 3 251
99055 99 4509
99322 1 285
99665 3 245
100884 1 42
100886 1 243
100945 1 447
101413 6 104
101436 2 133
101827 4 639
101955 4 60
102290 6 157
102497 2 67
102599 1 1232
102933 4 192
102944 2 57
103001 3 74
103664 8 133
103932 3 96
104495 2 56
104540 3 78
104849 3 61
105202 2 104
105576 4 109
105895 11 257
106514 4 107
107408 1 44
107447 1 84
107704 4 74
108059 1 427
108273 1 125
108397 3 835
108481 3 54
108872 5 132
108970 2 103
109024 2 1253
109234 5 105
109758 1 180
109958 2 71
110318 2 54
110364 5 68
110390 7 129
110503 11 250
110584 1 143
110600 6 65
110803 1 658
110811 1 60
110891 6 768
111000 13 225
111072 14 208
111243 6 747
111545 5 104
111783 2 90
111796 3 345
111838 6 114
112293 7 233
112785 6 101
112989 2 72
113360 2 66
113529 20 1323
113960 7 188
114037 1 54
114466 1 472
114487 1 89
114699 2 721
114741 5 1041
114743 1 1846
115268 7 59
115448 3 52
115680 3 90
115912 1 38
116130 1 390
116326 3 43
116387 4 81
116426 2 58
116512 3 99
116870 7 108
116979 7 209
117367 2 330
118119 3 164
118120 13 821
118669 1 526
118923 2 601
119101 3 99
119160 4 67
119340 4 67
119360 1 522
119420 5 109
119510 1 526
119628 4 92
119933 14 244
120017 1 328
120050 2 69
120137 1 37
120721 2 61
120744 4 69
120759 3 118
120976 4 63
122308 3 49
122500 1 286
122588 4 54
122595 6 123
122932 3 123
122985 2 982
123119 25 431
123297 4 656
123528 3 83
123589 1 54
124056 1 1214
124412 2 855
124614 1 635
124706 6 128
124879 5 141
124937 1 411
125130 1 108
125158 4 49
125267 2 219
125450 6 70
125497 1 660
125629 13 509
126127 9 812
126209 1 736
126635 4 73
126891 2 518
126962 2 1116
126975 4 114
127026 1 445
127039 3 1202
127195 1 275
127346 3 76
127410 1 601
127646 1 1441
127671 1 464
127716 4 90
127722 15 297
127744 1 1108
127799 1 863
127886 1 90
128103 4 41
128133 1 663
128184 7 328
128201 1 257
128220 2 1091
128241 1 239
128322 2 788
128471 1 535
128636 2 50
128701 4 704
128868 1 756
129108 16 539
129401 1 505
129552 2 71
129593 1 1035
129691 1 409
129798 1 436
129887 11 492
130073 2 95
130845 6 127
130899 2 74
130944 1 55
131107 10 308
131310 1 918
131379 1 490
131385 6 148
131442 7 83
131443 1 1426
132067 3 439
132214 9 517
132220 1 445
132238 4 232
132357 1 142
132421 4 64
132507 5 153
132514 9 184
133038 1 487
133056 3 88
133120 3 710
133391 4 150
133566 3 101
133573 11 368
133575 2 404
133712 7 209
133947 1 538
134065 4 91
134197 9 167
134286 7 525
134310 16 639
134331 1 459
134623 1 512
134628 6 115
135006 3 366
135454 2 81
135589 9 253
135729 17 500
135778 3 61
135786 1 866
135911 1 726
135991 1 816
136094 2 544
136267 5 103
136463 1 559
136519 8 352
136697 1 769
136775 1 466
136877 3 51
137425 1 478
137967 3 76
138235 3 77
138677 1 534
138954 1 489
139007 27 635
139093 9 444
139260 2 79
139364 5 141
140460 13 367
140519 4 117
140647 5 83
140664 7 672
141378 4 93
141673 17 392
141967 6 535
142046 1 614
142359 4 127
142362 3 61
142610 3 537
142944 6 82
143014 1 1583
143189 3 76
143392 7 233
143430 5 606
143594 6 136
143663 3 139
143709 5 100
143840 1 1279
143880 11 861
144174 3 123
144310 3 613
144428 3 109
144609 2 73
144613 12 651
145250 7 152
145332 18 551
145765 4 145
145771 7 377
145780 3 214
146494 6 214
147080 4 119
147224 2 632
147290 1 338
147494 1 555
147993 3 667
148033 1 697
148071 6 106
148291 1 121
148464 1 255
149387 2 41
150018 2 72
150265 3 70
150378 5 139
150749 8 223
150767 1 2029
151250 3 107
151485 7 297
151832 1 676
151942 59 1187
152203 6 227
152245 7 112
152375 3 1133
152519 2 358
152854 2 685
152980 4 102
153035 1 500
153243 1 441
153267 1 102
153294 2 56
153315 6 149
153333 8 152
153797 1 440
153969 7 118
154192 8 115
154195 2 66
154221 1 653
154321 5 143
154694 5 82
154955 6 132
154982 7 134
155212 1 1238
155387 1 712
155497 5 106
155546 1 317
156129 1 958
156142 7 348
156313 2 671
156366 6 150
156470 1 437
156772 1 465
156810 9 173
157189 1 159
157319 4 101
157341 3 94
157674 3 92
157696 5 97
157762 5 731
157938 8 149
158180 3 137
158542 3 75
158855 3 430
158920 2 53
159186 1 529
159446 8 295
159585 1 254
159592 7 122
159651 7 104
159949 2 349
160099 3 113
160711 2 693
161003 2 74
161062 9 259
161492 1 746
161555 1 64
162687 1 563
162861 1 391
162886 5 130
162925 1 146
163353 10 257
163746 6 160
163820 1 81
163824 6 71
164085 2 1074
164093 2 154
164231 5 130
164412 2 735
165206 2 460
165738 11 827
165764 5 105
165964 2 681
166174 5 112
166205 4 143
166352 16 866
166634 9 284
167042 3 64
167659 7 358
168286 3 431
168447 3 142
168494 14 318
168689 3 96
168713 5 119
168832 5 158
169387 3 75
169391 6 197
169857 4 188
170127 1 92
171104 5 152
171334 4 172
171645 13 641
171718 5 153
171775 2 715
172006 5 151
172459 7 90
172560 7 190
172609 1 605
172811 3 72
172920 3 648
173161 1 498
173195 5 119
173226 6 151
173401 4 133
173691 1 838
173941 6 158
173964 2 189
174298 4 1660
199394 21 338
206552 1 1859
209894 1 108
230959 2 200
231776 91 1570
232018 1 273
232151 5 2082
232718 1 1809
233125 1 275
233373 1 379
233470 1 1072
234313 2 1029
234791 1 1369
234841 13 944
235011 1 1130
235497 2 501
235525 1 448
236351 1 1732
237085 2 223
237098 3 339
237267 2 143
237367 3 448
237540 8 212
237643 4 604
238164 16 543
239133 1 327
239747 4 646
239764 1 220
240206 1 1210
240343 4 293
240724 6 3230
240842 1 146
241002 3 2301
241082 14 401
241332 1 150
241399 13 301
241702 5 624
241885 1 1374
241895 1 284
242148 10 418
242273 35 724
242354 1 703
242410 9 256
242773 1 12416
242895 4 17086
242904 2 7122
242955 22 34181
243032 3 1101
243402 2 10550
243420 11 2082
243698 7 29409
244181 1 81
244293 24 2142
244295 69 43543
244515 11 137580
244742 1 48422
245065 1 28651
245122 63 20319
246023 4 5175
246815 3 1181
246847 2 1047
246968 1 37
247209 15 48787
247444 1 123
247469 4 160821
247517 107 40187
247550 51 255154
247777 10 2171
247942 26 6539
248064 1 129
248278 19 24167
248397 6 14321
248562 3 40310
248809 9 45708
249045 24 2118
249181 7 9111
249329 20 41571
249440 1 129
249570 16 33965
249740 17 228328
249815 1 4615
250000 6 2488
250197 3 1121
250356 4 5270
250533 47 14895
250617 7 10069
250637 8 3671
250893 5 42856
251085 1 15468
251485 6 29531
251536 3 4051
251539 7 2947
251601 1 2964
251634 2 114
251756 25 19516
251954 10 2268
252154 4 29717
252474 1 81579
252696 40 4155
252921 17 52519
252986 3 40464
253259 57 26507
253527 6 1176
253528 4 2000
253588 3 13837
253593 20 171848
253661 2 22094
253929 31 2945
253932 10 1582
253933 44 1568
254067 6 832
254080 2 399
254108 12 174176
254240 67 25265
254327 1 867
254497 6 24964
254569 3 12506
254611 44 11669
254871 1 36421
254924 26 23861
255084 2 1156
255227 138 4751
255289 1 51128
255308 1 2509
255476 59 44402
255538 49 16755
256043 35 19276
256527 12 385
256535 70 14359
256604 951 37731
256605 155 11662
256617 1 486
256847 3 24054
257256 1 336
257812 3 103213
257862 222 7925
258278 3 5927
258485 60 13912
258488 28 9986
258559 2 52150
258585 2 1622
258586 5 7912
258657 3 5008
258785 21 3075
259449 7 287
259451 13 509
260416 3 243
261128 13 603
261609 13 380
261673 10 569
261676 2 354
261679 4 375
261885 6 633
261888 8 499
264388 16 559
264390 6 449
264402 7 506
264441 7 389
266675 4 268
269875 1 239
269891 4 253
270358 2 288
272143 9 433
272379 14 212
273609 2 584
276131 3 273
276132 6 516
276706 2 252
277159 1 476
277279 10 317
277280 13 463
277283 16 552
277284 8 515
277285 11 370
277287 11 434
277592 9 306
277593 10 594
277744 2 223
278319 9 159
278546 3 268
279231 22 463
279795 6 261
279823 6 451
280191 16 642
280193 8 402
280194 15 463
280197 5 190
280198 10 383
280199 5 258
280852 5 446
280854 9 476
280858 5 292
281061 3 146
281098 3 238
281221 15 603
282784 6 527
282786 8 255
282929 3 211
283219 11 451
285393 8 259
285650 14 450
285651 15 385
285652 3 387
285653 5 112
286930 6 181
286948 3 275
287853 36 545
287854 25 453
287890 6 186
287891 16 198
287892 5 178
288869 3 641
289625 12 593
289902 4 202
290842 3 276
291978 18 437
291985 14 284
293296 2 641
293732 10 195
293733 1 196
295106 18 626
295118 10 493
295121 7 310
296191 3 743
297938 9 391
298559 1 314
299132 7 441
299137 7 215
299144 2 293
299145 9 300
299146 8 184
299147 6 391
299149 4 607
299151 3 396
299153 4 297
299767 3 258
301552 3 190
302446 1 296
303233 11 443
303238 3 399
304133 2 187
304839 6 437
304928 2 376
305334 4 410
305397 10 348
305902 4 324
306678 5 106
307977 11 656
308439 1 351
308601 5 297
308603 8 575
308605 3 143
309465 1 365
309466 1 393
311355 16 64459
312248 12 421
312320 28 732
312907 6 200
312908 8 381
313587 13 579
313775 3 645
313782 9 655
314512 50 52248
315474 3 43
316509 12 199
316724 1 657
317254 2 615
317642 14 262
318202 1 196
318771 11 479
318774 8 564
321780 2 160
322571 1 35
322663 16 523
324068 11 678
324653 8 197
325624 34 671
325723 2 35
327117 3 181
328242 2 35
328250 2 35
328255 2 42
328905 2 38
330223 1 280
334444 3 128
336967 4 166
337072 2 1716
337410 3 102
337547 18 289
337617 1 119
338184 4 36
338860 11 168
339186 2 597
339717 1 497
340038 2 43
342090 1 443
343224 13 376
343239 1 35
344142 1 210
344177 13 179
345178 1 148
345328 3 339
345675 7 144
345801 13 254
347507 1 604
348994 21 611
349079 2 480
349461 4 402
351035 2 35
351350 1 35
354699 5 368
354851 7 414
356204 2 38
356543 1 445
357152 1 32
357885 25 761
358665 1 215
358903 6 158
359643 2 788
360337 17 423
360748 24 671
361517 1 92
361724 1 120
363096 6 85
363543 10 278
364975 1 206
365177 15 227
367012 3 36
367475 15 580
367486 16 717
367574 20 489
368771 1 509
369408 4 80
369468 2 356
369685 3 52
369706 1 27
370761 1 28
372213 3 49
372679 1 350
373252 1 457
373632 1 368
377688 17 452
378300 2 309
378751 8 361
384622 17 477
384993 12 213
385100 5 82
385457 8 255
386018 11 238
387424 19 613
388165 15 614
388588 3 153
388726 7 231
389929 8 1437
391142 21 458
391167 4 185
391607 1 191
399896 11 669
400423 1 1631
401511 9 147
404475 17 476
407212 1 270
407865 1 394
407914 1 1714
408424 2 46
408482 4 125
410258 25 558
410552 24 572
410738 1 126
413314 5 116
413552 17 321
415333 2 140
416373 12 306
417087 18 373
419894 1 2066
420971 1 647
421725 1 163
422453 1 455
425867 5 169
426216 1 239
426454 10 231
427134 1 246
428304 7 187
428798 3 95
429647 11 161
429703 10 254
430012 1 34
430147 22 663
430450 8 146
431914 4 176
432305 5 201
432315 6 298
433716 20 580
433718 5 108
434808 24 727
436081 1 229
436321 6 215
436893 1 1728
438574 1 254
439058 19 316
439060 16 630
439215 2 65
443709 11 606
443828 45 1178
443829 1 1713
445989 1 669
447338 14 253
448901 1 475
450492 1 139
450779 8 185
451113 1 59
451753 1 505
452744 7 563
453072 1 211
455610 1 1772
456102 6 199
457378 7 163
457483 3 76
458087 2 237
458577 1 73
459191 1 72
461936 1 1764
463806 3 83
463863 2 47
464275 1 169
464870 6 316
466183 6 190
466801 1 398
466981 3 76
467641 2 388
467816 1 1724
468945 5 139
469866 2 101
470664 20 499
470711 19 550
471836 6 189
473115 34 738
473476 15 236
475557 1 325
476001 1 38
476289 3 466
477821 5 183
483411 16 813
484783 5 137
486163 4 237
486413 1 1843
486643 2 135
487354 2 78
491382 4 124
492923 8 108
494193 10 971
496095 7 145
496399 1 765
497097 2 342
497104 1 306
497453 8 155
498051 1 463
498408 3 118
498428 12 203
499704 2 624
500428 1 319
500480 20 568
503987 14 252
505681 1 48
506498 1 158
507133 2 808
508039 1 287
509614 1 83
510903 2 272
512683 3 191
513074 7 234
514698 1 135
518629 7 938
518630 7 788
519151 2 83
520331 11 585
521562 3 52
521564 3 52
522393 5 137
522690 13 169
524206 14 216
524647 14 204
