699 3 461
6298 6 293
6994 1 132
11553 1 437
11565 1 165
13184 1 526
13185 1 460
13881 11 359
15090 1 239
20879 1 350
20900 2 244
21014 2 324
23526 4 317
24456 4 340
26742 1 185
28502 1 514
29629 5 277
47236 3 534
47237 5 490
47238 2 489
57679 1 211
58880 1 337
59023 1 345
60479 1 356
61538 12 271
63473 12 275
66106 2 321
78258 2 325
80654 2 69
80655 5 215
81119 10 6781
81121 2 1327
82026 3 707
82027 3 699
82123 1 1753
82276 4 486
83552 3 678
84474 3 687
84820 12 810
86550 2 765
86551 3 660
86552 2 686
86753 15 173871
86762 2 1528
86996 3 4065
87179 3 675
87450 1 969
88359 1 1678
88652 1 1179
88862 4 220
89074 2 683
89075 2 730
89076 3 741
89282 2 7294
89556 1 481
89657 1 25
89658 8 368
89662 1 1189
90181 1 24998
91162 3 685
91397 3 7407
92753 1 586
92838 2 31
92839 4 244
92840 19 828
93650 2 3393
93771 1 9047
94228 2 2272
94486 6 242
96404 1 24
96405 23 1182
96406 1 1240
96913 3 3699
97615 5 234
97702 1 1759
97945 6 206
98333 1 706
99174 2 14166
101987 1 55
103684 1 438
104601 4 118
106812 1 174
107857 2 366
108934 2 747
111491 1 149
111500 2 87
112548 1 1040
113615 1 535
113863 2 636
113875 1 661
114902 1 201
114928 1 480
115302 1 530
118057 3 71
118462 1 315
119880 1 120
120336 2 101
120669 1 364
122179 1 560
124643 1 478
126387 2 160
128167 1 387
130526 2 713
130590 3 76
132439 7 292
135954 3 78
136025 5 120
136538 2 172
136545 2 55
138612 1 748
138726 1 471
138768 10 602
139307 3 619
142570 1 110
143057 1 179
144631 3 668
144855 1 872
145108 1 289
145397 2 71
145641 1 665
145778 1 677
148187 3 643
148388 4 675
148457 1 216
149206 2 476
149380 2 659
150140 2 483
150654 5 857
151530 1 322
151941 2 808
152706 8 180
154208 2 81
154509 1 432
154545 1 273
154753 1 1410
156024 1 688
156198 16 559
156454 1 84
157121 2 879
157151 1 125
157347 2 314
159980 13 332
160051 5 164
160114 2 79
160745 1 335
162229 6 666
162296 1 176
162483 1 135
163594 1 1165
163745 2 109
164687 3 487
164816 1 508
165317 15 607
165407 2 442
166104 2 950
166737 4 140
167181 3 668
167215 5 124
168134 1 437
169538 6 517
169660 2 110
169703 1 338
170624 5 453
171361 3 250
171888 2 206
172765 2 94
173640 2 336
173656 1 332
174014 1 74
174108 14 314
190672 1 793
190977 8 236
196276 7 121
196559 8 119
198288 1 684
200890 1 1554
201643 2 124
205797 1 4004
210656 2 116
214246 5 547
216094 9 5303
217218 24 501
220574 2 1211
222664 14 487
223375 8 510
225331 5 3795
225395 2 134
226736 5 85
231139 3 1765
231279 7 262
233014 1 584
238590 1 1114
242868 1 16984
243248 78 97794
243328 3 30540
244295 1 43543
245284 3 11872
245458 10 5144
246220 40 47306
247153 1 17318
249040 71 1666
249740 1 228328
250082 2 3800
252921 15 52519
253067 78 104143
253661 1 22094
254108 6 174176
254681 1 2624
255289 38 51128
255291 2 16491
264611 3 232
268775 1 461
268776 1 224
271376 8 299
271471 1 541
272996 2 476
274251 2 257
277509 13 310
277510 16 579
277511 19 608
277514 18 451
277515 9 397
278892 2 590
278893 7 382
278894 4 229
278895 6 526
278898 11 445
278899 12 448
278901 1 478
278904 1 351
279008 1 537
279590 3 330
281769 1 287
286211 8 415
286212 6 385
286213 10 356
286214 25 436
286215 11 533
286216 12 477
286217 23 796
286219 14 479
286220 7 234
286221 20 560
286233 5 319
286234 4 274
286247 3 327
286248 4 227
286249 27 528
286250 12 506
286251 15 651
286252 14 501
286253 13 480
286254 19 603
286255 14 309
286256 12 553
286261 8 368
286265 1 334
286271 6 451
286288 11 490
286290 8 497
286299 4 331
286300 32 624
286301 4 264
286302 11 441
286303 8 291
286304 11 383
286319 5 367
289043 1 576
289772 1 1095
290105 1 1006
290758 1 431
291568 12 326
291570 1 279
291572 17 427
291573 13 340
293444 1 722
295319 1 317
296939 2 366
298851 3 2655
298983 2 725
307812 1 1857
309823 3 32839
310779 2 2372
314512 2 52248
324875 1 399
325450 1 666
327760 1 191
329058 1 995
329659 1 263
330497 1 841
331532 1 274
331533 8 495
339022 1 946
339562 2 330
341611 3 561
346422 2 378
347791 2 183
355212 3 84
355216 1 465
357578 2 420
362213 2 142
376609 2 211
379043 2 182
381927 4 574
388055 1 263
400460 1 778
402421 9 528
402774 6 189
405318 1 334
409413 4 193
412921 4 621
413127 4 191
414743 2 223
417223 1 373
419974 2 423
430705 6 265
431403 2 732
433524 1 487
434111 4 730
444993 2 201
447572 7 691
447698 6 552
448230 1 563
449669 1 76
452261 2 204
457128 2 404
460941 1 88
462326 24 495
466813 5 380
469734 1 581
471949 8 631
476837 1 336
478830 1 560
487224 12 503
487691 4 453
493429 12 480
494522 6 357
496333 2 232
503770 9 532
503804 5 988
504053 1 95
510186 1 653
513196 3 368
513457 1 601
516814 1 777
516853 1 430
522058 5 661
210 2 311
499 3 275
697 1 426
1289 13 278
1915 7 226
2525 1 399
2542 1 398
6298 1 293
8315 1 452
8773 7 339
9468 3 276
9631 1 439
11553 2 437
11944 2 152
12248 1 454
12415 1 426
14586 1 319
16994 9 362
17386 1 457
20616 11 355
20879 6 350
20900 1 244
21014 1 324
21152 3 461
21599 6 391
23397 2 466
26844 2 185
28502 3 514
28715 4 276
28757 7 922
28886 14 315
29629 3 277
30739 10 303
30958 5 473
31093 1 238
31910 1 537
32586 11 327
32796 2 263
32946 11 342
33102 3 383
34073 4 177
34333 2 354
34369 4 158
36363 1 269
36453 1 229
39709 1 114
40690 1 586
40981 1 331
42373 1 301
42447 2 672
42450 2 676
42540 2 340
42964 4 279
43134 7 265
43500 2 285
43890 4 458
45916 1 148
47235 2 569
47236 2 534
47237 1 490
47238 2 489
48242 7 300
50345 2 171
53562 2 365
56296 2 365
57275 1 290
58880 2 337
59023 2 345
59798 1 269
61222 1 363
61538 4 271
61579 1 360
61613 1 305
64135 2 410
64244 2 156
65448 3 358
68320 1 385
69087 1 249
69294 2 338
70752 2 504
71156 2 209
72134 2 273
72290 5 689
72293 2 635
72704 5 220
72910 5 389
74574 1 327
75612 1 215
76101 1 257
77316 4 440
77815 2 178
77999 1 367
78258 7 325
80546 1 899
81119 6 6781
81121 4 1327
81607 1 28467
82026 3 707
82027 3 699
82123 14 1753
82267 5 14641
82276 1 486
83320 6 4074
83552 3 678
83674 18 13400
84414 1 394
84474 2 687
85368 7 74892
85481 8 70500
85645 65 153229
85684 1 13966
85773 55 82661
86034 44 48792
86375 1 989
86550 2 765
86551 2 660
86552 2 686
86578 1 328
86662 4 617
86666 3 481
86667 3 458
86753 380 173871
86762 4 1528
86996 3 4065
87179 2 675
88077 5 724
88356 10 5606
88359 4 1678
88432 1 2853
88652 1 1179
89054 1 298
89074 2 683
89075 2 730
89076 2 741
89282 12 7294
89432 38 38895
89534 2 525
89556 2 481
89657 1 25
89658 1 368
89662 4 1189
89745 9 159
90147 1 512
90181 15 24998
90312 3 21037
91127 16 51352
91162 3 685
91391 2 20311
91397 18 7407
92188 229 64658
92329 229 64673
92753 3 586
92838 1 31
92839 2 244
92840 5 828
92961 6 11521
93242 1 4628
93650 4 3393
93654 2 102204
93771 10 9047
94167 46 21131
94228 5 2272
94752 2 2411
95516 4 552
96404 1 24
96405 1 1182
96406 5 1240
96424 2 38462
96532 2 800
96913 3 3699
97364 13 1651
97615 5 234
97702 22 1759
97725 28 10756
98294 20 23774
98333 2 706
98447 8 6474
98712 17 10336
98745 5 129
99174 21 14166
99661 1 1672
99679 16 1537
99693 3 5005
100724 6 500
101039 1 448
101367 4 1091
101397 1 377
101651 1 567
101677 7 873
101838 5 671
101957 2 389
102042 1 433
102312 1 434
102982 1 286
103554 1 537
103844 7 396
104146 1 472
104755 2 503
105295 1 330
105838 1 102
105919 1 513
106256 3 1131
106551 3 552
106812 4 174
107029 2 111
107204 1 931
107857 2 366
108387 1 1679
108934 4 747
110043 2 157
110113 3 481
110182 1 564
110299 13 413
110885 2 141
110970 12 628
111118 2 1409
111157 2 993
111158 1 182
111491 2 149
111646 3 478
111684 5 394
111739 3 335
111742 1 660
111807 1 600
112458 1 456
112518 2 339
112548 1 1040
112635 2 364
113632 1 586
113808 1 682
113863 8 636
113875 3 661
113941 2 459
114782 1 288
114928 3 480
114982 4 470
115302 2 530
115360 1 386
115720 3 468
115723 7 352
116435 3 307
116897 3 352
116994 1 582
117974 1 558
118462 1 315
118616 1 373
118840 1 738
118913 2 180
119569 2 600
119880 1 120
120336 1 101
120802 1 350
121110 1 787
121113 3 266
121114 1 549
121982 2 1071
121991 1 723
122179 1 560
122214 5 1518
122729 4 551
123013 2 293
123082 3 532
124182 2 131
124336 1 406
124643 6 478
124995 1 197
125614 3 2113
126309 1 1108
126332 1 513
126505 1 1132
126930 1 180
127653 1 496
127664 2 522
127726 1 430
128388 1 203
128447 1 565
128586 1 509
129501 1 97
129897 1 381
129972 2 492
129993 10 450
131140 2 1290
132529 6 355
132817 1 122
133417 1 584
134168 9 409
134321 1 653
134554 2 129
135103 1 350
136272 3 316
136356 2 908
136406 1 424
136457 2 520
136564 5 310
136664 1 446
136866 1 510
136923 1 345
137445 7 611
137632 1 408
137669 1 130
137856 1 662
138058 2 708
138265 1 443
138327 1 132
138612 5 748
138967 2 654
139279 4 426
139307 4 619
139308 1 261
139410 2 162
139440 6 602
139576 1 361
140155 1 376
141358 17 449
141639 1 95
141719 4 439
141787 1 125
142148 4 512
142469 1 583
142570 2 110
142646 2 472
142727 2 521
142974 1 736
143057 1 179
143565 1 556
144502 2 783
144631 1 668
145108 1 289
145137 1 699
145141 3 468
145258 2 481
146803 1 555
148076 1 511
148187 1 643
148313 4 361
148361 1 267
148457 1 216
149380 13 659
149484 1 180
149615 9 568
149646 1 109
150087 4 478
150140 2 483
150813 2 650
150934 2 766
151345 1 127
151530 1 322
151697 4 614
151792 2 658
151941 2 808
152091 10 327
152200 1 819
152442 2 633
152483 3 817
152627 1 116
152706 1 180
153056 2 509
153059 2 720
153213 2 140
153262 1 399
153505 1 186
153753 1 246
153912 1 371
154026 1 524
154400 1 275
154412 3 348
154431 3 507
154499 2 398
154509 5 432
154545 1 273
154661 1 132
155244 1 461
155897 7 1411
155937 1 801
155940 4 1056
156198 5 559
156492 11 498
156603 1 611
157055 2 109
157122 2 448
157347 1 314
157468 8 407
157614 5 532
157760 1 762
158253 2 299
158673 2 211
158682 10 490
159124 1 105
159193 3 1603
159980 1 332
160468 1 72
160745 1 335
160875 1 167
161021 6 1875
161320 1 570
161816 1 1976
161995 1 622
162136 1 193
162229 2 666
162273 1 446
162455 1 466
162483 1 135
162519 3 368
163150 11 578
163272 4 242
163284 3 81
163526 3 637
163594 1 1165
163898 2 458
163936 1 449
164364 3 441
164423 3 877
164629 1 89
165263 2 823
165491 1 434
165678 4 454
165947 1 782
166028 2 400
166104 3 950
166385 3 149
166611 1 311
166905 3 376
167181 3 668
167309 1 511
167506 2 571
167576 1 1334
168889 1 207
169113 1 498
169125 1 494
169453 1 137
169538 7 517
169703 1 338
170374 8 314
170555 3 768
170624 4 453
171202 1 85
171248 8 299
171925 1 616
172225 1 142
172235 2 350
173640 3 336
173656 4 332
177940 20 4587
184192 23 6108
185099 2 2157
189764 3 4383
190672 4 793
195215 7 4209
198288 1 684
200890 2 1554
201561 5 1724
201643 1 124
202069 13 8208
202073 2 1505
202074 3 1637
205797 1 4004
208380 1 430
210656 1 116
213068 1 4052
216812 2 984
218560 3 1177
220574 3 1211
220883 1 1495
225331 18 3795
231279 1 262
233014 1 584
233097 1 1091
233704 1 260
233899 11 1997
234349 56 1635
234364 11 4366
235353 1 166
235668 1 146
236724 1 226
236982 3 1691
237080 5 794
237254 8 796
237983 2 595
238184 8 645
238308 1 491
238534 2 11431
238590 2 1114
239929 7 4246
240366 83 117963
241120 5 1005
241213 1 762
241233 4 262
241449 1 247
241947 3 544
242868 3 16984
242877 1 1320
242916 20 19607
242953 12 9072
243050 7 9473
243132 38 8410
243248 40 97794
243328 5 30540
243698 26 29409
243755 80 5102
244295 45 43543
244515 95 137580
244556 4 567
244740 22 33732
245011 12 10535
245013 3 4963
245065 50 28651
245082 14 5087
245284 1 11872
245346 47 21516
245449 2 35219
245458 2 5144
245636 5 2449
245722 5 32503
245969 1 198
245997 1 17567
246003 26 79294
246068 2 19691
246220 22 47306
246521 21 8981
246526 6 15571
246615 8 9076
246695 79 65027
246923 51 8941
247153 46 17318
247406 62 42749
247469 57 160821
247550 231 255154
247826 5 14203
247829 1 2096
248179 9 34397
248278 27 24167
248399 1 16113
248480 6 20931
248562 14 40310
248594 18 9671
248610 98 211360
248683 6 4253
248686 13 4315
248788 6 56946
248809 43 45708
249040 2 1666
249060 3 5989
249329 64 41571
249570 33 33965
249731 3 12349
249740 90 228328
249966 1 18920
250082 1 3800
250217 15 5821
250267 8 10956
250644 1 1680
251002 11 8322
251142 5 8396
251420 1 20131
251485 14 29531
251603 35 17552
251716 23 11851
251717 1 4041
251800 5 24372
252034 8 8206
252555 357 27002
252737 4 11869
252921 5 52519
253018 230 331696
253067 47 104143
253311 163 35432
253661 1 22094
253795 123 27039
254108 15 174176
255076 1 600
255155 10 11710
255289 23 51128
255291 1 16491
255417 2 27737
255728 2 32235
255851 17 3630
256043 8 19276
256075 3 3452
256283 118 34425
256625 3 4312
256847 59 24054
257344 24 45609
257345 89 89736
257356 9 8557
257865 18 35772
258158 80 13508
258225 2 14533
258361 17 26906
258374 28 9000
258435 37 5203
259053 3 29094
259115 126 25791
259174 15 19382
259969 1 443
260789 2 476
260954 2 636
261173 9 399
261892 1 337
262191 1 191
263112 1 253
264611 1 232
267047 1 396
267048 3 189
267153 2 566
267345 1 477
268059 2 349
268775 6 461
268776 2 224
270462 15 428
270878 35 3608
271376 1 299
271471 2 541
272996 9 476
272997 2 205
272998 4 337
273000 2 212
274251 3 257
275630 2 574
277509 4 310
277510 18 579
277511 11 608
277514 1 451
277515 1 397
278892 2 590
278893 1 382
278895 1 526
278898 3 445
278899 3 448
278901 1 478
278904 6 351
279008 1 537
279511 3 570
279527 3 543
279590 4 330
280941 3 199
281215 2 692
281218 3 576
282479 1 624
285281 2 611
285800 2 617
286211 2 415
286212 1 385
286213 6 356
286214 5 436
286215 1 533
286216 1 477
286217 14 796
286219 1 479
286220 2 234
286221 1 560
286234 1 274
286247 1 327
286248 3 227
286249 6 528
286251 10 651
286252 5 501
286253 1 480
286254 2 603
286261 2 368
286265 2 334
286288 5 490
286290 1 497
286299 1 331
286300 9 624
286301 7 264
286302 7 441
286304 3 383
286319 1 367
286520 2 115
286645 1 331
287364 3 591
289042 2 300
289772 9 1095
289827 2 4151
290074 1 627
290105 1 1006
291568 6 326
291570 4 279
291572 5 427
291573 1 340
292726 7 491
293392 8 723
293419 9 577
293444 4 722
293873 4 9225
294129 2 676
294130 1 471
295188 6 528
295319 2 317
295943 15 29903
296169 2 501
296286 2 507
296939 2 366
298851 6 2655
302344 2 340
302850 2 280
302983 1 516
303657 2 141
304935 2 274
305093 2 436
307812 4 1857
308029 1 72
309823 97 32839
310779 6 2372
310852 1 287
311355 20 64459
312278 2 486
313957 6 219
313969 4 415
314512 2 52248
317571 2 177
319600 4 734
325450 16 666
326024 4 254
327760 6 191
329058 12 995
330497 5 841
331532 3 274
331533 5 495
334395 2 1376
336902 1 466
337605 2 342
339022 2 946
339184 1 467
341844 3 334
343871 2 136
346000 1 172
346422 5 378
346972 1 380
347791 9 183
349685 1 123
355216 1 465
355461 9 384
357578 8 420
357831 10 678
359860 4 601
360668 1 263
361375 2 394
362213 1 142
362214 6 652
364178 3 700
365512 2 885
371417 3 377
371870 7 243
379043 1 182
379861 9 652
381927 3 574
382266 1 165
382400 1 270
382990 1 731
385885 1 45
388055 1 263
389100 4 649
391305 7 611
393057 1 275
394217 2 287
395474 9 414
400460 4 778
402421 2 528
405181 1 132
405318 4 334
406526 3 745
406820 3 124
408706 4 222
409413 3 193
411000 14 664
412921 8 621
413127 3 191
414743 1 223
415892 1 792
416470 2 420
416479 8 360
417223 4 373
421355 17 426
422907 8 198
423274 1 212
423993 6 746
426267 11 395
430705 3 265
431403 1 732
433507 11 397
433524 10 487
434111 1 730
435077 11 205
439465 10 519
444434 1 820
444993 1 201
447572 13 691
447698 3 552
448576 2 1169
452261 4 204
456013 2 463
457128 7 404
461976 2 153
466813 4 380
471091 2 711
471949 9 631
472297 2 392
476837 1 336
479981 12 696
483307 2 115
483872 3 124
487224 6 503
489452 3 546
490597 1 227
490859 1 228
492853 2 520
494522 1 357
498611 1 389
500971 5 446
503770 2 532
503804 3 988
504053 3 95
513196 2 368
513457 1 601
516814 7 777
522058 9 661
523309 2 331
4054 1 114
4221 1 118
4503 1 145
9558 1 307
12677 1 414
14949 1 442
15745 1 345
17361 2 695
17386 2 457
17570 1 529
21152 1 461
26360 1 268
26465 1 212
40365 1 500
42447 2 672
42450 1 676
43884 2 430
44297 1 155
44784 1 232
44822 1 344
45960 1 495
46082 1 370
47485 1 118
52634 1 270
55487 1 137
65448 1 358
65697 3 304
69033 2 379
70752 1 504
72282 1 272
74574 1 327
74918 1 559
75428 1 321
80546 5 899
84921 2 1200
85368 1 74892
85645 1 153229
86375 4 989
95772 2 146
97725 1 10756
98634 1 248
103741 1 532
105015 1 291
115719 1 694
117488 2 67
117855 1 644
119016 1 680
121114 1 549
121982 1 1071
123089 1 1171
126309 2 1108
127137 1 471
127310 1 486
131140 1 1290
132353 2 759
132387 1 232
136356 1 908
137554 1 732
142293 1 380
144665 1 427
149278 1 131
150767 1 2029
154929 1 595
186316 2 3599
191553 1 430
211905 1 159
214640 1 369
216812 1 984
220883 2 1495
225331 1 3795
229923 1 180
231670 1 147
231861 3 232
232037 3 499
232038 2 336
232039 5 590
233210 1 229
233704 1 260
234015 1 344
234458 2 202
235203 1 169
235353 1 166
235668 1 146
235832 1 243
235916 1 295
236325 1 197
236724 1 226
237740 1 161
237845 1 274
240654 1 296
241213 1 762
242302 1 206
242704 1 8141
244295 2 43543
244740 4 33732
245013 1 4963
245346 1 21516
245636 6 2449
246379 1 961
246383 5 1545
246599 1 898
247773 5 10847
247829 2 2096
248480 6 20931
248562 3 40310
248580 1 671
248610 1 211360
248683 1 4253
248685 4 1772
249665 2 699
250217 1 5821
251603 2 17552
252020 4 1001
252469 1 681
256566 1 124
257213 3 1225
257865 1 35772
258158 1 13508
262356 2 565
263112 1 253
279510 1 547
279526 1 535
297126 1 129
297127 2 302
302982 2 592
302983 1 516
314036 2 676
314037 1 224
346972 1 380
364178 1 700
407310 2 316
407986 1 635
411000 1 664
416470 1 420
436520 1 297
447411 1 69
470244 1 414
476839 1 507
481121 1 346
488087 1 440
