2189 1 70
2344 1 61
13334 1 100
13801 1 302
15563 1 531
22925 1 120
42854 1 267
49996 1 165
61558 1 344
85368 14 74892
85645 10 153229
85773 1 82661
94473 1 36
94475 1 36
96136 1 20896
99849 1 1015
100846 1 967
102423 1 1051
103189 1 1070
104087 1 1077
104216 1 39
105834 1 1077
106243 1 38
106259 1 107
106544 1 1056
107181 1 544
107341 1 1088
108094 1 1113
108875 1 1134
109668 1 1116
110517 1 1107
111174 1 1100
111963 1 1063
112766 1 1126
113548 1 1117
114433 1 1140
115305 1 1127
115922 1 1162
116649 1 1092
117431 1 1172
118096 1 1162
118922 1 1184
119693 1 1164
119882 3 69
120946 1 1137
121474 1 1150
122071 1 1194
122909 1 1167
123667 1 1141
124559 1 1190
125405 1 1180
125637 1 573
126255 1 1170
127787 1 1170
128501 1 1172
128654 1 554
129306 1 1146
130207 1 1157
131010 1 1163
131462 1 393
131879 1 1092
132606 1 1144
132776 3 69
133503 1 1172
134292 1 1138
135432 1 1146
135871 3 137
136422 1 1109
137239 1 1117
138162 1 1139
139031 1 1117
139652 1 1113
140545 1 1151
140983 4 213
141406 1 1151
142104 3 83
142296 1 1152
143240 1 1131
143859 1 1073
143943 7 210
144315 6 101
144647 1 1145
145601 1 1111
146467 1 1147
147218 1 1147
148041 1 1134
148250 4 133
148711 1 1135
149344 1 1128
149649 2 93
150187 1 1130
150776 1 1137
151686 1 1154
152390 1 1144
153241 1 1141
154324 1 1102
154808 3 378
155167 1 1121
156014 1 1082
156881 1 1176
157828 1 1169
158620 1 367
158681 1 1177
159525 1 1188
160366 1 1136
161017 1 1187
161791 1 1127
162642 1 1163
162701 2 70
163482 1 1194
163983 1 1166
164501 1 1112
165339 1 1121
166239 1 1185
167136 1 1199
168065 1 1193
168156 1 106
169002 1 1193
169768 1 1123
170533 1 1217
171492 1 1228
171936 1 83
172283 1 1167
172464 1 526
173171 1 1161
175797 2 127
176194 1 136
177410 1 77
180299 1 112
180918 1 135
181206 1 158
181615 1 103
181837 1 97
185172 1 122
186788 1 147
188851 1 120
189543 1 99
190663 1 1488
192172 1 115
192599 1 70
193679 1 132
198202 1 80
198918 3 97
198943 2 93
200059 1 130
203001 1 84
205139 1 109
206966 1 95
207115 4 113
208422 1 105
210824 2 120
211054 1 80
212253 1 108
212486 4 544
213409 2 105
213549 2 118
213995 1 96
214594 2 113
215233 4 98
217049 1 136
218210 8 92
219824 3 134
220402 1 93
221773 2 68
227909 1 123
227948 1 77
237529 1 619
242659 2 11956
242776 1 40213
242953 3 9072
243568 1 51992
243743 1 32782
244476 1 10332
244515 3 137580
244840 1 15386
245065 1 28651
245668 1 47659
246127 1 2227
246350 1 3664
246610 3 29250
246923 2 8941
247406 8 42749
247550 1 255154
247672 2 33059
248179 1 34397
248181 3 22248
248335 1 39898
248788 1 56946
248809 1 45708
249076 16 36189
249151 25 38079
249339 1 15594
249570 2 33965
249740 1 228328
250073 1 19941
250619 1 24517
250893 1 42856
251636 1 2514
252474 7 81579
253018 1 331696
253534 2 722
253557 1 37233
253593 7 171848
254094 4 4033
254108 7 174176
254391 4 851
254871 2 36421
255728 4 32235
255777 1 64507
256847 1 24054
257133 1 26221
257344 3 45609
257345 10 89736
257673 1 58812
257812 6 103213
258361 5 26906
258987 2 21620
286889 1 471
318634 1 28
320703 1 33
327129 1 33
330815 1 380
335869 4 106
337876 1 63
342008 1 225
342427 1 173
355139 1 71
359819 1 33
361993 1 84
363328 1 131
363773 1 747
371203 1 173
375406 1 692
390353 1 650
391241 1 780
405101 2 49
412234 1 571
417864 1 686
422133 1 180
422240 1 761
424268 1 46
426236 1 50
430225 1 430
432780 1 40
439684 1 722
440174 1 127
444029 1 148
450887 1 39
468894 1 46
489220 1 45
494745 1 63
504638 1 1021
512917 1 44
522769 2 45
683 5 367
1363 2 322
1367 2 440
1644 2 390
1799 2 404
2247 14 535
2534 5 452
3533 8 681
3648 1 206
4548 1 338
5126 1 614
5127 3 664
5185 3 536
5495 2 323
6225 1 313
6330 2 229
8085 2 455
8319 1 467
9474 3 421
9637 3 375
11668 1 429
13582 1 311
15105 13 376
15340 2 117
15360 2 345
16070 6 457
16185 4 199
17250 10 389
17482 11 372
17941 1 420
18206 3 579
19248 8 376
19626 4 574
20188 1 427
20236 12 371
20273 8 367
21022 6 301
21035 4 438
21216 2 232
21217 3 335
21660 5 395
21743 3 357
22715 1 413
24329 3 468
24807 5 294
25319 2 647
25322 3 627
25588 4 381
25591 2 187
26319 2 636
27703 1 355
27756 1 419
27797 1 341
28167 9 419
28202 1 312
29626 1 375
30289 1 178
31218 15 278
31524 3 270
31833 17 490
32013 14 412
32062 6 280
32179 10 295
32469 1 162
32682 16 691
32818 8 375
32898 11 669
33551 2 379
33740 1 223
33753 13 268
34340 2 376
34728 1 293
35260 1 377
35386 1 276
37599 1 186
37657 1 372
37875 4 304
37876 1 415
38071 1 335
38205 1 123
39808 1 356
39951 1 417
40446 2 514
40648 1 238
41180 4 211
41497 1 352
41508 2 328
42357 1 294
43138 1 491
44294 1 470
44445 2 412
44681 16 757
45942 2 293
46806 2 361
47553 1 205
47728 1 184
48374 2 353
49048 2 449
49774 1 182
50708 3 390
52037 13 216
52045 17 294
52053 11 435
52054 6 429
52056 17 312
52315 2 427
52733 3 381
52831 1 310
53332 1 320
55387 3 502
55842 1 100
56190 7 500
56352 1 401
56646 4 509
56676 5 521
56721 2 203
56749 2 200
57025 12 328
57218 2 443
57349 17 540
57654 1 492
57809 10 366
57948 1 433
58023 1 439
58073 8 197
58190 12 433
58269 1 664
58290 5 452
58522 1 662
59252 5 439
59363 2 257
59511 1 520
61172 1 190
61363 13 296
61418 3 317
61422 5 368
61423 1 348
61548 9 191
61552 9 367
62802 6 467
63271 1 221
63597 2 510
63664 1 407
63667 2 479
63712 6 231
64084 1 84
64193 1 353
64473 1 527
66481 1 486
67599 1 482
69154 2 244
69396 1 465
69530 1 200
69763 2 430
69995 1 365
70283 2 477
70373 1 371
70391 1 158
70535 2 423
71249 2 309
72073 1 657
72108 2 326
73046 1 176
73481 8 282
73719 1 332
74106 1 206
74266 1 345
74516 2 392
74992 1 237
75640 1 168
77569 1 368
78004 1 154
78765 2 388
79055 1 424
79062 1 153
79936 1 959
83319 1 802
83777 3 2819
83932 1 7695
85368 10 74892
85645 5 153229
85789 14 2003
86034 6 48792
86365 12 19335
86367 2 33749
87743 19 1565
90683 5 3136
91387 1 2717
92450 3 12842
92558 92 15447
92649 2 3765
93388 3 1605
93464 12 3124
93903 1 4897
94472 9 1764
94891 1 6390
96037 7 46291
96136 5 20896
96478 1 690
98021 2 2628
98806 6 19544
100037 1 392
100383 5 736
100390 7 769
100583 2 514
100584 2 709
101039 1 448
101358 5 799
101579 1 273
101587 1 485
101698 1 447
102020 3 125
102197 1 199
102202 1 430
102373 1 481
102408 1 648
103997 2 518
104694 2 404
104920 1 1519
105142 1 361
105220 1 647
105348 2 487
105400 1 643
105422 1 918
105435 2 1108
105619 22 1003
105786 1 322
105959 1 632
106558 3 650
106637 4 1782
106956 1 572
107306 1 333
107316 1 1271
107665 1 434
108231 7 778
108372 1 530
108455 2 664
108479 5 340
108570 1 350
108704 1 57
109336 1 303
109450 1 639
109749 1 534
109993 2 430
110111 1 554
111504 3 90
111741 1 668
111911 1 1187
112215 2 819
112238 1 103
112392 2 729
113495 1 865
114041 2 910
115215 1 140
116265 1 46
116510 2 637
117225 1 344
117855 2 644
118346 1 129
118359 1 548
119014 1 79
119232 2 296
119383 6 641
119563 1 487
119757 1 496
119919 12 535
119982 1 1270
120042 2 213
120130 3 488
120603 1 58
120895 1 640
121048 1 805
121386 1 619
121841 4 521
122339 1 102
122725 3 379
122823 2 364
123762 2 502
124214 2 154
124312 1 218
124455 1 476
124752 1 35
124918 1 210
125333 2 544
125359 4 561
125430 1 840
125553 1 519
125637 1 573
126185 1 364
127581 1 191
128269 1 379
128626 1 1174
128907 1 512
128960 6 940
129410 1 412
129422 6 594
129850 2 376
129950 1 494
130756 1 306
130955 1 897
130957 2 940
131257 11 540
131834 3 832
132033 1 527
132423 4 785
132715 1 477
132879 17 673
133392 2 541
133400 2 82
133487 3 796
133847 7 811
134041 1 458
134507 4 351
134567 1 574
135002 1 43
135083 1 822
135206 8 543
135311 1 113
135384 4 398
135708 3 585
135818 1 1206
135833 11 510
136087 1 946
136312 1 522
136482 2 757
136704 4 712
137051 1 612
137870 1 439
139001 12 669
139776 1 921
139846 1 159
140621 3 662
140834 19 593
141714 1 317
141843 1 680
142097 2 287
142122 1 529
142440 1 474
143088 2 929
143396 5 151
143991 3 499
144222 1 92
144590 4 193
144950 1 685
145226 3 583
145577 4 1405
145785 1 766
145856 20 1065
145857 1 854
145863 11 348
146140 2 384
146350 1 1228
146705 2 635
147533 1 698
147621 2 722
147662 6 543
147994 1 121
148168 3 604
148313 1 361
148870 1 79
150096 9 696
150192 1 623
150840 2 732
151306 3 686
151535 3 196
151762 2 479
151956 2 325
152280 2 1316
152359 1 867
152479 1 726
152554 1 153
152702 1 364
153056 3 509
153144 1 340
153701 1 186
154378 1 674
155772 1 113
156065 2 631
156476 1 682
157102 1 173
157125 11 1243
157386 1 308
157857 2 633
158065 1 532
158070 2 303
158966 1 152
159139 2 497
159801 3 415
160399 1 1925
160438 1 1165
160509 1 720
160773 3 933
161095 1 646
161256 2 1182
161496 2 648
162098 32 843
162591 3 314
162598 2 629
163137 6 811
163534 1 407
163765 1 649
163806 1 625
163853 1 525
163903 2 518
163952 2 727
164162 6 1007
164366 3 505
164486 2 489
165226 2 213
165243 2 276
165249 12 934
165839 1 491
165958 1 427
166041 1 378
166159 1 582
166276 1 896
166458 1 419
166616 4 232
166674 1 510
166687 2 866
166860 1 503
167221 4 428
167309 3 511
167542 4 1017
167593 4 2703
168188 1 153
168232 1 619
168637 2 229
168748 1 690
168950 1 614
169330 1 359
169585 5 326
170001 2 325
170093 1 965
170677 1 393
170707 21 842
171030 1 559
171151 1 926
171218 5 569
171400 5 624
171993 1 644
172162 1 677
172195 2 297
172256 1 255
172464 1 526
172800 1 729
173783 1 614
173844 1 705
174222 2 685
174298 2 1660
189331 2 436
190663 3 1488
195079 1 97
195215 4 4209
197550 1 313
204450 2 690
207216 1 548
220480 5 123
222262 3 81
230425 1 77
231303 11 374
231388 7 161
231455 3 616
231482 6 786
231690 1 1050
231891 8 192
231967 1 1745
232077 13 417
232453 1 1573
232489 6 958
232552 2 1785
232804 2 600
232849 24 653
233021 7 632
233044 1 745
233071 1 648
233085 2 572
233144 35 995
233196 40 1397
233399 1 489
233410 2 569
233501 3 146
233953 11 362
234031 4 377
234058 25 719
234362 3 534
234407 2 464
234729 7 198
235237 7 458
235351 14 410
235463 8 639
235705 2 1504
235953 2 2025
235993 7 261
236221 3 1882
236583 4 1064
236594 3 3544
236655 20 876
236683 8 1451
236812 1 289
236841 11 767
236868 3 283
236870 23 420
236913 6 696
237246 12 2225
237352 1 628
237529 1 619
237592 5 1265
237782 7 1912
237785 2 705
237831 6 535
237930 1 266
237942 1 293
238070 18 1320
238195 2 510
238225 1 342
238391 1 222
238514 1 442
238607 2 134
238620 2 134
238823 13 460
238846 1 282
238923 5 18797
239023 19 249
239030 10 291
239052 4 680
239613 27 557
239818 1 504
240210 1 183
240300 13 519
240366 8 117963
240399 2 416
240437 20 272
240554 12 195
240722 3 363
240847 1 2381
240881 2 400
240887 1 168
241036 9 204
241075 1 342
241411 2 375
242160 8 694
242222 2 2005
242284 1 1386
242432 2 895
242470 15 441
242495 1 313
242570 1 999
242776 7 40213
242786 1 116
242846 7 151
242903 1 4618
242916 1 19607
242953 3 9072
243196 2 13700
243248 1 97794
243296 2 108
243322 1 317
243327 5 8333
243328 37 30540
243484 6 114
243486 4 115
243503 17 425
243505 20 517
243568 7 51992
243629 2 28496
243636 13 73383
243742 1 52641
243743 3 32782
243754 9 4163
243856 9 142
244471 6 123
244476 2 10332
244515 12 137580
244740 5 33732
244742 9 48422
244840 6 15386
244946 7 2608
244998 1 56078
245029 7 93035
245047 4 122
245065 3 28651
245284 1 11872
245303 45 1490
245399 14 2746
245526 1 129
245617 2 24889
245637 10 3806
245668 4 47659
245811 29 3986
245824 32 1332
245998 4 26287
246003 8 79294
246019 1 507
246023 133 5175
246024 36 1601
246127 3 2227
246198 26 2377
246327 1 115
246341 6 136
246346 33 3969
246350 21 3664
246357 2 6957
246557 31 9496
246610 1 29250
246630 1 2523
246674 10 19215
246688 18 1067
246744 16 269
246761 19 3964
246892 1 4957
246947 23 25960
246961 2 6277
247008 1 23763
247176 4 2591
247358 1 1454
247406 5 42749
247469 9 160821
247473 3 5709
247550 74 255154
247586 1 60
247672 7 33059
247793 15 3883
247826 4 14203
248066 7 131
248093 10 172
248106 3 9186
248118 13 446
248179 6 34397
248278 6 24167
248335 5 39898
248610 16 211360
248725 1 457
248758 3 3864
248788 16 56946
248809 3 45708
248816 1 17214
248850 2 13792
248927 29 4194
248928 17 6882
249076 6 36189
249151 9 38079
249329 11 41571
249339 1 15594
249432 3 551
249483 1 117
249570 1 33965
249640 1 133
249740 70 228328
249874 2 123
249900 75 3397
249902 6 35189
249964 8 7440
249966 17 18920
250073 16 19941
250101 15 549
250236 1 16448
250283 267 8735
250612 1 9127
250613 19 9659
250615 1 32287
250616 1 37169
250617 9 10069
250619 14 24517
250893 4 42856
250948 6 130
251021 4 132
251117 5 126
251158 14 5819
251386 1 9100
251636 12 2514
251756 1 19516
251866 2 669
251973 6 4042
252024 4 1940
252042 109 2397
252138 6 121
252470 2 6441
252474 3 81579
252502 7 260
252507 7 529
252575 1 2102
252629 4 2116
252637 86 2284
252756 2 3025
252849 5 18559
252895 7 97
252935 23 330
253018 183 331696
253067 1 104143
253106 12 310
253117 9 146
253119 7 130
253128 10 112
253130 6 146
253132 6 118
253277 1 262
253315 4 889
253318 1 2551
253354 55 57179
253403 2 139
253412 2 145
253454 18 2583
253457 4 2378
253470 31 4084
253479 6 633
253514 1 97
253576 5 132
253593 6 171848
253601 6 1348
253658 5 7738
253661 21 22094
253671 5 1113
253683 9 4717
253845 41 9503
253846 8 4965
253849 70 22736
253872 38 2510
253990 5 26077
254094 14 4033
254108 17 174176
254147 1 112
254190 7 362
254271 1 1140
254379 3 9858
254436 5 113
254544 4 144
254575 10 486
254617 4 2120
254689 7 21372
254726 4 118
254731 3 130
254733 1 62
254742 17 3853
254810 1 663
254871 2 36421
254889 1 873
254917 4 178
254983 5 260
255008 1 207
255089 1 5276
255289 1 51128
255399 6 100
255401 6 114
255402 10 136
255411 7 127
255476 4 44402
255479 4 10378
255487 2 4760
255728 2 32235
255757 7 153
255767 5 112
255770 8 127
255771 8 122
255772 4 135
255774 8 112
255775 8 138
255777 1 64507
255830 56 84137
256022 6 11475
256093 1 441
256167 1 250
256211 5 102
256314 8 124
256347 3 6106
256353 23 288
256496 4 29777
256544 1 134
256549 11 127
256665 1 124
256675 8 189
256803 9 3014
256809 5 3316
256847 1 24054
257129 2 14144
257132 3 20479
257133 4 26221
257137 5 17976
257193 6 35712
257306 1 19070
257344 3 45609
257345 5 89736
257373 1 377
257443 7 126
257479 2 328
257621 4 121
257673 9 58812
257812 12 103213
258005 6 143
258182 2 135
258209 1 115
258331 6 155
258355 7 12953
258361 1 26906
258395 1 115
258415 10 181
258575 9 4275
258854 3 574
258856 206 6607
258857 12 288
258899 1 117
258987 1 21620
259130 1 1972
265791 3 380
265797 2 420
272288 2 430
272290 2 478
272474 2 415
273962 1 269
273963 5 315
278268 7 744
280532 1 483
283782 1 500
285147 3 350
285148 9 333
285151 10 272
285152 16 433
285153 3 426
285155 5 355
285158 2 379
285159 9 378
285161 1 494
286528 1 516
287802 1 198
287987 1 328
288702 2 277
288709 1 251
289495 3 394
291391 1 229
291406 1 613
291965 2 514
291966 1 583
295893 1 306
300802 4 321
300803 5 342
300804 2 339
300834 5 359
300838 5 459
300842 2 309
303905 17 537
303906 6 289
315841 2 507
316468 1 556
320736 1 234
321104 1 251
322057 1 355
322800 1 495
327012 2 269
330360 3 591
332167 1 94
334286 5 1255
335796 2 451
338503 1 833
338637 1 441
339385 3 466
342969 22 462
343604 9 894
343754 1 133
344726 1 522
345159 1 462
345952 1 74
345967 19 507
346423 1 341
346774 2 275
346880 2 448
347869 2 189
348305 1 96
348888 1 152
351866 1 532
352158 1 539
354272 1 422
356656 5 465
359460 1 583
361584 7 1023
361621 1 249
361826 2 106
361937 2 167
363774 4 551
365261 3 631
365269 1 470
365848 2 534
365948 2 230
366333 4 544
366375 4 458
367285 1 286
369523 1 531
369604 2 451
370172 9 1103
375569 2 76
375904 1 315
376213 4 216
376752 4 176
377011 1 615
377171 1 557
378681 1 1154
380031 1 200
380272 1 229
381709 1 353
384033 1 563
384997 5 195
385133 1 429
385360 1 215
388607 1 252
388669 1 613
389152 1 482
389430 1 750
389820 1 175
390517 1 148
390758 4 557
391241 4 780
391935 1 1344
392109 3 195
392111 6 628
392121 5 501
392670 3 346
392736 2 429
393048 8 289
393067 3 404
393526 13 230
394634 1 392
395585 2 666
396395 2 246
396778 1 653
397049 2 378
397305 2 222
399655 1 169
401474 1 749
401953 2 232
402164 11 439
402986 2 549
403234 2 235
403390 3 166
403492 3 208
403532 4 497
403537 6 825
404795 1 404
405183 4 309
405407 1 51
405483 1 890
405827 2 247
406010 1 420
406243 15 420
406366 3 456
406428 1 676
406513 5 567
406999 1 303
407843 2 300
407949 1 616
408339 1 187
408566 3 363
409060 1 287
409179 6 420
409215 3 427
409534 6 429
409595 1 316
409870 1 180
410233 2 761
410791 3 488
411431 1 473
412234 1 571
412325 1 556
412360 2 324
412925 1 297
413082 1 495
415122 3 649
416778 2 831
417850 1 352
417864 1 686
417954 3 629
418442 1 147
419163 1 224
421739 3 225
421946 1 650
421985 1 506
422238 25 531
422240 1 761
423031 1 369
423263 2 696
423437 1 207
424934 5 574
425862 1 244
426057 1 621
426225 1 756
426926 2 183
426977 1 343
427594 1 248
427951 1 547
430028 1 173
430218 1 331
430225 5 430
430283 3 189
430372 1 605
430757 1 624
431007 1 789
431394 2 63
431750 1 353
431993 1 219
432040 3 311
432477 1 720
433017 1 154
433205 1 145
433810 4 897
434434 1 181
435341 1 608
436296 1 197
436664 2 249
436669 2 307
437176 1 214
437376 20 611
437385 6 247
437423 7 155
437897 3 327
438137 4 5818
438191 1 107
438596 2 615
438771 2 462
438772 10 797
438934 2 1112
439000 11 264
439302 1 239
440115 11 629
441044 6 677
441524 14 667
441647 4 265
441879 1 156
442098 5 721
442596 1 504
442737 3 420
442781 2 228
442889 1 267
443088 2 170
443232 7 416
443280 12 211
443512 4 215
443646 1 272
443817 3 231
443844 11 515
444693 33 688
444786 13 185
446502 2 645
446514 3 772
446521 1 619
446572 30 1064
446620 6 262
446809 2 741
447119 1 516
447144 2 231
447152 2 392
447317 11 438
447925 15 428
449699 5 776
450036 1 221
450234 2 229
450719 5 283
450722 3 180
452487 7 595
452515 8 228
452553 1 493
452736 5 229
453372 4 476
453553 1 814
454071 2 466
454319 1 115
454453 2 90
454455 2 205
455258 2 294
455427 2 735
455707 7 407
457360 1 743
458068 1 477
458333 1 382
458958 1 538
459837 6 929
461657 1 404
462284 2 257
462476 2 285
462540 5 255
463012 4 234
463191 1 210
463546 14 525
463556 14 406
463711 1 603
464380 7 704
464821 2 429
465157 1 538
467585 2 406
467695 2 155
469649 1 157
470423 1 266
471636 10 288
471723 11 401
471725 3 209
472029 3 199
472243 1 219
473086 5 140
473178 2 418
473560 7 560
473563 1 500
475327 1 570
475822 2 288
479135 4 282
479272 7 655
479772 1 1020
480372 1 240
480699 6 304
481620 4 563
481902 6 574
484971 1 246
485620 1 568
485931 4 300
486390 1 48
486986 9 245
487547 2 113
487651 4 501
488014 7 490
488762 8 295
488866 1 167
488880 2 644
488891 1 518
489438 10 1170
489665 3 171
491092 4 271
494140 1 424
494508 1 376
494524 2 291
494710 2 375
495328 3 316
496093 1 132
496844 1 167
499740 1 352
499763 5 683
499849 3 174
500160 6 601
500220 1 505
500782 4 508
501392 4 491
501591 10 249
501625 4 482
501677 1 236
501864 1 107
501865 1 422
502177 1 1204
502481 1 193
502638 2 879
503439 1 451
504397 8 1122
504447 2 159
504514 12 522
504638 6 1021
504730 1 308
505002 4 275
505204 1 71
505386 3 105
505427 2 461
505626 3 290
505841 1 478
507095 7 164
509272 1 296
509466 1 6286
509473 2 473
510304 1 678
510616 1 547
511376 4 742
511446 1 416
511699 1 577
511760 3 1082
512769 7 621
512772 6 841
512885 2 264
513170 1 661
513174 3 565
513261 3 350
513463 11 430
514065 8 470
514276 1 292
514455 1 214
514772 1 313
514971 3 403
515063 1 526
515290 2 279
516377 1 527
517140 1 668
517681 3 131
518359 5 275
518365 6 366
518383 3 581
518449 2 420
518450 5 263
518534 1 496
518640 4 246
518866 4 283
518872 4 319
519165 1 123
519392 1 206
519693 5 262
519943 1 427
520879 2 472
522531 1 80
522573 2 119
522841 3 310
522863 1 206
523097 1 310
