211 5 341
364 1 200
1481 4 152
1588 2 436
2100 2 287
2963 4 507
3809 1 383
3817 12 324
4536 2 280
4770 1 419
5217 4 409
5325 2 88
6841 1 276
7550 4 302
7597 1 385
7669 8 643
7868 3 445
7920 1 490
8086 3 419
8735 1 422
10009 6 202
10167 9 294
10471 1 313
10616 3 360
10735 3 223
10816 2 414
12084 2 197
12594 9 380
12731 1 402
12747 7 355
13097 1 305
13738 2 401
13786 1 432
14187 3 320
15969 6 313
16062 1 381
18170 6 343
18901 1 166
19934 3 205
20402 1 279
20577 1 410
20768 1 355
20887 1 459
20954 3 232
21183 1 346
21727 3 139
21916 2 428
22171 1 414
22228 1 325
23265 4 225
23569 7 514
23650 9 499
23681 1 448
23855 4 439
24107 4 423
24321 2 331
24409 5 401
24462 6 260
24738 13 381
24840 2 159
25108 2 337
25236 2 445
25757 4 344
26269 4 564
27985 4 425
29902 1 388
30107 4 390
30179 2 118
30283 3 365
31130 1 338
31420 2 351
31654 1 529
31775 2 159
31827 4 392
31907 6 399
31978 3 308
32569 2 452
33967 1 185
34160 6 389
34499 3 376
34846 8 430
34959 9 399
35105 4 195
35140 3 338
35174 4 238
35262 1 140
35274 1 324
35340 4 446
35403 3 199
35410 1 237
35412 4 420
36232 1 107
36355 1 178
36432 4 398
36671 3 334
36805 1 315
36899 1 206
38005 1 242
38016 2 347
38162 1 434
38930 1 257
39128 1 304
39336 6 381
39348 2 216
39409 2 264
39427 5 317
39516 4 944
39631 11 312
39940 5 252
40457 2 387
44163 1 481
44477 5 323
44631 7 440
44854 7 366
44978 3 345
45205 5 373
45286 8 354
45332 4 256
45376 2 643
45379 1 558
45467 8 352
45497 8 376
45564 5 223
46246 2 349
46962 2 239
46965 2 254
47315 5 424
47691 2 372
48021 1 494
48806 5 278
48863 5 226
50719 2 546
50878 1 437
50880 4 434
50927 1 343
51262 1 275
51370 2 535
51588 2 406
52033 5 256
52065 1 400
52304 1 482
52312 2 493
52542 3 564
52682 1 333
52966 1 131
53075 2 257
53296 4 372
53324 5 452
54261 4 455
54744 1 262
54800 2 426
54982 3 420
55044 2 395
55152 1 443
56051 3 339
56059 1 318
56467 3 363
56972 1 318
57022 2 402
57335 1 168
57566 1 369
57625 1 275
57971 5 493
58165 1 528
58262 3 588
58283 5 492
58361 3 366
58495 1 303
58535 4 108
58726 4 133
59252 1 439
59265 1 335
59581 2 103
60218 1 342
60350 1 280
60407 3 353
60442 3 262
60443 1 330
60498 2 432
61020 4 307
61022 5 313
61257 2 280
61302 2 361
61374 15 306
61428 3 597
61797 2 529
62253 5 146
62340 5 541
62741 4 246
63026 3 558
63034 4 393
63382 11 468
63678 1 395
63858 5 356
63954 4 360
64747 1 185
65970 1 216
66587 4 378
67544 4 378
68399 1 250
68412 1 248
68753 3 330
68940 1 599
69849 2 356
69963 4 181
71629 6 135
71750 3 298
72292 5 382
72633 2 332
72771 2 477
73221 2 277
73812 1 360
73855 6 358
73979 2 297
74049 12 397
74143 1 273
74151 1 306
74269 2 274
74400 4 233
74625 3 366
74919 2 433
75014 7 363
75782 1 307
76000 1 256
76025 2 291
76189 12 580
77293 2 175
77335 4 464
77424 5 457
77605 2 566
77989 2 320
78525 1 380
79443 1 204
79500 1 466
81379 2 1893
82456 4 315
83358 5 196
85368 8 74892
85481 7 70500
85551 1 1249
85645 18 153229
85773 7 82661
86034 2 48792
86753 11 173871
86784 3 20385
88005 2 675
89686 11 18025
90783 5 22898
90798 3 9998
91905 1 1656
91973 4 142
92188 5 64658
92329 5 64673
93344 7 465
93669 1 531
93869 3 151
93888 1 1440
94044 1 6020
94977 4 198
96029 1 21896
96426 30 15652
97364 1 1651
97550 9 20368
98297 7 7737
98958 1 2065
99070 2 18260
100156 1 1296
100241 9 324
100372 6 681
100974 2 1190
101171 5 513
101211 1 679
101518 3 934
101568 1 110
101574 4 461
101618 1 243
101641 6 535
101692 1 632
101752 4 346
101831 3 301
101840 8 1095
101861 3 530
101993 2 231
102019 1 318
102159 3 752
102165 8 237
102211 4 120
102217 3 520
102314 1 53
102441 2 158
102775 1 441
102813 1 453
103013 1 446
103536 3 255
103662 1 66
103730 5 369
103828 1 351
104873 1 115
105403 2 66
105638 9 513
105805 1 335
107047 1 68
107204 1 931
107293 5 892
107399 1 482
107748 9 808
107920 1 294
108151 1 103
108270 4 90
108353 1 347
108461 2 601
108530 1 296
108881 1 149
108998 22 773
109173 7 529
109505 5 255
109704 2 130
109772 1 615
109807 4 663
110126 2 416
110346 2 782
110377 1 437
110474 1 736
110766 2 760
111118 2 1409
111203 3 452
111445 1 676
111539 1 576
111653 2 804
111704 1 58
111770 1 501
111836 2 130
111924 5 535
111925 1 595
112048 1 500
112192 1 466
112243 1 489
112532 1 438
112738 7 281
112831 6 487
112953 1 433
113287 1 429
113493 1 1309
114027 4 772
114041 1 910
114353 1 303
114692 1 48
114858 10 314
115067 1 1752
115747 5 1600
116126 3 280
116572 1 72
116941 1 118
117112 2 143
117152 3 650
117189 3 128
117193 1 872
117365 1 130
117628 1 749
118677 1 709
118706 2 372
118785 1 394
119682 1 962
120005 2 1474
120382 1 887
121505 5 965
121516 1 473
121785 2 77
122968 2 488
123016 1 223
123130 1 657
123425 1 302
123886 1 255
123900 2 230
123920 3 473
124045 1 750
124373 1 319
124972 1 289
125349 1 82
125614 1 2113
125670 1 676
125970 2 611
125971 2 559
126487 2 253
126616 1 642
126633 3 805
127352 1 412
128052 1 238
128142 2 44
128423 2 790
129277 1 575
129882 1 74
130956 1 619
131140 1 1290
131673 6 524
131856 1 547
132445 3 492
132569 1 444
133101 1 242
133484 6 634
134335 2 267
134461 14 695
134545 2 59
134937 1 55
134972 1 1062
135058 1 422
135444 1 78
135816 1 454
136313 1 49
136664 1 446
136985 1 731
137087 1 275
137672 1 442
138071 5 161
138101 4 338
138350 2 546
138579 1 58
138797 1 546
138816 2 751
139007 1 635
139200 2 123
140197 1 472
140605 4 508
140714 3 405
140874 4 353
140881 4 770
140922 2 137
141904 1 1227
141968 4 119
141989 4 152
142146 2 675
142446 3 424
143309 3 506
144038 4 506
144345 1 563
144422 1 262
145171 1 314
145209 1 340
145982 1 434
146816 1 60
146897 2 126
147024 1 561
147029 1 1047
147445 1 40
147522 1 1280
148057 1 208
148761 1 122
148849 1 482
149223 1 600
150491 1 520
150794 4 785
150845 2 98
152200 1 819
153753 3 246
153915 1 517
154275 1 588
156054 3 178
156248 7 607
156851 1 38
157633 1 1150
157720 2 293
157856 1 628
158043 1 442
158646 2 339
160306 1 453
160430 1 531
160598 5 398
160970 1 440
161816 10 1976
161930 1 1169
162788 2 1230
163465 1 509
163594 7 1165
164063 2 327
164423 1 877
164631 1 444
164688 1 672
164931 1 196
165092 4 817
165777 1 226
168078 2 575
168150 4 326
168214 1 301
168457 6 707
169266 2 285
169340 1 507
169450 1 467
169771 3 672
169992 4 506
171033 3 627
171041 1 504
171967 1 103
172476 1 507
172804 1 48
173056 1 139
173419 4 128
174174 1 584
176963 1 359
177222 1 3487
177355 2 90
177921 1 99
178520 1 1667
181668 1 97
182866 1 127
183723 1 428
184187 2 300
184408 1 1742
185098 1 1852
185484 4 407
186759 3 105
187852 2 1997
188444 1 92
189050 1 238
189178 2 101
189307 1 566
189679 1 1341
190440 3 519
191104 3 122
191133 4 134
191720 2 133
192902 6 133
194240 9 210
198000 1 1591
201516 2 570
201644 3 123
204556 2 148
204671 1 425
205866 1 1334
205873 1 110
206268 1 142
206517 1 231
206687 1 3540
206712 4 1756
208821 1 139
210663 4 155
211120 2 128
211249 1 103
211592 1 86
211596 2 94
213395 2 1345
213511 3 135
213522 1 94
213893 1 423
213999 3 115
215256 1 96
215268 1 103
216071 2 127
216459 1 110
216658 1 82
217175 5 147
217771 1 1282
218949 1 1205
219253 2 121
219440 1 405
220650 1 76
220898 2 123
221425 1 114
221427 3 132
222422 1 57
222760 5 128
223332 1 751
223801 3 154
224248 1 95
224791 5 573
225764 1 131
226656 1 136
228567 4 127
228875 2 9263
229161 1 75
231151 2 596
231381 1 520
231415 13 1444
232412 1 389
233127 1 661
234035 5 549
234042 8 1075
235355 1 197
235560 1 723
235945 1 1112
236166 1 580
236253 15 1431
237923 10 1831
237983 1 595
239181 2 739
239224 4 1701
239238 10 490
240268 2 91
240370 2 702
241385 7 242
241445 8 244
241816 4 1228
244071 7 299
244077 6 155
244515 5 137580
245065 65 28651
245072 2 5354
245077 1 352
245122 4 20319
245722 8 32503
246122 4 447
246615 4 9076
246877 2 6449
247079 4 4323
247153 5 17318
247211 7 14772
247469 2 160821
247550 1 255154
248181 26 22248
248712 2 11964
248809 57 45708
248906 10 14258
249076 4 36189
249151 9 38079
250073 1 19941
250360 1 7570
251485 12 29531
251785 1 19094
251925 22 9105
252154 2 29717
252921 1 52519
252939 1 4993
253061 1 10802
253593 5 171848
254108 3 174176
254871 4 36421
255346 9 7534
255417 6 27737
255476 5 44402
256001 2 4911
256073 3 6368
256341 1 36933
256604 9 37731
257312 2 16694
257344 10 45609
257345 12 89736
262458 3 148
266803 46 718
267143 3 367
268291 8 412
269304 1 41
270540 3 148
270802 7 307
276379 1 499
276404 1 497
280600 2 16007
281418 1 441
282022 3 732
283029 10 231
283058 61 4148
285220 1 356
285852 18 450
285853 13 326
293098 1 8237
294516 4 145
296852 8 263
298824 3 148
300277 1 208
304232 2 753
304233 1 648
304244 3 694
304266 11 476
304271 11 378
306656 16 350
307991 1 520
309204 10 195
309778 2 679
309877 20 533
312340 1 373
312544 14 630
312551 27 732
312558 12 1553
314324 1 234
314512 6 52248
316172 2 391
320478 1 93
320859 1 43
321198 1 188
324606 5 435
325350 1 606
325723 1 35
326892 1 54
328383 2 259
328541 2 87
328696 1 29
328815 1 40
331908 2 214
331980 2 96
332441 1 705
332999 1 33
334197 1 124
336524 1 38
337188 1 254
337268 1 47
337924 1 145
337929 3 271
338027 4 112
339177 1 387
339185 3 589
339441 2 102
340618 1 46
341477 7 376
342004 1 2079
342841 3 72
343192 3 52
346023 2 129
346086 2 278
346210 1 52
347061 3 931
347919 1 34
348182 14 1171
349721 2 130
350240 1 47
350944 5 757
352205 1 53
353892 2 269
355247 3 83
356078 2 647
358230 1 36
359544 1 550
359563 5 188
359579 1 35
361382 3 584
365482 1 464
366013 1 746
368412 3 620
375787 3 202
376277 1 414
377973 1 22
379376 2 402
388135 6 340
392160 1 444
392438 1 435
393233 7 695
397062 1 391
400207 3 80
403868 3 172
404470 1 526
415344 1 381
415514 1 179
415520 1 197
417201 1 71
419976 1 388
420288 1 336
421235 3 426
422136 1 55
426893 13 655
427831 1 54
427896 1 564
430565 1 751
430894 3 75
432103 1 54
433536 1 581
434113 7 360
435952 1 461
437604 1 182
438757 1 288
446698 1 452
448576 1 1169
450716 1 171
454012 2 278
459608 2 325
460084 1 283
462624 1 56
467228 1 52
469219 2 522
472631 2 98
473643 1 40
473780 11 669
474508 1 46
475043 14 411
480159 1 681
481190 1 464
482044 1 605
489206 1 484
489701 2 438
490017 1 451
496533 11 488
500883 1 176
501607 1 213
505563 3 96
510001 1 303
510005 1 510
510524 1 307
511862 7 566
512046 2 1086
514983 1 365
518693 1 48
4536 1 280
4930 2 363
5940 1 210
9518 1 157
12731 8 402
13738 1 401
13786 1 432
16062 1 381
21727 3 139
27985 1 425
28892 3 272
30415 3 450
30851 2 363
31775 1 159
31907 1 399
34846 15 430
34959 10 399
35105 6 195
35140 3 338
35262 3 140
35403 4 199
36899 2 206
38005 1 242
39128 1 304
39193 1 259
42451 13 544
47541 1 254
48669 5 285
50878 2 437
50927 1 343
51588 1 406
53075 1 257
53296 1 372
53324 1 452
54744 1 262
57678 8 262
59691 1 527
60442 1 262
62359 3 412
62936 3 380
67183 2 203
68591 1 448
68940 8 599
72366 2 379
75014 6 363
77335 6 464
77336 7 232
79443 1 204
79500 2 466
80724 3 963
81379 2 1893
82003 20 7664
83030 2 3102
84047 3 201
85551 6 1249
85645 2 153229
85773 16 82661
86753 1 173871
86784 1 20385
87143 39 2118
88005 1 675
88787 1 16639
89527 9 650
91905 3 1656
92733 6 14911
93669 4 531
93888 1 1440
94044 2 6020
96029 11 21896
96837 3 204
97364 2 1651
98297 3 7737
98958 1 2065
99257 6 327
100241 1 324
100351 3 150
100360 4 55
101253 1 99
103655 1 523
104256 4 524
104518 2 749
104985 1 70
106091 1 80
106290 3 329
106466 2 785
106763 1 537
107483 1 173
108293 2 526
108326 1 572
108483 3 1269
109261 1 383
111197 1 216
111599 1 397
112532 1 438
112953 1 433
113287 1 429
113763 1 118
114412 1 132
115830 15 345
117193 3 872
117425 4 90
117628 6 749
117811 7 295
117861 1 822
118914 5 149
119376 10 621
119926 1 563
119930 2 86
120059 3 787
121505 1 965
122169 1 715
122474 2 135
125624 3 68
125928 2 577
126043 8 410
126305 1 730
127055 1 99
127219 1 144
128446 4 310
128815 1 579
130181 1 622
130223 1 161
130253 4 130
131140 1 1290
131485 2 192
131834 1 832
131856 2 547
132638 1 725
133644 1 51
133912 1 304
134723 1 168
134972 1 1062
135279 3 1216
136235 2 109
137076 1 98
137087 1 275
137267 1 744
137334 2 95
137672 2 442
138148 1 111
138404 1 99
138434 1 122
138447 2 124
138657 1 685
138721 1 324
139038 2 114
139382 1 255
139921 1 421
140076 10 1453
140881 1 770
141904 1 1227
142926 13 199
143034 1 208
144454 1 345
144893 1 146
145089 1 203
145801 2 64
147024 7 561
147137 3 395
147231 1 145
148322 8 120
150631 4 196
150721 4 238
150790 1 86
151180 4 216
151601 2 92
152226 1 87
152494 1 118
152661 27 754
153640 1 632
154117 5 1341
154275 5 588
154496 1 73
156451 7 187
157969 1 775
158386 1 82
159065 1 73
160885 2 127
161348 4 108
161816 1 1976
161976 1 122
162792 1 165
163371 1 756
163722 6 184
163917 1 615
164733 15 1231
164929 6 101
165119 3 88
165120 1 89
165211 1 508
166053 1 68
166963 1 220
167156 8 170
168028 5 165
168137 1 80
170071 1 178
170926 5 125
173260 1 94
174655 1 130
175530 7 780
175992 4 2405
176128 3 336
176595 10 217
177222 1 3487
178381 30 1825
178520 2 1667
178623 3 119
178888 1 1030
179232 4 409
179265 3 3275
180078 4 155
180148 13 1367
181356 2 1211
182871 4 136
183723 3 428
184133 3 142
184477 2 60
184511 9 2328
184652 1 2495
184872 2 84
184943 3 1998
185052 9 1160
185098 3 1852
185650 4 192
186684 4 146
186686 3 102
187799 7 542
187852 1 1997
187949 4 132
188800 3 164
188928 6 185
189050 1 238
189145 26 1886
189307 1 566
189679 2 1341
190125 4 104
190142 4 123
190562 2 107
190862 3 117
190914 3 85
191004 2 1321
191212 4 107
191472 1 120
191725 5 120
193863 13 1043
193865 2 1096
195188 1 137
195711 4 749
196240 1 83
197430 2 111
198000 1 1591
198021 6 516
198086 2 76
198673 1 461
198900 1 1145
199481 3 108
199757 5 110
201446 11 1758
202018 3 79
203342 4 975
203505 4 104
204729 4 173
205006 4 109
205210 8 191
205804 1 6249
206517 1 231
207510 1 130
207985 41 2321
208601 1 3386
208616 1 519
209509 1 105
210439 4 125
211130 1 121
211432 3 78
211433 1 105
211436 6 182
211439 2 113
211443 5 131
211445 4 110
211739 4 187
211860 5 194
212431 2 517
212505 1 779
212548 3 73
213395 1 1345
213987 7 171
214361 47 2074
216194 1 151
216215 6 103
216411 3 118
216455 1 138
216459 2 110
216810 18 1053
217197 1 70
217250 4 797
217251 1 996
217771 1 1282
218572 14 712
219006 3 112
219081 3 100
219292 1 103
220398 4 112
220618 4 84
220840 1 108
221102 1 144
221419 1 117
221778 2 116
222867 9 1374
223332 1 751
224765 1 337
224791 5 573
224876 2 115
225104 4 130
225631 5 100
225874 6 121
225971 1 372
226071 1 104
226074 1 136
226138 3 97
226243 2 715
226656 1 136
227628 11 116
228126 2 102
228875 2 9263
228995 7 134
230441 4 155
230708 2 99
231024 2 82
232412 1 389
235560 1 723
237923 2 1831
242177 1 389
243227 1 4804
244145 1 10680
244515 3 137580
245065 3 28651
245072 2 5354
245077 1 352
245722 29 32503
246003 33 79294
246140 1 391
246603 1 39939
247079 2 4323
247209 1 48787
247469 1 160821
247550 4 255154
248610 54 211360
250073 2 19941
252921 8 52519
253061 4 10802
253593 7 171848
254108 4 174176
254871 1 36421
255417 6 27737
256001 1 4911
256341 4 36933
257345 3 89736
267143 2 367
272638 6 921
276379 1 499
276404 1 497
282022 2 732
285220 1 356
285575 31 725
287570 4 356
290580 7 633
291507 8 437
291796 1 546
291857 1 546
291904 1 547
293623 13 668
293624 33 785
293803 9 477
293806 5 358
295180 10 541
307991 1 520
310939 9 199
310940 20 428
311355 9 64459
312340 2 373
314324 2 234
314512 4 52248
316544 7 231
319904 3 124
323145 1 867
337188 1 254
342004 1 2079
346831 4 106
349271 2 131
351759 2 39
355578 3 126
356763 2 50
356912 3 148
358137 1 511
359544 4 550
361382 1 584
363407 1 578
370831 5 209
372228 10 230
372293 5 154
380500 1 395
383718 10 368
384822 1 492
389070 2 72
389242 3 165
395491 1 482
398850 5 107
402660 4 123
414615 2 526
415344 1 381
415518 1 154
417201 1 71
420288 1 336
421707 1 138
423675 9 375
425826 2 68
431914 3 176
432972 3 459
435952 1 461
442861 1 492
445743 1 604
449324 3 841
449859 1 694
450404 16 491
453295 5 96
454559 1 469
458197 1 108
459308 6 475
462644 2 108
466684 8 212
467067 14 312
467077 7 173
471613 7 279
473703 3 87
479894 1 286
486114 10 148
488647 1 52
489206 2 484
489701 3 438
490363 3 107
493626 2 240
497015 3 549
504056 4 151
506253 15 549
509236 6 168
511288 3 198
513468 1 1170
513669 3 40
513781 11 287
514115 3 242
520565 9 239
521397 1 422
524332 2 97
524494 2 85
364 1 200
1677 1 116
2567 4 396
3395 6 250
4075 15 365
4891 6 267
4930 6 363
5022 4 330
6830 4 336
7041 1 447
7762 1 416
7920 1 490
9518 3 157
10337 11 442
10471 7 313
10505 1 92
10616 7 360
10816 2 414
11179 6 229
11392 1 313
13097 1 305
13405 4 563
13738 2 401
13743 3 364
13862 2 313
14184 13 321
14187 1 320
14651 10 510
14711 1 556
14732 1 509
16271 12 417
18170 1 343
18966 8 280
19107 1 378
19497 1 471
20376 7 275
20491 1 296
24409 1 401
24442 5 244
25108 2 337
26075 3 102
27957 1 271
28321 1 291
28950 3 254
29182 2 413
30762 1 188
32191 4 259
33286 6 138
33372 4 396
34041 2 299
34311 1 301
34846 2 430
34959 1 399
35105 1 195
35698 8 155
36487 2 422
36508 1 298
37386 8 200
38692 1 16
38930 1 257
39028 4 311
39631 2 312
40457 2 387
42418 1 332
42940 1 352
43996 5 248
44906 8 264
45854 7 346
48908 8 229
48957 10 291
50712 1 338
51721 1 256
52304 3 482
52312 1 493
52682 1 333
52757 1 425
54261 2 455
55309 1 619
55494 1 606
56116 6 317
56972 1 318
57335 1 168
57554 1 372
57566 1 369
57678 1 262
58262 2 588
58782 1 681
58784 23 599
59964 2 433
60113 3 220
60218 1 342
60326 2 243
61257 1 280
61285 6 315
61302 2 361
61380 5 264
61797 18 529
61954 5 301
62247 2 217
62741 1 246
63211 2 216
63640 1 490
64020 1 456
64092 1 374
64099 1 446
64290 1 566
64495 1 427
64937 1 189
65118 1 203
68790 2 100
68940 1 599
72328 2 104
72367 2 263
73252 1 183
73303 2 397
73783 8 222
74126 4 231
74143 3 273
74374 4 138
75782 4 307
75896 1 490
76000 1 256
76094 4 527
76241 7 211
76263 8 308
77335 5 464
77605 1 566
77728 6 134
77876 1 435
77877 17 560
85368 8 74892
85645 4 153229
85773 1 82661
86753 3 173871
91406 13 3040
91871 5 23431
92733 2 14911
95646 7 1088
97550 15 20368
98710 57 21905
98725 1 1159
100248 2 622
100381 2 543
100708 1 133
101004 6 1051
101201 3 108
101211 1 679
101856 3 524
102019 1 318
104241 1 563
104359 3 329
104684 3 251
104920 1 1519
104999 1 329
105638 1 513
106763 1 537
107383 3 1105
107398 4 1234
107748 1 808
108347 4 662
109120 1 598
109453 1 751
109833 4 681
110476 1 372
110663 1 446
111986 11 719
113523 4 660
113532 2 508
116003 2 795
116102 11 544
117861 1 822
118345 7 774
118677 1 709
118702 1 54
118890 3 194
119502 1 604
119510 1 526
120001 6 709
120887 6 535
120895 5 640
121376 1 484
124218 15 1464
126305 1 730
126332 1 513
126644 9 1236
126824 3 588
127588 1 123
127621 3 1248
128252 4 369
129645 1 598
130181 1 622
131799 5 320
132445 1 492
132726 1 641
132740 5 139
132799 4 165
132834 2 512
133700 1 186
134461 1 695
134482 1 476
134991 1 1007
135012 1 493
135058 1 422
135991 1 816
136014 1 1035
136418 1 548
137314 1 868
138046 2 645
138149 4 555
139487 1 742
140947 1 384
141904 1 1227
145982 2 434
146378 4 1317
146816 2 60
147626 4 286
147673 4 589
148873 5 678
149032 5 721
149300 1 118
149531 5 795
150096 1 696
150130 1 1179
150450 2 323
151968 1 1213
152145 1 1060
152250 1 173
152661 2 754
153210 2 106
154043 1 1000
155606 2 489
156248 1 607
156653 1 309
156687 1 905
159022 1 553
160696 1 123
160991 2 680
161717 1 1271
161930 1 1169
162259 3 300
162269 1 884
162788 1 1230
162795 1 164
162850 1 1203
163424 1 751
163594 4 1165
164365 2 643
165180 2 755
167357 1 356
169599 1 621
171041 1 504
171422 4 510
172489 1 1113
173389 1 619
173652 3 655
173924 1 967
175258 3 148
178888 1 1030
184510 2 1601
184511 2 2328
189765 3 2513
193730 3 112
195216 1 3571
206687 2 3540
213893 2 423
216166 2 1548
220840 1 108
225595 2 1419
225631 1 100
231151 1 596
233127 1 661
233978 1 846
234042 1 1075
235560 2 723
236166 1 580
237740 8 161
239453 10 739
241002 34 2301
242177 7 389
243227 1 4804
246603 1 39939
248264 29 23767
250360 2 7570
251589 1 1090
252154 1 29717
253452 6 655
253593 1 171848
256001 2 4911
256341 1 36933
257312 1 16694
257345 1 89736
263293 2 456
280755 2 32241
280947 1 242
281356 14 468
281362 11 265
281363 13 338
281372 9 193
281376 11 492
281377 13 256
281395 8 351
281396 14 351
281401 11 340
281403 13 401
281405 14 299
281418 4 441
281423 12 311
282694 11 559
283058 1 4148
285220 1 356
291164 2 254
293647 1 339
303114 1 290
304976 2 104
311355 2 64459
316140 1 512
318310 1 538
320045 2 88
323559 6 251
325910 3 863
330012 1 30
330018 1 30
337929 1 271
339471 1 781
345011 6 174
347061 1 931
349686 1 453
352690 1 346
354626 1 428
356070 1 555
365482 4 464
366013 1 746
371350 4 787
371353 1 314
374504 1 148
375916 2 455
378192 3 122
380500 2 395
386704 9 734
389070 1 72
390464 1 298
393233 2 695
396019 2 254
401435 3 432
404470 1 526
414615 1 526
415522 1 118
418476 2 509
418501 7 723
423675 1 375
426288 1 524
428348 2 232
430565 4 751
430959 1 533
432972 1 459
433878 5 176
434100 1 424
434113 1 360
435473 2 598
437604 1 182
437632 4 64
438898 2 574
442134 4 586
442861 1 492
444277 1 435
445275 2 825
445743 1 604
448576 1 1169
449210 2 617
449324 1 841
450716 1 171
451143 2 784
454559 1 469
454727 2 609
456387 1 215
457356 6 323
458197 1 108
462209 1 458
468175 2 583
475201 1 645
479894 2 286
481937 1 149
482044 1 605
489701 5 438
492425 5 177
496054 1 183
497861 3 147
509169 1 562
513468 1 1170
515944 1 738
521397 1 422
2927 1 595
2963 1 507
3809 1 383
4770 1 419
5022 1 330
5940 2 210
7597 1 385
7669 2 643
7762 1 416
12350 13 288
14151 2 140
14711 1 556
19497 1 471
20402 1 279
20577 3 410
20768 1 355
20887 1 459
20954 1 232
21183 1 346
22171 1 414
22228 1 325
23681 1 448
28950 1 254
29182 1 413
29690 1 379
29902 1 388
30107 1 390
30283 1 365
31245 3 221
32569 1 452
33967 1 185
34311 1 301
34499 1 376
35260 1 377
35410 1 237
36480 1 426
36487 1 422
36805 1 315
38162 1 434
39516 1 944
39631 4 312
44163 1 481
44631 3 440
44906 1 264
45332 4 256
46298 1 232
47691 1 372
48021 1 494
50719 1 546
51262 1 275
51370 1 535
51669 1 383
51721 1 256
52065 1 400
52710 1 460
55044 1 395
55152 2 443
55309 1 619
55494 1 606
56059 3 318
56467 1 363
56972 1 318
57022 1 402
57554 1 372
57566 1 369
57625 1 275
58165 2 528
58175 1 84
58361 1 366
58495 1 303
59084 1 310
59252 2 439
59265 1 335
60407 2 353
60498 2 432
60629 2 215
63026 2 558
63640 1 490
63678 1 395
64092 1 374
64099 1 446
64290 3 566
64495 1 427
64747 1 185
65970 1 216
72771 1 477
73221 1 277
73812 1 360
74143 1 273
74151 1 306
74269 1 274
75171 1 136
75896 1 490
77876 1 435
77877 1 560
78525 1 380
80724 1 963
81758 74 27189
82003 1 7664
82456 1 315
85368 3 74892
85481 3 70500
85645 6 153229
85773 4 82661
86034 6 48792
86753 25 173871
86784 1 20385
88787 13 16639
89432 3 38895
89686 4 18025
89986 1 2909
90783 27 22898
90798 19 9998
91871 19 23431
91881 37 1693
91905 2 1656
92188 7 64658
92329 7 64673
92609 21 24495
94102 1 5705
94170 2 9257
95390 5 7502
96029 1 21896
96049 7 78606
96424 19 38462
97550 14 20368
98710 1 21905
98879 2 16353
99070 4 18260
99833 2 661
100096 1 135
100176 1 323
100235 1 392
100241 2 324
100810 1 38
100907 16 1063
100974 1 1190
101110 3 523
101227 1 490
101233 1 45
101692 1 632
101850 3 283
101902 4 403
101930 2 483
102159 1 752
102541 4 297
102868 4 305
102937 1 561
103087 2 478
103122 1 1100
103588 1 692
103828 3 351
104132 2 113
104256 1 524
104560 1 471
104649 1 382
104748 2 291
104885 1 623
104951 1 1174
105331 1 445
106058 1 492
106076 2 247
106181 3 581
106217 2 182
106619 1 343
106834 1 77
107006 1 235
107356 1 59
107507 2 432
107513 1 652
107754 3 337
107864 2 159
108063 1 695
108293 1 526
108312 1 59
108458 1 172
108461 1 601
108540 1 418
108943 2 461
109453 3 751
110143 1 501
110189 1 861
110204 1 432
110351 1 499
110471 4 384
110571 2 103
110766 1 760
110889 1 1278
110919 2 399
111203 2 452
111780 3 362
111788 2 194
112192 1 466
112375 1 544
112443 5 588
112448 7 106
112532 1 438
112545 5 465
112827 2 210
113092 2 133
113677 1 517
113820 4 231
113909 4 156
114094 2 710
114393 3 540
115067 1 1752
115134 4 153
115263 1 43
115377 2 747
115748 1 1316
116445 1 1090
116932 2 159
117194 1 737
117322 1 445
118677 1 709
118785 1 394
118816 1 292
118853 2 141
118904 1 651
119682 1 962
119747 1 1261
119755 3 335
119948 1 477
120260 2 1374
120351 3 474
120462 6 586
121660 1 44
121859 1 106
122733 1 182
122952 3 701
122992 1 116
123016 2 223
123133 1 327
123425 8 302
123747 2 841
123886 1 255
123929 1 615
124032 3 135
124212 2 111
124255 1 418
125614 2 2113
125970 1 611
126038 1 356
126225 2 699
126226 1 71
126645 1 743
126819 1 299
126824 1 588
127065 1 123
127300 5 408
127370 9 254
127456 1 140
127534 3 648
127583 6 141
127611 1 156
127621 2 1248
127804 2 427
128078 1 313
128243 1 497
128315 1 542
128602 1 438
129453 2 226
129628 1 550
129932 4 387
129936 1 362
131801 1 423
131834 2 832
131964 2 85
132402 2 2389
132496 2 185
132569 1 444
132638 2 725
132678 3 81
132726 1 641
132770 1 366
132807 2 1146
132834 1 512
133215 2 511
133394 3 139
133485 1 126
133565 1 81
133976 3 80
134131 1 429
134723 1 168
134991 1 1007
135216 2 291
135243 1 304
135279 1 1216
135991 1 816
136418 1 548
136489 1 394
136892 1 298
137007 1 68
137068 9 368
137182 1 617
137267 1 744
137584 1 187
138100 1 486
138245 2 226
138816 1 751
138991 1 596
139007 1 635
139140 1 137
139193 7 172
139487 1 742
139921 2 421
140147 1 432
140152 1 176
140197 1 472
140385 1 578
140947 1 384
141150 2 255
141191 3 681
141663 1 692
141753 1 331
141778 1 107
141821 4 170
142559 1 80
142927 2 271
142946 1 311
143148 1 661
143423 1 112
143543 7 527
143600 2 143
143632 1 534
144154 3 603
144416 3 619
144842 1 519
144860 2 353
144938 3 1216
145142 4 468
145171 1 314
145218 1 145
145485 3 434
145507 1 456
145794 1 402
146006 1 403
146013 1 866
147029 1 1047
147208 6 493
147522 1 1280
147617 1 173
148223 2 784
148593 2 309
148873 1 678
149220 1 788
149330 3 225
149374 3 250
149407 2 231
149417 2 1203
149993 1 641
150016 2 1140
150096 9 696
150140 1 483
150631 1 196
150708 1 665
150787 1 96
150945 1 566
151538 1 129
151626 2 711
151718 2 149
151768 1 128
152041 2 766
152046 2 72
152145 1 1060
152171 1 122
152200 1 819
152250 1 173
152353 1 176
152881 1 287
153034 2 147
154043 1 1000
154117 2 1341
154509 1 432
154588 1 436
154678 1 316
156218 1 690
156405 1 109
156505 3 86
156611 1 171
157225 1 367
157370 2 490
157749 2 125
157856 1 628
158708 1 214
159022 1 553
159193 2 1603
160209 1 110
160212 1 346
160269 2 567
160430 1 531
160533 1 112
160580 2 140
160991 1 680
161095 1 646
161126 1 105
161684 2 142
161717 1 1271
161788 9 641
162214 1 391
162269 1 884
162850 1 1203
162982 2 162
163424 1 751
163450 3 139
163594 1 1165
164403 1 534
164507 1 508
164700 2 144
165180 1 755
165244 1 396
165328 1 360
165498 10 697
165739 1 60
165768 1 263
166078 1 374
167133 2 553
167230 5 387
167593 4 2703
167708 1 506
167849 2 142
168078 1 575
168125 1 608
168712 1 126
169340 1 507
169599 1 621
170115 1 60
170650 1 257
171033 1 627
172068 2 477
172476 1 507
172502 2 314
172668 2 104
172740 2 443
173389 1 619
173753 1 410
173756 1 166
173762 2 393
173924 1 967
175034 1 403
176570 1 83
176963 3 359
179265 3 3275
179786 2 303
181311 3 685
181356 4 1211
181735 1 371
182219 3 111
182859 1 90
182878 1 106
184047 3 89
184510 8 1601
184511 3 2328
185052 1 1160
185094 19 1358
185307 1 119
185798 2 125
186915 2 110
187068 1 81
188039 3 115
189679 1 1341
189766 30 2808
189979 1 69
193731 1 97
195216 1 3571
195424 7 1937
195435 5 1334
195711 1 749
196123 10 130
196360 1 127
196841 1 129
197233 1 63
198673 2 461
199612 3 700
200439 3 87
201446 15 1758
201516 1 570
201902 1 105
202224 2 89
204671 2 425
205051 1 90
205804 16 6249
206340 2 714
206687 2 3540
206712 1 1756
207035 5 120
207510 1 130
208601 1 3386
208616 2 519
210648 1 106
211078 2 114
211260 2 113
211445 1 110
212431 1 517
212505 2 779
212695 4 550
213905 3 1999
214808 1 91
215268 2 103
216166 1 1548
217227 11 3575
217250 2 797
217251 3 996
217398 2 83
219760 1 94
221425 1 114
221427 1 132
221685 1 2595
221725 1 142
221776 1 75
222967 1 81
222973 1 81
224472 1 73
224765 2 337
224791 1 573
224882 1 112
225417 1 71
225595 1 1419
225769 1 641
227071 1 96
227243 1 79
227674 2 115
230474 12 1768
230759 1 87
230940 2 2049
231381 1 520
233127 2 661
233978 1 846
235355 1 197
236253 2 1431
237983 2 595
238733 1 1450
239181 1 739
239453 1 739
240370 1 702
241816 2 1228
242966 1 4791
243227 1 4804
243688 2 123
244145 8 10680
244515 23 137580
245072 1 5354
245122 8 20319
245722 2 32503
246122 1 447
246140 1 391
246603 5 39939
246615 1 9076
247153 1 17318
247209 3 48787
247469 3 160821
247550 14 255154
248264 2 23767
248712 2 11964
248809 5 45708
248906 1 14258
249076 3 36189
249151 6 38079
251485 2 29531
251589 1 1090
251785 1 19094
252154 4 29717
252939 1 4993
253061 2 10802
253593 8 171848
254108 8 174176
254871 1 36421
255417 2 27737
255476 6 44402
256001 1 4911
256073 1 6368
256341 2 36933
256604 6 37731
256623 4 6330
256981 10 117
257312 3 16694
257344 13 45609
257345 17 89736
258117 7 104
267898 5 352
268294 19 445
268295 18 445
268298 15 327
276348 2 604
280104 5 493
280446 5 785
280755 9 32241
281883 8 238
287900 9 363
290273 2 473
291797 1 528
291858 1 221
291893 1 507
291905 1 221
293098 3 8237
293647 1 339
304232 2 753
304233 2 648
304244 3 694
311355 1 64459
316140 1 512
316172 2 391
316237 1 116
320478 1 93
321198 1 188
324188 1 45
325069 1 57
325910 1 863
327283 2 491
330009 3 52
332630 2 35
334197 1 124
337924 1 145
339177 1 387
339728 1 144
346086 1 278
348066 1 508
348636 2 601
349702 1 404
352690 1 346
353892 1 269
354940 1 193
355441 7 102
356070 1 555
356078 1 647
358137 1 511
363407 1 578
366634 1 55
375916 1 455
377273 1 358
377643 1 784
379376 1 402
386010 2 439
386279 2 419
391118 2 1672
392160 2 444
392438 1 435
393822 1 371
396019 1 254
397062 1 391
397692 1 662
401880 1 409
403540 1 491
410212 3 559
413700 2 860
415514 1 179
415518 1 154
415520 1 197
415522 2 118
418476 1 509
418501 2 723
419976 1 388
421235 1 426
421707 1 138
426050 1 476
426288 1 524
427896 1 564
428348 1 232
430565 1 751
430959 1 533
433536 1 581
435473 1 598
438757 1 288
439579 1 404
442064 1 387
444277 1 435
445743 3 604
448576 1 1169
449210 1 617
451408 1 231
453448 1 305
453667 1 227
453732 1 419
454012 1 278
454727 1 609
457356 1 323
458961 2 68
460084 2 283
460966 1 616
462209 1 458
462644 1 108
468010 1 546
469697 1 283
475201 1 645
475574 2 690
477425 1 534
480729 1 679
481190 1 464
482044 1 605
484230 4 608
487864 2 385
488923 1 594
490017 1 451
493626 1 240
495143 1 311
496612 2 639
497015 1 549
499106 1 307
500064 1 400
500480 2 568
500630 1 524
500883 1 176
501607 1 213
501763 1 789
502748 1 379
504426 1 511
507142 2 1078
511288 1 198
511345 1 311
514983 1 365
520299 1 512
521401 1 664
523802 1 165
524009 1 146
524288 1 158
524731 1 139
