85368 2 74892
85481 2 70500
85773 1 82661
102904 1 359
103898 1 70
119219 1 722
122076 1 79
124681 1 967
125256 1 480
126537 1 564
127765 1 1086
129363 1 470
145582 1 134
145988 1 296
150375 1 136
155758 1 608
160888 1 618
162252 1 610
171228 1 483
219505 2 2185
219506 2 2187
235396 5 1859
240975 1 1024
243248 1 97794
243328 1 30540
244295 1 43543
244515 3 137580
244740 1 33732
245923 1 9815
247209 1 48787
249151 6 38079
249570 2 33965
250360 4 7570
250752 1 9632
252555 1 27002
252921 7 52519
253067 1 104143
253557 3 37233
255733 2 4750
255777 1 64507
256604 3 37731
256623 3 6330
256626 1 4586
257197 1 7132
257344 1 45609
257345 3 89736
257865 2 35772
311355 5 64459
338138 1 260
399274 1 128
403403 1 618
503316 1 600
91 1 268
671 1 176
735 1 289
923 1 566
1267 1 191
1336 1 382
1910 1 280
2224 1 106
2678 1 379
2766 1 267
3380 1 397
3457 1 173
3988 1 390
4212 5 502
4768 2 412
5321 1 305
5376 1 282
6255 1 156
6951 1 730
7247 1 144
7525 1 237
7649 1 305
7908 2 315
8012 1 265
8032 1 215
9127 1 460
9536 1 433
10012 2 186
10332 1 241
10753 1 395
10984 2 436
11004 1 486
11067 1 320
11085 1 712
11184 1 558
11256 1 336
11700 1 904
11888 2 484
12181 1 130
12309 1 455
12647 1 283
12835 1 456
13267 1 589
13381 1 178
13392 1 528
13488 1 407
13572 1 388
13674 1 465
13693 1 490
13742 3 560
13850 1 356
13870 2 483
13946 1 484
14002 2 426
14059 2 183
14216 2 470
14304 6 347
14349 2 443
14354 1 537
14515 2 432
14539 1 413
14558 1 446
14682 1 368
14895 1 332
14910 1 209
15393 1 352
15460 1 519
15711 1 534
15719 1 445
15847 1 216
16058 1 402
16115 2 226
16162 1 326
16537 1 179
16578 1 465
16628 1 333
16740 1 438
16980 1 436
17352 2 258
17476 2 527
17984 1 393
18423 2 100
18811 2 129
18851 1 326
19159 1 195
19687 17 252
20380 1 344
20475 1 130
20837 2 346
21045 1 510
21482 1 237
21794 1 248
22103 1 324
22105 1 471
22112 1 176
22549 1 515
23674 1 325
23685 1 336
23772 1 224
24557 1 193
24581 1 234
24864 1 253
24894 1 313
25115 1 477
25243 1 378
25301 2 329
25637 1 332
25831 1 191
25894 1 164
26101 1 459
26185 1 462
26218 1 375
26669 1 403
26702 3 192
27173 1 418
27257 1 615
27343 1 386
27742 1 164
27877 4 689
28067 1 390
28198 4 447
28319 2 130
29602 1 423
30013 1 601
30446 1 382
30552 1 564
30882 1 466
30937 1 210
31330 3 270
31389 2 368
31695 2 187
31852 2 199
32226 1 283
32342 1 425
32746 3 221
33400 1 226
33621 2 189
34086 1 361
34175 1 228
34399 5 394
34521 2 391
35491 1 493
35722 2 367
35790 2 284
35931 2 399
35977 2 167
36130 2 186
36285 1 196
36345 1 238
36398 1 483
36399 1 687
36687 2 270
37082 1 348
37507 1 326
37728 1 421
37853 1 312
38097 1 715
39412 1 546
39663 1 410
40324 1 497
40508 1 250
41455 1 150
41957 1 152
42406 1 311
43374 2 471
43604 1 231
43689 1 537
45216 1 379
45274 1 417
47062 1 444
47194 1 311
48937 1 289
49005 1 394
49186 1 349
49461 1 139
49697 1 542
50188 1 346
50203 1 374
50322 1 355
50339 1 223
50360 1 377
50406 2 644
51259 2 461
51463 1 429
51466 3 394
52294 1 157
52330 1 230
52424 1 300
52438 1 293
53717 2 540
53791 1 416
53889 1 296
53921 1 304
55048 4 174
55281 1 341
55535 5 457
55995 2 213
56231 10 126
56722 1 153
56730 1 209
56784 1 573
56903 1 335
58111 2 282
58680 1 600
58743 2 577
58919 2 425
59013 1 414
59191 1 454
59573 1 527
59840 1 476
59845 2 324
59930 1 608
59932 2 375
60244 2 180
60313 1 259
60612 1 168
60756 1 368
60933 1 327
60956 1 346
60980 1 452
62171 2 368
62180 1 277
62201 1 494
62238 5 263
63168 1 437
63337 1 559
63530 1 268
63707 1 331
63754 1 385
64188 1 259
64264 1 276
64273 1 251
64365 1 197
64521 1 240
64551 1 567
65730 1 232
65880 1 445
66418 2 309
66740 4 299
67334 2 154
67696 1 287
67827 1 223
68953 1 399
69323 1 240
69699 1 496
69758 1 254
69861 1 310
69917 2 327
70521 1 485
70960 1 274
71185 1 249
71241 1 392
71610 2 391
72226 1 263
72365 1 276
72399 3 249
72569 2 299
73122 1 646
73315 2 332
73362 1 449
73756 2 328
74067 3 190
74847 9 123
77194 1 246
77419 1 183
77446 1 213
77982 1 337
78025 4 384
78124 1 113
78251 3 284
78282 1 368
78455 1 155
79152 1 232
79203 2 384
79654 2 185
79704 4 285
79782 2 325
80309 4 390
80577 4 403
84710 10 12373
85192 4 422
85193 4 393
85368 19 74892
85481 12 70500
85638 10 2332
85645 36 153229
85773 17 82661
85856 4 488
86034 11 48792
86055 23 3464
86753 4 173871
86864 3 21422
87472 21 2641
88063 1 8556
90670 2 19768
90764 3 2302
90933 4 433
91738 4 23456
92518 4 477
92723 6 20032
93053 1 260
93654 7 102204
98040 3 24959
98042 7 11707
98048 1 13504
100028 2 391
100520 1 585
100521 1 739
101080 10 533
101162 1 995
101220 1 607
101435 1 985
101508 1 541
101521 1 1064
101593 1 409
101817 3 59
101910 5 142
102142 8 644
102538 1 786
103142 4 149
103149 13 187
103237 1 80
103777 3 177
103979 1 113
103998 1 171
104122 1 541
104210 1 420
105271 4 119
105294 1 510
105364 2 530
105554 3 395
105883 1 550
105931 11 212
105941 1 1142
106279 1 511
106904 2 207
107166 1 203
107174 1 457
107211 1 511
107326 3 207
107386 4 623
107398 2 1234
107399 1 482
107660 1 544
108285 1 351
108292 6 178
108542 1 458
108707 3 1661
109797 5 136
110419 1 116
110663 1 446
111128 1 139
111256 1 521
111928 2 140
112015 4 74
112355 1 527
112731 5 80
112798 3 92
113119 4 135
113155 1 528
113413 1 1135
113565 1 206
113574 5 139
113788 1 223
113923 1 313
114318 1 560
114415 1 473
114696 1 349
114804 1 336
115101 1 427
115144 1 620
115341 1 523
115433 2 104
115896 1 771
115962 2 447
115990 4 539
116050 1 513
116077 1 1139
116184 2 401
116219 3 762
116257 2 1372
116274 2 619
116284 1 508
116583 2 433
116839 2 51
116876 5 84
117030 2 476
117050 1 161
117074 8 265
117129 4 208
117309 1 53
117444 1 537
117715 3 562
117976 5 537
118493 1 88
118674 1 421
118767 1 619
118963 1 441
119035 3 810
119183 1 603
119219 1 722
119577 3 636
119779 1 514
120173 1 159
120518 5 113
120531 1 498
120732 4 141
120918 2 62
121171 7 109
121269 1 464
121322 1 147
121333 1 395
121341 2 744
121503 1 574
121549 2 64
121586 4 1224
122692 3 1739
122730 1 86
122786 1 193
123048 1 197
123087 1 1120
123182 2 437
123184 1 351
123206 1 558
123398 1 638
124189 3 137
124471 10 670
124571 1 862
124668 1 323
124681 3 967
124817 2 615
124870 1 169
124985 2 582
125434 2 1045
125453 2 910
125660 1 163
125996 3 481
126265 1 148
126309 3 1108
126533 1 455
126636 1 386
126808 1 817
126834 1 360
126969 6 85
127689 1 648
127699 1 241
127825 2 83
128450 1 654
128481 2 75
128702 1 501
128944 2 397
129051 1 676
129232 1 183
129252 1 368
129286 1 1245
129341 3 617
129439 5 1341
129486 1 541
129613 4 637
129859 3 1551
130324 3 598
130456 3 535
130606 3 615
130880 3 586
131242 1 431
131349 1 436
131356 6 352
131580 1 414
131989 2 167
132387 1 232
132666 3 144
132749 2 1653
133003 1 446
133381 1 804
133792 2 104
134352 1 486
134372 1 1817
134632 4 494
135009 2 75
135214 2 419
135325 5 531
135363 1 1149
135967 1 588
136334 3 472
136758 4 152
136860 1 248
137453 4 152
138274 4 509
138288 3 102
138535 5 552
138608 1 94
138643 1 251
138751 1 144
138812 3 577
138992 3 580
139134 3 74
139414 3 135
140271 1 660
140721 1 751
140903 4 179
140986 3 591
141059 1 687
141249 2 590
141381 1 129
141506 2 116
141860 5 827
142292 1 1627
142336 1 762
142379 1 702
142699 1 785
142839 1 191
142925 1 580
143110 1 482
143396 2 151
143531 1 669
143641 6 527
143823 3 113
144338 1 593
144429 1 579
145857 1 854
146362 3 92
146464 3 114
146481 1 1638
147121 2 607
147284 6 160
147615 1 520
147809 3 656
147828 1 648
147877 1 621
148211 1 430
148657 1 279
148675 1 946
148697 1 1082
148883 1 707
148980 3 107
149009 1 755
149011 1 726
149243 1 443
149765 2 71
149907 4 210
150197 1 841
150334 2 519
150375 4 136
150486 2 339
150511 4 644
150808 3 463
151078 2 535
152131 2 605
152216 1 532
152752 1 565
152995 1 1190
153179 1 811
153856 3 546
154031 1 507
154754 1 465
154787 1 454
155523 1 422
155765 1 1091
155896 5 112
156633 2 120
156729 1 523
157014 2 420
157482 2 93
158545 3 942
158734 1 676
159020 5 271
159335 5 161
159453 1 876
159734 2 800
160108 3 693
160326 1 378
160340 7 389
160725 2 210
160788 2 55
160818 2 72
161002 1 473
161057 1 741
161232 2 101
161369 4 420
161522 1 189
161567 1 426
161635 4 383
162180 4 501
162491 1 747
162969 3 966
162984 6 122
163074 1 889
163132 1 676
164121 1 477
164137 1 267
164168 3 115
164384 1 336
164390 3 315
164472 1 522
164475 3 413
164815 2 452
165425 2 551
165486 6 333
165630 1 713
166660 1 62
166688 1 1013
166868 3 117
167376 1 218
167626 1 537
167631 1 158
167822 4 84
168001 1 589
168117 4 170
168748 3 690
169102 3 541
169129 1 110
169169 2 318
169984 1 444
170478 4 95
170875 1 170
171095 5 177
171392 3 592
172422 3 2130
172731 1 402
173331 10 300
173448 1 64
173453 7 149
173938 1 407
174044 2 246
189092 2 115
195218 11 7187
207110 2 390
214501 1 84
231292 2 755
231309 2 257
231356 4 348
231663 11 288
231688 5 760
232301 3 1510
232432 1 514
232514 7 368
232683 2 917
232711 3 1496
232892 1 1614
233512 7 418
233514 2 278
233864 1 208
234485 3 134
234802 3 1046
235029 1 372
235113 3 629
235217 2 635
235262 1 396
235396 1 1859
235555 3 1552
235775 1 1518
235842 1 2223
235928 2 366
235975 1 435
236644 1 1307
236675 1 201
236720 3 492
236983 5 1688
237025 1 511
237280 1 301
237484 7 182
237485 4 241
237610 1 213
237759 10 1465
237785 6 705
237993 1 391
238070 7 1320
238300 3 1911
238616 1 676
238923 3 18797
239342 2 117
239706 1 1598
239711 2 1412
239716 2 275
239775 1 1077
239929 6 4246
240197 5 2723
240366 10 117963
240702 4 455
240791 1 905
240854 3 252
240975 2 1024
241452 4 340
241721 2 292
241751 3 2509
241789 1 262
242671 25 2793
242856 4 3371
242861 38 2284
242868 8 16984
242873 2 5564
242893 1 8294
242895 133 17086
242904 4 7122
243025 48 6855
243196 11 13700
243248 39 97794
243327 8 8333
243328 27 30540
243510 4 4690
243565 7 14930
243568 19 51992
243633 2 3548
243636 30 73383
243646 4 5855
243742 5 52641
243790 4 4518
243828 6 9735
244000 7 5203
244247 4 2093
244295 15 43543
244400 50 18019
244515 59 137580
244522 1 2685
244678 48 16930
244740 50 33732
244742 20 48422
244846 32 32902
244877 30 445
244994 12 10504
244998 8 56078
245011 17 10535
245029 9 93035
245284 10 11872
245372 4 8138
245458 1 5144
245467 2 1272
245734 3 1244
245822 4 377
245886 3 3984
245887 4 4328
245889 3 4319
245923 5 9815
245998 4 26287
246003 7 79294
246142 4 1339
246153 1 100
246220 22 47306
246350 2 3664
246381 2 3165
246695 65 65027
246747 23 3112
246877 3 6449
246889 2 3384
246923 17 8941
247209 3 48787
247389 1 489
247406 18 42749
247469 60 160821
247516 1 17927
247523 1 151
247550 40 255154
247747 1 7689
247826 19 14203
247974 3 15560
248179 16 34397
248344 1 3929
248480 11 20931
248562 18 40310
248610 20 211360
248634 35 38855
248788 11 56946
248992 1 1680
249046 8 1557
249151 23 38079
249261 15 4390
249288 2 3504
249570 6 33965
249740 26 228328
249798 3 3667
249902 3 35189
249966 125 18920
249985 1 1188
249993 2 9677
250059 13 37994
250073 31 19941
250331 17 19950
250360 5 7570
250436 1 19241
250438 4 7362
250445 1 2508
250458 3 3045
250459 8 721
250616 6 37169
250752 11 9632
250893 142 42856
250896 8 14234
251017 1 146
251027 18 42465
251085 8 15468
251370 1 131
251525 10 18764
251736 5 4175
251770 15 3376
251785 18 19094
251945 1 1715
252305 1 629
252474 8 81579
252554 5 13441
252555 32 27002
252668 1 114
252757 2 3644
252921 2 52519
252924 5 17447
252986 4 40464
253018 44 331696
253067 50 104143
253213 1 546
253297 2 588
253311 3 35432
253354 16 57179
253462 6 48129
253557 76 37233
253593 14 171848
253661 38 22094
253795 8 27039
253805 7 293
254108 9 174176
254171 3 3156
254264 1 2941
254397 1 3483
254569 9 12506
254929 10 4509
254930 15 6349
255144 8 25727
255289 29 51128
255291 10 16491
255538 15 16755
255590 1 117
255634 5 29071
255691 1 3597
255733 3 4750
255777 22 64507
255830 18 84137
255984 4 3769
256003 3 3338
256004 1 4283
256155 6 22080
256282 11 10491
256283 26 34425
256604 45 37731
256605 7 11662
256623 9 6330
256626 2 4586
256847 2 24054
257016 1 7719
257049 29 26471
257197 4 7132
257201 2 10688
257305 3 37731
257306 4 19070
257344 25 45609
257345 68 89736
257375 1 440
257474 2 8990
257812 11 103213
257865 31 35772
258145 6 25755
258361 7 26906
258368 3 630
258372 1 311
258374 31 9000
258435 1 5203
258499 3 4048
258559 5 52150
258694 8 2694
258844 8 16991
258846 4 18003
258856 15 6607
258987 23 21620
259009 17 4817
259053 6 29094
259115 1 25791
259128 4 9702
266724 2 386
267656 2 337
268170 5 251
268663 4 466
272758 4 304
274509 4 459
274547 4 248
275726 4 278
285791 6 401
291966 10 583
292885 4 302
293617 7 463
294558 2 166
294559 2 256
297136 4 392
300473 4 175
300475 4 511
301247 1 328
302664 7 512
303699 2 287
303704 1 846
306783 2 11472
307681 2 272
309120 4 396
309970 4 457
311355 1 64459
312480 15 373
312481 6 428
326180 2 259
328422 2 231
329033 1 137
337252 1 126
340966 1 75
346095 5 765
354759 3 195
355678 1 206
357727 2 94
360529 1 261
363505 1 644
369479 1 364
375113 1 37
379805 2 101
380650 2 37
391511 3 198
400992 1 70
401363 1 293
406326 1 509
406671 1 246
415041 10 271
433529 1 644
441857 1 565
444119 1 792
445665 1 227
448479 3 203
458568 1 160
458804 1 213
460165 2 158
462274 1 235
462366 2 182
473866 1 228
476211 2 73
479602 1 310
480386 1 130
481391 1 71
481746 2 490
481956 6 85
484227 1 384
485349 1 315
490439 1 247
499903 1 640
499910 1 856
502050 1 808
503686 1 264
505372 1 439
507875 1 181
509273 1 495
510488 2 359
513813 1 127
520495 1 263
521520 3 138
521692 2 175
349 5 514
464 3 370
532 4 200
586 1 412
735 2 289
1203 2 338
1340 1 347
1990 2 572
2147 2 507
2273 3 501
2766 1 267
2921 8 313
3391 1 191
3547 1 203
3648 5 206
3703 3 573
4348 3 348
4607 2 233
4768 2 412
5321 1 305
5832 5 176
6951 7 730
7247 2 144
7525 1 237
7628 2 224
7908 12 315
8012 10 265
8032 2 215
8049 1 399
8101 4 497
8306 1 285
8789 1 249
8860 2 320
9536 3 433
9739 1 209
9800 2 244
10063 2 383
10667 1 305
11029 1 260
11067 2 320
11201 7 572
11256 3 336
11312 2 345
11570 1 178
11888 1 484
12417 3 268
12673 2 316
12835 1 456
12842 2 296
12934 1 125
12995 2 248
13000 2 100
13143 2 238
13169 1 380
13267 2 589
13392 2 528
13407 4 494
13425 2 255
13432 1 506
13572 4 388
13619 2 444
13665 4 593
13674 2 465
13742 1 560
13759 2 397
13776 1 538
13777 1 654
13850 1 356
13858 1 481
13870 4 483
14002 2 426
14152 12 146
14178 3 463
14216 1 470
14224 1 341
14349 1 443
14354 1 537
14478 1 409
14485 2 237
14539 1 413
14558 2 446
14682 2 368
14788 3 312
14895 1 332
15221 3 588
15434 1 458
15435 4 441
15672 2 511
15711 2 534
15743 3 424
15829 2 489
15847 1 216
15868 1 336
15946 2 326
15954 1 364
16004 4 342
16036 1 423
16332 1 492
16343 1 456
16396 1 392
16537 1 179
16628 10 333
16740 1 438
16918 1 413
17377 1 520
17945 2 300
18049 1 445
18154 1 225
18289 1 158
18787 2 460
19081 1 381
19308 4 277
19565 3 330
19775 1 212
20045 4 284
20380 1 344
20422 1 315
20475 1 130
20637 3 432
20837 2 346
21045 2 510
21380 4 550
21581 3 389
21712 1 335
21738 2 429
21794 1 248
22020 4 316
22337 1 433
22350 2 531
22383 1 612
22497 7 423
22562 1 327
22652 1 331
23273 1 333
23586 4 198
23665 1 428
24426 2 298
24894 1 313
24984 2 601
25232 2 629
25243 1 378
25435 1 493
25489 1 346
25579 1 381
25807 2 248
25818 2 296
25826 15 494
25831 3 191
26101 1 459
26185 1 462
26222 2 569
26238 1 491
26669 4 403
26698 4 221
26765 1 396
26829 1 239
27026 3 449
27173 1 418
27257 1 615
27343 1 386
27525 2 200
27741 3 514
27812 1 338
27877 5 689
27930 1 289
28039 1 315
28067 2 390
28181 2 393
28198 3 447
28217 2 318
28241 1 277
28302 2 514
28568 1 321
28626 3 151
28667 4 198
28897 1 159
29040 1 266
29210 1 383
29602 1 423
29854 1 225
29905 8 435
30366 1 232
30552 1 564
30715 1 319
30937 2 210
31148 3 218
31330 5 270
31389 1 368
31450 1 376
31695 1 187
31842 1 343
31852 2 199
32200 1 233
32226 1 283
32342 1 425
32514 4 322
32746 3 221
32763 2 520
32986 3 416
33382 2 335
33704 2 264
34194 2 349
34521 1 391
34543 1 700
34841 1 514
34962 1 401
35082 1 155
35491 5 493
35550 2 325
35685 1 205
35891 3 397
36398 18 483
36441 2 302
36615 1 201
36687 1 270
36821 8 524
37131 15 539
37337 1 458
37510 13 324
37994 2 304
38188 1 106
38547 3 296
38601 1 449
39134 1 482
39203 1 575
39223 4 344
39324 1 360
39412 2 546
39444 1 399
39465 1 294
39653 1 326
39659 1 297
39663 1 410
39907 1 349
40005 1 261
40104 2 427
40324 1 497
40508 4 250
40524 2 554
40879 1 306
41130 1 309
41740 3 379
41806 1 344
41991 3 426
42035 2 456
42036 2 385
42095 4 247
42111 2 520
42425 1 493
42862 1 384
43374 6 471
44016 5 344
44559 2 244
44628 3 537
44635 1 274
44638 1 598
44799 3 338
44943 2 334
45216 3 379
45235 3 163
45274 2 417
46128 8 431
46172 1 212
46216 5 405
46422 6 345
46517 6 433
46680 4 407
46794 8 315
46819 5 202
46979 1 310
47062 6 444
47149 1 525
47233 1 546
47530 1 324
48104 3 460
48112 2 129
48421 1 230
48446 2 362
48540 3 542
48759 1 82
48772 1 535
48807 5 210
48809 1 508
48937 1 289
49005 5 394
49464 2 426
49771 2 416
50079 1 599
50188 5 346
50523 5 312
50940 1 451
51246 1 108
51463 2 429
51521 2 232
51635 1 215
51671 1 97
51747 1 102
52294 2 157
52424 1 300
52502 1 376
52552 1 323
52694 1 478
52829 1 446
52912 1 207
53717 2 540
53783 3 438
53791 1 416
53812 1 318
53889 4 296
53915 2 373
53921 3 304
54144 6 446
54236 8 529
54248 1 394
54394 2 459
54466 1 358
55535 2 457
55921 2 402
56231 1 126
56627 1 218
56730 3 209
56784 1 573
56860 1 309
56903 3 335
58079 3 362
58111 3 282
58204 3 348
58253 5 505
58680 5 600
58743 1 577
58919 3 425
59219 1 254
59840 1 476
59845 2 324
59930 4 608
60084 3 385
60244 1 180
60417 2 279
60651 4 494
60980 2 452
61555 1 336
62171 1 368
62180 1 277
62238 3 263
62336 2 468
62347 1 430
62509 1 147
63008 1 457
63089 3 145
63140 3 514
63168 4 437
63337 4 559
63461 1 570
63530 3 268
63641 1 477
63694 1 451
63707 1 331
63739 1 308
63754 3 385
63867 2 456
63967 2 286
63985 2 470
63998 2 239
64071 1 342
64273 2 251
64365 2 197
64521 3 240
64551 2 567
64575 2 374
64618 3 262
64846 3 342
64906 2 204
65078 1 559
65185 1 248
65685 1 561
65727 3 534
65741 1 437
65783 2 529
65847 1 545
65880 1 445
66293 1 298
66418 3 309
66459 5 516
66575 1 295
66622 5 474
66654 1 108
66995 2 439
67042 1 409
67059 1 294
67126 1 701
67233 1 132
67334 2 154
67827 2 223
68469 5 364
68519 4 482
69175 1 322
69284 1 364
69459 2 338
69955 1 334
70379 2 321
70422 2 176
70705 2 264
70732 1 319
71013 1 378
71303 1 379
71501 5 396
71648 3 341
71745 2 321
71947 1 709
72076 2 465
72147 1 313
72365 3 276
72685 2 304
73020 2 416
73315 1 332
73362 3 449
73363 1 498
73756 2 328
73843 1 343
74067 1 190
74634 1 244
74724 1 370
74791 1 125
74988 1 161
75233 2 504
76362 1 170
76605 1 191
76927 2 297
76933 5 537
77005 5 472
77052 2 268
77194 18 246
77439 1 335
77491 1 372
77760 3 384
78025 4 384
78282 1 368
78296 1 328
78361 3 454
78535 3 371
78631 3 359
78717 1 459
78920 6 327
78981 1 483
79006 3 340
79203 9 384
79618 4 227
79782 1 325
79829 1 466
80309 3 390
80577 3 403
81351 3 13810
84710 235 12373
85192 3 422
85193 3 393
85368 44 74892
85481 22 70500
85645 109 153229
85773 112 82661
85856 3 488
86034 78 48792
86055 59 3464
86753 6 173871
86864 208 21422
87472 54 2641
88063 1 8556
90670 1 19768
90764 18 2302
90933 3 433
91738 26 23456
91862 1 657
92518 3 477
92723 610 20032
93089 2 12017
96087 4 8396
98040 27 24959
98042 44 11707
98048 12 13504
99899 3 153
99969 3 197
100028 1 391
100156 1 1296
100366 3 518
100520 3 585
100710 8 425
100728 1 96
100805 16 496
100880 2 464
101204 5 143
101220 4 607
101433 1 116
101435 1 985
101508 3 541
101593 2 409
101594 8 748
101710 2 114
102045 4 559
102142 4 644
102149 1 557
102324 1 487
102538 1 786
102852 16 567
102997 5 75
103039 7 101
103063 2 505
103126 8 105
103225 17 427
103237 2 80
103382 4 58
103602 9 804
103706 8 121
104080 2 82
104082 2 119
104122 4 541
104210 2 420
104532 3 816
104877 1 484
104940 1 830
105071 1 496
105364 2 530
105393 1 295
105432 1 734
105920 1 55
105941 7 1142
106442 1 445
106681 2 359
106743 3 95
106767 7 1235
106904 1 207
107101 2 371
107258 1 78
107398 6 1234
107472 2 481
107660 3 544
107711 3 281
107836 7 741
107873 1 420
108163 2 417
108285 1 351
108333 7 296
108707 2 1661
108725 9 156
108795 9 561
109753 1 767
109854 1 359
110179 2 514
110263 1 75
110664 1 171
110734 10 304
110803 2 658
110830 2 300
111128 4 139
111183 15 778
111333 3 153
111365 34 720
111385 14 365
111433 1 567
111448 2 510
111457 7 1267
111685 1 518
111928 2 140
112107 3 252
112355 3 527
112431 3 165
112691 12 423
112736 1 365
112967 1 373
113067 15 616
113068 1 316
113118 3 525
113155 7 528
113195 1 653
113359 22 566
113565 1 206
113679 14 805
113788 10 223
113830 2 623
113846 1 450
113923 7 313
114198 1 404
114415 1 473
114739 1 483
114743 9 1846
114804 3 336
115101 1 427
115341 1 523
115377 1 747
115559 1 639
115621 8 151
115641 2 114
115841 3 1166
115865 2 713
115867 7 102
115896 1 771
115918 1 442
115942 20 739
115962 1 447
115990 6 539
116077 1 1139
116157 1 78
116184 1 401
116219 1 762
116239 2 472
116257 2 1372
116284 1 508
116307 2 448
116538 3 771
116583 3 433
116679 1 452
116926 4 1210
116975 2 395
117409 2 151
117419 26 463
117444 6 537
117507 1 51
117565 11 274
117715 6 562
117743 2 142
117791 3 211
117856 3 566
117976 5 537
118028 2 398
118123 1 354
118348 6 326
118674 2 421
118681 8 488
118767 3 619
118947 23 1149
118963 7 441
119035 4 810
119126 30 600
119196 1 1382
119219 1 722
119280 1 118
119489 6 534
119493 15 1205
119577 2 636
119698 1 5402
119774 26 493
119787 1 281
119885 1 432
120107 1 358
120531 1 498
120554 2 296
120752 3 144
121059 6 521
121121 2 116
121278 25 557
121322 1 147
121333 1 395
121574 1 643
121716 2 509
122047 2 88
122075 3 438
122106 3 614
122440 4 505
122885 4 317
123030 3 690
123087 2 1120
123206 3 558
123226 1 661
123425 10 302
123793 1 766
123805 3 523
123950 1 571
124106 1 623
124181 15 334
124226 1 493
124323 2 391
124404 2 485
124471 1 670
124490 3 434
124571 3 862
124585 7 178
124681 1 967
124758 2 167
124817 1 615
124824 2 511
124870 7 169
124904 1 459
124978 3 394
124985 1 582
125256 1 480
125429 7 144
125434 3 1045
125436 1 829
125447 1 597
125542 9 153
125616 5 580
125660 2 163
125907 5 538
125951 1 350
125990 21 513
126174 2 318
126235 1 446
126469 1 369
126505 2 1132
126533 1 455
126708 5 361
126834 7 360
127149 2 82
127176 1 381
127211 15 376
127425 3 452
127601 6 487
127642 1 418
127689 3 648
127765 17 1086
127870 1 636
127930 1 566
128083 1 495
128104 1 633
128121 4 149
128577 3 656
128600 16 671
128687 6 181
128702 1 501
128939 2 503
128944 1 397
129015 1 546
129067 1 119
129197 2 392
129220 1 246
129232 7 183
129286 2 1245
129341 5 617
129363 2 470
129392 2 976
129410 2 412
129446 2 134
129486 3 541
129627 27 464
130204 6 104
130266 1 948
130606 1 615
130880 1 586
131031 4 453
131242 1 431
131356 1 352
131475 3 177
131748 13 598
131836 9 161
131960 3 586
131989 4 167
132359 2 932
132380 6 162
132749 10 1653
132764 1 461
132912 2 473
132917 1 102
133003 2 446
133097 1 212
133116 14 461
133222 4 585
133471 3 1146
133749 7 588
134127 7 601
134332 2 97
134446 1 149
134616 16 671
134962 1 955
134982 17 556
134983 2 1108
134984 6 588
135325 1 531
135493 1 132
135515 2 644
136273 3 1271
136334 1 472
136392 1 152
136456 1 627
136547 2 431
136851 14 313
136860 2 248
137180 3 398
138017 1 219
138127 1 941
138221 3 115
138274 2 509
138466 11 547
138812 3 577
138881 10 524
138967 2 654
138992 2 580
139324 9 237
139372 1 577
139678 1 860
139743 5 199
139826 3 661
139859 1 208
139963 8 264
139990 1 164
140051 1 1125
140113 36 702
140485 3 262
140721 2 751
140750 4 103
140797 9 1224
140903 1 179
140913 2 614
140937 18 345
141059 2 687
141108 3 1269
141168 2 253
141184 2 425
141249 8 590
141411 5 139
141447 18 324
141506 8 116
141751 1 610
141998 1 929
142332 1 438
142357 6 590
142379 1 702
142697 1 88
142699 1 785
142811 6 595
143101 1 65
143423 4 112
143546 9 268
143643 10 439
143686 2 425
143894 20 752
144293 6 635
145292 18 645
145460 17 315
145628 1 203
145857 6 854
145870 1 322
146131 16 643
146167 3 107
146202 2 669
146414 1 479
146433 10 498
146481 3 1638
146763 2 475
146820 11 801
146898 1 453
147016 1 498
147246 5 1005
147582 1 1384
147615 1 520
147783 2 710
147828 1 648
147877 3 621
147878 1 413
147962 1 517
148211 1 430
148219 2 496
148223 1 784
148490 4 711
148649 2 432
148657 3 279
148697 30 1082
148883 8 707
148914 9 254
149044 10 582
149092 1 607
149202 9 597
149535 1 607
149644 2 473
149657 5 700
150334 24 519
150335 2 654
150336 1 662
150382 3 571
150486 1 339
150511 17 644
150732 2 466
151018 1 386
151042 2 694
151276 1 486
151323 1 123
151522 2 190
151677 7 619
152290 2 881
152295 1 754
152321 1 470
152352 7 619
152374 1 216
152487 8 855
152562 1 812
152564 8 391
152752 2 565
152995 8 1190
153179 11 811
153557 5 299
153856 6 546
153865 6 1028
153905 8 636
154037 1 508
154787 1 454
154962 2 334
155385 5 340
155435 3 664
155523 3 422
155525 1 537
155613 14 1034
155948 1 493
156028 1 514
156036 1 526
156146 2 482
156294 1 1703
156941 1 2537
157077 2 814
157316 4 583
157339 2 635
157651 3 891
157695 6 384
157972 1 627
158057 4 164
158200 3 640
158264 12 649
158270 2 496
158427 20 493
158545 1 942
158734 2 676
159047 1 364
159453 1 876
159462 2 459
159559 1 437
159686 13 286
159734 4 800
159741 10 324
159749 12 528
159783 3 668
159880 16 570
159928 2 158
160108 2 693
160326 2 378
160864 1 379
160865 6 162
160888 2 618
161040 2 784
161057 2 741
161115 4 322
161137 16 733
161319 1 228
161369 1 420
161635 7 383
162180 1 501
162252 2 610
162458 1 659
162920 6 341
162935 8 192
162969 3 966
162987 3 588
163074 2 889
163084 1 85
163088 1 452
163132 8 676
163351 3 1081
163665 1 1306
163707 5 128
163919 7 433
164121 1 477
164122 1 422
164365 2 643
164466 1 646
164472 3 522
164507 13 508
164597 2 594
164649 1 915
164815 3 452
165018 9 810
165173 5 487
165784 8 163
166479 1 908
166647 4 1146
167083 5 496
167626 4 537
168001 2 589
168546 4 495
168748 5 690
168817 16 648
169102 1 541
169445 5 462
170339 3 122
170481 3 430
170525 6 604
170812 1 499
170818 5 256
170853 4 960
171029 1 403
171228 2 483
171452 3 442
171558 5 205
171590 21 697
172129 2 616
172422 2 2130
172629 6 273
172731 1 402
172846 2 508
172914 3 653
173023 4 491
173161 2 498
173169 8 668
173463 2 628
173521 4 242
173978 8 1231
174136 2 83
176667 1 113
189092 1 115
192501 1 441
195319 7 93
199326 1 106
207110 1 390
210628 2 116
222048 1 99
231309 1 257
231688 6 760
231707 1 1641
232301 1 1510
232432 3 514
232514 8 368
232667 1 627
232683 4 917
232711 3 1496
232892 1 1614
233512 3 418
233514 1 278
233864 1 208
234211 4 2810
234364 13 4366
234505 1 463
235029 3 372
235217 26 635
235298 3 848
235396 1 1859
235555 3 1552
235975 1 435
236644 1 1307
236646 5 1226
236675 1 201
236983 2 1688
237205 3 1991
237280 1 301
237484 1 182
237485 3 241
237610 1 213
237785 2 705
238070 3 1320
238300 7 1911
238332 1 1487
238373 1 1230
238616 2 676
238923 6 18797
239706 4 1598
239711 3 1412
239775 4 1077
239892 1 337
239929 4 4246
240320 3 757
240366 11 117963
240702 4 455
240791 3 905
240975 2 1024
241751 4 2509
242671 11 2793
242718 1 449
242732 9 2984
242856 1 3371
242861 2 2284
242864 2 8168
242873 5 5564
242893 5 8294
242895 6 17086
242904 7 7122
243025 6 6855
243248 34 97794
243249 20 55340
243565 32 14930
243568 4 51992
243632 1 2667
243646 10 5855
243723 3 3128
243742 12 52641
243790 1 4518
243825 1 381
243828 32 9735
244000 1 5203
244295 3 43543
244515 76 137580
244522 2 2685
244678 3 16930
244740 5 33732
244742 14 48422
244846 119 32902
244877 6 445
244998 5 56078
245029 9 93035
245372 17 8138
245458 9 5144
245467 2 1272
245644 4 541
245684 3 575
245923 10 9815
245998 3 26287
246003 7 79294
246142 6 1339
246220 15 47306
246350 1 3664
246381 9 3165
246545 1 628
246695 598 65027
246747 3 3112
246877 63 6449
246889 12 3384
246923 13 8941
247209 24 48787
247387 50 63961
247406 54 42749
247469 553 160821
247550 98 255154
247744 12 727
247747 14 7689
247826 13 14203
247974 135 15560
248179 7 34397
248480 2 20931
248562 53 40310
248577 4 2565
248610 46 211360
248634 70 38855
248788 58 56946
248992 4 1680
249046 7 1557
249151 113 38079
249261 3 4390
249288 17 3504
249570 48 33965
249740 449 228328
249798 1 3667
249902 20 35189
249966 1 18920
249993 2 9677
250059 43 37994
250073 8 19941
250331 155 19950
250337 4 2907
250360 14 7570
250435 5 4083
250436 6 19241
250438 3 7362
250458 6 3045
250459 1 721
250752 1 9632
250893 9 42856
251027 3 42465
251085 32 15468
251525 49 18764
251736 5 4175
251770 13 3376
251785 46 19094
251945 2 1715
252474 61 81579
252554 26 13441
252555 88 27002
252921 26 52519
252924 79 17447
252986 105 40464
253002 5 446
253018 36 331696
253067 34 104143
253213 1 546
253297 4 588
253318 30 2551
253354 8 57179
253462 22 48129
253593 167 171848
253661 3 22094
253795 2 27039
253899 4 91
254108 99 174176
254264 1 2941
254397 9 3483
254569 2 12506
254832 11 4101
254930 1 6349
255144 55 25727
255289 19 51128
255291 4 16491
255538 1 16755
255634 30 29071
255733 116 4750
255777 18 64507
255830 277 84137
255984 7 3769
256003 3 3338
256004 9 4283
256155 36 22080
256282 148 10491
256283 364 34425
256604 43 37731
256605 8 11662
256623 5 6330
256847 212 24054
256961 2 3512
257016 5 7719
257049 21 26471
257197 1 7132
257201 1 10688
257305 309 37731
257306 6 19070
257344 54 45609
257345 75 89736
257474 5 8990
257812 37 103213
257865 2 35772
258361 38 26906
258368 3 630
258372 1 311
258374 35 9000
258435 6 5203
258499 11 4048
258559 28 52150
258657 2 5008
258694 53 2694
258844 1 16991
258846 1 18003
258856 6 6607
258987 45 21620
259009 8 4817
259053 7 29094
259128 5 9702
260109 13 480
266724 14 386
267656 9 337
268170 1 251
268663 17 466
272758 3 304
274509 25 459
274547 3 248
275726 3 278
285791 5 401
292885 3 302
293617 3 463
294558 6 166
294559 4 256
294760 22 534
295732 9 362
297136 3 392
300473 3 175
300475 3 511
301096 19 294
302664 6 512
303699 7 287
303704 38 846
306783 13 11472
307681 14 272
309120 3 396
309970 3 457
311033 21 469
311355 14 64459
312480 4 373
312481 4 428
317245 3 154
317379 3 152
317920 5 155
318989 2 429
318993 1 135
321731 1 39
323803 1 506
324407 2 465
328088 2 112
328422 2 231
329033 1 137
330338 1 174
330684 4 428
331116 2 296
331450 1 323
337252 5 126
338138 2 260
340441 1 143
340957 2 216
340966 2 75
343569 1 183
346095 16 765
346918 1 126
346946 2 143
348323 1 246
349344 9 138
351739 1 292
351851 2 288
354509 3 252
354759 1 195
355225 2 168
355652 4 305
355678 1 206
355925 1 171
356124 1 161
356356 3 212
357022 2 27
357154 2 79
357392 1 198
357648 1 741
357727 2 94
357945 2 91
358048 1 281
360529 2 261
360911 8 211
361609 1 168
361714 1 346
362953 1 292
363505 16 644
363853 1 196
366752 1 48
369426 3 155
369479 9 364
374994 3 483
375113 1 37
378179 3 129
379805 2 101
380444 2 186
382805 4 308
382808 2 160
391017 3 228
392318 1 322
393225 1 134
394049 1 59
399739 8 340
400992 1 70
402263 3 97
404934 1 144
406326 3 509
406329 2 292
406671 1 246
410337 1 344
411290 2 257
411951 1 190
411959 1 216
412857 2 87
414917 3 132
415041 1 271
416448 3 77
416482 1 745
418023 1 537
418940 2 389
422431 2 236
423968 1 275
425222 1 281
425234 1 120
425455 3 133
432159 1 464
432378 2 169
433973 1 135
434423 3 183
434634 2 146
436496 1 196
437654 8 287
440710 1 404
441857 3 565
443043 1 220
444119 11 792
445665 1 227
447768 6 248
448479 2 203
449409 1 60
450463 2 259
452890 2 169
453382 1 131
454592 1 1324
455950 1 254
457600 1 70
458568 1 160
460165 7 158
462274 6 235
468077 1 54
472461 1 71
472604 1 78
473866 2 228
476211 1 73
477441 1 342
477554 1 279
479602 1 310
480419 2 235
480700 3 380
481746 7 490
484227 2 384
485301 3 198
485349 1 315
487005 1 154
487161 1 83
492901 1 90
499903 18 640
499910 6 856
502050 4 808
503686 2 264
503923 1 153
505372 2 439
507544 1 344
507875 3 181
508907 2 415
509273 2 495
509655 2 106
509911 2 474
510488 7 359
512689 1 192
513439 6 888
514811 1 108
515540 1 286
516316 1 118
517424 1 270
519184 2 130
520269 1 84
520495 1 263
521352 3 295
521692 3 175
523713 3 546
57 2 287
91 1 268
158 3 411
586 2 412
923 1 566
925 1 397
1008 2 285
1044 1 178
1127 4 231
1188 1 204
1314 5 197
1345 3 310
1990 1 572
2147 1 507
2224 2 106
2228 1 205
2259 1 386
2457 1 224
2485 3 241
2505 1 88
2674 5 679
2678 7 379
2766 2 267
2911 1 150
3224 1 123
3380 1 397
3391 1 191
3462 2 251
3646 4 381
3648 1 206
3672 4 111
3703 2 573
3840 3 450
3893 6 195
4212 1 502
4269 2 316
4582 6 325
4740 1 231
4955 3 182
5321 2 305
5622 5 287
5643 1 189
6223 3 122
6255 1 156
6715 1 422
6968 3 123
7247 1 144
7628 1 224
7855 4 145
8047 1 411
8248 2 182
9116 4 230
9127 1 460
9739 2 209
9800 2 244
9801 1 251
10012 2 186
10063 1 383
10332 2 241
10667 1 305
10753 6 395
11004 2 486
11029 1 260
11067 1 320
11184 1 558
11256 3 336
11312 2 345
11570 1 178
11617 4 159
11694 6 241
12085 1 286
12293 1 436
12647 2 283
12842 2 296
12995 1 248
13127 2 219
13143 1 238
13267 2 589
13381 2 178
13407 1 494
13425 2 255
13572 4 388
13619 1 444
13665 1 593
13670 3 153
13759 1 397
13776 1 538
13850 1 356
13870 3 483
13894 1 382
13946 1 484
14002 2 426
14224 1 341
14354 1 537
14397 3 135
14515 1 432
14537 1 381
14682 1 368
14703 1 130
14788 1 312
15112 2 252
15221 2 588
15368 1 281
15460 2 519
15470 2 255
15672 2 511
15719 1 445
15743 1 424
15829 2 489
15847 1 216
15868 1 336
15954 1 364
16036 1 423
16058 1 402
16115 2 226
16162 2 326
16332 1 492
16396 2 392
16514 2 183
16537 1 179
16578 1 465
16980 1 436
17352 1 258
17476 1 527
17717 1 235
17888 6 384
17942 8 466
17945 1 300
17956 1 209
17984 2 393
18002 1 224
18154 1 225
18289 1 158
18485 4 214
18811 1 129
18851 1 326
19159 2 195
19165 9 415
19169 3 206
19224 11 341
19461 2 201
19522 2 266
19572 3 367
19775 1 212
19823 3 123
20140 1 156
20475 2 130
20637 2 432
21288 3 464
21482 1 237
21712 1 335
21742 3 243
21794 1 248
22020 1 316
22073 1 307
22103 2 324
22105 2 471
22112 1 176
22337 3 433
22383 1 612
22549 1 515
22562 2 327
22702 1 451
23254 1 71
23641 2 230
23674 3 325
23685 3 336
23772 2 224
24267 2 188
24491 3 214
24557 1 193
24730 4 112
24828 1 142
24864 1 253
24984 3 601
25115 1 477
25147 2 287
25196 1 123
25232 1 629
25243 4 378
25289 2 160
25435 2 493
25488 3 156
25579 2 381
25807 1 248
25818 2 296
26101 3 459
26182 1 246
26185 1 462
26218 1 375
26378 4 288
26698 3 221
27026 4 449
27086 5 259
27173 1 418
27250 1 129
27257 1 615
27343 1 386
27473 2 111
27525 3 200
27562 5 253
27734 3 150
27741 1 514
27742 1 164
27812 2 338
27824 4 247
27843 2 82
27844 3 269
27877 1 689
27930 3 289
28198 1 447
28225 7 226
28250 1 325
28626 3 151
28667 2 198
28897 2 159
28898 2 187
28988 1 436
29040 4 266
29210 2 383
29322 2 269
29545 3 361
29602 1 423
29685 2 134
29722 1 326
29861 3 224
29905 4 435
30274 16 224
30309 3 234
30446 5 382
30498 2 465
30552 1 564
30882 3 466
30937 2 210
31389 2 368
31390 7 227
31449 3 419
31656 2 142
31743 5 306
31808 4 292
32200 1 233
32393 1 133
32600 4 609
32629 2 353
32763 1 520
32839 2 285
33128 1 395
33291 5 195
33380 5 159
33400 2 226
33533 1 291
33646 8 265
33704 1 264
34086 2 361
34175 2 228
34194 1 349
34364 1 180
34399 1 394
34489 2 375
34751 1 117
34788 1 121
34962 2 401
34974 1 157
34996 4 147
35082 1 155
35652 2 266
35685 1 205
35722 1 367
35738 2 304
35885 3 213
35922 3 267
35931 4 399
35933 3 320
35977 2 167
35980 2 172
36130 2 186
36235 3 127
36285 1 196
36345 2 238
36399 2 687
36469 4 258
36614 3 193
36689 4 186
36754 4 223
37082 1 348
37152 2 204
37337 2 458
37709 3 219
37728 4 421
37736 1 121
37853 1 312
38097 1 715
38188 1 106
38547 1 296
38601 1 449
38804 1 319
39223 1 344
39412 1 546
39663 1 410
39668 1 399
39798 1 409
40104 1 427
40251 4 238
40324 1 497
40506 2 166
40508 2 250
40524 4 554
40879 1 306
40978 1 553
41030 2 324
41362 3 173
41660 2 480
41740 1 379
41957 2 152
42035 3 456
42093 1 94
42406 1 311
42425 2 493
42610 2 214
42652 2 169
42687 1 309
43092 2 170
43257 1 221
43409 9 296
43538 4 193
43545 1 269
43589 1 236
43605 5 263
43689 3 537
43765 2 137
43777 3 244
43778 6 234
43972 2 392
44345 2 210
44361 10 222
44635 2 274
44643 2 122
44943 1 334
45069 8 425
45072 4 187
45235 1 163
45535 5 208
45541 5 120
45635 9 252
45700 3 254
45821 1 130
45909 4 348
45940 2 131
46172 1 212
46285 1 590
46540 1 156
46680 1 407
46781 1 144
46840 3 154
46972 16 429
47052 5 312
47062 1 444
47194 1 311
47233 1 546
47530 2 324
47554 8 104
47579 4 185
47773 1 158
47788 2 139
47852 2 233
47916 4 194
48421 2 230
48540 1 542
48746 10 324
48759 1 82
48772 1 535
48937 1 289
48976 7 261
49005 1 394
49038 1 504
49140 4 185
49216 5 130
49238 2 231
49391 4 267
49396 10 412
49417 5 217
49464 1 426
49723 3 188
49982 1 477
50079 5 599
50105 2 218
50203 1 374
50322 1 355
50406 11 644
50413 9 260
50429 2 285
50523 2 312
50940 1 451
50996 2 409
51092 1 185
51159 1 211
51256 9 270
51481 2 154
51513 2 229
51763 1 257
52330 1 230
52424 3 300
52507 1 231
52619 2 399
52912 2 207
53102 1 139
53138 1 460
53738 1 128
53783 1 438
53791 3 416
53915 1 373
53918 1 497
54236 1 529
54248 1 394
54466 1 358
54639 1 280
54671 3 233
54979 4 117
55048 2 174
55741 4 132
55921 1 402
56627 1 218
56730 1 209
56784 1 573
56944 2 104
58253 1 505
58276 7 390
58291 4 175
58343 1 252
58736 3 341
58772 1 339
58955 2 430
59033 7 451
59034 6 216
59191 1 454
59260 3 445
59339 3 368
59573 1 527
59634 2 273
59841 2 419
59948 4 323
60133 2 445
60138 3 336
60239 9 298
60287 4 168
60357 4 206
60403 6 209
60417 4 279
60612 1 168
60666 1 72
60756 1 368
60933 1 327
60956 3 346
61555 2 336
61564 2 461
61581 3 210
61923 1 100
61927 1 79
61971 2 242
62102 6 210
62123 3 91
62171 1 368
62180 1 277
62201 1 494
62269 2 329
62336 1 468
62347 2 430
62417 2 52
62631 4 194
63003 1 182
63006 4 104
63008 1 457
63037 4 109
63089 1 145
63149 1 258
63624 1 121
63867 1 456
63967 2 286
63985 2 470
63998 1 239
64071 1 342
64188 1 259
64264 1 276
64346 5 268
64575 1 374
64618 1 262
64906 2 204
65078 2 559
65185 1 248
65268 3 482
65419 1 315
65449 2 534
65660 8 167
65687 4 263
65783 1 529
66293 2 298
66418 1 309
66443 1 278
66459 1 516
66654 3 108
66740 1 299
66995 1 439
66996 1 270
67059 2 294
67060 1 240
67126 2 701
67233 1 132
67271 2 282
67402 1 331
67433 5 267
67472 8 168
67595 1 337
67728 4 296
67827 2 223
67842 6 236
68343 9 219
68506 1 190
68519 1 482
68992 1 415
69284 1 364
69323 1 240
69459 1 338
69656 1 233
69698 2 588
69917 2 327
70098 1 255
70421 2 365
70422 1 176
70527 3 345
70705 4 264
70884 4 242
70908 1 246
70960 2 274
70976 1 174
71013 2 378
71241 1 392
71303 4 379
71610 1 391
71706 1 206
71759 1 503
72147 3 313
72226 1 263
72276 15 488
72365 2 276
72399 2 249
72450 6 352
72525 2 239
72569 2 299
72685 2 304
73020 4 416
73122 4 646
73239 2 298
73276 5 87
73362 3 449
73363 1 498
73470 1 355
73560 1 281
73695 1 391
73843 3 343
73897 3 393
74058 4 258
74112 8 121
74634 2 244
74724 5 370
74791 1 125
74988 2 161
75265 1 284
75302 13 217
75480 5 106
76097 9 202
76121 1 168
76339 1 153
76362 1 170
76614 9 260
76933 1 537
76997 3 427
77005 1 472
77052 1 268
77446 1 213
77691 2 196
77715 1 248
77726 2 241
77760 1 384
77779 4 231
77846 7 232
77982 2 337
78025 1 384
78028 1 103
78124 1 113
78282 1 368
78455 1 155
78596 4 165
78676 8 181
78717 1 459
78920 1 327
79006 3 340
79153 6 189
79203 1 384
79618 2 227
79654 1 185
79704 1 285
79836 1 386
81351 5 13810
81898 1 37
81899 21 792
85481 1 70500
85645 6 153229
86344 7 3408
86864 1 21422
86901 8 1125
86972 1 31
86973 8 470
93089 3 12017
96949 1 36
96950 18 1312
96952 8 1214
99939 2 248
99941 1 1107
100028 1 391
100156 3 1296
100366 1 518
100520 2 585
100880 1 464
100983 2 204
101158 1 63
101371 3 348
101521 1 1064
101593 5 409
101594 1 748
101660 1 50
101878 1 508
101892 3 880
102199 1 389
102291 1 432
102324 2 487
102360 3 368
102785 4 1240
103583 2 589
104062 2 269
104177 2 136
104379 1 1257
104828 1 176
104981 1 463
105294 1 510
105372 1 542
105432 2 734
105607 1 292
105941 3 1142
106442 2 445
106685 1 387
107326 1 207
107397 2 577
107419 1 879
107472 2 481
107557 3 664
107809 1 520
107873 3 420
108403 1 55
108874 1 536
109166 1 276
109335 2 113
109616 4 565
109677 1 995
109894 2 1086
109946 1 477
110125 2 238
110615 4 356
110663 1 446
110830 1 300
110965 1 928
111005 2 1302
111070 2 225
111433 1 567
111444 4 145
111457 1 1267
111546 2 645
111673 1 184
111857 5 1699
112210 2 689
112699 2 442
112736 2 365
112901 1 744
113195 1 653
113683 1 502
113822 2 225
114163 3 148
114544 1 326
115106 8 487
115144 1 620
115341 2 523
115918 1 442
115935 3 874
115962 1 447
116077 1 1139
116911 1 861
118100 2 1309
118381 2 842
118722 1 840
119297 2 526
119779 2 514
119830 2 845
120058 2 660
120078 2 221
120164 1 136
120548 2 376
120554 3 296
120811 1 363
121017 1 391
121021 1 375
121059 1 521
121280 1 587
121281 2 779
122050 1 106
122075 2 438
122106 2 614
122115 1 615
122568 1 464
122692 2 1739
123638 2 380
123805 1 523
123939 3 719
123950 1 571
124490 7 434
124614 1 635
124668 1 323
125314 1 63
126197 1 308
126469 3 369
126533 1 455
126808 1 817
127404 3 1129
127554 2 327
127651 1 394
127689 1 648
127870 1 636
128006 5 681
128699 2 689
128702 1 501
128944 1 397
129051 1 676
129093 2 449
129252 2 368
129743 1 243
129863 1 391
130456 5 535
130550 4 227
130660 1 671
130889 1 423
131439 2 343
131677 1 341
131779 2 593
132149 2 718
132359 1 932
132377 2 440
132555 1 110
132705 2 817
132897 2 666
132912 1 473
133222 2 585
133381 1 804
133471 1 1146
134352 1 486
134372 1 1817
134820 3 280
134962 1 955
134984 2 588
136456 3 627
136547 1 431
136860 1 248
136920 1 1167
137046 1 247
137505 2 208
138064 3 632
138228 1 673
138698 1 163
138953 15 924
138967 1 654
139198 1 313
139235 3 571
139372 1 577
139678 3 860
139826 1 661
139838 1 422
139857 1 157
139859 3 208
139865 1 437
140005 1 327
140111 1 586
140479 1 484
141184 1 425
141604 1 238
142275 1 180
142332 1 438
142336 11 762
142695 2 228
142699 1 785
142811 1 595
142839 1 191
142925 3 580
143015 1 526
143629 2 60
143640 7 1392
144429 4 579
144683 2 985
145296 1 827
145299 2 87
145845 5 619
145870 3 322
146238 2 1076
147582 1 1384
147783 1 710
147828 1 648
147877 2 621
148490 2 711
149092 3 607
149243 1 443
149416 1 120
149535 1 607
150015 5 348
150129 1 628
150336 4 662
150845 1 98
151018 1 386
151022 1 502
151023 1 168
151170 1 604
151441 3 673
151910 1 580
152131 1 605
152290 1 881
152487 1 855
152493 3 908
152794 2 699
153311 2 703
153550 2 531
154754 1 465
155435 1 664
155613 4 1034
155765 4 1091
155948 1 493
156146 1 482
156777 2 331
157077 2 814
158545 1 942
158683 3 397
158877 1 247
159559 2 437
159783 1 668
159784 1 496
160108 1 693
160809 2 115
161002 6 473
161319 1 228
161636 1 637
161738 2 178
161753 8 566
161868 1 413
162320 1 368
162735 1 506
163074 1 889
163106 1 549
163351 1 1081
163639 1 559
163666 2 200
163794 1 632
164007 4 759
164122 1 422
164365 3 643
164384 1 336
164815 2 452
165401 2 189
165630 2 713
165822 5 550
165841 1 423
165842 1 899
167007 3 303
167420 1 310
167962 4 951
168001 1 589
168546 1 495
169757 3 142
171977 1 316
172444 1 391
172484 3 751
172546 2 162
172731 1 402
172914 1 653
173463 1 628
173493 1 165
173709 1 878
173750 1 411
174124 1 171
174159 1 655
174492 2 104
180140 3 242
195218 13 7187
197116 3 135
207326 1 102
231292 1 755
231688 1 760
232301 2 1510
232432 1 514
232683 1 917
232711 2 1496
235113 1 629
235396 2 1859
235555 1 1552
235585 2 305
235775 8 1518
235842 3 2223
235928 3 366
236644 9 1307
236720 2 492
236983 2 1688
237025 2 511
237759 1 1465
237785 1 705
238300 1 1911
238373 1 1230
238616 1 676
239706 1 1598
239711 2 1412
239716 3 275
239892 2 337
239929 2 4246
240184 3 484
240197 2 2723
240367 5 1544
240791 2 905
241789 2 262
242868 21 16984
242923 1 111
243196 7 13700
243248 6 97794
243327 19 8333
243328 15 30540
243510 5 4690
243565 1 14930
243633 1 3548
243646 4 5855
243742 1 52641
243828 1 9735
244000 6 5203
244247 2 2093
244295 2 43543
244400 2 18019
244515 6 137580
244678 2 16930
244740 1 33732
244742 3 48422
244994 3 10504
244998 1 56078
245011 5 10535
245284 11 11872
245303 22 1490
245372 1 8138
245467 1 1272
245822 3 377
245886 6 3984
245887 21 4328
245889 3 4319
245923 1 9815
245998 2 26287
246003 1 79294
246220 4 47306
246344 1 406
246381 2 3165
246889 7 3384
246923 7 8941
247326 2 118
247389 3 489
247406 20 42749
247516 1 17927
247747 1 7689
248179 1 34397
248344 1 3929
248610 1 211360
248650 1 2335
248992 4 1680
249046 2 1557
249261 1 4390
249288 1 3504
249798 1 3667
249985 2 1188
249993 1 9677
250073 6 19941
250445 1 2508
250458 1 3045
250893 14 42856
250896 11 14234
251017 1 146
251027 4 42465
251085 1 15468
251525 2 18764
251600 2 4056
251736 2 4175
252042 26 2397
252554 2 13441
252555 3 27002
252668 1 114
252757 8 3644
252873 1 119
253001 2 2769
253042 3 118
253067 6 104143
253297 1 588
253557 3 37233
253661 16 22094
253899 2 91
254171 2 3156
254264 1 2941
254569 8 12506
254832 3 4101
254929 19 4509
255289 6 51128
255291 1 16491
255538 2 16755
255590 2 117
255634 3 29071
255691 5 3597
255777 1 64507
255830 1 84137
256003 1 3338
256155 1 22080
256238 7 2816
256623 1 6330
256706 8 318
256961 2 3512
257197 6 7132
257201 8 10688
257344 1 45609
257345 4 89736
257375 2 440
257474 1 8990
257865 23 35772
258145 14 25755
258191 4 116
258374 1 9000
258429 3 2270
258435 1 5203
258499 6 4048
258559 17 52150
258657 1 5008
258844 7 16991
258846 5 18003
258987 1 21620
258988 2 2007
259009 1 4817
259053 8 29094
259128 9 9702
268170 1 251
284015 5 610
284016 6 579
289391 3 430
289392 6 456
289395 8 397
289396 11 362
289400 2 439
289401 2 224
289402 3 453
289403 12 439
289404 5 379
289405 8 378
289406 3 389
315007 1 28
315010 1 33
316833 1 29
316860 4 255
317245 1 154
317379 1 152
317696 2 87
318624 2 42
319017 1 43
319080 4 238
319597 2 33
321731 1 39
322069 2 36
323748 1 48
324056 2 31
324380 2 30
325083 2 31
325739 2 37
325956 2 37
326679 1 35
326906 1 36
327447 2 44
327647 6 295
328356 1 42
328380 2 44
328445 1 34
329254 2 29
330455 2 41
330596 1 37
330684 1 428
330860 2 35
330875 2 34
331545 1 127
332170 1 34
332295 2 38
332392 1 29
332633 1 31
334196 1 49
334424 2 24
334778 1 74
339168 2 30
341413 1 125
343445 1 37
345659 2 30
346095 3 765
346918 1 126
346946 3 143
347469 1 31
347525 2 42
348323 2 246
351851 1 288
354340 2 39
354358 1 26
354509 3 252
355225 1 168
356042 3 118
356356 3 212
356366 2 69
356387 6 169
356846 4 234
356957 4 80
357022 1 27
357024 1 34
357154 1 79
357648 1 741
357727 1 94
358764 2 660
358867 2 40
360964 4 92
361385 1 413
361609 1 168
361614 5 212
361714 5 346
361725 1 37
361841 6 141
361939 8 221
362675 2 39
362953 2 292
363853 1 196
363856 2 35
364886 2 38
365200 14 434
366687 2 32
366752 2 48
366906 5 104
367223 1 78
367365 5 156
367539 3 192
367729 1 105
367917 6 193
368651 1 45
368978 2 34
370724 2 41
374994 1 483
376446 1 53
376451 1 122
376742 2 37
376980 1 42
378252 1 102
379805 1 101
380444 3 186
382208 2 35
382802 3 69
383089 2 31
383433 2 31
383735 1 50
385102 5 165
390968 3 453
391385 1 48
391389 1 48
391613 2 55
391747 3 103
391758 2 56
392088 1 62
394049 1 59
394425 2 55
397788 1 52
399739 1 340
401363 1 293
402263 4 97
402449 2 99
403403 3 618
404289 2 212
406326 1 509
407466 2 412
409709 1 43
412857 1 87
412981 1 168
414478 1 47
415107 1 108
415338 1 56
417216 2 56
417265 4 88
417564 2 57
418175 1 45
421746 1 48
421848 1 257
422155 1 237
422431 2 236
423873 3 248
425234 2 120
426628 2 193
429348 2 49
429871 1 62
430111 2 46
430340 2 47
432334 2 48
433973 2 135
434634 2 146
436496 3 196
436500 2 72
438318 2 49
438481 2 323
438562 1 276
438729 4 296
440710 3 404
441061 2 43
441888 2 48
443950 10 1064
444119 1 792
444195 3 567
445012 1 203
445912 3 192
446464 10 442
447609 3 321
448047 2 57
448624 2 549
448699 1 47
449409 1 60
450463 1 259
451989 2 45
452041 2 51
452890 1 169
453137 1 66
453382 2 131
454592 1 1324
455153 8 262
455761 2 161
458568 2 160
458804 1 213
459928 2 178
460795 1 67
461048 3 69
462274 1 235
463401 1 140
463416 2 214
464367 1 125
464687 2 42
466794 1 43
469347 2 174
470222 3 108
471746 1 483
472461 2 71
477554 1 279
478684 1 78
479360 1 84
479602 1 310
479704 3 139
480132 3 218
480386 1 130
481391 1 71
482586 2 139
483368 1 111
484227 1 384
484809 1 114
485605 2 44
486493 4 212
487005 2 154
487161 3 83
489310 2 48
490439 1 247
492703 2 46
493978 2 60
494720 2 89
494966 2 48
496324 2 53
498182 4 73
499865 4 287
499903 1 640
499910 1 856
501135 2 51
502050 2 808
502118 3 84
503691 2 61
503923 3 153
504275 2 52
505059 1 136
505372 2 439
506871 2 57
507544 4 344
508088 2 55
508792 1 51
509273 1 495
509651 1 42
509911 1 474
509965 2 86
510285 1 46
510958 2 44
512689 2 192
514304 1 58
514437 3 253
514537 2 51
514811 1 108
515104 1 48
516316 1 118
516574 1 93
517002 2 52
517195 2 44
518896 2 55
518904 2 44
520347 1 68
520379 2 41
521352 1 295
521520 1 138
523713 3 546
523910 3 274
524121 3 263
