1644 1 390
1799 1 404
1974 1 206
3130 6 391
4101 1 349
4518 1 208
4874 1 363
6437 3 658
7725 2 261
8246 1 109
8553 2 466
8968 1 350
9642 1 410
10066 2 408
10234 1 154
10548 1 459
11769 1 321
11908 1 286
12113 1 458
12339 1 341
12494 1 424
12672 1 451
12704 1 123
14355 1 357
14459 1 373
15648 7 362
15682 1 257
15698 2 394
15958 1 428
16058 1 402
16242 2 442
16257 1 369
16368 1 287
18438 1 275
19327 1 603
20470 1 183
21803 1 233
23317 3 347
25418 1 277
29804 1 276
31295 1 647
31414 2 451
32323 1 186
33552 1 296
33958 1 377
36302 1 343
36599 1 423
38163 2 492
38945 1 118
39145 1 392
42220 1 330
42314 1 207
42544 1 300
42702 1 172
44293 1 253
47736 1 150
48010 1 301
48562 1 356
48722 1 547
48782 1 218
48895 1 499
49004 2 675
53950 3 568
54009 1 127
54632 1 298
55815 1 471
56321 1 110
56688 1 444
56812 1 334
56856 1 330
57518 1 265
57875 1 384
57910 1 231
58791 1 704
59783 1 403
61976 1 412
62129 1 586
63953 3 490
65305 1 476
66864 1 465
67454 1 400
68526 1 549
71249 1 309
71759 3 503
71925 4 310
72488 1 275
73665 1 250
74170 1 367
74785 1 468
74878 1 470
75567 1 271
77129 1 390
77742 1 300
78772 1 386
79709 5 602
79833 1 620
80254 122 3565
80845 6 33722
82248 26 3889
83135 11 2684
83286 6 10013
83374 1 133
83912 1 7048
84199 4 5369
84217 7 30587
84710 3 12373
85368 34 74892
85430 3 7578
85481 7 70500
85645 51 153229
85773 46 82661
85781 50 2992
85797 4 386
85798 20 1800
86381 21 1753
86535 1 436
86686 15 1125
86753 63 173871
87403 17 1447
87472 1 2641
87579 3 8114
87796 2 8183
87949 12 12310
87951 36 13958
88074 2 3545
88321 1 15824
88400 3 200
88421 98 19174
88582 4 9577
88664 17 1922
88669 1 1411
88778 11 15542
88796 1 723
88942 11 1063
89802 3 4057
89815 4 4298
90550 22 9629
90679 4 251
92307 16 64087
92465 45 2245
92723 7 20032
92735 10 3802
93084 1 9032
93248 1 1459
93645 184 25512
93654 54 102204
93750 1 404
93888 1 1440
93920 2 4205
94325 1 708
94448 18 11510
94450 4 6380
94619 4 5556
94874 20 10538
94879 15 5511
95365 241 10517
95560 9 26520
95937 22 11412
96037 3 46291
96049 10 78606
96051 48 78869
96063 62 37082
96136 11 20896
96305 12 38919
96424 26 38462
97285 7 8782
97387 32 1590
98323 17 1098
98324 14 1584
98691 1 6762
98806 14 19544
98938 39 1472
98950 17 959
99057 4 6934
99062 13 847
99063 2 4077
99208 20 1742
99451 139 19333
99930 3 690
100022 1 517
100240 2 603
100361 1 553
100984 2 829
100993 3 501
101015 7 497
101021 1 282
101036 1 749
101218 1 833
101220 1 607
101368 13 210
101420 1 166
101478 1 619
101521 2 1064
101592 3 336
101672 3 428
101835 3 126
102085 1 334
102631 1 392
103083 1 745
103224 1 438
103292 3 165
103946 4 930
103975 1 721
104107 1 339
104200 3 412
104538 1 424
104763 1 1044
104969 2 136
105061 4 1548
105172 1 583
105373 1 374
105499 1 785
105863 1 753
105895 1 257
105903 1 344
105942 1 593
106357 1 773
106533 1 835
106738 5 380
106767 1 1235
107113 3 557
107131 1 309
107282 8 223
107387 1 357
107399 1 482
107836 1 741
108031 2 161
108059 3 427
108062 2 1212
108067 1 929
108168 1 1156
108268 7 626
108309 1 884
108387 1 1679
108391 1 590
109096 2 1525
109361 1 1416
109455 1 500
109836 1 510
110057 1 549
110308 1 338
110511 3 1724
110536 1 329
110566 2 98
110588 2 137
110615 6 356
110791 2 625
110827 5 327
110982 1 493
110983 1 209
110995 2 500
111064 1 372
111088 2 1455
111103 4 1039
111205 3 534
111267 2 1589
111434 1 693
111444 5 145
111680 2 851
111976 1 127
112089 3 781
112157 1 84
112265 1 586
112467 1 443
112472 1 389
112713 1 895
112813 7 584
113224 2 470
113600 2 530
113981 3 116
114142 2 1705
114348 2 1142
114356 1 1002
114481 1 662
114806 2 713
114999 1 509
115007 1 1132
115106 1 487
115141 2 530
115406 2 354
115600 1 686
115652 1 979
115760 1 408
115900 2 1221
115903 1 861
115962 1 447
116115 1 188
116704 3 423
116722 2 801
116949 3 143
116956 1 88
117190 2 646
117355 2 877
117937 1 1094
118023 5 1307
118060 1 494
118088 1 787
118256 1 448
118419 3 671
118422 2 563
118534 1 1616
118636 1 478
118683 4 624
118728 1 1381
118776 1 668
118934 1 741
119036 2 1146
119054 1 866
119069 1 539
119071 1 156
119698 8 5402
119807 1 667
119814 1 844
119999 1 837
120433 1 462
120481 1 538
120550 2 948
120895 1 640
121037 5 418
121048 1 805
121098 1 507
121127 3 423
121461 3 595
122013 1 530
123126 1 1313
123331 3 637
123681 1 428
123932 1 643
124335 2 372
125144 4 543
125151 2 563
125153 4 621
125225 1 910
125569 1 544
125722 1 395
125878 1 570
126199 1 440
126606 2 206
126759 1 53
126866 3 511
126997 1 709
127114 1 8902
127214 7 558
127471 1 279
127550 10 689
127577 7 290
127726 1 430
127915 1 152
127999 1 615
128101 1 402
128367 1 521
128497 1 559
128752 1 125
129013 1 758
129019 3 670
129031 1 1575
129195 1 756
129314 4 108
129419 1 752
129782 2 731
130095 1 371
130159 3 508
130740 1 708
130748 10 391
130796 1 262
130985 1 670
131155 2 887
131283 1 767
131416 1 442
131545 5 1427
131831 3 402
131853 4 680
131984 3 426
132334 1 165
132454 1 710
132537 4 1036
132597 1 684
132638 2 725
132712 5 906
132773 1 444
132781 2 1197
132906 1 917
133157 1 157
133632 3 76
133940 2 145
134361 1 567
134369 1 348
134984 3 588
136043 2 151
136418 1 548
136617 2 519
136704 2 712
137333 1 407
138036 1 134
138307 1 787
138746 1 226
138785 1 1243
139180 1 644
139198 1 313
139371 1 576
139389 3 184
139465 1 337
139925 2 413
140629 6 498
140664 1 672
140721 2 751
140784 1 437
141277 1 617
141377 1 884
141406 2 1151
141444 2 209
142075 4 509
142080 1 486
142129 2 1171
142296 2 1152
142328 1 941
142439 1 487
142461 8 414
142512 3 446
142635 10 627
143014 1 1583
143025 2 178
143240 2 1131
143436 2 140
143707 1 807
143806 3 542
143859 2 1073
144293 1 635
144592 1 567
144647 2 1145
144708 3 594
145086 1 1023
145363 1 794
145575 1 392
145601 2 1111
145664 1 648
145695 1 781
145940 2 723
146209 1 506
146398 1 532
146467 2 1147
147218 2 1147
147240 1 572
147446 3 613
148041 2 1134
148084 1 165
148094 1 796
148181 1 936
148223 1 784
148365 1 1136
148547 1 765
148691 1 835
148711 2 1135
148899 2 737
149026 1 615
149046 1 496
149252 4 621
149344 2 1128
150074 3 114
150187 2 1130
150511 1 644
150776 2 1137
151490 1 340
151686 2 1154
152252 1 539
152390 2 1144
152409 2 142
152477 1 937
152789 17 773
152854 1 685
153073 3 126
153098 2 840
153241 2 1141
153336 1 551
153459 1 495
153587 3 82
153783 2 65
153883 2 1606
153940 1 209
153965 2 740
154041 2 1437
154118 1 753
154324 2 1102
154381 1 943
154718 1 536
154808 1 378
154914 1 762
155125 1 565
155167 2 1121
155274 1 1126
155863 9 375
155937 2 801
156014 2 1082
156234 1 1033
156749 2 175
156792 1 87
156843 1 607
156866 4 559
156881 2 1176
156919 2 172
156941 14 2537
156950 10 706
157216 1 929
157762 1 731
157828 2 1169
158062 2 438
159160 1 10016
159202 2 199
159449 3 663
159525 2 1188
159658 1 695
159819 1 595
159941 1 865
160223 3 626
160366 2 1136
160399 2 1925
160418 10 1035
160509 1 720
160682 1 401
160728 1 387
161017 2 1187
161311 2 163
161322 2 163
161333 6 367
161564 2 597
161791 2 1127
162147 1 963
162529 1 473
162586 1 498
162642 2 1163
162710 1 683
162855 1 707
163063 1 602
163273 1 850
163482 2 1194
163924 2 644
163983 2 1166
163994 1 658
164236 1 1892
164428 1 1301
164501 2 1112
164541 1 1879
164574 1 565
164586 1 222
164976 1 1480
165330 1 223
165339 2 1121
165558 4 3433
165709 1 682
166009 1 655
166142 2 682
166239 2 1185
166355 1 759
166393 1 638
166502 2 899
166584 1 636
166619 2 170
167136 2 1199
167357 1 356
167360 1 415
167366 1 613
167474 4 214
167489 2 127
167576 1 1334
167593 1 2703
167654 2 164
167737 1 401
168056 1 751
168065 2 1193
168536 1 841
168629 1 446
168714 2 365
168799 2 150
168996 1 372
169002 2 1193
169208 2 62
169276 3 450
169407 2 419
169546 1 409
169547 1 409
169591 1 409
169768 2 1123
169878 1 431
169911 1 431
169912 1 431
169985 1 819
169993 7 647
170235 1 431
170310 3 570
170459 1 431
170521 1 348
170533 2 1217
170746 2 637
171190 1 433
171492 2 1228
171703 2 169
171781 1 361
172283 2 1167
172321 1 274
172395 1 670
172419 1 643
172422 1 2130
172750 3 3037
172896 2 171
173171 2 1161
173316 1 510
173331 4 300
173356 2 1682
173453 3 149
173978 2 1231
174217 1 871
174843 1 92
178459 1 1715
179009 2 216
181898 2 356
183582 1 234
186297 2 661
189098 1 125
190495 1 135
192200 1 110
192838 1 518
194749 1 144
195288 1 98
195487 1 46
196685 2 521
201275 1 136
201560 3 4064
202520 1 136
203091 1 179
203331 3 446
203932 1 141
204593 2 488
206409 1 136
211831 1 106
213144 1 115
214016 1 154
214624 2 361
218154 1 501
221709 4 510
223347 1 427
224012 1 363
224288 3 398
225002 8 379
225769 1 641
227754 1 345
231461 1 300
231484 2 1034
231632 9 215
231776 3 1570
232033 1 560
232865 1 246
232939 1 401
233222 4 1259
233553 1 783
233952 2 613
234096 2 807
234211 1 2810
234469 1 228
234658 1 1105
234991 29 937
235019 3 582
235222 1 442
235394 2 2143
235397 2 2137
235687 6 576
237074 1 548
237237 30 498
237505 1 329
238534 3 11431
238757 2 5317
238923 4 18797
239389 1 495
239398 3 931
240032 2 823
240366 36 117963
240451 1 312
240645 2 463
240847 9 2381
240911 1 320
241446 1 1461
241752 1 1153
241806 1 944
241816 4 1228
242008 1 348
242163 3 108
242456 4 6761
242576 1 2176
242889 1 4454
242893 2 8294
242895 1 17086
242916 4 19607
242955 4 34181
243021 2 14242
243248 35 97794
243249 89 55340
243512 2 3615
243568 13 51992
243629 1 28496
243636 29 73383
243726 1 10543
243742 10 52641
243744 9 19522
243795 4 11165
243797 2 11892
244031 1 24298
244145 2 10680
244400 2 18019
244478 1 7541
244483 2 12243
244515 38 137580
244688 2 987
244742 27 48422
244846 4 32902
244865 2 14342
244950 2 2198
244998 14 56078
245016 2 1326
245029 56 93035
245346 3 21516
245449 11 35219
245668 8 47659
245998 5 26287
246003 42 79294
246125 1 4422
246220 19 47306
246554 3 7838
246558 6 2696
246603 2 39939
246674 6 19215
246695 22 65027
246877 1 6449
246923 4 8941
246947 3 25960
247217 11 17250
247335 5 143
247387 114 63961
247406 2 42749
247469 41 160821
247517 16 40187
247550 57 255154
247672 6 33059
247815 23 1840
247868 13 21317
248106 1 9186
248562 8 40310
248610 102 211360
248634 3 38855
248688 3 17594
248690 6 12689
248788 7 56946
248809 8 45708
248850 16 13792
248930 4 5041
249076 3 36189
249151 3 38079
249274 1 19783
249570 5 33965
249740 84 228328
249902 4 35189
250059 2 37994
250144 2 1248
250236 2 16448
250436 1 19241
250585 1 143
250614 3 4440
250615 7 32287
250616 14 37169
250617 1 10069
250619 2 24517
250722 5 20017
250893 2 42856
251027 10 42465
251073 2 5004
251158 4 5819
251160 1 5200
251485 5 29531
251528 1 12690
251723 7 22213
251756 5 19516
251785 3 19094
251800 4 24372
251901 1 11936
252441 4 4164
252474 19 81579
252747 1 9283
252849 7 18559
252921 16 52519
252986 5 40464
253018 80 331696
253067 48 104143
253311 4 35432
253318 2 2551
253354 5 57179
253462 11 48129
253557 3 37233
253593 51 171848
253661 2 22094
253795 8 27039
253849 2 22736
254108 78 174176
254252 1 1914
254930 2 6349
255235 2 22001
255289 18 51128
255476 23 44402
255538 1 16755
255609 2 22114
255777 23 64507
255827 4 12288
255830 15 84137
255996 1 5015
256454 1 2540
256496 1 29777
256604 11 37731
256799 2 6091
256801 1 1397
256860 2 4053
257016 2 7719
257049 3 26471
257129 5 14144
257132 3 20479
257133 3 26221
257137 1 17976
257193 14 35712
257305 8 37731
257344 5 45609
257345 11 89736
257475 12 25255
257496 1 5240
257625 4 23419
257673 2 58812
257678 5 22180
257812 38 103213
258559 5 52150
258856 1 6607
259115 7 25791
259116 1 8336
259501 5 415
260777 25 1599
260778 30 1889
261316 22 2807
262295 8 521
263048 1 566
263793 3 103
263840 6 352
264536 18 532
264537 21 476
264821 1 201
265375 1 406
267181 1 562
267346 1 256
267849 41 1858
268521 1 432
269196 5 582
269883 19 1504
271025 12 355
271031 16 1200
271850 22 20008
271882 10 540
272194 26 480
272239 2 387
272241 15 357
272571 10 416
273132 15 2077
273480 40 5421
275529 22 664
275535 15 487
275537 15 511
275539 15 521
275541 15 527
275543 15 514
276195 39 803
276220 15 657
276308 22 487
276310 15 559
276314 16 479
276324 23 647
276369 11 519
276615 12 336
276624 8 344
277538 26 1412
278145 23 467
278633 6 101
278981 1 133
279247 3 447
279450 59 3727
279452 111 3052
279956 2 3591
280270 1 537
280285 1 336
281091 10 590
281722 15 420
282334 4 424
282824 4 476
283420 22 515
283966 3 498
283967 31 737
283969 20 211
284385 13 1229
284589 2 374
284601 3 424
284903 1 379
285709 1 533
285716 2 391
286070 10 448
286071 8 417
286953 1 564
286955 2 639
287779 29 1872
288512 6 632
288522 2 573
288523 5 537
288535 5 313
288538 5 325
289253 5 509
289254 7 422
290015 6 713
290048 4 625
290050 11 750
290053 7 581
290054 11 569
290261 5 558
290856 10 357
292196 14 805
292198 25 913
292199 8 611
293677 1 475
294255 107 5397
294350 15 596
294357 12 553
294609 30 2289
295037 8 266
295222 18 606
295387 12 1072
295698 2 3638
295943 25 29903
296471 13 493
296710 2 327
296740 28 1629
297035 3 535
297036 20 485
297037 29 558
297104 35 2244
297667 11 584
297864 2 334
298069 66 2174
298488 19 1308
298490 15 589
298492 24 591
298664 4 336
298684 20 682
299184 39 1943
299466 20 564
299951 2 516
301759 21 680
301760 20 705
302181 5 333
302189 17 409
302913 34 2036
302995 27 370
303565 71 2607
306783 40 11472
307457 12 351
307458 11 301
307461 3 546
307955 7 305
307956 18 458
309503 7 572
309504 9 493
309823 9 32839
310054 11 652
310349 1 290
311273 22 368
311282 22 345
311304 19 391
311305 49 426
311307 34 370
311321 16 256
311355 42 64459
312630 12 657
312717 6 349
313100 1 416
313243 7 569
313283 11 628
313501 17 597
313502 20 774
313506 16 527
313508 16 695
313510 12 524
313512 10 517
313514 16 538
313731 2 456
314113 2 309
314512 8 52248
314516 2 40486
314816 1 515
314862 1 226
315220 1 366
317666 1 236
319155 1 440
320073 1 388
320725 1 447
320932 1 976
321178 5 654
321201 1 273
321204 1 890
321205 2 4939
321350 2 360
321717 1 2087
321747 1 525
321847 1 408
321926 1 679
322174 3 200
322469 1 89
323181 2 83
323183 1 111
323288 1 735
323354 1 1083
323552 1 506
323813 1 845
325328 1 235
325347 1 652
325354 1 475
325469 2 366
326344 1 33
328207 2 609
328401 3 199
328823 3 373
330006 1 519
330790 1 128
331983 1 189
332115 1 191
333092 1 240
333209 1 463
333431 1 736
334171 1 528
335196 1 627
336328 1 1202
337072 3 1716
338222 1 401
338706 1 384
340341 1 531
340614 1 633
342009 1 120
342244 1 196
342694 1 218
344568 3 901
344957 1 315
345294 1 103
346668 1 706
346727 1 410
347524 1 315
347639 1 243
348705 2 785
349101 1 281
349480 1 739
349853 1 493
349884 1 969
352716 3 355
352922 1 248
355483 1 38
357086 1 265
358031 1 220
359864 2 126
361809 2 413
362325 1 1002
363529 1 1052
364484 1 307
365580 1 365
366238 1 358
366859 1 137
367444 1 326
367743 1 265
368697 1 552
368863 1 368
369371 3 612
369825 1 1248
369880 1 625
370152 2 479
370480 2 479
371154 2 623
372151 1 84
374792 2 202
374859 2 570
375441 1 1001
376475 1 342
377011 1 615
377124 1 362
378377 1 976
378850 1 169
379005 1 234
379332 1 757
380540 1 622
380828 1 969
380933 1 550
381463 1 115
381608 2 93
381809 1 432
381986 1 882
382134 1 273
382429 2 574
382575 1 696
383222 1 444
383287 1 709
384447 1 763
384667 1 259
385208 2 444
386410 1 729
387847 2 241
387849 2 561
388334 1 438
388542 3 112
388686 1 454
388687 2 468
388877 1 327
388884 1 526
389446 2 338
389677 1 492
389683 1 906
390277 1 404
390352 1 431
390353 2 650
390354 4 691
390356 2 637
390357 1 439
390528 1 364
390565 1 620
391236 1 188
391494 1 606
391587 1 145
391849 1 791
392208 1 1284
392753 2 505
393704 1 571
394612 1 762
397192 2 308
397206 1 151
398092 2 940
398139 1 148
398265 1 532
398429 1 465
398566 1 202
399367 1 1079
399563 1 162
400111 1 525
400423 1 1631
400497 1 489
400508 3 802
400510 2 592
400512 1 491
400521 1 327
400599 1 266
401065 1 292
401241 1 279
401257 3 810
401266 3 334
401278 1 2201
401282 2 7912
401416 1 818
402040 1 402
403727 1 129
404085 1 725
404596 1 470
404652 2 795
405429 5 2104
405480 1 1093
405521 1 622
405603 1 240
405669 1 494
407914 1 1714
407921 1 250
409656 1 353
409791 1 300
412225 1 648
412637 2 673
413083 2 706
413606 1 553
414847 3 6252
417153 1 130
418490 1 707
419249 1 632
419894 1 2066
420606 1 67
420859 1 136
421253 2 575
421382 2 851
422132 1 229
422477 1 448
423865 1 856
424883 1 217
425985 1 671
426225 1 756
426302 1 526
427026 1 480
427430 2 568
427870 1 280
428946 1 354
429588 2 584
429930 1 579
430084 1 837
430372 1 605
430582 1 674
431974 1 406
434221 2 848
434647 1 667
435339 1 657
435356 1 539
435387 1 738
436491 1 261
436853 4 585
436854 1 635
436881 1 661
436893 1 1728
437129 1 386
437299 3 976
437605 1 340
437668 2 529
438087 1 876
438127 1 1910
438193 1 349
438778 1 442
441042 1 795
441100 1 517
441858 1 304
441954 1 647
442434 2 907
442785 1 347
443335 1 472
443829 1 1713
443927 1 500
443977 1 237
445044 1 577
445211 3 2187
446234 1 223
446252 1 851
446523 1 757
447482 1 749
448330 1 1054
448342 1 1191
449787 1 574
449788 1 315
449790 1 555
449805 1 2111
451430 1 261
452152 3 804
452252 1 659
453813 1 890
454571 2 1691
454576 1 749
455190 1 401
456026 1 233
457921 1 716
458622 1 433
459321 1 148
460086 1 620
460828 1 218
461838 2 271
463711 5 603
463874 2 893
464073 1 534
464554 1 390
465157 2 538
465905 2 541
467647 7 6627
467816 1 1724
468960 1 503
469399 2 630
470197 1 430
471374 2 268
471531 1 882
471541 1 876
472039 2 411
472110 3 534
473697 1 283
474422 1 268
477033 1 487
477039 1 550
477044 1 690
477168 1 433
477471 1 450
477806 2 54
481211 1 420
482808 1 595
482976 1 458
482977 2 263
483636 1 746
483929 1 119
484125 1 844
484233 2 577
484243 2 908
486413 1 1843
486687 1 232
486788 3 304
488649 1 282
488920 1 1003
489257 1 394
489268 1 635
489818 1 273
489957 1 429
490937 1 161
492180 1 101
492209 1 357
492227 1 566
492887 1 1041
493778 1 292
497234 1 188
497390 1 307
497831 1 231
498157 1 1085
498322 1 403
499873 2 361
500718 1 135
500723 1 419
501149 1 236
501487 1 228
501707 1 239
501948 1 1022
502151 2 237
502405 1 752
502488 1 596
503648 2 257
504283 1 614
504318 1 247
506045 1 285
507459 2 214
508656 1 455
508670 1 576
509408 1 154
509416 2 572
509438 1 281
509455 1 2965
509593 1 428
509647 1 814
509707 1 450
511639 3 429
511685 1 637
512547 1 186
513884 2 136
513891 1 456
514460 1 300
514956 1 278
515125 1 531
515811 1 740
515975 1 137
517413 3 450
517867 1 462
519134 2 130
519424 1 623
521332 1 201
521983 1 372
522113 1 173
522424 1 650
522473 1 265
524903 3 838
138 1 418
181 16 457
200 2 353
1255 1 495
1399 24 455
1644 10 390
1799 11 404
2975 1 143
3130 2 391
3139 25 490
3352 28 475
3556 8 229
3722 16 566
4413 5 599
4520 12 435
4714 21 365
4874 2 363
5039 2 476
5199 29 433
5384 13 358
5610 1 203
6437 2 658
7062 4 187
7103 5 191
7111 12 320
7719 1 65
7993 1 225
8021 13 425
8034 18 491
8085 16 455
8246 6 109
8553 23 466
8929 14 190
8968 3 350
9465 24 401
9642 25 410
9777 3 129
10066 3 408
10234 7 154
10326 33 483
10382 33 451
10534 1 413
10548 6 459
10637 2 117
10861 8 417
11488 3 223
11769 8 321
11965 1 395
12298 10 596
12339 2 341
12393 5 536
12494 8 424
12519 14 220
12683 1 315
12704 8 123
12711 3 554
13428 13 331
13575 16 400
13582 14 311
13780 12 335
14355 2 357
14370 11 502
14459 18 373
14509 29 476
14897 1 405
15592 5 171
15648 9 362
15682 1 257
15698 1 394
15747 6 164
15783 28 422
15958 32 428
16058 9 402
16070 13 457
16184 15 625
16199 1 274
16453 15 661
16618 14 208
16854 1 313
17355 2 319
17417 4 265
17441 7 164
17471 2 319
17695 21 414
17785 2 373
17793 2 456
17830 1 307
17853 22 431
17952 1 567
18013 1 400
18224 1 457
18621 1 159
18738 1 260
18775 1 312
18979 1 509
19327 2 603
19340 26 387
19345 1 391
19360 3 430
19384 1 655
19545 1 353
19662 2 564
19779 2 297
20344 7 221
20413 1 188
21035 11 438
21147 3 738
21182 4 206
21326 7 64
22286 1 245
22840 3 343
22914 1 396
22915 1 438
23125 1 475
23388 4 326
23782 1 369
23875 4 374
24050 2 479
24135 19 332
24164 5 522
24233 6 382
24366 8 270
24370 16 579
25326 1 323
25418 1 277
25682 1 136
26285 6 448
26312 6 197
26650 1 468
26664 2 375
27187 11 348
27569 12 269
27776 50 593
28154 3 364
29782 11 471
29804 1 276
30042 9 295
30091 3 159
30208 1 288
30350 1 312
30509 1 466
30698 1 612
30978 1 589
31295 1 647
31414 2 451
31419 5 450
31438 11 380
31524 7 270
31550 21 472
32035 6 382
32142 24 353
32304 1 345
32651 7 348
32714 1 633
32799 1 353
33362 8 600
33552 2 296
33584 8 282
33593 1 184
33876 2 298
33958 22 377
33966 4 385
33970 1 641
34447 1 390
34558 6 229
34647 16 461
35036 1 438
35436 2 466
35489 4 478
36052 28 374
36104 7 230
36302 14 343
36599 5 423
38163 4 492
39145 6 392
39296 1 374
39587 1 469
39612 1 333
40369 1 478
40446 4 514
40628 8 128
40634 3 420
41319 4 620
42220 37 330
43628 18 368
44440 1 389
44478 1 369
44744 1 498
45020 4 515
46600 1 91
47560 4 209
48224 1 444
48562 17 356
49269 2 519
49344 1 479
49364 7 179
49408 1 494
49635 16 320
52208 20 389
52268 2 171
53950 1 568
55420 13 575
55815 1 471
56321 7 110
56440 11 521
56490 13 542
56492 41 614
57282 2 434
57909 1 387
58791 4 704
59356 6 247
59392 18 491
59647 1 529
60060 3 155
60837 2 205
60895 1 283
60993 17 409
61025 1 406
61095 3 354
62089 40 533
62129 14 586
63953 1 490
64470 1 214
64691 16 555
66477 4 507
67454 19 400
67972 14 827
68029 15 182
68072 16 813
68229 13 755
68252 1 375
68329 6 884
68526 23 549
68562 10 602
69666 7 502
69673 18 337
71013 4 378
71249 25 309
71303 4 379
72076 12 465
72730 15 295
72749 3 416
73537 4 354
74170 25 367
74785 13 468
74878 13 470
74899 32 399
74929 14 340
77091 1 470
77129 4 390
77194 3 246
77742 15 300
78548 17 320
78571 19 326
78772 20 386
79055 3 424
79124 9 539
79709 1 602
79833 1 620
80830 10 1626
80837 10 1582
80845 18 33722
81988 7 129
82475 3 248
83140 2 6001
83374 6 133
83912 14 7048
84199 70 5369
84217 68 30587
84459 1 6371
84704 20 6133
84710 119 12373
84805 2 1072
85211 3 9059
85368 18 74892
85430 311 7578
85481 199 70500
85645 40 153229
85773 27 82661
85781 16 2992
85787 968 18539
85797 6 386
85798 9 1800
86369 29 4679
86535 8 436
86641 3 1393
86753 3 173871
87579 19 8114
87796 1 8183
87951 23 13958
88190 27 981
88321 42 15824
88400 3 200
88421 531 19174
88582 55 9577
88778 127 15542
88796 10 723
89442 26 1029
89626 14 7306
90550 1 9629
91796 1 588
92723 381 20032
92735 22 3802
92886 14 1191
93084 160 9032
93248 6 1459
93645 148 25512
93654 65 102204
93740 7 1041
93750 17 404
93888 6 1440
93924 29 816
94448 4 11510
94450 128 6380
94619 126 5556
94705 4 1294
94874 24 10538
95545 1 256
95560 1 26520
95937 2 11412
96037 12 46291
96049 3 78606
96051 1211 78869
96136 39 20896
96305 14 38919
96374 6 6591
96424 229 38462
96579 19 1811
97285 6 8782
98077 10 1280
98691 134 6762
98694 9 4089
98806 2 19544
99057 6 6934
99208 7 1742
99417 2 1058
99451 2 19333
99887 8 120
99930 1 690
100132 2 498
100200 4 296
100214 8 830
100361 2 553
100383 8 736
100390 3 769
100453 37 583
100583 19 514
100623 3 733
100714 2 444
100716 1 424
100756 24 298
100870 5 650
100987 1 367
101004 1 1051
101007 1 752
101011 9 86
101035 1 186
101036 1 749
101037 2 620
101047 5 575
101081 31 617
101112 3 54
101151 2 1178
101153 4 687
101162 2 995
101163 1 269
101169 1 277
101186 1 321
101191 1 496
101205 2 94
101210 31 907
101211 1 679
101215 5 256
101218 1 833
101357 36 831
101358 8 799
101420 8 166
101501 12 755
101521 21 1064
101536 1 388
101663 2 555
101668 1 773
101716 1 116
101755 15 431
101791 9 112
101859 19 577
101939 1 402
101983 1 503
102106 6 457
102120 26 462
102383 4 364
102494 7 383
102634 18 816
102676 1 351
102756 1 416
102913 4 542
102971 14 788
103083 2 745
103099 3 414
103234 6 572
103473 1 133
103556 21 336
103757 8 150
103869 27 346
103951 1 139
103975 10 721
104034 9 114
104107 7 339
104384 41 832
104386 31 540
104420 32 671
104528 21 770
104538 10 424
104556 8 337
104560 8 471
104838 2 205
105029 33 582
105066 1 109
105172 24 583
105220 16 647
105332 2 205
105373 1 374
105516 23 787
105553 38 479
105554 1 395
105590 1 577
105639 7 536
105666 1 184
105863 45 753
105872 4 326
105895 1 257
106201 37 619
106281 33 528
106357 11 773
106533 15 835
106558 10 650
106559 2 80
106691 19 457
106756 2 104
106790 1 130
107113 5 557
107306 14 333
107399 9 482
107577 8 473
107660 12 544
107697 6 408
107836 1 741
107918 4 678
108062 1 1212
108067 23 929
108122 1 116
108168 2 1156
108231 21 778
108304 2 548
108336 3 1230
108387 1 1679
108391 23 590
108394 1 422
108514 25 790
108711 7 99
108774 7 161
109096 1 1525
109361 1 1416
109451 38 542
109517 2 410
109596 13 234
109677 1 995
109741 1 139
109836 33 510
109879 2 112
109894 2 1086
109933 86 1272
109999 5 56
110111 23 554
110174 10 1450
110225 10 150
110284 12 683
110511 4 1724
110540 14 289
110612 7 165
110617 8 253
110661 9 233
110791 49 625
110807 6 64
110910 57 867
110982 28 493
110983 3 209
110985 42 825
110988 9 602
110995 27 500
111043 9 131
111064 35 372
111150 27 478
111180 1 395
111199 2 850
111267 2 1589
111319 22 491
111365 25 720
111385 13 365
111408 21 350
111432 31 585
111434 32 693
111598 48 533
111615 1 98
111638 16 357
111680 15 851
111750 17 607
111753 8 434
111818 24 349
111875 1 79
111911 16 1187
111935 4 781
111948 1 628
111976 1 127
112085 19 348
112105 6 82
112193 1 1217
112259 4 1099
112265 26 586
112287 11 138
112393 7 93
112467 16 443
112472 36 389
112492 3 68
112521 2 127
112527 30 619
112596 27 528
112713 56 895
112804 50 625
112810 6 514
112869 14 498
112966 1 218
113027 3 680
113031 20 601
113179 12 338
113188 20 408
113248 3 62
113346 11 380
113385 18 600
113463 1 196
113495 19 865
113497 22 278
113511 9 112
113581 1 142
113600 30 530
113721 39 625
113746 1 147
113834 23 604
114142 1 1705
114260 1 150
114281 1 741
114313 3 754
114342 31 458
114356 1 1002
114481 3 662
114682 22 573
114749 2 523
114806 1 713
114881 3 157
114952 3 325
114975 4 606
115007 9 1132
115119 1 417
115363 35 576
115368 3 121
115600 10 686
115653 6 61
115742 28 616
115760 12 408
115894 16 457
115962 1 447
116270 9 108
116342 1 590
116590 1 98
116776 24 320
116822 7 857
116912 1 516
116918 20 583
117250 6 1299
117372 11 423
117381 1 456
117487 35 372
117529 26 360
117537 17 552
117622 8 557
117933 15 579
117937 10 1094
118023 1 1307
118060 11 494
118088 36 787
118246 22 423
118256 1 448
118319 17 435
118340 17 612
118428 23 697
118449 1 526
118477 26 469
118534 1 1616
118585 6 333
118597 2 432
118683 43 624
118776 40 668
118793 11 390
118866 1 105
118940 1 358
118944 27 684
119036 42 1146
119054 1 866
119069 19 539
119239 24 545
119252 40 978
119297 1 526
119361 1 130
119410 5 450
119435 3 60
119550 25 451
119568 4 535
119684 8 185
119698 1 5402
119810 7 719
119862 25 572
119999 37 837
120067 18 875
120118 23 642
120240 5 535
120276 21 343
120481 13 538
120511 2 560
120550 29 948
120609 3 153
120702 6 290
120789 4 92
120895 2 640
121069 38 626
121108 10 442
121298 7 105
121304 6 870
121341 2 744
121371 1 75
121532 25 646
121599 1 90
121778 3 243
121847 2 1214
122013 1 530
122116 2 670
122243 4 253
122339 8 102
122411 4 571
122666 3 529
122778 4 403
122823 9 364
123107 8 432
123126 1 1313
123180 6 96
123304 9 391
123518 4 519
123685 3 342
123824 6 75
123931 19 566
123970 7 82
123977 2 1810
124233 1 568
124301 13 853
124314 3 321
124316 1 269
124327 5 970
124335 1 372
124395 1 140
124417 7 171
124649 3 331
124670 7 552
124679 4 627
124808 4 575
124847 30 608
124864 9 168
124922 17 390
125132 5 215
125144 3 543
125151 6 563
125569 25 544
125616 1 580
125666 8 266
125682 6 117
125719 5 120
125744 19 620
125811 22 316
125842 18 722
125843 4 88
125878 18 570
125941 24 415
125990 33 513
126103 1 119
126185 12 364
126193 3 468
126352 21 637
126645 12 743
126910 23 309
126997 1 709
127114 5 8902
127206 15 250
127471 1 279
127576 11 239
127677 24 310
127800 11 193
127845 7 89
127898 1 246
127930 3 566
127986 1 780
127999 19 615
128101 3 402
128367 2 521
128377 6 151
128393 4 139
128497 34 559
128566 14 209
128752 12 125
128974 2 129
129013 56 758
129014 27 586
129019 18 670
129031 66 1575
129039 35 528
129051 20 676
129053 16 273
129055 17 871
129062 33 627
129111 2 566
129195 33 756
129368 2 515
129419 44 752
129440 1 459
129521 8 178
129529 11 541
129782 43 731
129916 8 307
129966 9 558
129967 7 398
129978 38 786
129990 2 568
130337 12 663
130387 7 1261
130477 7 371
130606 21 615
130667 39 586
130740 10 708
130795 13 196
130940 1 92
130965 7 508
130985 17 670
131084 33 755
131248 5 66
131305 7 561
131437 28 547
131483 10 144
131496 4 122
131534 1 201
131686 2 102
132121 23 613
132220 1 445
132454 3 710
132570 5 691
132757 24 479
132773 13 444
132945 16 227
132969 22 620
132991 3 156
133068 16 522
133157 2 157
133294 3 448
133471 49 1146
133490 7 141
133517 11 163
133541 13 156
133634 8 117
133812 12 184
133958 2 920
134100 14 355
134192 2 121
134273 4 99
134361 1 567
134366 15 501
134369 3 348
134484 2 264
134498 26 561
134507 11 351
134558 10 591
134617 1 178
134632 47 494
134739 5 96
134984 11 588
135083 11 822
135107 10 645
135123 6 107
135132 13 170
135295 9 199
135325 7 531
135369 18 906
135377 15 436
135430 22 675
135450 27 307
135485 45 792
135498 1 552
135537 16 402
135553 2 269
135580 16 380
135625 10 274
135808 20 632
135855 2 155
135877 16 647
135942 5 90
136014 1 1035
136053 10 191
136149 1 215
136265 9 132
136450 9 156
136463 16 559
136494 30 417
136617 8 519
136636 1 118
136704 14 712
136762 1 108
137159 1 1046
137310 23 548
137800 1 260
137824 4 219
137879 1 288
138307 1 787
138396 11 301
138614 7 115
138739 2 156
138880 6 111
138893 13 191
139015 2 406
139080 15 597
139180 22 644
139389 5 184
139528 13 637
139676 10 232
139913 20 398
140035 34 653
140196 13 188
140372 5 628
140445 13 456
140495 1 523
140526 12 456
140533 8 519
140621 24 662
140642 2 250
140664 13 672
140722 6 186
140784 27 437
140910 21 637
141067 9 160
141193 10 153
141277 8 617
141303 19 1268
141317 1 70
141402 25 543
141440 11 167
141456 13 415
141530 1 672
141781 5 155
141809 19 688
142080 7 486
142164 5 567
142190 7 789
142328 23 941
142339 15 347
142439 4 487
142461 1 414
142479 14 344
142508 5 80
142512 2 446
142635 1 627
142725 14 701
142802 40 661
142960 26 444
143014 6 1583
143234 19 570
143391 14 524
143477 5 1011
143536 9 680
143695 11 710
143699 6 132
143707 1 807
143729 4 379
143791 6 185
143831 9 439
143991 7 499
144216 6 573
144293 7 635
144410 8 1024
144592 9 567
144635 3 497
144642 4 88
144839 24 364
144889 13 186
144930 27 611
144976 5 111
144980 30 615
145086 24 1023
145165 6 635
145217 8 887
145363 2 794
145393 17 660
145424 1 189
145526 15 304
145560 1 803
145567 7 176
145575 18 392
145580 6 481
145684 11 180
145695 38 781
145910 2 199
145940 25 723
145948 2 723
146209 18 506
146358 26 500
146524 21 559
146576 9 683
146820 5 801
147240 16 572
147413 14 243
147537 28 641
147607 1 131
147638 1 374
147657 10 254
147673 2 589
147696 6 138
148015 1 553
148094 20 796
148095 6 87
148170 26 924
148205 2 712
148228 16 160
148246 9 1102
148365 4 1136
148367 5 74
148438 1 180
148508 18 482
148528 1 434
148547 1 765
148644 2 637
148994 25 520
149026 20 615
149046 33 496
149123 7 658
149127 7 351
149175 4 216
149242 1 970
149270 1 676
149334 9 156
149699 6 654
149752 33 689
150107 3 995
150109 6 246
150173 8 665
150361 35 674
150511 32 644
150543 1 187
150665 1 646
150776 1 1137
150799 3 77
150840 17 732
150867 8 657
151062 7 123
151202 1 171
151343 13 186
151444 20 455
151586 10 230
151626 9 711
151645 27 547
151709 6 642
151732 9 163
151762 10 479
151769 18 619
151935 16 563
151956 5 325
152015 26 632
152141 5 112
152160 5 621
152220 6 641
152281 1 324
152290 12 881
152291 3 469
152352 2 619
152601 6 210
152720 14 442
152794 9 699
152854 3 685
152985 13 660
153148 7 698
153189 11 152
153190 1 169
153252 2 1075
153446 17 283
153552 3 437
153553 21 729
153673 8 658
153750 1 892
153883 3 1606
153905 6 636
153940 2 209
153965 8 740
154133 3 129
154204 18 342
154228 19 553
154308 2 433
154381 3 943
154455 33 1114
154533 2 263
154534 22 418
154613 8 163
154689 12 179
154803 3 166
154808 1 378
154849 1 179
154914 1 762
155274 1 1126
155453 1 180
155469 18 657
155623 6 677
155739 13 423
155945 3 497
156032 6 618
156131 32 462
156185 19 599
156190 1 427
156214 3 121
156294 2 1703
156313 10 671
156314 12 242
156319 24 456
156342 1 609
156376 12 126
156390 11 591
156459 18 306
156523 1 173
156567 3 675
156692 2 546
156843 9 607
156868 25 543
156871 3 512
156941 1 2537
156945 6 895
156950 1 706
157128 7 630
157204 2 500
157216 53 929
157249 7 130
157269 32 613
157270 12 202
157345 25 635
157383 1 348
157385 3 482
157403 1 418
157415 7 141
157424 10 172
157428 7 168
157595 9 138
157717 6 259
157748 5 128
157762 9 731
157826 31 676
157965 6 656
157972 11 627
158134 21 628
158137 2 587
158196 2 355
158241 9 451
158286 2 967
158315 23 508
158457 12 166
158538 6 1221
158562 10 676
158755 12 662
158800 7 1670
158830 8 604
158974 13 638
159131 7 573
159140 8 727
159160 5 10016
159288 5 135
159396 1 270
159480 1 404
159648 5 342
159672 1 857
159703 16 188
159787 18 1381
159789 32 608
159815 45 752
159819 8 595
159844 35 795
159918 17 181
159941 26 865
160003 5 115
160046 10 130
160157 15 363
160219 2 133
160223 8 626
160320 6 635
160438 26 1165
160509 25 720
160545 3 138
160682 27 401
160720 5 150
160728 20 387
160738 25 640
160861 9 274
160976 1 458
160992 19 531
161017 1 1187
161236 12 126
161322 4 163
161451 6 104
161477 18 568
161592 8 702
161693 1 890
161694 8 1357
161717 43 1271
161731 16 717
161738 7 178
161940 34 702
162059 4 83
162087 17 489
162097 29 444
162144 7 587
162147 14 963
162197 37 1014
162333 33 773
162348 10 113
162456 23 332
162462 2 107
162509 2 122
162547 25 452
162586 26 498
162602 52 522
162620 16 349
162642 1 1163
162710 13 683
162782 6 614
162855 49 707
162859 7 457
162958 5 167
162973 29 650
163063 22 602
163108 7 122
163262 17 472
163273 14 850
163282 1 401
163417 8 689
163443 13 315
163480 34 673
163482 1 1194
163521 2 144
163542 10 218
163625 2 133
163643 9 617
163655 1 143
163748 2 785
163924 2 644
163933 41 872
163983 1 1166
163994 9 658
164078 5 636
164102 2 391
164218 1 98
164236 3 1892
164360 11 643
164366 8 505
164428 1 1301
164436 36 1147
164541 2 1879
164557 27 766
164586 3 222
164599 14 654
164615 26 403
164745 31 685
164814 8 695
164833 4 96
164875 7 667
164913 11 658
165030 36 808
165056 8 147
165131 1 706
165174 10 970
165330 17 223
165350 2 346
165481 6 82
165558 1 3433
165667 13 187
165694 15 1335
165703 5 120
165704 23 626
165709 33 682
165819 6 92
165886 5 156
165906 1 506
165927 16 535
165966 6 623
165976 41 644
166009 6 655
166142 15 682
166335 21 700
166393 6 638
166439 17 387
166502 4 899
166584 7 636
166588 8 185
166589 20 620
166623 3 575
166881 22 657
167011 17 317
167046 1 560
167057 9 244
167226 9 534
167331 3 369
167366 4 613
167415 28 544
167481 8 430
167491 37 727
167508 12 566
167576 23 1334
167585 60 1191
167593 21 2703
167661 34 760
167669 7 134
167688 27 693
167712 5 92
167737 1 401
167772 14 243
167853 10 141
167868 26 712
167965 11 636
167993 3 97
168093 1 348
168317 19 485
168403 23 609
168449 3 434
168470 10 178
168472 3 434
168506 34 667
168536 50 841
168629 26 446
168725 20 521
168914 26 565
168961 18 690
169006 4 455
169074 7 85
169113 1 498
169129 5 110
169300 5 501
169317 22 618
169442 14 328
169460 7 152
169467 3 511
169470 41 673
169479 1 167
169733 40 942
169812 29 742
169861 2 192
169973 37 814
169985 26 819
170050 9 617
170056 16 634
170094 4 224
170172 32 592
170197 14 1100
170268 2 778
170270 45 731
170377 1 367
170380 10 156
170391 31 525
170550 45 814
170620 6 92
170688 26 727
170929 14 325
170953 21 665
171059 34 760
171165 34 581
171448 22 799
171603 33 865
171778 38 868
171781 14 361
171787 1 470
171807 26 595
171993 7 644
172015 30 525
172016 9 366
172104 8 570
172113 14 390
172124 5 130
172175 9 137
172207 7 170
172212 7 158
172364 21 702
172395 13 670
172419 3 643
172471 5 595
172486 1 601
172491 2 715
172524 17 242
172636 14 399
172677 22 621
172800 17 729
172845 1 638
172862 11 156
172964 5 1123
173014 7 125
173029 1 618
173038 7 90
173039 7 654
173153 3 261
173162 1 513
173180 47 1180
173302 11 340
173316 13 510
173356 1 1682
173369 7 775
173443 8 663
173582 4 663
173585 27 640
173610 44 1471
173953 5 156
174065 4 100
174066 9 509
174084 41 554
174168 47 962
174205 4 108
174207 12 214
174217 3 871
175333 5 1391
178459 98 1715
179515 17 159
182119 14 405
187841 2 188
191069 2 127
194248 2 102
196447 1 104
198948 1 130
207630 1 90
221709 34 510
222022 1 109
226247 14 179
229706 2 437
231404 5 378
231450 6 649
231461 18 300
231484 13 1034
231632 12 215
231776 5 1570
232033 25 560
232298 3 1191
232865 13 246
232939 17 401
233222 53 1259
233280 6 1158
233553 15 783
233952 6 613
233984 26 309
234096 34 807
234196 6 856
234339 17 433
234407 26 464
234469 11 228
234658 11 1105
235019 38 582
235032 27 479
235037 29 722
235222 3 442
235394 9 2143
235397 60 2137
235561 15 361
235604 21 363
235678 32 760
235687 45 576
235989 14 532
236609 9 871
236683 7 1451
236833 20 388
236841 4 767
236964 25 432
237074 7 548
237246 10 2225
237460 4 424
237481 95 1598
237505 12 329
237647 14 185
238534 54 11431
238659 45 790
238757 29 5317
238827 62 1254
238888 23 414
238923 56 18797
239341 19 389
239389 16 495
239398 28 931
239741 1 454
239895 14 318
239929 1 4246
240032 50 823
240044 3 444
240050 16 433
240096 51 1910
240366 127 117963
240451 1 312
240570 5 239
240645 2 463
240820 11 555
240847 18 2381
240873 18 310
240911 8 320
241437 10 243
241446 35 1461
241752 34 1153
241806 38 944
241816 5 1228
241826 13 358
242008 25 348
242163 9 108
242168 6 97
242182 38 1553
242192 10 716
242333 15 256
242456 4 6761
242463 16 179
242477 24 684
242570 29 999
242576 11 2176
242893 5 8294
242895 113 17086
242916 2 19607
242955 2 34181
243021 53 14242
243126 31 366
243248 84 97794
243249 3 55340
243279 1 103
243480 5 146
243512 196 3615
243568 11 51992
243581 103 4391
243629 62 28496
243636 24 73383
243726 1 10543
243742 1 52641
243744 49 19522
243797 77 11892
243848 12 149
244031 7 24298
244086 8 143
244145 41 10680
244400 5 18019
244432 17 445
244447 8 100
244483 1 12243
244515 161 137580
244688 20 987
244742 55 48422
244842 17 6838
244846 12 32902
244856 13 852
244865 54 14342
244916 8 137
244946 104 2608
244950 73 2198
244998 3 56078
245016 5 1326
245029 44 93035
245041 7 119
245047 2 122
245082 1 5087
245332 5 103
245449 28 35219
245598 7 118
245668 21 47659
245699 9 129
245896 27 349
245973 7 131
245998 7 26287
246003 17 79294
246093 12 132
246097 8 109
246098 9 140
246125 189 4422
246208 12 7991
246220 54 47306
246434 3 160
246441 13 114
246458 157 4963
246487 13 136
246494 8 126
246495 15 155
246496 12 128
246511 7 125
246512 8 124
246554 263 7838
246558 59 2696
246603 4 39939
246695 14 65027
246784 18 147
246877 4 6449
246892 26 4957
246947 19 25960
247016 17 10957
247074 17 1081
247217 11 17250
247249 8 143
247267 9 102
247335 10 143
247357 13 1643
247387 7 63961
247406 4 42749
247469 87 160821
247517 5 40187
247550 2081 255154
247562 15 354
247582 5 110
247640 5 132
247649 7 125
247667 6 109
247672 691 33059
247815 68 1840
247821 35 2639
247868 185 21317
247994 9 149
248070 3 110
248325 13 158
248348 18 537
248562 2 40310
248610 22 211360
248634 3 38855
248688 1 17594
248690 12 12689
248726 9 115
248728 5 126
248788 37 56946
248809 7 45708
248850 8 13792
248879 8 135
248891 8 115
248901 7 93
248914 25 379
248927 141 4194
248930 2 5041
249076 36 36189
249151 91 38079
249274 3 19783
249314 30 110
249316 6 129
249417 3 108
249461 25 540
249519 3 9653
249570 2 33965
249727 6 116
249740 1474 228328
249784 5 135
249842 4 110
249856 4 137
249902 51 35189
249966 16 18920
250059 57 37994
250073 1 19941
250113 5 135
250116 2 108
250120 7 127
250144 13 1248
250236 26 16448
250435 5 4083
250436 31 19241
250525 5 96
250569 4 101
250575 8 116
250585 7 143
250596 11 171
250613 238 9659
250614 18 4440
250615 510 32287
250616 5 37169
250617 199 10069
250619 744 24517
250631 30 792
250722 26 20017
250829 12 152
250893 9 42856
251027 5 42465
251073 26 5004
251121 5 107
251158 23 5819
251160 4 5200
251369 6 133
251485 11 29531
251600 98 4056
251723 51 22213
251756 129 19516
251770 1 3376
251785 1 19094
251901 1 11936
252083 2 95
252283 2 8947
252369 10 128
252471 41 1368
252474 4 81579
252670 7 126
252681 5 94
252747 7 9283
252921 1 52519
252985 11 136
252986 10 40464
253018 652 331696
253067 84 104143
253186 3 112
253311 5 35432
253318 1 2551
253338 9 160
253354 295 57179
253462 13 48129
253522 58 3353
253557 3 37233
253593 8 171848
253621 7 115
253661 12 22094
253760 4 106
253849 188 22736
253907 10 125
253913 6 136
253921 9 110
253984 10 129
254094 26 4033
254108 2 174176
254252 2 1914
254312 5 134
254561 18 118
254652 6 114
254742 144 3853
254930 4 6349
255235 10 22001
255278 10 164
255289 55 51128
255333 7 114
255386 13 228
255443 17 135
255447 12 123
255476 13 44402
255484 22 409
255538 12 16755
255541 126 23458
255609 10 22114
255651 9 110
255667 2 29094
255777 59 64507
255813 10 132
255827 111 12288
255830 1206 84137
255996 14 5015
256002 11 4456
256064 8 137
256176 15 102
256184 5 137
256186 10 140
256196 8 141
256204 5 110
256212 6 142
256215 7 130
256255 10 1724
256375 55 128
256411 4 111
256446 27 478
256454 105 2540
256496 133 29777
256604 19 37731
256715 3 3781
256741 13 134
256745 8 106
256761 6 134
256762 3 98
256772 4 117
256799 270 6091
256801 50 1397
256860 4 4053
256910 4 142
256935 11 140
257016 2 7719
257049 1 26471
257129 71 14144
257132 340 20479
257133 409 26221
257137 141 17976
257193 227 35712
257239 6 154
257282 3 138
257305 474 37731
257306 24 19070
257344 45 45609
257345 101 89736
257475 17 25255
257496 141 5240
257527 6 144
257532 8 114
257617 11 123
257625 30 23419
257673 541 58812
257678 48 22180
257733 9 127
257752 11 100
257812 12 103213
257931 9 108
257937 7 132
257941 6 131
257967 153 6120
257968 10 200
258282 23 406
258394 8 102
258408 6 105
258414 9 150
258436 42 1362
258559 2 52150
258745 13 104
258747 16 132
258752 6 76
258754 9 94
258856 19 6607
258940 11 117
258946 5 126
258977 20 293
259116 9 8336
259501 5 415
259933 16 541
259938 15 471
259943 23 397
263048 6 566
264821 9 201
267001 11 545
267225 9 302
267346 6 256
268355 4 587
269189 19 542
271850 2 20008
272126 2 7361
272571 8 416
277690 11 339
279247 2 447
279956 25 3591
280285 24 336
280456 1 784
280476 27 703
281832 7 201
283667 20 681
283679 13 463
286953 40 564
286954 13 708
286955 30 639
286956 15 608
288276 15 426
289198 2 406
293677 4 475
293829 3 178
294264 1 877
294760 4 534
295698 25 3638
296710 1 327
299179 23 539
302014 1 514
302181 4 333
302189 2 409
305492 21 818
306783 2 11472
306900 2 249
309823 20 32839
310349 1 290
311033 4 469
313100 11 416
313243 5 569
314101 1 484
314113 7 309
314512 31 52248
314514 117 2056
314516 480 40486
314575 29 278
314816 1 515
314862 11 226
314916 5 603
315052 11 248
315130 7 168
315220 1 366
315654 4 115
316521 2 141
316576 69 2313
316611 15 536
316796 4 257
316928 8 242
317939 13 264
318210 3 34
318329 8 132
319799 19 417
320561 12 438
320692 12 199
320710 7 311
320932 16 976
321176 9 294
321178 43 654
321181 26 934
321186 56 1756
321187 20 962
321201 16 273
321204 15 890
321205 90 4939
321217 5 82
321283 24 874
321284 5 183
321348 10 411
321350 19 360
321355 5 181
321359 45 931
321717 10 2087
321747 29 525
321847 4 408
321918 19 391
321926 5 679
322658 19 364
323181 4 83
323183 4 111
323288 18 735
323354 14 1083
323355 10 256
323371 3 142
323538 31 644
323552 3 506
323813 2 845
323884 9 305
324025 26 560
324909 40 1070
325251 2 98
325305 5 194
325319 2 355
325328 4 235
325347 5 652
325353 3 521
325354 5 475
325469 6 366
325571 7 64
326012 14 233
326202 7 229
326342 14 251
327003 14 295
327118 1 172
327292 5 132
327491 22 532
327671 11 251
327860 2 566
328207 21 609
328401 7 199
329044 5 367
329352 16 209
329623 14 339
329990 7 212
330218 38 846
330246 9 280
330509 3 449
330513 12 189
331114 1 443
331409 5 54
331614 6 167
331983 7 189
332115 8 191
332241 9 179
332258 6 129
332353 1 57
332579 12 195
333092 3 240
333112 12 801
333209 4 463
333431 3 736
333545 4 374
333546 6 489
333659 2 370
334171 28 528
334199 10 199
334441 14 330
334738 18 304
335103 2 105
335126 13 283
335196 32 627
335278 25 449
335280 28 341
335458 26 486
335914 14 668
336328 10 1202
336352 10 539
336389 2 141
336419 5 96
336730 5 198
336763 7 240
336764 22 604
336877 4 172
336891 2 51
337473 5 73
337906 5 498
338036 2 508
338222 10 401
338508 1 773
338706 4 384
339125 2 244
339180 1 439
339753 1 74
339903 9 377
340341 7 531
340922 10 202
340926 1 217
341002 3 683
341274 43 1286
341502 3 126
341778 4 272
342017 3 193
342156 17 796
342244 11 196
342246 15 350
342333 10 216
342667 6 160
342694 10 218
342738 4 455
342843 12 162
342988 13 205
343349 1 527
343671 2 227
344264 1 122
344277 4 320
344458 2 774
344568 31 901
344957 12 315
345294 4 103
345425 20 215
345740 5 358
345785 4 194
345806 2 354
345830 4 288
345868 7 220
346142 10 99
346146 25 641
346668 2 706
346727 1 410
347079 1 67
347524 4 315
347639 13 243
347886 1 101
348065 8 793
348484 1 309
348634 2 929
348705 4 785
348836 1 236
349327 4 183
349344 1 138
349853 9 493
349872 34 910
349884 2 969
350557 7 94
350672 2 45
352479 8 330
352922 16 248
353064 3 243
353597 1 681
353883 2 108
354045 7 607
354054 4 45
354274 2 616
354778 1 83
355025 6 93
355483 2 38
355514 6 68
355850 3 29
356510 1 539
356674 1 339
356709 9 142
356736 1 176
357086 1 265
357971 1 61
358064 3 41
358079 10 276
358232 3 48
358872 1 202
359072 3 329
359864 6 126
360013 5 282
360110 5 175
360118 1 141
360528 5 412
360602 3 169
360707 1 226
360739 6 403
360894 1 342
360951 2 135
361225 4 237
361736 1 111
361809 3 413
362050 9 185
362235 6 194
362325 7 1002
362490 5 196
363399 10 145
363529 3 1052
363804 5 223
363813 11 923
364309 4 644
364484 12 307
364728 2 540
365492 11 430
365502 5 53
365580 9 365
366166 10 148
366238 6 358
366292 13 239
366356 2 205
366859 1 137
367286 21 595
368125 11 433
368170 1 290
368345 4 218
368697 7 552
368860 10 114
368863 16 368
369266 12 376
369371 4 612
369825 1 1248
369853 2 76
369880 32 625
369889 4 44
370152 15 479
370230 10 217
370306 5 72
370480 26 479
370524 13 359
370559 6 216
370699 4 301
371150 6 309
371154 10 623
371287 21 561
371432 6 426
371459 11 1463
372151 7 84
372440 1 145
372443 3 269
373469 16 4030
373853 5 108
373980 4 451
374540 5 69
374792 15 202
374859 2 570
375013 3 110
375264 6 98
375441 5 1001
375458 3 70
375763 1 416
375910 4 131
375961 2 109
376011 13 201
376183 5 230
376475 11 342
377011 7 615
377427 2 35
377982 2 193
378436 1 71
378541 2 171
378629 2 249
378850 12 169
378915 1 45
379476 5 118
379701 1 91
379800 11 814
379804 8 568
380178 2 291
380268 15 186
380532 8 399
380540 17 622
380828 11 969
380842 13 183
380933 1 550
381173 3 127
381186 2 209
381273 1 48
381809 1 432
381817 2 44
381984 2 736
381986 1 882
382134 2 273
382429 2 574
383222 23 444
384447 3 763
384661 11 229
384666 11 417
384667 13 259
384828 21 409
384864 6 116
385118 3 168
385133 4 429
385136 13 281
385208 2 444
385294 15 509
385338 16 976
385606 2 212
385692 10 297
385870 12 629
385986 10 217
386410 1 729
386594 9 535
386674 1 678
386705 2 626
387098 13 265
387348 4 394
387371 16 277
387847 9 241
387849 18 561
387902 5 80
387916 9 142
388097 3 56
388169 20 243
388180 20 532
388334 15 438
388436 4 56
388542 6 112
388686 10 454
388687 32 468
388877 1 327
388884 13 526
389437 2 204
389446 15 338
389677 4 492
389683 16 906
389913 11 379
389985 16 1019
390192 26 732
390276 11 223
390277 32 404
390351 17 468
390352 22 431
390353 36 650
390354 33 691
390355 8 649
390356 23 637
390357 21 439
390358 28 690
390528 19 364
390565 21 620
390746 11 185
390764 14 284
391236 7 188
391443 8 392
391494 26 606
391849 4 791
391935 21 1344
392208 54 1284
392380 5 123
392451 2 377
392472 3 225
392476 3 184
392911 3 828
393010 1 115
393339 2 1253
393377 1 197
393650 4 166
393704 2 571
394319 47 685
394341 11 187
394612 18 762
395168 3 57
395304 2 459
395514 3 60
396797 36 703
397096 1 43
397192 20 308
397206 8 151
398092 53 940
398139 1 148
398265 9 532
398429 6 465
398566 3 202
398613 1 271
398684 7 733
398736 6 64
398741 20 305
399367 1 1079
399381 17 370
399563 10 162
399573 26 433
399743 3 210
399766 12 251
399823 22 450
400111 3 525
400497 9 489
400508 27 802
400510 5 592
400512 8 491
400521 28 327
400573 6 670
400599 2 266
400704 8 309
400823 6 268
400980 5 237
400984 23 505
401065 7 292
401222 21 434
401223 1 181
401241 15 279
401250 1 49
401256 34 398
401257 47 810
401259 12 406
401263 46 791
401265 14 215
401266 13 334
401273 6 464
401275 2 193
401277 29 855
401278 64 2201
401282 156 7912
401286 15 280
401399 15 183
401400 20 723
401402 13 265
401406 29 484
401416 26 818
401706 5 425
401756 3 74
402237 20 273
402377 8 189
402981 3 298
403390 6 166
403495 11 267
403501 3 217
403727 13 129
404085 1 725
404497 1 161
404538 3 86
404651 1 524
404652 3 795
404706 5 485
405480 1 1093
405521 10 622
405741 9 185
406970 11 241
407019 8 403
407410 1 99
407935 1 54
408214 2 253
408298 1 121
408655 3 69
408916 5 141
409003 5 77
409269 20 430
409426 11 212
409620 1 484
409656 2 353
409784 13 391
411249 2 182
412222 2 210
412299 3 614
412598 12 266
412637 6 673
412661 29 802
412879 12 318
413083 1 706
413354 2 241
413606 6 553
413971 9 217
414465 4 52
414488 2 429
414847 140 6252
414899 8 289
415519 7 364
415754 5 118
415920 2 137
415924 8 277
415925 3 177
415927 12 373
417063 5 750
417153 2 130
418038 1 145
418049 2 1216
418458 1 697
418490 1 707
418644 2 102
419131 11 314
419143 19 294
419232 10 197
419249 1 632
419251 5 74
419400 4 109
419446 4 52
420311 16 406
420606 3 67
421066 4 79
421099 9 228
421382 44 851
421919 12 256
422132 8 229
422213 2 49
422473 2 131
422477 15 448
422490 6 110
422928 1 389
422957 9 270
423080 9 140
423315 11 225
423321 11 258
423559 1 474
424039 19 493
424233 12 301
424268 4 46
424349 2 264
424440 3 388
424606 18 351
424627 2 97
424824 12 383
424883 1 217
424934 7 574
424952 5 1151
424956 10 135
425362 4 804
425985 40 671
426225 28 756
426292 16 465
426296 15 163
426302 1 526
426322 4 197
426612 6 90
426634 2 264
426920 10 246
426967 11 243
427026 2 480
427052 3 585
427161 1 332
427164 10 200
427430 1 568
427870 11 280
427879 15 349
428117 4 288
428729 5 226
428946 6 354
429216 2 149
429588 3 584
429778 12 254
429993 8 148
430084 9 837
430257 14 387
430372 41 605
430582 1 674
430823 1 119
430836 29 474
430928 17 251
430969 1 392
431716 10 236
431913 2 824
432084 24 543
432195 8 109
432835 4 170
433043 2 340
433096 5 102
433317 5 102
433546 11 174
433632 1 500
434221 3 848
434405 21 1637
434646 1 304
435121 11 174
435334 13 543
435339 31 657
435356 23 539
435363 25 696
435387 17 738
435395 18 224
435649 2 207
436472 8 93
436853 5 585
436854 28 635
436881 2 661
437062 7 495
437282 9 181
437299 25 976
437303 12 221
437309 9 470
437605 4 340
437609 3 77
437620 11 170
437668 18 529
437730 1 474
437954 22 317
437962 18 245
437992 13 313
438087 41 876
438089 5 80
438094 4 65
438096 21 422
438097 7 103
438102 10 134
438104 30 442
438109 2 395
438117 1 254
438127 68 1910
438132 8 3916
438134 13 728
438135 26 1024
438137 70 5818
438182 10 349
438193 13 349
438198 21 417
438201 9 495
438218 22 1111
438308 4 158
438316 21 673
438569 11 179
438596 6 615
438778 3 442
438818 6 192
438934 72 1112
439111 32 605
439286 5 262
440020 1 285
440088 14 278
440332 13 307
440729 18 190
440732 21 274
440909 1 218
441042 1 795
441100 22 517
441249 3 170
441527 1 184
442432 33 502
443006 3 207
443335 18 472
443732 9 150
443815 2 138
443927 23 500
444486 2 146
444809 7 157
444837 1 759
444841 37 839
445044 27 577
445211 2 2187
445413 2 158
445767 2 133
445902 3 70
445920 12 219
446079 27 694
446117 9 413
446234 6 223
446523 1 757
446948 1 163
446971 2 184
447482 3 749
447679 3 642
447871 2 141
447976 2 94
448043 12 382
448476 6 199
448656 4 271
448863 1 90
448968 7 287
449056 8 643
449126 6 131
449149 3 318
449787 6 574
449788 5 315
450257 9 242
450472 3 74
450751 1 582
451488 2 63
451664 6 250
451689 1 58
451912 2 76
451997 2 125
452001 2 64
452152 2 804
452755 7 338
453277 14 415
453660 1 105
453920 2 288
453983 4 235
454070 18 358
454571 2 1691
454576 44 749
455190 17 401
455518 14 161
456024 28 1440
456026 9 233
456642 2 195
456951 5 77
457137 36 740
457173 2 208
457184 10 114
457370 13 265
457921 20 716
458151 1 402
458283 5 132
458566 7 243
459319 8 131
459321 5 148
459646 2 99
459663 23 380
459729 3 59
460086 2 620
460182 2 82
460422 1 88
460771 20 376
460828 2 218
461013 11 140
461255 33 481
461515 15 414
461519 14 279
461735 11 186
461834 1 123
461838 14 271
461860 16 367
462128 12 624
462284 8 257
462364 9 183
462455 2 185
462476 14 285
462601 13 328
462718 16 479
463008 22 376
463118 12 199
463161 4 231
463352 7 293
463506 5 158
463586 23 490
463711 20 603
463864 1 302
463874 17 893
463888 9 470
463891 27 685
464073 27 534
464373 6 91
464554 3 390
464709 1 621
464821 5 429
464964 13 596
465055 28 589
465149 8 178
465157 11 538
465780 7 171
465905 4 541
466375 4 487
467208 7 272
467647 195 6627
467648 7 98
467651 11 202
468960 1 503
469278 12 230
469290 13 292
469399 20 630
469518 2 76
470186 2 484
470197 1 430
470238 3 245
470447 3 53
470629 2 317
470908 18 390
471193 1 629
471425 7 560
471541 2 876
472073 1 208
472355 1 133
472657 7 261
472684 6 83
473636 6 209
473697 4 283
473702 7 176
473712 23 545
473820 5 270
474028 1 178
474257 1 158
474567 1 285
474727 6 96
474918 1 95
475159 2 112
475234 4 92
475386 12 211
476473 5 377
476487 4 361
476549 25 552
476774 1 84
476900 2 66
477019 32 532
477033 13 487
477034 18 535
477039 23 550
477041 34 619
477044 34 690
477045 29 463
477048 39 746
477168 19 433
477392 2 79
477471 7 450
478225 21 327
478643 13 271
478878 8 90
479366 1 285
479568 1 177
479838 6 119
480245 9 583
480707 1 259
481211 17 420
481212 5 158
482808 9 595
482976 1 458
482977 3 263
482995 9 107
483188 2 138
483259 2 322
483318 8 86
483342 7 72
483362 5 272
483929 6 119
484072 3 230
484125 11 844
484233 7 577
484243 16 908
484805 7 130
485066 23 273
485106 7 128
486788 15 304
486911 1 847
486921 30 396
487867 10 175
488938 2 650
489438 12 1170
489734 3 159
489793 8 306
489817 6 617
489957 4 429
490071 17 481
490079 8 186
490476 1 137
490547 12 321
490663 6 113
490899 4 304
490937 11 161
491448 18 389
491559 16 358
491565 1 54
491766 3 225
492011 9 270
492180 2 101
492209 16 357
492227 7 566
492238 9 262
493778 4 292
494115 12 214
494860 18 315
495319 10 207
495329 4 393
495511 7 125
496473 9 189
496820 6 284
496864 1 642
497387 8 211
497388 11 203
497390 12 307
497822 2 94
497831 13 231
497907 1 84
497970 1 159
498157 1 1085
498322 3 403
498332 1 72
498626 3 80
498914 11 435
499851 15 601
499873 8 361
499939 1 230
500416 5 341
500590 2 195
500718 6 135
500723 17 419
501149 6 236
501240 2 280
501487 1 228
501707 1 239
502151 18 237
502253 12 204
502488 1 596
502519 7 277
502698 1 244
502714 1 302
502882 9 259
503259 15 255
503648 5 257
503854 3 234
504125 7 537
504283 13 614
504389 15 289
504497 16 340
504499 7 101
504500 29 558
504976 14 286
505252 5 1246
506045 3 285
506289 5 95
506301 5 131
507204 9 153
507413 3 160
507423 8 182
507459 3 214
507464 6 278
507531 6 358
507560 8 518
507774 4 101
508135 3 493
508444 6 145
508496 8 110
508648 20 442
508656 2 455
508663 13 370
508670 36 576
508956 5 447
508985 8 203
509061 1 394
509316 3 276
509407 9 239
509408 5 154
509416 33 572
509421 1 73
509426 1 117
509427 5 177
509431 4 79
509436 4 442
509438 5 281
509455 28 2965
509457 53 2368
509458 10 1095
509466 77 6286
509476 20 484
509482 19 661
509522 4 95
509529 11 290
509593 15 428
509647 9 814
509864 10 328
510460 2 51
510652 2 260
510689 12 291
511639 9 429
511685 7 637
511854 2 117
512547 11 186
513884 9 136
513891 11 456
513997 1 69
514014 11 296
514454 18 268
514460 6 300
514470 5 92
514752 1 52
514764 3 81
514956 14 278
515005 4 373
515125 26 531
515235 2 83
515419 1 172
515811 9 740
516116 1 231
516254 6 160
516255 8 181
516696 1 423
516753 9 251
516762 15 499
516827 1 204
516867 11 338
516981 6 272
517413 16 450
517562 2 55
517575 9 194
517809 2 348
517867 1 462
517889 4 146
518093 1 166
518232 1 70
518380 8 137
518789 3 518
518893 5 114
518959 11 331
518961 1 202
519174 6 350
519280 1 80
519415 1 185
519424 1 623
519465 1 475
519687 8 101
519939 2 132
519947 3 292
520284 3 854
520402 3 284
520598 14 232
520849 20 258
520938 1 125
521111 1 730
521301 5 169
521332 10 201
521390 1 480
521408 1 581
521602 2 227
521713 2 490
521983 7 372
522086 2 67
522113 2 173
522120 5 275
522402 4 130
522407 10 493
522424 6 650
522425 1 132
522473 6 265
523128 4 294
523463 21 527
523784 3 111
523803 2 248
523929 13 277
523991 3 96
524010 2 219
524144 12 254
524760 11 142
524903 30 838
