22 7 209
635 1 230
769 2 158
1482 2 327
1483 4 231
1494 2 157
1623 1 437
1647 10 201
1661 2 211
1958 1 302
2072 2 638
2142 1 184
2154 1 303
2191 2 163
2285 20 572
2427 1 250
2751 8 299
2767 1 355
3047 1 197
3144 3 192
3166 2 391
3536 1 518
3906 1 399
4391 7 251
4429 1 319
4704 1 133
4922 2 146
5271 1 105
5279 1 222
5491 1 300
6096 9 432
6229 2 107
6627 2 394
6776 2 229
6981 4 208
7462 1 264
7487 1 433
7610 1 95
7785 1 341
7795 3 311
7832 4 592
7894 2 242
7897 3 466
7916 2 275
9428 1 163
9775 9 263
9801 4 251
10034 4 210
11177 1 258
11870 1 236
12902 1 93
13171 1 195
13574 4 104
13920 2 109
14193 1 298
14292 1 141
14849 1 174
15716 2 343
15823 2 248
16011 1 181
16359 1 228
16466 5 390
16574 2 91
17033 12 323
17317 1 339
17594 8 195
17656 2 233
17967 2 191
18863 4 259
19133 2 224
19159 4 195
19416 1 340
19437 1 330
19558 5 200
19789 7 147
19806 7 204
20622 5 142
20683 3 97
20770 2 266
21925 2 178
22006 3 245
22068 1 206
22106 1 333
22122 2 113
22266 3 195
22571 1 316
22642 1 197
22906 2 182
23350 2 469
23352 1 136
23589 3 393
23668 2 259
23684 2 363
24220 1 177
24273 4 245
24504 2 136
25425 1 246
26166 3 174
26167 1 241
26535 1 283
26707 3 207
26887 1 403
28067 10 390
28103 5 185
28180 14 306
28260 5 252
28326 1 140
29002 1 318
29066 1 179
29090 1 659
29152 1 335
29244 1 362
29381 1 295
29565 1 201
29881 1 410
29971 13 472
30481 1 112
30722 8 249
30833 1 245
31102 4 265
31147 1 448
31788 4 119
31859 1 143
31863 1 106
31959 8 125
32258 10 140
32280 2 79
32414 1 383
33026 1 649
33123 1 153
33484 2 274
33562 13 411
33763 1 188
34410 1 268
34529 4 188
34716 9 301
34864 1 463
35284 1 350
35466 2 394
35683 1 366
35802 1 777
36067 1 439
36612 1 365
36955 1 461
37532 1 339
37533 1 282
37720 1 251
38842 2 208
38858 2 219
39294 5 298
42103 4 243
42892 1 210
43197 1 98
43402 2 758
43403 3 569
43407 1 170
43732 8 247
44029 4 373
44211 4 126
44468 3 368
44633 2 192
44682 2 286
46553 8 164
46750 3 79
46809 2 1005
47510 1 135
47521 1 381
47595 3 284
48356 1 118
48554 6 112
48574 5 136
49626 4 583
49751 5 317
50065 5 383
50211 4 550
51069 1 233
52722 1 294
53748 1 132
54251 2 408
54471 5 333
54730 4 252
54788 1 373
55555 4 342
55738 1 148
57233 1 465
57643 1 484
58251 1 90
58736 4 341
59192 1 436
59601 1 286
61776 3 259
61780 1 154
62273 5 265
62357 3 394
62638 8 456
63302 1 117
65682 2 233
66599 1 172
67529 2 211
67825 1 339
68644 2 298
68937 1 231
69071 10 418
69280 9 375
69383 5 250
69668 5 279
70716 1 276
71344 2 441
72416 2 100
72831 2 383
73112 1 388
73224 1 328
73642 2 229
74115 1 167
74295 26 391
76429 6 169
77452 4 140
77613 2 547
78829 3 418
79132 5 300
79210 1 117
79865 1 429
80950 1 4789
82267 44 14641
85062 2 1308
85368 82 74892
85645 240 153229
85773 100 82661
86367 70 33749
86753 7 173871
86933 6 4342
87424 30 8072
87909 6 12988
88060 1 26
89400 2 9508
89464 1 2943
89540 40 24038
90007 1 11
92166 310 64088
92307 310 64087
92556 2 26842
92558 6 15447
92609 9 24495
92869 37 34076
93654 305 102204
93850 2 375
94167 4 21131
94863 29 18144
95020 24 25937
96037 16 46291
96045 12 23429
96049 20 78606
96051 7 78869
96060 1 18
96136 22 20896
96281 3 9463
98294 2 23774
99953 9 290
100037 9 392
100368 1 549
100665 6 925
101543 1 544
101761 1 140
101813 3 983
101864 2 108
101928 1 416
102283 3 877
102328 1 450
102394 1 252
102514 5 86
102530 2 429
103252 13 662
103380 1 658
103471 1 1486
103552 1 97
103561 1 823
103687 6 1314
103992 2 343
104023 5 62
104322 2 57
104713 1 479
104724 1 566
104730 2 1202
104744 3 1619
104758 5 76
104768 1 557
104778 5 982
104831 1 928
104920 1 1519
104921 4 858
105193 1 192
105233 1 88
105269 6 4204
105384 1 923
105418 3 402
105772 2 605
105962 10 637
105965 2 605
106234 3 581
106468 5 82
106704 4 245
106720 4 80
106726 2 127
106746 5 311
106767 3 1235
107175 1 295
107296 1 494
107310 1 56
107318 2 1771
107339 1 467
107354 1 273
107397 1 577
107400 1 651
107472 2 481
107662 1 1208
107673 2 908
107760 4 842
107825 2 585
108116 8 1174
108516 6 281
108548 1 990
108651 1 360
108718 4 497
109173 1 529
109179 1 934
109286 6 84
109321 5 55
109414 1 188
109533 2 597
109861 7 558
109864 13 716
109887 4 482
109997 7 350
110056 2 696
110174 7 1450
110292 4 447
110357 1 155
110544 2 742
110754 2 440
110922 1 551
110970 2 628
111147 1 770
111149 1 622
111193 1 424
111238 2 806
111374 2 594
111419 1 864
111426 9 1057
111748 2 341
111754 2 449
111883 4 77
112051 1 874
112213 1 368
112291 1 714
112333 3 59
112458 1 456
112548 1 1040
112674 2 931
112699 1 442
112731 5 80
113171 2 238
113180 3 96
113437 1 383
113465 1 528
113539 25 641
113625 1 435
113677 2 517
113856 3 893
113983 1 471
114244 1 549
114262 6 135
114818 7 773
114894 1 684
114898 2 541
115019 1 753
115067 1 1752
115105 1 467
115552 2 77
115586 1 76
115620 1 1320
115930 1 741
116053 1 609
116423 1 765
116539 2 329
116617 2 115
116840 1 618
116929 3 62
117171 1 486
117526 4 104
117620 1 554
117699 5 97
118178 3 148
118426 1 235
118988 17 839
119219 1 722
119338 5 68
119359 3 87
119887 8 174
119905 2 546
119987 3 113
120014 2 526
120101 1 467
120452 8 433
120570 8 696
120849 1 70
121138 1 278
121195 2 469
121254 4 341
121509 2 67
121765 2 381
121820 1 498
122186 10 881
122214 1 1518
122661 1 1567
122729 1 551
123229 5 746
123882 1 424
124343 4 425
124644 1 151
124681 8 967
124797 1 413
124973 6 609
125583 1 244
125590 1 519
125652 2 586
126196 1 454
126632 2 573
126706 1 331
126808 2 817
127026 1 445
127190 2 731
127425 2 452
127512 2 765
127902 10 371
127964 16 370
128570 1 730
128702 1 501
128869 2 1337
128870 3 521
129178 7 523
129280 1 1016
130265 26 908
130585 26 714
130597 1 875
130728 1 618
130868 2 859
131157 1 469
131444 1 726
131715 5 76
131805 36 864
132096 4 690
132516 4 129
132672 1 507
132781 1 1197
132896 1 526
132976 2 913
133036 4 77
133225 2 514
133250 1 713
133401 11 241
133406 1 483
133408 1 452
133515 2 165
133546 1 150
133856 6 106
133911 26 680
134110 3 306
134117 2 1307
134264 8 170
134272 2 369
134782 1 442
134794 1 874
135141 5 114
135156 1 122
135163 3 612
135201 4 858
135405 1 439
135482 8 282
135818 2 1206
135992 1 280
136078 1 513
136312 2 522
136406 1 424
136557 4 617
136608 7 108
137025 3 466
137108 3 1716
137311 1 211
137331 1 429
137372 4 543
137382 2 324
137458 8 240
137681 1 367
138348 1 348
138563 1 652
138726 3 471
138742 13 426
138748 1 78
138819 8 521
138963 1 153
138988 1 718
139306 7 517
139403 1 458
139604 2 824
139679 1 1337
139809 1 626
139908 2 354
140001 1 443
140240 1 367
140317 1 1149
140379 1 1225
140440 21 817
140543 13 457
140554 5 172
140555 2 701
140602 14 690
140708 1 675
140842 20 525
140912 2 182
141049 12 443
141188 4 667
141214 17 652
141340 4 343
141393 1 211
141463 1 519
141608 1 107
141904 5 1227
141963 5 104
142043 1 553
142122 3 529
142252 12 350
142253 1 622
142287 1 770
142312 1 668
142428 1 459
142481 1 584
142626 1 484
142686 1 188
142701 3 352
142918 2 721
142951 17 548
142979 17 882
143014 8 1583
143035 3 496
143183 8 714
143308 1 521
143365 1 245
143388 5 1566
143390 6 872
143507 1 451
143554 1 793
143572 6 164
143635 1 673
143673 1 211
143719 2 922
143736 22 719
143824 1 415
143865 2 735
143884 1 592
143902 1 615
143988 2 335
144039 3 360
144128 2 467
144150 1 1099
144247 1 1366
144257 2 417
144294 15 641
144496 3 700
144583 1 508
144624 2 464
144752 1 826
144793 3 408
144830 9 84
144833 4 439
144851 2 778
144863 1 1231
144931 13 425
144967 1 518
144978 1 633
144987 3 767
145083 10 674
145236 3 1469
145377 1 867
145458 1 213
145593 28 492
145825 2 140
146127 2 447
146251 1 66
146327 1 881
146426 4 90
146456 1 259
146549 2 651
146628 12 171
146647 4 85
147069 7 726
147092 1 526
147100 1 445
147464 16 476
147627 2 750
147866 1 175
148016 2 450
148076 1 511
148181 6 936
148205 1 712
148332 1 319
148447 1 347
148547 2 765
148675 1 946
148830 1 714
148969 4 764
149011 2 726
149036 1 466
149364 4 74
149696 1 696
149822 6 642
150314 1 626
150358 4 1984
150404 13 365
150516 5 673
150544 2 613
150647 1 813
150653 42 553
150995 1 239
151298 1 692
151484 26 480
151585 12 365
151798 5 364
151826 3 877
151874 3 352
151972 10 254
152281 1 324
153142 4 977
153311 1 703
154036 4 4041
154108 7 156
154215 1 648
154294 3 495
154387 1 621
154548 1 295
154588 2 436
154636 10 81
154674 1 741
154718 2 536
154914 4 762
154997 1 649
155082 2 459
155247 1 543
155249 1 1112
155549 2 98
155607 1 339
155745 1 283
155800 1 609
156016 12 259
156177 8 663
156351 6 978
156435 2 491
156473 6 933
156666 2 445
156772 1 465
157065 1 484
157187 11 489
157383 3 348
157468 1 407
157493 16 431
157743 18 996
157908 1 443
157972 5 627
158022 1 630
158157 2 531
158228 2 317
158305 4 668
158326 7 397
158531 3 1096
158903 1 551
158988 1 329
159125 6 131
159167 4 2203
159261 1 327
159390 2 638
159653 8 770
159679 1 462
159723 1 804
159878 1 390
160047 2 517
160193 8 1108
160372 1 438
160641 11 730
160686 1 478
160712 6 908
160753 1 617
160793 2 704
161040 2 784
161459 7 123
161571 6 601
161706 2 454
161793 1 779
162532 3 64
162923 6 1967
163057 3 647
163060 4 627
163695 1 643
163703 2 957
163713 1 276
163789 1 1202
163795 1 417
163813 1 458
163937 1 474
164016 4 458
164037 1 627
164292 2 1008
164357 2 2679
164486 1 489
164587 1 854
164649 1 915
164754 1 423
164794 2 600
164811 1 460
164829 3 601
164945 1 1004
165156 2 642
165165 2 875
165305 1 612
165320 1 715
165346 1 448
165350 2 346
165426 1 744
165648 1 912
165926 1 1835
166106 1 627
166141 3 506
166154 1 443
166157 1 701
166466 2 545
166524 11 499
166574 7 114
166695 2 675
166907 2 480
166971 2 580
167106 4 95
167444 1 762
167542 2 1017
168001 3 589
168096 5 970
168435 2 1385
168469 1 107
168566 1 672
168838 1 1704
168849 2 755
168856 1 720
168955 1 650
169111 1 416
169152 10 141
169353 7 164
169435 1 774
169991 9 189
170412 1 61
171029 1 403
171067 1 716
171570 12 244
171578 2 265
171659 1 453
171762 1 640
171772 1 857
171814 4 116
171824 7 122
171927 1 640
172002 2 100
172090 1 90
172444 2 391
172465 4 408
172485 1 98
172581 2 621
173401 1 133
173436 1 993
173572 1 409
173878 1 542
173986 1 225
174003 7 340
174296 3 872
174408 1 1044
174733 1 518
174805 1 400
175132 2 413
175333 1 1391
175356 1 1508
175661 4 1625
176374 1 421
176403 1 436
176497 4 6588
176737 5 1305
176826 1 516
176968 3 1500
177970 2 1430
178042 3 1090
178125 1 2401
178279 1 97
178381 1 1825
178459 3 1715
178493 1 999
178512 2 2081
178540 1 565
178647 1 366
178845 1 657
178899 2 1200
178901 6 1042
179076 1 225
179207 2 464
179218 2 1564
179220 1 551
179223 1 528
179234 1 547
179235 1 497
179245 1 434
179249 1 1081
179263 3 2949
179264 2 3002
179265 4 3275
179266 1 1997
179272 1 811
179493 1 270
179957 1 746
180036 1 861
180598 1 1090
181316 1 786
181317 2 2384
181325 2 608
181339 1 387
181347 4 658
181349 2 426
181350 1 717
181351 1 348
181354 3 2653
181358 2 634
182013 3 4176
183436 1 112
184318 1 1881
184783 1 2322
184875 2 819
184947 6 2724
185698 3 2804
185701 2 1173
185705 1 1335
185709 2 1280
185714 2 677
185716 20 667
185731 4 1551
185733 1 2057
186316 1 3599
186339 1 55
187517 2 1372
188649 1 3602
188733 2 358
190419 1 674
192137 1 1093
192571 2 2852
192574 5 5256
192753 1 268
192759 1 208
192775 8 1926
192782 2 205
192788 1 271
194167 1 95
194646 1 8206
194826 1 405
194827 2 955
195215 4 4209
195216 1 3571
195864 2 3700
195876 7 3787
196019 1 593
196021 1 1031
196050 1 437
196053 1 516
196152 3 1991
197997 8 6972
197998 3 4571
197999 3 3279
198019 3 648
198522 1 145
198645 1 626
199829 4 670
199835 1 186
199836 1 180
200467 4 729
200468 2 916
200472 1 1850
200475 6 1436
201217 2 725
201347 1 403
201354 5 3835
201364 1 3096
202069 5 8208
202073 1 1505
205475 2 239
205791 8 1461
205944 2 3194
206349 3 4374
206354 1 6084
206470 1 2813
206477 1 5974
206484 10 6107
207663 6 3764
207672 1 583
207696 1 538
209184 2 535
209704 1 154
209790 1 601
210184 1 218
210355 3 91
210581 1 611
211047 2 804
211342 1 107
211729 1 594
211783 1 4159
211791 1 592
212269 5 127
212290 1 404
212291 5 1140
212293 1 748
212295 3 1027
212300 1 791
212311 2 630
212504 1 1201
212739 3 1471
213271 1 1010
213487 2 1682
213938 2 7011
214950 1 363
214999 1 2334
215607 1 305
216095 2 3195
216236 1 6473
217178 1 1169
217184 1 547
217191 2 1013
217216 1 570
218755 2 649
219166 1 598
219186 1 244
219507 1 816
219629 1 135
220328 1 285
221130 2 2558
221819 1 95
221847 2 138
221937 2 1080
223301 1 1687
223428 2 247
224397 6 101
225726 1 701
225929 2 860
225933 2 856
226380 1 113
228141 3 504
231898 13 258
232116 1 778
233251 3 193
233708 4 631
233747 1 689
233823 3 245
233880 1 456
234294 7 716
234589 3 1142
234898 5 162
235177 1 1072
236001 2 135
238282 1 1212
239599 2 1175
239711 4 1412
239857 11 1884
239919 10 526
240366 67 117963
240705 11 2296
240862 3 1041
240882 3 878
241779 2 121
242109 1 397
242115 2 288
242339 1 735
242610 1 138
242706 2 509
242707 2 367
242708 1 418
242709 1 348
242710 1 318
242773 43 12416
242776 128 40213
242868 73 16984
242895 155 17086
242955 101 34181
242994 1 164
243016 1 284
243029 1 314
243108 2 482
243119 1 124
243226 6 561
243248 89 97794
243367 1 515
243499 13 767
243510 66 4690
243748 3 276
243797 67 11892
243803 16 3068
243822 2 575
243823 2 251
243890 10 13160
244047 10 3586
244515 121 137580
244554 8 781
244556 11 567
244560 1 259
244571 1 2232
244742 32 48422
244840 3 15386
244994 102 10504
245287 1 203
245405 1 183
245634 59 12083
245998 42 26287
246173 2 852
246174 1 553
246382 7 1457
246401 19 4475
246458 15 4963
246521 4 8981
246537 1 352
246606 1 1446
246610 52 29250
246679 1 736
246682 2 1043
246816 70 3709
246880 3 613
246912 15 1557
246925 13 1388
246926 5 1211
247151 1 317
247469 126 160821
247550 138 255154
247790 5 669
247816 45 2203
248110 6 454
248420 3 4480
248582 2 675
248651 5 3040
248758 4 3864
248821 1 303
248982 8 2647
249274 22 19783
249345 5 4977
249527 11 391
249530 1 130
249660 3 1455
249661 1 166
249665 1 699
249740 199 228328
249988 7 2521
250122 7 5663
250135 7 2244
250400 1 562
250455 11 2236
250458 31 3045
250531 13 9308
250615 32 32287
250626 3 352
250627 1 209
250704 1 703
250750 74 25707
250893 254 42856
250896 170 14234
250899 9 13191
250985 6 10837
250989 1 219
251023 10 8171
251063 2 774
251066 1 1089
251301 5 11321
251490 1 188
251541 1 728
251543 1 282
251553 1 441
251555 1 391
251556 1 328
251716 2 11851
251737 1 424
251771 3 159
251773 2 641
251793 7 1187
251794 2 245
251796 5 1275
251804 1 274
251843 4 1096
251941 4 2627
252105 10 5983
252154 24 29717
252289 4 4870
252305 2 629
252422 2 1113
252425 3 2121
252737 47 11869
252924 27 17447
252992 5 1471
253018 226 331696
253061 6 10802
253067 90 104143
253311 16 35432
253556 1 297
253557 111 37233
253593 84 171848
253781 3 114
253795 6 27039
253859 2 287
254108 64 174176
254245 1 387
254395 2 1927
254443 1 3575
254445 4 1552
254611 33 11669
254874 1 586
254943 20 12040
255073 1 290
255075 1 231
255076 1 600
255135 1 1384
255289 41 51128
255291 16 16491
255292 13 10370
255306 3 445
255541 25 23458
255677 2 844
255728 335 32235
255961 1 830
255967 9 1184
256602 3 1227
256688 1 278
256790 6 2846
256946 4 6027
257016 1 7719
257068 8 5108
257080 8 4556
257137 15 17976
257201 88 10688
257345 288 89736
257356 42 8557
257389 1 2347
257408 32 1373
257671 7 8321
257673 47 58812
257812 59 103213
257815 2 334
257865 444 35772
257878 2 708
257879 2 414
257893 13 6646
257894 4 1182
257895 1 1845
258052 3 793
258095 2 398
258099 2 336
258158 42 13508
258249 6 6071
258347 1 1199
258363 1 140
258435 47 5203
258658 7 3364
258701 1 626
258791 2 1094
259115 3 25791
268632 1 526
268832 1 1326
279751 6 2790
280755 2 32241
284119 28 344
284149 20 195
284582 3 434
284587 2 438
284603 5 251
293873 8 9225
295943 3 29903
298853 3 5030
299994 2 283
306783 34 11472
308373 7 304
308631 1 448
311355 15 64459
311957 1 646
314512 2 52248
315333 10 173
315878 1 245
319437 1 486
321802 1 24
323342 2 31
324644 1 28
325365 3 539
329747 2 93
331103 3 138
331823 3 604
333069 2 292
334560 2 916
335032 2 212
343281 1 2188
344610 4 62
348135 3 335
349773 2 41
354315 2 75
355725 1 68
356625 1 437
365367 2 89
367851 1 167
370500 5 126
372651 1 208
373108 1 2143
373165 2 472
373828 1 33
375547 2 299
381794 2 89
381847 2 539
381912 1 283
383711 1 362
385838 1 453
385915 3 84
386511 1 166
386651 2 73
389623 1 128
389904 1 409
391196 2 417
392863 2 1182
394484 1 380
395460 1 851
395574 4 170
402326 2 442
404803 1 1268
409874 1 461
412502 5 1026
412859 1 199
412940 1 559
414259 1 264
416596 1 60
418560 2 113
420325 5 127
422376 5 183
422983 2 261
424400 1 580
431537 2 140
434190 3 151
438912 3 165
454021 4 240
459239 6 271
459850 1 396
463664 6 737
464586 1 408
464789 1 56
466912 1 55
467180 1 322
476880 4 757
478708 1 595
480428 1 55
482131 2 131
482164 1 726
486890 1 120
488258 3 144
492266 1 44
495488 3 287
501184 1 506
503090 4 208
506001 4 643
506124 3 200
512764 1 617
513187 3 587
514824 21 736
523026 2 70
871 1 125
1482 1 327
1489 2 240
2060 1 402
2142 2 184
2154 2 303
2487 1 307
3047 2 197
3169 1 382
3389 1 547
3536 1 518
3786 2 264
3906 1 399
3952 5 333
4429 6 319
5491 1 300
6776 4 229
6873 2 239
7299 2 277
7487 2 433
7623 1 204
7795 1 311
7916 1 275
8617 1 190
8785 2 209
8833 3 239
11038 2 168
12902 1 93
13050 1 344
13133 1 231
15074 2 269
15669 3 215
15836 3 330
15990 2 315
17882 1 237
17935 1 118
18863 1 259
21894 2 370
22266 1 195
23350 1 469
23589 2 393
23684 1 363
24273 1 245
24325 1 640
25462 1 302
26166 4 174
26535 1 283
26721 5 248
26815 7 357
26887 3 403
27191 1 279
27578 3 284
28326 2 140
29090 1 659
29244 3 362
29381 1 295
30833 3 245
31859 1 143
32280 1 79
33026 2 649
33232 3 428
33484 1 274
33763 2 188
34520 2 265
34674 2 260
34864 2 463
34865 1 428
35118 1 302
35284 6 350
35465 1 500
35466 7 394
35467 1 206
36067 1 439
36955 3 461
37522 1 206
37532 1 339
38712 4 192
38842 3 208
38858 3 219
38993 1 106
42103 1 243
42813 1 101
42892 3 210
43197 1 98
43402 1 758
43403 3 569
43422 2 350
44029 1 373
44592 1 187
44633 2 192
46445 1 356
46809 1 1005
47254 1 629
47595 4 284
48891 1 338
49242 5 390
49626 4 583
50211 4 550
51069 5 233
54788 1 373
58233 2 296
58736 1 341
61583 2 287
61594 3 335
61776 2 259
62273 1 265
62357 1 394
63039 4 285
63459 2 132
65653 1 235
65682 3 233
66723 5 161
66889 5 366
66908 1 329
67825 4 339
68347 1 250
69383 1 250
69580 1 193
69668 4 279
70449 3 386
70541 2 333
71344 2 441
71667 1 134
72267 3 424
72831 4 383
73112 1 388
73642 2 229
74115 1 167
74295 1 391
76197 8 504
76816 8 514
77613 1 547
77638 5 626
77706 2 222
77771 1 53
78442 8 519
79499 8 550
79865 1 429
85368 3 74892
85645 1 153229
85773 8 82661
86753 4 173871
89400 389 9508
92558 2 15447
93654 1 102204
95020 2 25937
96045 1 23429
96051 2 78869
96281 391 9463
100013 1 409
100325 2 543
101813 3 983
102442 1 554
102666 3 240
103237 1 80
103687 4 1314
104394 1 397
104672 1 727
104724 1 566
104730 4 1202
104762 1 793
104831 3 928
104920 1 1519
105142 2 361
105371 1 391
105962 1 637
105965 1 605
107673 3 908
108022 1 480
108496 2 397
108548 1 990
109327 2 1056
109861 6 558
109887 2 482
109997 4 350
110174 4 1450
110292 3 447
110316 1 435
110527 11 1355
110766 3 760
110877 1 406
110922 8 551
110970 2 628
110999 6 172
111184 1 276
111222 1 476
111419 1 864
111740 1 584
112414 1 290
112548 1 1040
112655 1 253
112988 1 390
113180 1 96
113205 1 352
113395 5 1032
113465 1 528
113677 1 517
114898 1 541
115067 1 1752
115548 2 845
115900 1 1221
116053 2 609
116633 5 780
116679 1 452
116840 1 618
117620 9 554
118980 2 539
119939 1 866
120101 1 467
120570 4 696
120838 1 290
121195 1 469
121254 1 341
122157 1 534
122729 4 551
123030 4 690
123149 2 331
123192 1 432
123320 1 462
125652 2 586
125925 1 185
126292 3 213
126322 3 653
127137 1 471
127175 3 653
127190 1 731
128051 1 312
128128 1 326
128261 3 284
129401 4 505
129922 1 102
130017 1 473
130358 1 154
130374 1 352
130726 1 132
131580 1 414
132096 1 690
132275 1 147
132345 2 810
132560 1 86
132781 2 1197
132976 1 913
133408 1 452
134504 1 769
134679 1 258
134782 1 442
134983 1 1108
135075 1 525
137108 2 1716
137331 2 429
137516 1 649
138348 1 348
138451 2 326
138563 1 652
138569 1 482
138988 5 718
139664 1 528
139790 2 357
140685 4 1284
140708 1 675
141608 1 107
141904 2 1227
141923 1 776
142253 1 622
142428 1 459
142753 2 549
143365 1 245
143390 1 872
144125 1 161
144151 1 368
144496 3 700
144833 1 439
145083 1 674
145141 1 468
145691 1 499
145996 1 687
146127 1 447
146327 1 881
146867 1 318
147572 3 601
147866 1 175
148108 1 123
148216 2 689
148236 1 648
148447 1 347
148547 1 765
149587 1 496
150038 2 317
150358 4 1984
150454 1 872
150544 1 613
150835 3 1186
151430 1 186
151826 2 877
152243 1 588
153320 1 874
153435 1 422
154548 1 295
154588 1 436
155382 2 121
155786 3 341
156666 1 445
156718 2 299
157065 1 484
157300 1 226
157743 1 996
157926 4 1340
157972 3 627
158022 1 630
158051 3 670
158531 1 1096
159435 5 168
160641 6 730
160686 1 478
161289 15 678
161921 1 476
162085 1 298
162167 1 411
162455 2 466
163057 1 647
163789 2 1202
163937 1 474
164357 1 2679
164584 1 567
164649 1 915
164730 1 357
164829 1 601
164945 3 1004
165165 1 875
165305 1 612
165320 1 715
165346 1 448
165518 1 581
165759 1 91
165978 2 83
166014 2 493
166157 1 701
166390 1 1446
166554 1 1250
166996 1 531
167444 1 762
167484 1 777
167779 1 283
168566 1 672
169111 2 416
169435 1 774
171772 2 857
171959 2 492
173878 3 542
173899 1 589
174196 1 91
174296 2 872
174526 3 150
175333 1 1391
176497 1 6588
178493 1 999
178512 1 2081
178901 1 1042
179207 1 464
179218 5 1564
179220 1 551
179222 6 856
179223 1 528
179228 4 507
179234 2 547
179235 2 497
179242 6 906
179243 16 1790
179245 2 434
179249 2 1081
179263 4 2949
179264 5 3002
179265 1 3275
179266 6 1997
179272 2 811
179493 1 270
181170 1 251
181315 7 763
181316 8 786
181317 25 2384
181324 6 600
181325 10 608
181332 7 443
181334 4 409
181339 4 387
181347 5 658
181348 3 439
181349 4 426
181350 7 717
181351 3 348
181354 8 2653
181355 7 1585
181358 3 634
184318 3 1881
184875 3 819
185697 10 1092
185698 39 2804
185701 7 1173
185704 2 1424
185705 9 1335
185709 7 1280
185712 6 723
185714 12 677
185716 1 667
185727 8 708
185730 12 2425
185731 11 1551
185733 11 2057
186316 10 3599
186339 1 55
188649 17 3602
192574 15 5256
192579 1 204
192584 3 360
192592 1 138
192753 7 268
192759 3 208
192764 1 202
192766 6 181
192767 2 276
192769 1 141
192771 6 639
192775 10 1926
192780 3 600
192782 3 205
192788 6 271
192792 10 1386
192797 4 457
194646 18 8206
194803 4 120
194815 1 210
194816 1 129
194825 8 989
194826 6 405
194827 7 955
195864 16 3700
195876 23 3787
195878 6 555
196086 3 144
197750 5 232
197997 54 6972
197998 25 4571
197999 20 3279
198000 12 1591
198001 44 5199
198002 25 3044
198019 3 648
199796 2 376
199812 1 216
199820 4 571
199827 4 1276
199829 9 670
199835 2 186
199836 2 180
199839 4 698
199841 6 495
199843 4 474
200462 6 521
200467 8 729
200468 10 916
200472 23 1850
200475 9 1436
200477 2 244
201347 2 403
201354 12 3835
201357 3 538
201364 1 3096
202069 7 8208
202073 4 1505
205475 1 239
206470 16 2813
206477 31 5974
207643 3 396
207646 2 252
207651 1 275
207656 2 228
207663 9 3764
207672 5 583
207681 3 569
207685 1 251
207696 5 538
209823 1 215
211342 1 107
211729 2 594
211783 19 4159
211791 1 592
212034 5 570
212263 2 244
212264 6 657
212267 7 324
212268 1 293
212269 1 127
212273 1 233
212280 2 222
212281 9 238
212282 30 1042
212290 6 404
212291 10 1140
212293 11 748
212294 7 535
212295 19 1027
212296 6 542
212300 9 791
212302 9 533
212308 1 206
212311 8 630
212312 6 547
212313 18 1608
212314 7 526
212315 10 438
212316 13 499
215936 2 142
217191 1 1013
217216 1 570
224185 2 107
224726 1 101
228141 1 504
230266 1 106
233823 3 245
234294 2 716
235177 1 1072
236376 1 277
238241 1 379
238282 11 1212
239599 1 1175
240705 1 2296
242339 6 735
242658 1 91
242773 2 12416
242868 3 16984
242895 8 17086
243226 1 561
243248 1 97794
243510 2 4690
243797 4 11892
243803 3 3068
243822 2 575
244515 1 137580
244528 2 164
244583 1 3819
244742 1 48422
244994 8 10504
245405 1 183
245634 2 12083
245998 1 26287
246174 3 553
246401 2 4475
246521 4 8981
246537 1 352
246606 1 1446
246610 1 29250
247097 1 271
247100 1 69
247102 1 48
247106 2 51
247469 1 160821
247550 2 255154
247790 2 669
248403 2 60
248582 1 675
248651 4 3040
248982 10 2647
248999 1 343
249107 3 73
249345 6 4977
249459 2 135
249660 4 1455
249740 2 228328
249988 1 2521
250400 1 562
250531 1 9308
250750 6 25707
250893 7 42856
250896 3 14234
250985 5 10837
251023 1 8171
251385 1 48
251793 2 1187
251796 1 1275
251813 4 234
252105 2 5983
252154 2 29717
252425 1 2121
252737 3 11869
252924 5 17447
253067 1 104143
253311 7 35432
253557 8 37233
253593 7 171848
253795 2 27039
254108 10 174176
254250 3 1067
254611 4 11669
254943 1 12040
255075 1 231
255289 1 51128
255291 1 16491
255306 5 445
255345 2 684
255541 3 23458
255677 3 844
255728 1 32235
256602 2 1227
257080 4 4556
257345 2 89736
257673 1 58812
257812 2 103213
257865 2 35772
257893 3 6646
258095 2 398
258099 1 336
258158 1 13508
258249 10 6071
258435 7 5203
258658 1 3364
258753 2 169
267011 6 420
311355 2 64459
315878 4 245
317397 1 30
318053 1 32
323552 2 506
323821 1 29
324585 1 20
330023 1 29
330256 1 29
331222 1 26
331823 5 604
335899 1 446
339950 1 30
340730 2 37
341193 1 29
345894 1 31
345960 1 28
348135 3 335
351119 1 1171
354315 1 75
354341 1 199
356625 1 437
357571 1 42
370164 1 47
373165 2 472
373828 1 33
374286 1 34
374879 1 26
375668 2 517
376509 1 36
377402 1 425
379116 4 187
379861 2 652
386511 3 166
389859 3 406
389904 5 409
391202 1 303
392541 1 39
392863 1 1182
392999 2 67
395460 2 851
400434 1 38
402326 1 442
403000 1 49
409212 1 40
410991 1 418
412502 1 1026
424400 10 580
424768 2 51
427470 1 42
428584 4 78
430539 1 403
432867 1 42
449983 1 592
453072 3 211
454525 4 429
455509 1 43
456013 4 463
459239 2 271
459850 10 396
464940 1 64
465661 6 480
476880 8 757
477478 1 114
480416 1 58
487211 5 270
491840 1 41
500815 1 329
501184 5 506
501905 1 42
503771 1 632
506001 1 643
512764 2 617
516070 2 475
516863 1 592
521026 1 340
522612 1 101
522829 1 86
37720 1 251
37720 1 251
54711 1 397
54711 1 397
54720 1 404
54720 1 404
85645 2 153229
85645 2 153229
86933 2 4342
86933 2 4342
87424 2 8072
87424 2 8072
89591 6 1024
89591 6 1024
93850 2 375
93850 2 375
96037 3 46291
96037 3 46291
96274 1 161
96274 1 161
103528 4 755
103528 4 755
107397 1 577
107397 1 577
107400 4 651
107400 4 651
109005 1 1006
109005 1 1006
109107 6 670
109107 6 670
109479 2 666
109479 2 666
111147 1 770
111147 1 770
111149 16 622
111149 16 622
115019 4 753
115019 4 753
115533 1 79
115533 1 79
116013 4 416
116013 4 416
116840 2 618
116840 2 618
118668 8 875
118668 8 875
122661 7 1567
122661 7 1567
123030 1 690
123030 1 690
125950 6 860
125950 6 860
126155 2 641
126155 2 641
126162 2 449
126162 2 449
127995 1 612
127995 1 612
128570 5 730
128570 5 730
130728 1 618
130728 1 618
136224 8 809
136224 8 809
136516 1 48
136516 1 48
137025 4 466
137025 4 466
137284 1 364
137284 1 364
137869 1 113
137869 1 113
138823 1 563
138823 1 563
140379 1 1225
140379 1 1225
140551 1 364
140551 1 364
142043 3 553
142043 3 553
143554 5 793
143554 5 793
143703 1 39
143703 1 39
144039 1 360
144039 1 360
144920 1 748
144920 1 748
146440 2 877
146440 2 877
150251 1 1056
150251 1 1056
150647 5 813
150647 5 813
153390 2 966
153390 2 966
153455 2 62
153455 2 62
156821 4 255
156821 4 255
158051 1 670
158051 1 670
158627 8 738
158627 8 738
159390 6 638
159390 6 638
160793 1 704
160793 1 704
161289 1 678
161289 1 678
161571 4 601
161571 4 601
166193 2 972
166193 2 972
166466 1 545
166466 1 545
168096 1 970
168096 1 970
170753 1 887
170753 1 887
170789 1 675
170789 1 675
172581 6 621
172581 6 621
175266 1 111
175266 1 111
175397 2 93
175397 2 93
177223 4 795
177223 4 795
177266 1 86
177266 1 86
178279 1 97
178279 1 97
178412 1 136
178412 1 136
179243 1 1790
179243 1 1790
179500 1 1586
179500 1 1586
179501 1 1088
179501 1 1088
179769 1 75
179769 1 75
179786 2 303
179786 2 303
180598 1 1090
180598 1 1090
181170 1 251
181170 1 251
183043 1 72
183043 1 72
184274 1 550
184274 1 550
185050 1 1491
185050 1 1491
185401 1 302
185401 1 302
185953 1 2150
185953 1 2150
189146 1 596
189146 1 596
191242 1 109
191242 1 109
191295 1 117
191295 1 117
192137 1 1093
192137 1 1093
193032 2 140
193032 2 140
194602 1 296
194602 1 296
195124 1 136
195124 1 136
195145 1 1450
195145 1 1450
195416 1 130
195416 1 130
195876 1 3787
195876 1 3787
196050 1 437
196050 1 437
196053 1 516
196053 1 516
196061 2 325
196061 2 325
196152 1 1991
196152 1 1991
198001 1 5199
198001 1 5199
199507 2 76
199507 2 76
200168 1 1619
200168 1 1619
200490 1 96
200490 1 96
200683 1 3590
200683 1 3590
201364 1 3096
201364 1 3096
201707 1 110
201707 1 110
202534 1 130
202534 1 130
203329 1 453
203329 1 453
203393 5 119
203393 5 119
203574 1 511
203574 1 511
203901 1 641
203901 1 641
205398 1 99
205398 1 99
205475 1 239
205475 1 239
205659 1 112
205659 1 112
205791 1 1461
205791 1 1461
206349 1 4374
206349 1 4374
206354 8 6084
206354 8 6084
207562 1 92
207562 1 92
208883 1 319
208883 1 319
209650 1 154
209650 1 154
209790 1 601
209790 1 601
210581 1 611
210581 1 611
211783 1 4159
211783 1 4159
212739 1 1471
212739 1 1471
213280 2 345
213280 2 345
213440 1 135
213440 1 135
213487 2 1682
213487 2 1682
213938 1 7011
213938 1 7011
214495 1 88
214495 1 88
214950 1 363
214950 1 363
215419 1 88
215419 1 88
215425 1 120
215425 1 120
215481 1 1008
215481 1 1008
216095 1 3195
216095 1 3195
219452 2 413
219452 2 413
220328 1 285
220328 1 285
221484 1 96
221484 1 96
222099 1 97
222099 1 97
223301 1 1687
223301 1 1687
225432 1 121
225432 1 121
229339 2 140
229339 2 140
242955 1 34181
242955 1 34181
244515 1 137580
244515 1 137580
249740 7 228328
249740 7 228328
250893 1 42856
250893 1 42856
257356 1 8557
257356 1 8557
266875 2 342
266875 2 342
280300 3 254
280300 3 254
284582 2 434
284582 2 434
284587 2 438
284587 2 438
284603 1 251
284603 1 251
308631 3 448
308631 3 448
325365 2 539
325365 2 539
326383 1 71
326383 1 71
335865 2 131
335865 2 131
335869 2 106
335869 2 106
335874 2 214
335874 2 214
335883 2 269
335883 2 269
335885 2 132
335885 2 132
335889 2 180
335889 2 180
335897 2 162
335897 2 162
335899 3 446
335899 3 446
341410 1 150
341410 1 150
345419 1 161
345419 1 161
353717 1 65
353717 1 65
364127 1 51
364127 1 51
381912 1 283
381912 1 283
381936 2 149
381936 2 149
381974 1 193
381974 1 193
383711 1 362
383711 1 362
383713 1 399
383713 1 399
385735 1 391
385735 1 391
385736 1 468
385736 1 468
385739 1 370
385739 1 370
385740 1 331
385740 1 331
392861 5 650
392861 5 650
392863 6 1182
392863 6 1182
438645 1 198
438645 1 198
438664 1 184
438664 1 184
438671 1 183
438671 1 183
459604 1 100
459604 1 100
465163 1 444
465163 1 444
465169 1 76
465169 1 76
494641 3 120
494641 3 120
523001 1 90
523001 1 90
21072 31 1142
21073 31 1145
21234 21 1103
21235 31 1142
21238 31 1145
29381 2 295
48438 6 200
54711 1 397
54720 1 404
66599 1 172
69875 1 189
74738 1 149
85368 10 74892
85645 8 153229
85773 3 82661
89400 1 9508
93850 2 375
95020 3 25937
96037 1 46291
96274 1 161
96281 1 9463
102475 1 60
103390 10 242
105371 1 391
107405 1 486
107760 1 842
109005 1 1006
109939 1 470
111740 1 584
112013 1 2011
113104 2 124
114950 2 1976
115105 1 467
115337 4 145
115416 8 450
115533 1 79
115567 5 1000
115930 1 741
115969 2 87
116533 1 244
119905 1 546
122661 7 1567
123030 1 690
125583 1 244
126162 2 449
126753 4 185
130728 1 618
130868 2 859
134751 1 82
134785 1 302
135163 2 612
136415 4 196
136829 1 496
137284 1 364
137814 1 46
137869 1 113
138434 2 122
138823 1 563
139090 1 708
140379 1 1225
140551 1 364
140685 1 1284
141807 1 181
142143 1 272
142287 1 770
143308 1 521
144039 1 360
145745 4 149
145924 2 798
146273 2 716
147008 10 517
150814 5 192
152053 1 51
152149 11 734
152374 1 216
153270 1 1042
153311 10 703
153390 1 966
153419 2 116
155257 5 329
157972 1 627
158051 1 670
158735 1 68
159723 1 804
160793 1 704
161103 1 260
161289 1 678
161572 1 257
161573 3 111
162385 1 66
163703 1 957
163918 3 655
165514 1 664
166324 2 179
166390 1 1446
166466 1 545
167435 1 125
168838 1 1704
169162 4 151
170713 1 92
170753 1 887
170789 1 675
172825 1 45
175266 1 111
176819 1 425
176973 1 738
177223 4 795
177266 1 86
178279 1 97
178412 1 136
179243 1 1790
179500 1 1586
179501 1 1088
179769 1 75
179786 2 303
179957 1 746
180598 1 1090
180902 1 384
181170 1 251
182013 1 4176
183043 1 72
184274 1 550
184783 1 2322
184947 1 2724
185401 1 302
185704 1 1424
185953 1 2150
186316 1 3599
189146 1 596
191242 1 109
191295 1 117
192137 1 1093
192571 3 2852
192574 1 5256
192775 1 1926
192780 1 600
194816 1 129
195124 1 136
195133 29 1544
195145 1 1450
195216 1 3571
195416 1 130
195876 1 3787
196021 1 1031
196152 1 1991
198001 1 5199
199507 3 76
199812 1 216
199835 1 186
199836 1 180
199858 1 629
200168 1 1619
200490 1 96
200683 1 3590
201707 1 110
201757 1 252
202006 6 189
202534 1 130
202749 28 1638
203123 1 736
203574 1 511
203901 1 641
205398 1 99
205475 1 239
205659 1 112
205791 1 1461
206349 1 4374
206354 8 6084
206484 1 6107
207562 1 92
207651 1 275
207672 1 583
208578 1 570
209650 1 154
209790 1 601
210227 2 710
210581 1 611
211653 1 575
211783 1 4159
212268 1 293
212294 1 535
212296 1 542
212312 2 547
212504 8 1201
212739 1 1471
213280 2 345
213384 1 191
213440 1 135
213487 2 1682
213938 1 7011
214495 1 88
214950 1 363
215419 1 88
215425 2 120
215481 1 1008
216095 1 3195
216236 2 6473
219452 2 413
221130 1 2558
221484 1 96
222099 1 97
223301 1 1687
224572 1 98
225432 1 121
225929 2 860
229339 2 140
230584 2 125
240705 1 2296
242582 1 120
242658 1 91
242706 2 509
242707 2 367
242708 2 418
242709 2 348
242710 2 318
242719 15 3137
242743 5 383
242859 2 237
242892 2 114
242906 2 143
242955 1 34181
243016 2 284
243332 2 147
243344 8 180
243712 7 580
243803 4 3068
243804 1 39
243806 1 41
243839 3 275
244061 5 442
244117 8 1463
244193 6 323
244327 5 535
244515 1 137580
244528 2 164
244554 2 781
244556 2 567
244560 2 259
244583 7 3819
245233 7 641
245287 2 203
245338 2 377
245390 7 466
245529 1 170
245634 1 12083
245815 1 62
245999 2 166
246012 1 30
246135 6 645
246229 3 114
246311 2 63
246316 2 63
246352 2 74
246382 3 1457
246457 2 150
246458 1 4963
246682 3 1043
246706 2 165
246708 1 179
246925 5 1388
246926 4 1211
246946 7 591
247025 2 219
247097 1 271
247100 1 69
247148 1 80
247151 2 317
247298 2 62
247548 5 480
247550 1 255154
247553 2 179
247563 9 1502
247769 2 136
247862 7 724
247864 3 392
247866 2 400
248110 1 454
248294 5 344
248702 7 331
248818 2 189
248821 1 303
248982 3 2647
248999 1 343
249001 6 601
249111 5 251
249123 5 177
249459 2 135
249527 1 391
249530 1 130
249740 5 228328
249915 6 502
250135 3 2244
250197 3 1121
250199 2 683
250201 2 475
250404 2 151
250455 4 2236
250458 13 3045
250460 3 44
250555 3 270
250626 2 352
250751 4 127
250758 2 161
250759 4 119
250760 2 172
250893 5 42856
250899 9 13191
250933 3 256
251023 19 8171
251035 3 139
251063 2 774
251066 3 1089
251104 6 597
251144 2 186
251306 1 206
251490 2 188
251537 2 112
251553 3 441
251555 2 391
251556 3 328
251611 1 135
251719 2 172
251789 2 195
251794 2 245
251804 2 274
251805 1 39
251813 2 234
251941 3 2627
251983 5 457
252289 3 4870
252305 2 629
252331 5 271
252487 4 177
252585 8 704
252924 3 17447
253146 2 227
253280 6 525
253501 5 310
253556 2 297
253557 2 37233
253608 5 265
253694 6 289
253885 6 628
253890 3 128
254394 10 1477
254443 3 3575
254445 3 1552
254520 11 754
254698 8 495
254708 1 83
254954 5 470
255258 8 669
255292 7 10370
255438 4 352
255575 9 640
255728 1 32235
255825 2 174
255884 2 117
256061 3 71
256563 1 97
256688 2 278
256790 3 2846
256823 1 67
256891 1 117
257068 5 5108
257135 2 54
257137 3 17976
257252 4 315
257345 5 89736
257356 1 8557
257389 3 2347
257408 4 1373
257671 3 8321
257673 4 58812
257815 3 334
257865 2 35772
257894 4 1182
257895 4 1845
258050 1 1018
258052 3 793
258054 2 472
258264 6 516
258347 3 1199
258910 2 107
280169 6 410
280170 10 403
280171 18 408
280172 13 395
280173 19 319
314512 2 52248
315057 12 2127
316742 9 202
316847 9 225
317553 1 79
323457 1 113
325365 2 539
325418 1 160
326383 1 71
330322 12 2178
332323 1 226
334560 10 916
334989 1 172
334990 1 102
335865 2 131
335869 2 106
335874 2 214
335883 2 269
335885 2 132
335889 2 180
335897 2 162
335899 4 446
341410 1 150
343281 17 2188
345419 1 161
