445 1 479
968 1 433
2832 1 185
5553 1 387
7439 2 258
9155 1 424
9346 1 354
13351 1 363
14676 1 505
14752 1 446
15407 1 460
16328 1 249
16338 1 369
16559 1 248
18248 1 429
18503 1 355
18651 1 374
20005 2 144
21046 1 227
22131 1 191
23568 3 258
25322 1 627
27011 1 641
27820 1 326
29203 1 414
29411 1 172
29997 1 463
31762 1 335
33358 1 402
33374 1 409
33647 1 334
35184 4 420
36481 1 793
40815 2 190
41058 1 451
41711 1 104
42221 1 283
42837 1 468
43013 1 353
43914 2 197
45965 1 270
47575 1 234
47840 1 131
50822 3 217
53747 1 193
55205 1 119
55355 1 206
56830 1 219
57232 2 199
58472 2 113
58539 2 243
59326 1 148
59647 1 529
60175 1 267
60586 1 495
64942 1 258
65428 1 115
67095 1 476
67319 1 306
70531 1 288
73386 1 265
75286 1 234
75428 1 321
75899 1 369
76677 1 113
76924 2 282
77754 3 161
77985 1 499
78888 3 464
83864 3 2823
84342 8 3079
85773 11 82661
89034 1 3185
92166 2 64088
92307 2 64087
92558 1 15447
100456 1 810
100627 1 588
101162 1 995
101691 4 514
101864 1 108
102312 1 434
103961 1 1007
104093 3 442
104309 1 592
104885 2 623
105883 1 550
105925 2 640
106749 1 669
106961 1 534
107872 1 54
109616 2 565
111384 3 552
111669 1 492
112001 1 748
112274 1 1216
112740 1 131
114353 1 303
114940 1 911
115203 1 530
117171 2 486
117224 2 760
117665 1 492
117785 1 533
117868 1 596
118361 1 1832
118908 1 1060
119305 1 526
119371 1 239
119779 1 514
119982 3 1270
120086 4 454
120130 1 488
120452 1 433
120680 1 585
122810 2 141
124481 1 343
124810 1 320
124834 1 793
124895 1 1062
125861 4 671
125996 2 481
127404 1 1129
127630 2 622
127806 1 574
128702 1 501
129093 1 449
129439 1 1341
129440 1 459
129786 1 458
130042 2 326
130324 2 598
130904 7 469
130909 1 1286
131268 1 636
131349 1 436
131580 1 414
131681 1 144
132258 1 719
132377 1 440
132896 2 526
132924 1 774
133847 1 811
134117 3 1307
134472 2 1469
134794 2 874
135368 1 765
135405 1 439
135917 1 128
137234 1 519
138034 2 537
138064 1 632
138092 1 677
139211 1 555
139291 1 678
139886 1 524
140352 2 346
140479 1 484
141034 5 955
141686 1 450
141700 2 891
141904 2 1227
142140 2 266
142472 1 702
144153 1 457
144795 3 1064
145106 3 646
146001 1 901
146046 1 1255
146121 2 576
147813 1 1044
149821 1 662
150633 2 482
150801 1 552
151917 1 871
152160 1 621
152493 1 908
152556 2 419
152719 2 453
152936 1 784
153125 1 685
153215 1 487
153911 1 530
154378 1 674
155201 1 899
156036 1 526
157476 1 478
157494 1 514
157676 1 614
158545 1 942
158972 1 639
159110 1 763
161238 1 230
161256 1 1182
161480 1 491
162752 1 855
164475 5 413
164794 1 600
165456 1 653
165849 3 493
166115 1 764
166390 1 1446
167213 1 414
167542 1 1017
167593 1 2703
167796 1 655
167962 1 951
168459 1 609
168573 1 472
168838 1 1704
169032 8 808
169111 2 416
171008 3 432
171023 1 411
171400 1 624
171745 1 726
171757 5 439
172465 1 408
172674 1 174
172858 1 172
173717 1 771
174260 1 524
174754 1 122
231292 2 755
231421 3 774
231483 1 4195
231667 1 406
231920 5 152
232490 16 643
232568 11 1226
232714 1 239
232892 12 1614
233471 7 1078
234113 2 572
234302 1 288
234321 5 279
234746 1 494
234868 3 685
235491 3 343
235555 1 1552
235556 2 396
235775 1 1518
236401 1 140
236545 4 272
236619 3 233
236720 16 492
236768 2 1165
237009 2 216
237025 3 511
237292 1 1065
237325 1 244
237334 1 120
237673 1 131
237763 4 373
238102 1 501
238282 5 1212
238296 1 142
238523 2 459
238533 8 640
238534 2 11431
239034 14 450
239257 3 294
239270 5 501
239695 2 282
240125 5 504
240142 3 213
240197 18 2723
240563 2 262
240602 1 142
240884 4 237
241254 3 424
241372 1 259
241990 1 252
242354 6 703
242531 1 644
242636 1 316
242712 2 301
242856 4 3371
242868 50 16984
243021 19 14242
243158 1 125
243162 2 108
243181 1 121
243196 80 13700
243227 6 4804
243248 222 97794
243289 3 122
243327 10 8333
243328 85 30540
243636 3 73383
243738 10 4338
243742 6 52641
243953 1 2971
244000 51 5203
244177 7 1895
244247 5 2093
244297 22 2694
244515 2 137580
244526 8 1956
244744 11 3393
244846 1 32902
244865 19 14342
244998 11 56078
245029 9 93035
245109 1 149
245122 2 20319
245126 2 10341
245127 14 5590
245280 4 111
245281 6 132
245284 79 11872
245458 17 5144
245609 1 135
245734 8 1244
245818 2 601
245870 3 132
245885 6 6023
245886 23 3984
245887 14 4328
245888 10 3351
245889 17 4319
245923 37 9815
246003 7 79294
246054 2 171
246220 95 47306
246279 2 4587
246344 12 406
246394 2 358
246395 4 746
246593 3 125
246603 1 39939
246684 4 763
246923 5 8941
247406 3 42749
247473 6 5709
247516 3 17927
247747 2 7689
248097 1 16630
248503 15 3127
248562 1 40310
248610 6 211360
248634 1 38855
248721 7 525
248819 2 1761
249057 5 823
249378 1 170
249383 1 318
249570 2 33965
249731 1 12349
249872 3 171
249892 1 412
250073 5 19941
250173 1 162
250494 1 278
250693 1 23753
250893 123 42856
250914 2 603
251017 2 146
251320 1 742
251697 1 131
252036 1 221
252308 1 768
252480 14 515
252507 5 529
252575 6 2102
252896 3 131
252907 2 171
253001 6 2769
253067 225 104143
253076 1 490
253354 8 57179
253454 1 2583
253457 3 2378
253554 24 8382
253557 105 37233
253593 3 171848
253661 100 22094
253671 4 1113
254042 4 197
254104 2 386
254108 2 174176
254146 3 149
254165 7 1240
254171 10 3156
254310 3 154
254534 3 111
254540 1 179
254547 3 427
254552 2 121
254569 61 12506
254577 3 366
254617 6 2120
254618 3 749
254929 44 4509
255019 3 136
255248 7 184
255267 2 122
255271 1 141
255289 103 51128
255291 13 16491
255634 1 29071
255777 2 64507
255823 1 21270
256087 3 349
256155 18 22080
256677 1 134
256703 4 406
256705 3 546
256717 6 2482
257014 1 834
257344 1 45609
257345 2 89736
257375 3 440
257435 1 140
257498 8 2148
257802 1 168
257857 2 152
257865 57 35772
257903 5 696
257990 3 118
258135 1 146
258145 183 25755
258152 1 494
258164 7 1278
258182 2 135
258198 1 144
258222 1 216
258238 2 552
258241 1 434
258244 2 366
258245 2 371
258361 1 26906
258440 5 3080
258559 90 52150
258828 2 139
258844 14 16991
258846 3 18003
258898 1 434
258987 1 21620
259053 29 29094
259057 23 3684
289399 2 369
300819 2 457
302847 1 486
302849 1 427
311599 12 518
311600 10 484
311601 5 539
311602 12 494
311603 9 480
311604 8 315
311605 7 354
311606 3 363
311607 18 360
311608 4 415
314737 5 524
314738 2 425
314739 4 413
314740 1 459
314743 2 620
314744 1 398
314745 1 174
314746 1 194
314747 1 395
314748 1 439
314749 1 304
314751 3 388
314752 3 672
314755 1 753
314756 1 443
314757 2 590
314759 1 377
314761 4 350
314763 3 402
314766 2 385
314767 1 414
314865 1 72
319501 1 29
319520 1 31
321435 1 48
333503 5 368
334464 1 42
338516 1 433
339051 1 79
340834 3 418
355673 1 310
356957 1 80
360320 1 84
369605 1 355
370226 1 591
370651 1 273
371552 1 54
381259 1 305
388140 2 408
389781 5 431
390608 1 367
392657 1 137
401306 5 666
404444 1 285
411630 1 145
414726 1 200
416944 1 172
421404 7 1189
428963 1 446
430970 1 169
437252 4 430
442790 1 242
444062 1 121
444195 1 567
447040 1 598
449915 1 1099
450403 1 701
453390 2 359
463798 6 704
466725 1 44
472939 1 300
476870 3 428
478218 3 241
483637 4 270
483880 2 296
491437 1 470
492057 3 530
498431 1 263
505372 5 439
505418 2 393
506862 1 345
514201 3 333
515502 4 427
516579 3 564
523616 1 305
363 5 163
369 1 600
563 1 166
683 1 367
968 1 433
1660 2 158
1838 1 326
4574 1 115
4658 2 160
6687 1 239
6838 1 265
7235 1 420
10640 1 191
12265 1 160
12755 2 274
13484 2 126
13925 4 128
15174 3 282
15209 1 260
15314 1 285
15393 6 352
15495 8 341
15860 9 269
16162 8 326
16918 2 413
16990 1 531
17057 1 255
17216 6 148
17927 5 264
18377 7 217
18651 2 374
18954 1 386
19471 1 237
20005 9 144
20722 5 166
22881 1 247
23494 1 178
24539 6 309
25117 1 265
25322 2 627
25569 4 205
26582 1 478
27884 1 494
28732 5 108
29054 2 245
29586 1 410
29997 1 463
33215 2 653
33957 2 641
36049 3 188
36067 2 439
36401 1 888
36409 1 373
36455 4 288
36481 1 793
36575 3 414
37161 4 403
37162 1 465
37264 5 295
37974 2 323
38312 1 72
39945 2 205
41711 3 104
42567 1 348
42576 1 128
43914 3 197
43954 1 282
44269 3 223
45811 2 176
45965 2 270
46183 1 185
49219 1 171
53747 4 193
54989 1 99
55205 1 119
55355 11 206
55439 5 305
55793 1 379
56549 1 383
57232 1 199
59693 1 601
62097 1 453
62486 3 188
63424 4 148
65178 1 211
65530 1 144
69695 1 490
70335 1 128
70788 1 474
72205 1 153
72527 3 208
72529 2 208
74971 5 208
75364 1 373
75735 1 383
75786 2 116
76181 2 211
76339 4 153
76641 1 387
76903 1 379
79495 7 657
79496 7 356
80312 4 145
81898 2 37
81899 27 792
82732 3 110
83864 6 2823
84342 4 3079
85774 97 1580
85860 4 156
86343 1 26
86344 99 3408
86900 1 37
86901 19 1125
86972 3 31
86973 10 470
88143 1 31
89034 13 3185
90615 6 149
92558 1 15447
92802 3 105
96949 2 36
96950 53 1312
96951 1 37
97521 2 26
97522 46 2955
98387 9 167
100627 1 588
100665 1 925
104093 1 442
104699 1 523
105745 1 629
108116 1 1174
108276 2 147
108479 1 340
108831 2 528
110374 5 548
110814 1 633
112671 1 586
114490 1 789
115781 1 147
115918 1 442
116050 4 513
116087 1 585
116281 1 504
117380 1 1358
117645 2 452
118222 1 466
118361 1 1832
118395 1 444
119305 1 526
119383 1 641
119687 1 1367
119982 24 1270
120220 1 375
120418 1 441
121059 1 521
121627 1 2118
122449 2 323
122692 1 1739
124918 1 210
126317 1 285
126347 2 246
127554 1 327
129434 1 3012
130909 7 1286
132150 1 130
132705 1 817
135542 1 174
137633 1 454
137808 1 358
139657 1 853
140643 1 375
141393 1 211
141583 2 350
143640 1 1392
144132 1 507
144246 1 1048
144429 3 579
144863 1 1231
145299 1 87
145964 2 881
146121 11 576
147636 1 128
148684 2 550
150633 20 482
150996 1 621
151753 1 750
152978 1 134
153274 2 486
157670 2 618
164848 1 131
166115 1 764
166273 1 390
166390 1 1446
168048 3 401
168838 1 1704
171561 2 1083
182727 1 329
231360 1 259
231421 2 774
231974 1 513
232892 10 1614
233067 1 212
233142 1 238
233937 3 523
233973 9 196
234113 1 572
234467 1 337
234703 1 525
234746 1 494
234868 1 685
235417 1 737
235761 1 408
235775 8 1518
236713 2 211
236768 6 1165
237009 5 216
237325 5 244
237404 1 223
238533 1 640
239037 3 317
239695 1 282
240415 1 236
240869 1 302
240972 19 675
241372 1 259
241519 1 290
241599 1 338
242354 2 703
242390 1 229
242652 2 402
242856 59 3371
242860 1 2278
242868 1 16984
243162 1 108
243196 10 13700
243218 1 346
243219 1 204
243223 5 609
243248 101 97794
243327 1 8333
243328 3 30540
243460 3 74
243738 15 4338
243742 7 52641
244000 3 5203
244177 4 1895
244515 1 137580
244526 1 1956
244998 8 56078
245011 1 10535
245029 20 93035
245109 5 149
245126 9 10341
245284 11 11872
245458 10 5144
245734 11 1244
245885 2 6023
245887 7 4328
245888 42 3351
245889 1 4319
245934 1 388
246003 17 79294
246220 99 47306
246593 10 125
246684 3 763
246902 2 311
247187 2 743
247473 2 5709
248610 25 211360
248759 1 815
249057 3 823
249570 1 33965
249740 1 228328
250073 17 19941
250893 2 42856
252036 1 221
252308 1 768
252575 4 2102
253001 7 2769
253018 7 331696
253067 138 104143
253454 7 2583
253457 1 2378
253557 5 37233
253593 1 171848
253661 11 22094
253671 1 1113
254104 1 386
254437 2 181
254540 1 179
254569 6 12506
254618 1 749
255277 1 152
255289 100 51128
255291 2 16491
255634 12 29071
255925 1 245
256155 11 22080
256668 1 129
256677 1 134
256700 2 1267
257014 15 834
257132 3 20479
257435 1 140
257446 1 122
257498 1 2148
258097 2 389
258145 2 25755
258222 1 216
258234 1 753
258238 1 552
258440 1 3080
258559 79 52150
258844 3 16991
258846 1 18003
258987 8 21620
259057 4 3684
263362 1 415
266429 3 802
277845 5 445
284513 6 150
289391 14 430
289393 8 343
289394 18 376
289399 9 369
289400 20 439
289401 10 224
289403 17 439
289405 11 378
289406 7 389
290229 17 381
290230 5 274
291311 8 561
291313 15 595
291331 15 528
291332 24 551
291336 20 511
291337 29 526
291339 40 518
291340 26 515
291341 21 531
291345 27 501
291346 22 475
294043 1 409
300819 1 457
301668 1 377
301713 6 401
302846 4 132
302847 5 486
302849 2 427
302856 1 284
303200 9 158
305040 5 237
311599 3 518
311600 12 484
311601 9 539
311602 9 494
311603 1 480
311605 4 354
311606 1 363
311608 8 415
314736 7 233
314737 9 524
314738 8 425
314739 7 413
314740 22 459
314741 6 358
314742 10 250
314743 24 620
314744 5 398
314745 4 174
314746 5 194
314747 4 395
314748 5 439
314749 1 304
314750 11 485
314751 6 388
314752 5 672
314754 1 383
314755 14 753
314756 8 443
314757 18 590
314758 18 280
314759 11 377
314760 16 443
314761 16 350
314762 13 394
314763 19 402
314764 17 258
314765 6 278
314766 2 385
314767 13 414
314768 15 382
314769 8 218
314770 20 375
365165 2 422
387304 1 62
387647 2 233
387654 1 88
389338 2 62
389345 3 95
389530 2 569
389565 1 86
389570 2 417
389793 3 253
390010 1 175
396419 2 82
398549 1 615
401202 1 45
402486 2 53
406913 1 197
407872 1 139
408420 1 58
420644 1 552
428963 1 446
438082 1 137
438086 3 330
438131 2 3085
450580 1 396
451267 2 275
453390 1 359
453426 1 157
463798 1 704
482102 1 228
489526 3 205
515942 1 145
519369 2 105
520495 1 263
369 1 600
683 2 367
968 2 433
1413 7 217
1721 2 342
1838 2 326
1909 3 524
2225 2 194
2478 2 472
4658 1 160
4966 1 462
5587 12 378
6278 1 404
6298 4 293
7235 1 420
7439 16 258
8828 1 360
9346 1 354
10640 1 191
10641 1 176
11555 1 345
12755 2 274
13901 1 309
14768 2 178
15174 1 282
15209 2 260
15314 1 285
15336 1 285
15393 3 352
15495 4 341
16162 2 326
16328 15 249
16338 5 369
16498 1 354
16559 16 248
16918 1 413
16990 1 531
17057 1 255
17569 1 245
17576 1 180
17927 2 264
18002 6 224
18377 1 217
18503 1 355
18592 1 286
19249 2 390
19471 1 237
19919 2 213
20005 10 144
20722 1 166
21046 1 227
21252 2 331
22131 9 191
22881 1 247
23494 2 178
23568 1 258
24286 1 317
24539 3 309
25322 6 627
25647 3 319
25859 2 427
26580 1 458
26582 1 478
27011 3 641
27820 1 326
27884 1 494
29054 1 245
29203 1 414
29411 4 172
29586 1 410
29689 1 602
30498 4 465
30847 2 258
31390 1 227
31519 4 187
31997 1 906
33110 1 235
33215 2 653
33358 3 402
33647 4 334
33957 2 641
34533 1 927
35184 3 420
35746 2 457
36049 2 188
36067 9 439
36401 10 888
36409 2 373
36455 2 288
36481 1 793
36575 4 414
37162 1 465
37245 3 95
37264 1 295
37300 1 227
38679 7 218
39009 1 451
40815 2 190
41711 1 104
41848 3 542
42837 1 468
43013 1 353
43550 3 382
43914 10 197
44638 2 598
46183 3 185
47182 2 210
47840 1 131
50454 1 267
50603 2 363
50822 5 217
52176 1 445
52261 2 435
53747 1 193
55205 1 119
55355 1 206
55373 1 191
55439 1 305
55572 2 172
55793 1 379
57232 1 199
58472 9 113
58539 5 243
58905 3 374
59326 6 148
59573 2 527
59647 6 529
59812 2 258
60292 15 239
60586 16 495
63740 1 247
64885 1 209
64942 8 258
66453 3 217
67095 3 476
68342 5 179
69300 1 398
69695 5 490
70531 1 288
70788 5 474
73911 4 564
75286 1 234
75899 6 369
76339 1 153
76395 6 385
76677 1 113
76790 1 421
76903 1 379
76924 3 282
77186 2 181
77754 1 161
77985 3 499
78888 5 464
79111 1 114
79495 2 657
79496 1 356
83864 32 2823
84342 5 3079
85645 9 153229
85773 56 82661
85860 1 156
86344 16 3408
89034 5 3185
92166 59 64088
92307 59 64087
94427 3 6442
96950 1 1312
97522 6 2955
100066 1 1014
100294 11 438
100431 5 110
100456 2 810
100568 2 444
100665 1 925
100978 3 753
101162 4 995
101199 2 575
101513 1 697
101611 5 449
101633 1 897
101691 1 514
101809 1 1321
102312 1 434
102549 5 748
103550 1 270
104093 7 442
104396 9 631
104405 4 107
104531 6 1513
104921 3 858
105813 6 464
105915 2 997
105925 1 640
106085 3 780
106441 6 365
106458 2 308
106637 16 1782
106698 1 738
106749 4 669
106961 2 534
107326 7 207
107654 2 115
107951 1 472
107957 4 304
108116 1 1174
108285 1 351
108475 1 1121
108917 1 94
109133 4 416
109316 1 539
109734 3 163
109894 5 1086
110058 1 372
110115 2 448
110120 3 538
110481 1 77
110524 1 854
110803 1 658
110814 1 633
110816 1 45
111384 9 552
111582 12 511
111669 3 492
111857 10 1699
111911 5 1187
112097 7 652
112210 1 689
112274 2 1216
112326 1 251
113056 1 631
113413 1 1135
113736 10 1834
113784 1 563
113822 4 225
114103 2 128
114170 1 601
114287 1 463
114353 1 303
114809 1 455
114853 1 290
115105 1 467
115118 2 452
115144 2 620
115252 3 1336
115279 4 959
115348 1 1508
115411 1 603
115463 4 601
115597 7 762
115881 1 866
116050 4 513
116087 6 585
116284 4 508
116287 2 651
116604 7 447
117017 2 524
117030 5 476
117224 8 760
117346 4 1086
117506 1 544
117582 1 903
117785 7 533
117868 22 596
118080 2 917
118082 5 569
118100 10 1309
118193 1 228
118222 2 466
118370 2 57
118559 7 681
118908 2 1060
119305 7 526
119371 3 239
119687 2 1367
119779 1 514
119982 6 1270
120058 10 660
120086 7 454
120130 1 488
120452 1 433
120547 1 385
120548 6 376
120680 1 585
121059 1 521
121195 1 469
121281 1 779
121341 3 744
121439 1 1034
121627 1 2118
121852 4 974
121955 1 204
122115 6 615
122164 3 256
122452 1 171
122512 3 413
122520 1 490
122526 1 532
122546 1 681
122692 1 1739
123105 1 721
123148 1 627
123247 6 489
123939 4 719
123951 20 678
124118 2 272
124481 6 343
124817 10 615
124838 1 468
124895 2 1062
124918 1 210
125093 1 280
125141 5 299
125159 2 578
125179 6 401
125595 1 468
125861 2 671
125996 7 481
126192 2 121
126770 1 473
127183 3 680
127190 8 731
127356 6 316
127404 2 1129
127554 4 327
127723 2 99
127725 4 466
127806 2 574
128006 11 681
128626 1 1174
128702 1 501
128916 1 355
129093 9 449
129434 2 3012
129439 5 1341
129440 7 459
129786 5 458
129800 10 511
130265 1 908
130306 2 490
130324 8 598
130456 15 535
130468 3 288
130550 1 227
130673 2 482
130900 1 519
130904 4 469
130909 2 1286
131017 6 450
131179 1 1043
131268 3 636
131422 2 145
131430 2 339
131439 2 343
131681 2 144
131805 1 864
131950 6 304
132031 1 499
132136 7 639
132278 3 309
132377 12 440
132383 2 594
132423 4 785
132585 7 442
132700 4 690
133229 1 272
133381 3 804
133464 7 998
133588 3 137
133715 1 428
133847 3 811
134117 2 1307
134295 3 443
134472 3 1469
134688 2 709
134753 1 571
134794 9 874
135368 2 765
135405 2 439
135610 2 955
135917 4 128
135918 1 129
135995 2 411
136800 7 1131
136832 2 1074
136865 4 452
136920 7 1167
136963 1 576
137234 1 519
137352 4 1771
137392 2 447
137665 9 692
137808 1 358
137927 2 754
138034 2 537
138064 1 632
138092 2 677
138282 1 63
138348 5 348
138444 3 672
138718 1 45
139179 1 223
139211 2 555
139291 1 678
139657 2 853
139993 1 534
140309 2 626
140352 2 346
140479 6 484
140643 3 375
140894 1 840
140986 2 591
140992 2 232
141034 8 955
141211 4 436
141370 9 419
141686 1 450
141700 1 891
141904 2 1227
142140 8 266
142265 11 425
142292 10 1627
142402 3 790
142472 5 702
142512 1 446
142746 2 191
142756 6 152
143015 1 526
143106 1 938
143238 3 176
143571 1 978
143640 1 1392
144153 1 457
144175 2 1121
144390 2 121
144429 5 579
144455 2 489
144541 8 339
145144 4 254
145197 2 148
145236 19 1469
146001 6 901
146046 6 1255
146121 1 576
146126 1 540
146327 6 881
146343 2 567
146456 3 259
146847 3 638
147813 1 1044
149416 1 120
149731 2 1116
149740 3 277
149808 2 282
149821 4 662
149826 5 499
150197 5 841
150633 3 482
150634 2 284
150654 8 857
151011 6 751
151235 1 1044
151284 1 214
152160 4 621
152493 5 908
152616 1 895
152719 1 453
152794 2 699
152936 1 784
153215 1 487
153251 1 541
153311 2 703
153316 3 376
153550 4 531
153911 1 530
154036 13 4041
154420 12 748
154578 2 702
154875 2 66
155332 6 637
155384 6 473
155613 2 1034
155765 3 1091
156036 2 526
156089 2 275
156335 6 273
156777 13 331
157494 3 514
157563 7 425
157618 1 150
158545 1 942
158871 4 766
158972 8 639
159193 1 1603
159846 3 112
160430 6 531
160526 8 513
160565 1 1299
160654 15 419
160779 6 786
160809 4 115
160816 11 360
160969 6 697
161238 4 230
161522 2 189
161569 1 522
162116 6 505
162152 10 690
162320 12 368
162417 1 783
162752 4 855
163238 4 511
164007 3 759
164394 2 337
164475 1 413
164567 2 1694
165355 1 580
165397 1 1083
165407 1 442
165456 1 653
165842 5 899
165906 2 506
166115 2 764
166202 3 474
166328 9 561
166390 1 1446
166668 4 740
167173 4 530
167213 1 414
167542 3 1017
167593 2 2703
167796 5 655
167962 3 951
168022 2 677
168100 1 551
168459 1 609
168838 2 1704
169032 11 808
169107 3 632
171008 7 432
171023 1 411
171240 1 394
171400 1 624
171561 5 1083
171745 1 726
172393 1 649
172465 1 408
172471 2 595
172715 5 574
172858 3 172
172905 2 475
173039 3 654
173106 1 1020
173169 3 668
173717 3 771
174005 2 593
174159 1 655
174260 2 524
174754 1 122
182418 3 130
182727 6 329
231139 24 1765
231292 13 755
231421 7 774
231483 40 4195
231667 2 406
231920 7 152
231974 1 513
232168 17 490
232490 28 643
232568 13 1226
232714 1 239
232832 1 149
232892 27 1614
232940 8 183
233028 9 395
233067 1 212
233110 5 334
233142 3 238
233471 10 1078
233937 3 523
234113 5 572
234302 14 288
234321 11 279
234467 1 337
234703 3 525
234746 10 494
234868 20 685
234869 2 260
235159 6 167
235417 3 737
235491 9 343
235556 17 396
235761 14 408
235775 32 1518
235918 7 328
236401 1 140
236545 12 272
236599 2 1074
236619 5 233
236713 5 211
236720 17 492
236768 23 1165
237009 10 216
237025 20 511
237292 1 1065
237325 2 244
237334 6 120
237390 1 923
237673 4 131
237763 14 373
238102 3 501
238282 2 1212
238283 3 391
238296 1 142
238523 5 459
238533 17 640
238534 1 11431
239034 15 450
239037 2 317
239257 4 294
239270 27 501
239695 10 282
240125 22 504
240142 7 213
240197 68 2723
240415 2 236
240563 11 262
240602 1 142
240659 2 213
240869 1 302
240884 5 237
240972 2 675
241254 2 424
241372 3 259
241519 2 290
241599 4 338
241904 3 224
241986 6 321
241990 3 252
242042 12 1869
242354 29 703
242531 8 644
242652 26 402
242712 10 301
242856 22 3371
242858 33 2655
242860 34 2278
242868 163 16984
243021 30 14242
243158 9 125
243162 4 108
243181 8 121
243191 11 141
243196 225 13700
243218 3 346
243219 6 204
243223 6 609
243227 56 4804
243248 642 97794
243289 1 122
243327 105 8333
243328 724 30540
243472 2 110
243510 4 4690
243579 1 5089
243636 83 73383
243738 84 4338
243742 10 52641
243953 121 2971
244000 147 5203
244177 17 1895
244247 18 2093
244297 27 2694
244434 1 455
244449 10 120
244515 42 137580
244526 19 1956
244744 29 3393
244846 3 32902
244865 30 14342
244984 1 216
244998 18 56078
245011 5 10535
245029 17 93035
245109 3 149
245122 9 20319
245126 42 10341
245127 130 5590
245280 7 111
245281 8 132
245284 254 11872
245458 91 5144
245609 2 135
245636 1 2449
245668 7 47659
245734 28 1244
245818 6 601
245870 5 132
245885 104 6023
245886 69 3984
245887 64 4328
245888 50 3351
245889 45 4319
245923 77 9815
245934 6 388
245997 3 17567
246003 9 79294
246020 1 1865
246054 6 171
246068 6 19691
246220 362 47306
246344 15 406
246394 26 358
246395 28 746
246593 4 125
246603 1 39939
246626 19 334
246684 16 763
246902 5 311
246923 10 8941
246936 11 358
247048 1 114
247167 1 3009
247187 6 743
247406 52 42749
247469 6 160821
247473 2 5709
247516 14 17927
247526 2 970
247550 2 255154
247747 1 7689
248097 23 16630
248221 3 170
248503 34 3127
248562 2 40310
248610 36 211360
248634 6 38855
248721 26 525
248759 21 815
248819 30 1761
249057 3 823
249151 3 38079
249378 6 170
249383 5 318
249570 4 33965
249740 2 228328
249872 8 171
249892 16 412
250073 34 19941
250173 6 162
250494 2 278
250515 3 152
250693 3 23753
250893 533 42856
250914 8 603
250945 1 159
250967 2 122
251017 7 146
251085 1 15468
251320 4 742
251367 27 1005
251697 5 131
252036 3 221
252308 1 768
252480 15 515
252507 17 529
252575 54 2102
252576 2 3614
252896 9 131
252907 4 171
252913 2 178
253001 28 2769
253018 12 331696
253067 695 104143
253074 3 386
253076 11 490
253354 71 57179
253454 48 2583
253457 29 2378
253554 57 8382
253557 294 37233
253593 2 171848
253661 589 22094
253671 44 1113
253845 7 9503
253990 3 26077
254042 14 197
254104 4 386
254108 7 174176
254117 2 172
254146 6 149
254165 16 1240
254171 31 3156
254310 13 154
254534 4 111
254540 7 179
254547 14 427
254552 6 121
254569 176 12506
254577 5 366
254617 59 2120
254618 20 749
254929 56 4509
255019 3 136
255248 8 184
255267 7 122
255271 5 141
255277 11 152
255289 423 51128
255291 112 16491
255587 4 128
255634 31 29071
255777 23 64507
255823 3 21270
255925 5 245
256087 12 349
256155 52 22080
256668 3 129
256677 5 134
256700 14 1267
256703 12 406
256705 17 546
256717 56 2482
257014 1 834
257132 4 20479
257344 4 45609
257345 5 89736
257373 23 377
257375 17 440
257435 5 140
257446 7 122
257450 7 242
257498 34 2148
257802 1 168
257857 7 152
257865 62 35772
257903 29 696
257990 7 118
258097 11 389
258135 7 146
258145 166 25755
258152 24 494
258164 27 1278
258182 8 135
258198 10 144
258222 8 216
258234 20 753
258238 14 552
258241 11 434
258244 22 366
258245 20 371
258361 11 26906
258440 8 3080
258559 383 52150
258562 1 351
258828 4 139
258844 89 16991
258846 51 18003
258898 12 434
258987 3 21620
259053 104 29094
259057 90 3684
263362 4 415
266429 1 802
275106 8 456
275108 10 619
277502 4 431
278447 1 517
289405 4 378
289406 1 389
290231 1 432
291311 2 561
291331 1 528
291339 1 518
294043 3 409
300819 1 457
301668 4 377
302849 1 427
302856 1 284
311599 5 518
311600 7 484
311601 4 539
311603 4 480
311604 4 315
311605 2 354
311606 1 363
311607 9 360
311608 1 415
314737 6 524
314738 1 425
314739 4 413
314740 3 459
314742 3 250
314743 2 620
314744 1 398
314751 6 388
314752 1 672
314754 6 383
314756 2 443
314757 3 590
314758 1 280
314759 1 377
314761 1 350
314762 2 394
314763 1 402
314764 1 258
314765 5 278
314767 2 414
314768 1 382
314865 2 72
316812 1 123
318774 1 564
319501 2 29
319520 2 31
319522 2 37
321435 5 48
333503 6 368
334464 1 42
338516 7 433
339119 3 55
360299 7 149
364251 1 184
365165 3 422
369124 1 131
369605 1 355
371083 1 276
384577 2 71
387304 1 62
387647 3 233
387654 1 88
388125 9 787
388140 2 408
388908 1 220
389338 2 62
389345 3 95
389530 13 569
389565 2 86
389570 10 417
389781 8 431
389793 4 253
389858 4 436
390010 5 175
393048 3 289
396419 1 82
398549 1 615
398687 2 139
401202 1 45
406913 6 197
407872 2 139
411630 8 145
414726 4 200
416944 3 172
420644 1 552
421404 4 1189
428963 2 446
430970 7 169
432186 7 792
437252 2 430
438082 1 137
438086 3 330
438131 2 3085
442790 10 242
444062 2 121
444195 15 567
447040 2 598
448626 1 299
450403 2 701
450580 9 396
451267 3 275
453390 5 359
454359 1 129
461441 2 145
462245 1 57
463798 19 704
466481 6 929
466725 1 44
472939 2 300
476870 7 428
478218 12 241
482102 5 228
483637 6 270
483880 15 296
489526 2 205
489775 2 506
491437 4 470
492068 1 486
498431 8 263
499151 2 603
499501 1 363
505372 14 439
505418 5 393
512047 1 522
514201 4 333
515502 7 427
515942 1 145
516579 6 564
516729 1 234
517927 5 716
520495 4 263
521783 25 519
523616 7 305
