49 4 139
225 6 215
427 1 170
522 1 307
1068 3 473
1088 3 112
1154 5 390
1205 2 688
1333 1 477
1776 2 541
1900 2 277
1997 6 213
2064 5 167
2096 2 291
2157 2 206
2183 5 464
2262 16 338
2515 12 255
2558 9 230
3403 7 189
3820 1 353
4339 2 79
4907 3 149
6086 9 273
6215 1 65
6232 2 519
6388 1 325
6887 4 283
7115 7 317
7150 5 311
7173 4 159
7257 3 170
7272 2 601
7401 3 448
7641 4 325
8263 6 315
8479 3 131
8480 2 199
10000 3 101
10112 8 178
10347 1 161
10503 12 501
10615 3 302
10674 3 109
10708 18 555
10732 2 364
10937 9 282
11180 7 246
11778 4 216
11830 9 187
11902 5 135
11909 2 216
11927 10 271
12286 1 205
12302 1 361
13635 3 103
14842 3 292
15383 4 161
15567 2 362
15568 1 440
15748 3 198
15947 2 482
16280 4 422
17589 1 125
17869 1 450
18288 1 137
18842 1 314
20218 8 308
20270 1 322
21299 6 274
21336 2 511
21371 9 488
21620 7 329
21702 5 120
22027 3 172
22551 2 104
22724 1 527
23358 4 357
23562 2 226
24117 5 251
24391 2 301
24712 2 287
25114 1 313
25118 3 84
25683 1 202
25786 1 85
26396 3 265
27019 1 211
27428 2 212
27556 1 152
27589 12 216
27755 6 101
27794 2 91
28863 1 254
28893 1 178
29521 2 133
29717 1 242
29955 8 316
30839 5 176
31413 1 388
31554 5 297
31680 1 388
31866 7 352
32057 2 88
32089 5 213
32949 5 201
33127 3 279
33135 5 309
33290 1 97
33388 14 495
33879 2 282
34653 4 481
34671 1 486
34766 2 176
35242 7 344
35282 6 110
35299 4 116
35334 3 517
35443 1 649
35641 1 461
35646 1 451
35753 4 169
35768 1 449
36002 2 111
36011 8 624
36804 9 203
36888 9 269
37007 14 253
37104 4 355
37187 3 373
37261 5 193
37308 5 111
37314 8 352
37316 1 129
37405 7 345
37742 3 97
37762 12 207
37864 16 479
37948 7 609
37998 8 436
38009 5 533
38273 1 315
38286 11 529
38313 8 227
38484 6 428
38520 4 216
38622 8 442
38730 6 263
39016 2 135
39165 4 196
39421 4 127
40338 1 126
40366 7 153
40375 8 388
40408 8 196
40758 14 515
40764 5 267
40823 3 338
40877 7 553
41032 3 369
41056 7 303
41057 2 412
41308 6 494
41315 1 244
41829 7 590
41840 8 384
41912 6 378
41973 5 365
42042 1 119
42129 9 641
42136 3 84
42150 5 372
42228 8 531
42281 4 496
42784 8 524
42810 4 280
42886 11 466
42906 3 376
43011 11 652
43184 8 511
43252 1 307
43281 6 609
43395 1 341
43458 9 570
43606 13 553
43763 6 504
43803 3 184
43868 1 360
43886 11 507
43906 2 160
43963 5 436
44057 10 481
44181 5 377
44203 10 374
44222 1 287
44342 8 312
44456 2 212
44521 7 243
44660 9 457
45021 3 390
45025 1 303
45118 2 205
45248 1 116
45358 1 352
46111 6 401
46272 8 513
46481 9 467
46488 1 86
46700 3 179
46712 7 320
46972 7 429
47513 1 152
47592 4 373
47757 1 165
47770 2 285
47923 1 343
47931 4 376
48143 11 580
48185 4 151
48352 5 579
48476 12 504
48655 14 607
48667 10 442
48734 7 451
48769 9 294
48811 9 441
48839 7 580
48869 9 339
48870 2 186
49053 2 441
49215 5 487
49412 13 569
49486 5 383
49542 8 228
49695 8 570
49823 14 620
50017 6 622
50020 5 346
50074 8 633
50138 2 309
50204 6 649
50337 5 480
50338 1 146
50384 4 337
50455 7 482
50482 4 453
50499 5 328
50510 7 471
50565 9 466
50651 1 238
50818 7 334
50856 6 321
50871 10 615
50971 11 556
51118 6 517
51119 6 460
51290 13 716
51415 7 487
51487 4 626
51497 2 88
51617 2 652
51666 6 652
51711 6 446
51754 7 282
52068 10 383
52099 5 206
52104 6 546
52212 15 648
52258 4 103
52392 9 660
52404 5 190
52463 5 593
52487 3 232
52537 6 119
52633 4 162
52642 11 697
52705 12 686
52765 6 293
52920 9 707
53129 11 607
53214 1 489
53307 2 526
53309 8 518
53357 1 169
53374 5 649
53384 3 104
53514 11 486
53671 5 608
53705 3 369
53706 4 198
53725 6 287
53776 6 504
53787 2 160
53853 12 555
53938 1 104
53975 1 703
54137 6 553
54143 9 551
54191 6 442
54218 4 478
54351 7 410
54418 12 560
54420 6 415
54480 12 418
54510 11 280
54633 5 345
54670 14 492
54686 1 602
54761 9 304
54827 2 673
54986 8 546
55074 5 425
55186 7 415
55386 3 257
55421 5 463
55441 6 477
55443 1 89
55467 1 96
55483 11 455
55747 6 448
55823 7 488
55880 4 247
55920 8 479
56060 10 378
56102 3 381
56182 6 323
56270 3 272
56322 9 361
57093 1 273
57162 5 155
57196 1 132
57226 5 207
57995 5 240
58139 1 534
58354 1 216
58405 7 299
58533 5 214
58856 4 157
59243 2 135
59263 1 252
59452 1 523
59538 4 124
59796 9 342
59939 4 148
60451 3 152
60657 5 188
60789 2 253
60935 6 119
60977 2 155
61011 1 350
61247 1 96
61249 4 132
61656 2 78
61700 1 195
61973 3 286
62216 7 430
62443 6 567
62480 5 298
62540 3 218
62560 9 306
62835 3 313
63060 5 190
63125 4 109
63239 1 144
63807 2 259
65676 6 346
65733 1 81
67037 3 217
67386 2 396
68392 3 62
68640 8 344
68936 1 103
69589 6 409
71330 1 229
71906 3 81
71944 5 149
72294 1 374
72618 11 411
72645 10 376
72647 5 345
72672 9 179
72761 4 140
72792 4 338
72983 7 283
73448 1 151
73555 12 297
73717 1 222
73865 2 252
74059 1 321
74766 1 362
74787 1 589
74990 2 621
75053 3 561
75277 2 759
75285 4 180
75408 1 106
75419 1 132
75495 1 554
75560 1 562
75906 3 370
77028 3 233
77054 2 264
77533 3 117
77801 1 529
78087 1 298
78757 2 95
78801 5 120
78921 1 217
79041 2 664
79370 4 170
79814 1 156
79887 3 161
80962 6 597
82473 1 6023
82502 11 7133
83085 1 262
83086 1 248
83741 1 251
84591 1 11065
84706 3 25071
84900 2 405
85643 1 4255
85773 2 82661
86157 1 264
87641 1 267
88381 1 318
88527 2 313
88551 1 4968
88787 1 16639
89813 1 761
91309 1 17335
91927 3 1710
92249 1 329
92390 1 329
92573 1 12135
94446 8 1633
94673 1 260
98707 1 13384
98710 2 21905
99180 1 935
100758 1 467
101506 1 562
101553 1 928
102694 1 666
104528 1 770
105664 1 550
108305 2 504
108407 1 285
108428 3 538
108450 1 436
109008 1 546
109126 1 1941
109495 1 1066
110421 1 477
111211 1 430
112532 1 438
114010 1 494
114023 1 204
114415 1 473
115333 1 786
115341 1 523
116804 1 489
117372 1 423
118891 1 410
119829 1 536
123747 1 841
124229 1 636
124373 1 319
125064 1 930
125403 1 762
125785 1 610
126309 13 1108
127161 1 657
127714 6 534
127763 1 443
127858 1 172
129090 2 258
129152 8 629
129656 1 174
130913 3 239
130956 3 619
131206 1 267
131310 24 918
131424 1 51
132067 12 439
132103 1 1240
132214 5 517
132419 1 725
132427 5 236
133120 1 710
133799 9 300
133840 1 587
134276 1 341
135241 3 1102
136340 1 163
136563 3 131
136710 1 883
137156 1 358
137636 1 1228
137994 17 599
138350 1 546
138954 10 489
138994 1 456
139291 9 678
139354 1 343
142446 1 424
143117 1 75
143388 2 1566
143458 1 218
143840 1 1279
143981 1 495
144033 4 646
145953 1 633
146063 2 684
146121 2 576
147494 8 555
147993 2 667
149984 1 424
150308 1 483
151744 1 1129
152307 3 471
156216 1 485
156325 2 263
156431 1 1105
157497 4 262
157976 7 171
158284 1 186
158619 1 973
161871 1 1169
162108 1 555
165738 4 827
166493 1 1318
167580 1 211
169361 1 174
171261 2 467
173691 1 838
190291 6 695
197512 1 766
210335 1 1532
231286 5 190
231317 1 144
231520 3 438
231723 2 808
231960 1 152
232112 1 768
232548 4 1161
232653 1 444
233310 1 175
233339 5 212
233420 4 170
233649 2 418
233665 2 197
234081 1 291
234101 4 392
234264 3 147
234434 5 128
234568 4 148
234740 3 137
234865 3 303
235837 5 174
236026 1 169
236037 3 125
236117 13 313
236466 1 479
236892 3 211
237048 3 230
237181 6 222
237311 10 366
237704 4 116
237713 4 153
238393 7 665
238436 8 242
238454 10 245
239045 4 152
239195 1 188
239450 1 225
239558 14 233
239967 8 199
240104 5 187
240237 6 211
240291 2 319
240309 2 174
240405 1 185
240970 10 338
241046 4 182
242143 3 195
242509 1 156
242879 1 1880
242949 1 6027
242955 1 34181
243021 4 14242
243568 1 51992
243636 1 73383
243793 3 4109
243822 28 575
244295 11 43543
244515 1 137580
244551 1 16339
244846 2 32902
244864 3 15155
244865 4 14342
245196 2 575
245668 1 47659
245698 1 142
246220 4 47306
246245 1 8721
246317 1 341
246355 1 252
246538 1 521
246676 9 1858
246812 11 2231
246903 3 1007
246917 2 2662
247097 1 271
247469 7 160821
247550 2 255154
247738 6 380
247826 6 14203
248791 1 786
248809 1 45708
249337 3 11065
249338 19 11760
249339 1 15594
249567 5 135
249740 6 228328
249902 8 35189
250356 8 5270
250722 1 20017
251158 1 5819
251259 2 116
251525 2 18764
251736 9 4175
251756 4 19516
251795 7 839
251796 43 1275
252276 24 2319
252564 3 709
252924 3 17447
253311 1 35432
253322 6 1897
253453 1 1933
253588 9 13837
253593 1 171848
253795 1 27039
254108 3 174176
254205 3 116
254210 4 187
254919 3 114
254926 1 18059
254944 62 2823
254965 3 141
255068 1 24184
255289 4 51128
255476 11 44402
255830 1 84137
255849 4 585
255851 5 3630
256901 2 1462
256963 7 2451
257305 3 37731
257812 3 103213
257825 1 1925
258329 3 158
258532 2 214
258658 4 3364
258726 1 497
259115 1 25791
261808 3 626
264980 1 510
265747 1 338
267286 1 460
278403 1 598
279756 1 336
280755 5 32241
282069 1 377
282071 1 333
289589 1 359
290668 1 425
290672 1 428
293540 3 595
296022 1 196
297113 1 263
298166 6 555
303742 3 522
306562 1 362
310752 2 572
312534 1 323
312581 6 261
312582 8 364
312583 2 348
314708 7 471
314709 3 244
314710 3 477
316322 1 299
317102 2 195
324066 2 619
324068 1 678
332236 3 365
359461 3 651
367524 1 36
369204 1 95
374279 1 63
374285 1 50
375216 1 341
375332 4 197
388065 2 48
389427 2 386
397885 4 367
401035 8 200
401039 8 259
401343 3 86
401754 1 49
401762 5 119
402772 1 149
407858 5 1008
408342 6 302
411968 1 136
422833 8 265
422958 1 370
426945 7 245
427112 6 195
427165 7 253
428274 1 53
428760 1 59
429567 2 66
430471 1 53
430932 8 295
451685 3 101
451949 2 67
451991 7 284
452409 1 705
453130 1 322
462957 3 208
464942 2 47
465600 1 201
467960 2 140
468331 1 99
482750 3 51
502750 2 52
505186 1 209
510188 1 575
515113 1 98
519894 1 56
522 1 307
706 2 702
1068 1 473
1205 1 688
1211 2 786
1333 1 477
1900 4 277
1997 1 213
2064 3 167
3403 1 189
3820 1 353
6232 1 519
8693 2 182
10259 17 241
10365 15 338
10644 9 210
10712 16 284
10959 11 267
11830 1 187
12286 1 205
12302 1 361
12631 1 130
14842 2 292
14857 1 142
14892 1 206
15098 6 521
15566 4 754
15567 1 362
15568 2 440
15947 2 482
16280 3 422
17869 1 450
18288 1 137
18842 2 314
20218 1 308
20222 2 92
20401 1 260
20468 2 253
20995 6 222
22551 2 104
22724 1 527
25114 2 313
25480 3 281
25683 1 202
25786 2 85
28687 1 154
28863 1 254
28893 1 178
29603 5 117
29717 4 242
31413 1 388
31680 1 388
31866 1 352
33127 1 279
33135 1 309
33879 8 282
34460 2 339
35641 37 461
35646 34 451
35768 23 449
36002 1 111
37316 6 129
37864 1 479
38273 8 315
40206 1 94
41032 1 369
41315 1 244
41912 1 378
43252 1 307
43395 1 341
43868 14 360
44222 12 287
44456 2 212
44536 4 119
44605 2 231
45025 12 303
45118 5 205
45248 3 116
46272 1 513
47513 1 152
47757 9 165
47770 10 285
47923 14 343
47959 1 293
48352 1 579
48476 1 504
48573 1 130
48734 2 451
48811 3 441
48870 8 186
49053 1 441
50020 1 346
50204 2 649
50337 3 480
50384 2 337
50651 13 238
50856 1 321
50871 1 615
50971 2 556
51258 1 169
51415 1 487
51487 1 626
51800 5 166
52068 3 383
53307 6 526
53671 1 608
53975 4 703
54191 1 442
54622 1 280
54633 2 345
56102 2 381
57237 1 482
57475 2 350
58139 2 534
58528 4 255
59263 7 252
59452 2 523
60789 2 253
61011 2 350
61700 1 195
64195 4 635
65201 13 377
65202 13 383
67386 1 396
69589 1 409
71093 1 229
71875 1 87
72294 2 374
73603 15 250
73680 13 204
73717 1 222
73775 22 281
73865 1 252
74059 3 321
74787 8 589
74943 1 107
75032 7 503
75053 1 561
75235 4 480
75247 4 358
75277 2 759
75323 2 260
75408 5 106
75419 1 132
75492 1 174
75495 2 554
75560 20 562
75818 8 429
76505 1 588
77028 2 233
77054 1 264
79577 7 391
79670 2 299
80404 29 1443
80449 37 5105
80592 9 1835
80962 1 597
81607 3 28467
81835 3 19476
82126 71 6302
82208 17 507
82281 4 970
82473 1 6023
82502 24 7133
82648 21 18160
82798 36 1621
83276 127 10567
83379 16 13296
83634 24 9224
83674 18 13400
83719 10 1369
84591 3 11065
84690 11 10918
84706 2 25071
84799 12 460
84900 3 405
84951 3 2230
85368 26 74892
85481 13 70500
85587 3 604
85643 2 4255
85645 124 153229
85773 13 82661
85920 2 16960
86020 30 615
86034 26 48792
86211 24 7379
86344 36 3408
86367 119 33749
86753 5 173871
87365 2 14475
87911 24 8136
87914 11 5112
87963 69 3815
88166 40 720
88330 2 621
88378 37 2516
88447 3 1020
88486 29 1281
88527 1 313
88551 4 4968
88787 27 16639
88883 27 2118
89022 11 686
89421 4 3833
89497 38 9874
89540 1 24038
90181 24 24998
90314 3 7646
90348 19 5339
90670 24 19768
90853 17 2258
90894 13 5316
91127 14 51352
91290 1 7228
91309 15 17335
91391 22 20311
91742 22 1554
91787 4 10821
91871 92 23431
92188 9 64658
92249 1 329
92329 9 64673
92390 1 329
92558 100 15447
92573 1 12135
92609 83 24495
92649 10 3765
93066 25 18445
93242 46 4628
93654 32 102204
93832 13 662
94102 1 5705
94167 41 21131
94229 1 4233
94250 24 1135
94267 6 3418
94284 9 72168
94446 5 1633
94594 192 6337
94730 6 18955
94920 4 5994
95013 42 9897
95187 21 3422
95361 8 6933
95937 37 11412
95949 154 15650
96027 3 30491
96037 20 46291
96049 66 78606
96136 27 20896
96307 8 5691
96310 93 9222
96424 7 38462
97522 28 2955
97527 18 4345
97546 74 4810
97727 12 13817
97734 12 13817
97757 1 7918
97879 35 792
97882 2 1233
97892 2 8332
98037 16 9135
98180 3 8843
98421 8 7855
98706 3 12627
98707 1 13384
98708 12 12022
98710 3 21905
98806 19 19544
98811 392 11811
100886 2 243
100912 2 559
101553 1 928
101572 1 431
101611 3 449
102694 3 666
102816 1 189
103078 2 350
103079 1 1145
103263 4 466
103754 1 491
103837 1 45
104518 4 749
104561 1 665
105536 2 74
107316 3 1271
107399 1 482
108293 4 526
108460 10 739
108707 3 1661
108842 2 579
108865 1 132
109025 9 468
109096 1 1525
109126 2 1941
109660 2 1297
110004 2 136
110022 3 280
110174 1 1450
110511 2 1724
110560 1 657
110799 1 296
110945 1 539
111211 3 430
111249 1 846
111457 3 1267
111627 1 109
111735 3 356
111740 6 584
111896 4 257
112650 6 543
112691 1 423
113731 3 589
113834 1 604
114023 1 204
114240 1 178
114415 1 473
114526 4 555
114711 6 1275
114877 2 1259
115538 4 655
115585 1 1493
115607 4 661
115721 3 855
115995 2 575
116427 11 468
116927 1 984
116934 2 124
117224 1 760
117372 1 423
117481 2 583
117704 6 412
117752 3 1227
117919 2 505
117967 1 583
118023 1 1307
118405 2 847
119126 3 600
119196 2 1382
119518 1 582
119563 10 487
119682 1 962
119698 2 5402
119931 2 567
120040 1 742
120723 2 131
121273 3 1529
121432 1 1870
121983 1 287
122985 1 982
123009 2 605
123142 4 505
123327 1 846
123741 1 166
123747 5 841
123792 2 734
124305 1 2625
124726 4 121
125403 3 762
125614 4 2113
125785 2 610
126169 2 786
126244 1 1414
126290 1 173
126309 1 1108
126363 5 683
126369 2 549
126850 1 170
127046 2 334
127247 3 447
127321 8 581
127367 1 463
128228 3 413
128235 2 356
128423 1 790
128470 2 551
128761 4 922
128839 1 540
128918 1 776
129152 1 629
129442 1 591
129758 1 535
129820 2 696
129960 8 248
130112 21 548
130913 1 239
131260 2 304
131310 1 918
131461 1 1147
131624 3 657
131779 4 593
132419 4 725
132924 4 774
133614 6 606
133635 4 1088
134334 3 559
134718 3 618
135807 2 391
136124 4 630
136258 3 128
136543 3 140
136859 1 669
137108 9 1716
137636 1 1228
137817 4 624
138222 2 381
138334 4 546
138403 1 581
138430 2 140
138999 8 766
139017 1 1260
139230 3 205
139291 1 678
139627 1 436
139678 2 860
140629 6 498
141313 1 250
141388 1 121
141389 3 74
142185 1 523
142319 3 525
142335 1 550
142394 4 555
143465 1 585
144242 2 328
144984 1 448
145498 1 567
145776 2 803
146478 5 181
146576 10 683
146590 4 180
146681 12 628
147179 5 575
147383 1 586
147726 9 805
148924 1 203
149063 2 71
149252 1 621
149298 3 963
149426 1 671
149547 10 580
149741 1 1375
149797 3 731
149984 4 424
149995 6 285
150835 3 1186
151104 4 585
151309 3 515
151510 1 901
151677 1 619
151792 2 658
151919 3 60
152042 1 561
152365 2 193
152386 8 617
152559 3 456
152636 2 170
152645 1 1178
153179 1 811
154252 2 500
154452 2 65
154974 3 161
155023 5 469
155190 3 623
155336 14 645
155514 4 833
155868 3 838
156147 19 536
156299 4 467
156806 7 319
157497 1 262
157547 2 676
157820 1 820
158411 1 214
158774 4 740
158782 2 80
158797 2 134
159046 12 692
159167 3 2203
159793 1 1044
160317 12 244
160320 1 635
161150 2 120
161614 1 310
162108 3 555
162552 1 251
162920 2 341
163807 8 394
163942 8 671
163963 1 1264
164138 10 821
164283 3 1256
164357 1 2679
164386 1 624
164510 1 697
164522 6 652
165253 3 196
165958 16 427
166432 1 742
166441 1 218
167030 2 642
167488 4 120
167593 8 2703
167641 1 1114
168032 1 795
168180 3 100
168838 2 1704
168862 1 734
169003 5 102
169196 1 150
169501 2 121
169521 1 1048
169654 10 472
169781 1 8290
169852 1 648
169871 2 318
170173 1 543
170703 1 558
170935 7 879
171102 1 293
171415 2 594
171735 2 425
171767 1 606
172301 1 1250
172393 4 649
172422 1 2130
172618 2 177
172635 1 132
172683 8 372
173587 1 1270
173978 4 1231
174158 1 358
174195 6 672
176173 5 510
176174 7 428
178844 1 1156
179195 2 229
180549 5 114
180602 4 313
182265 5 59
183742 2 993
183909 7 375
189755 5 1920
190291 4 695
191674 1 104
192501 1 441
193685 2 105
194893 4 928
197512 1 766
198573 1 723
204614 1 258
207222 7 467
210335 5 1532
210759 1 249
210962 1 678
213271 1 1010
214884 4 218
216042 1 95
218731 1 136
219505 1 2185
219506 1 2187
219697 1 373
224052 1 812
224831 31 421
227995 2 424
228467 36 499
231286 2 190
231317 1 144
231723 4 808
231960 4 152
232112 5 768
232548 1 1161
232653 1 444
233310 5 175
233358 2 434
233420 1 170
233665 1 197
234081 2 291
234101 3 392
234504 10 425
234690 20 1001
235835 1 1658
236326 7 1227
236438 1 279
236466 5 479
236475 1 324
236607 3 1196
236772 1 354
237048 2 230
237713 1 153
238064 14 1519
238619 4 603
238923 10 18797
239045 1 152
239195 2 188
239450 1 225
239558 1 233
239707 1 354
239775 8 1077
239929 1 4246
240284 1 465
240309 1 174
240366 84 117963
240520 3 1189
240989 1 629
241017 1 188
242456 3 6761
242509 1 156
242664 32 1689
242879 1 1880
242889 8 4454
242893 6 8294
242916 4 19607
242955 3 34181
243021 28 14242
243248 210 97794
243249 26 55340
243402 8 10550
243568 93 51992
243636 57 73383
243725 96 13247
243742 136 52641
243743 62 32782
243793 35 4109
243795 69 11165
244295 16 43543
244483 11 12243
244515 65 137580
244551 26 16339
244757 2 2068
244846 16 32902
244864 6 15155
244865 28 14342
244998 176 56078
245029 177 93035
245065 4 28651
245346 24 21516
245518 4 141
245668 43 47659
245998 20 26287
246003 140 79294
246208 19 7991
246220 122 47306
246245 5 8721
246538 4 521
246603 17 39939
246674 60 19215
246676 17 1858
246695 68 65027
246710 29 14592
246812 18 2231
246864 2 22526
246917 12 2662
247038 1 96
247209 153 48787
247387 33 63961
247469 310 160821
247550 74 255154
247738 2 380
247826 4 14203
247974 1 15560
248097 1 16630
248106 40 9186
248181 3 22248
248283 4 3095
248480 1 20931
248610 471 211360
248634 9 38855
248690 10 12689
248705 2 2834
248788 10 56946
248809 11 45708
249274 10 19783
249338 2 11760
249339 17 15594
249454 13 8293
249519 5 9653
249570 103 33965
249740 129 228328
249902 4 35189
250059 10 37994
250192 22 8049
250356 10 5270
250382 8 10224
250616 79 37169
250644 1 1680
250722 3 20017
251082 8 1995
251158 3 5819
251420 11 20131
251525 11 18764
251558 10 4653
251603 21 17552
251736 8 4175
251740 28 6421
251756 2 19516
251785 12 19094
251795 1 839
251800 95 24372
251901 22 11936
251902 2 4522
252018 46 11761
252154 22 29717
252227 8 4408
252276 1 2319
252283 6 8947
252441 3 4164
252443 37 13382
252449 9 1930
252474 146 81579
252564 1 709
252849 85 18559
252921 140 52519
252924 6 17447
253018 300 331696
253063 5 33123
253067 251 104143
253311 43 35432
253321 4 2187
253453 2 1933
253462 30 48129
253588 6 13837
253593 295 171848
253729 8 21686
253795 43 27039
253934 77 27329
253935 1 1984
253990 8 26077
254108 294 174176
254234 11 4511
254325 3 12140
254871 42 36421
254926 1 18059
254944 3 2823
255035 2 116
255060 5 5634
255068 58 24184
255144 52 25727
255235 49 22001
255289 83 51128
255476 5 44402
255634 36 29071
255777 39 64507
255823 6 21270
255830 53 84137
256125 67 11398
256286 22 24252
256604 3 37731
256963 3 2451
257016 7 7719
257049 6 26471
257312 3 16694
257345 34 89736
257812 179 103213
257951 4 21143
258022 2 6898
258154 84 14055
258418 63 25774
258532 1 214
258559 45 52150
258564 13 3087
258658 4 3364
258694 1 2694
258726 1 497
259115 56 25791
259667 6 381
259758 33 475
259775 30 409
259777 46 352
259778 38 354
260348 10 537
261782 1 17392
261808 4 626
263479 495 16989
265747 4 338
266407 2 523
266409 3 253
266415 6 411
267150 4 362
267286 6 460
267289 9 17754
267584 1 639
267585 9 522
268597 1 477
268886 2 369
269095 1 638
270143 3 329
270297 7 326
270473 2 314
270882 23 774
271306 3 317
271850 167 20008
271965 1 532
272006 2 454
272090 11 373
272614 1 563
273904 12 343
273916 10 325
274058 1 628
274735 5 409
275502 4 303
275773 7 359
275774 5 380
277857 1 468
278412 2 576
278830 3 393
278847 2 364
279742 19 385
279955 2 13056
280755 100 32241
280786 1 369
281600 3 436
281821 6 443
282068 7 314
282069 9 377
282070 4 390
282071 7 333
282072 1 366
282659 3 351
283008 3 490
283082 48 592
283083 21 489
284797 6 15042
285792 4 425
287045 1 778
287369 1 208
287728 4 362
287996 15 337
289587 18 12899
289901 1 299
290660 10 468
290661 6 380
290664 19 437
290665 7 475
290666 15 455
290667 25 461
290668 15 425
290670 15 372
290672 16 428
290770 9 21435
291242 16 362
291707 34 525
293137 11 662
293145 11 698
293873 311 9225
294029 2 364
295719 18 614
295943 486 29903
296022 1 196
296429 21 506
297393 25 505
297394 9 438
297396 5 236
297401 15 553
297402 15 579
297403 33 565
297404 13 218
297405 9 564
297407 20 660
297409 10 352
297411 6 624
297412 1 516
297415 18 452
297418 20 577
297419 16 329
297420 19 622
297421 11 501
297422 12 358
297423 16 565
297425 21 571
297426 24 548
297427 34 469
297428 33 459
297429 27 340
297430 21 645
297432 17 509
297436 31 644
297437 38 463
297439 9 805
297440 34 593
297441 22 424
297444 10 562
297451 28 253
297455 5 376
297456 33 614
297458 9 379
297459 63 491
297460 16 434
297461 18 474
297462 15 535
297463 11 448
297464 25 457
297466 32 443
297467 49 551
297469 34 581
297470 14 371
297471 46 619
297472 27 351
297473 28 600
297475 52 624
297476 35 610
297477 57 637
297478 19 375
297479 21 547
297480 5 344
297482 35 557
297483 43 452
297484 14 400
297485 13 363
297487 27 446
298166 8 555
298529 30 3420
299335 2 323
299884 16 487
299900 12 317
300169 3 362
300731 3 488
300933 31 463
300935 9 179
301655 2 359
302035 7 442
302555 34 417
302556 34 335
303353 2 715
303514 1 538
303515 2 751
303742 1 522
304042 1 263
305224 10 467
305231 10 502
306919 17 4466
307220 6 389
309484 3 532
310985 13 216
310991 20 406
311272 7 356
311355 15 64459
311819 3 15365
312534 1 323
312582 1 364
313472 2 257
313474 1 146
313668 5 19068
314072 3 393
321370 3 76
323481 22 413
325563 13 680
326982 27 473
328188 6 482
329312 3 135
340966 1 75
345008 2 373
345771 1 275
350799 1 778
352388 2 627
354787 1 203
355813 25 597
357837 8 207
358663 1 68
361130 9 393
363250 4 41
364749 65 790
369665 2 116
370058 18 515
371247 1 613
372673 1 95
375216 1 341
376855 1 99
383603 2 583
389427 1 386
389662 4 480
390924 2 68
396247 1 140
397885 1 367
404681 1 223
420280 1 146
421078 2 861
422958 1 370
428497 2 399
430932 1 295
433835 1 77
437031 6 203
445742 20 697
446697 5 798
446724 1 444
447409 2 78
449632 1 137
451093 1 375
451707 2 410
452409 8 705
458561 2 95
463559 5 181
464942 1 47
465600 8 201
467383 4 298
470273 2 171
473659 8 580
478569 1 228
480161 2 465
483873 2 215
484134 5 97
490144 5 150
505884 2 100
507448 4 611
509638 1 125
510188 11 575
513782 5 175
515137 23 597
