1594 1 176
3837 4 385
3875 1 261
6023 16 309
8491 4 485
11346 1 336
14113 1 200
14486 2 98
17394 2 470
17762 6 86
17876 1 191
18873 3 584
18991 7 580
19027 2 466
19172 4 518
19309 4 372
19360 3 430
19491 4 336
19606 1 461
19815 1 340
22524 3 168
23520 1 227
23560 4 457
23862 6 475
25104 1 261
26622 8 159
26691 1 223
27560 1 129
28219 1 205
28383 3 367
28551 1 190
29135 2 142
29747 1 86
30658 2 141
30670 1 198
31008 6 117
31532 14 339
31915 1 212
35571 1 197
36721 9 317
36831 12 380
37335 1 239
42529 1 235
42818 2 179
43044 6 119
46169 1 107
46217 12 441
47036 13 377
47302 2 140
48695 1 339
50238 1 174
51548 1 171
51921 14 293
52928 12 267
53983 1 646
55414 6 502
57499 1 191
57916 1 286
58372 1 280
59153 2 488
59418 1 310
60237 2 292
60512 1 499
62885 1 484
63271 2 221
65636 2 405
66510 1 115
68976 2 158
69086 3 149
69404 1 322
72455 1 427
73241 1 136
73403 1 137
76061 1 418
76090 1 544
76227 1 407
76356 1 163
78854 5 189
79271 2 440
79272 1 430
80097 29 924
80642 8 179
81530 3 1252
83153 5 2832
83674 2 13400
85645 18 153229
85687 1 28718
86753 47 173871
86801 42 1703
87175 12 5203
87579 4 8114
87817 3 399
89647 2 3968
89873 5 1251
90448 24 947
91143 223 19492
91578 3 3622
91877 9 1401
91881 1 1693
93652 1 12607
94284 32 72168
95417 15 395
96045 28 23429
96049 12 78606
96063 6 37082
96136 16 20896
96254 1 1018
96324 1 634
97550 200 20368
97991 1 1895
98180 1 8843
98470 21 942
98644 7 408
98645 7 315
99070 55 18260
99186 3 585
99436 7 7025
99451 15 19333
99474 20 516
99687 1 410
100304 3 46
100629 3 103
100691 3 321
100908 2 447
100986 1 1524
101144 1 460
101238 2 66
101329 2 44
101393 6 93
101706 8 93
101943 1 441
102034 19 507
102241 4 1269
102408 2 648
102746 4 51
102840 2 76
102865 3 78
102922 7 126
103584 4 310
103700 2 539
104430 4 96
104518 2 749
104653 2 59
104660 1 90
104907 2 355
104941 1 494
105198 1 819
105372 3 542
105583 1 703
105634 1 839
105766 5 89
105770 1 614
105850 2 133
106043 3 839
106054 2 43
106223 1 175
106379 3 1575
106400 1 275
106528 2 192
106694 2 40
106742 1 721
106968 3 79
107310 2 56
107376 2 41
107391 4 1190
107962 1 120
107971 1 137
108038 3 266
108301 2 55
108424 2 933
108425 4 117
108483 6 1269
108543 1 586
108749 5 59
108757 2 51
109650 1 446
109759 2 42
110040 1 351
110243 4 68
110355 1 559
110358 1 551
110634 2 72
110636 1 988
110844 13 288
111064 1 372
111365 1 720
111456 2 41
111765 6 106
111835 2 183
112024 12 378
112185 12 1351
112295 8 106
112354 2 34
112378 3 58
112584 1 47
112836 2 34
113024 2 82
113095 2 180
113320 1 165
113539 3 641
113656 1 60
114308 4 8586
114445 4 66
114565 6 1251
114764 1 435
114999 4 509
115064 1 544
115222 3 55
115232 1 67
115418 3 883
115674 2 47
115686 3 123
115697 2 300
115713 2 65
115747 8 1600
115748 3 1316
115749 1 807
115900 1 1221
116211 1 106
116276 1 1097
116291 17 820
116384 5 76
116748 2 521
116868 5 81
117029 2 33
117062 4 768
117083 6 544
117164 1 69
117187 1 351
117222 9 482
117268 4 94
117538 3 57
117765 12 175
117929 7 116
117998 2 66
118355 3 518
118365 6 130
118419 11 671
118540 6 186
118717 3 495
118728 2 1381
119162 4 58
119264 2 850
119364 4 66
119421 4 603
119515 4 484
119667 7 1216
119726 12 559
119765 11 294
119926 5 563
119965 4 80
120005 2 1474
120059 9 787
120142 2 36
120319 1 178
120342 5 107
120541 14 401
120560 2 48
120627 3 45
120705 1 66
120723 4 131
120819 2 1098
120868 1 220
120875 3 60
120914 16 339
121080 6 74
121383 5 92
121542 4 1297
121565 6 575
121667 3 83
121796 4 52
121956 3 46
122004 1 662
122007 5 564
122022 9 170
122029 3 64
122141 3 239
122478 1 261
122678 2 209
122698 2 480
123001 2 82
123002 1 781
123041 11 225
123164 4 396
123274 4 63
123382 3 41
123683 1 158
123689 8 505
123723 4 161
123932 1 643
123946 4 73
124093 2 61
124305 3 2625
124378 3 68
124819 4 1097
124851 5 115
124964 2 639
125092 10 229
125168 4 188
125258 1 402
125307 4 44
125357 2 651
125423 2 58
125497 3 660
125620 4 45
125790 3 67
125849 1 69
125947 4 36
126043 13 410
126193 1 468
126398 5 160
126615 1 40
126653 4 77
126897 1 144
126913 5 143
127114 5 8902
127267 5 178
127306 3 86
127423 2 486
127467 11 615
127550 6 689
127620 1 79
127713 6 94
127730 3 67
128116 1 67
128206 10 278
128225 1 673
128271 3 56
128374 2 158
128422 3 55
128434 3 35
128681 5 279
128854 1 303
128968 4 1149
129032 1 815
129208 2 914
129225 1 317
129571 5 114
129818 2 43
130499 13 643
130686 1 941
130796 1 262
130886 1 565
131155 18 887
131188 3 123
131262 3 83
131320 3 100
131325 1 150
131382 5 45
131392 1 529
131404 1 727
131658 6 1232
131791 2 55
131813 5 201
131955 1 459
131998 1 201
132063 3 66
132083 3 77
132144 2 94
132331 1 554
132498 1 176
132578 2 646
132653 1 1150
132759 1 93
132947 1 248
132959 3 560
133078 13 689
133099 2 515
133180 10 194
133246 2 510
133273 1 738
133355 15 396
133372 2 68
133627 2 320
133795 2 522
133912 3 304
134180 2 502
134202 1 1327
134416 2 775
134570 2 451
134607 2 151
134642 1 793
134756 3 60
134973 4 158
134977 20 680
134978 1 629
135645 3 58
135697 4 175
136093 3 89
136229 11 332
136613 3 127
137151 1 611
137267 3 744
137482 2 41
137574 1 131
137731 3 96
137772 2 59
137944 3 146
137956 1 143
137972 2 77
138229 2 76
138303 1 551
138509 10 194
138514 2 916
138539 2 60
138721 5 324
138723 3 414
138769 1 313
138861 8 143
138914 5 86
139295 2 171
139349 4 101
139455 3 421
139577 1 1340
139597 4 72
139633 3 103
139747 1 41
140010 6 578
140198 2 1299
140215 7 111
140288 4 104
140355 5 306
140471 4 87
140476 4 75
140542 5 130
140672 4 74
140733 8 123
140890 1 163
141012 4 88
141198 2 465
141361 1 405
141553 1 349
141567 8 325
141622 11 303
141699 3 185
141933 3 66
141985 1 165
142011 3 51
142335 2 550
142383 2 210
142503 7 143
142811 6 595
142812 2 246
143042 1 122
143176 2 510
143526 3 121
143527 3 86
143566 1 672
143799 3 197
143840 2 1279
144232 1 641
144258 2 114
144293 1 635
144454 3 345
144708 10 594
144773 3 74
144927 3 223
145081 17 411
145166 1 295
145205 3 145
145632 1 414
145663 9 216
145704 1 554
145760 1 169
146115 3 84
146151 5 445
146192 4 218
146250 3 103
146375 1 510
146419 3 124
146439 1 346
146584 1 146
146995 11 1267
147146 3 67
147148 4 69
147161 1 863
147215 2 378
147463 1 624
147497 12 767
147542 4 145
147765 2 98
148369 4 53
148462 1 1337
148490 5 711
149356 3 859
149367 3 42
149430 1 640
149436 7 166
149523 16 366
149599 2 399
149745 3 51
149771 4 98
150659 10 744
150676 3 501
150814 4 192
150890 4 189
150946 3 54
150990 23 742
151071 1 584
151206 2 832
151334 2 137
151376 1 615
151379 1 753
151596 3 67
151610 2 79
151635 10 496
151801 3 110
152159 1 126
152165 2 125
152625 2 70
152849 2 126
152885 4 65
153143 1 1108
153214 4 608
153375 2 168
153576 1 635
153587 1 82
153713 1 157
153720 2 465
153783 1 65
153854 1 408
154349 10 216
154430 3 623
154459 5 1429
154643 1 199
154650 2 135
154724 2 291
154729 7 113
154878 2 389
155286 3 665
155404 1 441
155564 3 108
155721 2 350
155878 3 1292
155943 1 91
156494 4 724
156510 11 329
156758 1 228
156801 4 119
157027 3 101
157213 3 437
157228 2 532
157333 4 643
157775 1 984
157973 1 681
158108 4 583
158149 1 405
158355 6 324
158537 1 450
158785 3 300
158830 2 604
158862 1 198
158897 1 185
159024 9 193
159068 12 351
159160 9 10016
159214 1 311
159345 1 164
159365 5 112
159404 10 257
159476 4 300
159664 6 130
159691 2 365
160026 5 152
160031 1 177
160233 6 154
160264 2 64
160270 2 55
160327 2 801
160618 6 444
160723 1 187
160748 5 141
160760 1 1293
161052 1 579
161107 1 152
161358 6 159
161506 2 184
161524 3 63
161536 7 136
161564 12 597
161690 4 101
162064 3 82
162083 3 106
162411 4 309
162632 1 324
162672 2 182
162714 4 77
162737 1 133
162940 2 856
162989 2 91
162996 2 64
163049 4 59
163163 13 183
163198 2 60
163248 5 104
163279 2 558
163346 2 60
163464 3 87
163551 2 57
163610 4 137
163620 4 112
163792 1 107
163822 1 511
163861 2 457
163886 1 761
163905 4 62
163955 3 91
163981 1 505
164139 15 414
164153 2 579
164357 1 2679
164436 2 1147
164445 3 557
164805 4 63
164929 3 101
164937 1 100
164947 2 59
165044 8 159
165136 4 85
165311 10 746
165542 1 695
165600 2 64
165631 1 117
165707 2 140
165888 6 137
165912 1 1233
165935 2 476
166057 2 128
166069 1 151
166260 2 396
166289 5 83
166434 1 413
166563 5 117
166714 2 553
166945 7 138
166993 1 247
167115 4 72
167356 1 1300
167423 2 78
167471 3 86
167539 1 411
167574 4 60
167586 3 65
167652 4 70
167664 4 64
167755 3 59
167823 2 508
167862 2 150
168052 1 150
168136 3 69
168325 2 316
168652 3 810
168682 4 73
168694 1 115
168883 1 82
168937 3 98
168974 8 167
169059 2 78
169166 1 659
169208 1 62
169394 3 66
169501 3 121
169545 1 297
169737 3 63
169763 2 107
169781 6 8290
169833 4 92
169972 5 112
170107 3 59
170161 5 419
170201 5 93
170206 3 104
170212 1 682
170230 5 106
170291 2 78
170373 10 182
170393 6 121
170513 3 69
170590 9 138
170649 5 120
170662 3 55
170663 3 79
170669 4 91
170691 3 72
170746 3 637
170835 5 95
171092 4 114
171093 2 135
171270 3 78
171352 11 301
171431 3 68
171785 7 158
171939 3 64
171947 6 88
172135 1 726
172292 3 840
172909 4 198
172995 3 83
172999 8 120
173044 3 73
173054 1 584
173055 2 1244
173403 1 1313
173462 7 392
173602 6 102
173666 9 389
173695 17 795
173774 4 197
173815 3 67
174194 1 662
174911 1 102
175640 1 569
176735 1 1502
176826 1 516
176877 4 145
178891 2 574
179882 2 198
181179 3 201
182141 1 631
183122 3 126
185430 4 93
185432 2 638
185547 3 149
188313 1 118
189625 3 1222
189676 1 344
189808 1 1609
190996 1 621
191130 3 126
192360 1 105
193337 1 100
193534 1 396
194002 3 114
194122 1 251
194263 2 124
194646 1 8206
195001 3 1800
195084 1 154
195215 1 4209
196076 1 579
198090 4 149
199318 1 134
199343 1 492
200144 3 211
200683 1 3590
201199 1 709
201560 2 4064
204936 1 542
206061 1 121
206293 1 1190
206430 1 70
208335 2 895
209427 5 137
209434 1 613
210926 2 334
212413 3 197
213958 1 907
215739 2 91
216508 6 162
218741 1 1352
218851 1 380
220124 2 391
223809 3 135
224360 1 111
226566 2 109
227757 1 307
229684 1 405
232551 6 386
233675 2 456
234211 4 2810
235788 4 294
236121 1 141
236468 5 337
237112 1 189
237446 1 287
238078 4 595
238713 10 263
238728 10 263
239570 1 461
239820 6 1314
240042 1 242
240366 6 117963
240526 10 252
242903 2 4618
242964 1 5017
244316 2 2139
244864 4 15155
244915 4 340
245072 2 5354
245082 2 5087
245449 2 35219
246557 12 9496
246864 2 22526
247209 9 48787
247224 3 16820
247469 24 160821
247517 15 40187
247550 105 255154
247672 18 33059
248264 2 23767
248351 2 4762
249076 6 36189
249151 2 38079
249253 1 3583
249392 1 4501
249740 33 228328
250059 2 37994
250358 1 3764
250844 2 7430
251499 7 1981
252154 2 29717
252314 9 4686
252474 12 81579
252921 11 52519
253018 8 331696
253259 5 26507
253354 2 57179
253589 1 5262
253593 76 171848
254108 18 174176
255417 32 27737
255476 5 44402
256043 2 19276
256123 2 2979
256613 2 2995
256625 1 4312
257344 12 45609
257345 13 89736
257812 4 103213
258059 2 14205
258225 8 14533
259053 1 29094
261231 3 190
263786 6 331
263787 16 413
263788 13 394
263789 6 91
263790 25 279
263796 2 274
263797 3 226
263798 19 363
267579 29 683
267586 30 718
270859 5 686
271762 1 479
271850 43 20008
272126 21 7361
274132 1 378
274141 7 391
274153 10 6149
274477 2 575
274484 1 271
276193 2 670
276204 5 867
276299 4 506
276381 2 399
276431 3 550
276469 3 493
277330 2 232
278066 3 442
279271 3 380
279275 2 566
279718 3 373
279736 9 509
279955 13 13056
279956 11 3591
280755 14 32241
284797 25 15042
288566 1 283
289781 3 678
290591 2 618
290594 6 710
290595 5 523
290601 1 449
290603 6 323
290604 9 660
290605 5 779
290611 3 660
290613 4 684
290615 4 513
290796 3 244
290798 15 664
291298 1 472
292019 3 258
293873 14 9225
295278 7 446
295697 13 13014
295698 11 3638
297405 1 564
298663 15 536
298664 11 336
298665 13 447
299413 3 465
299801 2 424
299802 3 401
299804 1 493
299812 1 326
299813 1 398
299815 1 248
299830 2 701
299840 1 422
299973 5 402
299974 4 396
299976 3 230
299979 9 257
299980 18 467
299981 10 232
299982 1 452
302513 5 453
302572 4 353
303040 3 464
305013 43 15512
305911 2 400
306248 22 276
308535 7 26545
308695 2 487
311355 111 64459
311919 1 330
312917 1 515
312918 11 557
312920 1 450
312922 1 171
313427 9 282
313428 8 466
314512 77 52248
314637 1 335
315268 1 414
315371 1 169
316228 3 71
316534 32 610
317087 30 769
318318 1 560
319470 1 130
320969 11 178
320981 1 64
321501 9 153
321898 5 690
322076 3 175
322172 2 54
322363 12 297
322593 1 480
322664 1 441
323738 1 85
324074 5 617
325355 1 669
325630 1 688
326879 5 46
327305 1 103
329375 1 907
329389 1 600
331088 8 122
331187 6 68
331308 11 142
331369 2 145
333429 6 742
333842 8 305
335009 22 646
336089 1 458
336970 3 446
338490 1 574
339364 1 36
343949 2 669
344719 2 473
347739 1 595
349386 1 210
349547 1 189
350416 1 69
350646 14 166
351928 1 141
352003 2 841
353113 4 45
354127 1 216
356529 16 242
357877 2 462
359120 2 232
359341 5 347
359544 2 550
360573 15 224
360713 18 401
361445 1 502
361446 18 565
363144 1 683
364447 4 614
364645 1 247
364879 1 370
365478 1 409
368089 1 226
368475 1 32
368615 11 182
369860 3 126
370429 6 76
370696 6 209
371712 1 158
372769 3 779
372773 1 744
374136 3 670
376043 1 280
376768 3 742
376902 1 241
378581 1 510
378586 2 642
379622 7 191
381526 2 316
381633 1 316
381862 1 389
383139 10 209
383285 11 552
384039 1 178
387064 3 39
387143 6 581
387997 1 814
389493 5 114
389497 2 566
389675 1 549
390069 1 676
390360 1 277
391462 2 94
393624 5 105
394024 1 293
394228 1 417
395001 10 318
395870 3 158
396230 2 771
396256 5 66
396511 2 239
396736 1 628
396875 1 627
397029 1 95
397140 16 257
397300 16 257
397426 1 264
398027 5 288
398074 5 287
401588 4 40
403267 1 794
403538 6 1991
404080 1 523
405430 1 868
405879 1 469
405926 4 105
406447 4 40
411179 2 634
411187 1 758
411344 6 1014
411488 2 718
412077 1 744
412207 5 445
412745 1 418
413251 2 501
413450 4 39
414885 1 343
415069 1 140
415540 1 142
415589 4 592
416161 4 41
416860 11 274
417743 3 358
418914 3 336
418983 3 578
418988 5 829
420091 8 113
420213 5 284
420424 4 579
420426 1 709
420427 1 708
420437 1 599
424840 5 92
427136 3 362
428691 18 354
428734 2 245
429211 3 463
431145 1 445
431848 5 60
432175 1 307
432630 6 165
432850 6 165
433744 1 220
434832 5 233
435008 5 63
435700 6 236
436847 6 619
436848 3 789
436855 13 732
437491 3 525
438074 3 248
443017 2 52
443288 4 62
443553 4 561
444710 4 41
445641 3 204
445878 4 44
448072 3 528
448078 2 938
448988 2 182
449099 3 323
449182 1 512
450821 1 311
451444 1 106
452752 1 428
454288 5 56
455595 1 455
455907 1 572
456070 2 379
457222 1 234
457225 1 297
457887 2 438
458150 4 40
458528 4 82
458838 1 269
459306 1 456
459308 6 475
459645 7 72
459652 8 79
460180 1 142
460738 1 534
461475 1 293
461546 1 355
461776 5 58
462644 2 108
464025 1 114
464091 2 507
464104 3 317
464458 1 416
465326 2 217
465874 3 481
465908 2 268
465910 2 292
465912 2 286
465913 2 298
466818 1 523
467110 1 107
467901 2 765
468176 11 582
469207 21 624
472199 1 742
474718 2 292
475220 4 767
477437 1 627
477847 10 583
478678 2 273
481549 2 178
481754 1 929
483911 2 534
484578 1 140
484745 7 567
484746 4 233
485101 4 128
485811 1 482
487822 19 487
487929 1 488
487932 8 531
488633 1 202
489745 5 122
491084 7 112
491371 1 517
492490 1 714
492669 1 326
492788 4 42
493137 1 170
493140 1 233
494883 31 547
496296 3 376
497053 2 264
498385 4 246
498513 2 193
498692 7 191
501942 1 590
502929 1 643
503265 4 344
505771 1 621
506043 1 247
506180 2 593
506313 4 43
506518 11 542
507989 5 220
508567 1 239
510310 1 628
510331 5 682
511017 1 121
511373 1 334
512132 7 108
512907 3 37
513694 4 107
517865 2 218
517867 1 462
518001 1 789
518717 1 556
519216 1 199
519857 2 193
520859 3 100
521634 4 374
521947 3 515
522173 2 181
522177 3 239
522791 5 406
522894 14 621
522904 1 610
1594 1 176
2342 1 74
3039 1 207
4211 1 253
13006 1 245
13511 1 178
14113 1 200
14486 1 98
16131 1 364
17394 3 470
17417 5 265
17876 1 191
19027 1 466
19342 3 182
19360 3 430
22524 1 168
23520 1 227
23862 1 475
25007 2 341
25345 3 171
26590 1 377
26691 1 223
27297 1 232
27553 1 97
27560 1 129
28219 1 205
28383 1 367
28551 1 190
30670 1 198
31358 1 236
31426 3 164
31915 1 212
33896 6 466
37335 1 239
41544 1 243
42529 1 235
42818 1 179
43356 1 251
43631 3 148
46288 3 574
48695 2 339
49941 2 516
50788 1 74
53983 13 646
54559 1 405
57499 1 191
58692 1 425
59418 2 310
59752 3 152
61350 2 203
61498 1 309
63271 1 221
63958 1 193
65207 1 74
65636 1 405
69404 2 322
74824 1 78
76061 2 418
76090 2 544
76227 2 407
77638 3 626
79271 4 440
79272 2 430
81530 2 1252
82005 65 2551
82011 9 1196
84384 1 617
84967 1 493
85645 1 153229
85687 1 28718
86064 12 532
86753 11 173871
87308 17 12820
87817 1 399
88787 6 16639
89170 23 1487
90392 35 3102
90798 15 9998
93902 16 2276
94284 3 72168
96045 1 23429
96049 5 78606
96063 3 37082
96136 7 20896
96276 2 725
96324 1 634
97529 20 2251
97882 22 1233
98180 1 8843
98823 3 337
99036 10 1106
99070 2 18260
99443 17 1660
99451 3 19333
99687 1 410
99917 1 159
100188 1 73
100191 3 81
100209 1 543
100284 1 582
100513 1 151
100534 1 215
100565 2 108
100585 1 43
101129 1 727
101144 1 460
101415 1 130
101764 2 729
101814 2 94
101856 2 524
101943 1 441
102011 2 279
102034 2 507
102088 1 115
102340 1 92
102408 2 648
102520 2 85
102620 4 1252
102667 2 530
102675 1 781
103030 2 104
103931 1 814
104121 2 109
104172 1 65
104660 1 90
104720 1 279
104725 1 591
104751 1 421
104804 4 124
104907 1 355
104926 3 630
104994 1 644
105104 11 1300
105254 1 753
105582 11 352
105634 1 839
105714 1 37
105770 1 614
106043 3 839
106142 1 237
106207 1 174
106251 2 82
106263 2 79
106271 2 778
106374 2 111
106381 3 546
106400 2 275
106497 1 510
106528 1 192
106896 2 91
107181 2 544
107590 1 786
107768 1 99
108112 2 581
108424 1 933
108523 1 702
108541 1 246
108543 1 586
108661 1 700
108971 1 467
109384 2 69
109650 2 446
109724 3 117
109911 1 710
110355 4 559
110436 1 458
110624 1 65
110636 1 988
110837 1 356
111110 1 154
111148 2 1611
111365 3 720
111385 1 365
111733 1 135
111879 2 74
111897 3 377
111900 1 404
111926 1 858
111948 1 628
112132 4 533
112241 1 401
112244 1 320
112332 1 93
112531 2 1258
112847 2 97
112853 1 764
113095 1 180
113128 1 682
113199 1 321
113224 1 470
113375 2 317
113452 2 77
113676 2 449
113871 1 837
114329 1 583
114492 1 30
114507 1 80
114522 1 530
114764 1 435
114833 1 296
114921 5 159
114999 6 509
115020 1 350
115064 3 544
115205 3 123
115418 1 883
115505 2 746
115747 1 1600
115984 2 546
116107 1 652
116120 1 61
116211 1 106
116243 1 86
116251 1 72
116276 1 1097
116443 2 700
116585 2 83
116608 1 41
116748 4 521
117062 1 768
117215 2 552
117409 1 151
117570 1 439
117987 1 222
117989 1 394
118099 1 100
118190 2 372
118717 1 495
118728 1 1381
118869 2 676
119159 2 248
119264 1 850
119379 1 306
119421 1 603
119515 1 484
119702 2 64
119705 2 252
119757 2 496
119807 1 667
119921 1 48
119926 1 563
120119 2 717
120319 2 178
120505 2 54
120576 1 1247
120698 1 43
120739 1 235
120819 3 1098
120973 2 75
121129 1 356
121565 2 575
121759 2 720
121879 1 246
122004 2 662
122006 1 537
122018 2 92
122022 1 170
122033 1 142
122070 1 1082
122235 4 150
122248 1 61
122478 2 261
122698 1 480
122783 2 853
122801 1 53
122938 1 560
123019 1 348
123104 2 754
123164 2 396
123683 1 158
123689 1 505
123781 1 228
123802 4 336
123854 1 295
123932 2 643
124010 1 594
124068 1 55
124082 2 47
124165 1 157
124305 1 2625
124319 1 1075
124435 1 53
124491 2 484
124576 1 221
124713 1 115
124792 1 83
124819 5 1097
124822 3 785
124964 1 639
125002 2 610
125168 1 188
125196 1 482
125301 2 69
125357 1 651
125497 1 660
125544 4 472
125618 1 376
126004 2 313
126089 2 109
126115 1 599
126233 2 309
126271 7 170
126378 2 797
126471 1 83
126897 1 144
126983 1 75
126985 1 657
127306 1 86
127354 1 640
127423 1 486
127517 1 247
127550 2 689
127706 1 96
127736 2 350
127752 4 98
128297 6 412
128374 1 158
128646 1 450
128681 1 279
129032 1 815
129144 1 1078
129201 2 115
129208 1 914
129279 2 764
129351 1 67
129457 2 559
129553 3 61
129970 1 884
129973 2 559
130439 2 60
130499 2 643
130613 1 89
130886 1 565
130935 1 56
130941 2 60
130949 3 97
131058 1 767
131126 3 606
131155 1 887
131325 2 150
131351 2 533
131392 4 529
131404 3 727
131672 2 194
131813 1 201
131955 1 459
131998 2 201
132331 2 554
132432 1 353
132474 2 152
132481 1 2410
132532 2 373
132653 3 1150
132947 1 248
133076 1 667
133099 1 515
133228 2 183
133246 1 510
133256 1 528
133273 1 738
133795 3 522
133964 2 75
134053 1 190
134114 1 170
134141 1 304
134180 1 502
134617 3 178
134745 1 48
134759 2 122
134949 2 308
134978 1 629
135005 2 783
135008 2 101
135216 1 291
135425 2 292
135484 1 102
135614 1 509
135768 1 71
135796 3 695
135809 1 545
135824 1 65
135975 2 126
136006 1 697
136119 3 462
136598 2 178
136930 2 473
137143 1 162
137151 2 611
137267 1 744
137573 2 675
137574 1 131
137709 1 314
137821 5 153
137832 1 117
137855 1 638
137924 1 578
138055 3 280
138303 2 551
138338 1 111
138474 1 194
138498 2 173
138509 1 194
138603 1 192
138723 1 414
138730 2 59
138789 1 1099
138898 3 88
139170 2 760
139295 1 171
139480 2 109
139521 2 948
139705 1 754
139735 1 477
139943 3 70
139956 2 87
139961 3 98
140026 1 111
140288 1 104
140401 2 195
140429 1 666
140495 1 523
140623 4 125
140624 2 96
140787 3 95
140947 1 384
141120 1 725
141198 1 465
141361 1 405
141487 6 906
141553 1 349
141975 1 765
141985 1 165
142155 1 145
142231 2 76
142239 2 94
142368 1 653
142383 1 210
142432 3 124
142503 1 143
142688 2 793
142812 1 246
142970 2 721
142975 1 286
143176 1 510
143250 1 117
143526 1 121
143707 2 807
143776 1 305
143788 2 2124
143840 1 1279
144158 1 78
144232 1 641
144307 1 464
144419 1 456
144439 2 88
144446 5 170
144480 2 283
144709 1 915
144721 1 122
145493 2 89
145502 3 93
145550 2 322
145632 1 414
145639 2 97
145644 4 64
145776 2 803
145899 3 625
146038 1 767
146052 2 130
146094 1 108
146220 2 291
146375 1 510
146419 1 124
146439 1 346
146550 1 484
146584 1 146
146643 4 654
146950 2 73
146995 1 1267
147180 1 742
147215 1 378
147273 2 110
147350 2 830
147388 2 669
147401 2 2022
147463 1 624
147497 1 767
147626 1 286
147673 1 589
147829 1 777
148312 2 764
148462 1 1337
148470 3 110
148528 1 434
148638 2 424
148674 1 113
148749 5 144
148779 3 96
148932 7 324
149356 1 859
149430 3 640
149436 1 166
149437 1 750
149515 1 89
149519 3 103
149523 1 366
149524 1 296
149599 1 399
149946 3 157
150454 1 872
150576 2 2088
150604 1 327
150672 1 74
150860 1 117
150890 1 189
150990 1 742
151162 1 671
151206 1 832
151379 1 753
151397 1 580
151421 1 121
151514 1 121
151627 2 727
151706 1 652
152055 1 71
152122 1 189
152247 2 483
152311 2 747
152485 2 76
152538 5 356
152593 1 307
152907 4 101
153214 1 608
153244 1 316
153260 1 81
153375 1 168
153587 1 82
153591 2 473
153629 3 904
153713 2 157
153783 1 65
153854 3 408
154270 1 195
154430 1 623
154459 1 1429
154691 1 113
154785 3 629
154966 1 702
155286 1 665
155404 1 441
155406 2 830
155721 1 350
155830 2 220
155878 2 1292
155943 1 91
156151 2 154
156404 1 332
156494 2 724
156566 1 794
156579 3 205
156612 1 119
156730 1 138
156758 2 228
156801 1 119
156894 1 352
157385 1 482
157477 1 107
157666 1 67
157784 1 69
157837 2 55
157874 2 102
157973 1 681
157990 1 64
158056 1 316
158085 2 144
158145 2 2105
158293 1 833
158463 1 372
158537 2 450
158538 1 1221
158686 1 781
158785 1 300
158830 1 604
158862 1 198
158897 1 185
159161 1 156
159214 2 311
159242 1 106
159253 1 108
159480 1 404
159531 4 146
159697 4 183
160327 1 801
160338 1 331
160503 1 849
160618 1 444
160669 2 104
160723 1 187
160826 1 79
161052 1 579
161107 1 152
161214 1 372
161247 2 59
161506 1 184
161564 1 597
161855 1 856
161863 1 1241
162102 2 1275
162632 1 324
162940 1 856
162963 1 141
163279 1 558
163403 1 302
163448 2 86
163502 1 157
163822 2 511
163847 4 232
163861 1 457
163886 3 761
163915 2 75
164153 1 579
164361 2 860
164459 2 71
164462 1 309
164623 1 698
164727 3 1134
164747 1 1193
164825 2 1029
165105 1 1494
165180 1 755
165311 2 746
165331 3 1360
165469 5 735
165542 1 695
165680 1 1055
165799 2 330
165869 1 193
165912 2 1233
165984 2 138
166300 2 103
166434 2 413
166465 1 225
166958 4 142
166974 2 819
167033 2 262
167697 1 175
167764 3 226
167823 1 508
168052 2 150
168158 2 82
168305 1 217
168325 1 316
168328 1 201
168386 3 2226
168438 1 75
168664 4 136
168694 1 115
168962 3 596
169022 3 606
169050 3 559
169166 2 659
169208 1 62
169259 2 628
169399 1 71
169467 1 511
169659 1 569
169662 2 854
169770 2 78
169781 2 8290
169808 1 1210
170212 1 682
170280 2 282
170636 2 239
170660 2 70
170746 1 637
170877 2 878
171069 2 504
171088 1 110
171131 1 132
171356 1 777
171415 1 594
171502 4 184
171516 1 159
171785 1 158
171893 2 2071
172292 1 840
172336 2 147
172953 2 84
173054 1 584
173105 2 780
173403 1 1313
173829 1 345
174060 3 565
174188 1 723
174189 1 432
174194 1 662
174284 2 240
175225 1 117
176877 2 145
177140 3 120
177292 1 83
177407 5 116
178891 1 574
179882 1 198
181301 1 534
182936 1 393
183121 4 124
183122 3 126
183124 4 110
184052 1 108
184093 1 1202
185432 1 638
185514 1 265
186262 1 462
188313 1 118
188459 1 135
188712 3 79
189676 2 344
189758 1 1628
189808 5 1609
190996 1 621
194122 1 251
194263 1 124
195001 1 1800
195084 6 154
195215 1 4209
197138 3 152
199318 3 134
199343 2 492
200525 2 79
200683 1 3590
200805 1 1525
201199 1 709
201392 1 837
203204 2 109
205879 1 49
210926 1 334
211417 2 141
212048 6 2811
212808 3 86
213909 1 1276
213967 1 700
215504 5 103
218741 3 1352
218851 2 380
219995 3 135
220003 3 116
220124 2 391
221470 1 1362
221789 2 70
224859 1 101
229684 2 405
231467 1 347
234211 3 2810
236121 1 141
236468 1 337
238194 2 387
238649 27 507
238709 9 347
238724 9 347
239820 8 1314
240042 2 242
240366 49 117963
240526 1 252
240533 6 383
242903 2 4618
242964 8 5017
243786 1 18912
244316 3 2139
245082 5 5087
245449 5 35219
245471 4 2416
245472 10 2434
245668 1 47659
246864 1 22526
247178 11 2509
247224 3 16820
247469 235 160821
247517 1 40187
247550 5 255154
247672 1 33059
247828 10 4527
248181 1 22248
248351 4 4762
249076 5 36189
249151 7 38079
249392 6 4501
249594 9 5335
249740 5 228328
250059 16 37994
250358 3 3764
250435 29 4083
250844 2 7430
251499 2 1981
251507 7 5614
251735 7 3859
252314 4 4686
252474 1 81579
252942 8 1277
253018 111 331696
253259 4 26507
253530 1 6918
253589 5 5262
253593 1 171848
253805 10 293
255417 1 27737
255830 8 84137
256002 10 4456
256042 10 2460
256341 9 36933
256613 1 2995
256625 6 4312
257344 11 45609
257345 5 89736
257812 2 103213
258059 2 14205
259053 19 29094
259653 3 290
259656 3 209
259657 15 297
263787 2 413
267616 8 369
267628 1 479
268694 5 574
268699 6 487
271756 2 572
271832 2 726
271842 1 249
271845 2 499
271897 2 228
272126 2 7361
272562 8 344
274132 1 378
274135 3 362
274144 1 359
274476 5 445
274479 3 473
274484 2 271
276193 2 670
276381 1 399
276431 1 550
276469 1 493
277330 1 232
278066 2 442
279271 1 380
279273 5 332
279275 3 566
279955 1 13056
279956 2 3591
280755 6 32241
284998 2 380
286174 17 407
286175 7 241
286177 9 344
286179 8 260
288495 4 598
288496 3 291
288504 2 541
288566 1 283
290251 1 647
290590 13 514
290591 16 618
290592 15 485
290593 7 625
290594 5 710
290595 4 523
290596 2 651
290597 9 604
290598 6 647
290599 7 639
290600 1 692
290601 4 449
290603 3 323
290604 12 660
290605 19 779
290608 5 612
290609 3 524
290610 4 525
290611 4 660
290612 11 600
290613 17 684
290614 7 565
290615 6 513
290616 6 532
290617 2 568
290618 13 471
293244 3 590
295278 2 446
295697 1 13014
295698 2 3638
297405 1 564
298365 1 470
298481 4 589
298663 6 536
298664 5 336
298887 1 707
299413 1 465
302184 5 366
303040 2 464
304899 2 181
304900 7 311
305911 1 400
308532 1 276
308535 3 26545
308695 1 487
311355 8 64459
312001 6 795
312229 2 543
312917 14 515
312918 16 557
312919 3 576
312920 7 450
312921 5 311
312922 7 171
314512 4 52248
314637 1 335
315146 7 248
315193 1 840
315750 5 644
315779 3 81
318589 1 878
318856 1 678
321898 1 690
322664 3 441
325355 2 669
333429 1 742
335558 7 478
336089 4 458
338490 1 574
341757 1 44
344719 1 473
354127 1 216
359120 1 232
363144 2 683
363523 5 661
363528 6 597
364645 1 247
365207 1 168
372769 1 779
373374 2 380
373945 2 194
374080 1 647
374136 1 670
376484 2 166
376902 1 241
377700 1 369
378581 1 510
381236 1 441
381526 1 316
381862 1 389
385627 2 151
385917 2 261
387997 1 814
390153 6 197
390360 1 277
394024 1 293
394228 1 417
395870 1 158
397020 1 77
397029 1 95
397862 1 186
398075 1 495
399179 5 298
401177 3 95
403538 1 1991
405879 1 469
405926 1 105
407705 3 43
411173 5 1055
411488 3 718
414265 1 57
415589 2 592
420213 1 284
420430 3 515
420915 2 226
425890 1 46
426633 1 89
429870 2 378
430995 1 581
436262 1 479
437371 5 752
438074 1 248
439179 1 149
441449 3 262
443831 1 63
444915 1 57
444974 1 40
447693 3 44
448078 1 938
453170 2 591
455862 1 377
458838 1 269
460700 1 537
460738 1 534
464458 1 416
464579 1 51
464691 2 149
464755 2 85
465874 1 481
465908 1 268
465910 1 292
465912 1 286
465913 1 298
469891 1 49
472307 1 250
473814 2 104
474718 1 292
475063 1 44
475220 1 767
479639 3 47
481754 2 929
484255 1 558
484746 1 233
487903 2 219
488574 2 241
488633 1 202
489745 2 122
491139 2 50
493137 1 170
493140 1 233
494883 1 547
497053 2 264
498513 1 193
499074 1 38
501797 1 41
501942 1 590
503265 2 344
506180 1 593
507765 4 104
508981 3 429
511017 1 121
512602 1 382
518001 2 789
518475 4 233
518717 1 556
519216 1 199
519667 1 400
519912 3 83
521476 3 284
521947 2 515
522902 2 553
524167 2 671
524608 2 658
