8519 2 451
11155 1 335
11164 1 353
56439 5 459
56552 2 321
56767 3 99
57029 1 128
57310 1 93
57436 2 649
57556 1 208
59242 13 781
65018 4 219
70604 2 210
70990 1 265
72416 2 414
73128 2 460
75220 5 124
76174 1 141
81300 3 143
84321 4 587
85579 1 671
85930 1 598
87624 1 131
88543 1 84
91246 1 920
92816 2 316
93392 3 112
100582 6 163
102809 1 172
105006 2 199
105930 3 173
110045 2 120
110310 1 408
110315 1 114
110316 3 173
112286 1 357
122937 3 593
123001 4 81
123911 1 104
123916 2 181
124175 1 271
124345 1 502
124584 4 193
124776 1 150
128921 1 56
130949 12 547
134830 1 171
135998 3 365
141629 2 462
145142 4 135
146951 1 190
150746 1 204
152821 1 151
154721 4 442
158377 4 94
158382 5 168
159221 1 72
159381 1 276
165580 1 151
168369 1 594
169358 2 252
169993 1 391
179435 2 531
179512 5 708
180096 1 92
182447 1 178
183129 2 207
187265 2 90
189969 5 399
190029 1 145
190484 3 213
190662 1 220
190731 1 837
191099 1 663
191101 1 178
191145 2 284
191377 2 3635
192824 1 132
193519 2 153
194606 2 215
197571 1 133
201016 3 605
202400 6 431
202601 1 78
203200 2 894
211075 1 183
212233 3 268
213830 2 124
214012 2 83
215165 1 217
215169 2 299
215800 1 653
217239 4 180
219523 4 273
221515 4 308
222492 1 174
224608 1 175
225931 1 249
226443 1 326
226448 1 347
230126 1 225
233151 1 513
233238 2 862
234000 2 558
234938 4 401
237557 1 188
237609 3 248
240130 3 230
240568 2 262
242915 1 575
245004 4 286
253409 1 238
253715 5 247
254659 1 112
256597 1 262
258470 3 287
258855 2 592
260950 4 437
261851 15 311
262001 2 293
263384 3 588
263969 4 315
264630 1 615
264767 1 287
264836 1 588
264978 1 267
267634 8 1621
267790 1 249
268636 1 260
268871 1 322
268983 4 280
269453 1 129
269650 3 180
269651 5 213
270566 3 826
271953 1 397
272726 1 325
276003 1 169
286377 11 2322
288618 1 1871
288869 1 163
292113 1 279
292812 1 421
292884 2 213
292915 2 213
293770 2 144
293806 1 130
294825 1 137
295496 2 271
297074 2 247
298257 1 328
300054 3 177
302841 2 748
303734 1 25485
307354 1 127
308660 1 2535
308719 2 601
308721 9 1938
308766 9 1023
308804 9 1023
308923 1 3318
308977 1 3318
310687 4 176
312408 2 295
312780 1 247
313205 1 127
313521 1 110
314017 5 247
314400 3 364
323646 1 181
325547 2 580
326707 1 129
328935 1 391
328946 5 203
328986 2 349
329588 8 514
330202 2 231
330623 1 1698
330815 1 578
330835 2 293
330839 1 240
330883 5 278
330954 6 720
330987 1 315
331659 1 514
332974 1 459
333813 1 302
334643 3 148
337309 1 207
339106 3 64
339748 1 149
339823 1 75
340943 3 213
340945 1 288
341191 2 167
341423 1 186
343716 1 285
343717 1 235
343949 1 2544
350492 3 990
352454 1 114
352708 1 256
352924 3 260
352937 3 260
353416 2 257
353579 4 183
353580 5 228
353707 5 307
354115 6 607
354116 1 244
354117 2 344
355040 2 167
355359 1 108
355753 1 642
355915 2 121
356163 2 862
356367 1 1220
360902 1 141
361222 1 228
362017 4 445
362539 7 378
362549 3 137
362633 1 162
362952 2 126
363350 1 237
363479 1 762
363490 1 357
363863 3 576
364201 1 294
364396 2 237
370163 1 276
372725 1 235
373486 1 128
373497 1 444
373725 1 134
373775 3 559
373824 2 1421
376338 1 297
376344 1 144
376481 1 250
376555 1 277
376569 1 182
376788 1 326
376789 1 194
376807 3 172
376986 3 206
377285 2 237
377611 9 322
378124 1 349
378340 1 313
378754 2 327
379261 1 102
380063 1 339
380641 9 375
380754 3 139
381178 1 204
381987 2 6233
383850 1 117
384137 1 92
387502 1 115
387503 2 139
387507 2 178
387508 1 90
387510 2 113
387512 1 93
387595 3 84
387702 5 99
387703 2 111
387704 2 120
387823 1 119
387825 1 126
387945 1 430
387958 5 620
388057 3 144
390133 1 881
394041 1 797
394141 10 929
394504 5 382
395459 1 92
400090 1 474
401805 1 114
409360 2 333
411030 2 211
414060 1 81
415751 3 222
416631 1 384
418892 1 126
419252 2 83
421751 2 125
422110 3 511
422764 4 274
426869 8 791
441251 2 206
442668 1 223
445313 1 289
445727 2 618
446824 5 983
447203 1 95
448040 1 94
453655 1 845
453678 2 127
464441 1 102
464460 2 455
467051 1 466
472537 1 176
472922 1 1340
475013 1 92
475620 1 70
478427 1 810
479081 1 78
481164 1 201
485336 2 444
502170 3 148
504670 1 827
510498 6 296
510602 2 169
517514 3 627
527772 1 534
