33 3 19382
455 1 18030
1135 1 151
2540 2 2782
2641 1 17392
2892 5 164
3047 7 191
3048 7 173
3756 1 259
3806 1 195
4338 13 16989
5436 1 557
5487 9 214
5488 7 197
6026 2 612
7664 5 198
8148 1 17754
8991 12 264
10063 4 186
10653 6 154
12709 5 20008
12985 8 7361
13194 1 409
14387 24 275
18244 1 233
19147 1 353
21614 36 32241
21827 6 174
22334 7 563
22613 31 497
22935 7 197
22936 5 212
23051 4 388
23052 23 441
23887 2 601
23888 8 231
24862 18 601
24890 32 416
25107 3 90
25642 1 193
25654 6 148
25655 4 164
26128 1 223
26404 7 151
26710 11 486
26712 7 326
26713 3 209
29971 1 392
30161 8 705
30166 17 482
30446 2 12899
31062 3 258
34246 5 19523
34727 21 167
34728 19 222
34732 16 9225
34858 8 192
36802 1 29903
38435 9 173
38512 15 469
38514 2 147
38516 16 562
39911 6 158
41053 5 159
41428 3 255
42421 9 180
43624 1 202
43630 6 209
43975 1 192
44877 7 374
45112 9 497
45125 10 476
45126 11 441
45127 8 385
45128 9 368
46498 5 343
49332 6 195
49333 5 197
50063 10 195
50232 7 177
50843 11 262
51331 6 184510
51735 5 185
52214 4 64459
54348 14 249
54349 21 685
54350 19 408
54352 28 509
55371 1 52248
55686 1 239
56369 1 31
61461 28 718
63412 1 179
67277 12 269
71121 2 36
71252 2 36
75056 7 124
75906 2 31
76573 3 35
77142 2 40
77383 2 38
81690 3 483
83071 1 910
89041 13 1171
96834 1 123
98742 1 98
100688 2 679
100920 5 125
101053 6 182
101578 17 290
102783 1 621
104129 1 114
109393 1 78
110309 2 56
112185 2 63
113614 2 711
115291 10 237
115340 4 9448
117200 4 144
121058 1 560
122857 4 89
124148 1 770
125717 4 769
125841 9 406
127242 2 468
128897 1 168
130004 2 328
131388 2 410
136160 4 69
140957 6 212
142508 8 145
142646 3 294
144335 10 232
154139 3 434
155287 1 243
156373 7 179
156379 6 197
156837 5 149
158875 1 551
159276 5 132
160719 1 60
162591 5 138
163272 1 73
163409 25 759
163862 2 593
164092 13 382
164360 9 206
164736 2 52
167752 17 655
177953 3 63
178070 2 59
179356 15 630
184734 4 51
186700 2 105
189328 2 250
193597 7 155
195111 29 734
199114 2 131
202419 19 287
209308 4 96
215705 6 633
219852 8 185
219861 17 383
221164 20 868
222048 2 546
225604 1 567
231472 3 73
232465 36 711
236236 1 507
239909 1 141
240671 1 191
240934 16 476
242429 23 507
243169 11 194
243393 4 46
244018 10 536
244997 4 91
253044 5 744
263084 2 67
263908 11 268
265810 2 16729
265816 1 25803
265845 15 17259
265854 6 21100
269944 12 196
270104 2 154
280619 3 11500
281074 2 118
282160 22 544
282161 4 97
282162 4 125
282475 7 120
282477 2 110
282728 4 116
282993 3 95
285508 11 180
286583 3 19748
286675 41 1509
286700 6 250
286801 17 950
286808 23 784
286809 16 472
286813 9 313
286881 9 565
287017 4 350
287018 16 692
287024 62 1042
287025 2 766
287026 40 839
287028 41 559
287029 6 869
287031 58 1635
287032 2 1989
287052 6 2922
287318 6 163
289348 32 18428
289465 6 447
289478 106 2380
289479 78 1532
289480 20 1052
289483 16 921
289488 12 239
289594 1 1522
289706 3 1497
289734 1 4107
290256 3 30074
290440 4 15196
290465 6 15747
294041 8 359
294108 3 234
295568 8 283
298484 7 181
301498 3 95
301565 2 95
301865 17 18367
301872 1 72
302045 8 145
302365 2 129
303734 8 25485
304881 6 337
306133 19 291
306138 7 361
306139 22 5267
306144 9 800
306149 24 652
306175 36 10421
306178 3 225
306189 26 880
306222 32 1038
306223 9 600
306237 2 26903
306284 2 21202
306300 19 342
306305 10 500
306307 89 1392
306308 19 928
306337 57 2274
306338 192 4464
306339 129 3745
306340 123 2518
306341 98 2643
307453 3 49380
308163 52 930
308164 45 1236
308168 12 1171
308181 77 3094
308186 6 36306
308255 15 1369
308300 2 212
308301 2 161
308307 6 667
308315 20 771
308316 13 415
308318 12 580
308322 12 363
308324 15 513
308328 16 598
308329 30 862
308331 21 537
308335 2 235
308343 2 195
308553 28 8271
308827 1 3641
308907 1 13313
308919 7 13545
308947 2 16976
308953 1 14138
308961 1 13313
308973 7 13545
309001 2 16976
309007 1 14138
314270 6 4790
320248 1 13098
320798 3 113
321369 64 1328
321970 4 105
322093 8 366
322670 6 203
322671 4 186
322673 2 113
322747 21 673
325464 11 302
325465 33 506
325480 3 337
325529 7 282
325534 13 2074
325535 31 6095
325537 34 4579
325539 15 6072
325542 4 3842
325544 28 2857
325545 1 2289
325561 29 1668
325688 6 223
325764 1 359
326123 4 14885
326129 2 67196
326797 6 1254
326979 1 1930
327122 2 16929
327123 2 16927
327384 5 19585
327394 1 22044
327403 26 5903
327407 4 18061
329208 2 9390
329209 1 5843
329225 1 7875
339098 8 123
341932 14 559
343303 8 279
344739 11 261
345142 5 135
345414 6 150
347800 38 847
347837 41 63219
347869 21 47445
347982 3 2493
348005 12 457
348290 36 1359
349508 117 1992
349516 85 3933
349902 4 3417
349994 1 8773
350479 2 11696
350496 2 14081
352645 8 151
353380 9 132
356186 18 275
356527 6 116
357856 11 322
366351 10 164
367351 7 161
367877 1 214
368477 5 122
368784 6 125
372055 26 590
372056 9 297
372057 12 182
372058 3 218
372060 8 593
372150 9 302
372207 13 557
372209 23 692
372210 11 462
372212 24 533
372214 15 374
372235 10 596
372243 3 5116
372264 13 710
372265 12 750
372266 10 686
372268 21 609
372269 14 1286
373834 28 44460
374014 8 80805
374018 2 148
374019 2 221
374027 19 779
374029 2 220
374036 10 547
374300 3 3673
374381 2 2931
374738 2 251
376386 1 9418
377160 11 293
378428 3 1082
388591 4 165
388776 4 219
389230 6 322
389258 4 138
389948 7 162
390135 6 164
393526 4 8178
393550 48 30891
393747 9 58177
393783 6 286
394137 3 1990
394898 5 26758
395242 20 23266
395640 3 17885
395686 12 381
395688 20 892
395690 20 1124
395692 11 267
395702 16 1016
395703 23 645
395976 1 1478
396258 1 38258
397506 4 49
397587 4 92
398183 8 204
398593 5 459
399204 4 133
399821 2 577
399892 7 259
400913 7 17082
401210 8 342
401705 3 413
401904 1 1161
403925 5 688
404617 5 665
405076 5 661
405620 2 912
406686 3 91
408359 14 401
410778 1 1783
411139 52 1224
411292 1 959
411974 8 514
413265 22 624
413351 27 864
413658 9 513
413940 42 803
414304 4 199
415128 1 91
415725 2 1721
415919 3 428
416000 2 66
416367 1 1299
416477 9 296
416974 2 120
417989 20 539
419135 2 354
419304 2 109
419833 7 88
420200 10 358
420366 1 614
420948 2 924
421007 1 975
421554 2 112
423208 4 95
423799 11 555
423861 1 569
423984 1 103
424238 11 142
424290 2 74
424681 1 1229
424691 6 190
424926 1 106
425152 4 633
425194 3 96
426297 3 66
426457 32 620
426675 8 89
426958 2 109
427216 7 95
427291 7 77
428131 3 1146
428195 2 58
428636 14 222
428752 9 337
429073 5 111
429564 1 165
429581 1 195
430085 2 78
430279 2 796
431127 2 2034
431371 1 2237
432053 1 660
432320 17 363
433158 4 135
433790 2 1125
433850 2 90
434194 1 1107
435074 4 51
435273 2 127
435398 8 105
438370 9 396
438569 3 160
438851 10 616
439076 1 868
439432 2 151
439740 5 1179
440440 3 792
442324 28 592
442465 1 106
442797 13 326
443715 7 376
443716 16 447
444258 3 50
444508 2 96
445432 3 521
445810 3 460
446014 4 1334
446028 7 95
446266 9 410
446315 7 148
446448 8 265
448864 6 244
448884 2 89
449622 17 1046
449746 1 1495
450170 1 86
450192 14 486
451666 7 199
451795 10 1023
453052 3 94
453074 1 683
453227 3 284
453279 1 278
454940 7 173
455262 2 33
455466 2 47
456517 24 463
456907 1 842
456970 1 66
459316 40 2291
459560 3 83
460027 3 333
460274 1 112
460752 2 103
460933 9 248
461053 8 227
461145 5 188
461251 3 235
462104 39 1397
462426 1 33
462481 7 94
463482 1 165
464093 22 449
464632 14 279
465542 7 110
466317 27 959
466580 13 732
466678 14 904
466679 9 858
466681 1 113
466736 11 182
466785 9 521
466864 8 853
467120 27 467
467131 2 274
467149 36 467
467527 2 385
467868 4 311
468075 8 330
468286 3 462
468366 25 483
468380 23 492
468516 13 174
468517 10 164
468627 1 85
468658 15 502
469061 3 106
469651 2 392
469936 5 273
470239 26 456
471518 6 458
471838 3 108
471839 2 107
472810 4 98
472888 9 126
473212 2 102
473579 3 55
473875 1 437
473990 2 110
474672 6 1235
474985 2 469
475295 6 86
475313 3 106
475326 1 137
476128 6 1064
476609 1 73
477067 1 39
477474 11 435
477673 1 99
478295 7 82
479090 1 490
480389 10 606
480995 6 106
481524 1 47
482346 27 498
482482 4 562
484045 5 1200
484892 23 1146
485250 14 473
485459 4 81
485481 7 1284
485548 7 315
485635 16 788
485646 1 64
486543 4 110
488759 6 279
489933 1 150
491340 1 1147
491454 7 706
491805 5 170
493461 3 144
493476 3 104
494130 2 2012
496104 11 377
497501 7 69
498496 1 626
500494 1 546
500736 11 718
501866 22 879
502167 23 266
503777 3 46
507220 40 936
507340 1 1584
507537 1 589
508969 1 401
509100 15 281
509238 1 592
511803 3 206
512953 6 82
513274 13 260
513895 1 690
513954 2 150
514785 3 418
514932 1 1351
516712 1 631
516937 4 434
517097 23 633
517836 2 884
517837 2 579
518280 4 62
518836 6 137
520322 5 378
520546 3 1283
520609 2 1617
520742 11 146
520976 34 569
521380 6 102
521863 4 445
523197 1 1083
523641 9 140
524188 3 91
525646 1 389
525999 3 1690
526208 17 859
526961 19 494
527186 17 467
455 51 18030
1135 5 151
2540 9 2782
2641 59 17392
3047 1 191
3756 5 259
4137 32 16130
4338 1 16989
5040 1 389
5436 8 557
5487 3 214
5488 1 197
5884 48 996
5885 58 1068
5886 42 1040
5957 24 529
5958 19 647
6026 15 612
6367 59 17463
7664 7 198
8148 36 17754
8939 5 293
10653 1 154
12985 6 7361
13194 3 409
13912 50 17501
21459 2 16007
21614 1 32241
21827 1 174
22613 2 497
22935 1 197
22936 1 212
23051 2 388
23052 8 441
23887 7 601
23888 17 231
24862 3 601
25656 38 15042
26404 1 151
26710 16 486
26712 15 326
26713 7 209
27424 30 13034
29971 7 392
31062 1 258
31629 57 21435
33412 15 475
33445 5 283
33466 15 322
34246 46 19523
34732 4 9225
34858 1 192
36498 49 20156
38384 1 733
38512 11 469
38514 1 147
38516 11 562
42421 1 180
43640 37 18238
44877 1 374
45112 4 497
45125 24 476
45126 10 441
45127 9 385
45128 16 368
45872 65 15512
46763 20 283
47258 27 514
47642 9 11472
49332 1 195
50232 1 177
51331 24 184510
51521 18 395
52214 4 64459
52678 21 15365
54348 5 249
54349 8 685
54350 8 408
54352 11 509
54527 36 19068
55371 3 52248
59142 2 26
60116 3 35
61461 9 718
67277 5 269
75056 2 124
76573 1 35
77142 1 40
77383 1 38
84542 2 25
89041 2 1171
97166 1 422
98742 5 98
100920 6 125
101053 7 182
101578 15 290
102783 2 621
104129 1 114
112185 1 63
113640 1 329
115291 2 237
115340 15 9448
117200 1 144
121635 2 559
124148 1 770
124820 2 26
125841 8 406
126758 2 160
128897 5 168
130004 2 328
131388 3 410
135900 4 67
136160 1 69
140447 1 799
140957 1 212
142508 8 145
142646 2 294
144335 8 232
154139 3 434
156373 2 179
156379 2 197
156837 1 149
157630 7 256
158875 1 551
159276 5 132
160719 1 60
162591 1 138
163272 1 73
163409 6 759
164092 2 382
164360 2 206
165942 4 966
168039 1 770
177953 1 63
179356 2 630
181316 2 416
184734 2 51
186700 1 105
193597 1 155
200170 1 670
200173 1 704
202419 10 287
204170 3 60
208023 8 282
209308 1 96
214283 3 50
216188 2 142
219852 6 185
219861 16 383
221164 1 868
225604 1 567
232465 4 711
239909 2 141
240137 1 549
240327 7 82
240671 1 191
242429 1 507
243169 3 194
244018 1 536
244935 3 66
244997 4 91
255310 4 75
263908 2 268
265810 8 16729
265816 19 25803
265845 15 17259
265854 12 21100
267369 9 106
270104 10 154
281074 2 118
282160 3 544
282162 3 125
282477 2 110
282728 3 116
282993 3 95
283299 14 187
284846 7 99
286583 11 19748
286675 6 1509
286700 2 250
286801 13 950
286808 8 784
286809 9 472
286813 5 313
286881 1 565
287017 8 350
287018 1 692
287024 8 1042
287026 3 839
287029 1 869
287031 7 1635
287052 1 2922
287318 3 163
289348 12 18428
289465 3 447
289478 16 2380
289479 3 1532
289483 15 921
289706 2 1497
290147 4 1326
290256 33 30074
290465 15 15747
292424 3 396
294108 1 234
295118 1 109
300600 2 126
301498 4 95
301865 8 18367
301872 1 72
302045 1 145
302365 1 129
304881 4 337
306133 4 291
306138 2 361
306139 4 5267
306144 5 800
306149 14 652
306175 13 10421
306178 1 225
306189 7 880
306222 2 1038
306223 2 600
306237 11 26903
306284 24 21202
306300 1 342
306305 9 500
306307 6 1392
306314 1 4250
306337 10 2274
306338 6 4464
306339 11 3745
306340 6 2518
306341 6 2643
307246 4 1514
307453 22 49380
308163 2 930
308164 7 1236
308181 59 3094
308186 3 36306
308187 21 51551
308255 2 1369
308307 3 667
308315 3 771
308316 3 415
308318 7 580
308322 9 363
308324 7 513
308328 10 598
308329 7 862
308331 15 537
308553 1 8271
308907 12 13313
308919 9 13545
308929 1 12027
308947 7 16976
308953 2 14138
308961 12 13313
308973 9 13545
308983 1 12027
309001 7 16976
309007 2 14138
314270 5 4790
320248 2 13098
320798 6 113
321970 3 105
322093 8 366
322670 5 203
322671 7 186
322673 1 113
322747 7 673
325464 1 302
325465 19 506
325529 2 282
325534 1 2074
325535 3 6095
325537 9 4579
325544 3 2857
325545 3 2289
325561 13 1668
325688 2 223
325764 4 359
326123 13 14885
326129 10 67196
326797 1 1254
326979 1 1930
327122 10 16929
327123 10 16927
327384 7 19585
327394 13 22044
327403 3 5903
327407 9 18061
328544 3 59
328546 3 82
329208 11 9390
329209 8 5843
329225 4 7875
329226 1 8776
329355 12 128
330234 7 3314
331432 4 8083
334088 3 95
334276 3 95
341932 2 559
343303 2 279
344739 1 261
345142 2 135
345414 5 150
347837 34 63219
348005 1 457
348290 4 1359
349508 2 1992
349516 58 3933
349812 2 1772
349902 2 3417
349994 3 8773
350133 1 2654
350479 2 11696
350496 11 14081
352645 3 151
352715 2 284
354049 6 3732
356186 4 275
356527 6 116
357856 1 322
364000 4 105
367877 1 214
368057 3 166
368477 1 122
368784 3 125
372055 13 590
372060 2 593
372150 2 302
372207 4 557
372209 14 692
372210 3 462
372212 9 533
372235 1 596
372243 1 5116
372265 1 750
372268 1 609
372269 4 1286
372406 18 14595
373834 15 44460
373937 3 4632
373963 10 920
374014 63 80805
374029 2 220
374036 6 547
374994 1 13993
376386 5 9418
376588 15 197
378428 1 1082
380564 8 124
388591 4 165
388776 1 219
389258 7 138
389948 3 162
390046 14 188
390135 5 164
393526 6 8178
393550 18 30891
393747 49 58177
393783 1 286
394137 41 1990
394898 31 26758
395242 8 23266
395640 14 17885
395686 2 381
395688 20 892
395690 13 1124
395692 7 267
395702 2 1016
395703 7 645
396258 1 38258
396615 1 1335
397587 1 92
398593 2 459
399821 6 577
400913 2 17082
401210 2 342
401705 1 413
401904 1 1161
404617 1 665
405076 1 661
409894 1 535
410778 1 1783
411139 6 1224
413940 2 803
414318 1 99
415725 3 1721
415919 1 428
416000 2 66
416367 1 1299
416477 4 296
416974 2 120
419135 2 354
419304 1 109
419833 3 88
419878 1 658
420366 1 614
421254 2 850
423799 2 555
424238 9 142
424290 1 74
424691 2 190
424926 2 106
426457 22 620
427291 1 77
428131 1 1146
429564 6 165
429581 7 195
430014 11 1554
430279 2 796
431371 1 2237
431465 1 1026
432320 3 363
432421 1 748
434194 1 1107
435074 2 51
435398 1 105
438851 4 616
439076 1 868
440440 1 792
442324 23 592
443715 1 376
443716 2 447
445432 2 521
445810 2 460
446028 5 95
446266 4 410
446448 1 265
446551 2 603
446767 2 2427
447043 19 273
447544 1 954
448864 4 244
449622 1 1046
450192 3 486
451666 3 199
451814 1 558
456517 1 463
456907 1 842
457111 5 457
459560 1 83
460127 19 586
460274 1 112
460555 6 111
460752 1 103
460933 1 248
461145 6 188
461818 1 414
462104 14 1397
464093 2 449
464632 12 279
465629 8 306
466580 1 732
466678 4 904
466679 1 858
466736 1 182
466864 2 853
467120 3 467
467149 1 467
467527 1 385
468075 5 330
468286 1 462
468366 9 483
468380 5 492
468516 6 174
468517 5 164
468658 2 502
469936 1 273
470239 1 456
471484 3 507
471518 1 458
473212 1 102
473875 15 437
474268 2 615
475313 1 106
476407 3 625
476609 1 73
478801 1 946
479031 1 349
479090 1 490
479284 1 539
480325 3 681
480389 1 606
480427 3 624
480995 3 106
482181 1 874
482346 3 498
482482 1 562
483374 1 682
484542 5 1371
485250 1 473
485379 14 223
485459 4 81
485481 1 1284
485548 3 315
485635 1 788
486543 1 110
487476 7 96
489933 7 150
498496 1 626
498879 16 748
499551 1 124
500494 2 546
500769 1 38
501866 2 879
502167 9 266
503777 2 46
505113 3 450
506765 4 107
507220 2 936
507340 3 1584
508969 2 401
509100 12 281
509718 3 592
509723 1 480
513274 12 260
513954 1 150
514932 1 1351
516377 3 1412
516712 1 631
517097 3 633
517836 2 884
517837 1 579
517996 2 515
518280 1 62
520742 2 146
520976 4 569
521380 2 102
522653 4 82
523641 1 140
524188 1 91
525646 1 389
525999 1 1690
526208 4 859
526961 1 494
1669 3 118
5040 6 389
6439 3 6333
30161 1 705
30166 3 482
38384 3 733
51331 9 184510
55686 5 239
61337 1 93
63412 1 179
70309 1 1075
76213 1 932
81690 2 483
89041 1 1171
93619 12 632
93964 6 270
94140 6 268
97166 1 422
100688 1 679
102783 1 621
111304 2 90
113640 1 329
121058 4 560
121635 2 559
122857 1 89
124148 1 770
125717 2 769
128232 1 54
140447 1 799
149022 1 52
155077 2 170
156373 1 179
156379 1 197
158875 1 551
163409 4 759
163862 1 593
164092 1 382
165942 1 966
167142 4 287
167752 1 655
168039 1 770
172924 4 230
174249 1 111
181316 1 416
189328 1 250
193597 1 155
200170 1 670
200173 1 704
202419 2 287
212622 1 41
215705 2 633
216188 2 142
222048 1 546
225604 1 567
228084 9 753
230817 3 147
232465 1 711
232851 1 655
236236 2 507
236260 11 479
239909 1 141
240137 1 549
240934 7 476
242429 1 507
244018 2 536
253044 4 744
263084 1 67
263345 2 120
277575 9 380
286808 1 784
287017 2 350
287018 1 692
287028 1 559
287029 1 869
287031 20 1635
287052 1 2922
289465 7 447
289478 1 2380
289479 1 1532
290147 1 1326
295568 1 283
296888 1 452
303135 3 133
306144 1 800
306222 1 1038
306308 7 928
306338 1 4464
306339 1 3745
308163 1 930
308168 1 1171
308300 1 212
308318 1 580
308335 6 235
308343 1 195
325480 9 337
325539 1 6072
326797 17 1254
328291 1 88
331366 6 275
352715 1 284
356186 7 275
372060 1 593
372207 1 557
372209 1 692
372210 2 462
372264 3 710
372265 3 750
372266 3 686
373834 1 44460
374018 4 148
374019 2 221
374027 2 779
374029 1 220
374036 1 547
374738 3 251
378428 1 1082
395242 1 23266
395688 2 892
395690 1 1124
395702 1 1016
396587 8 832
396615 1 1335
398183 1 204
399661 13 611
400458 6 259
400463 19 1114
400708 1 104
400913 10 17082
401705 9 413
401904 1 1161
403925 10 688
407662 1 482
408359 8 401
409894 2 535
410778 1 1783
411139 5 1224
411292 1 959
411974 1 514
413265 1 624
413351 3 864
413658 1 513
414304 1 199
414318 1 99
415725 2 1721
415835 2 1408
416367 1 1299
417449 1 51
417543 1 350
419878 1 658
420366 5 614
420376 3 192
420948 2 924
421007 1 975
421254 1 850
423208 3 95
423984 3 103
424831 1 64
425152 1 633
425795 2 119
426457 1 620
426932 13 469
426958 3 109
428131 1 1146
428195 1 58
428752 5 337
429385 4 100
430014 1 1554
430638 4 243
431371 2 2237
431465 2 1026
432320 1 363
432421 1 748
435144 1 337
435273 1 127
435398 1 105
435835 1 114
438370 1 396
438851 2 616
439076 1 868
440002 3 82
440440 1 792
441504 1 68
443715 1 376
443716 4 447
445432 1 521
446188 2 85
446551 1 603
448864 6 244
449622 1 1046
450777 2 88
451814 1 558
453052 2 94
453227 2 284
453279 9 278
454940 2 173
456517 2 463
456907 1 842
457111 14 457
459316 10 2291
459940 2 51
460027 5 333
460197 3 98
460933 6 248
461053 1 227
461818 1 414
462104 15 1397
463482 8 165
464093 1 449
466580 4 732
466602 2 247
466678 18 904
466679 21 858
466681 2 113
466785 18 521
466844 8 128
466864 20 853
467120 1 467
467131 5 274
467232 1 463
467527 1 385
467868 1 311
468075 7 330
468286 25 462
468366 9 483
468380 4 492
468627 1 85
468658 2 502
468820 2 36
469043 3 76
469061 4 106
469334 10 349
469651 7 392
471484 1 507
471518 3 458
471839 1 107
472584 1 118
473990 3 110
474268 1 615
474672 22 1235
474985 6 469
476128 1 1064
476407 1 625
477259 1 669
477971 1 475
478441 1 636
478631 2 43
478801 2 946
479031 3 349
479090 7 490
479284 1 539
480199 4 579
480325 1 681
480389 4 606
480427 1 624
480435 4 143
481291 1 52
481518 2 46
482181 1 874
482346 2 498
482482 9 562
483374 1 682
484045 3 1200
484542 2 1371
485481 12 1284
486384 8 499
486543 1 110
488369 1 54
488759 4 279
489125 1 43
491454 2 706
491577 6 214
491746 2 136
492133 3 87
493461 4 144
493476 3 104
494322 5 325
497654 3 149
498461 2 45
498496 1 626
498879 1 748
498880 9 140
499207 16 510
499551 1 124
500494 1 546
500736 2 718
500787 4 147
501866 29 879
503717 6 214
505113 1 450
506372 12 464
507220 2 936
507340 1 1584
507438 15 816
507537 12 589
507539 20 502
507585 7 262
508248 2 340
509238 1 592
509718 1 592
509723 1 480
512294 49 915
512542 32 567
513072 9 431
514785 1 418
514932 2 1351
515623 6 334
516377 1 1412
516613 1 57
516712 1 631
516937 3 434
516975 2 85
517490 1 175
517633 8 714
517821 2 58
517836 5 884
517837 4 579
517996 1 515
518836 1 137
520322 3 378
520609 1 1617
521863 1 445
523374 11 1012
524059 1 59
524656 47 1114
525646 1 389
525870 13 468
525999 3 1690
526208 1 859
526961 4 494
527186 4 467
