619 1 379
4338 11 16989
4421 1 5382
6932 7 312
7127 2 165
8436 2 991
11393 1 497
11927 9 582
11928 12 425
11929 9 244
11947 6 214
11949 14 467
11950 16 479
12709 6 20008
12965 2 776
12985 8 7361
14768 1 345
17638 3 550
17639 2 312
17677 8 404
20814 12 13056
20817 3 655
20819 3 653
20820 2 436
20822 2 437
20824 3 667
21614 4 32241
21653 4 445
23494 15 5641
26138 13 495
26499 14 558
26500 13 440
27090 7 408
27100 7 490
27140 2 578
27141 6 347
27183 2 527
27184 7 375
27418 1 296
28804 5 224
32180 2 543
32209 2 540
32220 2 564
32232 2 522
32555 20 533
32556 10 484
32600 3 210
32602 14 529
32630 13 243
32647 5 239
32670 7 365
32671 9 341
32703 2 748
32720 3 366
32731 7 364
32732 10 465
32753 3 365
32865 2 135
33832 1 164
34732 12 9225
35260 1 393
36540 3 306
36556 12 13014
36559 6 1333
36802 2 29903
41858 2 674
42963 1 209
43905 2 196
45346 2 401
45412 1 340
45473 2 368
45474 9 424
45475 4 405
45476 2 525
45479 1 347
45480 1 196
45482 2 189
47943 1 443
49236 1 300
51801 1 432
52214 4 64459
52242 1 605
52244 1 449
52245 1 757
52246 1 481
52624 1 405
53397 11 660
53447 3 588
53476 2 488
53632 1 311
54221 1 740
54222 1 124
54292 1 171
54293 1 168
54325 1 462
54326 2 238
54444 1 2249
54445 1 428
55371 3 52248
55684 2 1027
56293 1 85
56692 3 1065
56771 2 665
57391 1 70
57947 2 147
58227 2 215
58289 1 161
58402 1 330
59019 2 997
59524 2 94
59547 7 743
59736 2 445
60177 4 134
60497 3 687
61183 2 60
61257 1 262
62266 1 44
62567 4 60
62760 2 583
63292 1 112
64644 3 145
65093 3 188
66855 6 173
67090 4 775
67117 1 630
69492 1 38
69624 1 49
70024 2 579
70909 1 63
72399 2 37
72665 4 333
72864 1 82
73324 2 225
73620 5 174
73774 2 65
74305 1 216
74410 10 1836
74928 14 781
74962 6 135
75066 8 258
75880 2 63
76922 1 69
78761 4 142
79063 2 535
79412 3 193
79730 1 71
80125 1 85
80382 5 990
81374 13 666
81521 1 70
83497 1 85
84171 2 84
84429 1 45
84591 1 320
84659 1 74
85302 12 616
85400 4 329
85607 1 539
85625 1 58
86224 1 228
86551 2 112
86983 6 512
88066 1 107
89009 6 999
89824 1 413
90002 1 67
91828 8 483
92080 2 177
92989 6 522
93678 1 70
94098 1 60
94447 1 386
94537 13 693
94560 1 275
94851 3 129
95004 4 908
96000 1 243
96110 6 162
96136 1 182
96250 1 41
96258 1 78
96328 1 59
97449 1 66
98076 7 273
98445 3 892
98574 1 237
100365 5 628
100521 2 90
100681 4 813
100716 5 395
100772 1 67
101854 10 418
101858 2 383
102255 3 380
102803 4 72
103042 1 222
103149 1 258
104410 2 87
105898 3 164
106297 1 36
106376 3 152
107394 1 64
107646 1 157
108009 1 66
108887 4 114
109000 1 65
109302 3 400
109697 9 460
109700 2 254
110995 14 881
112271 4 623
112273 5 765
112941 2 78
112995 12 776
114043 1 530
114744 2 98
115362 7 574
115364 2 404
116032 1 541
116309 13 510
116624 4 209
116778 14 550
116845 2 89
117251 1 82
117401 2 96
118027 4 515
118142 1 71
118436 4 341
118806 2 129
121328 3 461
121519 1 174
122053 1 100
122627 1 100
122723 3 641
123865 2 393
123911 1 104
123916 1 181
124783 8 426
125251 2 84
125817 1 97
126111 2 821
126428 1 89
126597 2 1191
127256 1 53
128887 3 134
130868 6 257
131563 5 288
132510 2 181
132568 1 89
133689 8 390
135943 3 196
136142 1 83
136177 5 209
136339 6 664
137047 7 202
137132 3 104
137605 2 106
139035 2 70
140148 6 416
140417 7 487
140424 4 662
140602 7 210
141063 2 241
141078 2 102
141351 6 293
142734 1 616
144013 17 615
144581 4 706
146221 4 132
146710 2 347
147428 11 719
147591 1 98
148850 12 786
149621 3 140
150709 3 556
150972 5 443
151134 4 130
151216 1 48
151621 2 152
152716 2 175
152927 2 186
152933 2 197
154227 4 88
155163 9 743
155284 2 63
155943 1 436
155945 4 589
155948 2 676
156236 2 852
156237 3 806
156481 1 136
156922 3 220
157346 6 1129
157347 3 683
158210 1 70
159788 1 481
160075 3 270
160103 5 172
161073 5 154
161879 2 87
162068 2 97
162230 4 325
162883 4 141
163203 1 108
163322 4 467
163580 2 596
164765 11 833
165761 2 58
165950 8 323
167138 4 215
167139 9 538
167901 1 79
168803 1 112
171660 6 746
172157 1 84
173331 2 40
173637 1 33
173773 5 497
174025 1 112
174058 11 831
175016 1 83
176238 4 620
177000 3 63
177004 2 74
177468 1 109
177852 2 47
178114 7 610
179775 14 660
180454 3 75
180656 2 623
181174 6 561
181493 10 757
182442 2 45
182475 1 308
182635 1 261
182685 1 186
182992 7 572
183000 1 509
183074 1 86
183217 4 180
184463 2 84
185072 1 74
186654 3 125
186845 1 497
187870 2 247
188126 4 95
189195 29 647
189389 2 665
190067 8 535
190120 2 110
190812 3 84
191148 2 116
191687 1 84
192015 4 160
192419 1 557
192422 19 725
192532 3 324
192703 3 181
193458 3 118
193827 17 664
194109 3 175
194158 1 625
194229 5 209
194854 7 164
195301 9 535
195701 2 299
198738 6 1009
198836 1 89
199092 2 387
202541 6 579
202696 5 553
202805 1 76
203206 1 225
203207 6 202
203273 2 563
203328 1 74
203427 3 229
205064 1 102
206368 2 215
206371 13 636
206383 6 904
207688 6 464
208477 1 39
209178 1 446
209551 2 627
210071 5 735
210074 2 616
210772 1 383
211334 1 482
211507 1 92
211856 2 155
212650 7 502
212898 5 411
213194 10 587
214493 8 348
214499 3 82
214549 8 415
214960 2 628
215556 4 299
215777 2 95
215849 1 91
216278 2 390
217627 1 296
217723 6 351
218996 2 58
219054 1 299
219151 7 613
219368 6 192
219399 4 184
220843 5 559
220846 2 343
221651 4 216
222142 1 86
222566 3 64
222838 2 112
222855 5 515
223516 8 668
223810 3 386
223929 1 72
223991 10 481
224063 1 82
224776 2 102
225298 11 688
225415 1 75
225699 7 197
226558 2 909
227743 3 157
227747 1 51
227753 1 93
228090 12 699
228091 3 471
228145 2 132
228601 1 93
228836 1 80
228981 2 59
228989 1 72
229034 9 536
229600 2 225
230068 5 583
230144 6 223
230727 2 50
230911 4 558
231405 4 205
233123 1 97
233493 10 362
233494 9 552
233570 1 71
233885 1 83
233895 1 317
234274 3 176
234280 3 195
235054 4 821
235498 2 65
235890 2 94
236758 11 516
236821 5 238
237734 11 863
238141 1 83
238541 4 192
239209 1 62
239871 1 69
240228 5 742
240546 1 66
240804 5 242
241142 1 83
241573 12 308
241668 1 74
241965 1 65
243639 9 613
244160 1 65
244860 2 105
245258 1 62
245266 6 605
245465 1 142
245783 1 35
246504 6 350
247546 3 102
248040 3 90
248681 6 626
249347 7 230
249497 5 601
249504 15 682
250049 3 395
252879 12 678
253038 2 757
253041 6 1221
254209 1 87
254281 8 217
254574 1 62
254738 4 558
254748 4 364
255695 1 494
255696 1 700
256059 3 73
256203 11 537
257364 2 40
257508 1 93
258341 4 104
258468 6 165
259197 1 76
259411 2 68
259413 2 70
259589 1 221
259866 2 96
259929 2 53
260274 5 185
260415 2 86
261887 2 42
262080 4 173
262298 1 122
262300 2 197
262568 3 367
262827 3 485
263051 4 338
263322 3 155
263620 5 227
264303 13 670
265185 4 225
265816 4 25803
265845 1 17259
265854 6 21100
267576 1 974
268954 1 474
272067 2 340
272071 1 204
272760 8 227
275846 1 237
275994 1 83
277205 4 1154
284176 22 705
284737 3 325
286189 1 502
286258 2 3203
286324 1 1725
289575 22 720
290256 4 30074
290465 1 15747
292349 2 246
292632 8 509
292721 2 146
292895 1 1777
293387 1 990
293612 1 169
295662 2 371
301865 9 18367
305057 2 282
305058 1 179
305197 1 100
305952 1 976
306490 9 405
306516 2 324
306665 1 969
308186 2 36306
308187 2 51551
308241 6 228
308903 5 5575
308907 5 13313
308919 8 13545
308947 2 16976
308953 2 14138
308957 5 5575
308961 5 13313
308973 8 13545
309001 2 16976
309007 2 14138
312158 2 213
312926 1 440
314456 6 120
316692 1 96
327122 1 16929
327123 1 16927
327363 1 791
327384 2 19585
327394 8 22044
329040 1 141
329507 1 1157
329688 3 4330
329824 1 1157
329838 1 152
333061 2 179
334543 3 142
336990 1 197
338094 1 125
338420 2 1092
347696 3 3468
347837 1 63219
347838 14 6657
347869 1 47445
349794 2 1647
349870 1 721
350449 9 14072
350479 3 11696
352145 11 1724
352450 2 5502
352827 1 595
352977 1 900
356947 4 170
357171 2 152
361718 1 168
364336 1 492
366565 1 98
368922 1 470
370611 2 543
371861 1 738
371899 3 2226
372406 6 14595
372410 3 377
374014 8 80805
377407 1 1087
378425 1 503
379251 20 658
382255 2 621
383818 2 255
385048 1 131
393030 2 368
393550 6 30891
393553 1 2021
393747 3 58177
396258 2 38258
397130 1 369
397187 1 53
397504 2 172
397734 12 280
397797 1 736
397862 13 1616
398399 1 45
398528 6 518
399154 1 216
399230 1 132
399275 3 309
399331 1 772
400339 7 272
400844 3 1031
401403 2 60
401845 2 355
402314 1 58
402441 2 186
404850 5 147
405083 14 920
405242 1 38
405252 2 587
405253 8 601
405473 3 294
405656 14 889
405865 8 780
406104 3 91
406995 1 35
407722 6 539
408237 1 66
408263 12 788
409148 2 397
409191 7 315
409269 1 766
409687 1 156
409766 2 359
409867 4 92
410106 3 567
410392 2 363
410466 8 665
412668 12 605
412675 3 274
413249 7 181
414265 8 652
415062 8 567
416329 1 534
416489 1 336
416781 5 348
416811 9 523
417634 8 1162
417851 4 270
417868 1 66
417877 13 484
418274 1 76
418572 9 963
419532 5 149
419663 1 907
419711 1 66
419775 2 54
420470 1 72
420481 4 494
420482 5 370
420860 7 752
421378 2 285
421678 2 275
421854 3 804
422310 1 218
422812 2 341
422871 10 630
422902 5 438
423448 3 71
423481 1 685
423640 8 256
424483 2 350
424621 3 308
425413 2 483
425612 2 358
426331 5 454
427078 7 824
427924 2 348
427968 6 620
428103 2 468
428349 2 125
428680 1 587
429147 4 316
429983 1 544
430204 4 78
430394 2 170
430491 3 1020
430608 3 397
430632 2 197
431051 2 67
431689 9 687
432043 2 934
432554 9 737
432608 14 294
433002 7 573
433356 9 1251
433592 2 703
433812 1 57
433965 16 611
434731 2 202
434781 1 352
435599 9 714
435629 3 641
436609 7 632
436818 1 420
437058 1 942
437857 1 82
437954 2 143
438124 1 521
438186 1 114
438219 1 54
438708 9 450
438897 1 2006
439076 3 868
439579 1 763
439951 6 444
440794 5 734
440801 5 245
440845 6 933
440870 2 210
440965 3 472
441596 15 1094
442470 1 50
443426 3 290
443488 6 837
445146 4 353
445673 4 414
446194 2 941
446361 4 266
448606 3 567
451038 8 651
451202 5 448
451538 6 549
451647 1 563
452023 1 36
452607 2 184
453076 9 1010
453600 11 663
453788 4 672
453793 10 369
454049 2 225
454408 4 960
454552 6 200
454856 2 285
454959 2 433
455458 2 77
456147 2 365
456613 4 316
456832 1 129
458734 13 713
459701 1 1320
459983 12 840
460236 1 103
462142 18 456
463801 1 694
464014 5 488
464050 5 710
464144 3 384
464675 1 621
465069 12 976
465935 16 706
466951 5 427
467501 1 448
467795 1 44
468060 5 578
468065 2 228
468072 2 52
468319 1 474
468427 11 654
468852 2 739
469463 2 197
470711 18 484
470828 6 710
472863 1 778
472919 1 55
473114 3 197
473115 3 207
474169 5 279
476024 2 287
476642 14 528
476817 5 402
478031 1 63
478136 3 616
478348 3 331
478446 1 509
479325 1 1227
479421 1 61
479847 6 615
480258 2 288
480465 3 331
480579 5 209
480757 19 862
480899 2 564
481625 1 122
481975 1 82
482175 5 612
482942 3 718
483037 6 310
483768 13 277
484044 1 940
484354 1 504
484483 3 480
484574 3 85
484602 2 378
485144 5 444
486014 5 855
486140 1 1108
486437 1 696
486746 5 119
487136 8 673
487314 2 79
487614 7 274
487942 7 526
488117 6 209
488427 8 557
488529 2 644
488729 1 56
489069 6 206
489522 2 343
489796 1 79
489825 1 742
490675 1 925
490710 16 534
490930 1 41
491422 5 1133
491794 3 745
491872 1 196
492135 5 489
492192 1 47
492451 6 348
492461 2 547
492811 1 594
493919 9 410
494696 6 291
495605 6 381
497232 1 54
498223 1 883
499137 2 53
500829 3 278
500893 4 99
501645 1 63
502046 2 623
502143 1 879
502788 6 868
503843 3 348
504262 1 60
504560 1 372
504694 1 1765
507193 3 80
507942 1 154
508176 3 241
508992 1 794
509204 1 77
509316 3 564
510116 20 1198
510653 5 1127
511390 8 798
511798 2 133
511981 1 422
512607 4 463
512712 1 63
513447 8 742
513745 2 345
513958 4 460
513972 6 788
514053 4 2001
514241 2 547
514336 2 446
514337 10 793
515283 2 1583
515340 3 2052
515547 2 206
515548 11 943
515568 2 72
516125 3 254
517145 1 105
518564 9 765
518770 1 119
518806 3 111
518857 2 616
518858 2 298
520123 9 559
523424 8 558
523690 2 445
523929 12 755
524046 3 346
524251 9 458
524446 6 477
524487 1 37
524557 14 735
525011 1 717
528014 3 1113
59547 1 743
74433 1 1394
105973 1 259
126121 1 450
127309 1 340
127320 1 143
134523 1 290
143805 1 304
144548 1 461
144607 1 522
148588 1 168
158859 1 725
160800 2 811
170415 1 276
170430 1 281
170477 1 561
170483 1 325
171077 1 331
190183 1 841
205475 2 235
210074 1 616
210076 2 429
210077 2 473
210772 1 383
215369 2 274
222438 2 180
247842 1 503
254320 2 735
255997 1 515
272691 1 497
286189 1 502
349852 1 1361
352943 3 278
355400 1 439
377573 1 404
378195 1 343
378351 1 438
400554 1 400
401004 1 2189
409894 1 535
410330 2 66
410466 6 665
411753 1 396
415400 1 70
416781 8 348
416811 8 523
419121 2 631
423494 4 204
424825 2 101
425093 1 91
437106 1 498
438124 4 521
446191 1 899
449603 1 105
451625 1 1562
451647 1 563
451705 2 95
454856 3 285
454957 2 86
454959 3 433
457954 1 439
459758 1 637
460529 1 577
460596 1 1297
460837 1 373
464247 3 783
468878 1 182
470813 1 551
476024 4 287
478789 2 970
480033 2 191
483345 1 474
483685 2 973
485662 1 472
486140 1 1108
488529 1 644
504742 1 217
509536 1 538
512420 1 558
513024 1 473
515283 21 1583
515340 25 2052
515898 5 481
516125 5 254
518806 2 111
518810 2 254
520480 1 502
522058 1 214
523158 1 166
523424 9 558
524184 1 44
525011 1 717
528014 2 1113
