455 11 18030
2641 7 17392
3699 2 463
3702 6 532
3706 2 457
4137 3 16130
4356 11 443
4519 2 404
6367 10 17463
6439 6 6333
6578 5 441
7466 4 360
7469 3 425
7702 5 306
7936 4 617
8148 15 17754
9651 1 387
9652 4 366
11687 3 340
12163 5 265
12963 6 420
12964 2 427
12965 13 776
12966 9 691
12967 2 621
12969 2 647
12970 5 532
12971 1 549
13912 13 17501
14535 1 326
15018 8 391
15019 1 302
15681 8 464
17914 1 275
20406 6 350
21598 1 404
21745 5 490
22309 3 285
22409 5 591
23795 2 397
25283 3 442
25292 4 234
26775 1 95
26786 4 481
26787 2 394
27807 3 275
28317 1 367
28795 7 239
28965 1 586
28972 2 2567
28975 3 1782
29607 1 380
29610 1 291
29614 2 213
30780 4 364
31487 5 516
31629 2 21435
31925 6 504
32303 3 605
32306 1 447
32881 2 684
32883 12 2700
32887 5 408
32888 4 724
32889 2 179
33177 1 292
33765 2 167
34732 2 9225
34751 3 581
34752 6 783
34753 19 455
34754 3 762
34757 9 779
34759 6 715
34760 9 554
34765 11 861
34766 15 741
34767 19 994
34771 21 781
34772 12 337
34775 10 509
34776 22 741
34780 6 676
35703 1 393
35708 5 218
36428 2 222
36498 4 20156
37274 6 366
38378 1 288
38542 2 515
38543 8 658
38570 13 408
38585 5 813
38586 2 529
38589 1 73
38592 10 302
38593 7 157
38594 15 535
38595 1 695
38612 4 467
38615 1 161
38616 4 198
38621 1 89
40874 5 185
42004 9 961
42005 6 945
42243 2 249
43215 6 272
43640 3 18238
43641 2 308
44115 1 698
45872 10 15512
45970 1 676
45971 2 588
45972 1 371
46602 4 255
46660 3 425
47011 4 425
47248 1 251
47249 6 536
47250 2 332
47251 1 292
47252 2 374
47415 6 565
47416 2 523
47576 3 508
48853 6 378
50856 3 452
50949 14 553
50967 11 427
52000 1 363
52010 10 516
52026 7 569
52042 1 663
52052 1 557
52214 66 64459
52678 21 15365
54409 1 382
54527 10 19068
54565 3 314
54579 3 318
54580 3 453
54581 1 495
54583 5 470
55711 2 36
57425 3 197
59716 7 446
60430 2 67
60834 1 256
66358 2 67
67613 2 385
68984 1 30
79775 4 194
79900 5 116
81223 5 659
83354 3 37
91996 1 245
93502 1 153
93998 1 115
97562 6 330
99173 1 82
99215 2 100
100422 2 188
102044 3 72
105022 1 282
105901 3 207
106081 4 211
107413 5 195
107634 2 216
108227 1 247
108595 3 228
115311 3 91
117578 1 41
119253 1 180
119878 1 732
120151 2 527
120249 1 204
121190 2 36
123421 1 62
123427 1 95
124756 3 43
124763 3 51
124857 1 25
127904 2 197
128912 3 258
139441 1 175
139577 2 180
140626 6 248
144248 1 236
144824 1 75
144858 6 327
144867 1 257
146204 3 368
149738 3 246
150264 2 268
154704 2 227
156852 2 73
163193 2 242
167791 4 195
169082 3 86
170659 3 151
176832 2 44
177311 4 202
177329 6 270
180791 1 43
180887 1 387
181121 1 215
182414 4 500
183155 5 141
186813 1 263
187953 2 60
187993 2 310
188857 3 224
189334 1 192
191303 4 146
191912 4 723
196253 5 895
196281 3 617
196638 2 318
197686 2 81
197747 1 111
197756 1 140
198041 5 67
200319 2 305
200946 2 401
204916 3 124
218070 5 306
218078 2 194
221949 1 222
228464 5 265
228474 1 197
233413 2 229
234739 5 1168
235985 7 260
237254 5 392
237354 1 54
237427 2 274
237483 3 493
238187 2 391
239691 9 680
241076 1 575
241767 2 196
242520 1 343
242753 1 101
244043 1 393
252625 5 485
252637 1 554
252762 7 209
253792 6 240
253793 4 440
253794 3 271
255035 1 534
261423 3 153
267198 1 3674
267351 3 210
270905 3 792
270906 2 273
272620 4 148
272980 1 112
277183 1 186
280239 1 3674
281419 7 190
281421 3 382
281432 2 142
281480 19 572
282022 3 177
282023 3 123
282987 2 89
283037 11 560
283214 2 132
284410 2 251
285119 3 156
285322 1 615
285609 3 129
286777 12 734
286860 9 395
287032 3 1989
287035 1 1525
287038 4 618
287040 17 554
287051 5 3048
287052 1 2922
287374 4 331
287894 3 175
287906 4 5750
287918 5 322
287936 3 237
287939 5 245
287944 2 172
287961 12 492
287979 3 183
287980 15 547
288003 3 350
288005 2 113
288006 23 968
288022 12 732
288025 3 210
288087 3 797
288095 8 297
288105 2 556
288113 5 363
288120 5 202
288122 3 109
288152 2 256
288190 7 181
288200 3 186
288201 4 327
288203 7 213
288207 3 1121
288212 4 265
288213 4 201
288235 3 158
288519 5 254
288540 8 298
288541 11 324
288566 3 122
288567 3 351
288570 8 357
288572 2 81
288599 1 278
288604 2 155
288605 4 330
288608 1 466
288618 9 1871
288663 19 577
289401 15 624
289672 13 851
289812 9 526
290256 1 30074
292921 5 245
293621 2 170
294375 3 170
294463 1 95
295631 1 162
302564 5 141
303114 5 252
303801 5 201
305468 3 233
305731 2 169
306058 8 237
306237 7 26903
306261 1 385
306267 3 179
306270 2 448
306276 11 970
306277 2 641
307235 7 242
307239 4 170
307240 3 132
307246 10 1514
307250 15 778
307251 3 150
307253 4 184
307256 5 165
307352 2 282
307395 30 1185
307403 3 146
307414 6 247
307431 4 1040
307445 3 389
307449 13 453
307451 10 222
307453 77 49380
307678 2 185
307681 9 381
307727 7 287
307729 3 605
307744 11 321
307894 2 172
308186 1 36306
308715 18 435
308772 8 2076
308773 4 1955
308774 13 2539
308775 6 1185
308788 4 220
308810 8 2076
308811 4 1955
308812 13 2539
308813 6 1185
308826 4 220
308859 1 5677
314089 3 188
314257 2 159
320829 4 137
321739 8 240
322381 5 161
322772 2 217
323981 2 667
325400 2 431
325422 13 458
325434 4 1036
325437 5 455
325474 4 1505
325537 4 4579
325543 6 2471
325573 1 419
325587 22 2931
326033 7 351
326072 3 367
326086 11 283
326087 7 194
326089 3 217
326090 2 184
326091 4 159
326098 3 326
326105 2 669
326113 14 768
326123 16 14885
326129 21 67196
326149 7 373
326150 1 124
326151 7 387
326152 3 602
326168 11 318
326173 4 408
326176 5 367
326180 5 283
326477 2 92
326515 3 301
326520 1 105
326526 2 146
326990 13 1360
326991 6 959
327122 6 16929
327123 6 16927
327283 7 225
327344 1 220
327346 3 194
327347 6 232
327348 6 163
327384 3 19585
332101 4 191
332648 12 255
337119 15 1420
337691 9 1563
341824 8 145
342006 8 150
342030 2 252
342271 6 381
342420 1 101
342450 20 566
342778 7 344
342842 2 159
342848 7 165
343028 1 119
343216 11 280
343848 1 335
343849 6 168
344029 2 135
344030 3 140
344162 4 244
344361 2 98
344530 4 118
344667 5 250
344668 5 104
344881 8 182
344946 6 155
345647 1 69
347392 3 151
347611 6 183
347837 4 63219
348031 10 1254
348715 5 150
348741 1 325
348745 2 87
348751 3 173
348753 6 252
348758 1 950
348764 1 701
348770 3 303
348793 4 193
348817 7 212
348818 8 143
348823 5 107
348825 13 655
348826 7 167
348827 4 163
348828 1 103
348829 2 255
348831 6 384
348832 3 161
348834 7 341
348837 1 125
348861 3 542
348867 3 612
348878 1 247
348884 2 229
348901 5 151
348916 6 101
348917 5 423
348918 1 117
348930 1 1448
348941 2 88
349020 8 177
349804 24 953
349956 11 284
349994 3 8773
350075 11 912
350134 8 1379
350231 4 192
350308 4 160
350312 11 1746
350445 5 555
353558 1 274
354691 8 158
354751 2 162
354916 1 164
357952 8 469
358441 15 914
358955 1 153
359987 1 165
365876 5 99
366025 3 211
366230 1 200
366946 4 389
366989 5 139
367488 6 782
367558 2 140
367848 4 115
368142 4 140
368200 2 132
368384 2 175
368699 1 159
368710 2 125
368783 4 286
368810 6 134
369078 3 144
369134 2 100
369150 4 77
369239 4 178
369267 10 323
369375 5 172
369376 3 53
370079 2 202
370913 3 244
372092 5 484
372271 32 3535
372278 11 28092
372485 12 1458
372993 3 149
373001 5 236
373003 3 114
373005 3 133
373014 5 3572
373033 4 701
373038 1 174
373040 1 292
373050 3 208
373051 3 208
373059 75 1969
373060 3 105
373093 14 370
373125 2 170
373138 5 78
373287 5 200
373393 1 89
373401 4 386
373904 1 962
374014 19 80805
374794 5 189
374805 4 564
374928 28 2941
378225 2 176
378226 2 191
379398 1 373
380806 5 199
383419 3 145
388211 3 134
388820 6 159
390479 3 108
390503 4 111
390535 3 115
390790 3 127
390791 5 239
391130 1 172
391291 1 95
391354 1 88
391697 2 145
391797 1 230
391968 5 262
392137 12 220
392572 3 646
393747 58 58177
393775 8 382
393845 11 2852
393846 10 1228
393847 3 2167
394725 2 244
394734 4 441
394735 4 242
394736 3 264
394739 5 304
394740 5 647
394742 3 138
394743 6 173
394746 4 565
394762 3 304
394800 2 136
394802 5 113
394806 4 242
394807 6 153
394808 8 184
394809 8 1375
394810 3 103
394811 5 493
394816 4 119
394819 2 97
394828 6 189
394834 3 153
394865 5 98
394866 3 133
394871 7 341
394878 6 159
394884 5 267
394887 12 238
394888 3 652
394889 2 149
394897 1 218
394898 88 26758
394939 4 760
394941 12 493
395106 12 1562
395121 4 135
395123 5 99
395242 30 23266
395300 4 120
395331 7 649
395336 5 112
395591 4 1288
395728 5 852
395990 2 303
396119 4 1555
396122 1 456
399896 3 461
400254 2 375
411273 2 103
413613 3 75
418994 4 520
419228 16 1136
423797 14 1718
425307 8 335
425396 8 319
429892 3 625
431826 5 226
436665 2 100
438827 1 110
440909 5 143
441689 1 475
443992 17 752
445681 10 540
445691 2 99
449086 5 328
451177 2 46
453325 6 467
456552 8 302
457105 1 1808
457509 1 96
459240 7 1051
460390 1 74
460934 3 408
463693 3 169
463822 11 781
465262 5 412
469039 4 639
471905 16 859
472366 5 372
472514 2 439
472851 8 574
474099 3 85
474166 9 438
475451 1 82
482454 1 424
483151 8 763
483715 3 63
484056 15 1636
494440 5 1373
495860 2 370
497702 3 167
500217 2 73
500496 3 173
500527 9 1057
503033 3 123
503155 1 91
507893 14 449
512497 12 1672
512915 3 120
515763 8 613
516149 7 318
516174 4 420
520905 3 447
523426 9 413
524907 1 132
527906 1 84
2641 1 17392
3699 20 463
3702 46 532
3703 18 395
3704 39 509
3706 14 457
4137 5 16130
4338 2 16989
4519 1 404
5114 5 245
6367 2 17463
6439 10 6333
6578 27 441
7466 2 360
7469 1 425
9652 23 366
9815 3 361
11687 4 340
12163 1 265
12709 14 20008
12963 20 420
12964 23 427
12965 62 776
12966 58 691
12967 17 621
12969 23 647
12970 37 532
12971 17 549
13400 12 1515
13912 4 17501
14535 2 326
15018 10 391
15019 3 302
15681 45 464
17914 9 275
20168 11 286
20406 18 350
21598 1 404
21614 5 32241
21745 10 490
22310 1 498
22409 3 591
23795 4 397
25283 1 442
25292 5 234
26775 4 95
26786 8 481
26787 2 394
27807 3 275
28317 1 367
28795 7 239
28965 5 586
28972 11 2567
28975 13 1782
29527 3 191
29607 1 380
29610 1 291
29614 4 213
31234 15 587
31487 7 516
31629 2 21435
31925 7 504
32303 6 605
32306 11 447
32881 4 684
32883 72 2700
32887 16 408
32888 18 724
32889 15 179
33177 8 292
33765 4 167
34732 59 9225
34751 2 581
34752 4 783
34754 1 762
34757 3 779
34759 1 715
34760 21 554
34765 18 861
34766 5 741
34767 4 994
34771 8 781
34772 5 337
34775 3 509
34776 4 741
34780 1 676
35703 6 393
35708 5 218
36259 10 260
36428 8 222
36802 78 29903
37274 1 366
38378 5 288
38542 24 515
38543 43 658
38544 26 591
38555 5 130
38570 27 408
38585 54 813
38586 28 529
38589 4 73
38592 34 302
38593 11 157
38594 40 535
38595 46 695
38612 32 467
38615 6 161
38616 14 198
38621 5 89
40874 5 185
42004 18 961
42005 4 945
42243 4 249
43215 13 272
43640 4 18238
43641 12 308
44115 1 698
45970 1 676
45971 5 588
45972 10 371
46602 4 255
46660 3 425
47011 10 425
47248 4 251
47249 30 536
47250 17 332
47251 12 292
47252 20 374
47415 34 565
47416 8 523
47576 7 508
48853 12 378
50682 18 32839
50683 40 9266
50856 8 452
52000 26 363
52010 20 516
52026 48 569
52042 33 663
52052 17 557
52053 29 395
52058 36 295
52214 960 64459
52678 6 15365
53469 1 492
54409 16 382
54565 5 314
54579 5 318
54580 3 453
54581 11 495
54583 3 470
55371 14 52248
57425 2 197
59716 22 446
64803 2 42
67613 4 385
68984 2 30
79775 4 194
79900 2 116
81223 3 659
83719 5 545
87897 3 69
90042 2 73
91996 3 245
93502 3 153
93998 4 115
97562 3 330
100422 2 188
102044 3 72
105022 19 282
105901 5 207
106081 3 211
107413 4 195
107575 15 965
107634 9 216
108595 7 228
113618 3 634
113715 3 65
115311 3 91
116515 1 131
117578 1 41
118879 3 71
119253 11 180
119878 3 732
120151 16 527
120249 2 204
127670 2 356
127904 13 197
128912 12 258
139441 3 175
139577 1 180
140626 2 248
142306 5 190
142532 6 160
144248 4 236
144824 1 75
144858 8 327
144867 2 257
146204 6 368
147788 9 290
148607 3 205
149738 11 246
150264 4 268
154704 6 227
156852 3 73
160444 29 481
167791 8 195
169082 1 86
170659 3 151
176832 1 44
177311 3 202
177329 4 270
180376 2 42
180887 11 387
181121 1 215
182411 3 419
182414 20 500
183155 8 141
186555 12 729
186813 2 263
187532 3 272
187993 13 310
188857 8 224
189334 10 192
189501 2 119
190124 1 301
190650 9 194
191303 2 146
191912 6 723
196253 4 895
196281 9 617
196638 8 318
197686 2 81
197747 4 111
197756 7 140
198041 2 67
199894 4 285
200319 11 305
200946 9 401
204916 8 124
207148 11 396
210265 2 45
218070 20 306
218078 3 194
221949 3 222
228464 11 265
228474 6 197
233413 12 229
234739 26 1168
235985 1 260
236522 5 83
237254 16 392
237354 2 54
237427 5 274
237482 7 140
237483 8 493
238187 11 391
239042 3 73
239691 4 680
241076 3 575
241471 6 67
241725 4 459
241767 2 196
242520 14 343
242753 2 101
244043 1 393
246987 1 207
247138 7 228
247139 6 269
252328 4 126
252625 17 485
252637 6 554
252762 12 209
253792 8 240
253793 4 440
253794 11 271
253882 7 134
254095 2 70
255035 2 534
258420 2 57
261423 7 153
267198 4 3674
267351 11 210
270504 8 116
270905 25 792
270906 9 273
272620 2 148
272980 1 112
277311 1 213
280239 4 3674
281419 5 190
281421 2 382
281432 2 142
282022 7 177
282023 4 123
282987 2 89
283037 10 560
283214 5 132
284410 2 251
284911 16 363
285119 6 156
285322 6 615
285609 2 129
286735 2 2545
286777 21 734
286860 11 395
287032 3 1989
287035 1 1525
287038 2 618
287040 12 554
287051 1 3048
287052 2 2922
287374 13 331
287894 5 175
287906 17 5750
287918 1 322
287936 6 237
287939 14 245
287944 3 172
287961 21 492
287979 5 183
287980 12 547
288003 10 350
288005 3 113
288006 23 968
288022 21 732
288025 9 210
288036 36 823
288087 25 797
288088 8 121
288095 2 297
288105 1 556
288113 8 363
288120 9 202
288122 4 109
288152 2 256
288190 8 181
288200 7 186
288201 13 327
288203 7 213
288207 76 1121
288212 1 265
288213 10 201
288235 6 158
288238 16 367
288540 2 298
288541 11 324
288567 10 351
288599 1 278
288604 4 155
288605 13 330
288608 1 466
288618 11 1871
288636 1 218
288674 16 368
288687 3 159
289401 18 624
289672 3 851
289812 22 526
290256 2 30074
292921 14 245
293621 3 170
294375 5 170
294463 1 95
295631 4 162
302564 6 141
303734 6 25485
303801 9 201
305468 6 233
305731 2 169
306058 13 237
306237 49 26903
306261 3 385
306267 4 179
306270 6 448
306276 18 970
306277 8 641
307235 8 242
307239 3 170
307240 5 132
307246 9 1514
307250 14 778
307251 2 150
307253 8 184
307256 5 165
307295 11 526
307352 8 282
307395 17 1185
307414 8 247
307431 14 1040
307445 9 389
307449 3 453
307451 1 222
307453 185 49380
307678 2 185
307681 11 381
307727 2 287
307729 22 605
308715 4 435
308772 4 2076
308773 1 1955
308788 3 220
308810 4 2076
308811 1 1955
308826 3 220
308859 1 5677
314089 11 188
314257 4 159
321739 8 240
322381 5 161
322772 5 217
323981 13 667
325400 2 431
325422 3 458
325434 4 1036
325437 4 455
325474 22 1505
325537 4 4579
325543 1 2471
325573 1 419
325587 24 2931
326033 9 351
326072 5 367
326086 15 283
326087 10 194
326089 6 217
326090 2 184
326091 8 159
326098 1 326
326105 13 669
326112 12 209
326123 87 14885
326129 28 67196
326149 17 373
326150 3 124
326151 12 387
326152 22 602
326173 2 408
326176 8 367
326180 3 283
326477 2 92
326515 3 301
326520 3 105
326526 6 146
326990 5 1360
326991 8 959
327122 2 16929
327123 2 16927
327344 3 220
327346 4 194
327347 8 232
327348 7 163
327384 1 19585
331433 1 920
332101 8 191
332648 7 255
337691 2 1563
341824 3 145
342030 6 252
342271 6 381
342420 4 101
342450 13 566
342778 12 344
342842 2 159
342848 7 165
343028 5 119
343059 8 164
343216 10 280
343849 2 168
344029 6 135
344030 3 140
344162 4 244
344361 2 98
344530 7 118
344667 5 250
344668 2 104
344669 6 261
344881 8 182
344946 2 155
347611 11 183
347837 111 63219
348029 8 2308
348031 11 1254
348715 2 150
348741 18 325
348745 2 87
348749 2 173
348751 8 173
348753 12 252
348758 80 950
348762 1 823
348764 9 701
348768 1 823
348770 2 303
348793 8 193
348817 6 212
348818 3 143
348823 5 107
348825 13 655
348826 7 167
348827 7 163
348828 4 103
348829 6 255
348831 6 384
348832 7 161
348834 12 341
348837 5 125
348844 2 554
348861 9 542
348867 8 612
348878 8 247
348884 3 229
348901 2 151
348917 8 423
348918 1 117
348930 4 1448
348941 2 88
349804 26 953
349956 10 284
349994 14 8773
350040 1 1334
350075 21 912
350134 15 1379
350231 3 192
350308 4 160
350445 3 555
353558 2 274
354649 1 125
354691 9 158
354751 5 162
354916 6 164
357952 16 469
358955 9 153
359987 9 165
365876 5 99
366025 8 211
366230 6 200
366606 9 1574
366946 1 389
366989 6 139
367488 16 782
367558 4 140
367848 5 115
368142 3 140
368200 4 132
368699 7 159
368710 4 125
368783 5 286
369078 3 144
369134 4 100
369239 3 178
369267 12 323
369375 7 172
369376 3 53
370079 3 202
372092 6 484
372271 4 3535
372278 47 28092
372485 7 1458
372993 4 149
373001 10 236
373003 4 114
373005 4 133
373014 35 3572
373033 4 701
373038 8 174
373040 5 292
373050 8 208
373051 8 208
373059 62 1969
373060 5 105
373067 1 464
373093 14 370
373125 5 170
373138 4 78
373168 2 680
373287 6 200
373393 5 89
373401 9 386
374805 2 564
374928 2 2941
378225 9 176
378226 9 191
379398 1 373
380806 6 199
383419 4 145
388211 6 134
388820 5 159
390479 5 108
390503 4 111
390535 4 115
390564 7 176
390790 4 127
390791 10 239
391130 8 172
391291 3 95
391354 5 88
391697 6 145
391797 3 230
391968 9 262
392137 16 220
392572 17 646
393775 9 382
393845 29 2852
393846 8 1228
393847 6 2167
394240 4 258
394725 2 244
394733 8 167
394734 4 441
394735 7 242
394736 7 264
394739 10 304
394740 8 647
394742 3 138
394743 2 173
394746 2 565
394762 2 304
394800 6 136
394802 4 113
394806 3 242
394807 2 153
394808 8 184
394809 15 1375
394810 2 103
394811 7 493
394816 7 119
394819 2 97
394828 11 189
394865 5 98
394866 6 133
394871 5 341
394878 5 159
394884 9 267
394887 16 238
394888 17 652
394889 6 149
394897 6 218
394898 232 26758
394939 1 760
394941 11 493
395106 5 1562
395121 4 135
395122 3 410
395242 18 23266
395289 4 262
395300 7 120
395331 2 649
395336 4 112
395572 5 1983
395591 4 1288
395728 9 852
395990 3 303
396119 1 1555
396122 10 456
399896 4 461
400254 1 375
419228 25 1136
423797 32 1718
425307 4 335
425396 4 319
428632 13 1472
429892 9 625
431826 6 226
438827 3 110
441689 15 475
443992 4 752
445681 1 540
445691 5 99
453325 1 467
456552 3 302
457105 14 1808
457509 5 96
457802 3 99
459151 6 244
459240 12 1051
460390 1 74
460934 3 408
461670 36 1031
463693 10 169
465262 6 412
469039 14 639
471905 18 859
472366 9 372
472514 10 439
472851 2 574
474099 3 85
474166 17 438
475451 2 82
480951 4 96
482454 4 424
483151 1 763
484056 5 1636
489416 9 111
494440 2 1373
495860 11 370
497702 3 167
500217 1 73
500496 4 173
500527 3 1057
503033 4 123
503155 2 91
507893 1 449
512497 29 1672
512915 4 120
515763 10 613
516149 1 318
516174 19 420
518723 16 404
520905 8 447
521133 4 81
523426 12 413
524907 7 132
527906 2 84
