437 2 113
9111 2 443
12099 1 414
23733 1 203
29735 3 547
37221 2 763
43213 3 278
43214 1 314
43215 1 272
43632 3 300
43633 10 256
55751 1 33
56833 1 45
56943 5 294
57030 2 106
57031 3 391
57761 2 494
58233 3 104
59444 6 283
61385 1 670
64476 8 457
77715 1 228
80044 1 589
85395 1 533
87832 1 84
96314 1 127
113925 1 73
114031 1 578
114671 1 193
115047 1 264
115367 3 419
123245 1 43
131323 2 298
132395 1 50
133570 1 54
133657 1 46
134195 2 45
134669 2 54
139631 2 50
145647 1 666
148167 1 541
148912 1 272
148964 1 564
149786 1 180
180547 1 923
182993 3 586
184295 1 132
188556 3 123
189398 2 749
190721 1 578
191377 1 3635
191575 1 171
192002 1 784
193032 1 143
195384 1 429
196007 1 115
198751 5 665
200312 2 44
208454 1 703
209028 1 152
213113 1 310
216350 1 503
216382 1 203
216668 5 190
217203 1 260
217204 1 287
217566 1 110
219078 1 273
223801 1 580
225405 1 40
241876 1 737
264287 7 1026
264294 1 414
275884 2 197
275936 2 197
277166 3 239
286787 2 362
287922 3 372
288099 1 520
288153 2 198
288239 1 234
298323 1 1495
307246 1 1514
307358 1 306
307453 3 49380
308834 1 196
316861 1 186
326875 1 614
327192 6 304
332831 4 171
347837 5 63219
353659 6 180
360293 1 240
372996 1 241
373036 1 203
374089 1 776
374670 1 212
384807 3 219
385289 1 204
393550 1 30891
393747 1 58177
393808 2 665
394767 4 170
394774 5 282
394855 1 463
394898 1 26758
394924 3 223
396867 1 142
398568 1 253
401028 2 373
404220 1 667
404726 1 228
405655 1 610
406768 3 84
406826 2 168
407632 6 382
410864 1 245
411465 3 66
412403 2 100
413107 1 134
417820 2 331
418173 2 357
418398 8 525
420367 2 640
420749 1 355
423693 1 94
423784 5 491
423789 1 455
426183 2 638
426275 1 474
430014 19 1554
430168 2 438
431531 1 1275
433780 2 766
436997 1 122
440395 1 113
441441 1 675
443045 2 312
443180 1 529
447502 1 529
447908 1 87
448525 1 187
449499 5 230
451626 1 1245
451779 1 1487
454433 1 510
458854 1 509
460855 3 611
463962 2 88
466678 2 904
466865 1 106
469248 3 129
471191 1 701
471337 1 2172
476652 2 520
479665 1 454
482550 1 412
486010 3 354
486186 1 941
494224 3 101
494744 3 176
497116 2 73
500496 2 173
501468 10 275
509841 3 506
511585 1 434
511692 14 364
512458 2 572
513413 1 583
514247 1 834
517915 5 308
518378 1 367
521495 1 616
522570 1 158
522900 1 1330
525646 3 389
527913 1 432
31 1 12233
32 3 9957
33 1 19382
865 7 320
3171 1 326
4127 1 264
5300 2 389
5476 48 4013
10507 1 252
11737 1 3608
12709 1 20008
12883 9 207
12985 2 7361
14872 10 419
17991 2 276
17994 2 480
18013 2 523
18145 1 479
19475 2 216
19606 1 246
19641 9 217
21459 3 16007
21614 1 32241
27875 3 265
27952 1 508
29719 10 364
30446 1 12899
30694 3 801
30871 4 377
31846 2 5130
32834 8 459
32839 7 317
36391 3 10294
36487 1 168
36802 1 29903
38042 1 781
40013 9 183
40015 29 592
40018 7 193
40154 3 95
40359 2 4913
42915 1 290
43200 1 362
43201 3 568
44992 3 187
44993 1 277
45888 1 273
45917 2 6305
45965 1 399
48496 1 226
49250 4 174
49394 30 26545
50736 3 533
52214 1 64459
54835 1 431
55371 29 52248
57030 2 106
57031 1 391
57613 5 110
58233 2 104
61020 8 245
61076 1 68
61147 3 165
64301 7 269
64554 15 351
66004 4 83
66483 3 671
66487 8 176
66599 1 32
66816 1 31
67354 3 124
67890 1 186
68526 5 83
68770 7 187
69148 1 70
69197 3 44
70252 1 109
71023 7 490
73634 1 112
77189 1 330
82974 1 654
83756 2 130
84083 1 376
85247 3 61
86202 4 137
87467 2 164
87561 2 165
87608 1 32
87680 3 91
88331 7 623
89041 1 1171
90768 3 96
96138 1 73
96240 1 99
96314 1 127
98134 2 138
98437 1 420
99044 1 60
99762 2 158
101196 1 423
101490 1 100
103111 1 60
104857 1 45
105900 6 158
105963 7 206
108334 1 580
108370 2 722
108736 1 184
110637 11 258
112757 9 275
112796 1 62
115013 2 46
115367 2 419
119303 2 190
120577 2 82
122801 2 106
123032 3 127
123091 1 74
123323 5 148
123505 5 149
123637 2 27
125550 7 378
126877 3 238
128627 5 157
129511 9 410
129515 14 339
131225 10 276
131323 5 298
131713 9 282
132395 2 50
133029 1 341
133205 4 163
133444 15 430
133570 1 54
133657 1 46
134195 1 45
135070 1 588
138589 6 199
138738 1 134
140539 2 75
140582 12 334
140756 5 321
140814 1 76
145647 1 666
147371 5 111
147697 2 185
148450 4 358
149055 2 149
149731 5 192
149934 19 1196
152710 4 546
154519 1 69
155227 2 122
156565 11 440
158228 2 82
159251 3 117
160907 2 83
164092 2 382
165166 1 394
165201 3 95
166397 2 102
166724 3 131
169437 3 57
172054 4 118
172782 2 101
174857 3 114
176974 11 300
177512 2 89
178601 3 104
179125 2 364
179310 2 59
180035 3 43
181709 5 244
182824 1 55
182993 1 586
183218 1 74
184584 5 159
188197 4 253
188505 1 76
189398 2 749
192002 1 784
192488 1 98
192966 1 65
193329 2 60
193333 2 73
193663 3 471
193904 1 89
195256 1 123
195415 3 341
198751 1 665
199037 1 112
199773 1 64
202433 1 199
203276 1 69
203385 10 404
203696 1 50
204626 2 66
205646 3 57
206546 5 189
206853 2 100
208376 1 113
208684 3 108
209028 2 152
209269 2 103
210613 5 123
210916 10 365
211633 4 224
211835 16 490
214918 3 147
214987 3 140
215649 3 134
216124 2 75
216337 1 72
216500 4 95
219078 1 273
221618 3 473
222559 4 118
222796 7 149
223574 3 101
224869 3 147
227536 1 91
230560 2 438
230731 1 50
231136 2 89
232531 2 87
234973 1 71
235464 4 119
238839 1 97
239575 14 679
241339 1 568
241876 1 737
242222 1 86
243675 2 462
244766 1 139
244859 2 96
245278 1 612
245997 6 635
246568 3 62
247999 1 543
248757 1 103
248875 5 65
249211 1 50
250220 1 85
250758 1 82
250910 2 167
253088 2 171
253115 2 92
253646 10 350
253933 1 234
256818 2 35
258401 2 606
258631 5 109
259871 3 80
260896 3 56
264287 7 1026
265845 3 17259
265854 2 21100
267373 4 112
267423 1 363
267511 3 610
267541 1 1130
267653 2 345
267778 12 5216
268100 1 1216
268303 2 6782
268819 1 213
268951 5 1563
269152 1 1675
269278 2 3175
269395 4 244
269430 4 244
269486 4 212
269706 1 484
269712 1 195
269996 2 6852
270246 3 518
270740 1 247
273346 3 494
277178 6 421
277201 1 156
277888 1 70
283182 1 145
286198 4 2306
286417 15 782
286431 5 132
286721 2 1527
286787 1 362
287026 1 839
287031 4 1635
287052 3 2922
287053 1 2528
287239 11 898
288090 1 251
289349 1 786
289478 2 2380
289856 2 707
290440 4 15196
290465 1 15747
291928 1 256
292146 5 4541
292317 1 540
292746 7 3411
292830 2 979
298822 3 534
303734 2 25485
305874 5 5512
306175 8 10421
306338 1 4464
306339 25 3745
306650 1 138
307333 1 238
307453 1 49380
307714 1 1042
307740 1 432
307743 1 260
307899 3 1027
308186 1 36306
308606 3 1030
308907 2 13313
308961 2 13313
310339 3 793
310346 2 319
310417 1 794
310495 18 3147
310602 16 986
310990 3 2799
311608 6 1719
311617 1 187
311870 2 537
312149 1 700
312154 3 4518
313687 1 198
316234 1 1035
321907 4 201
322671 1 186
322678 1 370
324153 5 162
325110 3 3594
325341 1 432
325539 1 6072
325572 7 397
326123 5 14885
327273 1 174
327330 1 1125
327407 1 18061
328893 1 241
328928 2 3381
329208 7 9390
329225 4 7875
329227 2 3765
329231 4 7437
329395 1 1596
329402 5 1763
329403 1 1808
329407 4 7463
329493 3 7227
329610 1 581
329804 11 7586
329889 1 132
329942 1 173
330099 3 6898
331253 1 606
331259 5 1184
331432 4 8083
331796 2 114
332624 2 658
333720 1 121
333914 7 360
334075 8 306
337587 3 274
343303 3 279
347837 63 63219
347838 4 6657
347869 1 47445
349772 2 138
350144 1 2979
351781 1 435
352101 1 232
352316 3 1731
352497 8 206
352603 1 1289
352686 7 292
352959 9 228
353026 5 152
354082 1 639
354238 1 3820
354330 1 1453
354450 4 8639
356063 3 101
359119 1 97
362347 3 239
364210 2 140
366351 4 164
366352 1 142
367806 1 78
370187 3 67
371813 1 770
371823 1 2221
371884 3 743
372027 1 624
372278 11 28092
372279 10 5420
374033 2 522
374141 3 770
374520 3 769
374582 8 843
374886 1 460
374994 1 13993
376386 11 9418
376566 3 354
376610 4 7750
376903 1 254
377197 4 8628
377253 3 334
377321 2 692
377935 8 3616
378071 6 7768
378266 1 7092
378569 1 633
379605 6 285
380968 2 158
383608 3 480
385531 1 104
385676 4 373
389230 2 322
389569 2 101
390055 5 116
390135 2 164
393526 12 8178
393550 4 30891
393570 1 2455
393673 8 10585
393747 16 58177
394774 1 282
394898 4 26758
394953 1 171
395242 1 23266
395607 3 131
395872 9 1459
397927 3 60
397947 3 65
399113 3 451
399141 1 494
401027 4 567
401028 2 373
405655 2 610
407220 5 547
414211 1 71
416367 1 1299
416447 10 216
418398 2 525
422074 1 472
422663 1 75
423208 1 95
426183 1 638
428787 17 1664
430014 1 1554
432296 3 496
433780 2 766
433890 2 425
434811 1 781
435273 1 127
439539 2 79
443045 1 312
452606 7 90
454891 1 425
460855 1 611
462104 10 1397
463962 4 88
465479 6 618
466678 3 904
466881 13 1353
467868 2 311
468380 3 492
468516 1 174
470009 7 562
471337 4 2172
471522 2 745
475541 1 84
475786 7 564
476440 6 211
482482 1 562
486010 1 354
493461 1 144
494744 1 176
496089 1 587
496980 1 990
504023 1 68
506415 4 486
509841 2 506
511692 2 364
512458 1 572
512674 1 724
517915 1 308
521690 3 61
521965 4 1841
522900 1 1330
525646 1 389
527913 1 432
