52214 1 64459
61532 2 259
64245 1 73
65406 1 209
68875 1 34
70099 1 1000
70108 1 140
70125 2 232
70218 1 169
70220 1 373
70327 15 646
70728 4 207
71076 1 353
71453 1 357
71569 1 298
72059 1 66
72482 3 227
76569 3 181
77592 1 304
82156 3 171
83719 1 545
84623 1 178
84797 1 173
84908 1 677
84929 2 215
86285 3 537
86378 2 279
91288 1 188
92657 1 900
92694 2 286
98604 1 44
104499 1 731
109185 1 245
110511 6 419
116893 1 925
119437 1 55
125166 1 448
135918 1 594
135920 1 781
139545 1 492
140239 1 714
150031 1 103
151494 1 416
152216 2 80
152220 2 111
162375 1 319
169502 1 513
171570 5 270
175290 3 132
179170 1 255
181851 1 600
181908 2 189
184492 2 753
184599 5 306
184691 1 68
184919 1 227
187325 4 224
187523 2 232
188359 2 87
188383 1 218
188498 1 91
198011 1 623
198110 1 1245
201261 2 128
203588 2 230
207829 1 385
207831 2 405
208844 1 344
208993 1 352
209412 1 220
209606 1 147
211105 2 123
213114 1 254
213123 1 296
215765 2 281
218249 2 59
219089 1 327
233761 1 200
233936 1 130
238490 1 127
238723 1 1249
245090 1 937
245352 2 214
246494 1 111
246707 1 237
247197 2 252
253566 2 357
253570 2 361
254838 1 201
254844 1 445
254891 1 264
255141 1 330
255595 1 457
255894 1 262
259217 1 245
261462 1 254
268734 1 238
269461 3 203
270890 1 2870
277972 7 167
280056 1 1105
280528 3 74
280619 1 11500
280953 1 415
281270 2 213
281307 2 100
281602 2 218
281651 4 91
281786 1 919
281800 3 4068
281992 1 97
282303 4 83
282402 1 287
282407 1 526
282798 1 271
282841 4 200
282901 3 208
283622 3 125
283788 5 138
284978 3 335
285014 1 343
285729 5 1645
285981 1 318
286551 1 910
286959 2 472
287302 1 855
287332 1 674
287336 3 129
287340 2 898
287349 1 119
287358 2 223
287359 5 340
287374 8 331
287380 1 419
287381 1 927
288201 8 327
288584 2 899
288605 8 330
288618 2 1871
288665 3 718
289059 2 62
289348 1 18428
289387 3 2845
289412 3 722
292284 1 409
301400 3 111
301757 1 258
301782 1 224
301787 1 264
301865 1 18367
301975 3 502
302718 4 1377
302857 1 664
304746 2 127
305055 1 199
305205 2 892
306262 4 339
306311 1 1983
306684 1 124
306685 3 311
306709 1 918
306723 1 309
306733 1 611
306741 2 595
306742 4 530
306767 3 77
306775 4 96
306792 1 908
306798 3 199
306803 2 232
306829 1 653
306831 2 515
306837 1 117
306846 1 1637
307453 1 49380
307682 3 190
307686 4 341
307788 3 268
307791 2 233
307808 2 243
307811 3 267
307813 1 341
307908 3 506
307909 2 515
308521 1 1213
308553 1 8271
308937 2 1659
308947 1 16976
308991 2 1659
309001 1 16976
311648 1 305
311809 1 540
313243 3 73
315524 6 116
320501 3 2091
320611 3 130
320951 3 186
321240 4 98
321284 1 1527
321397 1 103
321538 1 406
321543 1 208
322078 3 303
322170 3 243
322172 2 287
322173 3 269
322177 1 466
322269 3 2418
322273 2 235
322336 1 1889
322349 1 62
322476 3 262
322478 4 245
322755 1 98
322756 1 336
322757 2 204
323001 2 579
323026 2 228
323102 2 181
323108 1 608
323253 4 136
323326 1 94
323447 1 643
323771 1 606
323815 1 556
323845 1 556
325475 5 228
325677 6 290
325706 3 95
325707 1 217
325708 2 552
325711 1 131
325713 4 343
325714 2 118
326129 2 67196
326149 8 373
326368 1 211
326397 1 255
326417 1 195
326510 2 242
327136 5 633
327384 1 19585
327394 1 22044
332850 2 156
334606 6 163
343034 7 162
343188 7 216
343204 4 86
343253 2 383
343284 3 157
343651 5 222
343669 5 179
343725 3 198
343726 5 175
343947 3 2644
343969 8 199
344792 9 235
347174 4 94
347869 1 47445
348069 15 2571
348168 6 239
348203 1 293
348224 1 181
348225 1 275
348227 3 211
348232 3 822
348254 5 177
348275 4 163
348298 5 104
348949 3 212
348969 1 271
349540 17 2170
350013 17 2165
350088 1 346
353123 1 190
355718 4 272
358322 6 107
358441 2 914
365132 1 100
366606 5 1574
368057 5 166
368058 7 173
368801 7 115
369515 2 155
369794 1 321
370913 2 244
372484 4 95
372485 3 1458
372504 2 157
372505 17 2165
372509 1 165
373327 1 164
373392 4 199
373903 2 1933
373937 3 4632
373942 1 2063
373981 8 1231
373994 2 965
388495 4 77
388711 4 128
389492 2 1080
389506 7 171
389830 1 163
389910 6 119
390021 6 119
390083 4 197
390126 1 536
390600 1 168
390782 1 340
391955 1 450
393550 3 30891
393557 1 2127
393747 1 58177
393845 1 2852
394229 1 345
394246 2 132
394252 1 273
394279 4 199
394285 1 165
394700 4 148
394898 5 26758
395117 1 318
395129 2 3410
395136 2 96
395170 5 179
395171 3 196
395242 14 23266
395304 1 273
402802 2 339
408269 2 940
411138 1 583
414329 1 39
419809 1 474
420737 1 427
425982 1 792
430892 1 825
439242 1 650
439795 4 155
449356 1 948
449886 3 101
450127 1 334
451374 2 754
451375 1 790
464178 1 877
476144 3 145
477431 3 112
478105 1 440
496463 1 362
499552 3 82
505426 1 820
505458 1 931
508714 1 429
510301 2 92
519147 1 523
522918 1 463
525650 1 633
1646 3 55438
56002 8 80
56100 4 543
58007 18 644
58584 3 217
59946 14 611
62222 4 357
64383 2 72
64797 2 82
64908 1 199
65562 1 258
66461 1 101
68215 6 341
69576 1 568
69832 2 502
70099 6 1000
70167 1 494
70218 3 169
70220 1 373
70403 1 327
70460 1 518
70570 6 337
70728 1 207
71453 5 357
72059 1 66
72482 1 227
73399 1 600
73697 2 221
73899 5 597
74275 1 591
74356 3 446
77187 1 1202
77364 16 696
79237 4 184
79586 5 191
82156 3 171
84908 2 677
86022 1 111
86942 1 70
91509 1 151
91549 1 267
94378 18 884
94596 1 57
95522 5 614
96520 1 574
97066 1 341
100290 1 115
104499 2 731
105528 1 569
109184 1 256
110511 2 419
113565 1 37
116893 7 925
117491 1 139
118014 1 249
118124 4 587
118922 1 174
121722 3 241
123011 1 206
125166 2 448
128763 1 87
132090 1 662
132304 4 750
133385 1 276
133993 1 91
135918 4 594
135920 4 781
136483 2 173
138735 1 90
139545 2 492
140239 1 714
140258 20 493
140272 1 395
140520 1 270
140530 1 56
140902 2 35
142057 2 282
142242 2 232
144913 1 302
145443 21 310
146876 10 504
146932 1 59
147741 3 42
148398 1 308
150031 3 103
150941 3 620
150951 1 55
151372 2 379
151494 4 416
152216 1 80
152220 1 111
153761 6 220
154225 3 82
155996 3 152
156015 2 272
156024 2 513
159615 17 612
160540 2 44
162375 1 319
163574 4 42
165753 1 550
167981 1 112
169502 2 513
169534 1 575
171570 1 270
173454 1 161
174795 2 420
175290 1 132
175922 1 564
178283 2 213
179170 3 255
180084 2 41
181851 1 600
181908 1 189
182379 1 277
184492 5 753
184599 2 306
184691 2 68
184755 4 628
184919 1 227
187325 1 224
187335 1 261
187523 4 232
188359 1 87
188383 1 218
188498 1 91
189057 8 611
190071 23 641
191126 2 168
191128 1 270
191346 3 262
192263 8 532
193385 2 262
196286 25 735
196723 2 243
197534 2 445
198011 20 623
198110 6 1245
198195 3 738
201261 1 128
201782 1 603
202434 2 359
203588 1 230
203852 1 97
204331 1 299
207829 3 385
207831 3 405
208591 9 574
208596 6 378
208844 2 344
208993 8 352
209412 2 220
209606 2 147
211105 1 123
212274 2 85
213114 1 254
213123 1 296
214273 1 308
215765 6 281
216983 3 52
219089 3 327
223311 1 1082
228508 2 139
229181 3 462
229494 2 42
230643 5 335
230707 4 728
232443 1 230
233761 1 200
233931 1 276
234818 1 125
237956 1 342
238490 2 127
238723 5 1249
242219 1 47
242486 2 259
242906 19 418
245090 2 937
245352 2 214
246494 1 111
246707 1 237
246988 3 2879
247197 7 252
248156 3 262
248956 2 244
249378 7 467
249379 2 116
253566 2 357
253570 1 361
253785 7 133
253877 1 40
254838 5 201
258474 2 99
263205 4 254
263413 1 187
264236 1 101
264568 1 87
265810 3 16729
265816 26 25803
265854 28 21100
270890 2 2870
273835 1 194
274286 3 763
274600 4 702
274792 12 2434
274978 4 992
275046 9 629
275100 3 282
280619 7 11500
281800 7 4068
283543 1 90
283679 1 108
284586 3 262
284843 1 282
284978 1 335
285083 3 131
285213 2 165
285214 1 524
285295 2 184
285729 5 1645
285850 2 1490
286145 4 665
286534 2 1462
286535 3 700
286551 1 910
286583 1 19748
287294 2 105
287340 3 898
287342 2 259
287471 1 94
288584 3 899
288585 2 256
288618 1 1871
288682 2 187
289348 34 18428
289387 4 2845
290440 7 15196
290466 14 7226
292284 1 409
295112 1 454
296254 1 196
296545 5 1006
296684 18 464
297101 3 2037
301400 1 111
301782 1 224
301789 1 104
301790 1 868
301865 35 18367
301930 8 910
301975 1 502
302600 1 154
303174 5 1356
303734 10 25485
303974 1 256
304317 3 166
305014 2 262
305055 2 199
305149 1 158
305205 2 892
305223 3 276
305238 2 193
305543 1 314
305840 2 147
306175 9 10421
306237 5 26903
306284 6 21202
306311 5 1983
306314 9 4250
306705 1 92
306709 2 918
306742 4 530
306754 2 355
306775 2 96
306798 1 199
306829 3 653
306831 2 515
306834 1 95
306835 1 126
306836 1 108
306837 1 117
307453 10 49380
307738 5 111
307742 1 296
307762 1 3336
307908 1 506
307909 2 515
308177 15 1247
308179 2 1072
308186 2 36306
308246 1 20735
308521 4 1213
308553 12 8271
308655 2 2944
308919 5 13545
308929 39 12027
308947 24 16976
308973 5 13545
308983 39 12027
309001 24 16976
310692 14 534
310693 7 190
311809 1 540
314822 37 6501
316109 1 152
316948 1 375
320501 6 2091
321022 1 227
321171 9 340
321284 34 1527
321357 12 2299
321538 2 406
321548 1 201
321603 2 511
321781 2 322
321791 1 289
321845 3 436
322007 1 125
322096 18 901
322178 2 497
322269 1 2418
322336 3 1889
323020 2 823
323195 2 1147
323311 1 107
323325 1 144
323326 1 94
323447 4 643
323495 1 88
323725 4 1079
323815 1 556
323845 1 556
323851 11 329
324015 3 441
324079 1 352
324301 1 150
324613 11 697
324748 2 139
324837 5 249
325190 12 1597
325277 2 854
325419 2 407
325692 1 90
325737 2 246
325738 1 156
326123 6 14885
326129 1 67196
326397 2 255
326525 21 1814
326767 1 167
326828 1 2534
326829 1 704
326836 6 1046
326871 6 2756
326956 1 743
327078 44 946
327136 4 633
327384 10 19585
327386 14 3284
327394 32 22044
329056 11 649
334970 1 330
334998 1 108
336012 13 262
336374 1 242
336433 2 379
339200 1 206
342316 2 190
342317 3 224
343126 2 256
343414 8 1161
343556 6 160
343725 1 198
343726 1 175
343947 17 2644
344404 1 285
344573 2 113
345010 2 126
345207 3 411
345829 2 195
346024 53 1920
346027 5 1742
346344 19 304
346647 1 167
346669 19 334
347515 2 659
347627 3 231
347869 36 47445
347972 3 1358
348254 1 177
348260 3 225
348261 2 257
348268 1 103
348285 2 166
348297 2 111
348298 3 104
349516 10 3933
349533 11 1222
349540 2 2170
349630 25 2344
349815 3 802
350013 2 2165
350449 8 14072
352651 30 477
353123 1 190
353481 22 540
354221 3 373
354403 10 369
358200 16 5800
358223 7 209
358226 1 169
358322 1 107
358441 1 914
358812 6 380
358864 1 76
359103 1 123
359311 1 164
359576 1 91
365132 1 100
365732 1 195
365976 2 268
366606 1 1574
367124 3 2991
367129 1 429
367273 1 80
367695 1 131
367764 2 176
368368 1 115
368668 2 195
368845 1 64
369434 3 185
369571 4 396
369763 25 2265
369794 17 321
370203 22 474
370256 3 241
370280 13 236
370393 3 258
370479 3 409
370504 3 339
370537 2 766
370622 1 921
371131 2 346
371186 7 281
371310 4 153
371331 1 133
371576 20 369
371647 1 84
371721 11 4737
372498 4 2160
372505 2 2165
372516 1 141
373228 1 192
373323 4 2651
373333 1 321
373413 2 158
373799 1 153
373834 3 44460
373899 1 2089
373937 24 4632
373940 1 2592
373943 2 1329
375001 1 950
377996 1 489
382263 1 283
383116 7 292
383346 1 156
383468 1 84
388752 1 92
389492 3 1080
389504 4 190
389565 12 1929
390102 2 114
390571 1 219
391137 1 204
391187 1 150
391640 2 1260
392220 2 145
392239 16 2083
392754 1 222
392855 1 120
392960 9 216
393360 2 280
393449 1 224
393522 39 1549
393550 6 30891
393557 1 2127
393747 1 58177
393821 1 759
394255 1 158
394258 3 217
394259 2 124
394700 1 148
394898 13 26758
395095 4 86
395116 3 93
395117 2 318
395129 1 3410
395170 1 179
395171 1 196
395203 1 120
395242 2 23266
395576 2 2131
395590 4 2657
395598 3 358
395634 1 920
395635 1 757
395640 3 17885
395754 20 2243
396137 55 2749
396138 41 2729
396139 60 3722
396147 7 5877
396258 2 38258
396327 3 79
396778 1 110
397496 4 304
401696 14 423
402438 2 93
402649 15 850
402802 8 339
403039 6 404
405010 1 579
405142 8 476
406352 3 874
406926 3 223
406968 15 608
406969 8 1875
407050 11 546
407132 11 235
407139 8 261
407449 13 494
408136 6 709
408269 18 940
409598 9 562
410020 5 619
410118 9 276
410153 7 467
410806 3 692
411085 1 58
411138 14 583
411438 14 633
411446 8 404
411554 2 237
411635 6 517
411646 6 593
411759 2 743
411857 5 201
413319 1 518
413322 1 452
413395 1 349
416920 2 265
419809 1 474
420408 8 312
420737 2 427
421963 5 420
425982 1 792
428756 2 1088
429114 11 827
429754 1 638
430328 1 705
430567 2 684
430892 4 825
432221 1 79
433808 40 1043
434353 5 812
435165 6 203
435670 5 398
436744 5 331
437109 8 597
437176 1 79
438626 3 538
439017 3 345
439242 2 650
439389 5 567
439488 20 586
439510 7 375
439566 1 1248
439795 2 155
439857 15 595
440051 9 724
440683 19 1052
440695 4 483
440809 7 239
441127 4 87
441142 1 395
441375 9 769
441454 13 577
441601 18 596
441604 1 156
441636 4 754
442472 1 284
442813 8 290
443501 12 891
443625 1 289
443832 4 742
444251 2 361
444873 9 452
445095 3 747
445105 1 195
446532 9 423
446582 2 837
446789 1 356
447064 9 461
447261 1 286
447687 8 548
447869 5 516
448307 1 148
448308 4 623
448974 5 477
449356 9 948
449362 3 517
449364 2 551
449567 19 1057
449572 8 466
449630 1 406
450021 12 911
450028 8 481
450029 6 209
450030 11 360
450031 7 182
450071 2 331
450127 7 334
450765 2 139
450766 12 440
451170 2 229
451374 4 754
451375 3 790
451453 12 489
451623 3 871
451626 7 1245
451638 5 1102
451923 21 1032
452072 9 1003
452084 5 609
452305 7 373
452330 1 393
452460 4 199
453202 3 161
453451 10 508
453741 2 664
453756 4 318
453892 6 304
454040 4 365
454514 16 735
454716 2 100
455568 4 434
456384 7 403
456553 1 305
457929 2 266
458263 1 521
460499 5 170
460929 1 377
461673 2 555
461808 3 634
462950 4 342
463168 6 210
463200 17 1242
463324 4 316
463588 43 1200
463714 28 737
463722 4 444
464178 24 877
464308 4 347
464513 3 283
465127 6 319
465810 8 509
466358 2 703
466731 5 739
466962 6 843
467538 1 167
468670 2 531
469361 4 2307
469563 8 1031
470646 1 207
472058 3 111
472165 1 88
473140 1 497
473733 4 474
473843 4 766
478105 1 440
482646 3 153
482945 6 578
483463 1 451
483711 4 574
485244 17 623
487211 9 525
487994 4 537
488880 1 766
489706 9 463
490786 3 76
494550 2 577
495194 3 444
495645 5 296
496463 5 362
497602 1 41
501463 3 347
503485 4 253
503763 14 720
505523 14 992
505535 1 564
505544 2 289
506616 6 643
506809 3 66
508714 19 429
509537 1 582
509995 9 859
510507 11 482
510509 13 1053
511122 2 451
511360 2 185
511635 2 208
511691 6 295
511971 24 776
512676 1 354
512890 22 735
512985 1 323
513165 8 211
513173 4 863
513251 3 884
513550 1 559
513552 17 548
515222 8 562
515289 7 975
516172 10 571
516207 1 525
516980 5 394
517033 15 962
517458 6 343
517639 1 446
517844 6 480
517929 21 494
518161 2 222
518200 4 735
518530 13 869
518939 2 189
518987 13 562
519147 1 523
520459 12 644
520777 5 443
521529 4 461
521866 2 407
522082 3 313
522918 1 463
523101 1 74
525650 2 633
2952 11 777
9252 18 696
11670 4 128
16219 8 321
24930 28 11103
26385 17 547
37801 8 399
38057 8 330
51544 10 382
55992 2 44
56768 2 212
57671 1 123
58048 1 34
58069 2 50
58224 7 266
58964 2 36
59999 1 27
61532 1 259
61980 2 248
65406 1 209
67902 10 548
68437 2 125
68659 1 166
69832 2 502
70099 3 1000
70108 1 140
70125 1 232
70220 1 373
70327 1 646
70403 1 327
70460 1 518
70570 2 337
71076 1 353
71453 1 357
71697 2 255
75259 4 254
75327 1 473
75654 1 59
77592 2 304
78672 1 61
78787 2 276
83719 1 545
84623 1 178
84797 1 173
84929 1 215
86285 3 537
88416 2 69
91509 1 151
92348 2 254
92369 4 359
92495 3 318
92657 3 900
93070 2 180
94645 3 199
98121 2 34
100290 3 115
104499 1 731
109097 2 337
109157 1 370
109183 1 389
109184 1 256
109185 1 245
109203 3 358
115375 21 649
116893 3 925
116985 1 115
118922 1 174
123969 2 49
125166 1 448
132090 7 662
132304 1 750
133993 2 91
139545 1 492
139618 1 151
140239 1 714
140272 1 395
140520 1 270
144913 1 302
147850 3 52
151372 2 379
151494 1 416
155123 1 52
155996 1 152
156015 1 272
156024 3 513
162375 2 319
165753 2 550
167981 1 112
171570 1 270
172865 2 492
174132 1 521
175290 1 132
179346 7 158
181908 1 189
182379 1 277
182923 2 387
184599 1 306
184755 3 628
187325 1 224
187335 1 261
187523 3 232
188359 1 87
188383 2 218
188498 2 91
190264 2 181
196723 1 243
197534 1 445
198110 1 1245
201261 1 128
202434 1 359
203588 2 230
203852 1 97
204331 1 299
207831 2 405
208591 1 574
211105 1 123
213114 1 254
213123 1 296
214273 2 308
219089 1 327
221556 2 49
226193 2 54
233761 2 200
233931 1 276
237956 2 342
238490 1 127
238723 1 1249
242014 1 47
245090 1 937
245352 2 214
246494 1 111
246997 1 54
248956 1 244
249379 1 116
253566 1 357
253570 1 361
254836 11 506
254844 1 445
254891 1 264
255141 1 330
255595 1 457
255894 1 262
259217 1 245
261462 1 254
267561 6 123
268734 1 238
273835 2 194
280056 3 1105
280953 1 415
281786 1 919
282407 3 526
285014 1 343
285214 1 524
285850 2 1490
286959 1 472
287302 1 855
287340 3 898
287349 1 119
287380 1 419
287381 1 927
288127 8 368
288386 5 187
288584 3 899
288618 5 1871
288665 1 718
289348 3 18428
289354 2 1746
289412 1 722
292284 1 409
301757 1 258
301787 1 264
302718 2 1377
303734 1 25485
305055 1 199
305205 3 892
306684 2 124
306685 1 311
306733 1 611
306741 1 595
306742 1 530
306744 1 192
306792 2 908
306846 2 1637
307453 4 49380
307742 1 296
307762 3 3336
307788 3 268
307813 2 341
308186 3 36306
308187 1 51551
308521 3 1213
308655 5 2944
308937 2 1659
308991 2 1659
311648 1 305
311809 1 540
316948 3 375
319239 2 271
321396 1 74
321397 1 103
321538 1 406
321543 1 208
322078 1 303
322173 3 269
322177 2 466
322178 1 497
322336 1 1889
322755 1 98
322756 2 336
322781 1 92
323001 1 579
323108 1 608
323311 1 107
323447 1 643
323713 3 162
323771 2 606
323815 1 556
323845 1 556
325277 1 854
325674 1 236
325677 1 290
325706 1 95
326129 1 67196
326397 1 255
326417 1 195
326525 1 1814
326767 3 167
326828 1 2534
327139 1 431
329086 12 263
332850 2 156
334415 1 478
336306 3 187
343253 2 383
343751 1 72
347837 3 63219
347869 1 47445
348192 3 214
348207 2 2202
348211 2 72
348232 1 822
348267 1 73
348806 6 172
349815 1 802
350088 2 346
357563 2 427
358441 3 914
365976 1 268
366371 3 112
366606 2 1574
367124 4 2991
368368 1 115
369571 1 396
369990 3 138
370913 1 244
372485 5 1458
372498 5 2160
372509 1 165
372516 3 141
373228 3 192
373323 5 2651
373327 1 164
373333 2 321
373395 2 248
373799 3 153
373834 1 44460
373864 15 1463
373937 4 4632
373942 1 2063
373981 1 1231
373994 1 965
374009 2 1139
374014 1 80805
374829 5 143
377996 1 489
380082 1 114
383973 7 171
385856 1 350
389142 4 91
389830 1 163
390126 3 536
390127 8 599
390600 1 168
390782 2 340
391194 2 248
391332 1 201
391640 1 1260
391955 1 450
392127 3 213
393845 1 2852
394229 2 345
394252 1 273
394285 1 165
394794 28 690
394898 1 26758
395045 6 172
395117 1 318
395129 6 3410
395173 1 76
395242 6 23266
395304 1 273
395395 2 99
395590 5 2657
396137 1 2749
396139 2 3722
402438 1 93
402649 2 850
407449 1 494
408136 1 709
411635 1 517
413322 2 452
419809 2 474
425982 1 792
428756 2 1088
430328 1 705
430892 3 825
434353 1 812
435163 2 189
437109 1 597
438360 1 225
439566 5 1248
439857 1 595
440683 3 1052
441602 5 562
442459 3 483
443501 1 891
443625 1 289
445095 1 747
446532 2 423
446541 1 323
446582 1 837
446789 2 356
447261 1 286
447869 1 516
448308 1 623
449356 2 948
449362 1 517
449630 1 406
451374 4 754
451375 2 790
451623 2 871
451626 1 1245
451638 3 1102
453741 1 664
454313 7 179
457559 1 699
457929 1 266
458263 1 521
458264 1 223
463162 1 172
463168 2 210
463324 1 316
463714 1 737
463722 1 444
468019 1 273
469361 11 2307
469742 6 1650
470646 1 207
472165 1 88
473140 1 497
473843 1 766
476705 1 52
476979 3 113
478105 4 440
480943 2 351
482945 2 578
483463 2 451
488022 1 393
491006 3 928
491024 3 569
492482 2 304
494550 1 577
495194 2 444
496964 1 109
500349 10 656
505426 1 820
505458 1 931
506616 1 643
510509 5 1053
511360 1 185
511635 1 208
512890 1 735
512985 1 323
513550 4 559
515289 1 975
517929 1 494
518200 2 735
519147 2 523
520459 1 644
520971 1 493
522918 1 463
