57633 2 114
57963 3 192
59472 1 132
61000 1 455
61225 7 277
61647 1 95
61875 2 123
63528 1 168
64464 1 244
65462 1 60
65680 3 189
66246 2 202
67240 1 172
67372 1 196
67877 9 119
68356 1 455
70366 8 162
70766 1 221
72609 7 280
72880 5 406
73834 1 311
75168 1 61
76118 1 88
76293 1 73
76314 36 1070
76878 1 49
77279 2 95
77305 2 77
77327 8 1014
77499 1 447
77530 3 94
77605 1 73
77696 2 382
78002 1 291
78119 2 260
78310 1 237
78319 1 580
78381 3 292
78540 3 427
78968 1 293
79001 1 182
79183 2 449
79220 1 517
79223 4 1055
79293 2 286
79338 1 268
79394 1 147
79406 9 188
79574 2 615
79591 2 253
79804 4 204
79896 3 170
80066 2 383
81098 5 107
81301 1 2200
81551 2 494
81553 6 279
81783 6 238
81818 3 236
81976 2 180
82125 2 376
82179 2 354
82586 3 246
82785 1 227
82963 3 369
83715 3 327
83805 3 381
83899 4 245
83941 3 297
84205 3 2002
85654 1 96
85666 2 149
86831 1 203
87391 15 617
88908 2 178
89103 6 221
89714 3 172
90060 1 77
90456 1 280
91555 1 416
91684 2 118
91799 3 222
91878 10 205
92206 2 165
92251 2 118
92381 1 283
92447 1 197
92491 1 384
92571 1 156
92670 2 220
93046 15 450
93047 18 1155
93185 3 640
93192 6 201
93696 1 889
93728 1 133
93865 1 116
93982 1 114
94033 1 148
94231 1 353
94386 2 540
94660 4 187
94669 5 309
94865 1 910
95195 4 434
95324 9 172
95436 2 364
95722 1 373
96226 1 185
97438 1 313
97559 3 5153
97721 1 567
97724 4 432
98022 2 249
98405 1 242
98499 1 262
101155 2 180
101226 5 103
101419 2 233
101813 3 338
101829 5 387
101961 1 297
101999 1 187
102000 1 372
102003 6 286
102433 20 466
102434 6 220
102539 4 126
102611 1 605
103383 2 536
104321 1 387
104504 1 71
104572 1 269
104882 1 246
105662 5 225
105739 3 488
105928 3 496
105958 2 249
107114 1 670
107127 1 529
107176 2 222
107349 2 429
107367 2 776
107432 1 946
107523 4 259
107660 1 367
107662 1 320
107665 3 278
107666 4 402
107730 7 194
107751 1 510
107753 3 390
107780 3 914
107798 2 238
107816 3 563
107899 1 288
108080 2 76
108112 2 290
108212 2 305
108218 2 521
108707 1 617
108783 1 338
108797 1 292
109129 2 36
109344 1 424
109461 1 76
109505 1 324
109529 1 439
109906 1 166
110101 2 228
110106 1 117
110492 3 335
110547 1 341
110745 3 298
111341 1 193
111424 1 618
111542 1 213
111878 1 663
111987 3 196
112612 15 346
112620 2 262
113301 3 278
113503 1 65
113759 1 79
114667 2 293
114897 4 548
115074 3 360
115247 2 933
115299 1 274
115306 1 265
115466 7 150
115664 4 565
115706 2 383
115757 2 292
115881 4 508
115978 3 464
115993 4 377
116132 1 283
116137 5 442
116172 2 337
116267 2 719
116291 1 94
116372 2 149
116374 1 250
116439 1 391
116537 2 55
116573 3 335
116581 1 344
116683 2 347
116803 5 415
117191 2 613
117322 1 270
117328 2 173
117362 3 287
117562 4 211
117599 5 360
117716 6 368
117768 3 260
117984 3 241
118046 2 430
118096 1 514
118176 3 563
118203 1 147
118205 8 400
118340 3 345
118451 2 165
118691 1 235
119380 2 376
119491 2 647
119507 2 654
119768 1 151
119956 3 416
120056 1 364
120317 10 231
121450 1 440
121502 2 366
121528 1 64
121888 2 162
121926 4 145
122051 1 664
122135 2 267
122205 3 380
122369 3 177
122662 6 507
122666 1 587
122750 1 245
122754 5 243
122972 5 212
123017 4 458
123180 1 547
123887 3 324
123892 4 188
123943 1 229
124089 1 389
124093 2 264
124281 3 295
124285 2 1866
125234 7 215
125289 3 254
125515 8 236
125845 1 245
126011 2 45
126268 5 350
126457 5 295
126554 2 265
126678 2 268
126722 1 115
126847 4 456
127051 1 393
127273 5 443
127281 2 390
127341 1 436
127359 2 473
127481 2 330
127653 1 195
127698 5 336
127831 4 312
127895 2 356
128166 1 245
128704 3 380
128909 3 237
129188 2 203
129737 2 201
129975 3 214
130192 1 270
130422 2 312
130649 3 199
130871 1 285
131092 1 220
131373 1 247
131579 1 333
131825 8 271
131886 4 334
131914 1 779
132036 1 298
132051 1 203
132079 1 432
132175 1 278
132183 1 140
132235 9 187
132312 3 552
132334 2 270
132442 9 187
132619 3 308
132712 4 299
132881 1 177
133164 2 253
133236 1 238
133316 2 198
133620 1 434
133729 1 333
134602 2 258
135676 5 131
135677 6 155
135783 5 131
135790 6 155
136516 8 141
136563 8 141
136721 6 238
137030 1 79
137046 2 276
137102 3 266
137272 2 120
137287 1 210
137544 6 165
137549 1 83
137589 1 50
137649 1 241
137787 1 282
137874 1 358
137995 12 225
137997 13 298
138081 12 225
138085 13 298
138361 3 268
138579 1 285
138753 4 179
139245 7 178
139365 7 178
140250 4 256
140274 2 244
140493 1 1464
140661 1 191
140662 4 259
140665 8 438
140667 1 504
141166 1 323
142847 3 197
143553 2 80
144023 1 271
144024 1 458
144227 3 302
144676 1 219
144868 2 225
145570 1 89
145732 1 289
145997 2 364
146074 1 384
146442 2 695
146684 1 248
146900 2 181
147585 1 155
147764 1 321
147773 2 310
147859 3 378
148028 1 434
148106 2 360
148381 1 223
148383 2 603
148385 1 249
148413 1 442
148414 3 306
148419 4 255
148518 1 243
148574 5 216
148583 1 329
148589 7 307
148775 2 220
149476 1 113
149568 1 153
149977 4 229
150714 1 671
150725 1 115
151213 1 269
151280 1 414
151282 1 183
151283 4 360
151284 2 287
151287 1 200
151363 2 297
151618 4 297
151773 1 246
151822 1 100
151921 8 141
151971 1 81
152209 1 208
152358 3 256
152615 2 653
152669 8 197
152715 7 166
152991 5 115
153021 3 139
153272 2 237
153480 3 366
153609 3 323
153665 2 272
153666 3 294
154268 1 197
154317 3 313
154417 2 240
154602 1 267
154875 7 443
155082 2 261
155508 1 79
155566 3 339
155726 1 193
155731 3 191
155963 4 234
156335 3 657
156336 29 1105
156351 1 187
157967 2 207
159229 3 181
159241 3 239
160313 2 206
160315 1 248
160730 1 227
160913 1 89
161205 1 466
161644 1 101
162320 2 71
162496 4 142
162711 1 161
162951 6 202
162961 24 775
163065 6 143
163527 24 548
163743 4 263
164049 6 158
164197 5 84
164488 13 251
164831 6 220
164853 2 56
165491 5 219
165565 2 261
165583 4 67
166011 8 251
166053 1 901
166783 1 187
166890 1 243
166928 1 307
167233 2 492
167234 1 820
167674 1 260
168379 2 250
168476 3 230
168930 5 204
169791 1 282
170179 3 433
170210 3 454
170421 1 260
170422 1 394
170423 3 294
170424 5 245
170477 3 561
170514 1 284
170669 2 271
170670 1 182
170671 2 287
170884 9 455
170886 1 305
171077 1 331
171130 3 299
171131 5 189
171377 5 288
171541 3 204
171581 3 277
171808 3 215
171978 1 123
171996 2 538
172030 3 290
172312 3 262
172382 2 286
172550 1 445
172777 5 306
172945 3 767
172957 1 209
173156 1 171
173280 8 240
173283 12 450
173291 7 176
173567 2 223
173573 3 221
175012 3 206
175026 5 197
175945 1 182
176181 1 74
176346 1 182
176450 1 286
176899 1 1577
177008 11 244
177016 5 173
177835 3 182
178200 10 252
178426 1 54
178645 10 214
179332 9 266
179486 5 274
179822 9 214
179940 10 207
180178 6 157
180302 18 466
180409 7 209
180604 4 70
180873 15 272
180909 1 472
181426 2 412
182700 3 187
182824 1 55
182943 3 288
183110 1 67
183122 20 509
183419 12 392
183531 12 476
183671 13 427
183832 4 127
184077 1 267
184196 3 263
184394 3 58
184504 2 603
185079 2 66
186315 1 334
186428 2 982
186435 1 360
186751 1 215
186805 5 120
187042 2 78
188296 1 46
188650 7 266
188963 2 205
188976 2 190
189041 11 261
189053 2 194
190242 1 252
190321 1 267
190652 1 78
190845 1 202
191959 3 367
192070 13 256
192759 2 163
193786 3 273
193895 8 183
194031 9 593
194134 7 273
194483 3 277
194935 2 389
195046 17 546
195057 7 190
195193 5 403
195197 12 317
195199 6 391
195244 7 153
195446 5 88
196307 1 230
196353 2 134
196363 12 281
196932 8 182
197136 3 104
197355 8 213
197405 1 68
197636 1 109
197952 13 381
198034 3 167
198445 4 242
198695 6 448
199069 5 106
199511 8 205
199520 1 88
199571 3 57
199575 2 76
199887 2 93
199896 9 169
199964 2 53
200397 12 241
200579 2 340
200609 2 664
200935 5 514
201115 6 182
201197 3 310
201230 1 243
201321 3 65
201364 9 427
201692 3 143
201862 2 179
203124 1 124
203151 1 114
203412 5 125
203418 6 159
203719 9 217
203724 7 172
204077 8 146
204089 10 244
204154 1 49
204846 14 251
205212 1 407
205611 10 212
205783 5 174
207853 11 209
208142 18 501
208674 14 241
209671 6 196
210101 11 252
210133 1 1543
210286 1 96
211164 8 228
211743 4 279
211757 6 266
211922 2 272
212236 4 223
212757 2 392
212759 5 602
212844 2 243
212861 1 950
212871 2 343
212929 2 375
213064 17 267
213144 2 310
213221 3 250
213456 1 161
213467 1 50
213506 6 585
213559 1 193
213691 8 270
213714 1 680
213807 1 120
213941 8 495
213942 6 627
214290 4 82
214300 3 67
214435 2 245
214659 2 239
214754 9 186
214809 8 172
214888 2 40
215114 3 270
215117 2 420
215187 11 297
215372 1 398
215425 1 285
215731 2 406
216033 4 290
216367 3 279
216399 1 312
216498 1 99
216682 1 133
216923 1 331
217058 6 117
217420 1 315
217423 1 452
217425 1 431
217497 3 376
217553 3 265
217620 2 68
217624 2 553
217677 2 61
217944 6 180
218087 1 80
218393 1 393
218396 1 379
218537 1 69
218732 1 370
218909 8 374
219212 10 251
219516 1 276
219637 1 111
219680 3 683
219785 2 357
219792 3 300
219827 5 395
219895 2 1679
220092 13 350
220100 7 350
220123 2 156
220322 5 416
220334 3 294
220526 2 283
220598 3 366
220882 6 161
220890 1 96
220926 1 197
221065 4 210
221095 10 227
221197 2 92
221273 1 321
221431 1 280
221562 2 87
221756 1 267
221808 1 301
221878 1 78
222100 3 292
222160 2 601
222251 5 287
222352 4 246
222495 4 327
222721 4 126
222767 1 611
222825 4 270
222828 6 150
223540 1 1136
223718 3 256
223760 1 92
224140 9 617
224153 1 32
224180 6 487
225134 1 462
225640 1 224
225641 2 188
226275 5 130
226647 3 83
227412 1 94
227653 1 71
228920 3 270
229057 3 372
229145 3 1028
229927 2 70
230455 7 233
231252 2 209
231423 4 1158
231624 1 91
232254 3 297
232642 1 60
233017 7 189
233139 9 213
233569 1 42
233784 2 140
233970 18 627
234508 1 88
235145 1 648
235292 7 177
235312 1 290
236301 1 108
236836 1 81
237327 1 141
237579 7 215
237971 2 1153
238103 8 196
239435 7 224
239486 1 67
239731 1 99
239887 6 161
240597 1 274
241028 2 300
241710 3 3896
241910 2 1163
242944 2 191
243450 2 178
243818 1 272
244073 2 266
247018 3 193
247581 4 572
248322 1 489
248404 1 685
248613 3 445
248937 1 569
249385 3 1039
249392 1 333
250073 2 183
250150 1 367
251143 1 266
251311 2 345
252082 5 312
252164 4 254
253191 1 118
253290 1 331
253801 3 278
253871 3 309
254029 1 661
254249 2 454
256143 2 191
256188 1 290
256201 3 410
257302 3 59
257426 2 363
257626 1 75
257996 9 494
258491 1 113
259058 1 91
259302 1 179
259838 4 119
260359 4 151
260438 3 258
260992 4 139
261611 1 41
262150 2 82
262367 2 284
262886 5 217
263415 1 71
264521 2 504
265028 19 614
265469 19 591
265686 7 261
280508 3 487
280619 1 11500
284371 2 162
284617 2 256
284780 4 130
284784 2 489
285177 5 298
285277 3 444
285312 6 479
285430 1 155
285582 2 485
285864 2 225
286781 12 685
286792 27 1007
289348 5 18428
290465 1 15747
297459 1 4676
304526 7 389
304640 4 208
304678 1 770
304763 2 264
304764 3 219
304794 3 375
304877 8 378
304881 1 337
305130 2 196
305131 5 523
305153 1 492
305229 1 326
305799 6 290
306050 3 610
306139 4 5267
308947 4 16976
308953 3 14138
309001 4 16976
309007 3 14138
315448 3 136
315449 2 102
315491 4 167
315886 3 434
322355 1 1930
323605 4 305
324189 3 112
325376 4 312
335659 1 220
341825 4 103
341837 3 117
341927 1 98
342198 3 117
342760 1 125
342889 4 130
343792 6 208
343901 4 159
344765 2 114
345093 5 195
346681 1 202
346684 1 238
348150 9 619
358154 2 340
358200 1 5800
368553 3 162
369794 1 321
369862 3 283
370050 2 365
370350 1 539
370483 1 108
370509 3 394
370705 5 650
370836 4 519
371034 4 387
371644 3 181
372133 10 684
374967 1 4003
380048 1 1588
381801 2 108
383464 1 337
390682 4 1462
391238 8 236
391690 5 624
391691 5 347
391693 3 307
391787 4 266
391793 1 468
391878 1 314
392018 6 268
392051 4 322
392052 5 337
392223 9 639
392340 5 397
392555 1 491
392604 3 696
393200 7 491
393401 2 190
393458 5 487
395754 2 2243
411292 9 959
421201 1 1186
442772 4 90
454626 14 600
462067 2 97
468597 1 43
501454 9 1275
501998 2 1064
502969 3 107
511619 3 322
511874 1 107
517513 1 574
526589 2 444
33 2 19382
36391 1 10294
50683 1 9266
52214 2 64459
56427 1 222
57257 1 38
57313 1 35
57684 1 34
57905 1 31
57963 1 192
57969 1 40
58455 1 211
59176 1 444
61000 1 455
62843 1 276
63468 1 44
64464 1 244
65477 1 38
65640 1 37
66355 2 173
66456 3 60
70492 1 34
71843 2 189
72295 1 230
73834 1 311
75168 1 61
77327 3 1014
78002 1 291
78119 2 260
78310 1 237
78540 1 427
78963 1 130
78968 2 293
79042 1 499
79223 4 1055
79338 1 268
79483 1 45
79574 1 615
79577 2 467
79591 2 253
79745 1 118
79896 2 170
81301 2 2200
81551 1 494
81553 1 279
81818 2 236
81976 2 180
82179 1 354
82785 2 227
82917 1 344
83089 1 29
83805 1 381
84795 16 287
85010 2 148
85666 1 149
87428 2 293
87507 1 1002
87908 2 60
88839 2 293
88908 1 178
90585 2 41
90808 1 33
91555 1 416
91697 1 360
91783 1 36
91799 1 222
92206 1 165
92381 2 283
92447 1 197
92670 1 220
93066 2 44
93327 2 278
93406 1 137
93752 4 279
94184 1 172
94231 1 353
94386 1 540
94421 1 417
94524 1 318
94658 1 194
94662 1 519
94865 2 910
94962 2 267
95195 1 434
95539 2 577
95725 1 341
95800 1 268
95878 1 514
96062 1 70
96065 4 540
96390 2 319
96695 1 961
97532 1 565
97721 2 567
97724 1 432
97850 1 35
98216 3 315
98543 4 79
101155 1 180
101961 1 297
102000 3 372
104882 2 246
105928 1 496
105958 2 249
106471 2 246
107129 1 384
107176 1 222
107349 1 429
107366 1 502
107367 1 776
107432 1 946
107523 2 259
107543 3 988
107660 1 367
107665 2 278
107666 2 402
107728 1 179
107753 1 390
107780 1 914
107816 4 563
107817 1 216
107899 1 288
108031 1 477
108112 1 290
108122 1 256
108218 1 521
108322 1 149
108933 1 928
109505 2 324
110083 2 312
110104 1 42
110492 1 335
110547 1 341
110745 1 298
111341 1 193
111878 1 663
112229 1 527
112239 1 485
112256 1 33
112418 1 211
112460 3 54
112926 1 156
113783 2 74
113785 1 63
114667 2 293
115190 8 122
115247 1 933
115664 1 565
115706 1 383
115757 3 292
115881 2 508
115993 2 377
116054 1 522
116267 3 719
116372 1 149
116374 2 250
116504 1 324
116614 1 199
116803 3 415
117191 1 613
117328 1 173
117562 2 211
117716 1 368
117768 2 260
117984 1 241
118176 1 563
118203 1 147
118451 1 165
118490 1 142
118691 1 235
119507 1 654
119596 1 2132
119898 1 883
120757 2 547
121135 1 505
121273 1 290
121502 2 366
121733 1 148
121807 2 817
121926 1 145
121972 1 293
122051 3 664
122205 1 380
122662 2 507
122666 2 587
122972 1 212
123017 1 458
123180 1 547
123555 2 232
123887 1 324
123943 1 229
124093 1 264
124285 1 1866
124546 1 1788
124808 1 612
125289 1 254
125451 5 70
125546 1 286
125845 5 245
126264 1 49
126554 2 265
126678 1 268
126722 2 115
126847 1 456
127273 1 443
127281 5 390
127341 4 436
127481 2 330
127855 1 551
127895 1 356
128097 3 798
128166 1 245
129739 1 56
129975 1 214
130192 4 270
130422 3 312
130871 3 285
131825 1 271
131886 3 334
131914 5 779
132051 1 203
132175 2 278
132208 3 151
132294 1 251
132312 2 552
132613 1 332
132619 1 308
132712 2 299
132817 2 298
133164 1 253
133236 1 238
133316 2 198
133777 1 1013
134602 1 258
135333 1 208
135340 1 290
137046 1 276
137102 2 266
137272 1 120
137287 3 210
137544 2 165
137787 1 282
138579 1 285
138753 1 179
140492 1 427
140493 2 1464
140661 1 191
140665 2 438
140667 4 504
142228 2 58
142241 1 180
143553 1 80
143647 2 342
144024 1 458
144676 1 219
144753 1 306
144868 1 225
145732 1 289
145997 1 364
146442 1 695
147244 2 434
147859 1 378
148335 2 238
148414 1 306
148589 1 307
148718 1 244
148808 1 616
149161 1 573
149276 1 465
149528 1 49
150714 4 671
151213 1 269
151280 3 414
151282 1 183
151287 1 200
151363 3 297
151618 1 297
151773 1 246
151971 1 81
152209 1 208
152615 1 653
153480 1 366
154268 2 197
154417 1 240
154875 6 443
155332 1 266
155481 1 275
155556 1 160
155566 5 339
156335 1 657
156508 1 1113
157200 1 436
157812 1 420
157967 3 207
158853 1 54
159036 1 50
160086 1 63
162711 1 161
163743 1 263
164013 1 452
165491 1 219
166053 1 901
166706 1 282
166929 2 381
166932 1 201
166940 1 293
168416 1 789
168417 1 386
168679 1 695
169893 1 578
170179 1 433
170210 1 454
170421 2 260
170422 3 394
170423 2 294
170477 7 561
170669 1 271
170670 5 182
170671 1 287
170884 3 455
170886 1 305
170983 1 51
171077 1 331
171130 1 299
171131 1 189
171377 1 288
171581 1 277
172030 3 290
172312 1 262
172382 2 286
172550 2 445
172627 2 61
172777 2 306
173567 1 223
173573 3 221
173953 5 104
175012 3 206
175315 1 182
176899 1 1577
177151 1 404
179625 1 420
180909 1 472
181426 1 412
184504 1 603
184711 1 421
185964 1 490
186428 2 982
186751 1 215
187374 1 703
187617 1 1451
188495 2 67
190845 1 202
191583 1 352
192579 1 290
194008 3 78
194483 1 277
195193 1 403
196307 1 230
196353 1 134
197952 1 381
198120 1 647
198621 1 1086
198695 1 448
201057 1 65
201197 1 310
203124 2 124
203151 1 114
205212 2 407
205959 1 59
207465 7 113
210133 4 1543
210286 2 96
210540 2 62
211306 1 53
212757 1 392
212759 2 602
212844 2 243
212861 2 950
212871 1 343
212929 3 375
213221 1 250
213506 1 585
213807 1 120
213812 1 148
214659 4 239
215117 1 420
215292 1 823
215372 1 398
215425 1 285
215686 2 520
215729 1 249
216367 1 279
216399 1 312
216923 1 331
217497 2 376
217623 1 412
219516 1 276
219722 1 414
219785 1 357
219827 1 395
220275 1 151
220334 2 294
220337 1 56
220598 1 366
221431 1 280
221501 1 444
221808 2 301
222495 1 327
222825 1 270
223356 1 811
224175 1 115
225134 1 462
225640 1 224
225684 1 109
227412 1 94
228469 2 182
228987 1 60
229057 1 372
229145 1 1028
230873 2 53
231814 1 512
235145 1 648
235578 2 63
237174 2 215
237327 1 141
237836 1 54
237971 1 1153
239054 1 49
242001 1 244
243046 1 528
244073 2 266
244755 2 80
245634 1 52
245640 1 48
247257 1 51
247916 1 374
248322 2 489
248404 1 685
248544 1 228
248937 4 569
249202 2 67
249385 2 1039
249392 2 333
250150 3 367
250714 3 715
251011 1 545
251143 2 266
252164 1 254
253871 2 309
254029 1 661
255034 1 226
255734 1 699
255739 1 526
256188 2 290
257843 1 85
257893 1 546
258547 1 61
260178 1 439
261031 1 697
261376 2 526
264521 2 504
265816 2 25803
265845 4 17259
266289 6 145
266290 10 224
266293 2 114
266350 4 160
267198 4 3674
267203 5 309
273354 9 2901
279096 4 5450
279369 24 389
279607 1 77
279991 5 164
280239 4 3674
280244 5 309
280508 1 487
281170 1 165
282049 6 117
283141 3 4279
284697 2 1025
284784 1 489
285277 1 444
285312 1 479
285582 2 485
286067 1 1091
287092 11 426
287185 7 219
289348 2 18428
289918 1 676
290256 3 30074
290466 12 7226
290760 9 158
290864 14 820
291075 8 197
291346 5 182
293898 3 270
294627 7 133
297459 10 4676
299521 2 439
301865 12 18367
303734 7 25485
305122 1 985
305153 1 492
306050 13 610
306237 3 26903
307453 1 49380
308186 9 36306
308187 24 51551
308513 1 8438
308553 14 8271
308608 14 3120
308690 1 213
308907 2 13313
308923 1 3318
308961 2 13313
308977 1 3318
309871 4 147
310016 7 162
313340 4 376
313924 4 294
314822 8 6501
316131 6 205
317908 5 205
318340 14 388
319786 3 263
320247 7 10051
320248 7 13098
321161 2 141
321406 4 158
322355 2 1930
323194 1 138
323737 1 418
325274 9 1440
326129 13 67196
326155 1 162
327078 1 946
327094 6 3381
327616 4 61
327811 5 141
328232 9 191
328478 4 62
331818 13 261
331819 19 485
332254 3 95
333405 18 372
334644 17 3473
334925 2 176
335659 4 220
339229 6 260
340152 3 224
341045 10 139
341347 10 165
341927 1 98
344285 5 127
346554 1 990
346684 1 238
347338 5 296
347361 1 702
347603 1 542
347619 1 61
350449 2 14072
350454 3 4709
351597 3 128
354595 4 428
354963 13 369
356553 3 255
356623 6 200
356789 39 920
358132 10 171
358200 6 5800
358524 13 4489
359152 1 9815
359186 13 165
359187 2 1848
359402 8 186
362274 1 63
363965 8 6146
364266 22 443
365889 13 570
366835 7 185
367193 2 128
367712 4 120
368500 3 123
369433 1 955
369794 2 321
369873 1 519
370050 4 365
370290 5 880
370357 1 520
370381 10 302
370489 3 142
370509 1 394
370617 6 342
370872 1 538
371099 2 932
371448 2 157
371603 6 97
373834 6 44460
374014 41 80805
374994 3 13993
375542 4 150
375842 3 51
380048 1 1588
380253 3 89
382465 4 303
383071 9 291
383745 1 1317
385357 4 122
386858 7 339
386998 4 436
387315 5 73
388685 4 173
389583 5 85
390682 1 1462
390816 3 146
391298 6 172
391690 1 624
391691 1 347
391693 1 307
391794 2 332
392223 2 639
392296 3 164
392340 1 397
392525 2 296
392555 5 491
392578 8 584
393033 1 362
393200 1 491
393250 3 778
393458 2 487
393550 5 30891
393908 11 423
394015 9 765
395754 2 2243
395937 30 990
396147 3 5877
396258 18 38258
400771 2 1079
402802 1 339
407160 2 42
414498 10 414
414617 12 760
416311 7 1470
417597 8 314
420945 4 82
421201 1 1186
421638 10 489
426264 9 614
437824 16 775
440948 14 770
444561 11 471
445726 10 355
446197 1 933
447273 3 370
447464 1 346
448976 1 1799
452411 4 457
453746 15 430
458278 8 863
459673 16 992
460017 5 96
461945 15 967
464266 1 420
469363 10 772
469364 14 721
469564 11 703
471510 10 715
471560 4 77
471583 15 850
476342 2 479
479308 11 643
488985 2 1251
489719 14 482
494598 1 2455
495185 3 1055
496914 1 215
501998 1 1064
504276 1 1699
506053 11 347
506251 2 324
512564 12 637
515486 11 666
518202 12 547
518203 11 533
519754 10 695
520567 12 740
524929 8 480
