3072 1 309
3466 12 534
3467 19 487
3468 17 520
12217 2 211
12220 3 415
12221 1 688
12222 1 256
12236 5 646
12259 5 682
12266 4 653
12274 3 276
12279 1 503
12280 1 453
18131 14 275
18132 9 472
18133 24 434
18761 2 492
27129 1 189
27968 1 459
32171 1 579
32201 3 564
32213 3 509
32224 3 564
32585 1 615
32706 1 352
34276 1 558
45461 1 291
46519 4 453
51119 23 458
51120 10 432
51121 26 491
51122 20 549
51123 44 683
51124 20 405
51125 7 345
51126 21 497
51127 17 377
51128 20 461
51129 15 337
51130 7 385
51131 8 329
55682 3 106
56769 1 952
57679 2 96
57871 4 153
59265 1 30
62587 1 40
66345 1 617
69097 1 34
71376 1 129
72249 6 284
72393 7 286
74760 3 160
79316 1 67
83432 1 51
87791 2 164
89718 4 186
91533 5 242
92091 1 42
94606 5 301
98094 9 463
98754 2 203
99410 1 62
100340 6 169
106371 1 885
107027 4 194
107458 1 202
108287 5 177
109224 3 478
111405 1 59
113663 3 591
119639 1 41
120356 1 546
121397 2 559
122448 4 535
125974 5 181
126750 4 265
127317 1 247
127434 1 438
127510 1 73
127537 3 301
127571 1 642
132100 7 780
133007 5 249
133954 10 192
136235 1 300
136894 5 245
137127 1 40
137135 1 48
137382 5 169
137528 1 754
142461 4 202
144083 2 78
146207 12 233
147149 3 113
147412 1 415
147798 3 155
151856 1 277
152461 1 384
153219 5 324
154356 1 45
155033 1 316
157456 1 63
157772 3 106
159295 2 82
160282 1 507
162024 3 103
163733 2 496
165922 1 441
167126 3 395
167160 1 355
167809 2 81
168428 11 591
171450 8 679
173458 2 54
174993 7 328
176203 2 566
177577 24 611
178442 1 339
178996 11 5818
179016 3 92
179029 15 307
179036 5 146
182384 4 115
182916 1 198
183373 1 184
183421 7 260
184684 5 266
188170 3 636
192863 4 101
193076 3 71
193322 6 226
193335 7 219
194209 6 170
194437 1 777
201226 3 199
202543 10 406
203186 1 698
204728 2 516
208506 1 6627
209335 6 93
214669 3 110
215152 3 133
216543 2 266
216659 1 85
217183 3 74
218387 1 101
219143 3 607
220053 3 135
221589 1 554
223526 2 684
228083 1 503
231002 3 221
240105 1 42
241446 1 302
243231 1 459
245575 1 95
247415 2 189
254388 1 1001
254735 1 154
264043 3 613
264046 2 818
268969 2 221
274175 5 347
275283 2 491
276249 1 339
282060 1 79
282818 3 981
286583 27 19748
286849 4 685
287186 3 1580
287256 2 824
287920 1 367
288217 5 818
288244 2 344
288245 1 173
288254 1 287
288408 2 196
288460 2 329
290256 1 30074
290402 1 226
290440 1 15196
301865 6 18367
302681 1 1135
303734 1 25485
304299 4 85
307453 1 49380
307477 1 913
307531 2 471
307535 1 122
307591 2 425
307603 2 177
307620 1 440
308859 6 5677
310225 4 368
314166 1 322
315463 3 178
316731 1 105
317261 1 101
317407 9 1042
326129 1 67196
326220 1 164
326304 1 248
327349 5 8654
327356 1 1565
327384 1 19585
327407 1 18061
336196 1 266
338353 3 351
338649 5 7414
341811 2 191
342312 1 479
342645 2 595
349720 1 852
349891 1 852
356106 5 113
361211 1 313
364336 1 492
369012 1 729
371803 1 318
373007 1 2270
373248 1 625
373257 3 230
373722 1 324
374014 38 80805
374232 2 1121
374953 5 392
376245 1 82
384381 4 690
388771 3 231
391842 2 320
393526 2 8178
393550 1 30891
393553 2 2021
394898 1 26758
396258 1 38258
398290 2 636
398350 1 550
401461 1 425
403325 1 814
404014 1 656
404033 1 437
404201 1 402
404335 1 307
404875 1 215
405661 2 525
406359 1 95
407346 10 682
407993 1 93
408009 3 587
408670 1 203
408880 6 709
409545 1 319
411310 5 910
411651 1 36
411667 12 670
412639 2 739
413429 1 1512
413782 1 1079
414008 1 103
414255 1 997
414775 3 286
415890 2 800
421133 1 840
423724 2 771
424173 1 292
426119 1 819
426840 2 122
427085 1 744
429337 2 1080
429411 1 668
429705 1 574
430492 1 739
431176 1 382
431767 1 491
432546 7 410
433040 1 378
433182 1 385
433634 1 1058
433771 1 57
433787 2 2583
434060 1 428
434527 6 1397
436002 1 455
436334 1 3020
436580 2 666
437647 1 529
438843 1 445
440686 3 797
441194 1 322
443904 1 899
444068 1 300
448306 1 46
449180 7 499
449332 1 525
449610 2 102
450558 1 356
450719 1 313
450741 1 313
451331 1 446
451750 2 1313
452046 1 976
453975 1 174
454581 3 103
455381 1 779
456959 3 951
458418 1 241
459758 2 637
460157 1 596
461478 1 503
463230 1 425
463386 1 85
464518 1 627
464600 6 274
464869 1 498
465052 4 336
465690 1 425
467087 1 548
467895 1 404
468325 1 190
471036 1 365
472590 2 445
474338 1 1136
474442 6 355
476250 2 3982
477836 4 850
477915 1 617
478645 8 645
478742 2 1205
479915 1 356
480519 2 789
481061 1 456
481153 2 254
481501 4 724
482874 1 917
483154 1 535
484400 24 806
486123 1 87
486471 1 223
486744 1 702
487453 1 175
487761 1 152
489028 1 723
490134 5 413
490544 4 113
490740 1 54
491107 1 1484
491283 1 316
491646 8 503
492598 1 595
493527 1 817
494955 1 46
496055 9 384
496308 1 42
496386 1 424
496596 3 2298
498517 1 501
498930 2 560
502460 1 1411
502465 2 557
502533 1 463
502617 2 156
502823 3 263
503215 1 448
506244 4 1596
506432 1 264
506992 2 67
509344 2 124
509345 1 677
510718 2 180
513415 1 1113
514774 2 1086
515244 1 455
515353 4 1260
515418 1 594
515431 1 1207
515485 1 1328
516043 1 1406
516624 4 408
517767 1 673
517916 6 243
518085 4 494
518973 1 187
519172 1 347
520220 2 685
520317 1 1347
520609 1 1617
522799 1 204
524525 1 753
524711 1 310
525624 4 771
525978 1 611
526231 2 2610
526390 2 248
33 1 19382
455 13 18030
673 2 196
2641 9 17392
3816 3 561
4137 13 16130
4184 1 372
4205 1 965
4338 207 16989
5662 10 309
5919 2 510
5987 9 738
6004 6 646
6367 13 17463
7895 2 302
8148 6 17754
8212 19 455
8214 19 269
9697 2 217
12216 4 450
12217 4 211
12218 3 222
12219 2 492
12220 16 415
12221 8 688
12222 5 256
12223 1 809
12224 7 603
12236 17 646
12237 3 332
12238 8 263
12241 3 279
12243 4 197
12244 4 671
12252 3 268
12253 1 531
12259 31 682
12260 4 160
12266 6 653
12268 8 413
12269 2 180
12270 24 620
12271 37 402
12272 23 268
12273 4 189
12274 23 276
12275 2 149
12276 2 448
12279 5 503
12280 2 453
12281 8 443
12282 1 189
12284 4 287
12286 15 724
12287 10 332
12288 5 268
12289 15 308
12290 11 357
12291 4 478
12292 7 480
12295 4 466
12296 15 727
12297 7 379
12298 18 699
12299 12 418
12300 24 652
12301 10 616
12302 8 408
12303 8 693
12304 13 667
12305 4 425
12306 5 497
12307 5 258
12308 1 412
12311 4 261
12312 16 558
12313 12 379
12314 8 326
12315 3 381
12317 6 499
12538 1 271
12709 4 20008
12985 21 7361
13400 9 1515
13744 3 329
13912 18 17501
14864 1 133
16871 1 236
17233 8 328
18525 4 173
18761 3 492
19097 3 283
19871 2 204
21398 3 404
21614 7 32241
23488 5 507
23933 6 675
25656 17 15042
26069 13 293
27424 7 13034
27968 1 459
31629 13 21435
32171 4 579
32259 1 489
32382 18 768
32480 1 578
32481 8 505
32485 4 408
32489 1 661
32490 9 438
32496 1 500
32503 1 239
32504 3 404
32518 2 497
32519 2 437
32522 1 521
32541 2 579
32543 4 530
32544 9 371
32545 1 92
32547 4 150
32549 5 532
32557 14 438
32558 16 510
32559 16 380
32560 13 500
32561 5 361
32562 9 512
32563 11 400
32565 1 550
32567 5 253
32579 2 508
32581 2 374
32582 8 719
32584 16 952
32587 3 647
32589 4 557
32592 32 678
32593 12 377
32595 6 453
32600 6 210
32604 10 883
32620 1 349
32621 2 642
32622 4 605
32632 4 401
32637 1 434
32658 1 542
32659 3 399
32660 1 264
32667 1 330
32672 11 375
32674 5 492
32682 1 393
32701 1 302
32704 4 389
32705 1 165
32721 3 362
32722 2 549
32733 18 609
32734 5 494
32740 1 356
32750 1 212
32753 1 365
32754 4 361
34246 11 19523
34276 2 558
34507 2 113
36391 1 10294
36442 2 298
36498 27 20156
36802 285 29903
37783 3 241
37964 20 524
38874 1 412
39111 1 188
40798 1 372
41758 15 422
43640 8 18238
45461 2 291
45872 11 15512
46464 2 538
46519 2 453
46917 5 10490
47642 2 11472
50793 2 295
52214 23 64459
52678 13 15365
54527 26 19068
54818 3 403
55371 10 52248
56324 9 701
56649 6 105
56769 4 952
57166 2 115
59254 3 51
60684 12 503
61867 4 127
62937 1 722
66345 12 617
66489 2 688
66727 24 532
68113 1 65
69879 3 202
70161 1 284
71376 1 129
73525 1 438
74236 2 49
76076 3 75
76077 2 70
76735 3 211
79421 3 61
79600 1 312
82957 5 362
86383 2 36
86574 2 40
92988 3 93
93053 4 130
93193 5 157
94606 9 301
94916 3 60
95921 3 71
96334 6 135
97679 3 39
98094 16 463
100340 10 169
100908 3 50
103786 1 201
108153 9 156
108287 5 177
108385 8 146
108558 1 161
109224 2 478
110033 3 70
110767 1 189
111405 1 59
112876 3 32
113663 1 591
120356 1 546
121566 2 34
122448 4 535
123042 10 103
124145 1 294
125176 1 300
125954 2 152
126052 1 49
126753 1 129
127537 2 301
127571 2 642
128924 4 48
129100 3 88
130596 1 168
130620 5 178
131840 3 230
133007 1 249
133752 2 844
134925 4 79
135093 4 64
136235 1 300
137528 25 754
143056 3 40
144452 3 43
144458 3 45
146006 3 60
147798 1 155
148738 2 36
149962 3 44
151241 3 42
151511 11 603
153308 1 434
156095 3 108
164477 1 150
165446 1 590
165461 3 50
165922 1 441
166795 3 447
167160 6 355
167648 3 46
169457 3 79
171450 1 679
173032 10 366
173376 3 41
173836 1 657
176096 8 473
177726 17 663
178723 3 46
178996 7 5818
179354 1 131
181144 4 50
181635 11 685
183373 1 184
184407 1 280
186467 29 456
186760 5 50
187936 3 51
188170 2 636
188413 3 274
191495 4 49
191866 10 129
191926 3 45
192701 1 279
194214 2 73
194217 3 378
194830 3 45
195992 1 277
196551 4 45
197459 3 44
199723 2 41
202064 3 49
206300 3 42
207384 3 45
208466 3 50
208490 3 46
208506 4 6627
211037 3 50
212201 2 42
212527 9 429
215310 1 565
218593 1 514
218844 3 44
218849 3 56
219143 1 607
221025 2 663
221027 4 367
221589 2 554
223936 1 243
224410 3 43
224705 13 645
226128 4 61
226571 2 648
227975 4 552
228895 1 512
232071 1 626
235179 1 602
235523 3 49
236709 1 471
237146 1 200
239241 1 263
244820 1 63
245577 1 452
249492 1 558
249974 2 251
249998 1 461
251750 1 218
253784 3 42
254388 3 1001
254637 2 110
255771 1 140
257081 3 44
257097 1 57
257188 3 50
258021 3 40
263085 3 116
264041 17 634
264043 21 613
264045 14 623
264046 24 818
264522 15 381
265810 43 16729
265816 39 25803
265845 39 17259
265968 1 235
268421 1 557
275283 4 491
281813 8 161
282818 9 981
283969 2 931
286583 1 19748
286849 1 685
287186 1 1580
287256 3 824
287935 2 507
288024 6 135
288217 1 818
288620 2 2027
289013 1 285
289348 11 18428
290220 6 1025
290256 28 30074
290440 46 15196
290465 55 15747
293011 3 2565
294967 33 7544
297407 5 1728
301865 7 18367
302309 1 65
303184 2 165
303734 30 25485
304935 5 235
305576 4 113
305792 2 787
306052 1 3462
306175 17 10421
306237 18 26903
307395 5 1185
307453 38 49380
307527 2 1142
308186 25 36306
308742 2 953
308859 1 5677
308919 26 13545
308947 19 16976
308973 26 13545
309001 19 16976
313054 23 352
314166 8 322
319647 1 92
320247 24 10051
320248 12 13098
320814 7 198
326123 6 14885
326129 55 67196
327122 14 16929
327123 14 16927
327384 81 19585
327394 30 22044
327407 61 18061
331076 1 90
331432 58 8083
331636 1 195
335266 1 440
338649 8 7414
339664 1 58
339932 2 103
343597 4 67
347691 7 3618
347837 105 63219
347869 34 47445
348744 1 3039
349720 1 852
349891 1 852
351806 1 442
352548 11 159
356533 2 574
358714 7 99
358854 3 106
359279 4 64
360841 10 142
361211 3 313
362605 5 1540
363606 1 117
364336 1 492
371872 3 594
372278 3 28092
372406 24 14595
373079 1 299
373104 1 441
373393 3 89
373722 3 324
373834 8 44460
374014 54 80805
374928 5 2941
374994 37 13993
378569 41 633
384402 6 162
388809 5 81
390874 3 101
391354 3 88
391842 1 320
393526 97 8178
393550 32 30891
393553 10 2021
393747 213 58177
394751 3 298
394838 1 194
394851 1 414
394898 10 26758
395199 3 299
395436 6 98
395640 12 17885
396258 6 38258
397121 9 219
397250 3 647
397668 1 99
397681 11 428
398290 1 636
398316 28 542
398350 10 550
398546 7 1060
398632 4 78
398694 5 192
398709 3 407
399629 7 78
399828 2 683
399892 13 259
400122 2 112
400997 13 1415
401461 15 425
401528 14 266
402541 9 525
402632 2 77
402939 6 416
403356 4 1646
403416 1 109
403743 4 924
404014 1 656
404089 4 119
405689 67 885
406890 4 119
407642 3 88
407669 2 376
407962 1 221
408009 1 587
408126 5 61
408670 1 203
408880 1 709
409832 1 123
410416 9 210
410509 12 628
411161 12 798
411691 3 48
412069 1 51
412121 2 581
413413 2 489
413429 60 1512
413430 2 1006
414234 1 94
414504 5 678
415068 4 69
415645 4 313
415960 9 409
416949 13 362
418624 4 53
420839 1 456
421133 4 840
422933 14 343
423724 3 771
424173 1 292
424271 10 161
424362 1 1216
424681 19 1229
424992 5 82
425015 13 184
425515 1 123
425578 10 597
425728 1 344
426119 1 819
427085 18 744
427658 1 245
428185 7 128
429320 7 128
429411 11 668
429487 1 1078
430492 15 739
430522 1 948
430559 2 848
431176 1 382
431362 10 139
431398 1 387
431865 10 266
433182 1 385
433634 7 1058
434725 3 57
435308 4 1190
436002 5 455
436334 1 3020
437470 4 365
437706 12 532
438322 4 365
438841 3 527
438843 4 445
438907 3 52
439942 9 823
440370 9 1507
440807 4 110
441047 2 492
441552 1 112
441693 26 782
441694 6 567
442675 10 252
445732 1 39
446792 1 497
447263 5 447
447443 1 709
447559 9 138
450265 12 364
450548 3 175
450558 6 356
450719 1 313
450741 1 313
451331 1 446
451341 1 69
451627 1 152
451750 5 1313
453045 12 618
453757 3 348
453975 3 174
453998 1 768
454319 17 716
454331 3 45
454412 5 571
455162 1 84
455381 6 779
455856 9 122
455874 1 768
456126 1 33
456370 4 76
456959 1 951
457680 4 78
458051 1 54
459141 3 408
459453 1 908
459758 8 637
460018 6 491
460808 3 493
461350 3 44
461478 2 503
461521 1 329
461896 8 457
462399 2 141
462914 2 147
463172 4 302
463286 6 102
463864 3 433
464130 5 84
464518 1 627
464676 2 112
464869 2 498
465523 19 355
466446 1 772
466495 2 503
467895 1 404
468325 4 190
468609 1 1099
468816 2 131
468947 9 170
470971 1 354
470994 1 60
472590 2 445
473548 3 215
474707 11 420
475440 5 419
476250 1 3982
477015 9 793
477187 1 674
477836 1 850
479686 12 337
480519 1 789
480753 4 87
480873 1 272
481171 17 1054
481269 3 111
481501 1 724
482531 2 254
483450 6 261
484371 2 1047
484400 1 806
486462 10 1171
486471 2 223
486744 1 702
486928 16 531
487363 5 714
487453 2 175
488130 4 90
491107 1 1484
491283 6 316
492568 9 611
492598 4 595
493383 6 100
493527 1 817
493579 13 376
493919 2 410
494738 10 180
495382 7 128
496055 15 384
496386 2 424
496603 5 728
497958 1 646
498147 6 671
498930 2 560
500767 5 357
500911 11 323
501147 15 1092
501203 29 537
501482 11 419
501572 2 691
502280 4 69
502420 13 564
502460 4 1411
502465 2 557
502617 2 156
503215 10 448
503403 3 152
503571 7 371
503953 6 141
504114 2 88
504653 41 688
504717 1 401
504731 12 823
505493 4 77
505776 3 59
507269 2 399
507298 3 389
508425 5 89
509345 2 677
510555 1 140
511017 4 84
511169 2 78
513415 4 1113
513938 6 111
513994 5 122
514774 33 1086
514777 1 380
515244 2 455
515353 6 1260
515418 1 594
515485 1 1328
515925 11 338
516043 1 1406
516142 1 192
517467 1 352
518858 22 298
519172 1 347
520080 18 628
520220 1 685
520609 1 1617
522149 11 539
522728 35 1246
522799 1 204
523789 1 584
524495 25 475
524687 1 999
524860 7 364
525624 1 771
525637 1 369
526231 12 2610
526310 1 1587
961 1 483
3072 1 309
4172 1 529
8299 1 585
9697 2 217
12217 2 211
12220 3 415
12221 4 688
12222 1 256
12236 6 646
12259 1 682
12266 2 653
12274 1 276
12280 1 453
12538 1 271
13744 2 329
14864 1 133
19871 2 204
19872 9 552
19875 1 62
19876 9 470
19877 9 431
19879 6 558
19881 8 506
19882 6 367
21220 1 6993
21398 4 404
23933 1 675
27968 1 459
28362 1 278
30127 1 403
32259 1 489
34253 2 421
34254 5 670
34264 2 527
34276 1 558
34722 4 13257
38874 4 412
42323 1 200
45180 1 475
46468 1 500
47939 1 536
47948 1 284
47949 3 285
47950 10 1422
51867 1 483
54818 4 403
59756 1 41
70161 2 284
94606 7 301
95923 2 148
97484 2 437
98094 11 463
98396 1 72
99211 1 747
100340 6 169
108287 5 177
122448 2 535
130596 1 168
137528 1 754
145408 1 51
150282 1 96
152461 1 384
159962 3 331
160282 1 507
161954 2 705
165446 2 590
167126 1 395
173836 1 657
178442 1 339
182121 1 190
183156 1 173
194437 1 777
197333 3 342
203186 1 698
208503 1 367
218043 1 83
223656 1 75
228173 1 143
232071 1 626
243231 1 459
245766 2 149
255860 1 86
258835 3 562
264043 2 613
283969 2 931
288620 1 2027
290406 3 2246
293011 1 2565
297407 2 1728
302681 1 1135
305792 2 787
306052 2 3462
307395 2 1185
307453 1 49380
307588 2 407
307591 6 425
308742 1 953
308773 2 1955
308811 2 1955
315379 6 652
326304 1 248
326306 1 117
331326 1 130
335266 1 440
342312 1 479
347817 5 205
348744 1 3039
349720 1 852
349891 1 852
350364 3 291
356533 2 574
362605 1 1540
364336 1 492
365498 1 413
371872 2 594
373219 1 133
373248 1 625
374795 1 389
374917 3 234
374928 1 2941
383036 5 564
394751 1 298
394998 2 232
395035 1 168
395199 1 299
395640 1 17885
396737 1 85
399441 2 367
399746 1 192
400026 1 73
400578 1 48
401479 1 51
401631 2 643
402889 1 402
403325 1 814
403356 5 1646
403743 2 924
404033 1 437
404201 1 402
404335 2 307
404875 2 215
405041 1 193
405661 1 525
405899 2 88
406359 1 95
407642 1 88
408599 4 130
408884 1 152
409535 2 509
409545 1 319
410241 1 123
411161 1 798
411734 1 309
414255 2 997
414411 1 110
414504 1 678
415212 1 74
415238 2 84
416380 1 108
418866 1 414
419094 1 660
420026 2 124
420514 2 373
421071 4 2514
421133 1 840
421419 1 89
421768 3 343
424362 1 1216
424622 1 270
424681 1 1229
424869 1 68
425057 2 142
425361 3 370
425370 2 335
425821 3 327
426608 2 470
427226 1 207
429487 2 1078
429705 1 574
430570 1 130
431727 1 109
432314 2 479
432970 1 396
433040 3 378
433787 1 2583
433893 4 429
434456 1 87
434527 19 1397
435308 3 1190
435690 1 193
436002 2 455
436334 4 3020
436580 1 666
437470 2 365
437647 1 529
438404 7 574
438723 1 263
438843 1 445
440709 1 218
441694 1 567
443035 1 55
443411 2 513
443904 1 899
444068 1 300
446792 1 497
447443 2 709
447569 1 207
447811 1 567
448569 1 250
449022 1 68
449332 6 525
452046 3 976
453467 7 365
453998 2 768
454412 1 571
455176 4 430
455410 2 98
455412 2 82
455479 1 97
455874 2 768
456471 2 401
456959 1 951
456969 1 1081
457301 1 75
459171 1 233
460020 1 207
460026 2 61
460157 1 596
464258 4 132
464509 3 237
464554 3 127
464787 3 323
464869 1 498
464953 3 210
465690 1 425
466446 6 772
466898 1 74
468288 4 250
469249 2 112
472511 2 86
472734 1 50
474280 2 100
474338 3 1136
474352 3 146
475440 1 419
476250 2 3982
477015 1 793
477082 1 86
477347 2 206
477915 2 617
478645 3 645
478742 1 1205
480367 2 94
481812 1 207
482874 1 917
483141 1 210
483154 1 535
483882 1 556
484371 3 1047
486123 1 87
486462 1 1171
487373 3 439
487502 1 194
489028 1 723
489250 1 106
490963 2 48
491107 1 1484
491629 37 838
492190 2 81
493605 1 909
493919 1 410
494223 3 423
494867 1 257
494921 2 556
494997 2 171
496055 5 384
497107 1 72
498116 1 212
498517 2 501
500767 1 357
501063 1 181
501130 2 93
501592 1 75
502465 1 557
504516 2 53
506244 1 1596
507298 1 389
507509 1 106
507881 1 222
510737 1 218
511525 3 363
511560 4 595
513415 2 1113
514375 2 258
514450 1 94
514774 2 1086
515380 1 472
515485 13 1328
515925 1 338
516043 1 1406
516142 1 192
516936 2 426
517037 2 100
517467 1 352
518973 1 187
520317 1 1347
520360 3 458
520405 1 275
520609 1 1617
520612 1 783
521565 1 117
521900 1 130
524687 2 999
524711 1 310
525163 3 130
525624 1 771
525867 6 149
525978 8 611
526310 2 1587
