3984 1 229
3985 1 284
4063 1 436
4327 1 361
7430 1 510
7591 1 366
12709 2 20008
13251 2 296
14912 7 614
15831 2 277
17741 1 470
21971 1 616
25218 7 9144
28140 1 435
28644 2 2304
30686 1 4151
33957 3 8237
36087 2 370
36391 2 10294
38688 1 2505
43290 1 374
43523 6 512
45116 1 339
47642 3 11472
52214 21 64459
57050 5 243
61198 2 185
61973 1 161
62523 1 105
64639 1 70
66471 1 329
66596 1 27
66814 1 27
67650 1 121
68166 3 404
69747 1 245
70882 1 29
71115 1 29
73814 7 403
76116 1 649
76410 1 38
78368 1 105
79823 1 313
80042 1 582
80065 1 62
80419 3 716
81817 1 232
81886 2 421
82195 1 690
85512 1 578
86285 3 537
87900 3 305
88319 1 150
90094 2 651
91059 1 233
93659 1 97
94047 1 508
94196 1 187
94638 3 197
94815 3 169
96021 1 634
100485 1 65
100582 1 163
101582 3 442
102903 1 161
103008 1 236
103284 3 159
103347 3 227
103950 1 204
104494 1 868
105246 2 119
106279 1 305
107096 1 174
107195 1 152
107953 1 162
108067 1 421
108071 6 302
111358 2 97
115763 1 150
116893 3 925
116942 1 43
117592 2 431
118014 2 249
119002 1 208
119218 1 185
119226 2 50
122038 1 619
123120 3 121
124518 1 323
131684 2 60
132868 1 453
133078 1 1158
133837 1 147
135552 1 106
140185 1 171
140235 3 344
145936 1 409
146160 23 670
149608 2 217
150581 2 79
150785 1 184
151047 1 354
151631 2 754
152020 1 70
154601 3 154
157045 1 112
157282 1 46
157301 1 176
160596 2 297
160778 3 495
160801 2 439
161843 1 259
164368 2 183
165112 2 509
166628 2 193
171167 5 205
172992 1 401
173395 4 276
173747 1 188
175747 2 311
179251 1 753
185425 4 661
188957 1 205
192804 9 311
194244 2 361
199749 1 363
200351 1 830
205045 1 431
205521 1 209
208068 1 116
209996 1 113
210542 2 98
210876 1 458
211071 3 171
213774 1 189
214030 1 191
214467 1 133
214476 1 133
215149 2 257
222707 1 191
222770 1 634
225465 1 988
226776 1 63
230883 1 726
231185 2 1046
233238 1 862
233239 2 427
233241 2 321
233591 1 430
235882 4 349
237472 2 643
238044 1 117
239280 1 126
239509 1 270
239995 1 191
240011 1 216
240178 4 371
240699 3 316
241488 2 559
243839 1 565
251128 1 140
251133 1 185
252302 2 202
253305 2 323
253533 3 124
253556 1 101
253836 2 344
255935 1 422
256009 3 359
256622 1 109
256627 2 232
258568 1 520
259059 1 149
264235 2 106
264630 1 615
264836 1 588
265816 2 25803
265845 1 17259
265854 5 21100
265984 3 202
266690 2 184
266875 1 163
267445 8 6726
268461 2 126
268685 4 998
268983 4 280
269104 1 134
269292 1 84
269613 3 316
270511 1 3250
270658 5 2519
270679 2 260
270890 1 2870
271228 3 280
271279 1 130
271910 3 939
272040 1 299
272073 1 298
272251 2 220
272269 33 4027
272301 2 215
272472 1 481
272975 1 217
273317 1 270
273346 1 494
273446 1 624
273509 1 106
273607 2 836
274076 1 147
274176 2 358
274792 16 2434
274800 15 2171
275203 6 128
275705 1 72
275910 5 221
275989 5 270
276551 9 271
276705 4 164
276872 3 164
280120 1 86
280619 33 11500
280710 3 167
280988 6 469
281416 2 101
281525 5 1000
282018 5 119
282436 8 271
283141 4 4279
283461 4 504
283718 5 128
283934 2 131
284690 1 101
285333 1 419
285706 6 202
286228 1 2804
286230 3 2459
286583 9 19748
286642 52 1292
287098 2 529
287743 2 378
287906 13 5750
288211 1 216
289348 45 18428
289370 3 902
289502 1 226
289503 6 442
289570 2 564
289610 2 2184
289684 7 964
289701 1 239
289708 10 278
289713 9 648
289734 2 4107
289740 13 358
289830 26 3054
290010 2 264
290021 9 1574
290148 25 3390
290196 6 537
290207 9 562
290465 2 15747
292520 1 232
293886 1 163
294097 2 431
294105 5 259
294444 3 139
294455 5 107
294644 1 326
294967 2 7544
295179 3 189
295390 1 236
295483 3 193
295632 2 173
295857 2 377
295894 3 203
295895 1 147
296164 1 785
296197 8 531
296513 10 1864
296661 1 164
296747 5 281
297497 1 137
298822 1 534
299778 2 5938
299779 1 795
300716 1 99
300774 7 757
300982 1 3200
301865 23 18367
302041 3 222
302162 1 1288
302275 4 136
302276 3 263
302438 2 405
302439 1 104
302440 1 96
302616 1 118
302688 18 1782
302716 2 143
303514 8 1138
303731 2 3106
303734 47 25485
304648 1 79
304952 2 365
306120 13 1239
306175 1 10421
307010 1 111
307108 2 118
307205 1 207
307233 1 644
307237 2 670
307407 1 483
307453 214 49380
307647 1 118
308108 2 370
308186 9 36306
308191 2 676
308246 1 20735
308363 10 1229
308513 6 8438
308548 7 544
308553 31 8271
308614 5 1092
308660 6 2535
308717 3 931
308719 1 601
308774 25 2539
308859 12 5677
308947 2 16976
309001 2 16976
309551 1 98
309662 1 101
310339 4 793
310639 5 4161
310748 2 305
311446 3 346
311929 12 9534
312761 1 2087
312840 1 147
312861 1 109
312897 1 224
312991 2 165
313016 1 387
313216 1 201
313261 2 120
313711 1 256
313910 4 168
314031 1 113
314068 23 3248
314090 4 181
314091 2 142
314270 29 4790
314541 1 193
314822 32 6501
315200 13 580
315257 2 1017
315328 9 176
315425 6 220
316067 36 2272
316073 2 94
316201 1 254
316310 2 434
317174 3 520
317175 2 322
317176 2 435
318350 9 2486
318702 1 975
319113 1 145
319227 1 105
319304 6 637
320000 22 1125
320369 1 123
321452 2 918
321576 5 96
321637 3 298
321660 8 276
321936 2 249
322096 2 901
322194 1 138
322199 7 423
322764 5 203
322765 2 136
322768 3 198
322770 5 281
322962 1 92
322966 3 148
323099 2 150
323154 11 948
323267 4 125
323421 1 197
323941 1 199
324229 2 91
324230 2 138
324337 1 178
324350 2 235
324356 3 365
324764 2 393
324803 1 222
324876 1 668
325210 4 794
325654 2 624
325656 6 547
325943 2 217
326086 3 283
326123 20 14885
326129 51 67196
326431 3 191
326828 6 2534
326838 6 1167
326881 6 2766
326916 3 992
326960 2 3440
326977 21 936
326979 9 1930
327066 2 400
327073 17 823
327094 5 3381
327122 40 16929
327123 40 16927
327146 1 1180
327161 58 2446
327162 2 272
327284 2 190
327349 13 8654
327394 8 22044
327407 1 18061
328358 1 1941
328506 1 4280
329745 1 242
330770 16 280
331004 1 234
331153 1 109
331246 1 334
331914 2 136
333381 2 78
333436 6 171
333914 2 360
334075 1 306
334177 1 392
334265 1 146
334284 1 1172
334529 1 271
334756 4 1139
335375 8 1783
335485 4 122
336050 3 261
336051 2 148
336719 5 6871
336878 14 1898
337079 2 198
337388 1 168
337504 1 162
337785 3 327
339168 3 373
339748 1 149
340272 6 447
341969 2 168
342015 1 89
342828 4 179
343584 1 89
343600 1 173
343659 1 134
343723 1 96
343748 2 102
343893 6 213
344073 2 129
344086 2 517
344162 1 244
344259 1 86
344549 1 152
344648 16 2183
344734 1 135
344902 5 3914
344925 2 124
344934 2 1653
345008 3 340
345037 1 204
345079 1 306
345611 2 93
345639 2 181
345796 1 450
346882 3 557
346927 3 1230
347039 1 330
347156 1 211
347193 1 211
347326 4 106
347703 2 633
347837 23 63219
348497 3 333
348772 1 377
348839 3 274
349521 1 559
349540 21 2170
349542 9 2145
349597 8 868
349628 2 950
349636 4 696
349749 6 1217
349822 11 1660
349909 5 1757
350006 9 825
350013 21 2165
350014 32 2309
350021 16 6267
350099 18 1607
350144 5 2979
350321 1 1015
350340 2 2248
352210 1 126
352459 1 247
352626 1 7519
353136 5 262
353647 2 608
354130 4 522
354236 1 1022
354665 4 2722
354696 2 1416
354756 1 1140
354834 2 412
355115 1 272
355134 2 134
355194 2 121
355413 2 304
355621 2 155
355766 3 147
355965 2 254
356060 2 217
356063 5 101
356263 1 336
356367 2 1220
356648 1 118
356738 1 143
356859 3 195
357395 4 588
357577 5 716
357645 1 201
357734 2 329
358037 1 132
358038 1 107
358511 4 1250
358762 5 160
358913 1 129
359015 6 1351
359043 20 1007
359152 2 9815
359438 6 164
359717 2 597
359937 4 819
360194 1 133
360206 1 287
360424 1 123
360671 1 171
360676 1 237
360771 3 168
361616 1 227
361937 4 173
362548 8 456
363220 10 821
363453 10 3056
363474 1 1102
363853 3 406
363854 6 227
363885 7 909
365681 7 520
366081 1 75
366252 2 390
366342 10 803
366657 4 249
366949 1 190
366990 1 116
366997 1 272
366998 1 147
367124 15 2991
367791 1 2239
368006 1 137
368827 1 490
368964 1 148
369045 1 105
369266 1 145
369268 1 97
369502 3 135
370025 2 163
370153 1 262
370179 1 483
370229 1 135
370259 1 230
370438 5 92
370640 1 122
370664 7 296
370781 2 205
370820 4 168
370821 3 200
370831 5 364
370839 1 736
370965 1 75
370977 1 207
371108 1 292
371110 3 428
371495 2 397
371721 5 4737
372505 21 2165
372521 2 1409
372545 1 136
372638 1 242
373007 6 2270
373012 1 223
373014 6 3572
373059 1 1969
373135 2 1230
373834 27 44460
373927 6 1506
373937 12 4632
373939 1 1158
374014 3 80805
374126 5 390
374228 8 708
374483 10 1695
374538 27 5162
374559 4 1164
374590 12 4237
376386 2 9418
376497 2 191
376504 25 513
377028 2 347
377352 1 123
377529 2 2696
377912 7 228
377935 2 3616
377955 1 243
378022 4 226
378238 2 216
378247 2 390
378852 1 417
378855 5 345
378962 1 420
378992 1 151
379154 1 167
379158 1 133
379159 3 274
379312 10 1504
379470 3 207
379757 2 154
379765 1 268
380113 1 178
380322 1 175
380508 6 137
380511 1 107
380641 1 375
380672 10 302
380745 7 233
380754 3 139
380810 3 151
380834 2 185
380952 2 296
380968 2 158
381009 1 586
381041 2 119
381089 1 130
381128 3 293
381273 1 132
381394 1 123
381400 4 1559
381534 2 209
381652 5 2111
381836 1 135
382389 4 522
382746 2 218
383093 3 197
383809 2 184
383831 1 292
384180 2 203
384181 1 146
384194 2 203
384195 1 146
384223 1 222
384575 1 123
384606 2 211
384633 1 143
384807 2 219
385160 5 247
385162 1 296
385345 3 231
385456 1 634
385579 2 1783
385795 2 1893
385809 1 368
385926 1 509
386877 1 168
388111 1 77
388452 2 997
388724 2 140
389422 11 280
389565 19 1929
389760 1 360
390214 2 188
390314 1 187
390326 2 188
390360 1 187
390419 2 227
390508 2 237
390510 8 181
390593 3 295
390630 1 104
391179 2 663
391224 15 2755
391430 1 79
392167 5 126
392196 2 605
392596 6 102
392597 2 269
392689 1 138
392743 1 338
392757 10 178
392784 1 113
393358 4 144
393550 90 30891
393610 1 1165
393747 1 58177
393878 1 592
394228 2 999
394295 1 210
394898 4 26758
394924 2 223
395126 1 215
395242 3 23266
395591 3 1288
395627 1 447
395640 19 17885
395714 6 4780
395767 8 721
395810 18 5761
395818 108 6184
395836 26 4836
395846 3 3596
395947 23 5473
396027 16 916
396084 1 606
396088 17 3539
396147 23 5877
396168 5 325
396258 13 38258
397634 1 409
400913 1 17082
407526 1 903
408508 2 83
414051 1 169
428793 1 99
431555 2 1614
433370 2 657
436116 2 2703
439380 2 1050
439568 2 540
441140 2 2157
445105 1 195
449499 2 230
452553 1 563
452912 1 499
457556 10 579
459476 1 81
459999 2 1185
461084 1 313
461621 1 498
466172 1 178
468763 3 1289
471595 1 356
472757 5 499
473449 5 507
475888 1 88
480154 1 464
483643 2 228
484428 7 463
485236 5 304
486843 3 99
494598 1 2455
503268 8 505
506619 5 414
512770 10 679
513321 1 92
514092 1 62
523503 1 90
527655 2 488
33 2 19382
455 19 18030
531 1 291
540 1 363
697 27 689
735 10 667
1366 12 204
2641 12 17392
3984 11 229
3985 10 284
4063 2 436
4137 8 16130
4327 4 361
4338 2 16989
4451 2 544
6367 12 17463
6439 42 6333
6455 5 439
7430 2 510
7432 1 292
8148 16 17754
8315 2 316
9933 4 477
10332 1 292
10428 8 406
10515 15 670
10596 9 2754
10753 7 337
12709 1 20008
13326 2 691
13823 23 3071
14874 17 292
15035 3 193
15591 6 314
15831 13 277
16711 1 571
16766 1 478
17741 2 470
17760 2 434
17985 6 525
17987 3 469
17989 3 334
17994 7 480
17997 1 544
17998 4 366
17999 1 391
18000 4 350
18003 2 357
18012 4 398
18021 3 425
18023 4 444
19035 9 608
19038 9 461
19994 7 334
20298 1 450
21614 31 32241
21971 2 616
21972 1 628
21981 2 625
22326 1 535
24709 1 272
25218 29 9144
25240 16 405
25656 8 15042
28126 9 7816
30496 4 466
30686 10 4151
31007 11 744
31580 1 305
31629 21 21435
33029 6 688
33030 6 895
33957 8 8237
34246 8 19523
34355 7 331
34397 11 695
35074 1 701
35197 1 458
35266 8 428
36080 11 465
36087 9 370
36498 27 20156
36802 19 29903
37676 1 391
38668 2 585
38670 4 457
39090 10 461
40061 20 19463
43290 6 374
43523 1 512
43640 70 18238
45080 2 573
45116 1 339
47229 2 527
47710 1 386
49537 10 543
49539 9 345
50682 34 32839
52214 96 64459
52678 19 15365
54527 12 19068
54873 6 829
55308 10 295
60014 2 440
61097 1 124
61198 2 185
61973 2 161
62523 1 105
64507 15 278
64639 1 70
64690 4 156
64827 5 210
64880 3 181
65496 1 330
66465 2 34
66887 4 38
67650 1 121
68166 1 404
69099 1 34
69747 2 245
74489 2 290
78368 1 105
79823 1 313
80042 21 582
80046 2 283
80065 2 62
80330 38 781
80419 4 716
82195 1 690
82346 1 703
85512 2 578
86917 1 970
87900 1 305
89208 3 199
89822 1 517
90094 6 651
91059 2 233
91176 5 242
94047 1 508
94196 1 187
94815 3 169
96021 1 634
97562 1 330
98761 50 1036
99019 2 220
99698 21 272
100582 3 163
101582 2 442
102903 2 161
104494 1 868
106279 1 305
106828 2 231
107096 3 174
107195 1 152
107953 1 162
111551 10 236
113040 5 88
115509 3 31
115763 1 150
116893 1 925
117592 4 431
118014 2 249
119002 3 208
119218 2 185
121823 3 203
121970 1 448
122038 7 619
123120 1 121
124467 26 466
124518 1 323
125864 15 208
129391 1 52
131684 1 60
132480 14 272
132868 7 453
133078 2 1158
133336 3 55
135271 2 264
137508 36 787
139782 2 317
140185 1 171
140851 31 503
142292 36 382
143059 4 40
143136 1 297
144076 5 198
145936 1 409
147870 6 59
149608 3 217
149713 23 489
149754 4 44
150198 4 50
150581 2 79
150785 3 184
151047 1 354
152020 4 70
154577 28 466
154601 4 154
155935 28 510
157045 1 112
157301 3 176
159375 1 332
160447 2 123
160596 4 297
160778 1 495
160801 1 439
161843 2 259
164014 1 274
165112 5 509
165167 1 264
166628 3 193
169509 16 594
170629 3 42
172279 4 46
173747 1 188
175747 1 311
178786 2 209
178878 2 183
179251 1 753
180888 2 548
181097 9 251
183317 4 49
185425 3 661
187928 1 42
188192 2 210
188957 2 205
191393 1 335
193035 2 772
196124 3 349
197245 2 51
198423 15 241
200351 3 830
201728 6 50
205045 2 431
205051 1 273
205521 2 209
207886 1 523
208475 4 39
209192 4 46
210542 4 98
210876 1 458
211071 3 171
213774 1 189
214030 1 191
214467 1 133
214476 1 133
215149 2 257
219544 2 130
220625 22 698
222707 3 191
225465 6 988
227231 1 38
228960 2 94
229534 1 250
230883 1 726
231185 2 1046
233238 5 862
233239 8 427
233241 5 321
233591 3 430
233997 2 214
235803 2 118
235882 7 349
235948 25 435
236027 2 110
236191 1 431
236485 6 83
237329 3 120
237382 4 283
237472 4 643
237521 6 364
238044 2 117
238480 1 543
240011 1 216
240560 23 277
240699 1 316
241488 10 559
244766 1 139
245106 9 91
247861 2 53
248189 1 452
248849 33 398
249591 1 959
251033 3 34
251128 1 140
251133 1 185
252302 2 202
253305 3 323
253533 2 124
253556 2 101
253836 5 344
254496 4 310
256154 7 351
256622 1 109
256627 1 232
257532 5 61
258568 4 520
259059 2 149
261016 3 143
264235 2 106
264630 9 615
264836 9 588
265810 2 16729
265816 14 25803
265845 4 17259
265854 13 21100
266690 3 184
267374 4 332
268983 1 280
270511 1 3250
270658 5 2519
270679 2 260
270890 3 2870
271231 1 212
271279 2 130
272040 1 299
272073 4 298
272251 2 220
272269 1 4027
272301 4 215
272472 1 481
272564 1 583
273446 1 624
273465 1 284
273509 1 106
273607 1 836
274076 1 147
274176 2 358
274800 2 2171
275705 1 72
275989 1 270
280120 1 86
281922 2 166
282018 3 119
283141 5 4279
283895 2 239
283934 2 131
283973 2 239
284690 1 101
284691 1 541
285087 2 280
285333 1 419
285665 2 287
285706 6 202
286228 4 2804
286583 3 19748
287743 3 378
287906 41 5750
287939 3 245
287987 11 167
289502 2 226
289503 1 442
289684 3 964
289830 34 3054
290148 1 3390
290256 81 30074
290440 6 15196
290465 2 15747
292921 3 245
293382 1 373
293886 3 163
294097 2 431
294155 1 1216
294569 1 149
294644 1 326
294967 1 7544
295483 3 193
295857 1 377
295895 2 147
296164 1 785
296661 4 164
297497 1 137
298822 3 534
299778 3 5938
299779 2 795
300716 2 99
300982 2 3200
301865 10 18367
302041 1 222
302275 3 136
302276 2 263
302438 6 405
302439 1 104
302440 1 96
302616 1 118
302716 1 143
303514 5 1138
304952 7 365
306175 1 10421
306237 23 26903
306492 1 5234
307010 1 111
307108 1 118
307205 2 207
307224 3 99
307233 2 644
307237 1 670
307385 1 224
307390 16 898
307407 4 483
307453 491 49380
308108 4 370
308186 10 36306
308187 61 51551
308191 1 676
308246 20 20735
308719 3 601
308859 1 5677
308947 10 16976
309001 10 16976
309551 1 98
309662 1 101
310639 2 4161
311446 1 346
312401 4 5388
312761 1 2087
312861 2 109
312897 3 224
313216 2 201
313910 4 168
314031 4 113
314270 23 4790
315257 2 1017
315328 10 176
315425 4 220
316201 6 254
316310 1 434
317175 1 322
318350 5 2486
318702 1 975
319113 2 145
319304 12 637
320000 1 1125
320369 1 123
321637 4 298
322096 1 901
322194 1 138
322764 5 203
322765 2 136
322768 2 198
322770 4 281
322962 1 92
322966 3 148
323099 3 150
323267 4 125
323421 2 197
323941 1 199
324153 2 162
324229 3 91
324230 2 138
324337 4 178
324350 4 235
324356 2 365
324803 2 222
324876 2 668
325063 6 2727
325210 2 794
325654 1 624
325656 1 547
325943 3 217
326041 2 84
326086 4 283
326123 168 14885
326129 52 67196
326431 3 191
326838 2 1167
327066 2 400
327122 7 16929
327123 7 16927
327146 1 1180
327284 8 190
327384 9 19585
327394 16 22044
327407 10 18061
328358 1 1941
328506 4 4280
329262 21 218
329745 1 242
331004 3 234
331153 1 109
331246 1 334
331345 1 266
331432 13 8083
331914 2 136
332744 5 82
333712 1 415
334284 1 1172
334529 1 271
334756 5 1139
335375 1 1783
336050 7 261
336051 3 148
336719 5 6871
337388 1 168
337504 1 162
337785 2 327
339168 2 373
339748 1 149
340272 7 447
340562 10 133
341969 2 168
343659 1 134
343893 2 213
344162 1 244
344549 1 152
344734 2 135
344925 1 124
345037 1 204
345611 4 93
345639 5 181
345796 1 450
346927 3 1230
347039 1 330
347703 1 633
347837 320 63219
347869 2 47445
348497 2 333
348772 4 377
348781 21 216
348839 3 274
349521 3 559
349540 3 2170
349542 1 2145
349822 20 1660
350013 3 2165
350014 2 2309
350021 3 6267
350099 4 1607
350321 7 1015
352210 10 126
352459 5 247
352626 1 7519
353026 1 152
353217 2 282
353264 1 184
353373 1 230
353427 6 362
353647 6 608
354665 1 2722
354696 4 1416
354756 1 1140
355134 2 134
355194 2 121
355766 2 147
356060 1 217
356063 3 101
356263 1 336
356367 5 1220
356648 1 118
356698 1 252
357577 2 716
357728 1 417
357734 2 329
358030 1 147
358037 1 132
358038 1 107
358913 1 129
359717 1 597
360194 1 133
360424 1 123
360671 2 171
360676 3 237
360771 1 168
361616 3 227
362148 1 245
363220 12 821
363474 17 1102
363686 7 218
363853 4 406
363854 4 227
363885 18 909
365681 9 520
366081 1 75
366657 4 249
366683 1 221
366997 1 272
366998 1 147
368006 1 137
369045 1 105
369061 1 267
369266 4 145
369968 3 527
370025 1 163
370153 1 262
370229 1 135
370438 5 92
370640 1 122
370664 7 296
370781 2 205
370820 4 168
370821 3 200
370831 5 364
370839 1 736
370965 1 75
371108 1 292
371109 1 321
371110 4 428
371207 1 340
371495 2 397
372406 75 14595
372505 3 2165
372545 1 136
372638 3 242
373007 123 2270
373012 2 223
373014 34 3572
373059 7 1969
373135 55 1230
373834 2 44460
373927 3 1506
374014 154 80805
374126 9 390
374994 5 13993
376386 8 9418
377028 1 347
377352 2 123
377452 3 158
377529 4 2696
377935 19 3616
378022 4 226
378238 5 216
378247 5 390
378962 1 420
378992 1 151
379154 1 167
379158 1 133
379159 4 274
379312 1 1504
379470 5 207
379957 1 114
380153 1 114
380308 2 280
380511 2 107
380641 1 375
380754 2 139
380810 2 151
380952 2 296
381009 1 586
381089 1 130
381273 1 132
381394 1 123
381400 7 1559
381534 2 209
381652 2 2111
382746 8 218
383831 1 292
384223 2 222
384575 2 123
384606 2 211
384633 1 143
384807 2 219
385160 5 247
385162 1 296
385456 8 634
385809 1 368
385926 1 509
385980 5 3649
386877 1 168
387968 2 382
388111 1 77
388409 1 829
388724 2 140
389565 1 1929
389760 1 360
390214 2 188
390326 2 188
390508 2 237
390630 1 104
391179 2 663
392167 4 126
392196 5 605
392343 2 106
392596 7 102
392597 2 269
392689 1 138
392757 10 178
393129 1 355
393550 50 30891
393610 86 1165
393747 139 58177
393878 1 592
394754 4 719
394898 83 26758
394924 2 223
395222 5 80
395242 9 23266
395640 3 17885
395714 1 4780
395767 13 721
395810 1 5761
395947 1 5473
396027 1 916
396084 7 606
396168 2 325
396259 1 714
399035 26 434
399324 1 793
400913 2 17082
404542 22 480
407526 12 903
408508 3 83
411432 1 230
415617 6 219
416788 2 827
423857 6 91
426689 49 573
426997 31 357
427777 10 236
428551 1 499
429644 2 346
431249 75 1974
431591 111 1271
432823 9 395
432869 44 607
433370 1 657
436116 1 2703
439380 7 1050
440007 21 222
441140 3 2157
442421 5 530
449499 2 230
455120 20 244
455220 4 579
455371 6 486
456680 1 485
458052 11 110
458323 40 410
459278 7 58
459476 1 81
459999 1 1185
461084 12 313
461621 8 498
461981 7 777
465015 8 524
466172 4 178
468310 11 611
468763 1 1289
471278 2 517
471335 78 1239
471595 3 356
472064 64 633
472931 1 404
474790 6 470
475888 1 88
480154 2 464
480384 16 296
482273 21 256
484056 10 1636
485133 13 545
486226 85 1186
493787 59 589
494598 1 2455
496041 28 307
497593 19 359
498054 1 1429
500738 1 791
503266 19 236
503454 16 511
504670 3 827
506554 23 206
512190 26 296
517586 6 745
519406 15 603
520605 106 1415
520910 17 183
521616 1 533
522866 48 556
522899 4 1468
527655 30 488
33 5 19382
455 2 18030
2641 1 17392
4137 2 16130
6367 2 17463
7223 1 403
7591 11 366
8148 1 17754
9405 1 551
10428 3 406
10515 4 670
13250 1 247
17442 1 325
17741 5 470
23338 19 624
23786 20 344
25356 16 268
25656 2 15042
28140 1 435
28327 2 426
28530 2 253
28644 1 2304
31629 2 21435
34246 2 19523
35197 3 458
36498 1 20156
41296 2 592
42411 1 190
43461 15 330
43640 2 18238
47642 4 11472
48175 18 372
50061 15 347
50682 1 32839
52678 1 15365
54527 1 19068
57050 3 243
60197 2 747
61398 1 196
62650 1 494
64615 1 686
64639 2 70
66471 1 329
66596 1 27
66814 1 27
68166 2 404
68658 2 32
69099 1 34
69747 5 245
70584 5 99
70882 1 29
71115 1 29
73814 2 403
76410 1 38
78368 2 105
80419 1 716
81817 2 232
81886 1 421
86285 1 537
86917 1 970
87900 1 305
88319 1 150
89208 1 199
89822 3 517
91059 1 233
93659 2 97
94047 2 508
94196 3 187
94638 4 197
94815 4 169
96021 1 634
96030 3 574
98575 3 42
100485 3 65
101582 4 442
102809 3 172
102903 1 161
103008 3 236
103284 5 159
103347 5 227
103950 1 204
104494 1 868
104563 1 467
105246 2 119
106279 1 305
107195 1 152
107953 6 162
108067 4 421
108071 4 302
111358 2 97
116893 1 925
116942 1 43
117592 1 431
117952 7 671
118014 2 249
119226 1 50
122038 1 619
122076 2 36
123120 1 121
124467 1 466
124518 1 323
132868 3 453
133078 1 1158
133837 1 147
135271 1 264
137508 2 787
140185 1 171
140235 2 344
141910 1 476
150581 1 79
150785 1 184
151047 1 354
154577 1 466
154940 3 68
155935 1 510
156151 1 437
157045 1 112
157282 1 46
157301 1 176
157922 2 750
160447 1 123
160596 1 297
160778 2 495
160801 1 439
162098 2 154
164014 5 274
164368 2 183
165112 1 509
165167 6 264
169509 1 594
170448 1 206
171167 2 205
172992 1 401
173395 4 276
175490 1 68
175747 1 311
175922 1 564
178786 1 209
178878 1 183
179251 1 753
180603 1 50
180888 1 548
185425 3 661
188957 1 205
191393 2 335
194000 2 48
196124 1 349
196554 2 55
200351 1 830
205045 1 431
205051 1 273
205521 1 209
206272 1 614
208068 1 116
208506 2 6627
209996 1 113
210536 1 580
211071 4 171
213774 1 189
214030 1 191
214193 4 94
219544 2 130
220625 3 698
222707 2 191
222712 9 183
225465 1 988
228960 2 94
229534 4 250
229607 4 257
231185 2 1046
232679 4 94
233238 10 862
233241 2 321
233591 2 430
233986 2 57
233997 2 214
235803 2 118
235882 1 349
236027 3 110
236546 1 240
237329 2 120
237382 1 283
237472 3 643
237521 5 364
238044 2 117
239509 1 270
240011 1 216
240178 5 371
240699 1 316
241488 2 559
243675 1 462
243839 5 565
245106 1 91
249591 1 959
251128 1 140
251133 1 185
252302 5 202
253305 1 323
253836 4 344
253933 1 234
254496 3 310
255935 1 422
256009 4 359
256627 2 232
260720 5 114
261016 3 143
265810 27 16729
265984 6 202
266875 7 163
267992 1 463
268303 2 6782
268461 1 126
268636 1 260
269104 2 134
269613 4 316
269996 2 6852
270511 4 3250
270679 1 260
271228 4 280
271231 2 212
271279 1 130
271910 1 939
272040 1 299
272073 1 298
272251 1 220
272301 1 215
273317 2 270
273346 2 494
273446 1 624
273465 2 284
273607 4 836
274792 1 2434
274800 5 2171
275910 1 221
275989 2 270
276551 3 271
276705 1 164
280619 3 11500
280988 6 469
283461 3 504
284217 2 324
285087 1 280
285333 1 419
286228 2 2804
286230 1 2459
286583 2 19748
287098 3 529
287169 3 188
287181 6 472
289348 10 18428
289610 1 2184
289684 4 964
290021 1 1574
290148 3 3390
290440 1 15196
290465 2 15747
292816 6 132
292870 2 141
294105 8 259
294155 2 1216
294444 3 139
294455 1 107
294569 2 149
294644 2 326
295179 3 189
295390 3 236
295632 1 173
295857 2 377
295894 2 203
295895 2 147
296164 1 785
296661 1 164
296747 2 281
298822 2 534
299778 1 5938
299779 2 795
300774 7 757
300982 1 3200
301865 2 18367
302041 3 222
302275 2 136
302276 1 263
302688 2 1782
303514 1 1138
303734 4 25485
304648 2 79
305977 1 3942
306175 1 10421
306492 6 5234
307233 1 644
307244 2 114
307390 1 898
307453 2 49380
307647 2 118
308108 1 370
308513 1 8438
308614 1 1092
308660 2 2535
308717 2 931
308719 1 601
308859 1 5677
309298 1 70
310639 3 4161
310748 1 305
311837 2 138
312194 1 378
312761 28 2087
312991 3 165
313261 1 120
313281 2 179
313711 4 256
313910 1 168
314048 1 251
314090 3 181
314091 3 142
314270 5 4790
314541 2 193
314681 2 128
314822 1 6501
315257 13 1017
316073 1 94
316201 1 254
316357 1 377
317174 5 520
317175 5 322
317176 3 435
318350 2 2486
318702 4 975
319227 2 105
320000 5 1125
321936 1 249
322096 1 901
322199 2 423
322705 2 114
322763 2 112
322768 2 198
323941 1 199
324153 3 162
324337 2 178
324350 1 235
324803 1 222
325063 1 2727
325210 8 794
325654 3 624
325656 4 547
326129 1 67196
326828 1 2534
326979 1 1930
327349 1 8654
327384 2 19585
327394 5 22044
327407 12 18061
328358 1 1941
328506 2 4280
329745 4 242
330611 1 110
331004 4 234
331153 1 109
331242 1 174
331246 1 334
331345 3 266
331432 1 8083
333436 2 171
334449 1 262
334529 1 271
335375 1 1783
336878 4 1898
337079 2 198
339168 1 373
340272 1 447
342828 1 179
343584 1 89
344781 1 924
344914 1 147
345008 3 340
345079 1 306
346882 2 557
347039 1 330
347326 5 106
347703 2 633
347869 1 47445
348772 4 377
349521 1 559
349540 4 2170
349542 1 2145
349636 1 696
350013 4 2165
350014 3 2309
350144 1 2979
352626 2 7519
353026 1 152
353367 6 3964
353418 2 1453
354105 5 300
354130 3 522
354665 3 2722
354756 1 1140
355047 1 191
355413 1 304
355621 4 155
356060 2 217
356263 4 336
356267 2 275
356510 1 315
356698 4 252
356738 2 143
356859 1 195
356996 2 190
357395 2 588
357577 2 716
357728 1 417
358762 3 160
358913 2 129
359015 1 1351
359043 8 1007
359152 5 9815
359717 2 597
359937 1 819
360206 5 287
361937 6 173
363453 3 3056
363474 2 1102
363802 2 188
363853 1 406
365681 1 520
366748 1 182
366990 1 116
367124 3 2991
369968 1 527
370179 1 483
371108 1 292
371110 1 428
371238 1 324
371495 2 397
371721 1 4737
372406 1 14595
372505 4 2165
373135 1 1230
373937 1 4632
374311 2 759
374483 7 1695
374559 1 1164
374590 1 4237
374994 3 13993
376298 9 252
376504 1 513
377028 4 347
377352 1 123
377452 1 158
377529 2 2696
377912 4 228
377935 10 3616
377955 1 243
378021 1 218
378022 2 226
378023 1 218
378151 2 286
378277 16 2460
378852 4 417
378855 7 345
378893 2 638
378962 4 420
379158 1 133
379312 1 1504
379664 2 381
379674 2 381
379757 1 154
379765 2 268
380113 4 178
380152 2 198
380308 2 280
380322 2 175
380440 2 147
380700 4 137
380745 4 233
380810 1 151
380834 4 185
380951 1 175
380952 2 296
381041 1 119
381400 1 1559
381652 3 2111
382389 14 522
382746 1 218
383093 5 197
383809 2 184
384180 3 203
384181 3 146
384194 3 203
384195 3 146
384218 1 339
385162 5 296
385345 5 231
385456 2 634
385579 3 1783
385795 6 1893
385809 3 368
385926 2 509
388648 3 436
389565 2 1929
389760 1 360
390314 1 187
390360 1 187
390510 3 181
391224 9 2755
392196 1 605
392954 1 672
393550 26 30891
393878 1 592
394859 1 345
394898 6 26758
395242 5 23266
395640 4 17885
395714 1 4780
395818 1 6184
395836 1 4836
395846 2 3596
396027 1 916
396084 2 606
396088 1 3539
396147 3 5877
396258 1 38258
400913 1 17082
407526 1 903
415617 1 219
427777 2 236
428551 1 499
428793 3 99
431555 1 1614
436116 2 2703
439380 3 1050
439568 6 540
442421 1 530
445105 1 195
455120 5 244
458069 2 358
459999 4 1185
461084 1 313
468763 1 1289
471335 1 1239
472757 9 499
473449 4 507
480154 1 464
480384 2 296
483643 3 228
484428 4 463
485236 3 304
486843 1 99
493296 3 351
494598 2 2455
497593 4 359
498054 2 1429
506619 6 414
511692 1 364
513321 1 92
514092 2 62
515016 1 1237
523503 1 90
523663 3 2999
527655 1 488
