38 1 617
48 5 667
2171 43 2011
2613 20 417
2988 11 453
4058 1 623
4312 1 511
4317 1 468
5439 7 196
5796 36 661
5802 7 219
5932 24 536
7012 8 227
7886 9 200
8148 6 17754
9806 6 298
9807 4 378
9808 8 342
11883 8 375
11887 15 425
13530 10 251
15434 16 300
16672 12 544
20908 4 501
21737 10 197
21738 10 197
22102 1 439
25066 20 395
25296 12 333
27565 12 340
28779 20 510
28780 17 496
28912 1 119
29062 2 542
35252 16 610
35285 12 339
36515 1 138
37237 1 125
37395 1 492
37396 2 673
37400 1 509
37600 8 470
37601 13 400
38394 11 231
39066 8 253
39874 1 236
40975 10 461
43129 1 385
43130 1 370
43133 1 469
45813 10 266
47268 4 135
47543 1 312
47664 9 231
48697 11 382
48864 9 249
50298 4 228
53161 8 243
55371 4 52248
57583 2 657
57613 4 110
59395 9 576
60357 1 48
63220 1 456
64895 6 183
65059 4 310
66004 3 83
67050 3 74
68562 15 442
69773 1 47
70114 1 32
71699 2 101
72629 1 33
72771 1 31
72848 7 215
73495 1 27
75104 2 41
75273 2 40
75384 2 51
75588 1 534
75706 9 331
76708 3 67
80444 2 505
81894 1 266
83562 2 75
87747 6 204
88209 1 188
90195 1 140
90965 2 50
91150 1 74
97488 7 231
105371 4 210
108336 1 550
112476 6 347
113435 6 315
114987 13 342
116545 2 50
117373 6 579
118939 1 46
119641 1 38
121244 1 41
121736 1 35
122427 2 60
123032 4 127
124347 1 647
124923 7 213
125924 5 162
133892 5 268
136392 1 520
141786 1 50
142954 2 568
146953 8 394
151597 1 126
153915 3 118
154654 2 75
154662 3 93
155357 3 481
157535 8 371
173490 4 175
176196 4 469
176235 9 807
181627 2 50
183710 12 566
189579 13 597
189621 5 141
190572 5 270
194624 3 116
195451 19 1324
198986 5 180
201273 2 72
201940 4 163
202465 18 593
203142 6 259
207347 2 64
210614 7 274
211293 2 51
214255 8 227
217929 3 134
222559 5 118
223249 1 38
224592 9 357
229545 13 538
234054 1 589
236148 2 57
242839 4 104
249331 15 543
249747 1 47
262532 6 275
262804 3 436
265813 9 4655
265841 17 566
271290 6 211
272014 3 117
272622 2 94
275710 3 145
276191 5 245
276292 7 3523
276394 46 2273
276620 2 130
276809 5 321
276840 6 128
277176 3 169
277210 5 230
277289 6 679
277353 4 236
277417 2 270
277631 7 387
277635 10 638
277822 3 128
278360 5 443
278383 4 87
278384 3 72
278440 2 69
278740 3 66
278951 6 93
278996 5 431
279211 3 85
279229 1 2024
279285 2 73
279607 3 77
280019 3 76
280204 3 61
280491 31 1541
282063 1 915
286985 2 5408
287029 1 869
287056 2 3996
287256 21 824
287842 6 687
288311 6 122
288672 3 72
288976 6 463
289762 1 569
291099 11 389
295902 3 99
298076 3 2226
298406 2 3212
298411 11 3213
299002 3 275
299004 5 234
299050 2 78
299195 6 216
299197 3 281
299257 10 423
299717 3 59
300136 9 210
300798 2 53
300951 3 67
300968 5 111
301293 2 70
306863 20 1833
306885 10 313
306899 2 240
307022 2 1078
307103 3 239
307453 4 49380
308012 3 66
308062 3 90
308186 1 36306
308246 1 20735
316482 27 1212
316871 17 581
317064 4 215
317337 8 231
317480 5 637
317611 20 1827
317736 10 309
317844 10 309
317865 4 134
318479 3 90
318892 3 78
319542 3 73
319746 2 66
325670 15 503
325804 27 1218
325861 1 116
325908 9 436
326129 2 67196
326309 2 70
327223 2 174
333019 5 141
334004 5 114
337361 24 1020
337533 3 108
337835 2 103
338107 9 482
338273 2 168
338293 1 53
338319 1 53
338419 15 720
338420 2 1092
338762 6 572
339314 2 76
339321 3 79
339432 2 62
340127 3 72
340343 3 145
340358 4 112
341165 3 62
341182 3 70
341575 3 76
341588 2 81
346317 1 76
348073 17 1326
348115 15 781
348166 15 840
348450 11 1719
348705 10 1012
349081 2 184
349202 17 933
349250 4 83
349361 3 76
349432 6 580
350489 10 776
352410 1 53
360385 3 120
360407 1 57
360441 1 882
360475 5 109
360661 6 142
360739 21 766
360926 2 127
361227 2 1547
361323 7 393
361331 7 308
361343 7 308
361778 2 530
361932 5 164
361961 5 164
361986 2 1898
362039 2 67
362174 5 180
362545 4 96
362897 4 73
362947 2 52
363070 2 50
363271 2 70
363595 5 947
363892 3 126
364828 2 84
364858 2 69
364863 3 68
364965 2 72
365148 4 104
365434 3 71
372269 1 1286
372284 60 7018
372645 7 283
372891 5 187
373629 4 78
373746 4 144
373747 2 61
381418 4 88
384105 2 113
384318 13 1701
384498 21 844
384809 3 197
385058 1 388
385619 2 60
386281 1 71
386382 3 88
386582 3 72
386632 4 108
387777 2 82
387778 2 63
387909 2 73
388042 4 85
388047 6 124
394022 4 115
394195 17 855
394417 5 174
394517 7 233
394525 21 848
394529 13 1705
395400 9 494
395477 1 77
395810 1 5761
396459 1 43
397612 6 129
397727 1 32
397828 3 164
398386 1 158
398639 2 53
399367 4 744
399673 3 301
399674 2 62
399680 8 178
400194 1 286
400522 6 250
400881 3 254
401188 5 86
401676 1 65
401785 2 392
402053 1 469
402092 11 256
402191 4 577
402506 1 330
402513 8 363
402734 1 87
403772 7 143
403821 3 148
404143 3 96
404330 1 41
404955 1 71
405025 1 112
405058 2 45
405067 2 525
406058 1 1024
406328 2 79
407308 1 53
408334 1 37
408366 7 237
408443 14 636
408807 6 141
408990 2 735
409030 3 56
409463 2 335
409753 3 158
410274 7 111
410426 3 372
410478 4 216
410629 2 434
410835 1 1977
410958 1 57
411150 4 74
412052 1 702
412216 1 583
412487 14 348
412593 1 291
412688 5 116
412809 1 343
412852 5 148
413265 1 624
413292 1 246
413424 6 138
413557 3 85
414258 1 841
414768 9 300
415073 2 1693
415127 3 224
415366 3 47
415541 1 49
415788 9 234
416333 4 86
416752 4 103
417079 1 75
417210 1 896
417784 4 3098
417793 6 712
418046 8 419
418373 11 303
418649 9 265
419281 7 510
419383 1 231
421509 11 2731
421818 5 429
422139 4 122
422167 7 115
422342 18 619
422694 1 48
424122 8 338
424190 1 31
425218 6 836
426333 1 169
426833 7 459
427109 7 622
427186 1 479
427664 7 154
427743 1 55
428243 1 493
429833 6 753
429848 2 368
430185 1 877
430258 1 679
430461 9 636
430475 14 700
430522 3 948
430687 2 136
430767 1 51
430980 3 721
431204 16 610
431413 1 321
432883 6 113
434600 2 284
434611 1 246
435603 8 266
436222 1 35
437290 3 450
438024 1 318
438686 2 340
439417 1 38
440123 2 367
440881 3 65
440988 1 137
441276 3 584
441510 2 536
441538 1 574
442231 5 118
443177 1 493
443378 1 290
443643 7 840
443660 5 120
444025 2 44
444911 3 136
445166 19 713
445617 4 408
446254 1 297
446339 2 174
446443 3 387
446479 1 44
448628 6 173
448691 2 338
449031 2 321
449069 1 36
449884 33 740
450073 5 115
450096 7 434
450269 3 108
450884 18 746
452011 17 638
453812 1 37
453851 1 168
454511 13 372
455331 2 118
456019 3 429
456517 1 463
456888 1 32
457224 4 97
457658 1 55
458320 12 606
458375 3 86
458759 1 226
460410 4 319
460598 2 412
461888 1 820
461893 3 83
461966 3 74
462906 2 72
463584 8 390
463659 2 395
464249 3 206
464255 1 855
464256 6 160
465338 1 464
465861 1 316
466016 8 150
466873 1 57
467071 2 451
468001 1 45
468070 1 56
468571 2 184
468755 1 75
469715 1 32
470168 4 488
470344 3 100
470721 8 1421
471235 4 99
472191 4 77
473926 2 70
474378 2 67
474700 2 512
474759 1 33
474864 2 741
475525 1 67
475737 1 37
477075 1 1228
477085 11 725
477584 4 215
478966 1 856
479084 1 872
480635 2 132
481302 2 1003
482200 1 71
482683 1 138
482684 1 135
483098 1 35
484533 12 1017
485221 6 130
485265 7 346
485544 11 213
485877 8 293
486744 3 702
487086 3 119
487095 6 402
487260 3 694
488120 2 335
488254 5 108
488443 2 442
489015 14 385
489497 1 261
489704 12 426
490360 1 58
490699 6 90
491536 9 284
492885 4 101
493009 9 218
493058 1 187
493895 7 377
494076 5 482
494111 12 297
494343 21 1033
494499 1 62
495467 4 485
495809 12 565
495810 5 302
496136 2 149
496271 1 41
496709 2 313
496757 9 363
497334 10 408
497346 2 92
497461 2 59
497488 1 290
497660 10 925
497910 4 378
498141 3 541
498468 7 452
498575 6 266
498599 5 372
498629 3 73
498761 4 101
499183 1 29
499242 16 578
500336 3 409
500444 2 164
500871 1 50
501098 13 703
501240 7 218
501281 16 480
501651 18 641
501949 1 866
502460 1 1411
503459 2 228
503508 1 139
503510 10 210
503927 2 46
503974 4 252
503978 6 660
504210 9 303
504393 3 72
504610 6 126
504617 11 275
506115 2 63
506292 1 179
506614 9 622
506689 14 393
506698 2 326
507373 8 235
508076 1 54
508329 1 59
509659 14 470
509804 5 226
509830 5 638
509860 1 280
509983 1 87
510196 2 181
511110 1 38
511266 1 67
511322 1 444
511514 1 49
511858 12 543
512355 12 391
512580 8 445
512978 5 96
513049 2 86
513093 1 541
513315 1 144
513599 1 309
513735 4 85
513964 4 108
514473 3 64
514671 5 171
514820 14 349
514893 20 867
515287 17 506
515648 6 593
515963 1 60
516168 11 256
516253 2 743
516793 16 504
517155 12 493
517368 4 81
517427 15 440
517570 4 92
517691 2 65
517732 15 443
517972 10 373
518558 16 336
518736 5 74
518762 20 543
518928 14 301
519174 8 420
519553 1 217
519562 1 553
519727 4 151
519907 5 94
519925 1 556
520111 14 424
520258 4 160
521021 1 88
521024 5 433
521025 4 116
521134 2 35
521145 1 507
522227 2 622
522628 4 169
523070 3 57
524150 6 85
524671 3 226
525351 2 565
525829 1 435
526786 1 101
526936 6 254
526937 8 449
527506 4 296
527658 4 102
527747 3 246
38 1 617
28912 1 119
36515 1 138
37237 1 125
37400 1 509
39874 1 236
47543 1 312
62860 1 472
63024 1 225
63220 1 456
66304 1 279
68562 15 442
75588 1 534
79181 4 1062
80444 2 505
81894 1 266
84334 12 829
87352 1 87
87922 1 260
88209 1 188
89393 1 134
90195 1 140
93587 4 884
100431 1 208
105371 4 210
108785 1 361
124347 1 647
130481 1 280
130691 1 311
131926 5 221
131934 1 85
136392 1 520
143589 1 453
152429 1 318
155357 4 481
176238 1 620
207131 2 153
234054 1 589
234756 1 473
249637 1 274
266930 1 149
276888 1 203
277289 1 679
283195 1 672
284799 1 856
287029 1 869
287578 1 202
287842 1 687
288178 1 317
297275 1 395
307022 1 1078
309562 1 266
323337 1 156
324139 1 543
337160 1 140
338762 1 572
346512 1 718
346820 1 318
348450 1 1719
349432 1 580
351133 2 340
360441 1 882
361704 1 269
361778 2 530
369549 1 335
370009 1 217
372175 1 369
372269 1 1286
375463 1 245
377257 1 157
394538 1 271
400844 5 1031
406058 1 1024
409657 1 326
411618 1 160
412688 5 116
413265 1 624
413292 1 246
413640 1 1359
414258 1 841
415231 2 657
417544 1 235
417784 1 3098
420581 1 676
421348 1 208
425218 1 836
427186 1 479
428349 1 125
428477 1 530
428774 2 381
430587 1 126
431424 2 607
432871 1 71
434600 2 284
435058 2 1065
435444 1 228
435994 1 425
437737 1 318
438049 1 96
441510 2 536
443244 1 434
443378 1 290
444842 4 86
445061 1 396
447386 1 652
449031 1 321
450950 2 541
451500 1 90
451538 1 549
453006 2 905
455028 1 107
455899 3 1046
456102 1 832
456517 1 463
459464 1 1440
460410 4 319
462457 1 77
463642 4 546
464256 6 160
464384 2 1065
464690 1 101
464929 1 560
465861 1 316
467071 2 451
470721 1 1421
474864 2 741
477075 1 1228
478799 1 960
478966 1 856
479658 1 823
495549 1 337
499222 2 331
501907 1 352
502159 1 866
502460 1 1411
502985 1 93
505207 1 241
506614 9 622
514337 2 793
514376 1 275
514396 1 503
515648 6 593
516713 1 174
518974 1 406
519925 1 556
521458 1 122
522227 2 622
522884 2 717
525476 1 1630
527658 4 102
