4546 1 366
7282 1 426
7526 1 215
8327 1 638
12224 1 603
12229 3 663
12230 4 745
12232 2 288
12233 3 699
12234 5 637
12235 4 299
12236 1 646
12244 3 671
16392 1 609
24644 5 496
24876 2 566
27950 1 455
29066 3 592
31089 1 274
35437 1 196
36189 1 440
54904 1 342
59130 1 427
62134 4 503
62606 6 525
63614 3 513
65485 2 167
68019 2 127
68515 1 88
71680 1 117
73650 4 1062
75895 2 333
76243 1 417
76386 2 207
77339 2 318
79922 1 94
81768 1 100
82967 1 734
84588 1 90
84614 1 174
85758 1 294
86967 1 535
87355 1 96
89962 1 66
90393 1 88
90394 3 455
93807 1 141
96157 2 272
98517 1 389
102791 4 499
103678 1 589
103983 2 256
104696 1 48
104889 1 228
105910 1 751
107142 1 74
108889 1 113
113698 1 77
114182 1 555
116172 1 337
116863 1 90
117084 4 357
117143 2 242
118606 2 288
119182 1 168
120264 1 66
120271 2 117
123081 2 160
124634 1 693
124777 2 448
125407 3 272
128100 3 758
128396 1 593
128762 1 87
129321 2 324
129959 3 649
133283 1 470
133372 1 410
135175 1 451
137528 1 754
137912 1 1059
140165 1 102
140193 1 99
141260 2 225
142265 3 484
142796 2 181
146197 1 125
146409 1 68
147096 1 88
156763 1 577
162263 2 1189
165300 1 335
167937 2 301
169042 1 574
170270 2 238
170565 1 122
170612 4 517
172632 1 65
175255 1 94
176033 2 186
176182 1 80
176332 3 598
179992 5 218
180369 9 305
180434 2 629
180909 8 472
180946 1 760
183142 1 69
185137 1 95
188635 1 270
190643 1 231
191482 2 136
193315 3 171
194283 1 108
195145 1 160
195720 1 94
196018 2 675
196280 2 208
198188 7 1115
199329 1 743
202537 1 478
204043 1 327
208994 1 259
210742 4 496
210862 1 101
211106 2 303
212078 3 677
214418 1 618
215439 3 720
217582 1 72
218879 2 241
221970 3 360
222124 1 233
222475 2 281
222649 2 251
225477 3 763
227299 3 435
227310 1 120
227944 3 515
228780 1 104
229015 1 718
229392 1 372
230764 1 749
231229 1 61
231236 1 142
231871 1 81
232068 3 623
232371 1 551
234988 1 290
235181 3 251
236446 1 127
240531 2 153
242229 1 245
243077 1 80
245117 1 252
248075 1 534
248323 1 278
248575 1 356
249410 1 369
250573 2 351
253801 1 278
254316 1 601
256616 1 524
257831 1 288
260447 1 438
260923 3 385
261661 1 306
262917 1 661
263931 1 104
264763 1 291
264974 1 274
267033 4 2148
270511 8 3250
271653 2 364
272194 5 783
286242 6 626
290455 6 648
290456 1 126
290464 3 349
294436 3 516
294437 5 703
300485 2 264
300982 1 3200
303734 1 25485
308790 1 1697
308828 1 1697
308933 12 1361
308987 12 1361
310224 1 2678
312414 1 4249
312587 2 351
312761 1 2087
314122 2 319
327391 1 690
327411 8 1495
332993 1 137
333405 1 372
334331 2 426
347837 2 63219
348795 2 293
350473 5 2804
352537 2 358
353049 45 1521
357953 1 290
361446 1 1042
369456 2 137
371870 8 4449
373186 2 357
375780 1 84
376603 2 808
379184 5 793
379185 1 1111
379397 2 1489
379952 8 3817
380547 2 4345
381486 2 847
381708 3 175
381709 8 357
385459 1 128
387238 1 84
388537 2 808
393591 7 1222
395707 1 1877
396311 1 71
396329 1 2994
396696 1 103
397488 1 617
397882 1 484
398462 2 141
398779 1 1351
399176 1 73
400061 1 2797
400699 5 1302
401287 4 211
401680 4 518
402881 1 96
403305 2 2040
404344 6 548
404699 1 935
404965 1 621
405624 1 89
406010 1 1055
406180 1 1559
406472 4 1354
406781 1 116
406936 1 513
406969 1 1875
407486 3 617
408247 1 260
408291 1 287
408499 9 1296
408533 1 301
409615 1 100
410111 1 544
410843 4 1553
411077 1 677
411132 1 72
411186 1 1117
411327 1 347
411376 1 90
411532 1 109
411639 1 399
412302 1 597
413075 1 72
413553 1 1377
413556 1 646
413641 4 746
414111 1 445
415370 1 526
415653 2 3455
416328 1 1001
418828 1 207
419092 4 1545
420005 1 1376
420500 2 362
420856 1 88
420882 2 910
421140 1 87
421288 1 1041
421549 1 82
421845 1 384
422031 1 1065
422631 1 417
422642 1 387
423054 1 1295
423363 1 476
423591 2 268
423957 1 1026
425029 5 1746
425083 3 618
425707 2 196
426069 1 823
426500 2 172
427424 1 1050
427665 1 444
428075 2 539
428458 1 632
428832 1 443
428864 3 1812
430575 2 786
430630 1 447
431344 1 488
431731 4 739
432671 1 114
433246 1 793
433583 2 168
433644 1 839
433743 1 575
433871 2 54
433893 1 429
434011 1 177
434203 1 1333
434779 1 84
435370 1 442
436329 1 1579
436375 2 85
436708 1 1192
438406 1 475
438425 1 84
438516 1 179
439108 1 1314
439381 2 1476
439693 3 883
439815 1 363
440294 1 734
440435 1 811
440722 1 734
441399 1 42
441437 2 1060
442807 1 3101
442967 1 1185
443542 1 212
444179 1 3327
444610 1 383
444785 1 610
444840 2 315
445698 1 433
445720 1 976
446298 1 362
446613 1 1009
446971 1 880
447270 2 358
449408 1 75
449409 1 61
449411 1 63
450223 3 93
450247 1 95
451411 6 507
451478 1 307
451630 1 535
452687 1 419
453545 2 464
453722 1 110
454011 1 194
454149 3 631
454226 1 45
454640 2 734
455312 1 847
455822 2 1448
455934 1 694
456525 4 104
456530 1 135
456854 1 1114
457089 1 147
457108 1 89
458239 1 894
458630 1 111
458681 1 446
459275 1 733
459343 1 450
459497 3 1160
459557 1 883
459646 1 935
459828 2 618
460129 1 2744
461118 2 573
461422 1 90
461592 1 121
462076 1 1349
462346 1 273
463069 1 1263
463288 1 550
463290 1 429
463844 2 147
464389 1 130
465322 1 650
466350 1 803
466359 5 1075
467926 1 1139
470711 1 484
470761 1 852
471717 1 471
471919 1 1164
472754 1 581
473874 1 88
473937 1 1013
474132 1 957
474480 1 420
474998 2 236
475163 1 583
475398 1 956
476193 2 433
476330 1 1604
476543 1 132
476606 2 785
477515 2 102
477632 1 169
477918 1 1233
478477 2 487
478977 1 472
479044 1 1077
479158 2 285
479167 1 91
479311 1 1515
479493 1 401
480256 2 267
480900 1 92
481232 1 90
482673 4 1383
483300 3 505
484540 3 838
484542 4 1371
485287 3 617
486021 1 1207
486920 1 425
487638 1 914
488880 1 766
489372 1 246
489509 1 481
489543 1 712
490018 3 439
491035 2 407
491106 2 1153
491324 1 157
491337 1 265
491395 1 504
491666 3 665
492076 1 473
492089 4 82
493150 1 176
493768 1 3829
494085 1 86
494120 1 1296
494514 1 95
495081 3 548
495509 1 525
496321 1 87
496383 1 436
496554 2 2170
496555 1 1413
496597 1 1499
496695 2 1500
496696 1 1465
498543 1 1792
499090 1 2476
499097 4 1257
499362 1 123
502503 1 432
503197 4 840
503657 2 281
504031 2 1226
504372 3 389
507181 1 85
508086 1 3798
508422 6 92
508452 1 520
508514 2 141
508636 1 487
508791 4 580
509254 1 813
509425 1 106
509726 4 685
509899 1 459
509997 3 1063
510116 1 1198
510189 1 569
510825 1 1162
512142 2 1100
512653 1 577
513007 2 423
513919 1 1111
514227 1 630
515520 1 120
516206 3 233
516219 1 99
516892 1 103
517302 1 85
517704 1 1546
517767 1 673
518834 1 537
519337 1 613
519676 1 794
520634 1 855
520962 9 3046
520979 1 1034
522251 1 485
522359 1 390
523093 1 701
523198 2 567
524181 2 178
524350 1 846
524747 1 99
525360 2 309
525444 1 1402
526061 1 248
526267 2 381
527535 4 757
527548 1 401
528073 6 307
