2274 7 418
2275 19 361
2276 29 475
2277 20 548
2278 18 366
2279 14 462
2280 18 472
2281 7 386
2282 8 426
2283 8 499
2284 13 560
2286 10 351
2290 14 683
2291 12 646
2292 12 395
2293 13 404
4645 2 331
4646 2 413
4657 1 363
6310 5 265
8495 1 556
8791 1 355
9013 5 363
12621 1 479
15340 1 440
15341 1 414
17051 2 652
17052 1 670
20529 1 462
24576 2 471
25656 1 15042
26304 1 340
26306 1 508
36137 1 446
36138 1 194
38455 1 553
39522 1 536
39560 2 592
39932 7 289
40661 2 401
40672 1 398
40835 1 230
40840 3 232
42985 6 407
47637 2 656
53777 1 557
54248 5 465
63244 1 107
67011 1 498
68322 7 384
72897 1 340
80989 1 343
84343 1 612
84430 1 35
84506 3 152
84808 1 669
85710 1 521
90254 1 630
91383 1 241
97972 1 772
100003 1 80
102802 1 521
110249 1 723
110258 1 136
113616 1 682
116309 1 510
117627 1 742
119057 1 533
124144 10 552
126431 2 546
133700 1 400
135860 2 318
137370 1 239
137765 1 530
142974 1 476
143360 1 782
147990 1 727
152038 1 634
152042 1 718
152046 1 758
176218 1 285
177150 1 685
177706 1 619
183418 1 284
196454 1 455
196929 2 379
199261 1 255
199697 1 269
210066 3 624
220824 1 419
228719 2 91
239244 4 246
239551 3 191
242443 1 460
242794 1 478
244628 1 859
247272 5 250
248848 4 220
249566 2 571
249733 1 340
250313 1 2682
252625 1 485
253476 1 70
260972 2 5560
263753 1 621
265839 4 1281
269981 5 336
286369 1 59
286394 1 2410
287053 3 2528
290435 12 8814
290440 1 15196
293391 4 175
301623 1 183
306158 2 1273
306258 6 330
306284 66 21202
306316 3 1503
307799 3 132
307871 1 327
308250 1 352
308847 16 332
308848 9 368
325052 2 1780
325335 1 900
325534 1 2074
325537 1 4579
325542 1 3842
325548 1 305
326123 1 14885
327122 1 16929
327123 1 16927
327226 4 269
327292 4 225
327403 2 5903
330313 2 146
334039 2 306
337709 1 343
347744 1 68
347747 1 62
347837 6 63219
347869 3 47445
347870 1 1104
347925 1 297
347934 3 11174
350021 1 6267
350112 9 300
350357 2 4293
354044 1 4950
356484 2 2925
356488 2 2924
371846 4 67
372000 2 415
372026 1 1195
372063 1 136
372132 1 515
372218 4 187
372219 11 658
372258 12 4260
372278 6 28092
372281 2 5554
372406 1 14595
373039 2 307
374769 6 218
374895 3 245
374899 3 136
374919 3 198
381990 2 3050
393739 4 417
393740 1 264
393747 1 58177
393761 4 162
393826 15 2262
394898 1 26758
394961 3 354
395242 1 23266
395585 5 30629
395958 2 780
397860 2 785
400913 1 17082
407899 1 509
410750 1 880
417210 1 896
418287 20 927
421046 2 500
438929 4 668
441533 1 5725
445818 3 800
446300 1 157
452324 1 600
460699 1 724
462667 1 912
463319 7 893
463803 1 516
467825 3 1184
468907 1 2006
472869 11 1373
476193 1 433
480929 11 409
481167 1 2153
488610 14 678
492236 1 1279
495849 1 613
498289 1 1158
500100 1 751
500639 1 630
501449 1 384
506913 1 304
515356 1 1261
517526 1 2516
522870 1 166
525207 1 1233
525472 1 2326
526760 1 343
512 5 290
662 2 246
2013 15 10046
2641 71 17392
2890 3 245
3505 29 2286
4137 30 16130
4645 4 331
4646 16 413
4647 7 394
4648 4 91
4649 9 279
4657 9 363
5386 9 451
6076 9 1054
6078 3 392
6095 26 560
6103 40 581
6113 14 779
6125 3 315
6126 6 688
6128 3 346
6144 3 436
6151 1 564
6152 3 454
6155 6 508
6156 1 537
6157 1 514
6167 1 452
6169 4 547
6172 12 560
6178 5 404
6194 1 491
6202 2 455
6204 17 383
6205 5 295
6206 5 408
6268 2 361
6270 3 378
6271 2 389
6273 1 382
6274 3 550
6275 2 293
6277 7 460
6280 7 424
6282 3 302
6284 7 320
6285 3 438
6367 52 17463
6968 1 5837
7403 24 530
7413 25 269
7418 26 469
7472 22 25628
8148 45 17754
8473 10 212
8475 38 369
8476 10 327
8478 2 152
8479 1 284
8481 4 315
8484 3 125
8485 5 323
8486 12 368
8487 8 479
8489 11 443
8490 11 472
8491 8 440
8493 5 291
8494 9 233
8495 3 556
9013 1 363
9387 4 152
11650 9 8848
11784 3 158
12620 27 481
12621 12 479
12641 14 321
12649 14 351
12655 14 343
12672 13 345
12673 20 427
12691 6 726
12692 2 269
12694 2 569
12695 7 539
12697 13 647
12698 19 493
12701 3 249
12704 15 499
12705 4 278
12706 4 469
12749 9 563
12751 13 413
12752 10 325
12756 9 228
12759 11 363
12985 5 7361
13347 9 3354
13464 2 406
13912 60 17501
14990 14 324
14991 19 378
14992 29 495
14993 17 442
14994 22 362
14998 34 506
14999 35 469
15000 10 391
15001 17 486
15003 5 359
15004 7 476
15007 23 404
15186 20 237
15338 9 473
15430 18 399
16463 3 448
16474 1 432
16479 1 319
16483 2 416
16524 20 577
16977 18 1367
17051 2 652
17052 8 670
17063 7 867
17080 1 801
17097 5 604
17106 5 473
17111 6 426
17156 15 486
17162 15 514
17189 7 432
17190 2 300
17204 2 392
17205 11 491
17206 13 518
17207 15 604
17212 31 534
17215 7 489
17218 12 411
17385 19 657
17735 21 552
17737 10 507
19532 17 484
19544 3 542
20132 3 332
20134 4 566
20511 55 707
20529 8 462
20814 14 13056
21459 1 16007
24283 4 277
24297 11 525
24308 12 183
24319 1 340
25610 3 5009
25656 25 15042
25809 23 643
25812 5 457
25816 50 562
25817 7 421
25818 19 512
25819 9 488
25821 22 518
25822 15 532
25823 7 213
25825 51 608
25826 34 422
25827 47 523
25831 9 401
25868 16 191
25870 25 340
25871 21 228
25873 54 611
25877 31 511
25888 40 518
25889 7 116
25893 25 345
25894 24 225
25895 13 212
25896 59 476
25897 7 226
25898 25 460
25899 8 242
25900 13 455
25901 28 376
25903 9 344
26306 3 508
28461 13 5536
28644 60 2304
29002 12 476
29024 7 286
29032 1 340
31110 6 647
31111 5 460
31112 15 438
31118 7 900
31119 9 733
31120 4 558
31121 3 525
31125 1 591
31132 8 473
31135 5 498
31147 11 554
31149 1 564
31449 27 514
31450 58 618
31451 40 485
31452 58 625
31453 49 710
31454 57 523
31455 40 651
31456 58 604
31457 56 647
31458 34 639
31459 20 692
31460 12 449
31461 11 378
31462 10 323
31463 28 660
31464 16 779
31467 37 612
31468 35 524
31469 21 525
31470 47 660
31471 60 600
31472 58 684
31473 43 565
31474 30 513
31475 36 532
31476 39 568
31477 22 471
31478 8 215
31629 84 21435
31657 2 664
32157 7 472
32941 27 622
34095 17 540
34098 14 724
34122 76 1040
34246 26 19523
34683 15 423
34684 57 544
34685 33 607
34739 12 287
34743 1 363
34811 9 5799
35701 3 216
36136 2 228
36137 4 446
36138 3 194
36498 82 20156
36550 10 486
39216 14 533
39217 14 593
39218 18 553
39223 16 529
39224 26 470
39225 20 475
39227 15 620
39228 21 382
39229 6 442
39230 7 399
39232 27 534
39233 16 499
39234 7 411
39235 35 432
39236 30 414
39243 7 249
39246 5 267
39247 14 321
39248 9 338
39249 6 407
39262 3 334
39263 9 275
39264 30 552
39267 10 295
39268 18 234
39269 8 290
39272 8 137
39273 11 452
39274 7 266
39275 18 401
39276 18 234
39277 8 314
39278 24 383
39279 21 405
39280 18 261
39281 20 254
39283 14 175
39284 16 223
39286 27 393
39287 43 462
39288 21 440
39289 15 316
39293 15 276
39294 11 220
39295 26 297
39297 12 218
39298 16 232
39313 22 252
39314 14 324
39315 19 171
39317 5 241
39318 39 419
39319 14 365
39320 31 393
39321 22 488
39323 15 296
39325 28 328
39328 7 392
39329 15 474
39331 9 293
39332 7 311
39334 18 349
39336 6 441
39337 30 416
39339 16 230
39340 40 589
39522 31 536
39523 12 336
39524 13 447
39556 4 404
39641 11 721
39745 8 420
39746 35 707
39747 12 793
40652 26 350
40658 16 289
40659 15 432
40661 3 401
40662 11 579
40663 21 493
40665 6 284
40667 14 229
40668 42 625
40669 26 493
40671 6 326
40672 23 398
40673 11 609
40674 12 248
40675 24 413
40687 15 438
40688 11 480
40695 5 235
40697 8 241
40698 4 242
40699 19 422
40702 4 136
40704 5 356
40717 15 325
40832 10 402
40833 6 396
40835 1 230
40840 2 232
44412 18 624
44413 1 371
44419 2 627
45872 43 15512
52214 2 64459
52642 7 6414
52678 68 15365
53317 1 5949
53776 30 515
53777 33 557
53778 49 576
53779 15 450
53780 9 311
53781 17 171
53782 1 58
53783 14 470
54248 1 465
54286 1 282
54574 29 564
54575 33 482
54799 6 6492
55371 8 52248
56230 2 169
58163 2 234
58311 2 118
60898 4 351
61420 2 438
61459 3 76
62040 22 934
62064 3 4939
63523 4 441
64991 9 186
65538 2 47
66043 3 196
66206 5 652
66220 7 554
66221 3 488
67517 1 94
69316 1 314
70234 2 907
70304 1 109
70305 1 134
71078 2 224
72245 5 344
72669 7 442
76696 2 152
76948 1 458
81045 22 552
81097 3 105
81381 2 642
82359 1 186
83104 7 226
83436 2 58
83572 3 113
85710 2 521
85832 5 663
89001 2 433
90460 4 285
93332 2 327
93491 3 170
95287 1 159
96745 3 66
97972 1 772
100200 14 347
100896 1 548
101049 1 547
102304 11 502
102305 2 565
102306 3 437
102309 1 350
102697 9 121
102802 1 521
105306 7 614
110719 6 126
110899 4 996
112522 8 386
113305 2 185
113614 16 711
113616 6 682
113617 2 589
114042 2 424
115625 6 720
116245 5 576
117627 1 742
118546 1 469
119057 5 533
119445 2 642
119448 9 766
122125 2 364
122485 2 36
123211 7 189
125322 2 939
125522 7 443
126125 5 566
130524 4 572
130531 6 420
130534 5 549
130535 11 893
130539 8 689
131219 2 277
133049 5 610
133641 2 225
133809 1 189
137394 2 127
138701 3 88
142117 3 615
142132 18 464
142134 12 193
142285 5 269
142286 8 375
146280 3 553
148974 1 220
149519 4 252
150016 8 300
152034 4 626
152038 3 634
152046 1 758
155470 4 113
155710 1 208
157333 7 544
160025 7 275
161283 2 579
161285 5 709
161286 4 708
169033 1 101
169286 15 382
170068 7 560
170070 1 463
172145 5 604
172545 1 40
174395 1 581
174603 1 220
176218 1 285
177706 11 619
177707 8 789
177728 6 657
178947 4 67
179043 6 405
182948 1 74
183860 11 389
184412 1 561
186172 9 200
187912 3 738
188928 1 729
189507 2 60
191265 1 461
192636 3 583
194063 1 208
194989 1 249
198700 1 79
198746 1 438
201503 5 509
202310 4 611
202693 6 123
203789 3 264
209035 4 582
210066 1 624
211020 2 161
211339 1 414
211699 7 189
212059 3 739
212075 2 654
212078 1 677
218935 1 121
219537 1 273
220543 5 218
223815 2 254
225089 3 608
225103 3 634
225604 19 567
225605 8 233
225960 6 128
233489 1 378
238913 1 428
239244 1 246
239551 2 191
243788 5 643
244632 5 531
246866 1 386
247377 3 542
250313 1 2682
250317 14 1095
251169 10 628
252502 6 72
252625 6 485
257686 3 204
257917 1 131
258724 5 218
263650 1 406
263753 1 621
263756 3 507
264231 5 289
264624 5 368
264830 5 353
265810 1 16729
265816 8 25803
265854 5 21100
275895 3 104
282277 6 1001
282600 6 169
286818 2 261
286927 16 408
286930 1 238
286940 3 246
286985 28 5408
287009 1 167
287043 26 271
287052 63 2922
289361 18 1227
289479 1 1532
289753 8 4176
289920 9 7272
290256 6 30074
290435 46 8814
290440 5 15196
290441 51 2293
301623 2 183
303734 15 25485
306063 6 853
306237 73 26903
306282 4 4220
306284 154 21202
307443 5 449
307453 46 49380
307871 1 327
308186 6 36306
308246 69 20735
308250 1 352
308907 11 13313
308919 6 13545
308947 5 16976
308953 5 14138
308961 11 13313
308973 6 13545
309001 5 16976
309007 5 14138
312828 1 904
317098 3 714
322420 1 242
325052 1 1780
325208 20 808
325335 5 900
325339 3 728
325484 25 1752
325487 11 338
325488 16 364
325492 24 527
325509 68 2115
325510 35 3054
325534 2 2074
325537 10 4579
325542 3 3842
325543 3 2471
325548 1 305
325551 2 291
325570 2 1333
325587 30 2931
326123 19 14885
326129 2 67196
326162 3 239
326171 3 718
327122 5 16929
327123 5 16927
327384 2 19585
327394 4 22044
327403 8 5903
327407 9 18061
332014 1 295
335315 4 73
337078 5 405
337709 1 343
347837 35 63219
347869 6 47445
347870 1 1104
347930 3 903
347932 4 875
347934 4 11174
347986 40 1497
348014 9 121
348029 48 2308
349994 98 8773
350021 1 6267
350184 1 308
350449 2 14072
350479 3 11696
350496 5 14081
354044 4 4950
355559 1 79
357253 7 206
357321 2 469
357323 5 5269
357325 5 267
358466 3 192
360178 3 180
360533 2 387
362344 7 157
368414 1 90
368775 3 89
372000 10 415
372008 1 1610
372026 3 1195
372062 4 215
372063 4 136
372065 2 352
372066 21 505
372217 5 179
372219 4 658
372237 14 301
372258 11 4260
372261 1 720
372271 30 3535
372278 38 28092
372279 3 5420
372281 6 5554
372406 6 14595
373834 14 44460
374014 89 80805
374049 5 1713
374196 9 3097
374994 1 13993
379156 1 211
379690 3 125
380022 1 67
381991 4 6428
392566 2 729
393550 6 30891
393739 1 417
393740 4 264
393747 56 58177
393789 47 1407
393793 2 173
393795 12 269
393799 5 295
393817 16 300
393827 24 307
393835 6 254
394898 28 26758
394907 8 3529
394960 2 727
394961 4 354
395242 35 23266
395585 11 30629
395800 14 3030
395976 17 1478
396002 3 70
396258 15 38258
396672 1 301
397316 1 802
397860 1 785
397984 1 79
398777 1 867
404504 4 320
404959 1 831
406941 6 346
407183 3 330
407830 7 535
408491 1 88
410180 1 127
411073 2 1155
411416 4 256
414280 4 303
415851 2 535
416475 8 197
417218 15 511
417986 12 824
418989 1 109
421046 6 500
421096 2 360
421402 24 961
422074 4 472
422222 2 222
422834 4 247
422928 9 584
423156 2 181
426965 5 104
429640 5 864
430655 2 32
431607 3 71
431720 2 381
434240 5 380
436740 5 2252
437838 2 359
438929 4 668
440370 2 1507
440453 26 899
441608 2 142
445818 1 800
446818 4 1193
447568 3 133
448078 7 586
448716 4 484
448769 3 485
448808 1 494
449618 1 328
451663 3 1432
451686 1 648
452354 9 208
453145 18 275
453345 3 351
453740 4 580
454319 2 716
455018 2 287
455358 6 443
456853 15 1714
456894 17 738
458430 6 421
458436 1 87
459054 20 649
460688 4 383
463017 5 258
463258 6 399
466647 1 1007
466929 2 167
467011 2 124
467035 3 203
469004 1 452
469308 2 235
469541 5 198
471322 7 290
472550 1 253
472663 10 240
473473 7 494
473509 2 599
475321 6 90
475590 1 1120
476011 4 676
476640 10 1461
476823 1 425
476902 7 394
478348 1 331
478412 5 124
478610 16 509
479401 3 79
480756 2 800
481167 1 2153
482198 3 149
483180 1 646
484022 1 564
484476 2 905
484506 4 335
484507 5 392
485231 17 625
485268 4 354
485589 1 94
486689 2 505
486867 9 321
487029 4 336
487653 1 73
487754 1 102
487849 4 807
488015 2 468
488384 5 494
489110 4 166
489180 6 380
489484 6 583
491956 1 102
492236 1 1279
492891 7 790
492991 4 297
493246 1 566
493459 20 849
494130 3 2012
494217 1 297
495335 3 155
495410 8 329
495713 45 996
495849 3 613
496037 15 568
497443 3 682
497460 4 418
497778 5 393
498144 18 528
498289 1 1158
499359 1 92
499964 2 110
499989 5 1384
500527 12 1057
501449 1 384
502109 4 1005
502670 1 167
503512 1 1167
503556 9 1049
504050 2 560
506913 2 304
507950 1 557
509355 3 283
510692 2 634
510931 2 270
511216 1 415
511445 1 368
511686 10 455
512747 3 162
512834 2 1087
514975 3 610
515144 6 2782
516879 3 605
518556 7 381
518713 1 562
519582 4 611
520609 5 1617
520610 4 272
521929 7 226
522364 12 846
522870 2 166
523985 7 484
525223 4 90
525894 2 558
526399 15 813
526434 7 995
526436 5 1033
526447 1 59
527680 2 614
6968 1 5837
8473 4 212
8475 1 369
8476 5 327
8478 4 152
8479 19 284
8481 7 315
8484 2 125
8485 3 323
8486 13 368
8487 9 479
8489 3 443
8490 1 472
8494 4 233
8495 14 556
12621 1 479
12691 1 726
12692 1 269
12697 5 647
12749 2 563
12751 3 413
12985 5 7361
14992 1 495
14993 1 442
15003 2 359
15007 2 404
15340 2 440
15341 2 414
16524 4 577
17052 4 670
17097 1 604
17735 1 552
20132 1 332
20134 3 566
20814 5 13056
21459 1 16007
21614 12 32241
26304 2 340
29355 1 291
31458 1 639
31463 6 660
31464 2 779
31470 4 660
31474 1 513
31475 2 532
34098 1 724
36550 3 486
39522 5 536
39523 5 336
39524 9 447
39556 1 404
39560 2 592
39641 3 721
39746 1 707
40662 1 579
47375 5 548
48309 6 317
48310 6 298
52214 4 64459
53317 1 5949
55371 8 52248
56230 8 169
58163 2 234
58311 5 118
60261 3 67
60898 13 351
61420 7 438
61459 4 76
62040 35 934
62064 37 4939
62757 15 690
63222 9 297
63244 1 107
63523 4 441
63539 4 180
64991 1 186
66043 1 196
66206 32 652
66220 13 554
66221 28 488
67011 1 498
67517 1 94
69119 3 227
69316 15 314
70234 29 907
70304 4 109
70305 5 134
71947 7 122
72245 13 344
72669 17 442
73476 9 119
74701 9 305
75868 18 646
76696 7 152
76948 8 458
77375 1 495
77613 3 44
81045 2 552
81097 3 105
81381 20 642
82359 2 186
82616 1 44
83104 2 226
83436 1 58
83572 2 113
84808 9 669
85710 25 521
85832 44 663
85837 11 484
85840 37 621
86075 6 804
89001 19 433
90254 1 630
90266 1 408
90460 23 285
91383 2 241
91530 2 263
93332 5 327
93491 5 170
95321 1 192
96051 1 1037
97851 2 28
97972 3 772
98367 3 57
98576 4 80
98721 3 36
98736 21 462
100896 28 548
101049 28 547
101432 11 224
102304 23 502
102305 30 565
102306 14 437
102309 18 350
102312 45 639
105306 18 614
106799 5 76
110249 12 723
110258 4 136
110535 5 154
111819 1 87
112522 7 386
112571 7 158
113305 1 185
113614 18 711
114042 21 424
115625 23 720
116118 2 33
117627 38 742
117793 2 39
119445 27 642
119448 20 766
120215 9 722
121712 10 167
123211 1 189
123998 3 209
124144 24 552
125322 42 939
125522 16 443
126125 14 566
128761 4 80
130524 11 572
130531 2 420
130534 28 549
130535 29 893
130539 25 689
131219 11 277
133049 17 610
133641 9 225
133700 1 400
133809 13 189
134511 1 193
135860 11 318
136729 10 158
137370 11 239
137394 4 127
137595 12 628
137734 12 627
137765 1 530
137879 4 77
137999 12 257
138159 12 257
142117 34 615
142132 2 464
142285 8 269
142286 20 375
143360 1 782
146280 10 553
147990 1 727
148060 1 280
148974 13 220
149519 8 252
150016 12 300
151969 3 363
152034 22 626
152038 27 634
152042 1 718
152046 20 758
152387 2 270
155470 2 113
155710 19 208
157333 24 544
159692 1 510
160025 10 275
161283 28 579
161285 25 709
161286 21 708
161291 10 629
161867 1 515
163076 1 44
163993 2 255
164044 3 178
165632 1 246
169286 10 382
170068 26 560
170070 26 463
172145 1 604
174395 16 581
174603 8 220
176216 7 390
176218 8 285
177150 1 685
177707 19 789
177728 14 657
178947 2 67
179043 10 405
184412 16 561
186172 3 200
187912 20 738
188928 29 729
191265 16 461
192636 6 583
195000 1 263
196454 21 455
196929 23 379
198746 13 438
199149 1 82
199261 6 255
199697 10 269
201503 20 509
202310 25 611
202951 3 87
203789 5 264
208799 6 134
209035 22 582
210066 36 624
211020 8 161
211339 10 414
211699 3 189
212059 29 739
212075 30 654
212076 19 591
212078 32 677
215725 3 75
215922 3 44
216523 4 458
218086 4 76
218935 6 121
219537 10 273
220296 15 193
220543 3 218
220802 3 59
220824 1 419
222613 24 929
223815 4 254
225081 2 64
225103 35 634
225604 3 567
225960 1 128
229676 3 46
230604 3 122
231998 1 50
233489 12 378
234916 1 34
235344 4 73
235742 27 547
236988 3 170
237503 1 61
238913 4 428
239244 1 246
239551 3 191
240867 23 493
242443 1 460
242794 9 478
243788 10 643
244628 4 859
244632 18 531
246866 18 386
247377 18 542
248848 7 220
249566 13 571
249733 7 340
250317 10 1095
251169 18 628
252072 4 57
254156 1 49
255547 2 749
257686 8 204
258724 10 218
259576 8 556
260525 2 72
260972 3 5560
261224 4 150
262493 6 374
262806 14 515
263650 16 406
263753 25 621
263756 14 507
264231 12 289
264624 11 368
264830 10 353
265810 13 16729
265816 26 25803
265845 29 17259
265854 18 21100
271068 4 105
273283 1 138
282600 1 169
286369 1 59
286818 5 261
289753 1 4176
289904 3 641
289920 4 7272
290435 17 8814
290440 16 15196
292490 1 242
294459 3 110
303734 1 25485
306063 7 853
306158 23 1273
306159 12 797
306237 7 26903
306259 9 402
306282 1 4220
306284 5 21202
306316 5 1503
307453 1 49380
308253 2 539
308907 18 13313
308919 5 13545
308947 27 16976
308953 32 14138
308961 18 13313
308973 5 13545
309001 27 16976
309007 32 14138
310331 14 318
310623 21 353
312758 14 215
312828 39 904
320247 1 10051
322420 1 242
325052 1 1780
325208 4 808
325335 14 900
325510 2 3054
325543 1 2471
325548 2 305
325570 1 1333
326123 1 14885
326129 1 67196
326162 2 239
327384 21 19585
327394 27 22044
327403 1 5903
327407 8 18061
329296 2 106
332014 5 295
334039 3 306
334224 2 89
335315 1 73
337078 1 405
345440 2 110
347744 1 68
347747 1 62
347837 11 63219
347869 1 47445
347870 1 1104
347921 5 276
347922 19 386
347925 4 297
347930 3 903
347932 15 875
350021 1 6267
350449 14 14072
350479 18 11696
350496 38 14081
352475 3 285
354753 1 167
356798 19 192
357325 7 267
357451 3 186
360533 1 387
371846 1 67
372000 2 415
372062 2 215
372063 2 136
372065 11 352
372066 8 505
372132 2 515
372218 1 187
372219 2 658
372258 62 4260
372278 4 28092
373039 3 307
373075 3 451
374014 11 80805
374049 6 1713
374196 1 3097
374974 5 12901
374994 21 13993
376771 7 273
379156 7 211
379862 2 111
380117 1 244
381064 1 534
381990 10 3050
381991 12 6428
393550 5 30891
393799 2 295
393800 1 225
394898 10 26758
394907 7 3529
394961 5 354
395800 3 3030
395976 8 1478
396258 2 38258
396846 2 88
397316 24 802
397779 6 108
397860 17 785
397984 3 79
398071 30 761
398777 54 867
400913 4 17082
404504 8 320
404959 12 831
406018 3 62
406941 4 346
407183 2 330
407830 20 535
407899 12 509
408491 3 88
408937 8 118
410750 1 880
411073 26 1155
411416 1 256
413209 31 638
414957 5 124
415851 18 535
417210 2 896
417218 3 511
417986 2 824
418989 3 109
420244 12 761
421096 10 360
421402 34 961
422074 1 472
422834 5 247
422928 1 584
423156 1 181
425301 3 78
426965 1 104
429447 1 48
429640 4 864
431720 14 381
434240 14 380
435430 3 454
436740 7 2252
437838 18 359
438929 29 668
440370 6 1507
440453 12 899
441533 1 5725
441608 4 142
445818 14 800
446664 6 142
446818 1 1193
448078 6 586
448716 19 484
449337 11 432
449618 2 328
450243 2 102
450538 22 377
451335 2 176
451663 1 1432
451686 4 648
452293 3 102
452354 1 208
452799 7 107
453345 1 351
453740 10 580
454319 1 716
455248 2 37
455358 4 443
456853 2 1714
456894 16 738
458430 2 421
458436 3 87
459054 10 649
460688 7 383
460699 1 724
462667 11 912
463017 12 258
463258 5 399
463319 1 893
463803 1 516
464078 5 226
466647 3 1007
466929 3 167
467011 9 124
468907 1 2006
469004 1 452
469810 2 391
472663 8 240
473405 12 183
473473 15 494
473509 1 599
474286 8 118
475321 1 90
475590 32 1120
476011 4 676
476640 6 1461
476823 7 425
476902 4 394
478348 1 331
478610 1 509
480756 16 800
481167 1 2153
482198 2 149
483180 2 646
484022 4 564
484506 1 335
484507 3 392
484971 4 104
485231 5 625
485268 1 354
486420 3 109
486689 15 505
487029 6 336
487653 4 73
487698 11 466
487754 4 102
487849 1 807
488015 4 468
488384 4 494
489110 3 166
489180 14 380
489484 17 583
491956 3 102
492236 18 1279
492891 20 790
492991 8 297
493246 22 566
493459 25 849
494130 61 2012
494217 8 297
494828 1 429
495335 1 155
495410 2 329
495849 1 613
496037 1 568
497460 3 418
497778 3 393
498144 9 528
498289 40 1158
499964 1 110
499989 6 1384
502109 7 1005
502670 1 167
503512 25 1167
503556 22 1049
504050 5 560
506920 3 630
507950 4 557
509382 29 616
510692 10 634
510931 1 270
511095 2 74
511216 3 415
511445 2 368
511686 8 455
512747 2 162
512834 7 1087
514975 6 610
515144 3 2782
515356 6 1261
515969 1 88
517526 4 2516
518556 7 381
518713 15 562
519582 17 611
520609 1 1617
520610 1 272
521001 1 87
521929 1 226
522364 20 846
525207 6 1233
525223 1 90
525894 8 558
526434 14 995
527680 8 614
