5421 1 377
12111 2 199
12244 1 671
12985 1 7361
16487 6 4174
20617 8 484
20618 4 478
20619 2 720
20621 9 711
20622 2 380
20623 6 427
20624 6 552
27288 1 314
33568 1 285
48708 3 218
48882 4 3961
49394 2 26545
52779 1 373
56799 1 643
57435 1 2313
58681 1 626
59151 3 597
59703 2 612
62045 1 1756
62731 1 464
63751 1 777
64665 1 389
64668 4 516
65197 1 377
65732 1 395
65742 1 1144
66905 1 523
67077 2 877
73112 1 268
80228 1 709
80382 1 990
82469 1 255
86100 1 92
87118 1 476
88622 1 376
88977 1 357
89290 2 474
92361 1 362
97018 1 550
99551 1 589
99564 4 687
102576 6 190
104090 1 229
105142 1 355
108966 1 472
109280 1 566
110594 2 585
110768 1 300
110984 10 343
111943 1 222
113093 1 756
114039 1 1696
114422 1 192
114705 18 482
115340 1 9448
115350 1 366
116698 1 230
118312 1 616
121364 1 1173
124100 1 320
124274 1 163
125000 1 138
125173 2 490
130448 2 299
130728 1 761
131567 1 206
142078 1 322
144044 1 373
145639 1 522
147006 1 965
147701 1 111
148395 1 415
148860 1 720
152741 1 116
152753 1 376
158912 2 414
160820 1 630
164771 2 476
165244 2 832
168693 1 374
168703 1 805
168820 2 64
168914 1 677
172119 1 137
173022 1 506
178103 1 578
178505 2 241
179045 2 150
179327 1 498
179346 1 158
193828 4 571
195416 1 509
205155 1 782
205462 1 169
205981 1 632
207649 2 44
208262 1 309
212644 1 62
214173 1 132
214820 1 805
219145 3 371
220691 5 140
222465 1 514
223403 1 111
224230 1 643
224959 1 278
226081 1 760
226742 1 497
228912 1 492
230933 1 939
232811 1 549
235726 1 110
240233 1 410
243129 1 247
246316 2 781
248328 1 379
249527 3 1420
250175 1 276
250233 1 130
250283 1 95
250368 1 270
251394 1 538
252824 2 772
253623 1 617
254125 1 210
256341 1 1061
257702 1 503
264635 1 1187
264841 1 1174
277843 1 550
284578 1 727
297936 3 461
298049 1 211
298295 1 521
298368 3 113
299178 2 152
306497 1 1107
315583 1 303
316899 1 1693
317185 7 3071
317407 1 1042
317836 1 226
337135 1 629
337808 4 500
338709 1 126
360309 1 112
360451 2 327
384119 1 533
384159 1 552
384962 3 492
393550 2 30891
395683 1 741
396424 2 405
397359 1 397
397765 73 1019
397893 1 313
399421 2 218
399497 1 1071
400704 1 740
400973 1 477
402046 2 612
403233 1 547
403667 1 1619
405082 1 1544
405088 1 176
405576 1 473
405591 2 235
405652 2 638
406749 1 151
407219 3 474
408103 1 709
408389 2 458
408681 1 863
409782 1 597
412453 1 967
413553 2 1377
413641 2 746
414810 1 434
415609 2 514
415886 1 98
415903 1 94
415906 3 66
417634 1 1162
417661 2 536
420586 1 457
421670 1 1365
421682 1 726
423567 1 2553
424834 2 452
424913 1 769
425662 1 172
425963 1 423
426494 1 717
427436 1 434
427844 1 160
429103 1 224
429199 2 408
429439 1 559
431002 1 600
431249 1 1974
431962 1 105
432157 1 425
432172 2 545
432300 4 468
432329 1 661
432651 1 51
434859 1 645
436199 1 347
436451 1 2630
436641 2 271
437359 1 110
438348 1 570
440478 1 411
441433 1 320
442825 3 97
443557 3 352
444085 1 525
444259 3 246
445124 1 383
449169 2 286
449263 1 727
450050 1 915
450790 1 531
451799 1 545
452323 1 1389
453446 3 360
454579 1 230
455873 1 615
457833 1 458
458617 1 1212
459122 1 651
459589 1 446
460046 1 961
460382 1 595
461363 1 600
462093 1 48
462613 1 108
463549 1 99
463803 2 516
464027 1 2344
465286 2 985
466168 1 1630
466225 2 519
466590 1 695
466679 3 858
467841 1 101
468704 1 590
469153 1 844
469261 3 887
469313 1 40
469524 1 959
470639 1 785
472027 1 452
473237 1 482
473954 4 568
477971 1 475
478180 1 450
479041 1 1170
480122 1 758
480864 1 419
482575 1 108
483739 1 170
483778 1 65
484483 1 480
484594 1 474
485948 1 502
486052 1 770
486071 2 620
486446 1 437
487978 2 376
488029 1 279
488110 1 456
488674 1 2039
490172 1 562
490683 6 403
490762 5 412
491089 1 545
491243 1 477
491392 1 539
491426 4 1735
493778 1 958
494567 2 947
495232 1 814
497149 2 669
498546 6 1845
499347 1 789
499775 2 846
499836 1 448
500934 2 452
501451 1 256
501635 1 699
502418 1 691
504543 12 483
504738 3 84
504933 1 656
505031 4 938
505046 1 256
505261 2 175
506655 1 211
507828 1 1072
507859 1 469
509742 2 737
509751 3 464
511183 1 81
511365 4 154
511611 1 94
513865 1 207
514263 5 623
514573 2 1174
514924 1 862
515851 1 425
517211 1 391
517556 1 567
517714 3 861
519278 1 531
520481 1 486
520744 1 257
520766 1 402
520895 1 303
520973 1 396
521280 1 589
521583 1 81
521672 1 538
521890 1 429
522296 1 570
522588 2 646
522645 1 815
523200 2 1248
524184 1 44
524525 2 753
524998 1 983
526231 1 2610
526574 1 128
526833 1 406
527371 1 549
527413 1 605
3567 22 357
3569 17 321
3573 2 134
3574 17 898
3615 38 469
3616 22 665
3617 29 467
3619 10 504
3631 25 339
3633 20 403
3634 28 524
4338 6 16989
5420 21 358
5421 21 377
8901 25 493
10899 3 390
12216 3 450
12218 5 222
12228 8 801
12233 27 699
12234 38 637
12235 11 299
12237 13 332
12244 18 671
12250 18 589
12276 26 448
12291 7 478
12292 20 480
12302 19 408
12985 1 7361
13597 4 611
19097 13 283
20623 1 427
22485 2 486
27286 9 144
27287 13 322
27288 21 314
29966 2 109
32335 18 390
32708 15 293
43946 2 181
43948 4 366
43949 8 394
45566 2 179
46446 15 328
48882 10 3961
50682 1 32839
52678 3 15365
52779 2 373
53440 5 261
56368 1 34
56538 2 703
56585 2 50
56689 17 376
56799 1 643
57435 1 2313
58681 7 626
58930 1 40
59151 3 597
59703 2 612
60261 4 67
60282 1 26
61096 2 137
61196 2 233
63751 1 777
65197 1 377
65732 1 395
65742 2 1144
66202 2 30
67077 1 877
68286 1 146
70164 2 973
72035 11 183
72648 14 320
72820 29 508
73080 11 178
73223 6 312
73331 2 62
73567 4 53
74365 2 40
75578 1 32
75720 1 32
76849 6 468
77417 2 242
80215 11 187
80228 1 709
80726 2 47
81589 1 37
83086 1 102
85809 4 293
86100 1 92
86108 3 426
87717 21 354
88977 1 357
91359 2 193
94939 1 32
96586 3 33
98883 2 38
99345 1 53
99551 1 589
102229 1 49
104090 1 229
106133 13 257
106975 4 130
107132 8 257
108073 5 218
108403 2 24
108966 1 472
109280 1 566
109970 1 201
110251 12 311
110984 1 343
111943 1 222
113093 1 756
113102 1 187
114039 16 1696
114422 1 192
114705 1 482
115340 1 9448
115791 1 43
116698 9 230
118263 2 405
120253 3 66
120762 2 32
121364 1 1173
121426 2 44
121506 1 33
122356 8 114
122993 11 273
124061 2 128
124274 1 163
127434 21 438
127436 29 463
131567 1 206
133918 4 91
135000 4 97
135461 3 68
135508 19 311
135576 15 301
135864 11 193
135872 3 82
139601 17 468
139756 5 343
142078 1 322
144817 4 164
144903 3 124
145122 2 61
145420 2 56
147700 2 51
147701 1 111
148395 1 415
152741 1 116
152753 3 376
153541 1 631
157178 7 728
157289 5 576
157380 1 463
159081 6 530
160820 2 630
162537 3 63
163823 2 44
164496 1 1233
164771 1 476
165008 5 68
165019 2 142
165240 2 59
165241 3 95
165661 6 171
167809 1 81
168278 5 78
168703 1 805
168820 2 64
170307 2 652
173022 5 506
176073 1 299
176136 3 62
178103 1 578
178505 2 241
179812 1 141
180566 2 66
182582 1 168
182697 1 77
184130 4 77
185365 1 83
187676 7 728
187677 3 358
189097 1 50
189496 4 75
189925 6 319
193710 8 788
193828 2 571
195416 1 509
196376 10 221
196574 5 108
200049 35 585
202552 1 78
202703 1 192
202931 5 111
203181 1 95
203831 11 198
205981 1 632
206498 6 269
207166 1 796
210172 3 54
210213 3 276
215298 1 120
215376 11 374
215427 2 55
216482 3 190
219023 2 59
220691 5 140
221908 17 401
223600 11 594
224230 1 643
224376 36 778
224535 2 51
225669 3 230
226742 2 497
228255 4 443
228683 3 207
232811 2 549
233409 6 114
238241 1 152
238681 1 94
240349 10 238
243098 6 509
243129 1 247
244374 1 531
244737 2 103
245517 15 388
247091 2 155
247361 17 758
247486 7 260
247831 5 80
248290 5 76
248386 1 86
248637 7 147
249318 4 80
249321 16 274
249377 2 475
249527 1 1420
249773 16 493
250050 18 372
250366 1 154
250368 1 270
251123 3 103
251336 2 114
251394 3 538
251395 19 799
252824 1 772
253623 5 617
255691 7 501
256341 1 1061
256391 1 64
257130 4 104
257325 2 66
257742 2 267
262616 1 573
262714 3 65
263662 2 181
264635 1 1187
264841 1 1174
290256 29 30074
290465 1 15747
301865 10 18367
306497 1 1107
308186 10 36306
308785 48 4454
308823 48 4454
316297 3 5294
331607 5 130
336735 2 812
337135 1 629
347869 1 47445
348606 4 163
349820 3 1531
352000 8 178
355170 6 95
359082 1 169
373834 10 44460
374014 67 80805
375394 1 94
384119 1 533
393550 5 30891
393747 15 58177
396801 11 659
396909 9 421
397145 3 79
397359 9 397
397404 11 248
397405 11 240
397456 19 434
397521 6 128
397765 28 1019
397807 2 40
397893 7 313
398045 7 101
398055 4 206
398644 31 1202
398652 9 223
398732 3 71
398910 7 149
399336 10 499
399421 9 218
399480 7 81
399497 1 1071
399878 10 148
400834 31 657
400862 7 504
400973 13 477
402046 1 612
402832 5 277
402880 4 159
403667 1 1619
403929 1 247
405522 2 74
405576 1 473
406208 8 526
407219 4 474
407731 20 410
407982 1 139
408103 1 709
408433 3 82
408681 1 863
409782 1 597
410741 17 365
410811 24 806
410831 6 347
410944 1 542
413051 8 127
413410 12 585
413553 1 1377
413896 7 852
414217 25 471
414810 1 434
415448 1 355
415493 27 660
415609 1 514
415726 25 543
415744 1 365
415886 1 98
415906 4 66
416143 1 92
416634 5 114
416998 8 492
417125 5 140
417173 2 52
417182 4 321
417812 10 251
418876 6 76
418964 8 145
419621 3 508
420322 1 43
420545 4 94
421682 1 726
422975 15 570
424456 23 858
424465 3 302
424507 21 449
424788 4 170
424834 2 452
425662 4 172
425963 1 423
426150 15 458
426494 1 717
427436 4 434
427844 1 160
429103 2 224
429439 4 559
429634 3 74
429930 5 547
430342 5 91
431249 2 1974
431667 5 102
431796 38 690
432300 5 468
432329 1 661
434623 3 43
434859 1 645
435414 1 301
436199 1 347
436451 1 2630
436641 1 271
436726 9 121
437359 1 110
438348 2 570
438394 5 94
439862 4 69
440478 3 411
440906 6 121
440930 7 129
441004 1 654
441256 3 49
441433 1 320
442134 10 489
442580 1 96
442825 2 97
443101 19 331
443452 4 67
444259 1 246
444562 1 57
444972 7 434
445124 1 383
447264 5 67
447304 12 313
448635 1 495
448646 1 136
449432 2 33
449470 5 96
449937 7 129
450050 1 915
450362 7 114
450790 1 531
450822 7 530
451799 3 545
452323 13 1389
454283 24 802
454520 3 122
454858 16 413
455354 2 50
455480 1 84
455833 1 117
456029 17 564
456653 2 267
457761 3 331
457885 3 92
457970 2 849
458418 14 241
458617 1 1212
459122 1 651
460046 3 961
460382 3 595
462093 1 48
462559 31 635
462571 31 639
463071 12 179
463386 2 85
463549 4 99
463828 13 213
464027 1 2344
464581 3 173
465286 2 985
465689 8 474
466168 1 1630
466225 1 519
466230 5 110
466590 2 695
466851 2 96
466860 1 29
467513 5 133
467531 5 77
468046 10 747
468704 1 590
469313 1 40
469478 6 89
469524 1 959
469785 6 218
470652 4 259
472027 1 452
472701 5 137
473237 1 482
473528 1 156
473763 6 74
474432 3 138
474434 5 61
474436 5 83
476975 10 343
476976 16 384
477537 3 680
477567 1 397
478180 1 450
478705 7 474
479252 7 186
480122 1 758
480784 3 86
480804 11 141
480824 10 237
480864 1 419
481118 33 534
481623 2 81
482168 1 43
483778 1 65
484483 1 480
484508 6 76
484567 4 84
484816 33 628
485948 1 502
486446 2 437
487028 6 280
487619 14 324
487770 8 292
487919 1 328
487978 3 376
488029 3 279
488110 3 456
488674 1 2039
488681 1 60
489095 9 159
489362 6 84
490172 1 562
490683 7 403
490762 2 412
491392 1 539
491843 17 197
491904 5 438
492265 13 310
492715 2 461
492989 5 63
493737 5 115
495191 11 448
495232 2 814
495557 1 75
496595 4 1056
497149 1 669
497429 6 357
498067 1 179
498109 4 184
498546 7 1845
499347 1 789
499631 5 107
499836 15 448
500858 13 365
501018 5 87
501635 1 699
502418 1 691
502757 23 366
503908 2 50
504293 3 428
504543 2 483
504560 1 372
504738 2 84
505046 1 256
505880 11 142
506655 1 211
507627 7 127
507745 11 236
508241 4 101
508311 1 103
509141 1 93
509736 9 165
511240 33 689
511365 1 154
511586 4 319
511611 2 94
512791 6 163
512835 12 1672
512874 1 56
513053 7 153
513631 3 210
513865 1 207
514263 2 623
514573 1 1174
514648 6 128
516108 1 106
517211 1 391
517556 1 567
517714 3 861
518214 6 155
518781 8 104
519158 16 244
519635 2 85
520237 1 41
520481 1 486
520766 1 402
520967 21 425
520973 1 396
521280 2 589
521288 8 115
521672 1 538
521717 25 590
521847 5 109
521947 17 387
522576 16 520
522616 2 92
523679 10 178
524011 16 328
524525 12 753
524628 4 128
524998 1 983
526063 2 48
526231 26 2610
526833 2 406
527122 7 90
