31 13 12233
32 14 9957
33 103 19382
297 3 284
961 1 483
1724 8 457
1726 2 586
1727 3 403
1728 3 513
1729 12 494
1730 7 490
2232 53 3252
2930 5 331
3492 43 1768
4421 209 5382
4815 2 496
6350 22 232
8126 9 98
8854 4 238
9166 873 17203
15865 1 622
16642 5 269
18717 13 242
21106 1 222
22068 43 1844
22356 20 709
22685 20 706
23461 5 306
23626 3 339
25089 6 383
25091 52 2607
25170 1 250
26494 6 606
26495 4 251
26542 5 7045
28853 84 3522
30901 1 6266
31204 2 478
31345 64 1570
31846 10 5130
34722 186 13257
36097 6 526
36098 13 551
36391 37 10294
37216 14 382
39711 88 2291
39712 14 5030
39713 91 3484
39880 11 255
40359 2 4913
41177 22 367
43832 28 484
44137 3 263
44138 1 530
44139 3 378
45006 1 6265
45142 28 344
45143 24 364
45917 37 6305
45947 262 11759
46011 10 603
46322 17 506
47247 5 540
47642 1 11472
50560 18 3018
50682 7 32839
50683 1 9266
51705 68 1921
53011 50 1599
53096 208 6232
57190 3 44
57239 5 182
57463 2 35
60346 15 343
60360 1 29
61109 1 28
62291 11 388
63087 2 29
63093 2 27
63851 1 30
64920 1 37
68887 18 261
69710 9 232
70178 3 50
70875 2 512
72806 10 204
74119 9 411
74873 2 35
77934 9 238
84937 22 404
86163 2 27
89334 3 26
89678 4 97
92234 4 213
92597 2 122
94244 5 81
95472 1 78
98544 2 33
101352 26 647
101682 4 171
102232 2 355
102720 22 506
103612 1 59
108084 1 238
108155 2 40
108799 1 179
110776 4 196
116182 2 28
118534 14 275
118598 31 787
119347 3 33
119619 11 209
125876 4 66
127060 7 230
128721 3 45
130858 10 202
133907 1 289
136162 3 58
140375 7 223
147216 4 120
149108 3 70
151318 16 310
155311 3 70
157975 2 44
161990 2 51
162255 18 474
164200 4 144
164380 2 92
164385 4 144
164803 20 386
166369 4 133
167107 2 47
167463 3 52
171385 15 426
173347 2 61
175280 3 475
177390 5 259
178585 6 237
178596 24 461
185123 16 306
185646 4 464
186289 5 213
187558 2 378
188628 9 128
188632 19 254
191936 3 289
193780 2 212
199630 6 142
200772 3 90
202112 13 189
202976 1 62
203354 3 71
204666 4 96
205849 3 312
212007 5 161
212761 9 180
213509 13 189
213517 10 139
215575 4 457
215728 8 148
216922 4 102
218116 15 306
218118 1 42
218395 3 297
218854 12 342
219506 3 79
220525 11 153
220879 19 1227
220969 4 86
221694 4 199
222607 1 81
225580 10 204
226997 14 436
227198 28 692
227811 3 77
228723 3 385
234444 11 281
236021 10 328
238003 21 489
239811 2 152
239953 3 652
242898 5 200
245760 2 258
246026 5 178
247083 8 174
248117 3 178
251573 1 83
255400 18 648
257190 3 110
259202 5 124
260444 5 161
260648 8 143
268073 12 232
270100 24 438
275186 1 690
275667 1 403
275732 8 368
275745 1 129
275756 5 174
275757 13 265
275780 10 279
275781 11 424
275868 6 158
275869 3 236
275956 20 1514
276076 9 156
276183 1 150
276184 9 157
276185 9 156
276197 2 94
276294 5 699
276423 3 179
276508 7 752
276570 6 348
276599 2 314
276727 1 374
276783 12 276
276882 5 205
276888 9 203
276997 7 598
276998 2 116
276999 4 813
277000 3 149
277104 3 158
277105 4 143
277106 5 197
277274 1 180
277286 27 2203
277421 9 314
277881 10 1097
282446 4 135
282447 11 197
284209 5 395
284483 13 203
287390 6 275
287398 12 429
287417 8 392
287418 13 272
287419 5 180
287431 1 134
287435 9 373
287443 18 252
287454 7 303
287457 17 428
287471 5 94
287491 1 98
287504 9 160
287506 6 170
287507 3 247
287508 1 157
287518 9 247
287524 6 189
287530 21 825
287549 8 259
287551 16 258
287556 27 526
287557 2 454
287571 29 497
287572 3 112
287574 11 263
287578 9 202
287601 2 322
287603 3 223
287604 6 734
287606 3 185
287622 6 279
287625 6 353
287636 12 238
287638 24 407
287643 12 233
287653 10 164
287656 19 349
287661 34 700
287662 1 156
287668 13 207
287682 20 423
287683 18 297
287684 24 356
287689 2 121
287690 3 155
287692 4 818
287695 7 600
287707 5 189
287708 8 382
287717 6 211
287739 26 406
287740 15 728
287746 3 114
287760 31 718
287763 11 204
287764 5 257
287775 12 280
287813 5 205
287814 3 164
287820 3 150
287825 10 318
287826 7 216
287829 2 308
287836 57 1989
287837 27 2208
287872 1 693
287875 17 380
287876 26 526
287877 21 226
287887 17 615
287888 34 879
287889 18 288
287892 16 148
289348 1 18428
289826 3 1025
289932 11 4403
289949 1 1342
290015 6 265
290105 33 882
290118 16 151
290209 17 618
291792 64 1333
294967 2 7544
297054 19 372
297773 3 488
297959 2 150
298220 5 641
298246 3 127
298249 5 391
298406 26 3212
298407 7 922
298499 5 641
298511 6 205
298512 13 302
298532 11 1224
298542 9 204
298752 29 856
298849 6 174
299028 8 381
299029 1 76
299090 6 222
299398 1 129
299778 1 5938
301865 1 18367
302656 23 380
303734 4 25485
306237 1 26903
306390 19 317
306863 23 1833
306865 3 495
306867 7 129
306892 124 1907
306916 9 159
306917 23 431
306944 4 286
306946 20 578
306948 2 155
306950 64 1346
306970 20 316
306981 9 135
306990 8 219
306992 5 206
307008 10 209
307020 23 526
307021 5 650
307022 19 1078
307024 39 906
307043 9 352
307060 12 214
307070 2 278
307076 5 100
307078 23 386
307091 6 227
307108 6 118
307115 2 200
307120 5 181
307124 13 308
307125 6 208
307126 30 865
307136 24 489
307154 28 686
307168 13 299
307171 2 84
307174 19 378
307176 30 444
307186 7 187
307193 23 658
307198 5 173
308060 9 351
308434 23 432
308607 23 661
308859 21 5677
313390 7 459
316213 10 269
316299 5 319
316390 12 635
317611 23 1827
317617 8 124
319571 14 640
321479 1 105
321753 3 266
323785 34 1066
325751 8 286
325769 8 112
325780 9 117
325785 42 705
325787 29 924
325788 24 639
325792 6 357
325794 38 842
325795 38 760
325802 11 274
325809 12 228
325835 5 87
325846 34 1068
325852 12 644
325867 6 462
325877 14 649
325881 15 317
325889 5 87
325928 6 299
325936 8 526
325952 1 122
326007 26 328
326129 1 67196
326198 14 189
326199 10 192
327064 3 1208
327349 22 8654
327394 1 22044
328914 6 4587
328993 2 5082
329078 12 225
329161 26 1719
329427 9 210
330167 18 263
330546 1 135
330597 22 220
336030 1 2998
336719 1 6871
337292 6 193
337306 3 66
337456 4 143
337457 8 245
337460 7 365
337474 4 143
337475 8 245
337477 7 365
337486 14 360
337527 11 263
337529 7 134
337544 22 495
337659 1 186
337660 15 323
337661 10 1278
337736 7 291
337756 4 158
337823 1 312
337935 8 1437
337936 3 234
337940 1 621
337941 13 159
337995 7 171
338103 6 371
338104 11 761
338105 4 404
338112 21 350
338412 8 404
338418 3 135
338593 7 227
338598 5 189
338710 14 367
338757 6 134
338850 2 159
338904 6 1349
339853 26 385
344998 20 1235
347381 25 355
347837 11 63219
347869 1 47445
348306 13 357
348315 1 94
348322 4 312
348326 10 1100
348331 10 333
348353 25 438
348354 12 228
348365 4 134
348366 7 207
348368 4 640
348381 75 1414
348386 3 242
348387 14 147
348390 16 260
348400 10 176
348403 63 1670
348424 1 195
348426 10 1085
348427 7 378
348428 7 302
348429 16 338
348430 6 196
348461 23 340
348463 24 311
348477 1 107
348485 9 169
348489 8 262
348492 4 150
348498 12 369
348503 11 274
348509 8 148
348512 20 510
348520 26 396
348531 16 261
348549 1 314
348553 11 768
348554 8 375
348556 4 405
348557 6 1441
348558 4 165
348559 3 238
348566 13 166
348571 21 352
348582 22 219
348590 7 94
348595 14 350
348596 15 429
348597 9 206
348599 5 171
348601 14 203
348603 11 323
348604 15 185
348629 22 625
348640 5 196
348641 3 138
348648 14 372
348656 13 323
348692 21 309
348698 15 168
348700 25 352
348701 9 411
349579 24 463
349600 35 879
349742 63 1678
351998 32 3051
352199 15 192
353762 10 244
353875 13 149
354018 13 316
354066 8 228
354149 30 368
354153 19 317
354267 34 554
354337 4 205
354757 2 871
355054 5 195
355059 5 164
355359 1 108
355971 6 105
356366 4 263
358009 6 119
358046 5 85
359010 7 357
359152 1 9815
360201 17 231
360219 5 192
360261 4 273
360268 6 1048
360269 11 582
360384 3 94
360500 10 314
360597 19 296
360600 24 852
360887 17 351
361133 5 234
361303 2 219
361641 4 197
361677 6 219
361717 4 82
361739 7 156
361740 1 176
361827 10 277
361834 5 532
361867 4 139
361879 8 210
361880 4 1542
361893 2 947
361894 10 277
361901 5 532
361905 2 947
361932 2 164
361947 1 157
361961 2 164
362265 8 241
362266 5 157
362529 1 174
363562 3 122
368848 16 211
370174 7 740
370194 6 115
370322 22 304
370718 22 335
371877 5 1501
372439 7 407
372528 6 186
372539 22 591
372540 19 308
372541 9 141
372543 13 279
372544 6 592
372567 5 197
372572 6 292
372581 26 280
372591 13 832
372595 15 279
372603 5 155
372633 39 832
372634 10 316
372649 17 232
372661 31 517
372668 18 304
372671 15 197
372678 5 199
372683 3 68
372687 17 257
372690 6 116
372691 17 405
372692 3 162
372695 9 290
372696 14 345
372717 6 253
372722 3 248
372734 74 823
372757 22 305
372758 5 115
372759 12 280
372767 6 291
372780 4 233
372788 17 346
372790 1 98
372797 7 161
372799 11 185
372800 2 222
372804 4 197
372812 21 420
372824 8 114
372825 2 120
372826 4 77
372834 7 361
372835 22 530
372848 33 506
372851 25 379
372855 11 539
372856 54 836
372863 4 222
372867 4 134
372870 12 337
372873 1 161
372882 1 181
372885 12 237
372896 5 163
372897 7 246
372898 10 281
372900 5 538
372908 2 82
372909 6 143
372912 2 166
372916 8 214
372917 3 1545
372928 15 312
372929 10 241
372933 19 848
372940 33 659
372945 8 413
372954 11 273
372956 14 383
372962 26 532
374288 12 541
377448 1 4232
379824 12 280
380006 2 644
383624 3 166
383625 9 223
383628 3 373
383680 15 212
383735 1 164
383833 6 301
383887 10 185
383889 4 284
383950 2 814
384050 6 182
384051 6 183
384052 3 113
384053 9 228
384054 3 142
384108 3 94
384109 19 831
384110 7 186
384116 17 1346
384175 1 245
384221 3 131
384234 17 245
384235 8 146
384295 25 672
384315 6 185
384319 6 172
384367 10 221
384373 1 193
384384 4 179
384496 16 865
384498 7 844
384607 3 176
384659 2 161
384675 9 242
384745 8 197
384816 5 213
384833 5 1077
384898 9 303
384911 1 304
384931 4 154
384933 49 1737
385001 3 177
385007 22 589
385032 2 137
385163 3 56
385219 6 182
385352 19 303
390060 33 404
391712 10 378
392271 21 311
392620 2 340
392846 8 135
392922 4 184
392981 20 432
392982 16 270
393039 1 93
393544 2 2346
394316 31 1558
394319 2 166
394320 3 171
394360 9 482
394368 8 293
394369 8 198
394381 10 378
394382 3 219
394383 21 314
394390 14 191
394391 5 135
394393 34 735
394394 9 141
394397 4 107
394398 9 237
394399 21 752
394400 16 396
394401 3 122
394402 8 196
394403 9 197
394404 7 194
394406 3 152
394407 3 134
394408 9 229
394410 6 305
394411 4 286
394412 10 185
394417 4 174
394438 8 150
394439 17 247
394486 21 313
394494 47 922
394496 14 179
394498 5 176
394508 1 168
394510 15 214
394514 58 992
394520 3 176
394524 16 610
394525 7 848
394528 8 195
394534 25 677
394539 2 183
394546 1 195
394553 2 650
394558 5 130
394564 5 368
394570 12 285
394583 10 321
394585 8 142
394601 3 183
394612 9 248
394613 4 156
394615 10 311
394617 2 139
394619 8 201
394622 48 1760
394623 7 312
394624 2 166
394628 16 478
394633 5 216
394643 6 283
394668 33 730
394674 33 596
394684 11 376
394685 25 792
394686 11 129
394689 4 189
394690 9 199
394691 13 278
394693 19 439
394694 16 277
394706 32 408
395739 34 738
395791 1 1795
396442 8 113
396454 7 179
396456 2 87
397736 11 152
398677 12 223
398982 56 975
399024 22 420
399243 17 276
399305 7 1405
399354 1 482
399363 30 508
399648 21 497
400400 10 228
401800 14 288
403198 2 159
403592 3 43
404190 33 635
404225 30 616
404246 2 913
404305 6 103
404876 2 43
404924 15 510
405008 29 640
405021 23 690
405023 23 623
405029 24 711
405711 15 294
405790 2 2995
405973 5 277
406180 38 1559
406239 4 54
406359 8 95
407061 4 58
407792 18 467
407919 18 450
407950 2 543
408623 34 956
408887 4 111
409379 5 77
410366 9 102
411772 27 551
412198 35 840
412363 5 324
412408 14 220
413019 3 110
413102 3 787
413315 17 268
413606 21 739
413812 9 138
413864 6 930
414155 4 406
415037 12 456
415384 5 77
415771 5 112
417382 18 395
417432 13 361
417977 30 1173
418094 2 74
418198 6 616
418247 21 495
418883 5 406
419234 21 343
419300 3 68
419372 29 355
420039 2 86
420140 4 120
420506 11 127
420895 12 203
421105 12 184
421106 10 136
421896 21 588
421920 23 476
421921 10 290
422032 33 1047
422273 26 543
423244 5 84
423901 31 566
423902 21 682
424068 13 425
424372 3 611
424393 19 384
424419 36 526
424744 5 96
424927 13 137
425153 6 102
425370 2 335
425628 3 172
425993 4 167
425994 8 103
425995 5 126
425996 4 79
425997 3 54
425998 6 171
426101 6 1213
426323 40 1672
426429 3 125
426430 8 128
426432 5 120
426582 2 1586
426944 6 92
427577 6 99
428560 1 279
428635 15 493
428676 12 1681
429083 9 151
429085 18 187
429096 1 355
429294 4 48
429547 41 733
431277 24 469
431946 32 803
432174 18 541
432286 2 96
432446 6 437
432449 41 737
432707 12 164
433332 17 334
433654 10 563
434281 5 173
435311 2 74
436595 8 95
436757 8 108
437139 36 940
437457 36 683
438214 6 833
438814 2 104
438909 31 830
439037 11 260
439529 12 382
439758 11 164
441294 5 68
441576 82 2819
441577 9 283
441578 107 2452
441739 6 184
442355 4 377
442441 10 145
442656 9 192
442682 7 111
443308 22 518
443773 4 218
444254 26 760
444279 12 572
444707 20 1891
444876 4 623
445097 14 1460
445658 4 184
445740 3 50
445753 15 344
446658 2 46
446754 6 580
446782 27 638
446889 2 49
447444 45 692
447558 10 354
448021 7 868
448877 14 472
448978 6 510
449278 9 1143
449496 4 52
449832 45 973
450348 8 84
450916 20 711
451196 9 467
454586 1 56
454722 23 815
456202 9 795
456486 6 245
458160 2 52
459319 4 57
459626 4 103
459665 3 41
460260 24 691
461490 2 48
461634 12 645
461667 3 1320
461964 12 365
462006 10 138
462301 7 104
462313 24 584
462770 13 170
463069 29 1263
463950 7 452
464547 12 308
465000 14 278
465002 3 41
465027 15 453
465245 1 457
466999 3 77
467279 4 61
467504 21 446
467891 8 104
469226 35 1014
469381 12 146
469684 8 90
470058 6 76
471312 10 491
471855 19 681
471862 10 90
471874 10 115
472505 11 100
472589 9 619
472917 6 139
474095 4 599
474338 21 1136
474489 7 87
475503 23 640
476474 8 131
476518 39 1434
477205 2 52
477409 21 518
478360 7 152
478566 27 446
479175 2 502
479886 23 769
480711 24 556
480728 13 374
481523 2 48
482317 19 710
482319 61 970
482336 8 133
484049 5 75
484054 1 102
484105 6 94
484596 34 586
484645 33 571
485012 13 343
485014 8 433
485037 71 1727
485051 26 728
485756 4 133
485759 4 48
485762 5 102
485961 7 115
486699 13 157
487195 31 478
487400 2 41
488497 4 80
488499 4 99
488840 6 71
488918 47 716
488948 1 76
489001 5 439
489018 39 931
489381 6 63
489383 8 179
489385 2 35
489388 9 173
489779 8 117
489941 18 452
490021 13 328
491349 12 684
491520 43 660
491766 46 2223
492032 9 196
492288 6 1045
493196 2 330
493297 13 252
493795 5 380
493893 7 1052
494043 17 503
494141 39 781
494173 4 116
494176 5 382
494565 15 231
494687 18 496
494840 13 605
494999 11 142
495369 5 128
495851 24 520
496236 1 804
496767 13 193
496768 1 115
497977 18 456
498466 2 65
498792 13 335
498799 7 92
498805 38 667
498942 3 60
499349 4 1099
499545 5 452
500126 6 93
500224 7 98
500469 9 877
500754 25 855
502084 8 1164
502690 5 869
503126 5 82
503228 9 924
503490 6 113
503628 22 1041
503779 5 97
504150 9 163
504382 14 891
504782 15 1248
504783 13 1079
504903 5 941
505239 21 492
505364 1 405
505733 5 466
506111 6 400
506594 13 327
506596 5 457
507496 3 611
508081 18 343
508568 5 73
508919 7 86
509456 28 420
509702 8 387
510511 18 705
511253 3 67
511688 20 350
512023 7 106
512142 2 1100
512349 5 85
512415 12 293
512894 2 842
513027 50 912
514520 19 773
514721 4 45
514860 6 62
515022 3 175
515216 3 83
515217 7 213
515219 4 100
515244 1 455
515892 10 343
516820 5 289
517348 6 54
519819 3 476
520417 15 555
521166 20 293
521411 6 74
522320 14 383
522746 4 48
523206 10 504
523515 49 1248
523625 45 1950
523752 15 458
523786 11 246
524015 8 112
525214 18 2503
525868 4 100
526114 3 44
526170 1 350
526438 9 390
526647 8 845
526989 2 145
527425 3 94
32 1 9957
33 4 19382
297 1 284
961 2 483
1245 1 264
1724 2 457
1727 2 403
1728 3 513
1729 2 494
1730 2 490
2232 2 3252
3492 1 1768
4338 8 16989
4421 2 5382
12709 1 20008
15865 1 622
16487 52 4174
20779 5 442
21106 1 222
21614 4 32241
22068 1 1844
25089 1 383
25091 1 2607
25170 3 250
26494 3 606
26495 1 251
26542 15 7045
28853 1 3522
30446 12 12899
30901 12 6266
31204 2 478
31345 1 1570
31846 3 5130
36097 1 526
36328 1 521
36391 25 10294
36802 7 29903
37216 1 382
39711 1 2291
39712 1 5030
39713 1 3484
39880 1 255
40359 4 4913
43832 1 484
44137 1 263
44366 3 12535
45006 12 6265
45917 3 6305
46011 2 603
46322 1 506
46917 12 10490
47642 22 11472
49733 5 165
50560 4 3018
50682 4 32839
50683 3 9266
51705 2 1921
52214 13 64459
52284 5 371
53011 2 1599
53096 3 6232
54338 5 223
57239 4 182
59189 1 106
60346 1 343
62661 2 24
64920 1 37
65354 1 61
84540 1 27
92234 2 213
92597 1 122
100413 11 167
101352 4 647
103273 3 69
106158 11 162
108799 2 179
109300 4 60
113379 1 591
114333 12 211
122472 8 65
123643 12 180
125799 7 129
129027 1 78
129978 13 206
132047 4 50
133907 1 289
137853 1 43
140375 1 223
140945 13 260
146612 8 126
151318 1 310
152242 3 50
158895 1 109
159906 1 87
162243 7 266
162255 1 474
166369 1 133
171385 2 426
172299 13 242
175280 1 475
177390 1 259
178585 1 237
180567 3 125
190747 1 108
197484 3 77
203417 1 467
204666 2 96
205504 1 545
206350 16 210
209355 1 62
212549 3 56
213787 1 116
215322 1 37
215575 1 457
218116 1 306
220239 3 46
220514 3 61
220879 3 1227
225580 1 204
227198 2 692
233060 4 383
233207 27 577
234444 5 281
236021 1 328
238003 1 489
239811 2 152
239953 28 652
244273 3 58
248117 1 178
251573 2 83
255400 3 648
262134 42 686
273892 2 149
275186 10 690
275667 1 403
275745 1 129
275757 2 265
275868 1 158
275956 4 1514
276076 4 156
276183 2 150
276185 4 156
276294 3 699
276423 1 179
276488 2 176
276508 6 752
276570 1 348
276599 2 314
276727 1 374
276783 6 276
276882 6 205
276888 1 203
276997 3 598
276998 1 116
276999 5 813
277000 2 149
277104 1 158
277105 1 143
277106 1 197
277421 1 314
277881 5 1097
280619 73 11500
281416 1 101
283854 2 900
286583 64 19748
287418 2 272
287431 1 134
287454 1 303
287457 1 428
287471 1 94
287504 4 160
287506 1 170
287508 2 157
287518 2 247
287530 4 825
287574 1 263
287578 1 202
287601 2 322
287603 1 223
287604 6 734
287606 1 185
287622 2 279
287625 1 353
287661 1 700
287689 1 121
287690 2 155
287692 5 818
287695 3 600
287717 6 211
287775 6 280
287813 1 205
287814 1 164
287820 1 150
287825 1 318
287829 1 308
287836 13 1989
287872 10 693
287875 3 380
287876 3 526
287887 1 615
287888 1 879
289348 23 18428
289453 3 2642
289734 3 4107
289826 2 1025
289932 5 4403
289949 15 1342
290105 1 882
290209 1 618
290466 7 7226
292660 35 650
294845 4 116
294967 13 7544
297773 2 488
297959 1 150
298220 1 641
298406 30 3212
298407 6 922
298499 1 641
298511 2 205
298512 1 302
298532 7 1224
298542 1 204
298752 10 856
299029 1 76
299049 1 92
299398 1 129
299778 4 5938
301865 7 18367
303734 18 25485
304210 2 224
305427 1 113
306678 3 108
306863 9 1833
306865 2 495
306892 3 1907
306917 3 431
306944 1 286
306946 1 578
306948 1 155
306990 1 219
307008 1 209
307021 1 650
307024 2 906
307060 1 214
307115 4 200
307124 1 308
307125 2 208
307126 10 865
307136 1 489
307154 2 686
307176 5 444
307453 36 49380
307529 1 124
308434 3 432
308597 3 3201
308859 26 5677
310133 1 109
310755 3 434
311929 27 9534
313390 3 459
316299 1 319
316390 1 635
317611 9 1827
318475 2 109
319571 6 640
320187 2 2039
320248 25 13098
320458 1 100
321479 1 105
321753 3 266
323785 7 1066
325121 37 3700
325787 2 924
325788 2 639
325846 7 1068
325852 1 644
325867 3 462
325877 6 649
326129 17 67196
327064 4 1208
327349 49 8654
327394 11 22044
328914 20 4587
328993 14 5082
329161 1 1719
329209 8 5843
331670 2 120
336030 3 2998
336719 23 6871
337456 1 143
337457 2 245
337460 3 365
337474 1 143
337475 2 245
337477 3 365
337486 1 360
337529 1 134
337659 1 186
337660 2 323
337661 11 1278
337756 1 158
337823 7 312
337935 11 1437
337940 1 621
337995 1 171
338015 1 552
338103 4 371
338104 6 761
338105 3 404
338112 2 350
338412 3 404
338598 1 189
338710 2 367
338757 1 134
338850 2 159
338904 2 1349
340426 7 1473
342182 1 122
343502 1 93
344998 1 1235
347138 2 392
347381 7 355
347837 14 63219
347869 2 47445
348322 2 312
348326 5 1100
348368 1 640
348381 6 1414
348387 1 147
348403 3 1670
348424 1 195
348426 9 1085
348427 3 378
348429 2 338
348489 2 262
348492 1 150
348498 1 369
348509 1 148
348549 7 314
348553 6 768
348554 4 375
348556 3 405
348557 11 1441
348558 1 165
348571 2 352
348604 1 185
348640 1 196
348648 2 372
348683 1 145
348700 7 352
348701 3 411
349545 8 788
349579 1 463
349600 1 879
349742 3 1678
351998 2 3051
354066 1 228
354238 5 3820
354337 2 205
354757 3 871
355059 1 164
355359 2 108
359152 13 9815
360219 4 192
360261 1 273
360268 1 1048
360269 4 582
360500 2 314
360597 1 296
360680 3 210
360887 1 351
361303 1 219
361677 2 219
361827 2 277
361834 3 532
361879 2 210
361880 11 1542
361893 1 947
361894 2 277
361901 3 532
361905 1 947
362265 1 241
362266 1 157
362529 3 174
364118 6 497
370194 1 115
370718 1 335
371877 8 1501
372439 1 407
372528 5 186
372539 5 591
372541 2 141
372543 6 279
372544 1 592
372567 4 197
372591 1 832
372595 1 279
372633 1 832
372634 2 316
372668 1 304
372691 3 405
372692 1 162
372717 1 253
372734 1 823
372758 1 115
372759 1 280
372767 2 291
372788 1 346
372799 1 185
372800 1 222
372812 1 420
372825 1 120
372856 1 836
372863 2 222
372867 2 134
372885 1 237
372896 1 163
372897 1 246
372898 2 281
372900 1 538
372916 2 214
372917 11 1545
372933 1 848
372945 1 413
374598 3 1377
377448 16 4232
379824 3 280
381924 7 1518
382326 2 155
383150 1 142
383537 1 192
383624 2 166
383625 1 223
383628 1 373
383680 1 212
383718 3 433
383833 1 301
383887 2 185
383950 2 814
384050 2 182
384051 6 183
384052 2 113
384053 3 228
384054 3 142
384108 3 94
384109 8 831
384110 2 186
384116 2 1346
384169 8 1093
384175 1 245
384221 1 131
384234 3 245
384235 1 146
384295 1 672
384319 1 172
384496 7 865
384498 4 844
384607 1 176
384659 2 161
384675 3 242
384745 1 197
384816 2 213
384833 5 1077
384898 7 303
384911 1 304
384931 2 154
384933 3 1737
385001 1 177
385007 5 589
385163 3 56
385219 5 182
387654 1 1229
390060 2 404
391712 1 378
392271 1 311
392922 1 184
392981 3 432
392982 1 270
393039 1 93
393526 9 8178
393544 18 2346
393550 3 30891
394319 2 166
394320 2 171
394368 2 293
394381 1 378
394382 2 219
394397 2 107
394398 3 237
394399 8 752
394400 2 396
394401 2 122
394402 2 196
394403 4 197
394404 2 194
394406 1 152
394407 1 134
394408 1 229
394410 1 305
394412 2 185
394417 1 174
394438 1 150
394439 3 247
394486 1 313
394494 1 922
394510 1 214
394514 2 992
394520 1 176
394524 9 610
394525 4 848
394534 1 677
394558 1 130
394564 4 368
394570 3 285
394583 1 321
394601 1 183
394612 3 248
394613 2 156
394615 6 311
394619 1 201
394622 3 1760
394623 5 312
394624 3 166
394628 4 478
394633 2 216
394674 1 596
394689 1 189
394690 1 199
394691 4 278
394693 3 439
394694 1 277
394706 2 408
394898 7 26758
395784 2 1461
395791 14 1795
396237 1 112
396258 27 38258
396454 2 179
396456 4 87
398982 2 975
399243 1 276
399305 1 1405
399354 3 482
399363 7 508
399648 1 497
400400 2 228
401594 9 326
401800 2 288
401901 5 367
403636 6 283
404924 1 510
405790 1 2995
406738 1 99
407792 3 467
407919 2 450
408887 1 111
409387 2 85
411945 1 73
412211 2 321
412510 4 183
413019 2 110
413102 8 787
413118 2 135
413606 2 739
413864 2 930
414155 1 406
415037 1 456
415771 2 112
417792 7 415
418094 1 74
418247 1 495
418883 2 406
420140 1 120
421106 2 136
421461 2 230
421507 11 419
421508 14 1059
421510 10 227
421896 1 588
422273 4 543
422929 1 651
422949 2 915
423244 1 84
423901 8 566
423902 11 682
424068 1 425
424372 4 611
424393 2 384
424744 1 96
425628 1 172
425993 2 167
425994 3 103
425995 7 126
425996 1 79
425997 1 54
425998 6 171
426101 3 1213
426429 2 125
426430 1 128
426432 2 120
426582 4 1586
427848 8 918
428560 2 279
428635 2 493
428676 3 1681
429085 5 187
429296 1 72
429779 1 84
431277 4 469
431790 3 117
432174 3 541
432286 1 96
432446 1 437
432449 2 737
433422 2 176
433654 1 563
434281 1 173
435311 2 74
437457 1 683
438814 2 104
441576 1 2819
441578 13 2452
442355 3 377
443773 1 218
444027 19 251
445041 6 346
445097 1 1460
446782 1 638
447444 2 692
447609 3 101
448021 1 868
448877 3 472
448978 2 510
449062 1 264
449278 2 1143
449832 3 973
450916 3 711
451196 3 467
454722 3 815
456202 1 795
458811 3 493
459319 2 57
459869 3 312
461667 3 1320
461964 2 365
462313 2 584
463618 3 191
463763 7 400
465245 1 457
466999 1 77
469226 1 1014
471312 18 491
471855 2 681
472589 5 619
474132 19 957
475887 2 86
476518 1 1434
478360 4 152
479175 7 502
479886 2 769
481523 1 48
484596 2 586
484645 1 571
485037 1 1727
488499 3 99
488840 2 71
488918 1 716
488948 1 76
489001 4 439
489381 1 63
489383 1 179
489385 1 35
491349 1 684
491520 1 660
493196 5 330
493893 3 1052
494043 1 503
496236 14 804
496767 3 193
496768 3 115
497537 5 143
497977 1 456
498466 1 65
499349 1 1099
499545 4 452
502084 1 1164
503490 1 113
504382 1 891
504782 1 1248
504783 1 1079
504811 11 748
504903 1 941
505239 1 492
505364 1 405
505733 3 466
506111 1 400
506594 1 327
507496 2 611
508710 3 111
508824 1 77
508919 3 86
510511 3 705
512142 2 1100
512415 1 293
512894 3 842
513027 22 912
515216 3 83
515217 1 213
515219 2 100
515244 1 455
515892 1 343
515988 7 453
516820 1 289
517348 2 54
519819 3 476
521166 9 293
521411 2 74
522320 5 383
523206 7 504
523515 1 1248
523625 1 1950
525214 3 2503
526438 1 390
526647 4 845
31 3 12233
32 5 9957
33 32 19382
297 2 284
961 9 483
1245 2 264
1724 3 457
1726 8 586
1727 4 403
1728 2 513
1729 2 494
1730 7 490
2232 2 3252
2930 2 331
3466 44 534
3467 44 487
3468 40 520
3492 1 1768
4338 8 16989
4421 2 5382
4815 4 496
5979 27 757
5980 26 750
5983 27 757
5984 27 757
5985 27 757
5986 27 756
8854 4 238
9166 2 17203
10405 6 660
12709 24 20008
16487 3 4174
16642 6 269
20779 13 442
21106 2 222
21614 22 32241
22068 2 1844
22356 2 709
22685 2 706
23461 6 306
23626 2 339
25089 1 383
25170 1 250
25753 27 472
26494 1 606
26495 1 251
28007 20 275
30446 39 12899
30901 12 6266
31204 2 478
31345 1 1570
31846 6 5130
34722 9 13257
36097 2 526
36098 1 551
36328 32 521
36337 27 283
36391 12 10294
36802 140 29903
39711 1 2291
39712 1 5030
39713 1 3484
40359 2 4913
44137 5 263
44138 20 530
44139 7 378
44366 9 12535
45006 12 6265
45917 5 6305
45947 4 11759
46011 1 603
46322 3 506
46644 29 638
46917 12 10490
47247 12 540
47642 14 11472
50560 1 3018
50682 42 32839
50683 12 9266
52214 32 64459
52284 10 371
53011 2 1599
53096 7 6232
59189 2 106
62664 1 54
65354 1 61
68887 2 261
69512 2 57
69710 3 232
77934 1 238
84937 1 404
89678 1 97
91531 1 45
95232 3 60
95472 1 78
103273 1 69
103621 2 42
108799 2 179
112207 11 130
116747 1 56
118598 3 787
124894 1 845
127060 2 230
129027 1 78
133907 7 289
136373 3 60
140375 2 223
140945 1 260
147216 1 120
149735 2 71
149756 2 65
153354 7 74
154600 14 258
155521 4 65
158895 1 109
159906 1 87
162243 3 266
162255 1 474
165863 13 170
175280 4 475
176657 1 151
179065 14 156
180567 3 125
185944 1 71
190747 6 108
197484 2 77
199587 10 146
200649 1 102
205849 1 312
206350 1 210
212242 1 73
213787 1 116
218854 1 342
219737 2 90
220879 1 1227
221694 5 199
225580 1 204
226997 4 436
227249 2 48
227811 2 77
233060 13 383
233207 1 577
239811 1 152
242898 5 200
247626 2 58
254158 1 76
259202 1 124
260444 2 161
260648 2 143
262134 1 686
264665 8 484
264872 8 470
270100 1 438
275667 6 403
275745 1 129
275757 1 265
275956 2 1514
276183 2 150
276184 1 157
276508 2 752
276570 1 348
276997 1 598
276999 6 813
277421 1 314
280619 4 11500
283854 2 900
284209 9 395
286583 45 19748
287418 1 272
287431 1 134
287508 2 157
287530 1 825
287557 1 454
287604 2 734
287625 1 353
287653 1 164
287692 6 818
287695 1 600
287740 1 728
287825 1 318
287826 1 216
287829 5 308
287836 1 1989
287888 2 879
289348 1 18428
289732 3 4132
289932 1 4403
289949 1 1342
290105 2 882
290466 27 7226
294845 1 116
294967 8 7544
297054 1 372
297773 1 488
297959 2 150
298220 2 641
298249 1 391
298406 1 3212
298407 2 922
298499 2 641
298532 3 1224
298849 2 174
299398 1 129
299778 5 5938
301865 3 18367
303734 14 25485
304210 1 224
305618 1 992
306237 5 26903
306863 3 1833
306865 1 495
306944 5 286
306946 1 578
306948 2 155
307021 2 650
307174 1 378
307453 1 49380
308859 15 5677
310755 1 434
311929 1 9534
313390 2 459
316213 1 269
317611 3 1827
320187 2 2039
320248 6 13098
323785 1 1066
325121 9 3700
325787 1 924
325802 1 274
325846 1 1068
325867 2 462
325928 2 299
326129 2 67196
327349 9 8654
327394 3 22044
328914 2 4587
328993 2 5082
329161 1 1719
329209 9 5843
331670 1 120
336030 1 2998
336719 4 6871
337292 1 193
337661 1 1278
337736 1 291
337756 1 158
337823 1 312
337935 2 1437
337936 1 234
337940 1 621
338015 1 552
338105 3 404
338710 1 367
338904 3 1349
347837 49 63219
347869 14 47445
348079 1 641
348353 1 438
348368 2 640
348381 1 1414
348426 1 1085
348428 1 302
348430 1 196
348549 1 314
348556 3 405
348557 2 1441
348558 1 165
348559 1 238
348648 1 372
349600 2 879
353545 1 1450
354238 5 3820
356366 1 263
359152 35 9815
360201 1 231
360261 1 273
360268 3 1048
360384 1 94
361303 1 219
361641 1 197
361880 1 1542
361893 1 947
361905 1 947
363562 1 122
370174 1 740
370322 1 304
371877 1 1501
372544 1 592
372572 1 292
372649 1 232
372668 1 304
372695 1 290
372757 1 305
372800 1 222
372804 1 197
372885 1 237
372917 1 1545
374598 2 1377
377448 1 4232
380006 1 644
383718 1 433
383950 2 814
384169 1 1093
384175 1 245
384373 1 193
384496 1 865
384498 13 844
384607 1 176
384931 1 154
387654 2 1229
392620 2 340
393526 7 8178
393544 1 2346
393550 2 30891
394360 1 482
394368 1 293
394520 1 176
394525 13 848
394546 1 195
394553 1 650
394613 1 156
394643 1 283
394674 1 596
394898 4 26758
395784 1 1461
396258 17 38258
398982 1 975
399305 1 1405
399648 2 497
401800 1 288
403198 1 159
404190 1 635
404225 2 616
404246 24 913
404924 1 510
405029 1 711
412211 2 321
412408 1 220
413812 1 138
413864 4 930
415037 1 456
417432 2 361
418198 1 616
420039 1 86
421106 1 136
421507 1 419
421508 1 1059
422929 3 651
422949 2 915
423902 1 682
424372 1 611
425370 1 335
425996 1 79
426582 11 1586
428676 2 1681
433422 1 176
433453 1 1008
439037 1 260
439529 1 382
439758 2 164
441578 1 2452
449062 1 264
449278 1 1143
454586 1 56
460260 2 691
461667 5 1320
463069 1 1263
463950 2 452
465000 1 278
465027 12 453
467891 1 104
469381 2 146
474095 1 599
474132 1 957
474338 4 1136
476518 1 1434
479175 1 502
482319 1 970
484596 1 586
485037 5 1727
488497 1 80
489001 2 439
489018 1 931
490021 1 328
491766 2 2223
494176 1 382
494687 3 496
494999 1 142
495851 1 520
497977 1 456
498805 1 667
499349 4 1099
502084 1 1164
503228 1 924
504382 1 891
504811 3 748
504903 2 941
505239 1 492
506111 1 400
507496 1 611
508710 3 111
509456 1 420
512142 6 1100
513027 1 912
515244 6 455
515892 1 343
515988 3 453
516820 1 289
519819 1 476
523625 1 1950
525868 1 100
526170 7 350
526647 2 845
526989 3 145
