20725 12 657
24621 1 168
27127 2 222
42193 6 279
42194 16 317
42195 26 422
42196 16 329
42197 16 338
44438 2 414
45795 4 183
47950 1 1422
61069 1 466
75254 4 1376
76420 2 37
79158 1 414
83533 2 117
83576 1 315
85105 2 619
85574 1 355
85779 2 135
92554 1 143
92723 1 85
92850 4 120
93457 1 664
95879 26 973
133014 1 404
136661 1 155
140264 4 178
177036 1 758
179400 1 109
202048 1 581
203304 1 494
221043 1 715
229408 1 393
251003 1 91
252229 1 77
252265 5 280
252641 1 1248
252988 2 68
270280 1 152
270703 8 159
279438 1 1283
287221 1 385
287738 1 200
288301 1 455
288334 13 478
288391 8 161
288409 5 120
288430 7 166
288461 3 318
290331 3 169
290620 1 249
307518 1 391
316034 1 166
317946 1 443
318793 1 290
319657 1 146
320076 1 221
320077 1 210
326290 1 733
326291 2 1025
326292 1 230
328805 4 11872
328865 2 9902
338654 1 103
339044 1 139
339407 3 144
340223 1 253
340608 1 1709
349999 1 728
351518 1 333
360372 7 576
362623 1 258
363712 1 272
363818 1 298
364141 1 768
364882 2 188
365027 1 134
365472 1 1536
372373 1 366
372387 2 447
373233 4 191
374921 4 167
375413 1 231
375454 1 957
375538 1 955
375881 1 464
386840 1 1372
389838 1 466
393955 1 2373
394094 1 1056
394372 1 480
395057 2 400
396602 1 1070
397798 1 198
398525 1 537
408429 1 719
410598 3 57
414667 1 233
419695 1 301
425195 1 216
431316 2 900
432287 1 115
445950 1 462
449359 3 485
451017 1 422
458402 1 288
459361 1 452
460133 1 348
462915 2 84
468114 1 100
480003 2 1133
481061 1 456
481062 3 138
483137 2 611
485471 1 235
489340 1 844
495537 1 76
495689 4 386
500279 1 496
507603 5 122
507629 1 979
508821 1 236
508843 1 444
515238 1 212
517817 1 532
517883 1 522
526640 3 48
