7598 4 304
7599 1 320
11839 3 494
18392 3 448
24119 3 382
42189 8 9638
44036 2 276
56196 4 76
57465 1 32
57486 1 28
58560 5 143
58963 1 41
59260 1 284
59263 2 28
59377 1 43
59380 1 32
59633 1 564
60293 1 330
60461 8 350
60652 3 119
61590 1 298
67054 1 243
68181 5 476
68920 1 286
69985 4 352
70453 3 113
70568 5 267
71326 1 457
71562 1 278
71605 1 856
73290 4 121
73442 11 439
73579 1 85
73665 1 64
73937 1 443
74177 1 26
74878 3 286
75055 1 49
75102 2 31
75277 2 31
75370 1 386
75492 1 525
75516 3 480
76135 1 222
77890 1 147
79484 2 120
80156 5 424
80289 5 152
80792 3 176
80805 1 324
82590 7 182
83205 2 254
84477 2 52
85162 1 367
86018 2 462
86095 3 253
86096 1 240
86582 1 207
87065 3 97
88174 1 512
89959 2 163
90494 1 139
90947 1 467
91983 4 312
92026 1 221
92097 5 260
93361 1 120
95340 1 50
95353 2 41
95881 1 321
96047 1 659
96782 3 453
96871 2 101
97489 2 35
98575 2 42
98608 1 355
99960 1 28
100636 1 401
100878 2 52
101046 1 23
101071 1 382
101378 1 143
101466 1 595
101588 1 196
102486 1 42
105075 1 362
105460 1 539
105843 1 193
106784 2 66
109156 1 1004
109599 3 190
110289 3 43
110301 4 141
110524 2 116
112393 4 55
112406 5 165
112624 2 48
112877 2 35
112962 2 28
113714 3 383
114211 2 53
114417 2 110
115396 1 36
115403 1 467
115647 5 175
117480 1 380
118216 1 34
118423 2 184
119683 2 556
121531 5 97
122755 1 29
122977 2 402
123008 1 245
123247 2 137
123666 1 199
124757 2 50
124764 2 51
124777 1 448
124805 1 309
124983 1 583
124989 1 626
125019 1 93
125865 2 52
125866 3 63
128813 2 229
128981 1 468
129014 1 996
130271 2 50
130756 1 510
130848 2 49
132346 4 89
134382 2 543
136258 3 144
136280 2 77
136319 3 851
137095 2 375
138078 1 436
138360 1 279
139216 1 283
140399 4 400
140668 1 39
143016 1 55
143140 2 408
143163 1 48
143589 2 453
143857 2 255
145172 2 298
145173 2 276
145432 2 77
146199 3 150
146377 5 208
146676 1 211
147401 1 295
148061 5 196
148088 1 181
148658 1 42
150069 1 252
150253 1 182
151957 1 483
153251 1 303
153290 3 60
153325 26 631
154292 1 141
154625 1 118
154726 2 539
155311 2 70
156176 1 315
157644 1 58
158439 1 336
158442 1 463
160357 1 152
160362 1 249
161248 3 93
161423 1 533
161541 1 47
161807 4 136
162044 1 124
164577 2 199
164716 2 130
165016 4 1039
165021 2 94
167168 2 490
167232 1 604
167723 1 233
168644 1 482
171518 1 662
171973 1 260
172599 2 597
172800 3 100
172855 2 344
173007 1 47
174411 3 476
178056 1 784
179780 1 540
181896 1 44
181994 1 787
182179 2 91
182991 7 474
184083 2 218
184907 1 536
186134 1 825
186312 1 48
186529 1 125
186955 1 403
187031 1 137
187711 1 571
187954 2 66
188381 1 197
188516 2 76
189154 1 1227
190488 1 129
190839 1 82
191588 2 107
191931 12 364
192584 1 136
193861 1 481
194238 2 138
194908 7 214
196301 1 39
196893 4 288
197824 3 306
198033 6 184
198088 1 195
198679 2 516
199127 1 329
199770 1 38
199830 2 88
199951 4 133
200569 1 451
201479 1 349
203193 1 546
204707 1 205
207199 1 57
207783 6 803
209581 3 77
209712 3 110
209827 2 63
210224 1 495
210791 1 136
211324 3 322
212039 3 213
212641 1 155
213271 1 104
213946 3 102
214460 1 483
214670 1 229
215356 2 80
215509 1 64
216959 3 259
217231 1 58
217692 8 414
218390 6 441
218526 3 93
219487 4 88
219505 1 66
221035 2 562
221965 1 250
222159 2 661
222774 2 521
224764 1 216
225424 3 92
225653 6 556
225954 1 426
227034 1 334
227267 3 239
227858 2 74
228210 3 468
228250 3 220
231968 1 153
232249 1 178
233046 1 530
233397 4 539
235062 2 593
235095 2 245
235509 1 503
236489 2 443
236700 6 511
237416 2 70
237836 1 54
238936 1 698
242253 3 75
246219 8 240
246347 1 468
247077 2 299
248075 1 534
249406 3 429
250086 2 53
250715 2 484
250829 1 576
251478 1 498
252077 1 152
252085 2 42
252613 1 642
253344 1 456
254327 1 1170
254381 5 618
254625 1 443
254652 1 185
256876 1 244
257438 2 564
257708 1 640
258962 1 74
259514 11 473
260029 1 599
263187 5 156
263735 1 354
265813 1 4655
265816 2 25803
265845 2 17259
265854 5 21100
265859 28 5419
265861 28 5419
266038 1 178
266389 2 811
266429 2 410
266442 5 233
266450 1 188
266744 2 167
267088 1 278
267512 17 419
267521 4 328
268010 2 514
268525 2 275
268534 5 246
268574 4 203
268575 2 119
268576 5 140
268621 2 145
269087 4 100
271287 1 172
271580 7 187
272868 10 141
273227 2 119
273827 16 510
273842 1 171
273940 10 227
273949 2 311
274381 10 367
274521 2 213
274576 6 467
274745 2 141
274856 13 368
275004 6 232
275163 10 495
275235 1 203
275457 3 514
275491 1 127
275944 4 163
276305 8 346
276396 1 530
276480 2 358
276524 7 170
276926 6 200
277423 2 315
277545 3 276
277569 6 272
277652 1 229
279295 1 95
279415 2 175
279562 6 139
279749 1 3390
279956 1 177
280175 1 146
280298 1 68
280612 7 126
280619 1 11500
281505 2 176
281527 2 176
281800 5 4068
282229 1 795
282267 4 317
282705 1 111
282818 13 981
283049 5 147
283364 1 103
283368 1 158
283669 9 258
284527 2 2428
284687 7 170
285012 12 339
285045 2 601
285162 3 255
285231 1 324
285620 1 378
285774 1 1710
285856 1 149
286583 1 19748
287160 1 477
288306 1 267
288478 1 475
288708 1 183
288709 1 254
288719 2 282
288801 1 77
288849 4 168
288973 2 488
289009 7 175
289158 4 97
289261 1 279
289536 6 320
289776 10 696
289783 2 978
289932 1 4403
289969 4 701
290256 1 30074
290466 1 7226
290512 1 594
291061 1 246
291213 3 142
292269 17 646
292300 8 759
292306 3 197
292315 26 541
293221 2 145
295986 4 168
296068 3 149
296069 2 294
296070 10 315
296171 2 128
296209 1 309
296236 2 473
296384 5 118
296828 1 189
296833 4 406
296834 18 510
296846 3 437
296917 26 714
297017 6 1091
297027 3 403
297089 5 238
297216 3 115
297221 5 224
297227 1 377
297529 6 449
298107 1 228
298123 3 297
298167 5 137
298436 1 247
298582 4 239
298763 2 357
298799 1 636
299069 2 99
299173 4 344
299480 1 909
299722 1 904
299795 1 152
299968 1 163
299969 2 127
300637 2 195
301434 6 239
301587 7 812
301723 4 110
301865 3 18367
302157 4 240
302539 8 453
302578 2 119
302597 1 72
302948 4 153
302949 8 247
303002 1 164
303198 1 60
303202 4 143
303265 1 759
303734 1 25485
303816 2 218
303927 1 81
304274 3 236
304284 3 207
304725 4 3369
305096 3 423
305654 1 420
305939 12 1233
306092 1 442
306688 2 130
307460 1 965
307999 1 129
308042 3 211
308118 1 210
308438 1 1743
308461 1 1124
308477 1 1754
308504 1 757
308565 1 348
308654 1 2015
308680 5 1379
308907 6 13313
308947 6 16976
308961 6 13313
309001 6 16976
309336 7 318
309337 4 336
309338 1 1379
309397 1 231
309400 2 472
309433 1 187
309667 3 270
309772 1 134
311164 3 72
312093 5 145
312396 3 143
314417 1 280
315416 1 78
315923 3 875
315939 6 223
315947 4 401
316075 4 466
316232 4 1385
316318 1 91
316567 4 169
316674 1 136
316683 2 342
316719 1 354
316946 1 152
317428 3 390
318365 2 254
318429 1 470
320541 9 389
320542 2 160
320597 1 181
320599 5 182
320600 12 589
320714 5 217
320716 1 176
320733 11 495
320734 2 83
320991 5 104
320993 6 173
321000 2 254
321001 3 474
321195 5 150
321292 3 1538
321353 4 650
321722 3 186
321826 6 95
321835 5 278
322054 1 72
322084 2 117
322218 2 155
322265 6 327
322914 1 88
323131 1 1948
323506 1 103
323594 1 1793
323974 5 1319
324067 6 427
324254 1 216
324315 3 207
325592 1 855
325659 5 154
326030 12 368
326129 20 67196
326658 1 183
326840 2 839
326900 12 535
326973 9 1999
327140 1 1174
327163 2 1097
327394 2 22044
327561 3 156
327619 3 158
327781 1 172
328026 1 142
328138 3 505
328153 1 4232
328161 2 356
328280 7 325
328353 1 1513
328377 4 133
328383 5 191
329148 1 292
329155 2 157
329297 4 462
329325 1 330
329345 11 538
329348 1 153
329419 10 316
329504 7 391
329668 6 545
329696 2 119
329697 2 149
329698 1 199
329796 6 309
329797 11 802
329802 6 177
329996 5 502
329998 4 264
329999 3 384
330025 9 235
330211 3 253
330257 6 145
330291 13 408
330397 1 719
330583 2 569
330612 6 407
330613 6 439
330620 1 723
330689 2 216
330869 7 275
330870 7 179
330998 3 183
331007 3 193
331174 2 106
331245 6 319
331257 6 249
331415 7 182
331771 1 121
332870 1 185
333911 5 53
335076 2 338
335205 1 382
335761 1 204
336028 8 207
336054 8 136
336077 4 66
336135 2 325
336161 5 187
336502 10 429
336532 1 292
336605 25 859
336612 2 96
336666 2 266
337045 2 215
337572 7 217
337601 3 255
337899 1 1352
338211 7 223
338216 3 125
338261 1 1289
338271 2 134
338348 2 618
338925 1 280
339001 1 224
339382 1 182
339485 1 153
339506 3 70
339508 3 158
339581 1 147
340004 13 186
340424 10 1057
341240 10 1432
341244 1 430
341597 2 90
341618 7 137
341976 1 108
342618 4 349
342624 5 255
342771 5 135
343009 3 138
343022 2 168
343184 2 149
343658 2 82
343813 4 110
343949 5 2544
344255 1 221
344316 1 1235
344513 1 146
344883 3 650
345292 2 268
345453 2 358
345498 1 346
346260 1 931
346424 3 512
346427 5 1387
346946 2 189
346997 3 785
347103 4 80
347555 6 352
347585 1 141
347656 2 64
348072 1 934
348094 7 824
348114 2 372
349153 1 232
349263 2 110
349264 2 75
349274 1 128
349302 3 79
349415 2 150
349474 1 448
349926 2 470
349981 3 395
350171 9 909
350489 2 776
350722 4 235
350835 1 281
350900 1 205
351326 2 78
351327 1 109
351362 2 301
351363 1 142
351466 4 392
351641 3 398
351896 8 448
351914 8 448
351933 6 265
352209 7 432
352270 4 108
352461 1 420
352776 1 138
352808 19 864
353000 3 324
353001 6 152
353925 3 178
354296 1 131
355739 6 279
355763 4 118
357178 6 280
357353 4 151
357998 1 116
358003 7 334
358013 1 242
358254 8 235
358339 15 387
358787 4 225
358899 13 474
358943 1 643
359015 2 1351
359568 5 932
359988 1 159
360483 3 493
360484 1 1597
360842 1 774
360877 1 774
361007 3 300
361717 2 82
361924 5 77
362065 6 626
362141 4 152
362254 3 139
363469 4 59
363498 5 290
363565 9 594
363599 1 774
363697 3 74
363711 3 233
363741 6 224
363965 1 6146
364075 1 304
364144 4 937
364637 1 189
364878 1 308
364951 1 91
365095 3 519
365117 3 519
365636 4 278
365787 5 103
365858 6 294
365928 1 384
366045 4 520
366248 1 401
367943 1 314
368139 1 149
368770 7 161
369048 1 237
369051 2 280
369449 1 168
369901 1 204
370382 1 437
370650 3 308
371155 1 1635
371425 3 154
371615 1 539
371704 1 1274
371706 1 226
372322 29 2912
372702 1 152
372895 6 633
372908 2 82
373614 2 474
373690 1 306
373747 4 61
373748 5 91
373749 2 63
373797 1 271
374099 1 1179
374112 11 3814
374216 1 777
374322 1 238
374373 2 3397
374453 4 450
375007 5 3958
376065 2 108
376066 3 174
376494 1 420
376850 9 333
377342 1 366
377343 12 226
377411 7 190
377540 3 274
377541 4 193
377569 2 107
377570 2 113
377709 11 413
377869 3 337
378307 3 129
378328 27 471
378545 14 514
379353 33 2827
379383 3 92
379725 1 386
380172 1 2489
381833 1 85
381837 5 343
381851 1 380
382124 7 127
382334 6 188
382354 6 445
382690 6 498
382691 1 1154
382891 1 149
383012 2 248
383253 14 267
383617 4 82
383696 2 298
383701 3 74
383981 2 216
383982 5 318
384153 2 2310
384253 5 133
384312 1 231
384335 1 825
384793 1 316
384834 1 2948
384913 2 380
384975 4 153
385087 1 599
385288 2 474
385432 1 419
385439 1 273
385621 1 349
385662 2 87
386227 3 553
386307 3 271
386933 4 143
388398 6 154
388585 5 474
388608 1 238
389321 3 104
389585 1 76
389737 2 1106
389878 1 520
389958 2 2540
390418 1 85
390627 2 155
390668 2 244
390682 4 1462
391142 3 65
391507 1 404
391611 1 181
391954 3 59
392319 3 234
393030 3 368
393498 1 166
393861 10 579
393939 9 434
394058 6 214
394196 1 494
394371 1 151
394519 1 237
394830 1 142
394898 4 26758
395259 2 301
395418 3 410
395640 11 17885
395714 3 4780
395805 8 1969
395900 1 733
395910 5 2095
395912 11 932
395913 11 807
395916 12 732
396021 1 540
396246 17 1323
397687 1 1495
397918 1 693
399897 3 818
400383 3 257
400446 2 293
400913 2 17082
401200 2 888
401347 1 320
401682 1 567
402101 1 761
402882 1 108
402921 6 1750
403093 1 556
403134 3 1014
403301 3 110
404443 1 83
405255 7 723
405791 6 1942
406066 1 81
406472 11 1354
407802 1 175
407975 1 126
408763 1 212
409080 1 726
409225 1 535
409471 4 233
410604 4 462
411014 2 557
413390 1 287
413780 2 1637
415711 1 713
415769 4 127
415893 2 436
416438 4 740
417155 1 169
417665 3 360
418025 1 663
418759 2 482
418837 2 504
418838 5 740
419301 1 211
420091 2 213
420687 2 561
420828 16 619
420964 2 426
421071 1 2514
422457 2 182
422726 4 211
422820 6 328
422876 2 338
423140 1 541
423407 2 311
423557 2 247
423621 1 916
424023 3 596
424065 8 1393
424160 2 85
424166 1 587
424290 2 74
425549 6 284
425879 1 1077
426000 3 351
426040 3 603
426434 18 465
426680 1 114
426982 1 97
427063 6 819
427123 2 278
427379 1 602
428131 1 1146
428338 2 60
428757 20 990
429165 7 96
429763 7 123
430326 2 400
431120 1 434
431126 8 589
432875 1 97
433918 1 2554
433992 2 511
434004 2 241
434156 12 1057
434179 1 634
434556 1 142
434784 2 533
435189 2 1265
435454 1 85
435961 2 238
435970 3 92
436253 1 553
436583 1 638
437323 1 765
437346 1 174
437372 19 1457
439241 1 634
440181 8 681
440322 3 783
440339 3 160
440914 1 297
441283 2 506
442225 1 262
444405 1 451
444795 1 232
448139 9 534
448232 1 238
448867 2 87
448983 2 581
449109 1 177
449816 1 307
450188 1 192
450358 2 65
451633 1 126
451796 7 1572
451892 1 1467
452073 3 704
452104 4 278
452263 2 580
452730 7 255
453648 1 119
453859 13 465
454042 1 261
454231 2 775
454507 4 1309
454630 1 447
455481 1 288
455526 1 506
455719 1 258
455787 4 995
455824 1 213
456882 1 27
456961 2 99
457323 1 198
458882 1 567
458908 1 530
459004 2 628
459091 3 616
461148 1 121
461590 1 494
462179 16 1336
462212 9 524
463358 3 1159
463412 1 720
463584 10 390
464081 5 856
464640 5 759
465515 3 91
466475 10 3188
466558 1 184
466978 2 97
467122 2 1853
467276 4 97
467506 2 348
467519 4 71
468886 2 1101
469747 1 328
471273 2 1010
471337 2 2172
471922 1 316
472274 3 578
472291 1 181
472364 3 321
472606 1 550
472848 1 451
473518 1 480
473642 2 500
474342 4 374
474495 1 648
474511 2 663
474803 2 536
475504 1 1165
475703 1 648
476718 2 536
476778 1 108
476790 1 164
477013 4 587
477277 1 262
478338 1 321
478644 1 394
479255 1 206
479889 1 263
480156 2 467
480227 1 232
480262 3 121
480710 2 1041
480730 2 304
480856 1 381
480978 1 617
481131 2 760
481152 1 696
481431 1 632
481440 7 1391
481527 1 562
481595 2 191
481665 1 1191
482642 1 253
482939 3 860
483701 1 975
483752 2 948
483790 1 663
484235 5 1527
484594 5 474
485594 1 447
485701 1 38
485931 4 94
487862 1 416
488210 1 232
489124 1 218
489131 1 378
489730 1 200
490642 4 472
490811 1 228
490821 6 440
491917 4 485
493078 5 411
495609 1 67
495871 1 736
496374 3 302
496436 3 4282
496575 2 832
496660 1 94
496994 2 825
497289 7 719
498468 5 452
498741 4 941
499044 2 455
499324 3 531
500075 3 564
500294 3 748
500570 4 591
502631 1 603
502918 3 595
504189 1 83
504701 1 1115
507340 5 1584
508488 2 527
508592 4 84
508660 3 110
509451 1 498
509726 1 685
510273 1 207
510562 2 170
511527 1 327
512385 2 2547
513031 2 537
514192 1 671
514714 2 571
515502 1 261
515670 5 264
515897 1 67
517262 1 151
517358 1 629
517618 2 59
517934 1 575
519905 1 570
520232 1 406
520332 1 86
520362 2 847
520962 20 3046
520979 8 1034
521164 1 228
521698 4 320
522176 7 796
522805 1 640
523457 1 75
524327 1 1213
524415 12 702
524656 1 1114
524657 4 375
524797 2 963
524927 2 1279
525954 2 77
525958 1 1539
526220 2 100
527001 3 687
527938 4 455
33 48 19382
229 2 461
230 8 415
231 8 518
233 3 404
234 5 498
455 8 18030
1391 110 4572
1646 6 55438
2641 1 17392
3096 27 497
4137 2 16130
4188 6 420
4338 5 16989
4402 3 457
4541 1 350
6367 2 17463
6451 3 289
6549 2 309
6753 24 512
6757 21 425
6828 2 266
9166 5 17203
9903 7 635
9969 11 488
12255 11 275
12260 5 160
12267 7 395
12709 42 20008
12823 31 523
13128 33 485
13594 67 3653
13823 37 3071
14652 2 417
14653 1 310
14654 1 363
14659 2 359
14663 1 315
14668 1 334
14670 1 209
18093 8 516
18112 34 438
19433 2 268
19436 2 387
19441 5 588
20328 12 353
20329 20 799
20330 22 621
20333 8 211
20335 11 431
20336 5 313
20341 15 416
20346 21 391
20945 32 8111
21156 9 447
21614 58 32241
23254 3 419
24050 7 225
24202 3 218
25656 5 15042
25862 1 415
26026 1 344
27424 2 13034
30446 14 12899
30901 2 6266
31090 5 432
31629 6 21435
31846 22 5130
32482 19 292
32500 26 561
32901 44 1478
34246 20 19523
34722 17 13257
34732 8 9225
36391 2 10294
36498 15 20156
36627 2 358
36696 4 415
36802 220 29903
38163 3 434
38296 1 463
40359 30 4913
43640 1 18238
43752 2 318
44106 22 347
44366 25 12535
45006 2 6265
45872 6 15512
45947 10 11759
46416 19 861
46422 7 475
46527 9 445
46917 50 10490
47015 7 436
47642 5 11472
48961 8 371
50682 61 32839
52214 238 64459
53096 18 6232
54527 13 19068
54711 30 438
54722 39 540
54727 36 299
54732 21 193
54738 16 200
54745 19 156
55371 3 52248
59633 1 564
60293 2 330
62617 7 195
63469 5 108
65937 3 151
68137 1 573
68181 1 476
70568 1 267
70572 2 443
71605 2 856
73442 1 439
73937 1 443
74382 2 635
75492 1 525
75516 2 480
76135 1 222
76638 1 141
79920 1 253
80070 3 55
80156 1 424
83205 1 254
83827 8 180
85378 1 640
86018 1 462
86095 2 253
86096 1 240
86582 1 207
87178 3 721
88174 1 512
89578 2 215
90947 4 467
92235 1 228
94347 3 169
95881 1 321
96047 1 659
96782 2 453
97519 15 457
98923 2 41
99139 13 626
100636 1 401
101071 1 382
101466 1 595
101501 1 33
101745 2 90
105075 2 362
105097 8 2033
105843 1 193
106461 8 309
109156 1 1004
109862 4 110
115403 6 467
116126 3 175
117073 1 156
117480 1 380
119683 2 556
120459 1 126
122977 1 402
124805 2 309
124989 2 626
125134 20 503
125370 4 93
126820 12 267
129014 1 996
132011 2 252
136319 1 851
137095 1 375
143316 1 557
146199 1 150
146676 1 211
151957 2 483
154292 1 141
154726 5 539
158019 2 455
158439 1 336
158442 1 463
160357 1 152
160362 2 249
165016 2 1039
167168 4 490
167232 4 604
167723 1 233
168227 32 899
168644 1 482
174411 5 476
179503 2 46
179780 1 540
181994 1 787
184083 1 218
186134 3 825
186955 4 403
187031 1 137
188316 1 77
189154 2 1227
190714 1 508
190839 1 82
191931 1 364
193861 12 481
194238 1 138
196893 3 288
198088 1 195
198679 1 516
199127 1 329
200186 20 1009
200569 2 451
201479 1 349
201523 18 765
202459 27 457
203101 9 378
207702 31 1079
207783 1 803
209806 1 160
209903 26 607
210791 1 136
214460 2 483
221035 1 562
222159 2 661
224764 1 216
225653 1 556
226316 8 292
226696 35 1219
227034 3 334
228210 1 468
231968 1 153
232249 1 178
235062 1 593
235194 3 209
235348 1 156
235509 1 503
235816 1 290
235939 1 263
236489 1 443
238936 10 698
239200 5 201
243637 17 513
246660 5 456
247077 1 299
247662 15 225
248075 2 534
249406 1 429
251478 4 498
252613 1 642
253344 6 456
254327 2 1170
254381 1 618
254625 3 443
257438 1 564
257708 2 640
258962 2 74
259270 5 53
259766 31 992
260253 2 592
263685 12 632
263735 1 354
263966 1 77
265813 4 4655
265816 8 25803
265845 2 17259
265859 1 5419
265861 1 5419
268010 1 514
271287 1 172
272416 2 3012
272591 3 593
274381 1 367
275235 2 203
275491 1 127
277652 1 229
279749 2 3390
284527 2 2428
285162 1 255
285620 1 378
285774 1 1710
288306 2 267
288478 4 475
288747 1 1966
289348 2 18428
289390 1 2195
289969 1 701
290256 3 30074
290466 2 7226
290512 1 594
291061 1 246
292300 1 759
296070 1 315
296209 2 309
296236 1 473
296846 1 437
297017 1 1091
297529 2 449
299480 1 909
300607 1 1963
301865 1 18367
303265 1 759
303734 5 25485
304725 2 3369
306092 2 442
306237 45 26903
306284 7 21202
307453 7 49380
307460 5 965
308186 8 36306
308565 1 348
308680 1 1379
309433 1 187
309667 1 270
315947 1 401
316232 2 1385
316567 1 169
316946 1 152
321000 1 254
321353 1 650
323131 1 1948
324067 1 427
324254 2 216
324886 2 179
326840 1 839
326973 3 1999
327122 3 16929
327123 3 16927
327349 3 8654
327394 4 22044
328138 2 505
329796 2 309
329818 1 499
329996 1 502
330397 1 719
330620 1 723
331771 2 121
335205 4 382
336135 1 325
337601 4 255
337899 2 1352
338261 5 1289
338348 2 618
344255 1 221
344513 1 146
344883 2 650
346260 1 931
346424 1 512
346427 2 1387
346866 2 1152
347284 3 164
347555 1 352
347585 1 141
347837 9 63219
347869 13 47445
351466 1 392
351637 1 121
356454 43 1079
356474 43 1079
357998 1 116
358013 1 242
358339 1 387
358943 5 643
359015 2 1351
359568 1 932
359988 2 159
360483 1 493
360484 2 1597
360531 2 240
361585 1 243
362065 1 626
365459 3 459
365928 2 384
367943 4 314
369048 2 237
369051 1 280
369449 1 168
369558 1 335
369798 1 338
369901 1 204
370608 16 387
371155 1 1635
372702 1 152
372895 1 633
373834 10 44460
374014 1 80805
374322 1 238
379725 1 386
380172 1 2489
382053 3 169
382354 1 445
382371 1 208
382690 1 498
382691 1 1154
382891 1 149
383696 1 298
384834 2 2948
385621 1 349
388608 1 238
389737 1 1106
389744 2 139
389878 4 520
389958 3 2540
390668 1 244
392387 2 1705
393498 1 166
393550 5 30891
393559 3 1213
393747 7 58177
394058 1 214
394830 1 142
394898 9 26758
395242 2 23266
395259 1 301
395640 1 17885
395675 1 961
395714 1 4780
396258 2 38258
396531 1 2870
396563 3 2512
397512 3 131
397637 4 1106
398127 1 278
400103 1 185
400834 3 657
400913 1 17082
400997 2 1415
401347 1 320
402541 10 525
402921 1 1750
404146 1 239
405791 1 1942
406950 4 676
407627 1 1108
407802 2 175
408881 12 399
409080 1 726
411014 1 557
412578 7 118
413521 1 1228
413780 2 1637
414234 3 94
414650 1 572
415711 5 713
416438 1 740
418862 49 1011
419082 1 536
420091 1 213
420687 1 561
421071 2 2514
422007 5 2046
422110 2 511
423096 2 132
423407 2 311
424023 2 596
424362 3 1216
425549 1 284
425755 1 308
426040 1 603
427063 1 819
428131 5 1146
429531 8 268
431126 1 589
431266 5 252
433918 1 2554
434283 9 306
434556 1 142
434784 1 533
435189 1 1265
436636 2 173
437323 2 765
438312 2 1734
439566 2 1248
440914 2 297
441140 1 2157
441602 2 562
441854 9 747
442438 2 129
446864 1 444
449109 1 177
449816 2 307
452940 1 254
453424 12 305
454231 1 775
455243 2 540
455787 1 995
457083 2 421
458917 3 813
459004 1 628
460048 5 580
460790 1 83
462281 1 899
462645 1 338
463412 1 720
463584 1 390
465275 3 542
465583 3 1399
469747 1 328
471337 1 2172
472160 1 856
472291 1 181
472364 1 321
472370 2 354
472501 12 477
472561 1 254
472878 1 507
473255 1 431
474049 2 883
474495 2 648
474803 1 536
474884 4 325
475028 1 284
475167 1 1640
475504 1 1165
475506 1 656
475703 1 648
477118 8 715
478644 1 394
478968 2 649
479255 4 206
479432 1 923
479889 1 263
480453 1 221
480858 1 716
481225 23 688
481431 1 632
481440 2 1391
481527 2 562
481665 1 1191
481836 1 556
482217 1 331
482272 4 82
483169 2 486
483759 4 2593
483790 1 663
484594 1 474
484647 4 214
484816 8 628
486557 3 141
487414 3 457
489896 1 490
490237 13 700
493776 1 176
494079 2 547
495504 14 477
496436 2 4282
496994 1 825
497096 1 1149
497767 7 398
498157 2 486
498741 1 941
499044 1 455
499657 1 582
500294 1 748
503136 1 531
505359 1 735
505932 5 324
507340 1 1584
507627 4 127
508106 1 71
509451 1 498
516002 3 466
517674 1 693
518092 3 155
518760 1 371
519147 2 523
519580 1 628
520232 1 406
520967 10 425
521513 4 329
521693 1 653
522176 2 796
524002 5 647
524608 2 1107
524797 1 963
527001 2 687
528060 3 1396
