31 4 12233
32 7 9957
33 16 19382
650 6 113
1646 8 55438
2560 3 285
3470 8 946
3547 1 410
3557 2 395
3703 11 395
3704 8 509
4338 2 16989
4375 8 245
4421 4 5382
4457 11 423
4463 22 373
4696 2 4744
4725 9 603
6755 1 216
7422 2 455
8475 17 369
8568 1 416
9166 3 17203
9372 1 438
9415 1 428
9768 1 491
9938 15 661
10422 2 557
12279 3 503
12280 1 453
12709 1 20008
13433 9 422
13499 1 457
13597 1 611
14955 6 356
15092 2 309
15615 2 555
17005 1 312
18276 1 425
18371 1 335
18591 2 364
19497 23 438
19855 3 541
19874 3 364
21308 1 754
21614 9 32241
22386 25 575
23012 3 527
23212 2 225
23494 25 5641
23785 1 271
23787 3 497
23838 1 465
24935 2 606
25403 1 514
26066 24 550
26068 18 370
27161 1 441
27344 6 4421
28350 1 356
28356 1 430
28978 4 468
30127 3 403
30446 5 12899
30939 72 6023
30964 1 1006
31452 16 625
31846 3 5130
32171 2 579
32366 3 437
32585 5 615
33028 31 753
34108 3 768
34305 1 733
34585 5 186
34722 3 13257
34732 4 9225
34955 1 400
34964 3 773
35092 20 474
36054 2 356
36055 1 534
36058 3 589
36059 1 367
36140 3 461
36391 35 10294
36802 32 29903
36853 13 332
37630 2 384
37645 9 435
37648 4 459
38540 1 423
38541 4 788
38544 1 591
38545 6 610
38546 3 579
38565 10 671
38582 3 505
38583 2 585
38585 8 813
38587 2 545
38588 1 166
38591 3 566
38594 1 535
38609 2 557
38610 2 432
38616 1 198
38618 2 83
38634 1 551
39077 1 551
39712 4 5030
39735 1 602
40359 2 4913
40569 15 263
40572 34 498
42359 5 1134
43849 2 435
43868 22 366
43873 29 419
45454 1 505
45917 11 6305
45947 4 11759
46006 35 724
46917 9 10490
46969 1 326
47642 5 11472
47936 1 477
49209 6 337
49958 4 212
50682 35 32839
50683 124 9266
52002 3 345
52214 87 64459
52746 1 290
53096 17 6232
53216 24 524
53577 3 461
54152 1 706
54174 16 515
54759 4 274
54760 1 517
55055 2 357
55371 4 52248
56857 1 376
62051 2 734
70370 1 32
70671 2 416
71108 2 313
71605 1 856
77592 1 304
78082 1 227
79824 1 298
81712 3 484
82458 1 640
82702 1 847
82947 1 348
86375 1 282
89806 2 226
90724 2 492
91138 1 255
91675 2 533
94866 1 454
97468 1 597
98837 1 314
99211 3 747
99232 1 286
100403 1 550
103484 1 498
104463 2 53
106326 1 474
108255 2 790
108799 1 179
109569 1 94
110926 1 52
111301 1 741
112174 1 407
114551 1 539
116851 2 418
120754 1 196
130718 1 406
133980 1 217
136669 1 630
139942 1 194
142814 1 552
144017 1 472
145739 1 430
146351 1 142
146882 1 794
148887 1 165
153780 3 621
155475 1 301
156271 1 873
157199 1 1160
158733 2 139
161920 1 381
161954 1 705
164609 1 488
165949 1 398
166455 1 604
171433 1 719
171980 1 307
172728 2 498
176517 1 461
176541 1 824
179390 1 476
181403 1 802
187199 2 76
187535 2 696
193700 2 526
194437 1 777
196599 4 274
199758 1 458
202987 1 624
203954 1 630
206313 1 874
207136 1 521
208830 1 554
209042 1 945
209980 1 235
210591 1 798
217934 1 471
224427 3 634
227127 1 252
228083 1 503
228731 1 173
229066 1 373
229778 1 611
234914 1 386
236124 1 390
236709 1 471
238778 1 170
239100 1 726
241234 1 209
241677 1 159
246896 1 894
249585 1 119
250788 1 891
251044 1 128
254027 1 203
254835 1 584
259489 2 788
262718 1 307
265816 1 25803
266631 24 405
276667 1 225
277669 1 408
280619 1 11500
284315 1 486
286583 1 19748
286735 3 2545
287069 19 494
287836 17 1989
288484 1 537
289916 2 1173
290256 4 30074
290444 1 647
297196 4 356
298611 3 1503
300279 4 761
302663 5 110
303734 6 25485
304450 7 135
306237 37 26903
307453 2 49380
307512 1 850
307611 1 566
308187 28 51551
308513 7 8438
308556 2 670
308599 1 1094
308754 1 1557
308792 1 1557
308859 4 5677
308947 1 16976
319090 2 649
324101 7 165
325792 1 357
326123 2 14885
326129 68 67196
327071 1 1138
327109 3 1839
328506 1 4280
338313 1 537
338357 2 495
346842 3 1552
347837 6 63219
347869 20 47445
348010 1 503
348198 1 2945
348849 1 547
349907 1 490
350357 1 4293
350841 2 699
360660 1 2514
361606 1 329
362390 1 135
364146 1 1022
365498 1 413
365798 1 468
366377 13 307
372406 1 14595
373834 12 44460
374014 45 80805
374333 1 2130
374806 1 492
377911 1 228
380744 1 234
383770 1 277
383826 1 380
384019 1 217
384771 1 477
394898 4 26758
395572 1 1983
395976 2 1478
396258 7 38258
397287 1 439
398284 1 544
398328 2 233
399133 1 794
399952 2 1695
401219 3 669
401980 1 488
403363 2 382
403458 1 519
403535 1 547
403674 7 765
404049 2 985
404246 3 913
404448 1 876
405611 1 462
406062 1 457
406594 1 484
408384 1 289
408543 2 951
409072 1 475
411310 1 910
412111 1 887
412255 2 829
413887 1 908
415264 1 490
415286 1 641
415493 2 660
416266 1 480
417519 2 458
418221 1 606
419789 1 533
420008 1 750
420663 1 514
420912 1 482
421071 1 2514
421920 1 476
424326 2 379
424993 1 715
426483 2 469
426739 1 580
426965 4 104
428032 2 521
428953 1 419
430680 1 252
432556 2 1677
433599 1 322
434203 1 1333
437768 1 182
439012 1 494
439356 2 152
441479 1 954
441613 2 439
441786 1 1069
442339 1 991
442807 4 3101
444184 1 343
446708 1 838
450252 1 190
451162 1 764
452313 1 417
452913 1 811
455480 1 84
455773 2 1600
455775 1 774
459308 1 2317
459556 1 649
461670 1 1031
462251 1 398
462296 1 406
463689 3 372
463747 1 472
464370 1 193
464448 1 1617
465754 1 1153
466320 1 313
467825 4 1184
469420 1 244
470760 1 1044
471142 1 332
472235 1 1077
474296 1 181
474338 1 1136
476250 2 3982
477384 1 433
480084 2 551
481070 18 589
481217 1 1013
484540 1 838
484612 1 747
485037 3 1727
485101 1 652
486202 1 556
486823 4 682
487136 1 673
488926 2 887
491961 1 865
492666 1 1197
494346 2 672
494710 1 909
496255 1 681
496601 1 479
498065 2 536
500469 1 877
500711 2 603
501122 1 413
501282 1 252
502223 1 480
503552 1 427
503671 3 480
503933 2 482
506282 1 464
507475 1 934
507629 1 979
509450 1 508
509852 1 582
509998 1 1750
511149 1 109
512881 5 757
513284 2 268
514053 1 2001
514078 3 590
514289 2 385
514520 1 773
517660 1 141
518012 2 351
519343 1 270
519691 1 210
521591 1 66
522112 1 409
522338 1 134
523825 1 453
523886 1 513
525214 3 2503
525976 1 848
32 1 9957
33 5 19382
850 14 493
851 5 321
1715 12 648
2036 1 364
2038 5 199
2039 3 210
3020 9 424
3021 9 404
3022 11 448
3024 19 423
3025 5 148
3072 1 309
3284 1 420
3470 1 946
3510 1 454
4206 2 975
4421 2 5382
4696 3 4744
4810 1 369
6600 10 315
7531 4 210
7538 4 441
7734 5 342
8270 9 348
8273 11 453
8368 6 155
8568 2 416
8574 1 202
9166 1 17203
9372 1 438
9415 5 428
9695 4 439
9768 1 491
10183 12 394
10184 17 607
11676 4 199
12000 8 373
12709 1 20008
12985 2 7361
13090 2 778
13499 2 457
13597 1 611
13983 3 1414
13984 3 495
15615 3 555
18276 2 425
18593 1 537
19149 3 386
19155 3 316
19855 1 541
21308 2 754
21400 1 159
24627 14 455
25171 1 286
25176 1 318
26059 3 173
27161 1 441
27375 6 352
28075 2 377
28853 1 3522
28978 1 468
30964 2 1006
31345 3 1570
32353 8 265
34108 1 768
34305 1 733
34585 5 186
34722 5 13257
36181 8 317
36186 4 234
36391 1 10294
36459 4 447
36853 1 332
37795 5 190
37796 5 199
39077 3 551
39712 14 5030
39735 3 602
39884 3 212
39889 1 240
39890 1 528
39892 4 198
40359 1 4913
41375 29 541
41379 15 408
41380 7 184
41381 7 450
41383 6 274
41895 7 263
42359 1 1134
46014 5 468
47318 2 448
47642 1 11472
47936 1 477
48672 2 261
49638 11 575
49958 4 212
50978 9 268
52746 2 290
52747 11 616
53096 1 6232
53583 1 160
54152 1 706
54794 3 496
54825 4 231
55371 2 52248
56857 1 376
57629 8 489
57960 4 176
58763 1 268
68427 1 54
69917 3 995
71108 1 313
72392 2 495
74873 1 35
77592 1 304
77934 2 238
78082 2 227
79798 3 231
79824 1 298
80098 2 58
81712 2 484
81966 1 704
81990 3 118
82458 2 640
82947 2 348
84317 5 378
85599 2 416
86148 4 174
86375 1 282
87124 2 178
87451 4 142
89806 1 226
91257 1 404
91659 1 478
91675 1 533
92358 1 427
93747 3 249
94546 1 203
94866 2 454
95879 2 973
95923 1 148
96328 2 59
96332 1 146
97142 10 610
97468 13 597
97484 1 437
98279 5 221
98837 4 314
99211 1 747
99232 1 286
100403 1 550
102363 1 643
102723 9 679
103073 3 652
103090 4 214
103484 1 498
106326 1 474
106371 1 885
108155 1 40
108799 1 179
112901 5 176
113062 5 179
114138 2 202
114551 1 539
115624 1 102
115704 4 519
117164 1 1048
118598 2 787
119619 4 209
120379 1 546
120761 1 35
120928 2 408
121069 1 739
121397 1 559
122322 2 115
122406 3 221
122787 3 205
123706 8 320
123999 3 258
125191 2 593
127317 4 247
128451 1 242
129971 4 116
130041 1 55
130718 5 406
131487 2 55
132164 1 611
133945 2 234
133980 1 217
136669 1 630
137769 1 732
137980 8 570
138152 4 148
139305 2 533
139755 2 136
139942 1 194
140122 5 396
141084 1 92
141825 1 803
142533 1 119
142791 1 194
142814 1 552
143035 2 139
143232 6 1123
143973 3 263
144017 1 472
145229 2 603
145262 2 189
145642 1 209
145739 1 430
146351 1 142
146882 1 794
147141 1 821
147827 3 198
148196 3 217
148759 3 467
148887 1 165
150482 1 150
151965 4 62
153361 1 1026
153780 3 621
153850 4 87
154155 10 823
155475 1 301
156271 1 873
157199 3 1160
157981 2 289
158256 1 262
158733 1 139
159215 1 208
159216 5 625
159675 2 52
160772 4 507
160876 3 172
161105 3 385
161377 1 310
161920 1 381
161990 1 51
162216 2 368
163194 3 252
164133 1 212
164609 3 488
164852 1 746
165065 1 69
165322 2 364
166260 1 138
166267 1 221
167244 4 292
169106 2 205
169245 4 240
169364 7 508
169775 2 765
169849 1 215
170337 1 142
171433 1 719
171980 1 307
171998 2 147
172728 5 498
172838 1 207
173347 2 61
173357 3 81
173873 2 228
174920 1 174
176199 1 544
176517 2 461
179948 2 233
180982 6 222
181403 1 802
181941 3 985
183312 1 96
184115 1 44
184721 4 278
185733 6 640
186288 4 124
187535 9 696
188431 1 691
189692 1 54
189770 3 93
190414 7 887
190528 2 76
190679 12 700
192738 5 534
193700 1 526
194437 1 777
196008 8 734
196592 3 247
199082 1 757
202060 1 568
202109 1 149
202945 5 507
203740 1 56
203954 1 630
206313 1 874
207136 1 521
208451 4 242
208830 1 554
209042 2 945
209285 8 349
209389 3 226
209484 4 257
209836 2 52
210587 5 191
210589 6 274
210591 2 798
211441 3 85
211442 3 141
212197 3 201
218081 4 212
221595 1 495
222068 3 525
224400 1 556
224427 1 634
225630 2 61
226997 2 436
227127 2 252
227363 2 53
228083 1 503
228675 1 405
228731 1 173
229066 1 373
229777 9 683
229778 1 611
229940 4 755
232833 12 793
234359 1 860
234914 1 386
235334 6 268
236124 2 390
236502 3 507
236709 3 471
237309 4 356
237342 2 268
238761 7 372
238778 1 170
239100 1 726
239212 1 806
239334 3 115
240596 5 151
241234 5 209
241677 1 159
242440 4 335
244265 1 130
245278 1 612
246896 1 894
247406 6 244
249455 1 920
249585 1 119
250788 1 891
251045 1 653
251718 2 144
253190 1 93
253282 2 237
254009 1 254
254027 2 203
254055 2 368
254545 1 305
254686 3 77
254835 1 584
254862 8 169
255594 1 239
256508 2 152
257272 1 207
259489 2 788
261044 2 250
261659 1 169
262576 2 110
262718 1 307
262791 2 1179
263639 2 44
264168 1 331
265234 1 271
265441 1 253
265816 6 25803
266794 4 304
267461 3 867
268253 4 791
268954 1 474
268958 2 305
269399 2 281
269990 4 166
270078 1 315
272274 1 257
273031 1 162
276667 1 225
277071 1 117
277669 1 408
280619 9 11500
284065 2 62
284315 1 486
286232 1 2255
286583 1 19748
286735 2 2545
287455 1 1380
287836 4 1989
287920 1 367
288053 2 210
288054 4 325
288216 1 692
288296 2 178
288313 1 1891
288333 2 454
288358 1 280
288360 1 182
288390 5 116
288395 1 162
288416 2 115
288431 1 399
288440 1 114
288449 6 102
288460 2 329
288467 3 618
288484 1 537
289363 5 1143
289646 24 861
289916 1 1173
290256 1 30074
290399 1 194
290410 1 1149
290444 1 647
291629 5 172
292527 13 263
294912 7 262
298611 3 1503
298970 3 1060
299554 2 102
299816 11 463
300279 1 761
300301 14 751
301865 6 18367
307356 1 164
307453 7 49380
307512 2 850
307518 1 391
307533 1 893
307611 1 566
308513 7 8438
308547 1 871
308556 1 670
308754 3 1557
308773 1 1955
308792 3 1557
308811 1 1955
308859 3 5677
308947 1 16976
312135 4 701
312263 5 613
313856 1 476
316367 2 650
319090 1 649
320193 11 300
325540 6 3234
326123 1 14885
326129 5 67196
326193 5 123
326197 7 144
326205 1 103
326209 2 160
326227 6 569
326254 1 113
326274 5 582
326288 2 295
327071 1 1138
327122 1 16929
327123 1 16927
327160 1 945
327304 6 765
327349 11 8654
327356 1 1565
328506 1 4280
328894 1 223
329208 4 9390
329353 1 365
329611 6 285
329616 1 412
330288 3 124
330996 1 382
331432 1 8083
331605 5 160
332188 11 155
332888 4 240
333024 4 99
333486 1 64
334455 5 180
337239 1 343
337316 2 151
338029 13 288
338313 1 537
338643 1 103
338738 5 158
346842 12 1552
347817 2 205
347818 3 218
347837 25 63219
347838 2 6657
347869 3 47445
348198 1 2945
348723 2 284
348744 1 3039
348803 1 225
348849 4 547
349907 1 490
350284 1 540
350292 1 263
350310 32 3011
350316 2 729
350318 5 636
350357 5 4293
350841 2 699
352064 1 125
352967 2 2555
353460 4 115
354679 5 275
357567 1 128
360479 2 83
360612 11 663
360660 4 2514
361126 3 143
361236 6 182
361606 2 329
362208 5 108
362390 8 135
364146 2 1022
364159 3 161
364160 10 227
364161 4 368
365026 6 90
365498 1 413
365798 1 468
367016 1 1226
371883 1 3015
372067 4 344
372225 1 210
372274 4 508
372406 4 14595
372734 4 823
372962 1 532
372989 1 209
373236 1 107
373252 3 218
374010 2 127
374014 2 80805
374463 1 1239
374806 2 492
374809 7 503
374943 4 273
374944 1 539
374952 1 260
374994 2 13993
375322 1 87
375531 1 207
375788 5 184
376385 1 322
376599 3 255
376610 2 7750
378071 3 7768
378156 10 301
378180 3 243
378486 9 155
378591 1 205
378743 2 317
379219 1 224
379397 3 1489
381907 1 715
383770 1 277
383826 3 380
384019 1 217
384260 12 327
384457 15 277
384519 7 317
384766 11 268
384771 25 477
384772 4 114
384865 2 592
386520 2 106
387973 2 192
393747 7 58177
394126 11 1004
394853 3 257
394898 1 26758
394963 2 246
394967 1 67
395019 2 270
395025 1 409
395036 11 163
395073 15 572
395077 2 243
395572 1 1983
396001 3 88
396258 4 38258
396472 1 159
396585 2 155
397287 2 439
397377 2 279
397587 1 92
398284 20 544
398328 1 233
398713 6 687
398855 1 134
398982 4 975
399077 1 119
399133 1 794
399982 2 418
400829 3 640
401022 10 1213
401217 1 152
401219 3 669
401220 2 114
401472 2 505
401817 2 207
401980 1 488
403458 1 519
403577 1 138
403674 1 765
403966 6 439
404033 2 437
404049 1 985
404448 1 876
404866 1 90
405024 2 646
405236 3 550
405611 3 462
405675 1 1384
406062 2 457
406811 1 586
406962 2 294
408543 1 951
408596 4 133
408742 4 171
408834 7 401
409072 3 475
409612 3 70
409613 3 158
410507 9 853
411310 4 910
411564 4 244
411665 8 686
412111 1 887
412255 1 829
412747 4 1000
413252 2 780
413511 1 356
413589 2 733
413717 1 104
413719 1 157
413812 1 138
413988 2 970
414636 1 252
415264 3 490
415286 5 641
415773 4 378
415888 1 666
415890 2 800
416241 1 221
416266 1 480
416337 1 152
417519 1 458
417661 1 536
418059 1 800
418083 1 73
418221 1 606
418778 3 104
418943 2 107
419094 2 660
419313 1 93
419789 2 533
420008 1 750
420663 1 514
420836 3 2667
420912 1 482
420946 8 247
421071 2 2514
421920 4 476
421968 1 388
422059 4 217
423630 3 2932
423931 1 102
423934 1 124
424038 1 148
424326 3 379
424914 1 782
424966 2 476
424969 1 65
424993 2 715
425355 1 562
425515 2 123
425885 1 764
426483 2 469
426528 1 181
426739 2 580
428032 1 521
428569 18 721
428679 2 788
428980 2 570
430680 1 252
431532 1 127
431533 1 166
431666 2 155
431767 4 491
432556 6 1677
433403 2 272
433599 1 322
433615 1 362
433637 1 501
434060 3 428
434062 1 130
434203 1 1333
434208 2 840
434283 1 306
434527 4 1397
435153 3 319
435354 1 469
435954 1 640
436069 2 141
436636 2 173
436756 1 112
436757 1 108
436947 2 316
437112 7 1728
437707 1 984
437731 1 50
437768 1 182
438000 1 97
438712 11 658
438723 1 263
439235 1 148
439354 1 78
439356 1 152
439859 3 533
439981 4 212
441591 3 65
441613 1 439
441701 1 370
441786 5 1069
441854 5 747
441978 1 143
441980 1 157
442339 1 991
444184 3 343
444467 3 599
444568 2 131
445096 1 531
445400 1 360
446643 2 1399
446708 1 838
447044 1 145
447103 1 758
448097 2 406
449251 5 899
450252 4 190
450494 2 462
451625 13 1562
452235 2 945
452313 4 417
452604 1 35
452913 1 811
453467 1 365
453799 5 837
453813 2 53
454700 2 113
455035 11 1570
455171 2 1259
455479 1 97
455480 1 84
455674 2 1733
455812 9 192
456471 2 401
456867 23 2266
456959 5 951
457194 2 195
458637 1 478
458756 1 719
458852 1 580
459116 1 404
459556 2 649
459557 2 883
459839 1 914
459871 2 399
460260 3 691
460507 1 411
460596 11 1297
460879 2 421
461054 1 136
461618 1 472
461670 1 1031
461881 2 304
462113 3 187
462251 1 398
462296 2 406
462443 1 594
462678 2 750
463069 4 1263
463689 1 372
464258 1 132
464370 1 193
465000 1 278
465275 3 542
465505 3 491
465754 2 1153
466320 1 313
466355 7 1321
466446 3 772
466851 1 96
466941 3 192
467582 1 503
467825 1 1184
468046 1 747
469381 1 146
469420 3 244
469826 5 609
469974 1 308
470120 2 401
470237 2 479
470760 4 1044
471099 1 325
471114 1 503
471142 1 332
471751 1 123
471752 2 124
471818 6 171
471874 1 115
472096 1 86
472235 6 1077
472370 3 354
472411 1 78
472623 2 208
473662 1 176
474234 3 148
474296 2 181
474628 2 418
475803 13 362
476381 3 872
476462 3 691
476668 2 170
476741 3 182
477156 4 106
477286 2 344
477347 1 206
477384 5 433
477496 2 89
478560 4 911
478645 1 645
478718 1 1216
478742 2 1205
478774 3 156
479065 1 430
479181 1 151
480084 1 551
480281 1 274
481070 7 589
481217 3 1013
481680 2 942
482874 2 917
483161 1 160
483162 3 512
483169 3 486
483815 3 634
483910 27 3011
484337 3 470
484540 2 838
485014 2 433
485037 3 1727
485090 1 511
485101 1 652
485234 2 431
485238 4 197
485922 3 486
486202 1 556
486558 2 138
486823 4 682
487136 1 673
487599 1 409
488050 2 460
489321 1 89
489501 1 554
490021 3 328
491629 2 838
491766 2 2223
491980 2 1141
492097 1 1363
492136 1 1459
492498 2 100
492978 2 147
493287 1 1188
493605 1 909
493997 1 499
494045 3 512
494354 3 595
494710 2 909
495292 2 357
495369 2 128
496255 4 681
496397 3 590
496542 2 666
496596 1 2298
496597 8 1499
496601 1 479
496692 1 862
496910 3 192
496978 1 115
497226 3 97
497329 3 396
497389 1 226
498056 1 653
498065 4 536
498805 2 667
499557 1 718
499776 3 1070
500469 1 877
500868 1 295
501122 1 413
501282 1 252
502619 1 130
502798 2 449
503552 3 427
503634 1 543
503671 1 480
504829 2 1220
504830 1 637
505932 6 324
506916 6 633
506989 2 484
507451 1 128
507475 2 934
507629 1 979
507881 2 222
508368 1 188
509450 4 508
509698 1 306
509998 9 1750
510160 4 931
510287 6 221
511149 1 109
511542 2 627
512248 1 585
512881 1 757
512900 1 149
513959 6 451
514053 1 2001
514078 1 590
514375 1 258
514520 5 773
515155 2 1470
515346 2 521
515379 2 167
515380 6 472
515431 3 1207
515603 5 202
517615 2 346
517660 1 141
517681 1 129
517767 9 673
518012 1 351
518207 1 502
518216 3 134
518300 1 771
519164 3 890
519625 5 67
519691 1 210
520158 8 595
520805 1 111
520806 3 130
521591 1 66
522251 3 485
522338 3 134
522368 1 444
522588 1 646
523886 2 513
524002 4 647
524102 3 552
524946 1 317
525606 3 2915
525708 26 608
525976 1 848
525978 4 611
526345 1 151
526787 4 225
527444 1 909
528067 2 145
