33 19 19382
817 1 279
1010 1 517
1103 2 499
1646 1 55438
2293 9 404
2559 5 392
3195 1 378
3254 8 308
3512 6 516
3736 6 473
4338 89 16989
4757 5 435
7095 175 2164
7449 16 505
8659 1 475
8740 9 473
9166 9 17203
9589 10 552
9674 3 333
9904 4 489
9917 6 576
9918 7 539
9923 2 631
9927 6 485
9928 1 681
9929 1 543
9972 14 1951
9973 2 1000
9998 2 1001
10878 3 312
12097 1 441
12780 2 391
12899 1 453
12966 1 691
12985 21 7361
14085 1 538
14499 1 5119
14621 9 568
14786 3 402
15371 1 605
17011 7 526
17051 4 652
17060 4 820
17080 9 801
17083 2 296
17125 10 548
17239 4 413
17290 5 550
17982 8 325
18114 1 426
18119 1 335
18136 8 718
18997 3 349
20245 2 3163
20945 12 8111
21459 4 16007
21614 2 32241
21689 1 592
21870 1 333
21886 6 401
22441 1 324
22779 2 429
23543 1 596
24264 15 623
24287 1 478
24972 9 652
24975 16 348
24992 20 429
25004 21 446
25091 1 2607
25218 8 9144
25318 5 289
26688 1 4178
26700 20 487
27475 9 277
27526 7 632
27875 1 265
28148 2 205
28175 2 417
28405 2 408
28818 1 618
28849 1 345
28972 8 2567
28975 8 1782
29043 8 523
29044 8 365
30204 2 526
30446 5 12899
30591 13 699
30872 2 662
31560 16 375
31564 1 386
31846 4 5130
32580 5 726
32648 1 384
32680 1 259
32755 1 385
32991 17 731
34687 18 526
34722 1 13257
34993 9 409
34995 11 371
35525 7 406
36080 13 465
36081 11 606
36082 5 637
36086 7 197
36087 9 370
36088 5 485
36091 8 287
36391 2 10294
36802 94 29903
36873 1 2234
37080 1 505
37397 5 249
38543 1 658
38570 1 408
38571 9 681
38585 9 813
38586 8 529
38587 1 545
38591 2 566
38594 2 535
38598 6 502
38600 1 570
38604 1 628
38608 1 378
38933 2 512
38949 4 644
38954 1 518
38976 2 405
39831 5 367
40021 5 424
40359 6 4913
40794 4 597
40795 2 479
43530 2 413
43858 2 388
44016 16 627
44366 19 12535
44459 1 301
47218 1 347
47642 10 11472
49853 2 471
50432 9 747
50521 24 412
51908 6 488
51909 9 474
51910 7 350
51911 5 241
51912 3 380
51922 3 176
51929 4 364
52006 2 254
52214 103 64459
53165 3 418
54635 8 463
54756 1 513
54759 1 274
54760 9 517
55371 31 52248
58022 2 149
58677 2 340
59954 3 826
60597 4 510
60627 1 271
61564 5 97
62618 1 764
62664 2 54
63304 1 535
64299 4 136
64391 1 35
64627 1 64
67739 1 41
69417 2 168
69769 1 864
70348 1 629
71494 1 254
75045 5 358
76617 10 218
76789 5 76
78564 1 52
79357 1 806
80115 1 191
81418 1 52
88351 1 108
88617 1 368
89413 7 744
91012 3 150
91036 2 506
91575 1 446
91600 5 629
91972 1 148
92323 1 53
92897 1 927
93238 2 486
93823 2 71
94260 6 340
94389 6 598
94600 2 597
95184 2 289
95572 11 680
96075 1 465
96506 1 461
96696 1 571
98690 2 678
99788 1 114
99792 4 136
101886 1 417
104242 1 65
104865 1 60
105921 1 91
106756 3 207
106772 1 35
106986 1 45
107005 1 41
109349 1 821
109452 7 113
110077 1 540
111962 2 921
112133 2 92
112845 3 727
112878 1 42
113404 1 648
114924 1 549
115164 2 40
116309 2 510
117006 1 452
120865 1 99
121797 1 486
122467 6 93
123481 2 803
125570 1 70
126626 1 94
127010 1 34
128013 1 160
128117 1 441
128510 1 71
129103 1 102
129386 3 438
129609 2 743
130115 2 115
130222 8 180
131758 1 74
133261 1 66
133936 1 64
134482 3 66
138230 1 112
139585 2 116
140079 2 94
141806 3 87
142372 2 77
142439 1 36
142872 1 306
142973 1 382
143622 4 390
144265 1 35
144352 1 159
145662 3 1268
146015 2 46
146993 1 628
147556 1 144
148180 1 511
148474 2 132
149463 2 41
149995 2 62
150795 2 145
151147 1 135
151546 1 128
152731 2 220
154306 1 37
154336 2 61
155066 3 532
155440 2 40
155609 2 296
159084 1 688
160270 1 140
161937 2 861
166543 1 73
166944 1 53
167652 16 464
167970 5 229
168551 1 464
169512 2 38
169765 3 629
169872 1 373
170366 2 46
170584 3 787
171240 4 372
173503 1 220
175878 6 246
176060 3 93
177049 1 78
177777 2 177
177865 1 797
178937 1 58
179538 1 1270
181310 1 675
181995 1 672
182039 1 269
182566 1 208
182800 1 291
183168 3 52
183457 1 694
184176 8 452
185283 3 422
185306 2 35
185979 1 385
186033 1 38
186944 1 247
188303 6 499
188671 5 558
188676 1 674
188678 1 567
188683 2 524
188685 6 522
188687 1 697
189885 6 237
190240 2 371
190884 5 315
191176 8 250
192347 1 63
192747 1 98
192860 1 64
193104 1 903
193173 1 56
193690 2 264
194160 1 578
194292 1 571
194785 1 232
195096 2 48
195379 1 49
196277 1 39
196317 1 54
196927 3 184
197363 2 270
197973 3 285
198434 1 61
198885 1 481
198946 3 237
199243 8 453
199338 1 1079
200983 2 339
202625 1 56
203024 1 358
203180 1 74
204284 6 106
206683 3 74
207985 1 650
207995 6 599
208369 1 83
208471 3 44
208758 2 542
208938 1 55
209903 5 607
210029 1 61
210157 1 72
211536 1 583
211727 9 303
211970 1 644
212196 1 191
212331 2 498
212332 2 497
212575 1 68
212597 6 172
214108 2 91
214643 17 594
214996 1 572
215146 1 78
215513 2 957
216142 1 59
216555 1 1255
216654 1 426
216706 2 397
216732 2 544
216748 1 614
216756 2 268
216826 1 253
217100 1 226
217182 1 60
218113 1 222
218274 2 390
218377 1 399
218399 1 329
218403 1 41
218532 5 1248
218608 2 54
218609 1 71
218697 3 671
219793 1 45
220299 1 263
220635 1 332
221064 1 128
221236 1 152
221859 1 562
222637 2 564
222659 2 548
223028 2 479
223207 7 148
223269 1 65
223470 1 57
224035 1 179
224281 1 235
224375 3 418
224409 2 45
224575 1 650
224807 1 111
224835 1 433
224968 1 39
224971 2 45
224975 2 42
225730 1 207
227488 2 225
227497 1 395
227560 1 99
228727 1 164
229393 1 42
229699 1 271
230359 1 130
231169 1 261
231210 1 43
231711 7 184
231796 1 161
231923 3 341
232475 4 592
232676 2 214
233051 1 404
234239 1 86
236130 1 495
236282 1 554
236515 1 78
236548 1 484
236818 1 173
237427 2 274
237664 1 128
237771 3 217
237875 1 617
237931 1 247
238216 1 194
238280 3 63
238398 1 686
238427 1 33
239122 3 79
239611 1 313
239783 1 241
240807 1 60
240856 1 155
241217 2 39
242151 1 241
242495 2 193
242708 2 252
242717 1 68
243550 1 67
243683 1 217
245322 1 135
245422 1 184
245562 1 62
246642 1 113
247085 2 437
247145 1 53
247918 1 460
247921 1 447
248258 3 649
248463 1 461
248957 1 327
249208 2 309
250985 1 143
253204 2 40
253602 1 662
253603 1 640
253611 1 562
253630 1 646
254089 2 63
254502 2 1302
254581 2 133
254588 2 161
255183 2 454
256852 1 76
258882 1 212
259015 1 74
259293 2 66
259305 15 329
259495 7 168
260973 1 661
261265 2 629
261538 4 128
261780 1 329
261912 2 370
262028 1 265
262184 4 180
262868 2 165
263306 2 56
264259 1 56
264439 2 65
265070 1 224
265795 1 1013
265810 21 16729
265816 14 25803
265845 17 17259
265854 15 21100
266759 2 209
267534 40 1535
267778 25 5216
267883 20 439
268080 56 1956
268746 4 554
268856 5 111
272269 7 4027
272415 1 1616
277214 2 207
277537 1 288
286230 6 2459
287896 1 776
288701 1 557
289648 3 1030
290435 7 8814
290440 18 15196
290465 22 15747
291613 3 110
291705 3 134
292529 8 765
294099 1 774
302062 2 299
303734 16 25485
305981 46 4277
305983 17 826
305984 30 669
306139 2 5267
306237 69 26903
306269 3 236
306284 3 21202
306300 15 342
306336 1 1927
306338 11 4464
306339 22 3745
306340 7 2518
306644 3 179
307453 48 49380
308314 10 948
308415 1 814
308855 1 3415
308867 3 837
308907 11 13313
308919 11 13545
308929 41 12027
308953 15 14138
308961 11 13313
308973 11 13545
308983 41 12027
309007 15 14138
310802 12 377
311232 1 76
312221 4 144
312780 1 247
317018 3 127
317440 1 300
323058 4 66
324406 3 127
325058 2 105
325124 15 1089
325127 9 995
325384 7 299
326123 14 14885
326129 16 67196
326908 24 558
327122 11 16929
327123 11 16927
327384 24 19585
327394 17 22044
327407 19 18061
329471 8 172
330699 6 171
331333 7 2122
332744 1 82
333153 14 513
334364 1 81
341764 1 775
347723 1 54
347837 42 63219
347869 12 47445
347927 3 2190
347928 1 1145
347934 3 11174
348055 1 1233
348783 1 243
349994 3 8773
350068 24 1518
350158 1 628
350177 13 1689
350399 1 270
350449 16 14072
350479 13 11696
350496 20 14081
352190 1 267
358400 1 645
359152 11 9815
360719 2 303
360880 1 195
361017 3 234
361311 1 289
361572 4 301
366419 1 154
366574 7 132
371885 61 2004
372243 1 5116
372278 12 28092
372279 10 5420
372281 2 5554
372282 3 1178
372406 3 14595
373001 1 236
373072 3 686
373086 4 439
374254 59 5056
374486 30 1292
374512 5 1682
374560 14 552
374568 7 763
374895 1 245
374974 23 12901
374994 28 13993
376319 2 121
378551 3 314
378799 3 3228
383622 1 439
384219 1 206
385229 3 220
385318 1 493
386407 1 88
387113 1 63
387330 1 484
390791 1 239
393550 1 30891
393803 1 212
394870 1 239
394898 3 26758
395222 1 80
395242 3 23266
395640 6 17885
396258 55 38258
399150 1 901
400187 2 33
406202 5 183
406327 1 64
406877 1 80
407742 3 114
408812 1 63
412328 6 127
416266 2 480
417000 4 83
417671 1 55
418623 1 61
419017 1 29
421197 7 676
423481 1 685
423566 1 820
424771 2 46
425651 1 117
426392 25 1205
426415 29 1309
432443 3 86
433026 3 57
434335 2 869
435739 1 768
436116 1 2703
437442 6 103
438170 3 118
439676 1 63
439786 4 50
440999 4 161
442457 1 262
442548 2 44
443759 1 402
444108 51 1565
445459 7 593
445682 7 130
451786 6 76
452651 2 108
453591 2 33
456781 6 416
459780 1 416
460322 9 521
463815 2 762
464135 3 701
466495 2 503
467058 4 90
467165 1 34
468617 1 64
469039 1 639
471536 2 60
473183 3 137
473222 1 111
473562 1 841
474725 1 37
477267 2 134
478508 3 147
482007 1 32
482070 1 35
482305 2 40
483245 1 112
485638 1 45
487134 2 619
489987 1 81
501777 1 646
504276 6 1699
505019 1 30
506520 1 53
508564 1 78
509742 1 737
511790 2 33
512497 1 1672
513213 1 33
513724 1 949
514934 2 568
515079 2 55
515546 23 735
516560 1 31
519493 2 136
522019 9 512
523802 2 553
524867 2 34
528131 1 27
1373 1 449
1646 5 55438
2126 1 492
2136 1 350
2232 3 3252
2269 4 380
2270 1 446
3738 1 251
8713 1 456
8714 1 647
8715 1 475
8716 3 330
8717 1 118
8718 2 391
8721 6 583
10332 1 292
10746 1 238
10748 1 231
12245 1 301
12247 1 555
14136 2 372
14568 1 468
24930 43 11103
26911 1 2559
27875 1 265
28405 1 408
34289 1 73
36052 1 182
36056 1 258
36060 1 228
36061 1 312
37799 1 502
38540 1 423
38541 2 788
38543 3 658
38548 1 393
38549 1 573
38552 1 1373
38554 1 1434
38558 1 134
38561 13 203
38562 35 447
38563 41 514
38564 3 475
38566 1 476
38603 1 240
38604 1 628
38609 3 557
38611 1 341
38612 2 467
38617 6 2050
39160 1 244
39342 1 723
40898 4 1866
43830 1 459
44779 1 713
50271 1 487
51536 1 430
51540 5 419
51541 2 374
51542 2 442
51554 1 917
59438 1 255
67666 3 205
68565 1 199
70657 1 132
84212 1 140
101037 1 389
110077 1 540
110116 1 375
136584 2 379
139973 1 166
139999 2 267
141353 1 538
142747 1 221
145334 5 476
146993 1 628
152081 1 201
152563 2 212
181668 3 452
184687 10 1178
208067 1 272
208758 2 542
211047 1 627
211311 1 347
224394 1 356
224699 1 357
226093 1 481
228996 3 80
236548 1 484
246323 1 534
252247 2 388
259813 1 240
269727 1 134
288121 2 906
288701 1 557
289633 1 858
289648 1 1030
290269 1 228
292837 1 162
306789 2 629
307440 1 568
307453 5 49380
307513 1 492
308415 1 814
308855 1 3415
312780 1 247
322823 1 121
329024 1 1311
337500 1 244
348038 3 1846
348055 13 1233
348747 1 704
348758 2 950
348782 1 773
373007 1 2270
374647 2 253
376071 1 116
378629 1 373
385318 1 493
394090 1 513
394728 1 359
397025 4 103
397043 4 157
401885 1 222
402630 3 115
408506 1 1160
410438 1 674
414061 4 98
414567 1 479
414777 1 740
414951 4 100
415287 5 239
419522 9 237
421842 10 720
421879 1 45
422112 9 885
422171 4 733
422173 1 732
422188 1 237
422664 2 772
422858 1 407
422972 1 584
423058 2 297
423070 1 326
423273 8 461
423275 4 724
423566 1 820
424427 2 375
425130 1 784
425592 2 399
425593 2 401
425863 1 184
426589 3 72
427378 8 810
427657 1 243
429218 1 275
429521 1 679
430910 1 55
430914 1 83
434471 7 535
436116 1 2703
436389 1 251
441268 1 100
441293 1 302
442450 1 1116
443306 2 561
444710 2 1234
447512 1 456
449606 1 122
451176 1 367
451894 1 1327
452507 1 211
452594 1 645
455781 1 640
457105 1 1808
457381 1 257
459790 4 178
460788 1 84
461433 9 309
463815 1 762
465737 1 221
470734 1 1909
475178 2 291
475407 2 295
480381 2 347
486675 2 344
488557 2 479
490255 1 528
490476 6 685
491264 1 2438
494859 2 279
495503 1 226
501127 1 564
504143 2 450
504559 2 528
504838 5 163
506367 3 166
507496 1 611
509746 1 552
513415 1 1113
513724 1 949
516370 1 522
523093 1 701
523649 1 663
525407 2 1072
527578 1 868
527625 1 857
32 28 9957
33 22 19382
52 2 515
54 2 578
64 1 352
817 1 279
1103 1 499
1373 1 449
1640 1 1165
1641 1 839
1646 7 55438
2126 1 492
2136 1 350
2232 13 3252
2269 1 380
2293 2 404
2429 3 494
2559 1 392
3254 1 308
3738 1 251
4195 5 867
4338 11 16989
4757 1 435
5398 1 287
7034 5 529
7095 8 2164
7164 3 669
7449 1 505
8713 1 456
8715 5 475
8716 3 330
8718 1 391
8721 4 583
8724 1 504
9166 6 17203
9904 8 489
9917 1 576
9918 3 539
9923 4 631
9928 1 681
9929 1 543
9935 4 506
10878 1 312
12247 1 555
12709 21 20008
12780 2 391
12899 1 453
12966 1 691
14069 9 2071
14084 3 538
14085 2 538
14107 3 779
14136 1 372
14786 4 402
15371 1 605
17080 1 801
17083 2 296
17125 1 548
17239 1 413
17290 1 550
17478 1 412
18115 2 439
18116 2 466
18136 1 718
18997 3 349
19147 1 353
19510 1 392
19550 2 953
19689 1 393
19780 1 565
19786 1 450
20245 6 3163
20945 95 8111
21614 53 32241
21870 1 333
22441 3 324
22602 4 2235
22604 2 682
23543 1 596
24264 1 623
24287 2 478
24428 4 2137
24930 1 11103
24992 2 429
25004 1 446
25091 6 2607
25218 1 9144
25318 1 289
25916 1 529
25977 2 2443
26911 2 2559
27526 3 632
28148 4 205
28175 4 417
28461 5 5536
28849 3 345
30446 39 12899
30591 3 699
30632 3 1215
30641 1 489
30648 1 404
30873 1 681
30875 2 651
30939 11 6023
31846 4 5130
32163 2 691
32648 1 384
32680 1 259
32755 1 385
32991 2 731
33364 1 306
34264 8 527
34350 3 3345
34687 1 526
34722 20 13257
34732 14 9225
34995 1 371
36057 1 390
36384 1 858
36391 12 10294
36490 1 211
36802 21 29903
37080 1 505
37629 1 669
37633 2 416
37644 1 496
37647 1 569
37654 2 349
37799 3 502
38540 2 423
38541 1 788
38545 1 610
38549 1 573
38550 2 451
38551 1 627
38563 1 514
38565 1 671
38574 1 644
38576 2 709
38580 1 447
38582 2 505
38585 3 813
38591 2 566
38601 1 660
38604 2 628
38609 5 557
38610 2 432
38613 2 325
38617 1 2050
38937 2 532
38944 1 386
38946 1 400
38954 2 518
38967 4 728
38986 2 642
38996 3 877
39010 3 457
39229 2 442
39831 9 367
40021 1 424
40359 77 4913
40650 2 433
40654 1 264
40794 3 597
40795 1 479
40898 3 1866
42338 2 629
43529 2 375
43532 1 306
43858 1 388
43859 1 383
43870 2 450
44366 5 12535
44459 2 301
44779 1 713
45165 2 911
47218 1 347
47642 21 11472
48352 2 398
48355 6 310
48358 1 517
48364 9 469
49853 3 471
50308 3 1801
50682 23 32839
50683 20 9266
51016 2 216
51536 1 430
51540 3 419
51541 2 374
51542 1 442
51544 1 382
51554 1 917
51908 1 488
51909 1 474
51910 2 350
51911 2 241
51912 2 380
51922 1 176
51929 1 364
52002 3 345
52007 1 548
52010 1 516
52017 1 431
52023 2 561
52027 6 628
52028 1 534
52029 2 574
52043 10 660
52055 10 583
52056 5 689
52057 4 380
52058 1 295
52059 4 419
52060 5 494
52214 123 64459
54156 5 680
54157 8 763
54709 1 788
54718 3 258
54750 1 656
54757 2 574
54758 2 227
54760 1 517
55506 2 538
57324 5 537
59954 1 826
60597 2 510
60627 1 271
62281 1 42
62618 2 764
67739 1 41
69769 2 864
71682 1 118
72096 3 486
75045 2 358
76722 1 55
76893 1 752
79357 3 806
79789 1 453
84212 1 140
88351 1 108
90876 1 53
91575 1 446
91600 1 629
92897 1 927
93238 1 486
94600 3 597
96075 4 465
96696 1 571
98690 3 678
99139 1 626
101886 2 417
104371 2 183
106756 2 207
109349 3 821
111575 1 295
111739 1 260
111962 1 921
113404 2 648
116309 2 510
117006 1 452
120171 2 394
121797 2 486
125132 1 492
125135 2 787
125136 1 920
128117 2 441
129609 2 743
135159 1 748
136682 1 86
137770 2 385
141353 1 538
142105 1 74
142292 3 382
145334 2 476
146993 1 628
148615 1 75
151076 1 551
152731 1 220
155066 1 532
155609 1 296
159048 1 523
159060 2 549
159084 4 688
160270 1 140
161937 1 861
167652 1 464
169765 2 629
170584 3 787
170864 2 426
176801 2 210
177865 2 797
178607 5 446
179538 5 1270
181310 1 675
181995 2 672
183457 2 694
184687 1 1178
185072 1 74
187101 2 582
188671 3 558
188676 1 674
188687 1 697
194160 1 578
194292 3 571
196927 1 184
198885 1 481
198946 2 237
199338 1 1079
202865 2 652
205088 1 571
207995 4 599
208067 1 272
208758 1 542
209366 1 550
211047 1 627
211207 2 777
211536 3 583
211970 1 644
212196 2 191
214008 1 60
214189 1 416
214996 3 572
215486 4 234
215630 1 381
216706 1 397
216719 1 590
216756 1 268
218377 1 399
218548 1 219
218697 1 671
220635 1 332
222358 1 59
222637 1 564
222659 1 548
222747 2 551
223028 3 479
224394 1 356
224575 3 650
224699 1 357
224835 1 433
226093 1 481
227497 1 395
227560 1 99
231169 1 261
231923 2 341
233051 1 404
236107 1 203
236282 1 554
237875 2 617
237931 1 247
239499 2 225
242708 1 252
243683 1 217
246323 1 534
247918 3 460
247921 3 447
248822 2 578
248957 3 327
250871 2 525
251873 1 527
252247 1 388
252455 2 691
253611 1 562
253614 4 637
253622 3 721
254502 2 1302
254581 3 133
254588 4 161
255741 4 575
261265 1 629
261912 4 370
262028 1 265
265810 12 16729
265816 7 25803
265845 17 17259
265854 3 21100
267778 2 5216
268080 2 1956
272269 2 4027
272415 1 1616
278243 2 275
279489 2 223
286230 3 2459
287239 1 898
287979 1 183
288121 2 906
289648 1 1030
290256 27 30074
290269 1 228
290435 22 8814
290440 6 15196
290465 8 15747
300041 2 207
301865 10 18367
302062 1 299
303734 10 25485
305981 9 4277
305983 3 826
306139 10 5267
306205 2 868
306237 15 26903
306269 4 236
306284 40 21202
306336 10 1927
306338 20 4464
306339 23 3745
306340 10 2518
307277 2 861
307440 2 568
307453 16 49380
308314 1 948
308415 1 814
308867 1 837
308907 3 13313
308919 6 13545
308929 1 12027
308953 10 14138
308961 3 13313
308973 6 13545
308983 1 12027
309007 10 14138
325124 1 1089
325239 1 259
326123 11 14885
326129 16 67196
327122 6 16929
327123 6 16927
327191 1 1029
327384 5 19585
327394 4 22044
327407 14 18061
337047 1 240
341764 1 775
346790 3 339
347021 3 167
347197 2 314
347837 90 63219
347869 75 47445
347927 9 2190
347928 6 1145
347934 42 11174
347948 2 295
348000 11 2556
348038 1 1846
348045 2 1451
348055 4 1233
348747 1 704
348850 3 751
348851 2 576
349994 33 8773
350068 1 1518
350269 5 1991
350270 1 195
350449 7 14072
350479 8 11696
350496 8 14081
356454 4 1079
356474 4 1079
358400 1 645
359152 11 9815
360909 1 69
366574 1 132
371885 1 2004
371931 9 2532
371963 9 2533
372178 2 745
372243 19 5116
372278 111 28092
372279 38 5420
372281 23 5554
372282 2 1178
372406 5 14595
372976 3 486
373007 1 2270
373027 2 235
373834 74 44460
374254 3 5056
374486 1 1292
374568 1 763
374631 2 282
374647 2 253
374974 12 12901
374994 9 13993
378799 2 3228
387330 1 484
393550 32 30891
393747 61 58177
393801 1 160
394090 2 513
394898 18 26758
395179 1 160
395242 10 23266
395640 8 17885
395783 1 1314
396258 46 38258
397867 1 40
399150 1 901
405919 1 39
408506 2 1160
410438 1 674
414777 1 740
421197 1 676
422858 1 407
426392 2 1205
426415 2 1309
427378 1 810
429521 1 679
431580 3 450
432443 1 86
434335 2 869
435739 1 768
436116 2 2703
442450 1 1116
443759 1 402
444710 1 1234
452851 1 315
453041 1 38
455664 1 301
459780 4 416
460322 1 521
461909 1 32
464135 3 701
473562 4 841
475178 1 291
475407 1 295
485147 1 39
489987 1 81
490255 1 528
500791 1 38
501777 1 646
504143 1 450
504276 1 1699
504838 1 163
507496 1 611
509742 2 737
512497 1 1672
513415 7 1113
513724 2 949
516370 1 522
523093 1 701
523802 1 553
