1646 9 55438
2641 1 17392
3505 5 2286
4137 16 16130
6111 1 624
7403 1 530
7410 1 344
7413 1 269
7418 1 469
8148 5 17754
9331 6 506
11723 4 396
12899 1 453
13472 4 294
14399 1 229
15336 1 575
17051 1 652
19370 2 303
19513 3 548
21614 23 32241
22310 1 498
24337 4 378
24346 1 238
24366 4 419
24581 1 298
24711 4 463
24930 21 11103
25809 2 643
25818 3 512
25819 5 488
25820 6 466
25826 2 422
25827 4 523
25888 3 518
25889 1 116
25890 1 121
25891 1 134
25896 1 476
25897 4 226
25898 6 460
25901 6 376
26686 135 6448
27424 3 13034
31234 9 587
31450 1 618
31453 1 710
31454 1 523
31455 1 651
31456 2 604
32157 2 472
34122 1 1040
34693 24 1465
36136 1 228
36137 1 446
36490 1 211
36498 4 20156
36792 4 383
38004 1 469
38929 1 487
38971 1 533
39279 1 405
39289 3 316
39291 2 172
39298 3 232
39314 1 324
39327 2 354
39334 3 349
39335 1 381
39613 1 388
40697 2 241
42004 1 961
43443 4 349
44371 1 296
45872 3 15512
47250 1 332
48585 1 468
50358 6 776
50359 2 448
50844 1 373
52678 3 15365
53433 2 188
53445 14 842
53777 2 557
53778 4 576
53779 6 450
53782 1 58
55371 1 52248
55648 2 326
70327 1 646
70329 1 81
76053 5 341
83592 2 523
88521 1 338
98562 1 103
100200 4 347
100886 1 127
104236 1 569
105306 27 614
112533 1 100
113616 2 682
116996 1 486
119057 1 533
123611 1 569
124459 2 87
129264 1 108
139164 3 140
139973 1 166
141319 1 778
152038 1 634
160509 1 428
173111 6 217
173455 1 214
176218 1 285
177706 1 619
178876 1 151
182409 1 653
193403 1 128
193449 1 89
193765 2 155
196253 1 895
206278 2 115
218688 2 401
219537 1 273
221717 1 580
225604 4 567
225605 2 233
225960 1 128
233051 2 404
235325 2 102
235611 1 94
238420 1 506
239992 1 139
261717 1 72
263650 2 406
265847 1 5294
269159 1 244
269711 7 982
277556 1 713
286433 1 2420
286450 1 310
286687 1 3175
286721 1 1527
286735 3 2545
286772 7 424
286805 3 205
286928 23 272
286931 1 234
286932 1 233
286933 6 245
286972 3 461
286985 9 5408
287013 3 499
287027 10 946
287031 1 1635
287044 2 199
287046 1 259
287052 6 2922
287053 5 2528
287054 1 2862
287055 5 2284
288230 16 933
288328 1 322
289480 1 1052
290256 5 30074
290268 3 289
290435 9 8814
290465 1 15747
292799 1 478
293934 2 261
305977 2 3942
306002 6 1112
306127 1 548
306132 10 1017
306192 1 698
306227 2 1048
306233 1 149
306237 1 26903
306316 7 1503
306333 1 256
307315 1 316
307443 6 449
307450 1 291
307453 14 49380
307696 2 988
308168 4 1171
308246 2 20735
308247 6 410
308641 1 994
308786 1 1397
308789 1 3638
308824 1 1393
308827 1 3641
308872 1 908
308895 1 213
308896 4 160
314056 1 312
323901 3 1057
325340 5 209
325420 2 847
325438 1 257
325452 1 767
325483 4 781
325486 1 688
325488 1 364
325492 1 527
325493 2 1103
325510 122 3054
325512 7 1084
325514 1 1887
325535 1 6095
325537 1 4579
325542 2 3842
325574 3 191
325578 10 2828
325671 3 1012
326123 3 14885
326166 1 692
326170 5 202
326399 10 1027
326449 3 155
326517 3 1062
326797 2 1254
327250 2 118
327403 7 5903
327407 2 18061
329495 2 277
343467 1 128
347837 5 63219
347838 2 6657
347869 3 47445
347870 1 1104
347925 14 297
347932 6 875
347934 4 11174
347947 1 263
347952 1 207
347964 1 532
347966 10 272
348000 19 2556
348002 2 441
348014 2 121
348020 1 245
348031 3 1254
348049 14 837
348050 1 1451
348244 1 1101
348290 1 1359
348744 5 3039
348762 1 823
348768 1 823
349994 3 8773
350185 16 341
350201 1 352
350226 1 338
350357 3 4293
350479 2 11696
357061 5 327
357323 1 5269
357386 3 98
357781 2 2056
361838 1 1062
366606 1 1574
368211 1 103
369848 3 138
371265 1 201
372000 17 415
372020 11 413
372028 2 404
372033 3 374
372063 6 136
372066 10 505
372091 5 301
372096 1 113
372110 3 457
372115 1 347
372139 5 422
372144 2 1699
372217 5 179
372237 5 301
372258 24 4260
372265 3 750
372278 20 28092
372279 1 5420
372280 2 5317
372281 5 5554
372498 1 2160
373164 12 693
373172 2 657
373310 1 481
373323 1 2651
373459 5 422
374636 1 135
374672 2 231
374826 3 258
374885 3 299
377935 1 3616
378772 5 422
380406 2 448
381280 1 315
383978 1 165
383986 1 2003
388592 3 75
393550 1 30891
393743 7 2166
393747 65 58177
393789 1 1407
393791 4 293
393795 9 269
393808 1 665
393811 2 330
393812 2 226
393817 3 300
393835 1 254
393837 12 240
393855 2 227
393858 3 432
394103 1 2220
394234 2 1653
394275 3 73
394765 2 348
394898 3 26758
395276 1 319
395584 3 8890
395585 3 30629
395590 1 2657
395683 1 741
395685 3 513
395701 8 635
400124 11 546
400254 1 375
400531 1 53
403576 2 480
406686 1 91
407631 1 321
408506 2 1160
413266 1 471
414062 3 105
421373 2 444
421402 1 961
422117 2 436
425551 1 519
425884 3 745
427839 1 203
428795 1 119
431180 6 297
431949 2 752
431963 1 116
432700 1 766
433098 1 75
434811 2 781
436407 1 723
439746 1 447
440475 3 365
442465 1 106
442619 1 757
450025 1 961
450192 4 486
450937 3 202
453712 3 189
454319 1 716
456049 5 374
456199 1 660
458694 21 588
459054 1 649
459453 8 908
461375 3 276
462293 3 168
462353 9 418
464205 1 564
465314 3 89
466048 2 403
466499 3 443
469936 3 273
470248 5 294
472366 3 372
474129 1 1019
476587 2 115
477191 1 87
480107 4 503
480231 3 186
483151 1 763
484148 1 73
484628 1 1519
484829 8 451
485250 6 473
485481 4 1284
485635 1 788
489241 8 437
489242 8 367
490409 2 142
496302 1 613
497254 2 79
498144 2 528
499051 1 96
505375 5 197
507503 1 223
508368 4 188
510368 1 93
512497 5 1672
517303 1 82
519609 1 188
519698 3 297
522433 2 703
523426 2 413
525606 1 2915
525976 1 848
526399 1 813
93 19 598
94 18 492
1514 1 264
2090 5 190
2093 2 183
2641 6 17392
3254 20 308
4137 10 16130
4646 8 413
4650 3 93
4652 2 103
4657 8 363
6111 12 624
7890 25 497
7894 7 235
8098 14 282
8148 6 17754
8475 5 369
8683 15 201
8732 24 302
8734 43 1043
8735 24 484
8740 42 473
8820 24 277
8887 8 236
10090 16 317
11035 4 123
11292 9 280
12190 10 100
12286 1 724
12690 5 440
12704 8 499
12751 3 413
12899 8 453
12985 1 7361
14702 24 370
14991 4 378
15075 6 242
17051 9 652
17052 5 670
17385 1 657
18187 9 240
18969 30 341
18976 25 346
19370 4 303
19492 1 101
19498 5 366
19596 8 249
20114 7 140
21459 40 16007
21614 7 32241
23276 5 302
23349 2 411
24581 1 298
27424 7 13034
27861 28 526
28451 31 389
30639 18 354
31234 5 587
31450 6 618
31453 3 710
31454 4 523
31455 23 651
31456 1 604
31463 5 660
32886 4 275
33667 2 501
33669 4 377
35712 20 317
36135 25 273
36136 20 228
36137 5 446
36417 28 424
36427 13 184
36498 13 20156
37709 12 212
37715 7 170
38004 2 469
38929 1 487
38971 1 533
39524 1 447
40873 16 376
41195 1 864
42004 2 961
42680 19 259
43563 8 436
44371 1 296
44455 4 343
45872 8 15512
47765 1 347
48585 6 468
49938 13 250
49939 9 281
50358 1 776
50359 2 448
50885 1 307
52214 14 64459
52678 7 15365
53165 14 418
53777 6 557
53778 7 576
53779 2 450
54806 18 524
55371 209 52248
55648 1 326
56099 7 583
56118 1 390
57023 17 192
57393 1 610
57652 5 461
59963 1 33
63758 4 37
64504 6 67
65221 1 187
66043 8 196
67063 2 67
70327 2 646
70495 5 361
71261 15 1114
73300 17 705
73317 4 58
73950 7 201
74011 1 92
76713 5 79
83592 8 523
84775 1 46
85073 2 30
88521 8 338
90925 33 630
92780 1 67
92909 1 62
93238 13 486
93491 12 170
94047 2 508
95919 5 158
96099 2 229
97643 24 324
98936 1 204
100200 6 347
100946 12 642
104236 7 569
105306 4 614
107218 1 78
107957 26 474
109362 1 217
109945 1 274
110719 2 126
110901 2 255
112455 3 293
112494 2 256
112959 2 38
113614 10 711
113615 42 707
113616 3 682
113617 16 589
113620 21 573
113621 40 552
113622 30 525
113625 26 500
113628 37 779
116239 8 498
116495 1 116
118603 5 274
119057 2 533
120205 7 766
122485 1 36
123611 4 569
130282 2 570
131081 1 150
132043 1 278
134296 16 168
135959 2 53
136027 2 57
139164 1 140
139973 1 166
141319 1 778
142413 1 72
142614 3 55
144864 2 70
145016 3 75
145100 1 190
146892 3 196
146912 6 352
146991 2 651
148130 3 49
148288 6 593
150006 2 65
154776 2 192
158572 8 552
159535 2 44
159759 16 738
160280 25 577
160509 14 428
160950 1 113
161188 5 169
161498 12 222
161770 5 79
163714 16 183
163774 2 77
167978 3 65
169286 2 382
170654 3 59
172674 2 206
173455 2 214
173585 2 71
176805 12 400
176918 4 49
177693 1 113
177706 3 619
177721 28 557
177728 19 657
177730 42 777
180028 30 624
180272 2 538
181162 4 70
181349 23 434
182169 3 65
182409 2 653
185172 1 53
187491 6 92
188238 3 139
189080 4 44
193403 1 128
193449 1 89
193765 1 155
195477 2 228
195749 1 79
196253 4 895
198996 4 68
199922 6 64
200376 3 67
201743 3 74
205301 3 397
209959 3 57
212561 2 61
216409 1 101
218647 2 52
218688 4 401
221194 4 66
221203 6 95
221717 7 580
222405 2 99
224420 1 39
225604 3 567
225605 1 233
226441 1 166
226447 1 167
227817 12 196
228056 1 88
228738 18 536
228786 7 539
229395 2 78
229403 2 116
232640 1 71
233051 1 404
233053 5 535
234591 6 497
235742 5 547
237189 1 69
238420 1 506
239551 4 191
239905 1 101
240679 6 76
240806 4 70
241733 16 181
242208 1 57
247389 1 60
248848 2 220
249782 2 46
249806 1 56
250513 7 196
250937 5 138
251174 31 683
251190 37 682
252791 1 195
256852 1 76
258399 16 395
259999 6 84
260507 1 52
261318 3 82
261697 8 110
261717 3 72
262250 8 542
263650 2 406
265822 7 5726
265847 11 5294
269159 1 244
270577 5 259
275966 5 74
277556 1 713
282451 3 300
282980 9 178
283839 1 76
284568 40 663
284781 3 463
285322 2 615
286408 1 79
286433 15 2420
286448 2 343
286450 2 310
286453 177 2139
286454 6 712
286455 88 1284
286456 22 477
286687 5 3175
286721 7 1527
286735 14 2545
286772 3 424
286842 1 233
286927 2 408
286928 2 272
286931 1 234
286932 1 233
286933 2 245
286939 3 237
286940 3 246
286958 12 242
286972 2 461
286985 217 5408
287009 3 167
287013 3 499
287017 22 350
287031 2 1635
287046 2 259
287049 14 2008
287050 4 3596
287052 5 2922
287053 38 2528
287054 4 2862
287055 56 2284
287056 15 3996
287901 5 206
287916 1 175
288328 1 322
288656 11 361
289480 12 1052
289558 24 673
290268 1 289
290435 48 8814
290441 36 2293
290465 18 15747
291769 12 244
292799 2 478
293934 1 261
303542 4 135
303734 21 25485
305977 3 3942
305992 16 869
306127 1 548
306132 1 1017
306175 34 10421
306192 12 698
306204 2 181
306227 1 1048
306237 425 26903
306261 11 385
306284 94 21202
306316 18 1503
306333 1 256
307212 1 364
307315 1 316
307330 21 306
307443 2 449
307450 2 291
307453 18 49380
307630 2 253
307696 1 988
307737 1 185
307745 26 1270
308246 3 20735
308536 49 1195
308641 20 994
308771 10 8972
308776 7 1983
308777 23 767
308786 5 1397
308789 4 3638
308809 10 8972
308815 21 756
308824 5 1393
308827 4 3641
308872 7 908
309007 7 14138
310214 12 217
310232 1 533
310300 12 217
314056 1 312
314331 8 223
314540 1 361
320807 2 91
323901 22 1057
325304 26 1279
325339 13 728
325340 4 209
325403 13 427
325410 40 1084
325420 4 847
325438 21 257
325440 3 352
325452 2 767
325460 1 202
325480 4 337
325483 6 781
325484 50 1752
325486 6 688
325489 1 626
325490 2 441
325492 6 527
325493 5 1103
325494 5 877
325495 11 295
325509 4 2115
325510 12 3054
325512 18 1084
325513 9 949
325514 9 1887
325515 6 1928
325535 35 6095
325537 28 4579
325539 21 6072
325542 56 3842
325551 4 291
325570 10 1333
325571 3 195
325573 16 419
325574 1 191
325578 3 2828
325587 15 2931
325671 15 1012
326123 23 14885
326166 12 692
326170 3 202
326171 11 718
326399 1 1027
326433 2 137
326449 4 155
326463 21 1249
326517 22 1062
326797 1 1254
327020 16 418
327221 1 249
327403 19 5903
327407 20 18061
329495 2 277
329849 3 177
332246 1 101
333513 1 170
333535 8 186
338262 2 91
339539 1 275
343467 1 128
344420 2 224
345544 11 189
347824 1 158
347837 347 63219
347838 27 6657
347869 96 47445
347870 5 1104
347872 4 993
347885 1 474
347925 5 297
347932 4 875
347934 5 11174
347947 1 263
347952 3 207
347966 1 272
347986 2 1497
347999 1 1521
348000 1 2556
348012 1 286
348014 1 121
348020 1 245
348031 7 1254
348033 4 230
348050 4 1451
348065 10 1711
348870 18 307
348877 22 513
349008 1 280
349994 318 8773
350201 2 352
350226 6 338
350357 2 4293
350479 12 11696
354266 2 317
355028 9 415
357061 10 327
357069 1 130
357323 43 5269
358062 19 272
360167 11 186
361838 20 1062
366606 21 1574
367649 1 78
367686 5 79
368935 1 98
371031 5 193
371265 1 201
371934 10 513
371966 10 513
372000 6 415
372019 1 229
372020 6 413
372022 1 276
372063 2 136
372065 1 352
372066 2 505
372091 3 301
372096 1 113
372110 1 457
372120 6 576
372121 1 234
372144 7 1699
372217 1 179
372219 1 658
372221 1 349
372237 1 301
372244 1 155
372256 1 305
372258 16 4260
372261 11 720
372265 1 750
372276 2 528
372278 111 28092
372279 12 5420
372280 3 5317
372281 10 5554
373062 25 384
373077 13 421
373164 3 693
373276 1 177
373329 6 572
373359 9 420
373428 1 221
373834 12 44460
374533 57 727
374636 2 135
374669 7 429
374672 1 231
374713 15 132
374826 4 258
374843 6 327
374874 1 307
374880 3 175
374881 5 148
374882 3 266
374885 1 299
374886 7 460
377935 2 3616
378178 11 611
378223 3 150
379322 4 409
379423 10 911
379425 1 251
379556 1 170
379605 6 285
380406 4 448
380857 1 212
381280 10 315
381391 3 279
381506 2 284
381705 7 105
383978 1 165
383986 23 2003
385843 11 177
386479 14 519
387446 9 363
388703 9 204
388789 2 212
388915 7 126
389091 6 92
390452 4 86
393550 16 30891
393722 3 1292
393724 5 2280
393727 8 342
393739 3 417
393740 1 264
393741 9 307
393742 138 2994
393743 114 2166
393747 55 58177
393750 1 150
393789 10 1407
393791 4 293
393795 6 269
393799 2 295
393808 5 665
393811 7 330
393812 1 226
393817 2 300
393835 2 254
393837 1 240
394234 5 1653
394715 2 576
394765 5 348
394898 53 26758
394907 12 3529
394961 1 354
395132 1 171
395233 4 124
395242 31 23266
395251 4 412
395584 32 8890
395585 78 30629
395928 38 691
400254 2 375
403576 1 480
405363 16 319
405749 22 516
407631 4 321
408359 5 401
408741 10 1245
413266 3 471
414526 3 58
418018 1 31
421402 3 961
421975 2 74
425323 3 446
425551 5 519
425884 5 745
427839 1 203
428066 13 541
428318 10 897
428795 1 119
429041 12 167
431376 3 99
431949 19 752
431963 1 116
432666 1 190
432700 8 766
434811 13 781
435278 1 72
436407 9 723
439065 4 132
439358 2 157
439746 8 447
439909 1 253
440475 1 365
440862 30 514
442348 4 581
442465 1 106
442619 10 757
450025 15 961
453674 1 429
454319 1 716
454617 5 2512
455018 5 287
455358 1 443
456199 10 660
456894 2 738
457116 1 143
458102 8 84
458430 8 421
459054 1 649
466339 10 682
472168 3 81
472366 5 372
477191 3 87
479532 12 154
483151 5 763
484628 2 1519
489200 1 120
495717 45 594
496302 7 613
498144 1 528
499461 45 1140
500376 25 443
502043 8 1345
503241 1 212
505032 8 543
507503 1 223
508027 2 45
508225 1 112
508489 24 789
508954 2 218
512497 18 1672
515767 1 60
519609 6 188
519698 1 297
520610 7 272
520969 18 451
522433 2 703
523426 7 413
525223 6 90
525606 1 2915
526399 23 813
