33 1 19382
1169 6 545
1646 3 55438
2032 1 399
3492 1 1768
4197 2 1013
7532 1 435
9095 2 1687
10367 1 3061
11321 1 428
11737 1 3608
12231 1 693
12235 1 299
12320 2 336
12321 8 527
12322 5 462
12326 2 296
12327 1 457
12328 4 316
12611 3 1305
12985 1 7361
15110 1 257
17245 1 506
17268 1 460
19711 1 305
19751 1 590
19756 3 410
19757 1 445
19758 1 448
19761 3 414
19762 2 573
20446 2 631
20447 1 304
22072 1 574
22077 1 576
22355 1 500
24446 3 578
24450 2 321
24456 2 528
24457 7 483
24458 2 244
24459 2 500
24464 2 371
24466 3 561
24475 3 477
24478 1 448
24479 2 571
24481 3 372
24482 7 354
24484 9 502
24492 2 528
24499 2 364
24503 4 381
25812 1 457
25849 1 220
25850 3 405
27128 2 272
27149 3 497
27163 1 383
27986 3 423
28461 4 5536
29481 1 309
30744 1 670
30967 1 128
31615 1 598
33797 2 2041
33799 1 246
34251 1 723
34277 6 296
34294 7 418
34295 2 410
34303 2 722
34722 1 13257
39710 25 2655
39711 1 2291
39712 1 5030
40257 2 875
43076 4 325
43078 2 393
45917 3 6305
46453 2 490
53096 2 6232
54001 1 2174
55371 1 52248
56149 3 102
62309 8 172
66309 1 666
71046 1 201
79946 2 339
81176 1 141
82414 6 271
82947 1 348
101420 1 183
102638 5 587
115713 1 222
122786 1 574
130280 1 45
130910 6 163
130995 6 162
131037 1 196
139204 1 266
149588 2 599
149596 3 877
152089 4 122
154474 1 182
156678 2 174
161067 1 240
161101 1 279
165790 2 596
177763 1 158
180452 1 178
183715 1 176
183717 7 212
186206 3 487
186367 5 137
192735 1 102
192947 13 237
192996 1 211
204523 1 737
208830 1 554
215827 1 161
223118 1 182
226473 3 794
242988 9 522
250763 2 773
250765 1 118
250962 1 103
260376 1 106
326165 1 1159
327226 2 269
350267 3 233
350270 2 195
362129 12 279
372069 1 247
374906 6 200
374912 2 224
374950 2 220
396707 1 72
422115 1 471
426663 1 99
432940 2 103
436100 1 602
436334 1 3020
436637 1 119
449182 1 128
458662 2 105
459934 1 47
469235 1 133
469486 1 160
473986 1 344
474408 1 97
474559 3 369
474689 2 268
475010 1 120
476063 1 336
476895 2 643
476986 4 1017
479495 1 882
480587 1 698
484530 1 358
484739 2 51
485219 1 265
488154 3 75
489261 1 98
490339 2 290
490477 1 448
491883 1 926
491919 1 402
492072 3 334
492260 1 354
492664 1 584
492729 1 152
493139 1 522
493956 1 261
497487 1 523
497900 2 517
498327 2 537
499555 2 107
499589 5 106
499662 1 182
499745 1 528
500381 1 659
502176 1 306
502436 2 705
502750 1 563
503186 10 321
504074 9 241
504829 3 1220
505111 5 1150
505959 1 550
509698 1 306
519238 3 136
528076 1 438
231 1 518
774 1 344
1646 12 55438
2032 1 399
4421 2 5382
4635 1 527
7095 17 2164
7532 1 435
7868 2 292
10367 1 3061
10506 1 300
11103 1 333
11321 1 428
12985 4 7361
13464 20 406
17245 1 506
17268 1 460
19765 1 380
20446 1 631
21614 1 32241
22355 2 500
25812 1 457
25847 6 577
25849 3 220
25933 6 645
25936 4 285
25938 2 415
25940 2 283
27388 9 390
28461 2 5536
34828 2 626
37052 1 496
37055 2 393
37062 1 633
37066 2 446
37067 1 537
39600 3 550
39712 25 5030
40021 4 424
41653 2 410
47466 1 586
50682 20 32839
55371 1 52248
62297 5 539
71224 1 127
82659 1 77
84304 2 37
87831 1 380
99106 1 110
113440 2 108
126936 1 47
128008 1 436
128029 6 173
131681 1 555
132713 1 98
133135 7 577
134786 1 227
135428 2 126
136749 6 216
136757 6 215
140082 2 657
146468 3 366
147895 1 102
148080 1 592
153565 1 260
162822 2 60
165079 1 242
170972 2 53
174600 3 139
183308 2 748
183496 1 226
185488 1 80
190102 1 690
195008 1 71
207091 1 203
207884 2 66
207950 1 384
208604 1 47
209155 1 196
209791 1 51
210941 1 99
213375 1 181
217725 4 497
217922 3 511
227300 2 558
228562 3 216
232224 4 530
235433 1 124
235585 8 250
236392 1 115
241383 4 303
245788 2 40
248551 2 579
254543 1 293
260404 1 47
263151 1 38
264675 1 1329
264882 1 1306
265816 5 25803
265854 7 21100
268412 10 194
268765 7 100
269871 2 121
269881 1 1144
270310 8 205
271486 2 73
271753 9 116
271830 3 119
272274 1 257
275206 1 201
282736 1 76
286522 1 246
286567 1 995
286849 4 685
287240 1 251
287906 4 5750
288039 3 238
289634 18 724
289636 11 410
289637 13 412
289976 4 3486
290095 1 1992
290098 11 716
292026 16 5959
292263 4 154
294417 3 88
294454 5 139
295862 7 5013
297365 1 393
298695 1 435
301608 1 1075
301865 1 18367
303734 4 25485
306538 1 2068
306586 3 816
307453 12 49380
307527 3 1142
307870 3 816
308407 2 649
308462 1 1440
308513 1 8438
308789 3 3638
308827 3 3641
308841 14 982
308919 2 13545
308973 2 13545
311419 1 141
319827 1 388
319876 1 388
321975 9 2794
322920 1 581
325503 5 289
326120 9 478
326123 21 14885
326129 8 67196
326196 1 241
327363 1 791
327394 1 22044
330245 2 4448
330254 1 163
330460 5 272
330657 2 134
330847 2 183
330884 3 3321
331058 1 154
331245 1 319
331270 31 605
331386 1 108
332408 2 105
332432 11 2585
336953 8 387
338373 2 100
346458 13 167
347699 9 374
347837 30 63219
347838 1 6657
347869 1 47445
348767 14 638
349699 15 1047
349700 9 629
349866 16 710
349867 31 960
349942 1 1760
350328 1 1425
352036 8 250
352450 19 5502
352627 2 2778
353198 5 209
353428 12 250
353774 3 159
354336 8 748
360660 1 2514
363820 1 78
367705 1 74
371843 16 445
372279 1 5420
372406 1 14595
373014 3 3572
373158 4 479
373834 1 44460
380390 7 100
380905 3 283
383320 2 189
385149 1 87
391501 1 246
394730 2 976
394768 1 402
394791 4 117
394898 3 26758
395826 2 153
395827 2 251
395829 19 458
395862 2 277
396258 2 38258
396707 1 72
397977 7 393
401713 2 320
402003 2 1140
404173 1 378
404345 1 288
405630 1 467
405856 7 469
409728 1 169
411163 1 555
411497 2 279
412255 1 829
413056 2 306
414394 1 151
414399 1 1095
414567 1 479
415602 2 413
416014 6 234
417301 2 178
417890 2 84
420509 1 585
421270 1 332
421871 1 554
421955 1 720
422117 1 436
422756 1 315
422778 1 272
422859 1 242
423086 1 99
423860 2 434
424027 1 90
426602 3 171
426663 3 99
427169 2 98
429867 1 48
431572 2 694
432723 2 201
432940 2 103
435207 2 332
436288 1 76
436334 2 3020
436637 2 119
437707 1 984
438597 2 245
439087 11 457
441723 2 645
442918 1 596
444777 9 214
445466 1 858
446815 2 819
447681 21 1272
448222 2 604
449007 3 613
449182 1 128
451557 3 574
452236 2 148
452490 3 136
454891 1 425
456812 2 189
457930 3 101
458662 2 105
459204 2 397
459333 1 423
459934 1 47
462826 7 324
463803 4 516
464553 3 130
464620 3 129
464643 4 298
464879 10 747
466451 2 524
468907 2 2006
469176 2 75
469235 2 133
469486 3 160
470497 1 115
471528 2 499
471539 2 653
471749 1 147
473560 1 471
473942 14 588
474050 1 1184
474154 1 76
474305 2 1015
474408 2 97
474559 12 369
474689 7 268
475010 4 120
476063 5 336
476176 4 231
476895 4 643
476986 13 1017
479495 1 882
480587 1 698
480917 7 202
480926 3 501
483994 2 143
484530 1 358
485219 1 265
487375 2 209
487538 2 103
488996 1 875
489261 1 98
489711 1 928
489813 1 404
490339 6 290
490477 1 448
491883 1 926
491919 1 402
492072 8 334
492260 1 354
492664 1 584
492729 1 152
492896 2 388
492909 1 323
493139 1 522
493956 1 261
495598 1 167
496811 1 67
497487 1 523
497767 1 398
497779 2 311
497900 2 517
498146 2 338
498292 1 460
498327 2 537
499555 3 107
499557 2 718
499662 1 182
499745 1 528
500105 2 357
500381 1 659
501798 3 135
502176 1 306
502381 1 744
502436 4 705
502590 2 259
502750 1 563
503946 1 138
504829 7 1220
505111 8 1150
505959 1 550
506990 1 159
506996 1 104
507477 1 153
507513 14 232
507913 1 510
509698 5 306
509999 1 659
510362 3 291
510836 1 407
512465 1 768
514276 5 537
514964 1 80
515521 3 393
515682 2 274
516703 4 139
516921 3 399
519238 9 136
519585 3 303
520089 2 487
520963 1 446
524741 1 89
524835 3 65
525308 2 96
525989 1 1589
526629 3 474
528076 1 438
