30 14 3050
31 13 12233
32 14 9957
33 103 19382
34 9 2289
35 6 949
185 9 291
301 21 563
302 4 197
405 6 333
826 15 327
830 7 232
831 21 478
1646 2 55438
1813 8 636
1880 11 383
2232 53 3252
2344 18 348
2633 2 450
2951 8 545
3200 8 256
3210 11 456
3289 8 368
3428 2 366
3432 1 258
3471 23 661
3504 23 1027
3777 11 361
4064 46 3618
4118 6 293
4387 9 1363
4421 209 5382
5232 8 548
5816 4 145
6033 17 982
6350 22 232
6715 23 1359
6716 18 1016
6859 11 354
7131 1 168
7139 9 477
7354 8 483
7356 24 1743
7358 1 205
7529 6 309
7530 5 300
7903 4 246
8012 8 566
8126 9 98
8128 3 59
8203 8 543
8204 7 477
8246 5 786
8363 22 635
8364 22 647
8856 15 351
8857 12 323
9166 873 17203
9253 5 309
9383 19 972
10168 19 343
10169 20 399
10170 20 348
10171 19 338
10172 19 354
10173 19 365
10360 8 575
10526 7 357
10887 6 290
10888 5 291
10889 5 309
11671 12 348
11737 3 3608
11769 8 702
12048 9 456
12327 2 457
13397 1 177
13853 20 366
14058 14 462
14188 20 389
14508 6 316
14509 7 443
14510 7 422
14711 13 440
14840 2 293
14857 9 608
14858 11 504
14859 7 518
14860 7 470
14861 8 525
14862 7 468
14863 7 536
15105 6 296
16239 4 112
16838 14 308
16863 3 113
16869 3 115
17867 7 799
17868 7 532
17869 7 526
18253 20 383
18289 4 126
18354 5 443
18361 12 431
18717 13 242
18718 6 369
18820 8 491
19142 1 403
19147 1 353
19159 19 344
19160 18 328
19161 18 342
19163 20 489
19164 10 248
19165 15 637
19166 25 497
19167 26 539
19391 7 586
19705 2 401
19868 12 800
19869 11 407
20132 1 332
20247 18 1342
20731 9 166
20732 5 290
20812 1 148
21459 1 16007
21864 1 436
21916 22 761
21917 24 799
22068 43 1844
22350 10 536
22356 20 709
22681 12 369
22685 20 706
23335 18 480
23336 15 461
23337 9 327
23338 12 624
23363 2 218
24436 17 346
25090 13 329
25097 1 354
26031 2 334
26051 23 1453
26140 8 611
26141 7 494
26386 5 282
26495 4 251
26728 6 348
27360 12 454
27407 4 113
27504 18 331
27607 2 438
28052 1 376
28232 3 57
28461 1 5536
28667 9 2052
28853 84 3522
29546 22 602
29709 12 329
29958 23 629
29960 7 445
30686 3 4151
31029 19 352
31053 3 123
31104 15 846
31204 2 478
31206 1 322
31208 1 180
31289 6 334
31509 43 972
31614 7 532
31615 8 598
31846 10 5130
31937 11 332
32351 11 171
32354 5 321
32355 5 326
32455 29 1542
32456 25 2583
32913 20 347
32916 3 327
33134 6 314
33171 7 454
33786 3 348
33787 7 346
33799 11 246
33973 5 293
34128 1 166
34144 5 320
34145 5 338
34146 5 325
34304 2 717
34584 6 301
34722 186 13257
34834 28 1287
34880 1 411
34901 7 415
34988 9 676
34989 7 471
35324 6 321
35325 7 419
35326 5 312
36169 16 483
36170 21 589
36173 21 601
36174 21 586
36176 21 591
36177 21 634
36178 5 317
36391 37 10294
36555 1 322
36576 2 370
37028 8 501
37197 23 627
37220 1 306
37447 16 336
38046 22 356
38067 3 111
38743 33 2241
38746 13 427
38748 9 386
38749 4 144
39125 4 309
39194 9 1496
39398 22 621
39579 5 458
39650 7 430
39651 9 129
39710 19 2655
39711 88 2291
39712 14 5030
39713 91 3484
39881 5 301
40256 16 844
40359 2 4913
40571 3 583
41019 4 120
41142 19 378
41171 26 499
41182 26 480
41549 20 925
42067 4 128
42325 5 425
42507 1 439
42526 6 356
43193 11 362
43815 1 437
43832 28 484
43833 21 483
43835 9 252
44192 6 294
44193 6 391
44511 10 258
44512 11 433
44867 5 113
45142 28 344
45296 6 304
45297 19 363
45298 18 388
45299 21 361
45307 8 278
45917 37 6305
45947 262 11759
46011 10 603
46012 7 431
46322 17 506
46419 1 621
47642 1 11472
48884 40 1709
48960 1 403
49281 5 302
50048 15 258
50224 4 194
50560 18 3018
50682 7 32839
50683 1 9266
50947 3 282
50965 4 392
51474 7 565
51475 7 820
51705 68 1921
52316 3 117
52738 8 596
53011 50 1599
53096 208 6232
53892 15 251
53893 7 219
54184 5 407
54383 14 385
55371 13 52248
56693 8 536
56696 5 382
56778 4 558
57098 2 270
57190 3 44
57463 2 35
57629 1 489
57708 2 147
57960 6 176
58225 6 193
58271 8 387
58717 5 1215
59313 3 411
60510 2 469
61109 1 28
61768 1 236
61894 1 203
62291 11 388
62978 5 167
63087 2 29
63093 2 27
63135 13 608
63615 24 764
63847 3 307
63882 11 383
64143 5 112
64189 2 394
64456 7 221
65017 19 582
65127 14 549
65343 14 586
66016 2 165
66097 3 205
66185 6 111
66475 1 489
68433 1 118
70178 3 50
70238 10 509
71907 3 163
72802 2 71
73068 3 90
74873 2 35
75515 8 457
75528 4 595
75592 20 426
75677 12 215
77003 7 173
77257 7 311
77347 5 203
77934 9 238
78990 6 192
79171 4 363
79740 5 298
79798 4 231
79863 1 106
80054 3 560
80055 1 494
80265 10 562
80736 5 289
81800 4 360
81827 15 966
81966 21 704
81990 4 118
84937 22 404
85877 4 67
86163 2 27
86248 3 103
87702 8 192
87837 7 234
87853 1 735
88347 1 232
89334 3 26
89618 1 408
91233 5 218
92303 23 568
92359 10 427
93535 7 209
93875 2 277
94244 5 81
95200 2 199
95534 7 253
96490 8 147
97097 4 201
97142 15 610
98544 2 33
98728 7 219
98748 1 86
98751 4 164
98837 8 314
98849 4 140
99211 12 747
100639 9 201
100867 7 363
101451 2 192
102363 14 643
102636 9 199
102719 8 500
102720 22 506
102721 23 551
102722 19 613
102723 8 679
102724 15 746
102725 12 481
103047 9 233
103073 14 652
103561 1 138
104283 3 1034
104594 5 159
106693 3 1039
106707 20 534
107446 17 558
108155 2 40
109189 2 55
109957 9 210
110443 9 231
110751 10 264
110820 2 123
111301 13 741
112340 1 456
112904 7 249
112989 13 544
113062 1 179
113284 7 265
113753 25 795
114138 11 202
114331 3 340
114625 3 210
114657 2 423
115207 5 148
115704 5 519
115932 14 525
116182 2 28
116340 1 250
117184 2 87
117400 4 317
117544 4 173
117617 8 433
117929 26 995
118165 5 153
118534 14 275
118598 31 787
118705 1 71
119145 13 484
119347 3 33
119619 11 209
120017 4 287
120846 4 80
120928 8 408
122322 2 115
123873 17 523
123984 4 120
123999 8 258
125291 1 177
125613 3 250
125876 4 66
126368 3 375
126763 6 181
127060 7 230
127317 7 247
127386 7 226
128721 3 45
128918 13 341
129175 9 363
129670 11 504
129872 2 191
130088 2 214
130138 8 279
130587 2 224
130787 14 391
130826 3 349
130851 6 104
130858 10 202
131029 6 349
131048 1 172
131279 7 171
131281 6 415
132114 1 86
132734 5 1012
133231 1 161
133986 6 187
134148 8 286
135477 13 516
136162 3 58
136686 6 236
136962 3 185
137012 12 362
137212 8 189
137696 3 115
137769 19 732
137980 18 570
138457 1 1123
138903 2 196
139171 5 118
140375 7 223
140574 7 215
140867 4 244
141629 1 462
141825 20 803
141845 21 772
141940 6 179
141944 2 490
141983 3 261
142389 4 281
142457 2 281
142711 2 583
143867 2 206
143890 5 96
143892 7 148
143973 6 263
144036 1 311
144420 11 605
144973 1 609
145262 4 189
146239 8 267
146415 19 487
147216 4 120
147679 2 124
148196 3 217
148439 2 417
148534 12 321
148759 8 467
148970 5 100
149108 3 70
149465 1 154
149701 1 887
149990 2 324
150131 3 929
150530 10 233
150881 1 291
150994 1 65
150996 2 102
152495 7 146
152500 7 156
152631 6 654
152671 1 160
152852 7 474
152861 7 160
152912 2 265
152949 7 208
153169 6 179
153586 3 131
153682 2 101
153722 3 200
153774 14 662
153775 7 652
153776 9 583
153777 3 581
153778 12 588
153779 10 445
153780 12 621
153781 6 525
153782 8 689
153783 11 624
154155 12 823
154158 1 170
154203 3 184
154263 12 559
154432 14 329
155240 5 217
155311 3 70
155821 3 159
156269 8 562
156393 2 50
156751 13 792
157274 2 167
157480 7 346
157704 6 252
157706 11 395
157975 2 44
157981 4 289
158157 2 110
158159 4 378
158164 5 415
159216 12 625
159954 14 670
160194 8 362
160412 4 168
160772 4 507
161105 10 385
161107 2 265
161377 3 310
161954 29 705
161990 2 51
162255 18 474
162474 5 280
162775 5 101
163493 4 212
163606 2 389
163615 1 596
163779 2 235
163915 2 68
164803 20 386
165065 1 69
165154 4 194
165352 7 176
165989 5 271
166260 3 138
166552 10 268
166606 12 545
166701 8 327
166703 4 157
166752 4 129
166823 3 153
166938 9 320
166978 2 204
167107 2 47
167244 11 292
167463 3 52
168427 11 763
168753 8 418
168923 23 504
169247 21 745
169634 5 172
169775 14 765
169892 7 156
170148 9 703
170255 1 187
170780 3 136
170835 3 190
170989 3 130
171057 7 433
171082 6 179
171195 1 166
171200 12 259
171639 5 410
172168 3 239
172468 3 161
172728 13 498
173347 2 61
173359 6 252
173369 6 221
173916 3 446
173923 4 547
173994 3 426
175183 6 190
175279 13 221
175390 9 246
176053 4 159
176146 7 293
177788 16 782
178432 13 633
178596 24 461
178653 6 226
179225 1 602
179435 8 531
179541 2 1136
179885 6 205
179977 1 250
180249 13 525
180477 7 212
180982 6 222
181036 6 626
181377 7 474
181384 11 413
182465 4 102
183308 5 748
183532 7 248
183591 14 475
184041 10 288
184060 2 110
184245 6 543
184302 23 748
185122 16 691
185733 14 640
186187 4 393
186401 4 298
186507 2 193
186509 4 142
187833 3 198
188087 4 245
188125 7 493
188632 19 254
189237 8 223
189302 6 210
189653 4 178
190395 16 670
190414 16 887
190487 3 222
190593 5 186
190679 15 700
190834 19 649
190918 2 554
190965 4 275
192738 8 534
193490 6 429
193748 11 287
194437 24 777
194963 1 542
195346 5 179
196008 26 734
197550 3 234
197729 2 597
198464 5 288
198556 2 156
199082 10 757
199096 7 225
199492 6 225
199669 7 236
200197 8 426
200279 11 221
200434 5 278
200661 12 476
201149 2 485
201234 7 256
201428 9 188
201701 5 140
201875 13 357
202112 13 189
202209 9 512
202210 4 212
202240 2 147
202372 5 209
202844 11 707
202845 16 371
202945 12 507
202976 1 62
203140 7 265
203354 3 71
203537 6 197
204413 26 859
204879 1 311
205517 9 286
205663 9 687
205937 1 225
206108 7 136
206190 6 256
206995 2 197
207229 6 153
207314 6 236
207402 2 380
207915 5 166
208500 3 388
208667 2 255
208887 1 252
209086 2 548
209285 16 349
209389 10 226
209431 1 680
209616 18 482
209662 2 108
210436 18 507
210518 6 334
210583 19 518
210584 19 936
210585 7 693
210586 20 684
210587 2 191
210588 14 546
210589 1 274
210590 13 995
210591 22 798
210592 4 609
210593 15 581
210594 20 1354
210709 12 259
210824 4 364
210938 3 165
210941 3 99
211953 2 364
213509 13 189
213517 10 139
214485 8 272
215164 1 486
216096 3 189
216571 10 764
216758 8 424
217350 4 520
218081 7 212
218410 36 819
218854 12 342
218987 4 144
219373 7 224
219376 11 288
219506 3 79
219509 5 125
219907 1 789
219937 2 481
219958 6 542
220156 18 522
220161 2 216
220718 8 554
220721 15 539
220723 9 734
221447 6 560
221604 1 530
221706 29 852
221806 30 873
222004 6 331
222011 9 367
222492 1 174
222607 1 81
223139 22 695
223388 12 624
223741 2 145
224302 5 285
224492 2 50
224610 2 152
224812 5 284
224886 6 229
224891 6 229
224963 17 838
225082 1 77
225746 11 228
226363 1 104
226996 8 229
226997 14 436
227198 28 692
228870 3 296
229320 8 314
229370 10 320
229371 3 612
229501 3 284
229777 17 683
230392 4 112
230559 8 513
231850 3 223
231953 1 142
231985 5 155
232352 6 448
232728 8 356
232833 29 793
232986 1 86
233769 1 67
233814 4 89
234142 8 1197
234359 18 860
234381 11 232
234413 8 240
234444 11 281
234758 5 207
234910 4 169
235209 1 602
235259 10 613
235334 5 268
235689 1 163
236342 5 329
236420 4 216
237117 7 513
237309 15 356
237342 8 268
237821 1 189
238148 9 923
238152 8 506
238743 4 231
239121 7 203
239366 5 162
239371 8 201
240172 10 651
240264 6 246
240410 8 446
240461 4 259
240719 5 279
240785 15 501
241121 5 453
241163 4 188
241234 5 209
241479 12 229
241932 2 173
241945 7 603
242189 1 158
242845 14 548
242874 8 564
245144 4 597
246183 3 175
246304 15 389
246805 8 157
247244 4 125
247406 3 244
247443 1 210
247944 2 77
247951 10 332
248150 1 98
248874 4 144
249694 14 614
249976 7 317
250003 2 180
250645 1 90
251046 5 230
251213 4 722
251551 16 437
252377 2 235
252381 4 335
252847 2 433
253668 8 155
253729 1 189
253887 17 363
254027 6 203
254151 12 274
254243 6 183
254948 6 158
255140 1 46
255197 12 442
255372 4 233
255400 18 648
255960 1 53
256486 6 438
256998 11 289
257005 3 169
257275 8 373
257637 11 396
258598 5 177
259162 8 205
259825 4 276
260060 4 249
260380 3 231
261044 10 250
262917 6 661
263277 9 258
263819 4 289
263848 6 244
263960 2 111
264229 10 298
264692 2 133
264900 2 110
265234 10 271
265441 10 253
265816 1 25803
265822 3 5726
265854 1 21100
266625 1 290
268303 1 6782
269990 1 166
269996 1 6852
275487 5 155
275781 11 424
276030 10 163
276078 3 5007
277628 9 287
279096 2 5450
286208 1 1598
287180 2 569
287398 12 429
287407 9 182
287426 14 322
287443 18 252
287471 5 94
287510 10 167
287551 16 258
287565 18 329
287644 19 332
287660 30 846
287668 13 207
287683 18 297
287739 26 406
287746 3 114
287755 3 143
287760 31 718
287784 25 921
287836 57 1989
287877 21 226
287888 34 879
287892 16 148
288351 7 279
288451 5 160
289348 1 18428
290118 16 151
290440 3 15196
291792 64 1333
297054 19 372
297953 4 284
299377 9 178
300001 2 2382
301865 1 18367
302656 23 380
303734 4 25485
306237 1 26903
306337 3 2274
306390 19 317
306432 8 1093
306438 14 1008
306441 3 528
306460 13 786
306464 5 593
306468 2 261
306473 3 992
306517 3 488
306867 7 129
306884 6 546
306885 6 313
306892 124 1907
306940 9 442
306942 4 288
306950 64 1346
306970 20 316
306981 9 135
306990 8 219
307078 23 386
307135 8 284
307143 6 290
307168 13 299
307174 19 378
307176 30 444
307193 23 658
308513 1 8438
308607 23 661
308859 21 5677
308907 4 13313
308947 1 16976
308953 6 14138
308961 4 13313
309001 1 16976
309007 6 14138
316482 25 1212
317617 8 124
317736 6 309
317844 6 309
324443 3 456
325452 1 767
325535 1 6095
325540 23 3234
325769 8 112
325780 9 117
325785 42 705
325792 6 357
325795 38 760
325804 25 1218
325835 5 87
325846 34 1068
325889 5 87
325903 13 262
326007 26 328
326129 1 67196
326198 14 189
327160 8 945
327361 52 1715
327394 1 22044
329231 1 7437
329493 1 7227
329611 8 285
329792 9 118
330167 18 263
330597 22 220
331013 6 119
331269 9 249
336320 1 301
337285 5 163
337438 2 267
337441 2 143
337742 4 110
337941 13 159
338112 21 350
338427 13 656
338972 7 177
339853 26 385
340446 1 311
346035 13 937
347381 25 355
347738 1 2893
347837 11 63219
347838 1 6657
347869 1 47445
347886 1 384
348091 1 625
348343 9 289
348381 75 1414
348387 14 147
348400 10 176
348403 63 1670
348414 2 266
348461 23 340
348476 13 943
348487 5 175
348520 26 396
348531 16 261
348566 13 166
348571 21 352
348582 22 219
348590 7 94
348593 5 72
348604 15 185
348628 8 203
348664 13 664
348671 9 248
348692 21 309
348698 15 168
348700 25 352
349579 24 463
349695 14 2766
349742 63 1678
351472 1 245
352199 15 192
353875 13 149
354149 30 368
357868 15 406
359152 1 9815
360201 17 231
360597 19 296
360612 1 663
360660 3 2514
361264 8 271
361952 2 145
362085 6 338
363453 8 3056
363562 3 122
366260 8 152
368848 16 211
370322 22 304
370718 22 335
372278 1 28092
372406 2 14595
372540 19 308
372543 13 279
372581 26 280
372591 13 832
372633 39 832
372649 17 232
372671 15 197
372687 17 257
372701 8 154
372734 74 823
372757 22 305
372812 21 420
372833 14 240
372835 22 530
372848 33 506
372851 25 379
372856 54 836
372877 6 345
374014 3 80805
374942 5 482
374945 42 879
374994 2 13993
377254 8 154
383680 15 212
384116 17 1346
384602 10 3928
384666 14 499
385005 1 1472
385352 19 303
385980 3 3649
392035 4 394
393747 1 58177
393762 6 109
394209 10 697
394314 7 188
394383 21 314
394389 16 288
394393 34 735
394480 9 113
394494 47 922
394498 5 176
394510 15 214
394514 58 992
394540 6 111
394549 16 500
394685 25 792
394686 11 129
394701 23 638
395242 2 23266
395739 34 738
396419 15 759
396442 8 113
396488 4 1498
396563 11 2512
397296 2 141
397377 11 279
397736 11 152
397930 8 695
398284 7 544
398982 56 975
399133 26 794
399243 17 276
401502 5 126
401817 3 207
403109 1 597
403242 17 663
403572 8 142
403592 3 43
404190 33 635
404225 30 616
404662 1 213
404700 6 753
404876 2 43
404970 2 311
405023 23 623
405499 3 210
405711 15 294
406001 4 269
406206 4 131
406239 4 54
406359 8 95
406811 18 586
407061 4 58
407792 18 467
407919 18 450
409379 5 77
409613 4 158
410084 15 258
410366 9 102
411730 10 230
411772 27 551
412198 35 840
412408 14 220
412570 38 1304
413315 17 268
413531 21 297
415710 2 46
416119 4 386
417224 6 245
417432 13 361
418740 2 645
419234 21 343
419372 29 355
420251 11 242
420289 13 379
420506 11 127
420907 6 471
421105 12 184
421212 9 713
421286 5 113
421920 23 476
422273 26 543
423901 31 566
424419 36 526
424679 23 562
424927 13 137
425153 6 102
425998 6 171
426944 6 92
428216 19 575
429085 18 187
429294 4 48
429472 2 53
429485 17 393
429528 1 182
431554 22 849
432449 41 737
432707 12 164
433276 1 139
434755 1 217
435354 3 469
436408 1 1254
436595 8 95
436757 8 108
437285 11 229
437457 36 683
437962 1 76
439758 11 164
440237 2 231
440689 25 488
441294 5 68
441402 4 286
441499 3 228
441578 107 2452
442414 7 99
442441 10 145
442679 5 88
443758 3 384
445482 3 86
445740 3 50
446016 13 421
446658 2 46
447444 45 692
449254 7 1160
449496 4 52
449977 18 777
450348 8 84
451162 29 764
451507 8 343
451680 3 728
451686 1 648
452105 8 124
452913 25 811
453743 8 408
454505 57 1697
455035 58 1570
455923 7 144
456095 3 118
456218 10 337
456808 4 1436
457269 36 1139
457338 20 314
458160 2 52
458765 1 139
459017 2 422
459665 3 41
459917 5 91
460764 1 563
461490 2 48
461898 10 528
461964 12 365
462006 10 138
462301 7 104
462418 1 73
462770 13 170
463069 29 1263
465002 3 41
465027 15 453
465334 18 550
465790 36 717
466786 5 767
467279 4 61
467891 8 104
468524 2 508
468969 3 229
469226 35 1014
469381 12 146
469684 8 90
470058 6 76
470293 6 469
471862 10 90
471874 10 115
472505 11 100
472744 1 87
472917 6 139
474338 21 1136
474489 7 87
475440 16 419
476250 27 3982
477205 2 52
477409 21 518
477582 2 387
477876 20 293
478205 5 238
478566 27 446
479374 2 82
479640 1 91
480711 24 556
482319 61 970
482798 15 498
483237 3 111
483343 4 637
484105 6 94
484360 35 933
484596 34 586
484645 33 571
484759 13 330
485014 8 433
485037 71 1727
485759 4 48
485826 14 788
486239 5 71
486699 13 157
487069 1 839
487195 31 478
488499 4 99
488844 1 692
488918 47 716
489018 39 931
489381 6 63
489385 2 35
489638 1 312
489779 8 117
489955 1 283
490159 4 118
490503 5 210
490759 1 298
490843 5 196
491320 1 319
491520 43 660
491766 46 2223
492032 9 196
492061 5 88
492359 30 449
492693 19 458
493196 2 330
494141 39 781
494742 6 393
494999 11 142
495063 1 93
495597 5 227
495851 24 520
495889 9 334
496767 13 193
497013 8 2261
497977 18 456
498775 1 380
498805 38 667
499350 2 429
499713 1 174
500126 6 93
500224 7 98
500753 4 77
501658 17 534
503370 19 449
505239 21 492
506459 1 63
506486 24 424
507118 5 1918
507615 46 1338
508568 5 73
509450 6 508
509456 28 420
512023 7 106
512349 5 85
513027 50 912
514242 2 389
514520 19 773
514636 1 880
514721 4 45
514860 6 62
515512 13 330
517348 6 54
518799 21 363
519631 6 88
521166 20 293
521399 7 337
521411 6 74
521546 4 101
522007 12 233
522012 4 66
522746 4 48
524002 14 647
524015 8 112
524205 2 216
525164 13 388
525218 10 290
525868 4 100
526114 3 44
526310 2 1587
527283 3 91
528062 17 2803
528067 5 145
30 1 3050
2641 1 17392
3913 5 230
5413 1 335
6996 34 385
7004 36 260
8363 1 635
8364 1 647
8742 2 330
9166 27 17203
12709 5 20008
13912 1 17501
19163 18 489
19164 6 248
19165 24 637
19166 11 497
19167 7 539
20812 5 148
21273 31 401
21459 1 16007
21614 2 32241
22356 13 709
22685 13 706
23335 10 480
23336 11 461
23337 7 327
23338 10 624
27360 19 454
28461 1 5536
29546 1 602
29958 1 629
30446 5 12899
33164 2 690
35600 50 436
35604 33 369
35605 36 368
35608 36 367
35609 36 384
35610 30 360
35611 29 333
35612 36 419
36170 1 589
36173 1 601
36174 1 586
36176 1 591
36177 1 634
36555 8 322
36802 3 29903
37078 53 517
37197 1 627
38746 10 427
38747 8 370
38748 2 386
38749 6 144
39398 1 621
41142 2 378
42540 1 262
44366 46 12535
45307 7 278
45917 1 6305
45947 1 11759
46871 28 256
46873 28 285
46875 54 482
46888 38 288
46894 22 225
46900 44 354
46906 23 238
46912 22 232
46917 1 10490
52214 3 64459
53893 1 219
55371 10 52248
56052 2 840
56611 2 608
56778 2 558
58271 6 387
58717 3 1215
59313 1 411
60084 5 45
60452 3 38
61894 1 203
62291 1 388
63135 3 608
63615 4 764
63847 2 307
64143 4 112
64189 2 394
64456 11 221
64507 5 278
65017 2 582
65127 9 549
65432 2 32
66016 1 165
66185 5 111
66475 1 489
68433 3 118
69821 2 24
69972 2 25
70238 5 509
72802 4 71
73068 1 90
75155 4 50
75515 8 457
75520 4 64
75528 4 595
75592 6 426
75677 2 215
77003 8 173
77257 7 311
78546 11 325
79171 6 363
79740 3 298
79798 5 231
79863 1 106
80054 1 560
80540 10 125
80736 2 289
81800 5 360
81827 6 966
81990 2 118
84733 4 49
85877 1 67
86248 7 103
87702 5 192
89618 1 408
90373 11 128
91233 7 218
92303 7 568
92359 2 427
93524 18 191
93535 8 209
93738 3 57
93875 1 277
94463 5 174
95200 1 199
95653 3 34
96059 1 428
96492 3 35
97097 3 201
97711 3 193
97851 2 28
98728 3 219
98748 4 86
98822 2 278
99211 2 747
99757 2 205
99966 9 125
102199 8 88
102719 5 500
102720 5 506
102721 31 551
102722 1 613
102723 11 679
102724 10 746
103073 1 652
103561 1 138
104283 5 1034
104594 2 159
106365 3 60
106693 7 1039
106707 4 534
108396 6 55
108432 10 131
109957 9 210
110443 11 231
110751 2 264
112340 1 456
112989 1 544
113062 7 179
113284 7 265
113719 1 242
113753 1 795
114138 1 202
114331 2 340
114657 2 423
115207 1 148
115273 5 61
115704 3 519
115932 8 525
116340 1 250
117184 3 87
117400 4 317
117544 1 173
117929 31 995
118165 5 153
118534 4 275
118980 2 27
119145 1 484
119857 1 128
120017 2 287
120846 1 80
120928 3 408
121615 5 144
121800 1 403
122225 2 39
123873 2 523
123984 3 120
124094 4 46
124238 3 31
124495 4 39
124881 1 80
125032 10 91
125078 4 44
125613 1 250
126368 2 375
126763 7 181
127060 5 230
128719 13 297
128752 3 404
129175 1 363
129670 1 504
129872 2 191
130088 2 214
130138 5 279
130587 2 224
130787 3 391
130826 8 349
131029 1 349
131048 3 172
131279 2 171
131281 7 415
131327 2 376
132114 2 86
132318 4 667
132418 2 513
132734 1 1012
133148 6 74
133231 1 161
133986 3 187
134148 14 286
135477 2 516
136962 3 185
137012 13 362
137212 2 189
137696 2 115
137852 3 40
137980 21 570
138059 1 374
138073 6 84
138457 7 1123
138903 1 196
139171 5 118
139232 2 34
139435 3 41
139637 3 42
140375 9 223
140574 3 215
140921 2 702
141629 1 462
141825 3 803
141845 19 772
141940 2 179
141944 3 490
141983 1 261
142198 9 259
142711 8 583
143867 3 206
143890 1 96
143892 1 148
144420 1 605
144604 10 129
144879 4 47
144973 2 609
146239 1 267
147216 2 120
148410 5 67
148439 5 417
148534 16 321
148759 2 467
149701 18 887
149925 2 176
150131 13 929
150530 5 233
150881 2 291
150994 3 65
150996 2 102
152495 2 146
152500 2 156
152631 3 654
152671 2 160
152852 4 474
152861 1 160
152912 1 265
153169 3 179
153682 1 101
153722 12 200
153774 1 662
153775 2 652
153776 1 583
153777 1 581
153781 2 525
154155 6 823
154158 5 170
154263 6 559
155240 1 217
155358 11 220
155821 3 159
155956 14 510
156036 2 71
156269 9 562
156751 1 792
157480 5 346
157704 2 252
157981 2 289
158157 3 110
158159 2 378
158164 4 415
159216 1 625
159954 5 670
160380 3 69
160412 4 168
160417 1 93
160772 3 507
160974 11 153
161105 1 385
161377 1 310
161840 2 144
162255 13 474
162261 6 100
162474 8 280
163606 4 389
163615 14 596
163915 4 68
164692 8 94
164803 6 386
165065 2 69
165154 2 194
165352 2 176
165379 1 217
165687 1 212
165989 3 271
166260 1 138
166552 6 268
166606 9 545
166701 9 327
166703 4 157
166752 4 129
166938 13 320
166978 1 204
167244 4 292
168427 4 763
168923 5 504
169247 1 745
169634 2 172
170148 3 703
170255 1 187
170780 1 136
170835 4 190
170989 2 130
171057 3 433
171195 1 166
171639 4 410
172380 1 70
172728 3 498
173070 7 93
173359 4 252
173369 4 221
173916 3 446
173923 3 547
173994 4 426
175183 4 190
175279 4 221
175390 4 246
176053 2 159
176146 3 293
176667 1 159
176988 7 195
177788 3 782
178432 5 633
178596 2 461
179225 4 602
179435 1 531
179541 5 1136
179885 5 205
179977 1 250
180249 1 525
180982 2 222
181036 1 626
181377 3 474
181384 3 413
182108 1 170
182465 2 102
183211 1 199
184041 3 288
184060 1 110
185122 9 691
186187 7 393
186507 1 193
186509 2 142
186896 1 199
187798 3 253
187833 1 198
188087 1 245
188125 2 493
189302 4 210
189653 1 178
190352 8 274
190395 5 670
190414 1 887
190487 1 222
190679 3 700
190693 1 214
190918 5 554
190965 4 275
192631 1 239
193490 2 429
193748 4 287
194963 5 542
195346 7 179
195788 5 115
196008 7 734
197550 3 234
198464 5 288
198556 4 156
199096 1 225
199492 2 225
199669 2 236
200197 2 426
200279 1 221
200434 1 278
200639 1 248
200661 4 476
201149 4 485
201329 4 239
201875 14 357
202209 1 512
202210 2 212
202272 1 191
202372 7 209
202844 1 707
202845 3 371
202945 8 507
203140 11 265
203775 12 254
204413 6 859
205517 12 286
205663 3 687
205937 4 225
206108 2 136
206190 1 256
206995 1 197
207051 5 226
207229 7 153
207915 10 166
208500 6 388
208667 1 255
208808 12 212
208876 2 643
209086 5 548
209285 1 349
209389 2 226
209431 6 680
209616 6 482
209662 1 108
209843 4 53
210436 2 507
210518 3 334
210583 4 518
210584 1 936
210586 5 684
210587 6 191
210588 10 546
210591 1 798
210824 1 364
210938 2 165
210941 2 99
211413 3 139
211984 3 40
212413 1 127
213205 1 162
213323 11 169
213356 2 164
214485 1 272
214995 1 351
215164 1 486
215278 2 371
216096 3 189
216571 3 764
216634 3 144
216758 3 424
217350 2 520
217918 2 137
218176 1 106
218410 11 819
218426 1 184
218719 1 95
218854 2 342
218987 2 144
219197 1 197
219907 2 789
219937 1 481
219958 3 542
220156 2 522
220161 2 216
220378 4 316
220718 1 554
220721 3 539
220723 1 734
220992 6 77
221447 1 560
221450 6 256
221604 1 530
221706 7 852
221806 6 873
222004 1 331
222011 2 367
222492 1 174
223059 1 102
223139 8 695
223388 3 624
223584 1 127
224302 1 285
224610 6 152
224812 5 284
224886 5 229
224891 5 229
224963 3 838
225082 1 77
225977 3 163
226264 2 236
227198 8 692
227916 59 607
229320 1 314
229367 1 480
229370 1 320
229777 6 683
230392 1 112
230559 1 513
231577 1 269
231850 1 223
231985 11 155
232352 1 448
232489 1 130
232728 3 356
232833 2 793
233814 1 89
234142 2 1197
234413 5 240
234444 2 281
234477 13 177
234758 4 207
234910 2 169
235209 3 602
235210 1 127
235259 1 613
235334 2 268
235796 11 160
236342 1 329
236420 3 216
236801 1 128
237503 4 61
237750 2 128
237821 2 189
238086 1 143
238148 4 923
238152 4 506
238273 3 64
238334 1 222
238743 4 231
238885 3 50
239121 2 203
239366 1 162
239371 1 201
239601 1 137
240172 6 651
240264 3 246
240410 1 446
240461 2 259
240719 11 279
240785 2 501
241163 1 188
241234 2 209
241479 2 229
241932 2 173
242316 1 124
242838 2 252
242845 5 548
242874 5 564
242961 23 305
243279 6 82
243545 1 180
243660 2 151
244674 2 124
245144 7 597
245162 1 129
245675 2 150
245941 3 111
246304 1 389
247443 1 210
247951 4 332
248434 1 121
248990 1 107
249694 1 614
249976 2 317
250003 1 180
250198 1 143
250215 1 223
250991 1 176
251213 3 722
251551 4 437
252127 1 161
252377 2 235
252381 2 335
253682 4 425
253729 3 189
253887 1 363
254027 1 203
254151 1 274
254243 1 183
254948 1 158
255197 7 442
255400 2 648
255590 4 49
255721 1 97
256268 7 109
256486 1 438
256853 6 76
256926 3 423
256998 1 289
257005 1 169
257097 4 57
257229 2 178
257275 3 373
257637 3 396
258068 1 85
258292 1 91
258598 2 177
259162 2 205
259820 2 202
259825 1 276
259882 2 218
260060 2 249
260225 4 72
260380 4 231
260602 2 140
261044 2 250
261051 3 43
261769 1 95
263246 2 132
263277 1 258
263819 3 289
263960 3 111
264229 4 298
265234 1 271
265441 1 253
265810 23 16729
265816 86 25803
265845 23 17259
265854 61 21100
266625 1 290
268265 25 293
268303 22 6782
268656 6 276
269041 40 457
269996 21 6852
270458 2 286
270482 5 1112
275781 1 424
276078 2 5007
279096 69 5450
280619 14 11500
286208 28 1598
286225 33 635
286455 1 1284
286683 1 294
286687 2 3175
286707 1 467
286946 3 4569
286970 2 743
286972 1 461
286985 4 5408
287180 2 569
287398 1 429
287551 1 258
287565 4 329
287644 3 332
287660 3 846
287746 1 114
287755 2 143
287784 1 921
287888 2 879
288042 3 415
289624 16 1171
290256 1 30074
290440 20 15196
290441 1 2293
290465 30 15747
291792 1 1333
291923 37 346
293712 15 184
294007 15 180
297054 1 372
297953 2 284
298875 6 201
300001 12 2382
301865 3 18367
303734 63 25485
304910 18 303
305880 95 1062
306021 1 436
306237 79 26903
306256 1 740
306284 128 21202
306338 16 4464
306432 10 1093
306438 7 1008
306441 2 528
306460 9 786
306464 4 593
306468 5 261
306473 2 992
306517 3 488
306884 6 546
306940 5 442
306942 2 288
306950 1 1346
306990 7 219
307143 2 290
307168 2 299
307174 1 378
307293 3 376
307453 10 49380
308186 1 36306
308187 1 51551
308513 49 8438
308859 1 5677
308907 46 13313
308919 8 13545
308947 49 16976
308953 57 14138
308961 46 13313
308973 8 13545
309001 49 16976
309007 57 14138
310292 18 250
310920 12 183
316482 3 1212
316722 7 398
324927 3 371
325042 3 1837
325407 1 304
325484 1 1752
325541 1 2827
325542 1 3842
325785 1 705
325804 3 1218
325846 1 1068
325903 1 262
326123 8 14885
326129 4 67196
326153 1 364
327122 15 16929
327123 15 16927
327160 1 945
327361 8 1715
327394 76 22044
327407 28 18061
329231 28 7437
329280 20 228
329313 36 398
329493 25 7227
329559 40 419
329635 23 249
330093 12 135
330723 19 212
331269 1 249
335250 18 356
336320 23 301
336882 22 247
337941 1 159
338427 5 656
338854 1 402
340446 1 311
347730 5 55
347738 7 2893
347761 96 3747
347837 10 63219
347838 1 6657
347869 8 47445
347870 4 1104
347871 1 752
348091 1 625
348381 3 1414
348400 1 176
348403 1 1670
348566 1 166
348664 5 664
348671 1 248
349695 41 2766
349742 1 1678
351472 1 245
352330 63 662
352388 20 221
352450 62 5502
352473 22 206
352474 28 253
352576 33 309
352717 24 245
353075 27 254
353260 111 1626
353320 214 2590
354300 28 316
355008 18 414
355181 15 149
359152 10 9815
360612 12 663
360660 2 2514
361952 5 145
362085 2 338
363065 22 277
363453 1 3056
363562 1 122
364108 12 3502
370322 1 304
371812 141 1764
372357 13 2359
372406 26 14595
372591 1 832
372757 1 305
372877 2 345
373834 1 44460
374096 19 757
374100 1 702
374437 8 206
374489 3 1941
374942 1 482
374945 1 879
374994 3 13993
377409 63 4687
377845 28 310
377944 159 1923
378119 119 1438
384116 1 1346
384602 2 3928
384666 2 499
384922 8 271
385005 13 1472
385980 12 3649
387425 20 165
390173 26 563
392035 13 394
393541 9 108
393550 11 30891
393643 2 2561
393845 1 2852
394052 14 424
394209 2 697
394393 1 735
394494 3 922
394549 2 500
395242 1 23266
395739 1 738
396051 5 297
396258 133 38258
396488 1 1498
396563 1 2512
396738 6 80
398284 3 544
399133 2 794
401817 1 207
403109 1 597
403242 2 663
403572 2 142
404662 1 213
406811 1 586
408526 2 31
409379 1 77
410084 9 258
412198 1 840
412570 2 1304
413166 7 86
416119 3 386
416999 8 82
417224 1 245
418740 2 645
420251 2 242
420289 13 379
420907 1 471
422273 1 543
424419 1 526
425998 1 171
427374 1 843
428216 1 575
429478 15 341
429485 1 393
433056 9 117
433276 1 139
436408 3 1254
437079 2 367
441578 2 2452
443758 4 384
444321 10 117
446149 2 47
448474 1 34
449254 2 1160
451162 1 764
451680 3 728
451686 1 648
452913 2 811
454381 2 1012
454409 1 364
454505 1 1697
455035 2 1570
456095 4 118
459017 5 422
460764 1 563
461898 1 528
461964 4 365
465027 1 453
465790 3 717
469226 1 1014
469293 6 63
470293 1 469
473766 7 296
474338 9 1136
477876 1 293
478205 2 238
478566 2 446
479374 1 82
479640 1 91
482319 3 970
482798 15 498
483023 6 72
484360 1 933
484759 7 330
485826 3 788
487069 2 839
489018 16 931
490503 1 210
492061 2 88
494742 5 393
495851 1 520
495889 1 334
496767 4 193
497013 2 2261
497977 4 456
498805 18 667
499350 1 429
500671 1 118
501658 1 534
501808 3 930
503370 1 449
507615 1 1338
508501 1 880
508680 1 695
509450 1 508
509456 3 420
513027 6 912
514242 3 389
520191 2 690
521166 1 293
524703 10 99
525868 1 100
526310 1 1587
528062 1 2803
