1211 5 315
1212 15 452
1213 4 402
1214 4 423
2636 4 224
2640 1 136
3215 2 565
3226 7 383
3229 9 383
3691 2 490
6610 3 262
6944 13 629
6945 4 325
6948 11 322
7259 6 723
7919 4 385
7920 5 360
10161 2 384
10162 4 294
10390 5 513
10818 2 384
10926 2 86
11309 23 385
11310 11 370
11311 15 365
11312 2 326
11313 8 390
11314 9 406
11315 2 320
11316 3 388
11578 4 512
12862 2 450
13148 4 468
13223 3 293
13227 4 187
13228 8 452
13229 5 388
13230 11 450
13231 4 448
13233 4 436
13234 3 197
13235 6 335
13607 2 162
14417 2 463
14468 1 584
15382 1 577
18225 3 612
18264 2 506
18266 1 475
18267 11 355
18354 3 443
18357 2 355
18367 6 518
19119 1 373
19278 2 568
19304 6 579
20779 2 442
20877 2 488
22293 4 243
23312 8 530
23320 22 461
23945 2 348
23976 2 386
24738 3 341
25094 5 409
25180 2 121
26463 4 201
26464 8 508
26468 5 638
26471 6 255
27415 7 247
27525 2 378
27598 3 407
28059 8 574
28062 7 665
28065 4 687
29190 2 331
29647 23 327
29648 14 247
29649 9 404
29650 5 325
29651 11 349
29652 3 401
29653 2 172
29654 9 486
29656 8 445
29658 4 354
29659 9 449
29661 20 488
29662 14 357
29663 11 195
29664 10 560
29665 2 179
29666 10 434
29667 3 478
29668 8 412
29669 4 400
29670 9 550
29671 3 290
30592 8 478
30596 3 519
30598 8 490
30599 2 629
30603 5 498
30604 1 479
32999 17 537
33223 2 465
33834 4 224
34708 8 697
34828 19 626
35189 1 472
35196 1 298
35212 1 596
35222 1 306
35226 1 427
35315 3 324
35860 5 623
35861 5 824
36020 10 382
36680 8 399
36751 2 197
36929 6 570
37289 1 453
38800 2 519
39947 8 452
41005 4 328
41023 3 189
41024 13 476
41025 3 536
41026 4 260
41027 11 478
41028 8 362
41029 13 541
41292 4 389
41293 8 266
41297 4 293
41300 9 281
41303 8 318
41304 4 473
41305 13 411
41311 3 268
41322 3 419
41324 5 305
41328 2 372
41540 3 215
41710 2 374
42945 2 397
42947 4 319
43842 1 516
45845 10 558
45848 4 455
45850 3 380
45851 1 353
45852 3 338
45853 2 126
47004 4 346
48896 1 231
49278 2 234
50228 6 295
50230 4 213
50231 3 199
51851 1 343
52540 1 785
53608 6 335
53609 3 285
53610 2 218
53708 2 544
53994 1 4216
54496 1 288
54835 3 431
54930 3 377
55615 5 443
69044 1 78
76209 1 415
77582 1 250
82949 1 443
87974 2 533
88445 1 809
93701 3 954
112330 1 926
134057 1 493
141944 1 490
148493 1 538
175676 1 602
177561 1 183
182496 5 236
189140 11 243
189758 7 194
193603 14 563
207669 2 253
211103 8 414
222200 3 213
228003 1 205
243566 1 167
249331 1 543
251391 1 659
255397 1 374
261089 1 6821
268692 1 370
280619 1 11500
290148 6 3390
301865 4 18367
303734 4 25485
307453 6 49380
316469 2 231
326129 3 67196
326703 1 138
331190 2 386
347789 17 1016
351126 5 221
361488 1 523
394348 2 1782
394898 3 26758
395640 2 17885
395714 2 4780
395758 1 557
396211 2 1394
400190 1 130
400768 2 672
405071 1 53
408039 2 1478
408317 2 2578
411335 2 323
412775 1 367
413752 3 197
414681 1 685
415725 1 1721
416163 1 135
416184 3 198
417202 1 189
418755 3 198
420641 3 1108
421512 1 976
423223 1 1496
423575 1 513
423660 3 295
424555 1 218
426314 1 166
428841 1 1570
429460 1 804
431283 1 66
431524 1 241
431945 2 363
432448 2 303
432918 2 529
433395 4 626
433400 1 365
434951 1 273
435833 9 665
436575 3 198
437212 1 68
437543 1 225
438074 7 497
438746 1 583
439298 3 196
441439 8 1057
442842 2 514
443498 2 526
445386 1 106
445700 1 418
445872 1 533
445989 1 129
446898 4 1138
446949 3 220
448143 2 1084
450528 1 66
450568 1 420
451805 1 507
453332 3 109
453764 2 327
454618 1 81
455025 1 360
456674 1 122
456854 3 1114
456859 1 106
457154 3 200
459381 1 48
459585 3 199
459867 1 1415
460972 3 289
461108 3 592
461668 3 244
464046 2 408
464077 2 263
466347 1 238
466776 3 194
467523 1 341
469022 2 1373
469202 1 115
469297 3 198
470433 1 643
471475 3 2098
471565 11 745
471791 3 198
473753 4 158
474215 1 340
474270 3 199
474360 2 533
474813 1 993
476432 6 307
476449 1 671
476454 1 807
476572 1 3118
478847 3 950
478902 3 950
479136 3 193
481147 4 308
481559 2 1000
481579 3 198
482498 1 352
482553 4 491
482949 1 544
483040 3 657
483071 1 237
483714 1 251
483973 4 1054
484011 1 240
485632 1 68
485897 4 811
485960 3 215
486093 1 259
486109 4 888
488808 1 980
488952 3 198
489674 4 168
489824 4 1737
490877 2 66
491334 1 592
492014 1 857
492806 1 28
493506 1 70
494276 3 194
494303 7 317
496255 3 681
499239 4 366
499267 9 239
501030 2 208
501477 4 91
502120 3 199
504362 1 851
504755 3 199
504811 2 748
507074 4 2232
508512 1 39
508637 3 561
510264 3 199
510594 1 84
510825 3 1162
511464 2 169
512123 1 191
512219 1 77
512314 3 362
512695 1 121
513286 2 179
513870 2 138
514628 1 403
514845 2 296
515300 2 733
515997 6 472
516304 4 1045
516863 1 544
516945 1 421
517252 1 569
517547 1 99
517548 1 189
517551 2 203
518230 1 204
518817 1 225
519558 3 254
519859 1 158
520507 3 95
521755 1 128
523041 1 3025
523055 1 106
523136 1 74
523663 2 2999
523666 3 857
525052 1 703
526339 3 2581
526633 3 1221
527238 1 324
527693 14 936
527858 1 839
33 10 19382
314 3 417
320 24 732
974 19 757
1211 5 315
1212 15 452
1213 4 402
1214 4 423
2636 8 224
2640 1 136
3691 2 490
6610 1 262
6944 1 629
6945 1 325
6948 2 322
7259 3 723
7919 2 385
7920 2 360
8127 1 926
10154 1 337
10826 2 223
10926 4 86
11309 21 385
11310 10 370
11311 11 365
11312 3 326
11313 6 390
11314 9 406
11315 1 320
11316 3 388
12709 29 20008
12862 2 450
13227 5 187
13228 7 452
13229 5 388
13230 7 450
13231 5 448
13233 4 436
13234 3 197
13235 6 335
13607 2 162
14468 1 584
15382 5 577
18264 1 506
18266 1 475
18267 10 355
18354 3 443
18357 2 355
18367 6 518
19119 3 373
19278 2 568
19304 6 579
20779 2 442
21459 67 16007
21614 14 32241
22293 3 243
23312 7 530
23320 19 461
23945 3 348
23976 2 386
24738 4 341
25094 5 409
25180 2 121
25218 176 9144
26464 6 508
26468 5 638
26471 6 255
27415 8 247
27525 2 378
27598 4 407
28059 8 574
28062 7 665
28065 4 687
28227 6 206
29190 2 331
29647 20 327
29648 11 247
29649 6 404
29650 3 325
29651 5 349
29652 3 401
29653 2 172
29654 3 486
29656 2 445
29658 3 354
29659 5 449
29661 17 488
29662 14 357
29663 6 195
29664 9 560
29665 2 179
29666 10 434
29667 3 478
29668 8 412
29669 3 400
29670 7 550
29671 3 290
30592 2 478
30596 2 519
30598 1 490
30603 2 498
33223 2 465
33688 1 618
33834 4 224
34708 3 697
35189 1 472
35212 1 596
35222 1 306
35226 1 427
35315 3 324
35860 5 623
35861 5 824
36680 8 399
36751 1 197
36802 1 29903
36929 5 570
37289 21 453
38800 2 519
39947 7 452
41005 4 328
41023 3 189
41024 12 476
41025 3 536
41026 4 260
41027 8 478
41028 8 362
41029 7 541
41292 3 389
41293 3 266
41297 4 293
41304 2 473
41305 8 411
41311 2 268
41322 3 419
41324 5 305
41328 1 372
42945 2 397
42947 4 319
44401 2 967
45838 2 5104
45845 7 558
45848 1 455
45850 2 380
45851 1 353
45852 2 338
45853 2 126
47004 4 346
48896 1 231
49278 2 234
50228 8 295
50229 6 179
50230 6 213
50231 5 199
50682 17 32839
51331 52 184510
51851 6 343
52214 10 64459
52519 4 720
53608 9 335
53609 9 285
53610 5 218
53708 2 544
53994 12 4216
54496 1 288
54835 3 431
54930 2 377
55371 252 52248
55615 5 443
55706 2 35
60473 4 380
62272 3 108
62706 1 408
63447 1 146
64018 4 987
64149 2 933
65858 1 166
67142 1 993
69044 1 78
69678 2 195
76016 1 552
76209 1 415
77582 1 250
78209 6 847
81412 1 426
82410 6 68
82949 3 443
85175 1 284
88439 1 382
88442 2 563
90716 1 471
92200 6 931
94285 1 630
102419 2 74
109568 3 154
110594 1 585
110598 1 778
111237 2 52
112330 2 926
121370 1 346
123389 1 148
127371 13 230
127813 1 410
128611 4 85
129078 15 185
130131 3 65
130747 3 715
141944 1 490
147938 4 98
149449 2 849
150951 4 55
151078 1 589
167284 1 411
172663 3 231
173210 2 404
177561 1 183
186240 3 57
191042 3 44
194565 1 715
197954 3 249
198337 2 237
199294 3 72
204174 3 60
204813 4 84
207669 6 253
207682 1 465
211103 3 414
219382 3 52
221583 1 728
222200 6 213
226102 3 45
226705 4 456
227191 1 96
228003 1 205
236283 2 1001
237566 2 175
244673 1 369
251391 2 659
253780 3 44
254751 3 756
259683 3 87
261089 5 6821
262018 1 418
262102 2 158
263369 3 41
268692 5 370
276538 7 308
289348 8 18428
301865 20 18367
306237 3 26903
307453 5 49380
310134 11 306
316469 3 231
316875 2 260
326129 16 67196
326703 3 138
327394 4 22044
329924 4 144
336574 4 58
337986 1 2361
338620 6 177
347869 11 47445
351126 4 221
358394 1 5252
360694 8 179
361372 8 247
361488 14 523
361590 4 211
364354 8 616
372845 1 326
373834 27 44460
379913 3 52
385090 12 161
394898 1 26758
395614 2 1056
395640 8 17885
395714 3 4780
395758 11 557
396147 74 5877
396258 1 38258
397134 13 160
397518 1 706
397722 5 84
398851 1 852
399058 1 574
399132 1 973
399810 1 485
400190 2 130
400768 1 672
400951 1 699
401010 1 96
401261 2 873
401427 5 77
403731 1 487
405071 1 53
405924 2 863
406186 3 358
407320 2 69
408039 3 1478
408267 1 656
408317 3 2578
408683 1 358
409842 1 100
410098 2 442
410532 3 551
410708 4 489
411335 6 323
412775 1 367
413104 1 364
413171 4 570
414040 5 576
414681 1 685
415061 1 436
415725 2 1721
416037 3 575
416038 1 451
416163 3 135
417202 1 189
420641 10 1108
422083 2 520
423223 9 1496
423442 3 615
423660 4 295
423826 1 1512
424555 4 218
426314 4 166
426581 3 46
428507 2 401
428841 5 1570
429460 1 804
430311 4 149
431250 2 3314
431283 1 66
431524 4 241
431945 7 363
432448 2 303
432918 3 529
432978 5 79
433359 2 608
433395 5 626
433400 1 365
433863 1 636
434157 1 1326
434204 2 598
434576 1 113
434951 1 273
435155 3 37
435833 17 665
437081 4 85
437212 1 68
437543 5 225
438074 6 497
438480 1 109
438746 2 583
438852 10 584
439770 1 370
440197 19 343
440336 3 660
440760 1 347
440785 1 398
441439 6 1057
441975 6 840
442256 2 535
442842 2 514
443498 3 526
444160 3 60
444232 2 992
445386 3 106
445700 3 418
445989 3 129
446949 1 220
448143 4 1084
448795 1 372
449357 4 1287
450528 1 66
450568 3 420
451270 1 452
451643 1 368
451805 1 507
453332 4 109
453764 3 327
454221 4 718
454618 2 81
454934 1 309
455025 1 360
455332 2 238
456674 1 122
456699 1 524
456824 3 457
456854 13 1114
456859 1 106
458529 2 44
458905 4 78
459275 18 733
459381 3 48
459432 3 872
459852 12 202
459867 4 1415
460972 5 289
461108 3 592
461668 4 244
463223 2 576
464046 2 408
464077 1 263
464406 1 110
464924 6 104
467053 3 71
467523 1 341
467754 2 435
468399 3 409
468681 1 235
469022 3 1373
469037 1 519
469059 1 111
469123 2 1080
469202 3 115
471288 5 457
471325 2 415
471565 12 745
471677 3 374
472275 3 1404
473733 2 474
473753 7 158
474215 3 340
474225 1 461
474360 9 533
474675 1 81
474813 1 993
475626 1 505
476432 8 307
476449 1 671
476572 4 3118
477564 28 1215
477731 2 594
477788 2 490
478847 5 950
478902 5 950
480550 1 514
481147 4 308
481431 5 632
481559 8 1000
481863 15 221
482499 1 455
482553 9 491
482663 1 250
482949 2 544
483040 4 657
483071 4 237
483176 2 874
483915 1 83
483973 12 1054
484011 3 240
484413 1 33
485632 1 68
485897 2 811
485960 3 215
486011 3 695
486071 3 620
486093 1 259
486109 2 888
486228 1 1497
486434 1 105
486485 3 126
487617 2 336
487783 2 121
488302 4 166
488560 8 716
488808 1 980
489604 1 105
489661 14 511
489824 21 1737
490383 3 562
490877 3 66
491334 4 592
491460 1 372
492806 1 28
493014 9 130
493506 1 70
493972 1 446
494303 8 317
494443 2 333
494832 5 82
496255 7 681
497075 24 364
497287 3 69
499223 1 692
499239 15 366
499340 1 360
500160 5 332
500309 1 161
500622 1 839
501030 5 208
501265 1 94
501477 1 91
502204 4 173
503087 1 660
503415 10 536
504362 10 851
504712 2 507
504811 1 748
504863 2 377
504987 4 525
505713 1 86
507074 5 2232
508086 2 3798
508512 3 39
508637 5 561
508680 1 695
508796 1 121
509889 30 1114
510594 2 84
510825 11 1162
511464 6 169
511513 4 63
512219 2 77
512314 5 362
512326 7 358
512330 1 560
512695 1 121
513286 4 179
513870 2 138
514007 1 101
514628 2 403
514845 5 296
515147 1 453
515190 8 123
515300 7 733
515508 3 630
515997 3 472
516304 4 1045
516583 3 128
516663 1 89
516945 3 421
517252 1 569
517547 1 99
517548 1 189
517551 2 203
517556 1 567
517595 2 666
517839 3 778
518230 1 204
518817 11 225
519558 4 254
519859 1 158
520066 5 92
520191 25 690
520507 2 95
520570 4 1069
520700 2 343
521755 2 128
522900 3 1330
523041 3 3025
523055 3 106
523136 1 74
523663 4 2999
523666 1 857
525052 6 703
526339 6 2581
526372 8 738
526633 6 1221
527271 7 100
527519 2 665
527693 9 936
527768 5 322
2123 1 140
15526 1 145
15527 1 150
21459 11 16007
24759 1 144
28599 1 143
29307 1 143
39452 2 152
41541 1 142
44401 4 967
45838 1 5104
51331 11 184510
53594 1 118
53684 1 140
54897 1 139
55371 14 52248
61041 1 71
61470 5 203
62706 1 408
64018 2 987
64149 1 933
65858 2 166
66367 3 613
67142 16 993
69678 2 195
71149 4 161
72344 1 169
72671 26 589
72934 6 284
76209 3 415
76220 16 761
77437 5 177
77907 16 373
78613 8 204
80153 1 33
80220 1 38
81412 2 426
86471 2 94
86921 9 257
87974 1 533
88439 4 382
88442 15 563
88445 2 809
90190 2 39
90716 2 471
90854 3 33
92200 1 931
93104 2 306
94285 5 630
101486 12 437
104415 2 149
105082 1 61
110103 3 103
110593 10 507
110594 2 585
110598 1 778
110965 3 785
112330 21 926
118870 9 177
120370 8 208
121144 3 106
121370 1 346
123389 1 148
125099 13 283
127477 5 277
127813 1 410
130119 1 53
130747 2 715
130985 2 100
132041 2 283
134057 1 493
134269 1 117
139288 1 465
141944 2 490
145272 2 103
146079 1 97
148493 1 538
149449 1 849
151078 12 589
152134 2 99
159165 5 214
161616 4 120
162913 7 116
164418 3 474
164978 2 105
167178 7 351
167182 3 164
167284 10 411
172128 3 210
172449 3 214
173210 17 404
173614 8 434
179296 1 73
185748 13 209
190962 1 147
191183 1 152
192907 3 165
193230 3 72
194747 5 251
196704 6 204
198337 1 237
198414 2 111
199059 2 115
201591 1 208
204434 10 617
204860 1 88
206004 18 679
207101 3 331
207682 1 465
207718 2 427
207777 25 758
208134 1 122
211598 4 82
215801 1 661
216235 4 571
216763 7 173
220907 11 282
221052 1 641
221076 10 242
221583 3 728
222200 1 213
223966 1 61
226705 3 456
227191 2 96
230266 4 161
231316 4 146
231643 2 362
231839 7 167
232483 1 408
232560 5 82
233085 5 146
233359 2 216
234121 8 227
235221 3 128
236283 2 1001
238570 8 181
239459 1 73
241072 8 570
241081 10 547
242115 5 231
243566 1 167
244673 1 369
244828 4 513
245904 5 210
247836 1 395
248370 23 501
249331 1 543
252968 10 664
253152 1 244
254751 1 756
255192 11 168
255318 5 161
255342 1 143
255397 1 374
255496 1 74
257207 10 370
257690 1 471
258236 4 98
258238 9 158
260395 6 240
260774 10 167
261089 1 6821
261228 1 423
262018 1 418
262093 4 258
262102 3 158
265269 8 91
265372 6 67
265731 6 176
289954 1 637
310318 1 387
321869 3 124
337822 4 205
337986 2 2361
348550 4 209
358090 16 361
358394 6 5252
365425 1 95
372845 3 326
394348 1 1782
396004 1 2835
396211 1 1394
397518 16 706
399058 2 574
399132 2 973
399467 1 80
399810 1 485
400768 1 672
400951 12 699
401678 1 78
402399 2 203
402598 5 142
403236 1 538
403308 2 1047
403670 2 126
403731 2 487
403748 2 88
403837 1 60
406588 5 110
406854 16 580
407492 2 122
408265 5 672
408267 3 656
409656 2 277
409884 3 90
410532 1 551
410794 3 543
412320 6 448
413171 2 570
413180 3 332
414681 1 685
415027 3 74
415730 7 748
416037 3 575
416572 1 158
417237 1 68
418390 8 1597
420339 1 114
421023 1 511
422243 13 512
422556 2 197
423507 7 274
423575 1 513
423792 1 1672
423826 5 1512
424974 3 78
425151 15 599
426582 1 1586
426903 5 728
427055 7 193
427522 6 135
428423 1 64
428841 1 1570
429268 15 365
429568 3 189
429618 2 178
429882 4 269
430643 1 78
430708 3 174
431250 2 3314
431416 2 448
431551 4 522
432542 1 502
433194 2 1353
433359 1 608
433863 3 636
434157 1 1326
434204 1 598
434576 1 113
435314 5 78
435554 4 356
438183 5 294
438480 1 109
438852 1 584
439024 13 605
439272 18 997
439770 2 370
440099 12 249
440336 10 660
440816 3 113
442256 1 535
442258 3 93
442419 1 373
442849 3 92
443156 1 63
443319 1 137
443486 13 291
444232 1 992
444498 10 586
444617 11 1528
445872 10 533
446714 2 519
446898 1 1138
447251 10 221
447723 2 55
447997 5 514
448597 2 74
448795 2 372
449357 9 1287
449830 26 1710
450910 2 266
451643 8 368
451805 2 507
451895 2 459
452260 3 98
453554 18 563
454401 5 795
454749 2 658
454934 1 309
454997 1 76
455332 1 238
455902 3 340
456699 2 524
457092 2 208
457145 21 870
457544 4 80
459337 1 575
460163 8 610
460388 1 88
460626 1 81
461238 4 109
461701 31 824
462175 1 549
463135 7 474
464406 1 110
464584 1 248
465826 1 134
466284 13 650
467684 4 101
469022 2 1373
469031 7 1062
469059 2 111
469123 2 1080
469532 1 114
471288 1 457
471325 2 415
471367 1 94
471677 2 374
472925 12 491
473894 1 1621
474130 1 2483
474337 30 1071
474675 1 81
474813 4 993
475343 1 206
475974 1 66
476449 1 671
476454 1 807
476572 2 3118
477270 9 745
477731 3 594
477788 4 490
478149 4 117
479695 4 94
479761 2 374
479932 1 708
481431 1 632
481628 3 74
482191 10 312
482433 5 143
482663 3 250
482857 1 192
483915 2 83
484413 1 33
484723 3 222
485189 1 55
486011 4 695
486228 7 1497
486434 2 105
488808 5 980
489661 3 511
490294 5 91
492014 2 857
493972 2 446
494345 5 763
494994 2 302
495584 6 119
497626 8 348
498255 9 267
498278 5 110
498688 3 140
499223 1 692
499313 1 1321
499448 5 124
500160 1 332
503087 5 660
503415 3 536
504668 4 756
504712 1 507
504863 1 377
504995 24 398
505067 10 173
505713 2 86
505740 2 236
506220 2 77
506800 2 62
507292 3 88
508015 1 106
508041 3 86
508086 2 3798
508347 7 182
510643 3 82
510729 5 174
510825 1 1162
512477 1 605
513139 1 51
513791 2 74
514600 3 489
516134 6 390
516393 2 64
516863 2 544
517252 1 569
517595 2 666
517839 1 778
518138 5 145
519389 3 79
519634 4 114
520086 8 674
520088 5 120
520686 1 65
520700 5 343
521169 7 318
521801 1 102
521961 1 582
522900 2 1330
523041 33 3025
524633 3 101
525052 1 703
525468 30 753
526794 4 107
527131 9 669
527174 3 93
527238 1 324
527519 1 665
527813 1 264
527858 1 839
