125 7 253
455 2 18030
3383 6 170
4338 3 16989
6367 1 17463
8148 5 17754
9529 3 650
9530 1 501
12709 15 20008
12985 33 7361
13453 2 237
15053 3 415
15752 2 637
17352 4 507
20202 35 350
21614 27 32241
23991 2 291
24852 1 704
24917 3 448
25104 2 598
28036 1 461
28037 1 355
30736 2 319
30737 10 390
31534 2 520
33588 15 207
34732 20 9225
36802 4 29903
37261 11 332
39780 20 554
41290 9 1710
43445 6 378
43447 3 425
43456 14 339
52214 92 64459
52779 4 373
53465 1 229
55371 24 52248
58162 1 546
59543 3 213
61705 3 489
61826 1 125
62712 1 43
63247 8 584
63858 3 567
65703 4 405
66544 1 63
67274 1 198
68499 1 101
69851 1 177
69962 1 117
70708 1 49
78041 1 142
78564 1 52
79706 3 562
79892 1 712
80333 2 615
80336 7 355
80525 4 295
80533 2 365
81151 2 647
81166 2 121
81227 3 534
81556 2 160
82503 4 494
82528 2 1186
82588 3 197
83065 2 137
84544 1 1184
85927 2 1213
86115 1 187
86181 1 752
87779 2 207
87911 1 421
88402 1 181
89724 1 30
90513 14 532
90517 6 756
91240 2 192
91536 1 30
95266 11 462
95271 25 590
95272 5 683
95404 1 373
96480 13 592
96698 1 528
97291 1 87
97465 8 295
98696 1 207
98742 2 98
98875 2 149
99300 1 1062
100039 1 301
100134 1 427
101036 2 285
102879 1 44
107633 2 129
107640 2 226
110129 4 1355
110513 2 169
113065 1 131
113994 2 271
116090 8 940
116498 2 178
116980 4 163
117710 5 256
118845 8 615
121780 2 265
122124 1 547
122259 1 975
122465 19 612
123239 1 188
125025 2 259
125299 4 814
125307 2 104
125440 1 683
125523 5 354
125973 3 288
126978 4 197
126985 3 571
127634 1 659
128183 6 171
128270 3 636
128735 1 111
129422 1 320
129451 1 61
131904 2 121
131963 7 648
133527 2 433
133581 3 341
134613 1 384
134998 1 52
135998 1 365
135999 1 106
137073 3 275
138322 1 140
138742 2 519
138990 1 1182
139025 2 202
139176 2 98
139193 2 298
140889 1 429
140997 5 349
141209 3 366
141455 4 321
141592 4 318
141610 3 286
142131 2 233
142141 6 7912
142279 1 93
142480 2 62
144022 2 114
144455 3 43
145231 1 424
145398 1 273
146950 1 247
147154 4 197
147224 2 241
147756 2 607
149758 1 83
151645 7 361
153692 3 73
154959 4 555
157092 1 497
157653 1 97
157961 3 74
157988 3 72
158883 2 487
158890 1 631
159351 1 500
159357 1 957
161482 1 52
162800 1 79
163747 6 249
164139 1 199
164334 8 501
166880 1 125
168591 2 109
169150 1 646
169379 3 484
170781 1 119
171273 1 115
174656 1 157
175276 5 548
175455 2 263
175474 2 198
177596 1 428
177890 2 203
178043 1 207
178216 1 154
178990 3 3085
179400 1 109
179628 3 478
180067 2 202
182093 1 108
183418 2 284
183974 1 632
184126 3 139
184133 4 198
185587 2 235
186058 3 271
186478 2 226
188109 3 53
188799 2 143
188893 1 113
190074 1 663
190294 1 373
190417 1 229
190853 4 246
191513 1 115
191624 15 662
191630 5 801
193035 3 772
193402 1 195
193453 1 142
193739 1 146
193822 1 577
194217 1 378
196522 1 94
196635 1 50
196787 7 290
197246 2 215
197255 2 233
197414 4 271
198854 2 478
198879 1 176
198883 1 262
199100 3 198
199146 3 48
199190 2 345
199311 2 397
200220 1 523
200282 2 115
200758 4 81
200769 4 82
201253 2 239
202047 6 367
202048 1 581
204524 2 405
204662 2 365
204925 1 145
205461 3 276
205749 3 225
205752 1 285
205789 2 303
206837 1 391
207225 3 558
207482 2 361
207647 2 211
207675 2 787
208074 1 212
208598 1 267
208725 5 832
208996 3 262
209331 1 67
211545 2 603
212162 1 217
212311 1 266
212474 3 265
212773 2 36
212777 2 36
212784 2 40
213078 4 227
213294 4 227
213526 3 292
213531 7 213
213555 2 545
213757 1 197
214458 3 261
215371 1 117
215490 2 82
215704 1 336
216426 1 615
216441 1 527
216541 1 330
216886 4 178
217562 28 719
217870 1 241
218090 1 282
218343 2 296
218357 1 245
218845 3 40
219665 6 235
219747 5 298
219997 2 293
220041 1 264
220333 5 281
221011 1 456
221012 1 505
221015 1 630
221016 2 472
221017 1 439
221018 2 681
221019 20 613
221021 1 688
221025 3 663
221026 1 387
221027 1 367
221032 12 652
221043 1 715
221163 1 374
221164 4 868
221314 8 574
221744 1 88
221758 1 148
221910 1 720
222412 1 76
223385 1 133
223419 1 167
224196 2 253
224259 1 604
224553 2 216
224954 1 165
226520 1 116
226836 3 552
226871 3 308
226872 2 473
227003 2 40
227679 1 549
228183 1 243
229408 2 393
229490 1 357
229910 1 347
230065 1 484
230585 4 227
230778 2 288
230854 4 268
231006 4 165
232871 1 207
233215 1 454
233564 2 392
233568 2 385
233984 7 413
234593 2 260
234665 1 489
236180 1 174
237053 1 602
237729 11 574
238452 1 225
239522 3 92
241737 4 158
243136 2 178
243287 6 244
243811 1 142
244327 2 80
244491 3 429
244727 8 488
244878 5 287
245653 15 663
245660 7 667
245661 29 622
246017 1 249
247943 2 87
248840 1 429
249345 2 229
249763 4 685
250875 5 612
251094 4 149
251740 1 72
252641 5 1248
252767 11 501
253245 3 181
253264 1 155
253476 1 70
253496 4 131
253793 1 440
253915 5 551
255329 1 92
255599 6 166
255897 2 250
256001 5 528
256577 1 229
256582 2 460
257086 3 307
257587 1 286
257813 1 166
257830 5 297
259014 2 91
259023 1 243
260032 1 213
260457 16 700
261651 1 715
262162 1 323
262536 1 174
262947 4 283
263494 14 574
263927 3 268
264156 1 426
264398 3 668
264415 1 240
264461 1 365
264691 1 594
264766 1 356
264899 1 537
264977 1 332
265810 15 16729
265816 47 25803
265822 3 5726
269628 2 195
273645 2 142
282817 2 698
284756 1 627
284907 1 207
286325 1 1086
286583 24 19748
286592 1 253
287051 2 3048
287279 2 143
289417 1 794
290440 16 15196
297760 22 493
298011 3 234
298611 3 1503
300877 3 971
301865 6 18367
303734 7 25485
305932 25 461
306079 30 715
306119 4 253
306237 5 26903
306284 134 21202
306290 2 1685
306292 1 1711
306314 2 4250
306338 7 4464
306341 2 2643
307453 41 49380
307696 2 988
308186 6 36306
308187 27 51551
308205 2 1019
308246 44 20735
308283 43 887
308317 1 289
308947 17 16976
309001 17 16976
311831 2 185
313167 1 270
314588 1 208
317342 24 319
317570 11 169
317574 12 203
325443 1 632
325537 5 4579
325543 26 2471
325578 1 2828
326123 19 14885
326129 3 67196
326894 2 2131
326949 2 2131
327122 23 16929
327123 23 16927
327177 2 662
327384 13 19585
327394 29 22044
327403 1 5903
329225 9 7875
329659 2 262
331432 13 8083
336608 2 476
336882 7 247
337185 1 2433
346220 1 414
347837 250 63219
347869 15 47445
348002 1 441
348029 4 2308
349544 1 864
349719 7 1163
349922 25 846
350021 8 6267
350031 29 830
350124 8 1533
353204 1 1688
353569 6 168
353772 1 304
353783 1 274
353871 2 335
354135 1 427
354257 4 364
356004 1 156
359637 2 361
359962 8 134
361433 2 147
362534 7 225
367000 2 186
367016 1 1226
371144 1 178
371435 5 356
372278 20 28092
372406 8 14595
373014 15 3572
373834 4 44460
374014 124 80805
374199 30 641
374248 2 1841
374522 6 619
378960 1 3375
379670 1 2024
380499 3 132
381461 4 144
381474 4 91
381987 12 6233
382924 1 143
384021 2 1503
385980 8 3649
388949 1 89
392215 1 819
393526 18 8178
393550 44 30891
393747 42 58177
393993 1 1799
394716 1 2905
394898 7 26758
395585 6 30629
395640 8 17885
395654 46 947
395809 3 581
395811 24 2673
395859 2 3099
395976 5 1478
396258 9 38258
396395 1 785
396935 2 404
397238 5 737
401605 1 1234
408084 3 821
409164 3 358
409228 2 74
409634 5 686
411613 1 128
413015 2 115
413177 1 142
413517 2 38
414496 1 386
415073 1 1693
415487 10 290
415689 2 693
416009 1 886
416259 1 97
417039 3 621
417153 1 1051
418298 1 924
420433 3 156
421947 2 897
422271 4 285
423593 2 814
424175 1 482
425452 1 103
425686 3 192
426441 21 1193
427225 3 727
427583 3 492
428436 2 1036
428501 5 843
428938 5 878
430932 1 651
436774 3 1058
436890 5 337
438724 2 1585
439867 1 99
439869 1 146
439879 3 282
440720 6 159
444956 1 114
448769 6 485
448808 3 494
449638 1 510
449686 6 946
450721 1 245
453800 1 397
455539 1 241
455565 11 713
456713 5 270
457691 5 521
457710 1 256
460804 1 363
462594 4 504
463422 1 377
465973 2 275
466034 6 770
466036 4 1245
466059 3 628
466060 1 329
466343 3 937
466351 1 299
466728 9 1498
468028 1 210
469479 1 227
470001 3 938
470445 7 697
470494 1 371
472541 4 1307
474133 3 643
474835 2 134
477171 1 96
477821 5 142
480018 3 258
480271 1 407
480356 3 339
482915 2 168
483900 4 812
485181 6 804
485977 1 551
486186 1 941
486763 1 333
487995 1 409
488073 1 138
490829 1 294
491512 2 980
492070 3 152
493756 1 1333
494890 1 1202
497442 2 1519
498386 1 189
498648 1 70
499089 1 2882
499624 1 80
500158 2 334
500205 1 478
500211 2 542
500299 1 272
500300 1 213
500380 7 948
500733 2 1890
500815 3 821
501082 4 551
501083 3 573
501207 3 740
501457 2 1379
501901 1 880
501922 2 474
502265 4 1456
502269 1 162
502623 4 319
502630 3 577
502885 4 635
503374 8 740
503383 4 425
503402 2 179
504117 3 174
504629 7 592
505200 3 108
505368 3 168
505615 1 661
506447 1 76
507064 2 673
507352 1 157
507613 10 1079
508312 2 163
509887 1 493
510797 9 397
510891 1 434
511167 2 123
511496 5 737
511599 2 362
512361 1 276
512725 1 525
513178 5 526
516187 1 426
516809 1 507
517474 2 416
517673 3 398
518493 2 283
519040 2 322
520551 5 903
520608 2 1577
520610 2 272
521018 2 245
522614 1 384
524630 1 600
524654 4 494
524767 4 1184
524962 4 518
525847 1 1143
526178 2 690
526339 22 2581
527076 4 1065
527231 1 212
455 4 18030
2396 3 426
6367 2 17463
8148 1 17754
12985 1 7361
13453 1 237
15179 11 503
15752 3 637
21614 1 32241
22695 7 383
24852 8 704
24917 1 448
25104 2 598
28036 2 461
28037 2 355
35971 5 573
36802 2 29903
38256 1 523
41290 5 1710
43445 2 378
43447 1 425
43456 1 339
50359 2 448
52678 6 15365
52779 1 373
53465 1 229
55371 1 52248
56689 1 376
57567 2 27
58052 1 684
58099 2 77
58162 8 546
58167 1 279
58241 2 94
58569 14 197
59543 3 213
60647 2 32
61826 4 125
62120 1 307
63247 7 584
63858 2 567
64029 1 372
65703 1 405
66544 2 63
66555 4 114
66768 1 425
66986 4 161
67274 1 198
67714 1 511
67984 5 269
68499 2 101
69851 4 177
69877 6 128
69955 14 443
70708 1 49
70922 1 130
71058 1 169
72039 1 487
72421 6 598
75116 6 224
76542 5 140
77982 8 149
78041 2 142
78564 1 52
80117 1 120
80275 3 1076
80333 1 615
80336 1 355
80525 1 295
80533 4 365
81151 2 647
81166 1 121
81556 5 160
82503 11 494
82528 2 1186
82588 1 197
82892 1 376
83065 4 137
84544 1 1184
84803 2 29
84811 1 496
84903 1 28
85927 1 1213
85989 3 206
86115 2 187
86181 1 752
86358 2 57
86762 6 459
86775 1 471
86906 5 262
87888 7 143
87911 7 421
87974 1 533
88402 4 181
88651 5 167
89724 2 30
89731 5 134
89891 1 245
90517 3 756
91041 2 167
91240 1 192
91536 2 30
92870 5 493
93683 1 324
93918 1 669
94780 3 229
94951 3 188
95266 3 462
95271 3 590
95272 2 683
95879 1 973
96480 12 592
96698 2 528
97109 1 532
97228 1 468
97291 4 87
97465 5 295
98696 9 207
98742 3 98
98875 5 149
99300 1 1062
99420 3 186
99428 3 99
99499 7 525
100039 3 301
100134 1 427
101036 1 285
101997 1 454
102533 4 200
102798 2 221
103046 1 659
105325 2 47
105442 2 70
105669 1 567
106423 1 537
107510 6 146
107633 3 129
107640 3 226
109253 6 475
110513 6 169
110594 1 585
111075 7 176
113065 2 131
114022 1 417
114072 1 295
114454 1 32
115090 3 43
116090 5 940
116498 7 178
116519 9 125
116521 4 136
117061 8 165
117710 4 256
117855 3 47
118845 1 615
119454 1 895
120016 6 459
120713 3 86
121209 7 259
121840 1 117
122124 1 547
122203 3 32
122259 1 975
122309 6 281
123239 2 188
123724 5 213
125025 2 259
125299 6 814
125307 3 104
125440 1 683
125523 2 354
125973 4 288
126904 5 148
126978 1 197
126985 8 571
127634 1 659
128125 7 223
128183 1 171
128270 1 636
128735 3 111
129014 2 996
129422 5 320
129451 2 61
130225 3 50
131066 5 136
131807 1 251
131808 3 421
131904 2 121
131963 1 648
131988 2 155
133234 2 79
133336 1 55
133527 3 433
133581 5 341
134294 1 72
134613 1 384
134947 3 74
135972 1 60
135999 1 106
137073 2 275
137259 1 849
137628 3 179
138666 1 507
138990 1 1182
139025 1 202
139114 1 175
139517 1 263
140346 1 775
140371 1 1181
140889 8 429
140997 1 349
141209 3 366
141455 6 321
141592 2 318
141610 3 286
142131 2 233
142141 3 7912
142279 1 93
143756 1 772
144022 2 114
144030 1 69
144681 1 321
145231 1 424
145398 6 273
145815 5 588
146950 2 247
147154 1 197
147224 4 241
147303 1 129
147392 1 655
147417 6 432
147756 1 607
148600 3 62
148602 2 67
148969 4 81
149758 1 83
149993 7 132
150822 1 409
151558 3 79
151645 1 361
151766 3 146
154694 10 412
154959 5 555
155166 1 868
156133 1 382
156994 3 116
157092 10 497
157453 5 323
157653 2 97
158255 6 524
158397 4 155
158829 7 120
158883 1 487
158890 2 631
159350 1 518
159351 10 500
159356 3 629
159357 1 957
159359 2 681
159699 2 112
160405 4 679
162327 3 122
162800 1 79
163747 1 249
164139 2 199
164334 6 501
164337 4 92
164850 7 233
165128 1 74
165209 2 517
165922 15 441
166829 8 205
166880 2 125
167629 1 773
168580 1 733
169150 3 646
169379 3 484
169473 6 225
170030 1 380
170781 3 119
171273 2 115
172292 1 533
174656 4 157
175276 3 548
175455 4 263
175474 3 198
176863 4 202
177014 1 95
177020 9 265
177596 12 428
177890 12 203
178042 6 234
178043 1 207
178216 3 154
178240 1 51
178990 3 3085
179400 6 109
179628 7 478
179850 2 162
180067 1 202
180674 1 778
181130 1 492
181346 6 113
182093 2 108
182167 7 182
182637 2 175
182646 2 87
182694 6 345
182780 2 567
183418 4 284
183974 17 632
184126 5 139
184133 7 198
184715 6 177
184768 1 465
185587 3 235
185788 1 340
185790 1 186
186058 2 271
186478 3 226
186707 1 279
186879 2 568
188207 5 76
188214 7 150
188799 3 143
188845 5 134
189914 6 165
190009 1 428
190074 3 663
190294 5 373
190302 3 103
190417 4 229
190853 2 246
191513 3 115
191624 18 662
191630 3 801
192975 3 99
193402 4 195
193453 2 142
193739 7 146
193822 6 577
194217 21 378
195189 10 284
195776 3 173
196050 2 110
196522 3 94
196635 3 50
196787 16 290
197245 2 51
197246 2 215
197255 2 233
197414 12 271
198854 3 478
198879 7 176
198883 7 262
199100 3 198
199190 5 345
199311 1 397
200220 1 523
200282 2 115
200758 3 81
200769 2 82
200800 2 352
201253 2 239
202047 2 367
202048 13 581
202341 10 233
203745 3 100
204439 2 51
204524 5 405
204662 3 365
204925 2 145
205376 2 75
205461 6 276
205749 10 225
205752 5 285
205789 5 303
206837 3 391
207585 3 142
207617 3 204
207647 4 211
207675 2 787
208074 2 212
208338 2 94
208439 2 96
208598 3 267
208725 12 832
208996 2 262
209414 1 70
209637 4 493
209763 1 48
209964 8 288
210035 8 393
211243 9 236
211545 1 603
212162 5 217
212311 5 266
212474 4 265
213033 5 77
213078 6 227
213294 2 227
213526 1 292
213531 1 213
213555 3 545
213747 5 156
213757 5 197
213831 4 147
214014 2 110
214051 2 251
214458 3 261
215347 4 106
215371 4 117
215704 9 336
216426 18 615
216441 1 527
216464 1 620
216541 4 330
216886 1 178
217246 2 60
217562 2 719
217678 1 80
217870 2 241
218090 3 282
218245 1 549
218343 4 296
218357 4 245
219040 2 84
219665 2 235
219747 2 298
220041 4 264
220333 4 281
220413 1 593
220542 2 114
220700 8 368
220801 1 50
220960 15 419
221011 15 456
221012 13 505
221015 12 630
221016 8 472
221017 13 439
221018 11 681
221019 11 613
221020 14 465
221021 7 688
221022 12 469
221023 14 199
221024 9 237
221025 24 663
221026 5 387
221027 14 367
221032 8 652
221043 22 715
221163 7 374
221164 1 868
221314 24 574
221496 6 142
221744 4 88
221758 4 148
221826 5 1187
221910 14 720
222412 3 76
223385 1 133
223419 3 167
224190 5 251
224196 1 253
225155 3 201
225474 1 549
226078 5 102
226520 2 116
226711 1 71
226836 15 552
226871 7 308
226872 9 473
226877 7 663
227014 4 76
227679 1 549
227947 11 291
228183 4 243
228184 3 105
229408 9 393
229490 5 357
229678 2 94
229910 1 347
230065 12 484
230585 3 227
230778 4 288
230854 1 268
231006 3 165
231707 2 49
232871 2 207
233215 1 454
233984 2 413
234665 2 489
235373 8 174
236180 3 174
236246 3 478
236485 2 83
236954 1 145
237053 1 602
237729 2 574
237831 1 66
238202 2 120
238452 3 225
239047 3 97
239049 3 112
239267 1 118
239522 5 92
239751 7 479
241735 6 105
241737 1 158
242902 3 131
243287 1 244
243619 1 59
243811 2 142
243900 2 50
244327 1 80
244491 12 429
244727 4 488
244878 2 287
245036 2 174
245309 4 177
245340 7 155
245653 2 663
245660 22 667
245661 2 622
246017 5 249
247943 1 87
248098 5 145
248161 10 500
248840 4 429
249138 6 232
249595 6 76
249763 5 685
250097 1 214
250801 2 57
250875 2 612
250982 1 233
251094 1 149
251281 1 238
251740 2 72
252053 5 118
252641 2 1248
252752 5 493
252767 3 501
253245 2 181
253264 6 155
253476 1 70
253496 1 131
253793 4 440
253915 3 551
254034 2 53
254612 15 568
254918 1 737
255072 6 186
255329 1 92
255599 2 166
255810 3 316
255892 3 101
255897 9 250
256001 2 528
256235 1 725
256537 7 109
256577 7 229
256582 19 460
257086 14 307
257813 8 166
257830 1 297
258002 2 108
258679 3 86
258775 1 100
258978 1 353
259004 2 48
259014 1 91
259023 10 243
259356 10 254
259359 1 51
259552 1 48
259617 5 435
259618 3 188
259706 3 134
259740 1 131
259880 1 473
260032 1 213
260451 1 67
260457 1 700
260583 3 347
260957 3 85
261651 1 715
261677 2 56
261879 1 587
262536 1 174
262947 3 283
263391 3 75
263494 3 574
263927 4 268
264156 5 426
264398 1 668
264415 3 240
264461 1 365
264635 1 1187
264691 1 594
264766 4 356
264841 1 1174
264899 1 537
264977 4 332
265224 4 70
265231 4 88
265431 4 50
265438 4 69
265816 2 25803
265822 6 5726
269628 1 195
272385 1 142
272675 3 396
273645 5 142
284383 6 333
284756 8 627
286938 11 367
287051 2 3048
287153 1 536
287256 1 824
287279 1 143
288149 1 535
290099 1 1228
290440 1 15196
293046 1 119
293417 2 219
298011 1 234
299468 2 92
305998 11 273
306119 1 253
306143 5 274
306147 9 549
306285 6 634
306286 16 1964
306290 41 1685
306291 65 1387
306292 57 1711
306293 38 1072
306294 48 1173
306295 7 206
306314 4 4250
306341 11 2643
307724 14 518
307950 2 99
308205 1 1019
308246 2 20735
308317 2 289
308775 1 1185
308813 1 1185
311831 1 185
312536 2 130
313167 6 270
314822 7 6501
315250 1 529
317547 1 758
317672 1 758
323539 1 302
325443 11 632
325537 3 4579
325557 1 651
325576 9 298
327384 1 19585
327394 1 22044
327403 5 5903
329225 1 7875
336608 2 476
337185 1 2433
340700 3 84
343907 1 391
345308 1 315
346220 1 414
347837 13 63219
347963 5 417
348002 6 441
349305 1 196
349351 3 97
349544 1 864
349719 1 1163
350021 1 6267
350177 1 1689
352373 4 222
353204 1 1688
353772 1 304
353891 1 335
354257 13 364
359637 3 361
359840 1 3377
366730 1 674
368769 1 1454
369763 1 2265
371144 1 178
371435 1 356
372021 1 686
372120 2 576
372278 4 28092
373329 2 572
373904 2 962
374014 7 80805
374248 1 1841
374334 2 3216
379670 1 2024
379925 5 147
381461 1 144
381474 1 91
381987 1 6233
384021 1 1503
384780 2 1451
385980 1 3649
387656 1 176
389534 2 343
392215 18 819
393526 2 8178
393550 3 30891
393722 5 1292
393747 37 58177
393760 5 120
393782 12 325
393854 11 203
393993 1 1799
394011 1 1908
394282 2 342
395103 3 400
395585 10 30629
395654 1 947
395811 1 2673
395976 1 1478
399736 1 887
399754 3 50
399774 1 526
400047 1 600
405604 2 398
406402 7 175
408084 1 821
408929 2 97
409228 1 74
409848 1 1037
410438 1 674
411972 3 122
412026 3 90
413042 5 229
413642 2 835
413643 4 228
414313 2 70
414500 1 108
414543 1 372
415073 1 1693
415689 1 693
415991 1 81
416009 1 886
416259 2 97
417039 1 621
420869 2 525
420938 8 216
421274 1 470
421947 7 897
423593 3 814
423797 3 1718
423816 1 612
424175 1 482
424489 2 77
424845 3 544
425069 1 98
425267 2 48
427784 16 264
431358 1 581
433669 6 617
433996 4 171
434192 1 905
436671 2 102
436774 1 1058
437120 3 190
437131 3 162
438260 1 344
438309 1 349
438724 1 1585
439764 4 97
440720 1 159
441196 9 272
441197 4 76
441439 1 1057
441450 1 421
443914 6 1095
444284 1 348
444956 1 114
445466 3 858
449456 10 460
449638 7 510
449686 1 946
450721 14 245
451237 2 79
451474 2 445
451750 1 1313
452267 1 377
453800 1 397
454823 2 48
455135 1 928
455539 1 241
456713 1 270
458472 1 665
459082 15 574
459308 1 2317
461623 13 500
462682 6 1337
462828 1 196
463092 1 747
463422 1 377
463514 2 666
463863 1 660
463980 2 96
464448 2 1617
465163 1 318
465973 10 275
466034 5 770
466036 44 1245
466059 16 628
466060 4 329
466061 4 234
466343 48 937
466351 10 299
468154 2 320
468801 2 305
468942 2 1159
469479 12 227
470001 11 938
470228 1 119
470445 1 697
472032 1 226
472541 3 1307
473706 1 751
474835 1 134
477171 3 96
477807 3 697
477915 1 617
478097 2 680
479336 6 133
480163 1 751
480356 1 339
481186 19 362
482915 3 168
483900 1 812
484045 5 1200
485181 1 804
485401 1 961
485977 2 551
488521 1 602
489681 1 67
490658 17 702
490829 6 294
490931 8 289
491005 1 621
491512 2 980
498648 1 70
499089 1 2882
500158 1 334
500211 2 542
500617 1 403
500730 1 434
501901 2 880
502046 1 623
502269 3 162
502630 2 577
503402 6 179
505368 8 168
505566 17 512
505613 1 563
505615 26 661
506184 1 146
506447 1 76
507613 1 1079
509208 1 285
509585 6 377
509887 1 493
509975 8 1281
511496 2 737
511521 1 1168
512725 6 525
512779 1 253
517673 16 398
519711 16 282
520551 5 903
521018 1 245
523336 5 880
524654 1 494
524767 1 1184
524962 1 518
525847 8 1143
526178 2 690
526339 3 2581
527076 1 1065
527578 6 868
2413 5 94
2414 5 149
2415 4 130
2416 9 192
3279 11 252
3379 4 113
3383 1 170
3974 11 480
9529 1 650
11130 13 291
11460 5 114
12036 5 176
12037 5 140
12709 1 20008
14914 5 118
17628 6 148
18338 5 167
18340 7 226
18694 4 73
20119 11 230
20560 7 186
21614 1 32241
22722 4 80
22723 4 112
22982 5 168
23991 6 291
24702 6 170
26370 11 233
29860 2 235
30736 3 319
30737 4 390
32018 4 117
32112 16 357
32114 11 655
33550 6 166
34510 15 371
34514 19 467
36750 18 283
37261 1 332
37826 6 146
39148 6 168
39780 1 554
39874 14 236
40394 8 204
41519 5 175
44011 5 125
44968 16 511
44971 12 373
48754 4 290
48936 6 153
51294 4 78
51884 15 410
55225 4 77
62120 1 307
62712 1 43
63189 2 75
67198 1 70
69962 2 117
72039 1 487
80333 1 615
80336 1 355
84811 1 496
86775 2 471
87141 2 315
87779 2 207
87911 2 421
88402 2 181
90517 1 756
94709 6 665
95404 3 373
95710 1 414
95879 1 973
95888 2 487
101036 9 285
105669 1 567
106423 1 537
110594 1 585
114022 1 417
116980 1 163
119223 1 88
121780 2 265
122124 2 547
122259 1 975
122465 4 612
124729 14 502
127634 4 659
129014 2 996
131808 1 421
134613 1 384
134998 1 52
135998 3 365
137259 1 849
138322 2 140
138666 1 507
138742 9 519
138990 1 1182
139176 2 98
139193 3 298
140346 1 775
143756 1 772
147392 1 655
147417 1 432
147756 1 607
153692 1 73
155166 1 868
157289 3 576
159351 1 500
165922 1 441
170030 1 380
180067 1 202
191630 1 801
193035 3 772
202110 4 205
205548 1 44
205929 2 305
207482 1 361
209331 1 67
209589 1 54
210162 3 528
214457 1 111
215490 1 82
221164 1 868
224053 3 254
224553 1 216
224954 2 165
229910 1 347
233564 5 392
233568 4 385
236246 1 478
242497 5 517
249345 1 229
250982 1 233
251281 1 238
252641 1 1248
253881 3 279
255693 1 591
256582 1 460
257587 3 286
260032 1 213
264398 3 668
264461 3 365
264635 1 1187
264841 1 1174
286325 1 1086
286583 1 19748
286592 2 253
287931 1 449
289417 5 794
290256 5 30074
293417 1 219
298611 1 1503
301865 5 18367
303734 5 25485
306079 1 715
306284 1 21202
306338 15 4464
307453 34 49380
307696 2 988
308246 1 20735
308283 2 887
308775 8 1185
308813 8 1185
310349 3 201
314588 1 208
315250 1 529
317547 1 758
317672 1 758
323539 1 302
325537 10 4579
325543 3 2471
325557 1 651
326123 10 14885
326129 16 67196
327122 5 16929
327123 5 16927
327177 3 662
329225 3 7875
329659 2 262
331432 2 8083
335359 3 156
337185 1 2433
343907 1 391
344745 6 115
346220 1 414
347837 141 63219
348782 1 773
349305 1 196
349544 1 864
349922 1 846
350124 2 1533
352975 5 174
353204 1 1688
353310 11 242
353342 18 238
353430 8 260
353783 9 274
353871 4 335
353891 3 335
354135 25 427
356004 1 156
359840 1 3377
360164 2 177
361433 1 147
366730 3 674
367000 1 186
367016 1 1226
367350 1 105
368769 1 1454
369763 1 2265
372021 1 686
373014 9 3572
373834 1 44460
373904 1 962
374522 1 619
376957 2 179
378461 14 262
378960 1 3375
384780 1 1451
387308 1 193
388949 1 89
389746 2 406
389751 2 140
390126 1 536
393526 2 8178
393550 2 30891
394716 42 2905
394898 12 26758
395640 1 17885
395654 1 947
395809 1 581
395859 1 3099
396935 1 404
399989 4 319
401605 1 1234
404050 4 586
409848 1 1037
409945 1 77
410438 1 674
413015 1 115
413642 1 835
415487 1 290
415836 2 1995
416712 1 278
424384 2 93
426441 1 1193
429619 2 358
430932 4 651
430986 4 602
430987 1 361
431358 2 581
433996 2 171
434192 5 905
435274 2 548
436774 1 1058
437376 3 59
439867 3 99
439869 2 146
441693 1 782
445466 1 858
452267 1 377
453762 3 60
455058 1 37
455135 1 928
457691 2 521
457710 2 256
458558 1 266
459123 2 47
459873 11 921
463980 2 96
466036 1 1245
466060 2 329
466437 1 334
466650 4 67
468028 2 210
468801 1 305
470494 4 371
472032 2 226
476213 3 141
477807 2 697
477870 3 708
477915 1 617
478097 1 680
480163 1 751
485977 1 551
487038 4 206
495021 2 130
496930 4 261
497442 1 1519
497753 1 437
498621 1 148
499089 1 2882
500205 4 478
500299 3 272
500300 3 213
500380 3 948
500730 1 434
500733 7 1890
500815 13 821
501039 12 445
501081 15 598
501082 8 551
501203 1 537
501207 2 740
501209 6 714
501457 4 1379
501546 2 634
501995 6 1466
502046 1 623
502265 7 1456
502576 4 462
502623 3 319
502885 1 635
502898 1 146
503374 1 740
503810 7 569
503816 7 735
504117 2 174
504219 1 601
504629 2 592
504827 3 1004
505613 3 563
507342 6 1225
507352 1 157
507353 5 216
510491 2 525
510990 2 1060
511599 6 362
512361 4 276
516187 2 426
517474 8 416
518165 6 857
518373 1 658
520608 2 1577
520839 7 881
522614 4 384
523330 5 177
523336 1 880
527076 1 1065
527222 3 1113
