33 5 19382
1646 94 55438
1891 5 389
4696 31 4744
9166 63 17203
20371 31 555
20372 23 592
20373 13 583
20376 8 507
20387 26 529
20388 17 280
20389 15 589
20390 9 583
20391 11 579
21614 6 32241
24488 1 595
31322 1 273
31323 5 373
31324 1 555
31330 4 526
31332 1 438
34494 1 691
34722 10 13257
36802 7 29903
40359 3 4913
45200 8 463
45584 6 134
45917 13 6305
50066 5 608
50682 9 32839
51083 2 338
51084 5 299
51085 21 434
51086 14 437
51087 10 490
51088 5 454
51089 7 454
51090 2 202
51091 6 377
51092 6 405
51093 4 288
51095 7 405
51096 7 358
53993 1 91
55327 1 471
66885 2 36
67393 3 63
77686 1 56
87545 3 34
93339 4 375
102558 7 729
103767 1 331
104234 17 336
109598 2 208
115865 13 167
127434 3 438
141825 23 803
151489 1 153
155569 1 62
162036 1 58
166455 13 604
176541 9 824
183921 3 79
186296 4 58
187353 3 45
190408 1 47
198049 2 413
201800 2 88
209344 1 286
231375 1 249
233799 3 46
234381 5 232
245326 1 141
246905 1 758
251735 1 377
259489 1 788
280491 2 1541
282350 2 407
288303 6 733
288304 12 190
288477 8 252
288504 19 292
300830 1 108
301865 7 18367
303734 3 25485
306237 1 26903
307453 4 49380
307497 22 1106
307509 1 71
307544 9 122
308186 8 36306
308680 1 1379
308855 1 3415
326000 3 197
326204 9 218
326242 6 129
326327 22 293
326345 17 364
327357 72 1265
330943 5 140
339986 2 793
340336 3 886
340667 1 1454
340668 1 1454
346152 4 75
347869 2 47445
349148 2 1064
350050 1 2984
373210 5 138
373269 17 269
385789 3 681
387601 2 716
393550 2 30891
395068 15 288
395640 2 17885
396563 1 2512
396702 1 174
396714 1 485
397272 3 369
397414 2 278
397416 1 145
397621 17 237
399183 1 576
399642 7 588
399873 5 304
400103 1 185
400135 1 157
400492 1 261
400913 12 17082
401292 1 569
401320 1 156
401468 1 73
401644 3 169
402090 1 820
402105 1 507
402749 1 192
403114 1 322
403508 4 1193
404828 2 105
404984 1 238
405511 1 88
406178 1 138
406234 1 240
406485 1 858
407252 1 155
407648 1 294
408100 1 236
408792 2 407
408887 1 111
409157 1 575
409627 7 229
410045 1 334
410385 1 254
411986 1 1066
412170 1 177
412526 1 569
412596 1 594
413287 1 571
414543 4 372
415164 1 183
416081 1 129
416862 1 129
417102 1 525
417968 1 121
418635 1 409
418777 3 695
419108 2 400
419525 4 347
420130 6 95
420204 1 127
420605 1 208
420814 1 187
421974 1 65
422228 5 785
423142 1 203
423352 4 478
423505 1 1174
424561 2 543
425353 1 885
428005 1 107
428141 1 196
428147 1 113
429113 1 311
429723 2 313
430137 5 161
430543 5 142
431781 17 905
431794 1 285
432168 1 61
432222 2 101
432526 1 144
433695 1 2209
433852 1 371
434667 1 878
434830 1 369
435111 1 147
435124 1 253
435509 3 90
436951 2 1284
437059 3 67
437198 2 527
437219 1 237
438285 3 122
440060 1 220
440101 1 663
440185 1 378
440231 1 666
440824 1 88
441979 7 130
442178 1 176
442454 1 579
442479 4 253
442747 2 252
442769 5 337
442780 17 503
443153 1 157
443922 1 852
444179 2 3327
444523 1 128
444690 1 368
444958 2 189
445644 2 428
445657 1 222
445836 1 585
446816 2 1054
446914 1 885
447627 2 326
447695 2 276
448097 15 406
448291 5 956
448693 1 224
448739 1 120
449521 2 638
449639 40 771
449905 2 1208
449967 1 741
450422 1 135
450515 2 258
450811 1 375
451300 17 779
452497 6 98
452674 1 173
453467 5 365
453505 2 156
453888 24 561
453933 1 103
453956 2 571
455206 4 564
455529 4 518
455601 1 389
455605 1 486
455851 4 83
456983 1 1042
457253 5 835
458444 1 889
458479 1 345
458572 1 176
458695 3 405
459309 6 3239
459531 1 38
459556 48 649
459878 5 412
462583 1 308
464943 4 331
465029 5 356
466999 1 77
467191 2 337
468823 3 259
470507 1 404
470653 7 128
470734 1 1909
470751 1 104
470798 2 818
470893 2 456
472350 1 252
472738 1 335
472995 1 294
473668 49 630
474180 6 110
474748 2 126
475373 1 152
475727 1 130
475832 4 284
475992 18 390
476647 1 303
476777 1 763
477158 1 248
477711 1 471
477812 1 208
478403 2 311
478534 1 64
479626 2 406
479897 2 522
480994 2 334
481212 1 64
481216 1 1076
481454 2 277
481552 1 809
482280 21 384
482686 15 194
482698 3 689
483447 2 205
483828 2 493
484149 1 378
484263 1 200
484525 1 322
484660 2 448
485062 2 235
485160 7 214
486479 1 115
486742 1 497
486763 1 333
487148 3 202
487152 15 347
487268 1 135
487549 2 79
487758 1 773
488374 5 424
488395 17 365
488396 2 211
488623 68 1168
488990 16 215
489934 2 98
491293 2 995
492127 1 586
492370 2 269
492414 1 76
492824 7 807
493333 1 103
494255 1 278
494665 2 215
494999 3 142
495245 1 61
495504 26 477
496831 8 117
497011 5 495
497013 1 2261
497403 4 335
497507 1 812
497897 1 178
498254 9 417
499726 2 263
500613 1 239
501062 1 103
501926 1 655
502001 7 140
502054 8 161
503063 1 177
503372 1 375
503658 2 268
504904 11 157
505171 1 106
505397 1 250
508468 2 219
508872 1 223
510518 38 509
510968 2 352
511107 1 125
511384 1 266
511831 1 591
512029 1 122
512893 1 763
514169 1 616
514587 1 102
515013 7 724
515848 1 159
516002 1 466
516725 1 250
516928 2 308
518043 7 1039
518334 1 279
518435 1 34
518638 1 197
519146 2 1072
519247 2 212
519412 2 88
519819 2 476
521672 2 538
521814 18 260
522575 1 353
522710 1 336
523698 3 100
523966 1 184
525194 1 317
525232 5 274
525238 1 271
525485 1 220
525708 1 608
526302 2 353
526494 4 726
526560 4 218
526738 1 603
527023 3 246
527419 1 200
527933 9 625
527954 1 144
528018 2 505
528062 1 2803
257 7 449
257 7 449
1646 6 55438
1646 6 55438
1885 8 395
1885 8 395
1889 7 288
1889 7 288
1890 15 269
1890 15 269
1891 14 389
1891 14 389
1892 2 260
1892 2 260
1901 1 304
1901 1 304
1913 1 641
1913 1 641
1914 1 531
1914 1 531
1915 1 577
1915 1 577
2036 10 364
2036 10 364
5548 15 314
5548 15 314
7286 1 591
7286 1 591
7288 3 802
7288 3 802
8475 3 369
8475 3 369
10879 95 5875
10879 95 5875
12107 4 155
12107 4 155
15298 9 253
15298 9 253
18593 11 537
18593 11 537
20371 2 555
20371 2 555
20372 1 592
20372 1 592
20373 1 583
20373 1 583
20376 1 507
20376 1 507
20387 2 529
20387 2 529
20388 1 280
20388 1 280
20390 1 583
20390 1 583
20391 1 579
20391 1 579
21854 9 277
21854 9 277
22549 15 371
22549 15 371
24452 21 513
24452 21 513
24488 20 595
24488 20 595
26283 3 553
26283 3 553
27977 15 389
27977 15 389
27980 12 333
27980 12 333
31321 17 403
31321 17 403
31322 6 273
31322 6 273
31323 18 373
31323 18 373
31324 20 555
31324 20 555
31325 4 545
31325 4 545
31326 12 532
31326 12 532
31328 6 350
31328 6 350
31330 34 526
31330 34 526
31332 7 438
31332 7 438
31449 3 514
31449 3 514
31450 6 618
31450 6 618
31451 2 485
31451 2 485
31464 8 779
31464 8 779
31470 6 660
31470 6 660
31471 13 600
31471 13 600
31472 13 684
31472 13 684
31477 12 471
31477 12 471
34435 6 157
34435 6 157
34437 2 319
34437 2 319
34439 7 634
34439 7 634
34440 3 275
34440 3 275
34443 1 246
34443 1 246
34474 27 699
34474 27 699
34482 1 668
34482 1 668
34485 1 347
34485 1 347
38262 1 565
38262 1 565
39890 15 528
39890 15 528
39931 1 557
39931 1 557
40359 1 4913
40359 1 4913
41911 4 204
41911 4 204
43618 9 151
43618 9 151
44413 22 371
44413 22 371
44419 37 627
44419 37 627
44980 12 283
44980 12 283
46999 12 185
46999 12 185
47642 1 11472
47642 1 11472
50064 26 524
50064 26 524
50066 9 608
50066 9 608
50067 11 277
50067 11 277
50682 9 32839
50682 9 32839
51064 10 483
51064 10 483
51071 5 580
51071 5 580
51080 15 448
51080 15 448
51081 14 479
51081 14 479
51083 12 338
51083 12 338
51084 6 299
51084 6 299
51085 1 434
51085 1 434
51086 8 437
51086 8 437
51087 7 490
51087 7 490
51088 8 454
51088 8 454
51089 9 454
51089 9 454
51090 2 202
51090 2 202
51091 6 377
51091 6 377
51092 6 405
51092 6 405
51093 4 288
51093 4 288
51095 13 405
51095 13 405
51096 10 358
51096 10 358
51097 3 370
51097 3 370
51098 12 378
51098 12 378
51099 12 430
51099 12 430
51100 14 390
51100 14 390
51101 12 410
51101 12 410
51310 11 223
51310 11 223
51311 6 116
51311 6 116
53018 2 648
53018 2 648
53019 1 310
53019 1 310
53020 1 529
53020 1 529
53023 2 574
53023 2 574
53501 9 327
53501 9 327
53507 8 653
53507 8 653
53584 7 201
53584 7 201
53776 3 515
53776 3 515
53777 5 557
53777 5 557
53993 1 91
53993 1 91
54002 3 133
54002 3 133
55057 1 462
55057 1 462
55326 4 405
55326 4 405
55327 6 471
55327 6 471
65009 1 40
65009 1 40
66595 1 30
66595 1 30
66818 1 30
66818 1 30
79015 1 125
79015 1 125
88318 1 44
88318 1 44
93339 2 375
93339 2 375
97992 24 343
97992 24 343
100412 4 98
100412 4 98
100883 38 611
100883 38 611
104234 3 336
104234 3 336
105094 1 188
105094 1 188
114024 16 472
114024 16 472
123554 8 171
123554 8 171
127434 1 438
127434 1 438
134123 12 279
134123 12 279
143849 1 48
143849 1 48
154830 8 217
154830 8 217
162036 1 58
162036 1 58
164697 1 58
164697 1 58
167493 6 264
167493 6 264
167809 2 81
167809 2 81
176541 1 824
176541 1 824
203533 1 51
203533 1 51
208028 1 49
208028 1 49
208086 1 49
208086 1 49
219506 2 79
219506 2 79
219509 6 125
219509 6 125
230403 7 274
230403 7 274
236386 2 95
236386 2 95
237129 4 169
237129 4 169
238829 6 159
238829 6 159
240109 1 78
240109 1 78
243098 9 509
243098 9 509
243804 1 50
243804 1 50
248673 1 60
248673 1 60
251735 11 377
251735 11 377
257159 7 228
257159 7 228
274997 25 441
274997 25 441
286374 18 420
286374 18 420
288303 1 733
288303 1 733
289964 2 219
289964 2 219
290256 2 30074
290256 2 30074
293433 5 121
293433 5 121
300830 1 108
300830 1 108
301865 1 18367
301865 1 18367
307453 2 49380
307453 2 49380
307497 1 1106
307497 1 1106
308680 1 1379
308680 1 1379
308855 14 3415
308855 14 3415
314025 1 250
314025 1 250
322037 1 93
322037 1 93
326000 3 197
326000 3 197
338654 4 103
338654 4 103
344702 14 247
344702 14 247
347837 5 63219
347837 5 63219
347869 1 47445
347869 1 47445
349645 8 576
349645 8 576
356290 3 380
356290 3 380
372823 3 390
372823 3 390
376072 1 2235
376072 1 2235
378789 5 155
378789 5 155
378790 5 155
378790 5 155
382626 1 151
382626 1 151
383857 1 92
383857 1 92
395640 2 17885
395640 2 17885
396258 3 38258
396258 3 38258
396356 2 362
396356 2 362
396563 5 2512
396563 5 2512
396619 1 131
396619 1 131
396702 1 174
396702 1 174
396714 1 485
396714 1 485
396910 21 250
396910 21 250
397272 3 369
397272 3 369
397414 1 278
397414 1 278
397416 2 145
397416 2 145
397468 9 98
397468 9 98
398226 1 1065
398226 1 1065
398906 1 83
398906 1 83
399183 2 576
399183 2 576
399363 3 508
399363 3 508
399642 45 588
399642 45 588
399690 19 602
399690 19 602
399873 6 304
399873 6 304
400103 1 185
400103 1 185
400135 1 157
400135 1 157
400138 1 112
400138 1 112
400487 1 177
400487 1 177
400492 1 261
400492 1 261
400582 3 234
400582 3 234
400913 1 17082
400913 1 17082
401320 2 156
401320 2 156
401644 2 169
401644 2 169
402066 8 134
402066 8 134
402090 1 820
402090 1 820
402105 1 507
402105 1 507
402749 1 192
402749 1 192
403114 2 322
403114 2 322
404508 1 129
404508 1 129
404828 3 105
404828 3 105
404984 1 238
404984 1 238
405511 1 88
405511 1 88
406178 1 138
406178 1 138
406234 3 240
406234 3 240
406485 1 858
406485 1 858
406601 1 81
406601 1 81
406758 1 88
406758 1 88
406831 4 136
406831 4 136
407252 4 155
407252 4 155
407648 5 294
407648 5 294
407753 4 450
407753 4 450
407961 1 182
407961 1 182
408100 2 236
408100 2 236
408792 4 407
408792 4 407
408887 4 111
408887 4 111
409157 3 575
409157 3 575
410385 1 254
410385 1 254
410541 1 64
410541 1 64
411487 2 725
411487 2 725
411563 12 372
411563 12 372
411894 1 111
411894 1 111
411986 4 1066
411986 4 1066
412526 2 569
412526 2 569
412573 1 492
412573 1 492
412596 2 594
412596 2 594
413287 2 571
413287 2 571
413411 3 376
413411 3 376
413813 9 138
413813 9 138
413876 21 540
413876 21 540
414271 2 62
414271 2 62
414942 5 491
414942 5 491
415164 1 183
415164 1 183
415903 2 94
415903 2 94
416081 1 129
416081 1 129
416608 4 89
416608 4 89
416862 2 129
416862 2 129
417102 1 525
417102 1 525
417968 3 121
417968 3 121
418777 1 695
418777 1 695
418866 4 414
418866 4 414
418883 22 406
418883 22 406
419525 4 347
419525 4 347
420121 3 104
420121 3 104
420204 2 127
420204 2 127
420401 2 113
420401 2 113
420605 4 208
420605 4 208
421314 5 129
421314 5 129
421947 1 897
421947 1 897
421974 2 65
421974 2 65
422228 21 785
422228 21 785
422622 14 557
422622 14 557
422629 1 68
422629 1 68
422655 2 382
422655 2 382
423142 3 203
423142 3 203
423241 2 51
423241 2 51
423244 4 84
423244 4 84
423352 3 478
423352 3 478
423505 1 1174
423505 1 1174
423730 16 478
423730 16 478
423845 11 612
423845 11 612
423901 9 566
423901 9 566
424008 1 628
424008 1 628
424125 1 312
424125 1 312
424561 6 543
424561 6 543
425353 3 885
425353 3 885
426039 3 760
426039 3 760
427646 3 61
427646 3 61
427999 4 224
427999 4 224
428005 1 107
428005 1 107
428141 1 196
428141 1 196
428147 1 113
428147 1 113
429723 1 313
429723 1 313
429828 10 535
429828 10 535
430137 5 161
430137 5 161
430543 4 142
430543 4 142
431325 5 393
431325 5 393
431794 2 285
431794 2 285
432168 1 61
432168 1 61
432222 4 101
432222 4 101
432526 2 144
432526 2 144
433852 4 371
433852 4 371
434391 6 98
434391 6 98
434667 1 878
434667 1 878
434830 2 369
434830 2 369
435111 6 147
435111 6 147
435124 2 253
435124 2 253
435509 3 90
435509 3 90
435736 5 155
435736 5 155
437198 5 527
437198 5 527
437219 2 237
437219 2 237
438285 2 122
438285 2 122
439050 16 577
439050 16 577
439398 1 57
439398 1 57
439760 2 891
439760 2 891
439790 1 147
439790 1 147
440060 1 220
440060 1 220
440101 2 663
440101 2 663
440185 5 378
440185 5 378
440231 5 666
440231 5 666
440824 1 88
440824 1 88
442178 1 176
442178 1 176
442309 7 520
442309 7 520
442413 2 79
442413 2 79
442454 1 579
442454 1 579
442479 3 253
442479 3 253
442747 3 252
442747 3 252
442769 1 337
442769 1 337
442780 4 503
442780 4 503
443153 2 157
443153 2 157
443644 2 568
443644 2 568
443922 1 852
443922 1 852
444453 16 525
444453 16 525
444523 1 128
444523 1 128
444674 1 204
444674 1 204
444690 7 368
444690 7 368
444958 2 189
444958 2 189
445182 2 151
445182 2 151
445644 4 428
445644 4 428
445657 2 222
445657 2 222
445836 1 585
445836 1 585
445972 2 295
445972 2 295
446132 2 436
446132 2 436
446342 2 155
446342 2 155
446816 4 1054
446816 4 1054
446914 1 885
446914 1 885
447444 9 692
447444 9 692
447627 5 326
447627 5 326
447635 3 78
447635 3 78
447695 4 276
447695 4 276
448099 1 837
448099 1 837
448291 1 956
448291 1 956
448693 6 224
448693 6 224
448739 1 120
448739 1 120
449521 1 638
449521 1 638
449822 1 613
449822 1 613
449967 1 741
449967 1 741
449971 3 77
449971 3 77
450007 1 589
450007 1 589
450073 1 115
450073 1 115
450269 1 108
450269 1 108
450515 4 258
450515 4 258
450724 1 143
450724 1 143
450811 1 375
450811 1 375
452533 5 116
452533 5 116
452534 4 290
452534 4 290
452674 2 173
452674 2 173
453467 1 365
453467 1 365
453505 3 156
453505 3 156
453933 2 103
453933 2 103
453956 1 571
453956 1 571
455206 5 564
455206 5 564
455529 4 518
455529 4 518
455601 4 389
455601 4 389
455605 1 486
455605 1 486
456047 4 123
456047 4 123
456072 1 590
456072 1 590
456708 2 152
456708 2 152
458006 2 441
458006 2 441
458572 1 176
458572 1 176
458695 3 405
458695 3 405
459309 2 3239
459309 2 3239
459930 1 91
459930 1 91
460687 5 136
460687 5 136
461858 2 106
461858 2 106
462247 8 284
462247 8 284
462583 2 308
462583 2 308
463125 2 504
463125 2 504
464943 1 331
464943 1 331
465029 7 356
465029 7 356
465318 6 139
465318 6 139
465841 1 253
465841 1 253
466999 1 77
466999 1 77
467191 9 337
467191 9 337
467891 4 104
467891 4 104
468823 3 259
468823 3 259
468905 1 53
468905 1 53
470507 4 404
470507 4 404
470751 1 104
470751 1 104
470798 5 818
470798 5 818
470893 1 456
470893 1 456
471565 19 745
471565 19 745
471610 24 1586
471610 24 1586
471785 13 310
471785 13 310
472350 1 252
472350 1 252
472738 1 335
472738 1 335
472995 3 294
472995 3 294
473149 3 363
473149 3 363
474748 2 126
474748 2 126
475373 1 152
475373 1 152
475727 1 130
475727 1 130
475832 8 284
475832 8 284
476545 6 135
476545 6 135
476611 2 67
476611 2 67
476671 1 65
476671 1 65
477158 1 248
477158 1 248
477419 1 232
477419 1 232
477629 16 700
477629 16 700
477812 2 208
477812 2 208
478403 6 311
478403 6 311
478534 2 64
478534 2 64
479626 2 406
479626 2 406
479930 1 45
479930 1 45
480638 4 89
480638 4 89
480994 1 334
480994 1 334
481212 1 64
481212 1 64
481216 1 1076
481216 1 1076
481225 1 688
481225 1 688
481552 1 809
481552 1 809
482213 6 119
482213 6 119
482698 8 689
482698 8 689
483176 1 874
483176 1 874
483447 2 205
483447 2 205
483828 3 493
483828 3 493
484107 1 363
484107 1 363
484131 1 257
484131 1 257
484149 3 378
484149 3 378
484263 3 200
484263 3 200
484525 4 322
484525 4 322
484660 2 448
484660 2 448
485062 4 235
485062 4 235
485160 1 214
485160 1 214
485249 1 83
485249 1 83
486479 1 115
486479 1 115
486742 1 497
486742 1 497
486763 1 333
486763 1 333
487148 5 202
487148 5 202
487150 4 339
487150 4 339
487268 1 135
487268 1 135
487549 2 79
487549 2 79
487758 1 773
487758 1 773
488374 7 424
488374 7 424
488396 4 211
488396 4 211
488695 1 30
488695 1 30
488840 8 71
488840 8 71
489934 3 98
489934 3 98
490483 1 194
490483 1 194
491293 7 995
491293 7 995
492127 2 586
492127 2 586
492142 13 283
492142 13 283
492370 3 269
492370 3 269
492414 1 76
492414 1 76
492824 8 807
492824 8 807
493333 2 103
493333 2 103
494032 5 75
494032 5 75
494665 6 215
494665 6 215
495245 1 61
495245 1 61
495378 2 247
495378 2 247
495976 4 84
495976 4 84
497011 1 495
497011 1 495
497013 6 2261
497013 6 2261
497403 4 335
497403 4 335
497507 3 812
497507 3 812
497897 2 178
497897 2 178
498254 10 417
498254 10 417
498799 4 92
498799 4 92
498820 1 419
498820 1 419
499726 2 263
499726 2 263
500613 1 239
500613 1 239
