22354 1 444
307597 1 372
408388 1 225
427555 1 1809
481828 6 1145
493052 6 505
510947 6 417
19161 1 342
26387 6 433
34294 1 418
37776 1 320
37779 2 336
37801 7 399
38046 4 356
38417 1 299
50682 1 32839
54827 10 433
54828 3 415
117064 1 177
235259 1 613
396930 1 96
398358 4 131
400256 1 238
407724 1 943
408209 12 676
408328 2 580
408388 5 225
408881 3 399
409444 1 229
410804 1 343
412255 1 829
413538 1 280
417576 4 456
418132 1 211
421433 2 219
424914 1 782
426228 1 64
427555 6 1809
437068 3 112
437434 3 195
443415 1 254
445591 2 1382
459839 3 914
461353 3 503
464485 1 99
465275 3 542
466863 4 120
470171 5 77
472501 19 477
472806 3 704
476450 5 102
476453 5 101
479534 1 507
480467 1 75
481828 29 1145
482272 3 82
486558 1 138
493052 2 505
496556 3 1660
500593 1 203
507627 2 127
509999 2 659
510947 3 417
513284 1 268
518881 5 76
520963 1 446
521889 3 110
527683 1 313
33 1 19382
18386 5 548
19161 2 342
55690 1 34
58300 9 336
59019 1 997
59079 1 195
59370 7 174
60346 1 343
60951 7 239
61386 3 437
62726 1 37
63677 1 1132
63743 1 28
63959 1 524
64245 3 73
64384 3 345
64466 1 63
64490 1 40
65539 2 168
66712 1 457
67059 3 196
67646 1 35
68072 1 48
68521 3 260
69308 1 966
70311 1 20
70458 1 445
72368 1 143
74166 3 234
74172 3 2117
74549 2 164
74677 3 190
75449 1 57
75627 3 520
75648 1 36
75654 1 59
75721 2 34
75898 3 91
76197 1 538
76655 9 451
76662 19 2416
76671 2 102
76679 2 108
77188 2 352
78317 1 69
79498 1 39
79761 1 34
79984 9 244
80546 1 61
80975 1 41
81214 1 21
81740 1 1066
81874 1 49
83849 9 483
84299 8 210
84479 3 63
84908 1 677
85833 2 584
85889 1 396
87115 1 53
87610 1 56
88180 1 42
88539 1 116
88833 2 122
89536 3 68
90049 4 174
90484 3 238
90787 1 534
91133 1 115
92093 1 85
93201 1 39
93759 1 34
93970 1 41
95237 1 37
95812 1 26
96695 23 961
97497 1 34
97544 2 81
97618 1 36
98263 1 62
98959 1 52
99124 1 185
99241 1 31
99471 1 37
99472 1 40
99954 3 126
100262 2 534
100299 1 222
100575 1 68
100624 2 34
100682 10 396
100882 7 495
101034 2 55
101350 1 81
101352 1 647
101729 2 113
101745 1 90
101769 16 701
102092 1 28
102719 1 500
103018 1 32
103384 15 544
103819 3 224
104011 4 272
104276 1 32
104723 1 487
104724 1 677
105319 1 91
105748 1 34
105902 8 260
106084 3 325
106256 2 35
106635 2 190
106773 1 53
107225 3 111
108032 18 921
108415 5 662
108615 1 50
109712 5 495
110331 1 249
110543 6 310
111131 4 377
111649 1 91
112537 1 137
112715 1 53
113932 2 282
113941 2 131
115145 1 34
115307 1 42
115374 2 896
115490 3 146
115534 2 55
115635 2 464
116107 9 221
116134 13 384
116294 13 594
116370 5 75
116375 1 199
116684 9 176
117110 1 42
117369 1 38
117588 1 31
118396 14 573
119227 1 69
119353 2 103
119356 2 161
119668 10 379
119780 1 159
119889 2 127
120726 2 134
122666 14 587
123491 3 159
124079 1 286
124151 1 108
124307 4 94
124529 3 60
124553 7 195
124989 5 626
125682 3 288
126745 1 50
127020 3 88
127509 1 70
127542 19 907
127661 2 84
127687 6 167
128918 3 341
128944 3 98
129114 2 129
130177 5 666
130498 2 57
130595 2 64
131364 3 99
131594 8 416
131982 3 150
132795 9 383
133372 12 410
133535 1 59
134097 10 398
135496 2 168
135498 1 44
135499 1 54
136852 1 45
137273 1 180
137509 12 377
139083 2 79
140152 1 74
140399 2 400
141222 3 41
141318 11 401
141459 1 46
141612 1 63
141935 2 50
142141 27 7912
142207 2 80
142891 1 56
143802 3 243
144281 2 175
144489 8 693
144558 2 361
144676 5 219
145407 1 78
145583 2 50
145724 3 120
145916 9 294
146394 14 827
146639 1 136
146650 1 236
147706 2 92
149505 1 70
150243 2 75
150269 1 47
151650 11 488
151998 1 130
152752 1 422
153396 1 251
153715 3 331
153836 2 61
154085 1 35
154356 1 45
154938 1 55
155019 1 78
155449 2 261
156517 13 491
156775 3 609
157046 1 82
157645 1 70
158426 2 51
158438 13 376
158987 5 182
160517 2 651
162340 2 207
162553 1 36
162966 1 814
163434 1 45
163700 1 39
163763 1 234
164101 1 184
164489 4 307
164571 1 278
164735 1 60
165124 1 57
165341 1 50
165842 1 43
166657 2 57
168692 1 743
169961 1 480
170871 1 34
172962 1 54
174522 2 73
174698 2 37
174718 5 170
174939 1 63
175310 2 49
175703 1 128
175734 12 473
175775 6 270
176187 1 50
176595 2 74
176925 3 100
178051 1 262
178485 1 65
178818 2 249
178996 14 5818
181787 1 87
182178 1 44
182387 1 60
182815 1 558
184149 2 85
184361 2 82
185089 1 219
186042 1 580
186469 1 110
186487 1 167
186790 4 102
186804 5 229
188021 1 124
188463 2 88
191518 2 209
193579 2 197
193746 1 74
193748 4 287
194000 1 48
194275 1 40
195378 4 108
196113 3 106
197739 4 154
197752 7 192
198273 1 53
198731 10 447
198869 1 55
202065 1 40
202381 2 241
203168 1 47
204329 3 100
204440 1 52
204986 2 52
205208 1 73
205561 1 57
205795 8 247
205919 6 143
208336 1 39
208608 1 45
209287 1 34
209355 2 62
210469 3 182
211702 3 97
212051 1 52
213732 10 304
214843 1 205
214855 1 128
215072 1 88
215677 1 50
216033 9 290
217420 9 315
217425 11 431
217723 2 351
217725 1 497
217734 1 116
221430 1 234
221503 1 56
221895 1 274
222009 1 53
222605 4 490
222672 6 443
222896 2 746
222937 11 339
222942 7 215
224107 3 86
224708 1 345
225894 9 289
226339 8 175
227240 2 132
232046 1 48
232702 1 53
232936 2 64
233269 2 45
233411 4 427
233495 8 466
233690 5 181
233792 1 336
234176 1 121
234221 1 76
234917 2 80
235825 1 48
236217 2 59
236584 2 50
236689 1 40
238199 2 337
238702 3 101
239066 5 132
240035 1 53
240168 1 273
240757 1 349
241470 1 63
241499 3 109
241532 3 112
242773 1 60
243095 13 390
243610 1 50
243826 1 88
244535 4 228
244637 11 399
245192 1 271
245268 5 562
246057 1 233
246660 1 456
247479 1 59
249113 1 42
249385 32 1039
250415 1 38
250578 1 48
251768 1 171
252988 1 68
253813 1 71
254441 1 417
254612 12 568
255076 1 269
255875 2 158
256643 1 50
256944 18 667
257159 1 228
258004 6 187
258530 9 235
258736 6 190
262592 1 76
262732 9 274
262791 1 1179
264665 1 484
264872 1 470
265210 1 210
265418 1 185
265816 8 25803
265845 2 17259
267033 1 2148
267445 5 6726
267446 20 833
267504 16 511
267558 12 5952
267559 7 354
268209 16 522
270238 2 156
270413 10 304
270980 9 224
282759 4 233
283817 3 179
284206 12 369
284495 2 238
285252 2 438
285281 5 334
285447 4 225
285504 2 465
285571 4 213
285582 12 485
285734 3 151
285751 2 204
286228 6 2804
286238 28 2004
287133 2 684
287142 1 293
289348 9 18428
289602 3 435
290465 2 15747
291675 27 997
291876 15 400
292845 22 729
292995 7 660
293301 10 359
293440 10 402
293444 12 263
298026 2 252
300105 2 221
301865 4 18367
302986 1 157
302988 3 202
302993 3 199
303107 4 468
303111 1 69
303298 1 140
303530 17 362
303647 12 259
303734 4 25485
304327 3 112
304889 5 132
305040 4 151
305137 7 337
305356 5 399
305465 8 379
305707 4 274
306237 7 26903
307188 3 370
307189 6 500
307453 1 49380
307582 1 137
307589 2 145
307592 2 170
308510 13 419
308907 7 13313
308947 5 16976
308961 7 13313
309001 5 16976
309327 2 58
310102 22 1794
310237 14 667
310239 17 640
310639 10 4161
311245 7 215
311410 2 271
311506 2 268
311695 12 369
311832 28 754
312084 11 445
318127 12 519
318383 1 231
318395 1 231
318720 1 221
323184 2 118
323684 3 283
324533 3 289
324803 4 222
324930 7 233
325816 1 164
325963 1 166
326007 2 328
326025 12 282
326129 2 67196
326344 2 336
326345 3 364
326537 12 282
327394 11 22044
327407 3 18061
330026 3 310
330209 17 654
330879 3 217
330895 2 223
330979 19 981
331528 42 1029
332516 1 117
337622 1 152
338021 2 391
338774 1 162
340525 8 226
340551 24 1919
340609 1 82
345679 2 122
346677 2 197
346678 5 212
346908 2 437
346989 6 147
347495 5 353
347837 1 63219
347869 18 47445
348885 2 318
349742 3 1678
352198 2 260
352561 9 347
353931 12 633
355225 1 86
361944 1 280
363073 2 83
363490 4 357
363765 3 173
363777 1 136
363965 8 6146
364750 3 288
365063 2 117
369534 4 203
369541 4 301
369650 5 225
369744 11 353
369793 1 114
369794 10 321
371016 5 201
371259 8 446
371735 4 305
372415 9 271
372767 1 291
372768 2 292
372769 1 246
373834 1 44460
375657 3 83
376503 18 619
376604 22 685
376701 10 336
377614 3 366
378271 18 644
378470 20 1122
386471 18 2923
386931 5 214
388538 22 685
388842 4 153
388939 6 185
390936 5 267
390942 3 477
391618 7 230
391690 16 624
391692 17 506
392061 6 151
392144 5 194
392215 19 819
392863 8 374
393232 3 392
393233 2 303
393291 2 213
393394 2 211
393550 6 30891
394158 6 388
394305 3 379
394589 4 316
394898 5 26758
394997 2 129
395004 2 279
395005 1 374
395242 3 23266
395245 2 222
396258 1 38258
397200 1 103
397406 3 53
397449 1 835
397724 1 74
399233 3 108
400950 2 864
401371 6 117
406001 1 269
406188 4 94
407381 1 106
412406 4 87
413355 9 424
416199 3 75
416706 7 235
419208 1 166
419609 3 71
420409 9 939
420866 3 573
420966 1 178
421492 2 122
421920 5 476
422322 1 639
422820 8 328
424365 3 86
425360 2 53
425397 1 680
426349 3 96
426579 14 1108
427135 1 103
427326 1 89
429309 2 46
429634 1 74
434916 4 89
441823 4 100
442038 3 77
445796 3 99
448656 1 115
449490 3 80
452976 4 139
454047 8 323
457560 5 184
458599 4 92
458795 3 148
459748 6 214
460085 1 133
462199 4 160
462282 5 609
462550 3 92
464251 2 322
468859 14 716
469939 5 242
474371 2 76
476744 2 99
479287 1 142
479682 5 100
481749 1 174
482236 1 237
484068 2 44
485573 2 156
486566 3 512
488521 15 602
488625 12 325
489043 1 217
491846 3 77
493082 5 348
495774 7 144
495974 4 89
496853 7 931
497318 1 45
498345 9 713
499314 9 981
499524 1 372
501024 1 68
502307 6 219
502894 3 77
503246 3 83
504823 11 911
507382 15 660
508411 5 99
510525 4 120
510838 1 140
511024 1 99
515240 3 376
516932 2 386
518012 1 351
