4338 1 16989
6606 1 338
7268 3 253
7281 2 444
7287 3 322
7288 1 802
8272 2 273
8511 1 275
12709 1 20008
16643 1 3816
16657 1 502
19136 1 454
21321 7 394
21322 3 448
21614 1 32241
23480 1 649
23951 1 342
24146 1 543
25552 2 421
25554 1 542
25571 8 468
25572 12 531
26130 2 309
27554 1 415
27950 1 455
28588 1 421
30082 1 182
32804 1 296
34562 2 294
34732 2 9225
36802 21 29903
38735 1 306
39623 2 441
43611 1 345
44052 1 496
46252 1 551
46477 1 408
46479 3 465
50664 1 498
50665 15 527
50666 5 628
53867 4 177
53870 5 284
55611 1 672
56358 1 35
56567 2 66
57740 5 405
58463 3 487
58771 7 175
59941 3 176
61599 1 30
62502 3 148
63802 4 822
67083 1 750
70702 4 223
71671 1 549
71785 8 265
71929 4 302
72531 1 118
73216 7 158
75033 3 139
75248 10 365
75427 3 268
75467 2 278
77821 1 45
78871 5 346
80344 1 48
81764 2 138
82962 1 695
83668 2 85
87508 4 351
87880 1 123
88275 4 459
91579 1 453
91786 3 392
94766 1 55
108721 1 123
121064 2 62
121582 1 303
125006 1 44
127912 1 71
129266 4 575
129749 1 84
132248 1 48
133251 2 109
136229 1 81
137739 5 318
137941 2 247
138425 1 42
140896 1 45
140954 3 180
143774 4 181
145491 1 48
145533 1 88
146591 8 660
146625 1 187
150628 6 580
150984 1 294
153412 2 661
155433 2 245
155519 1 129
156011 1 256
158538 2 93
158977 4 570
159800 3 635
160837 5 484
161183 3 82
162720 6 165
163002 3 158
167017 1 150
168478 1 494
168706 2 420
168817 1 375
170889 1 71
174106 1 79
174991 4 274
175903 1 83
175975 5 120
177601 10 279
178227 3 144
179693 7 699
183873 1 76
186158 1 409
193557 3 84
195117 1 171
197763 1 70
199079 1 84
200978 5 129
202084 4 167
203544 1 105
204486 3 397
208805 1 496
211214 2 508
212254 3 351
219032 2 534
220470 2 280
223478 2 755
231987 1 285
235714 3 201
235741 6 292
238445 1 74
239726 3 290
240536 1 61
244332 1 233
244747 2 231
245735 2 241
249894 1 988
255022 4 311
255409 1 340
255831 1 561
256133 1 91
256190 1 53
260972 11 5560
261373 5 127
261668 1 72
265810 2 16729
265816 1 25803
267523 1 507
268389 1 326
268393 1 1487
268585 1 2656
268950 1 272
268971 4 115
269697 7 751
271333 2 105
272058 1 82
279011 1 1796
279282 1 84
283209 1 1947
286583 2 19748
289069 1 85
289838 1 2411
291609 5 433
294967 1 7544
301865 5 18367
303734 5 25485
306608 1 598
307453 3 49380
308186 11 36306
308187 2 51551
308204 12 1086
312018 5 314
314538 2 1587
317590 1 85
320247 3 10051
320248 1 13098
326129 7 67196
327349 2 8654
329226 3 8776
329349 11 132
329804 3 7586
330099 1 6898
330735 3 1778
331432 1 8083
332181 4 7521
334997 1 84
347837 3 63219
351683 1 69
352626 1 7519
354238 5 3820
354450 2 8639
356809 2 125
356880 1 85
357180 1 148
357797 1 92
358078 2 106
358087 2 105
359013 1 876
359152 1 9815
365125 3 209
365602 1 85
366259 1 319
371797 4 853
372294 17 1091
372406 2 14595
373834 8 44460
374014 1 80805
376072 1 2235
376386 4 9418
376439 18 492
376610 1 7750
378071 1 7768
384537 5 236
386812 1 529
393526 3 8178
393550 1 30891
393626 9 1054
393747 2 58177
395714 2 4780
396258 2 38258
396563 1 2512
397220 2 90
397462 1 698
397882 3 484
397954 3 608
397956 3 113
398117 7 465
398197 5 318
398243 6 343
398253 4 600
398354 1 94
398754 5 805
399150 1 901
399261 2 63
399755 2 1491
400707 2 39
400772 1 823
400913 3 17082
400932 1 60
401939 2 385
403006 2 71
403108 1 536
403348 1 762
403366 2 823
404318 1 571
404573 2 1164
406010 1 1055
406969 1 1875
407482 3 295
407881 1 481
408164 3 2548
408536 6 464
409253 1 360
409609 3 389
409847 3 726
410443 3 560
410850 6 1067
410900 1 59
411023 1 582
411247 9 1168
411332 2 612
411583 1 60
412346 3 1061
412668 2 605
413053 3 303
413311 3 467
413587 14 827
414044 2 1189
415747 2 72
415840 1 1759
416371 2 92
416916 1 1505
417016 3 157
417300 1 113
417763 1 346
418057 1 399
418734 4 419
419107 1 342
420078 2 1081
420334 3 64
420540 5 187
420702 1 49
420704 4 99
420870 6 501
420909 1 59
421316 1 323
422138 1 486
422524 2 502
422628 1 66
422631 4 417
422642 4 387
423221 6 407
423222 1 328
423272 3 1307
424042 5 125
424754 3 105
425133 1 979
425224 2 472
425466 1 233
425496 2 751
425975 1 61
426061 4 1520
426128 3 606
426249 8 1066
426612 2 133
426702 4 355
426791 2 655
426907 2 163
427423 3 1433
428114 1 292
428355 1 132
429151 5 345
429211 1 271
429819 2 731
430630 2 447
431392 1 815
431635 1 1397
432173 4 682
433681 10 510
433754 1 152
433771 1 57
433930 1 525
434107 3 257
434562 5 259
435058 12 1065
435370 1 442
435556 4 354
435935 8 391
436071 4 176
436401 6 579
436776 1 396
437708 1 577
437751 1 1266
437983 2 400
438010 5 485
439742 4 689
440268 2 643
440297 3 672
440548 2 267
441796 1 343
441977 12 816
442454 1 579
443129 4 458
443177 2 493
443310 2 431
444026 2 72
444065 2 958
444165 1 1839
444557 2 1269
444564 3 517
444571 1 843
444784 2 575
444840 1 315
445185 1 329
445676 1 507
446059 4 1082
446199 2 78
446273 1 686
446363 1 362
446401 1 204
446402 2 85
447428 2 121
447824 2 420
448107 1 324
449004 1 744
449444 1 142
450338 2 340
450625 2 1162
450695 10 1084
450912 3 284
453311 1 490
454640 1 734
455228 1 784
455865 1 655
456747 2 1494
457112 2 1002
457639 4 331
458019 7 2648
458073 1 405
458335 1 886
458876 16 713
459134 5 487
459150 1 513
459453 2 908
459727 4 388
460760 2 626
461118 4 573
461228 1 51
462346 2 273
462892 1 189
463040 1 96
463290 1 429
463617 3 132
463914 5 414
464030 5 1598
464643 1 298
464859 2 397
465296 7 475
465986 2 115
466642 5 928
466985 1 123
468461 3 271
468631 1 83
468772 1 60
469077 11 969
469379 1 350
470126 2 547
470443 1 636
470518 2 655
471139 1 39
471408 1 72
471650 3 187
471685 2 647
471734 1 491
471747 2 817
471748 3 895
472146 1 179
472754 1 581
472800 3 914
473558 1 394
473820 3 156
474013 10 744
475416 1 427
475431 1 423
476031 7 345
476066 5 131
476438 21 663
477483 1 612
477668 1 433
479372 1 750
480034 1 102
480510 4 1198
480979 6 557
481023 9 1085
481323 3 684
481412 1 125
482783 1 408
483520 3 337
483602 1 866
483948 2 136
485898 2 36
486404 3 716
486886 1 362
487626 4 451
487638 4 914
488564 1 453
488672 6 430
489474 2 169
489824 4 1737
490032 3 683
490037 1 654
492387 26 1371
492593 1 51
492810 1 845
492831 2 348
493197 4 347
493211 1 56
493701 1 82
494921 4 556
494943 2 357
495155 1 362
496205 1 560
496427 1 326
496895 2 547
497041 1 138
497042 1 156
497258 3 555
497706 1 49
497825 1 718
497859 4 499
497918 2 282
498332 1 285
498998 2 56
499334 3 539
499344 3 1135
500022 1 565
500283 2 621
500541 1 400
500614 1 48
502326 3 496
502537 1 331
502863 1 326
503115 1 68
503216 1 616
503339 1 571
503725 1 71
503881 6 460
504031 4 1226
504647 1 544
505052 3 266
505207 2 241
505447 1 302
506376 6 265
506545 5 129
506780 1 871
507027 5 156
507113 1 39
507472 2 721
507702 3 82
507828 1 1072
508514 1 141
508645 1 459
508831 2 776
508934 1 1162
510219 3 188
510535 2 544
510614 2 231
511577 1 730
511965 1 632
512148 2 163
512513 3 809
512530 1 121
513010 3 52
513370 7 704
513694 3 107
514240 1 704
514300 3 70
514317 11 600
514851 2 280
515194 1 728
515250 1 1316
515355 5 917
515435 5 889
515616 1 139
516042 1 700
517480 1 234
518156 4 871
518308 13 556
520120 1 339
520167 1 78
520240 5 457
520442 19 808
521230 1 427
522585 2 243
522851 3 404
522858 11 892
523025 1 545
523157 4 179
524056 1 54
524349 3 414
524742 1 75
524829 1 350
524956 4 210
525660 3 123
525667 2 119
525706 1 349
526104 1 849
526167 1 45
526471 2 431
526828 1 218
527263 1 42
527407 10 890
527492 1 49
527503 2 68
528062 1 2803
949 2 231
1491 7 462
1504 12 321
1729 6 494
3781 1 370
4245 6 413
4539 2 405
4548 4 390
4553 2 360
6606 1 338
6772 2 424
7267 1 478
7273 2 303
7274 1 411
7281 9 444
7282 2 426
7288 1 802
7291 1 234
7523 19 395
7524 11 379
7525 18 383
8272 1 273
10391 5 525
10465 1 428
10476 7 393
10489 1 536
10491 4 320
10498 1 443
10499 4 313
10860 8 339
10989 9 205
12523 16 320
12538 6 271
12551 17 390
12566 17 315
12567 20 292
12709 5 20008
13187 2 218
13485 2 296
13486 2 258
13730 24 545
13731 11 531
13732 13 331
13733 23 545
13737 18 314
13738 11 331
13739 11 503
13740 19 500
13742 18 430
13743 27 688
13748 14 461
13750 8 297
13751 10 192
13912 1 17501
14690 1 608
14821 4 269
14822 7 315
14823 3 425
14824 10 404
14825 3 320
14826 4 271
14827 4 299
14828 5 396
14830 2 280
15522 2 442
15864 2 401
15865 7 622
15867 10 606
15953 2 490
16389 12 490
16390 34 662
16391 20 608
16392 20 609
16393 4 439
16395 14 338
16397 14 347
16399 14 338
16401 14 338
16403 14 373
16643 22 3816
16657 5 502
16837 2 212
18074 1 218
18076 1 571
18082 8 438
18083 2 534
18098 1 380
18240 3 337
18419 3 554
18478 10 320
18498 3 298
18501 8 385
18513 3 315
18713 1 444
19125 1 429
19126 17 573
19128 1 595
19135 5 589
19136 7 454
20728 8 453
20729 9 447
21408 4 498
21534 10 467
21614 5 32241
22450 5 561
22451 7 488
23041 1 316
23237 1 496
23471 18 855
23474 8 592
23475 5 483
23476 7 596
23478 6 528
23479 1 266
23480 17 649
23481 7 455
23482 4 215
23483 9 612
23484 11 552
23485 6 460
23486 9 566
23487 5 394
23778 3 396
23933 13 675
23935 32 403
23936 14 443
23938 12 300
23951 3 342
24137 8 267
24146 1 543
24760 8 582
24957 1 449
25154 2 333
25166 1 582
25552 3 421
25554 3 542
25570 3 359
25571 6 468
25572 1 531
26006 1 350
26007 1 333
26020 1 494
26021 1 291
27391 4 338
27442 9 224
27589 6 285
27590 19 268
27591 14 293
27592 9 336
27600 23 453
27607 2 438
27950 2 455
28068 8 362
28588 10 421
28845 21 418
28846 12 328
28847 28 359
28848 13 307
28849 4 345
30074 7 493
30075 16 443
30076 6 390
30077 4 274
30078 5 341
30079 3 215
30080 8 303
30081 4 360
30082 4 182
30083 5 370
30084 5 270
30085 5 278
30086 4 360
30087 10 277
30088 9 357
30089 5 272
30090 12 329
30091 2 241
30092 10 372
30093 5 226
30094 8 255
30095 2 281
30096 14 281
30097 4 296
30098 15 382
30099 1 297
30100 4 415
30446 4 12899
30675 5 277
31084 5 375
31086 7 451
31587 8 296
32252 3 460
32796 13 495
32798 14 317
32800 16 470
32801 13 297
32802 14 310
32803 13 318
32804 12 296
33238 3 285
33732 3 342
34722 5 13257
34894 2 260
35123 9 877
35433 12 454
35434 3 636
35435 10 353
35437 2 196
36098 1 551
36116 23 599
36333 2 510
36391 1 10294
36498 1 20156
36609 2 473
36802 2 29903
37289 12 453
37521 6 229
37522 25 333
38735 1 306
38754 12 445
38759 11 263
38760 9 171
38764 12 221
38766 24 493
38767 29 748
38768 29 489
38769 28 701
38774 17 523
38775 15 545
38783 21 652
38787 16 530
39176 1 374
39178 1 363
39622 17 467
39623 19 441
39624 8 455
40359 2 4913
40414 15 342
41661 1 321
41682 1 427
42359 1 1134
43000 9 250
43001 12 378
43002 19 343
43003 19 259
43205 3 375
43607 2 163
43611 2 345
44051 8 243
44052 17 496
44053 10 460
44054 9 481
44055 4 625
44056 4 305
44057 6 347
45760 35 454
45761 11 284
45917 7 6305
45947 17 11759
46251 1 420
46477 2 408
46478 2 402
46479 1 465
46643 14 327
46917 8 10490
47000 1 173
47522 4 395
47911 12 547
47912 5 341
47920 6 411
47921 10 476
47922 8 402
47923 1 117
47927 4 476
47928 3 429
47930 1 163
49700 9 244
49703 7 232
49704 9 222
49705 3 374
49707 3 120
49708 2 128
50664 8 498
50665 1 527
50666 1 628
50668 2 428
51120 6 432
51408 4 136
51409 10 525
51410 15 492
51411 10 378
51824 10 469
51851 7 343
51924 19 358
52366 1 229
53229 18 775
53234 2 660
53833 7 331
53867 4 177
53870 4 284
54357 10 722
54360 6 597
54362 16 533
54363 13 585
54366 17 344
54368 18 701
54369 21 524
54371 21 517
54373 21 538
54393 5 242
54538 4 234
54539 8 359
54541 17 357
54542 2 312
54543 6 138
56856 1 314
68691 8 371
68843 5 142
70585 5 123
70688 18 432
75427 1 268
98324 5 133
100612 8 160
105870 1 128
120938 1 346
121582 1 303
122733 11 416
123497 6 118
124627 5 546
133038 3 410
133615 4 1258
138369 1 134
140652 4 88
147427 1 349
150234 11 248
151277 8 113
153838 4 82
155194 5 596
161181 3 53
167435 3 93
168817 1 375
172751 9 151
178153 2 295
178298 8 194
179437 1 138
182446 5 130
185944 1 71
187496 3 55
196295 1 204
198031 7 205
198044 4 160
200062 4 82
204426 1 140
210448 1 37
216349 6 126
217768 7 297
218061 4 155
218096 6 170
218355 6 168
219110 5 350
219241 5 144
219812 16 209
220957 3 145
225612 3 100
229991 8 266
233111 4 88
234971 10 342
235510 5 133
235770 4 197
235823 7 305
235988 6 254
236478 7 236
241425 7 171
241982 13 204
242473 5 139
245735 1 241
247415 2 189
249213 1 59
249894 1 988
250343 2 108
251504 6 168
251769 12 256
253465 13 313
255831 1 561
256354 2 71
259494 4 76
261936 10 227
263659 3 66
264774 2 170
264784 2 260
264985 2 155
265813 10 4655
267033 2 2148
267523 1 507
268546 9 181
268585 1 2656
269997 2 5054
279011 1 1796
281001 1 643
283209 1 1947
286335 3 827
286583 26 19748
289838 1 2411
289875 2 3644
289886 4 545
290410 2 1149
291577 3 451
294967 2 7544
295091 1 139
298464 2 181
303734 1 25485
305152 2 1458
308186 3 36306
308187 4 51551
308256 10 266
308464 1 838
308513 2 8438
308680 1 1379
308855 2 3415
308859 9 5677
310225 3 368
310249 1 4923
310756 6 151
311712 3 345
314302 2 1257
314538 1 1587
318329 1 65
320248 1 13098
325534 2 2074
325542 15 3842
325543 2 2471
327042 1 614
327122 3 16929
327123 3 16927
327349 15 8654
327361 8 1715
328506 7 4280
329226 1 8776
329804 2 7586
330099 2 6898
330470 1 123
330735 6 1778
331432 3 8083
332181 2 7521
336030 1 2998
336719 1 6871
341801 1 200
347691 1 3618
351803 1 192
351979 6 133
352301 5 118
352626 1 7519
354142 2 96
354450 3 8639
355820 7 141
359013 1 876
359152 1 9815
360914 10 192
372406 1 14595
373834 2 44460
374014 30 80805
374791 1 217
376072 1 2235
376386 1 9418
376610 1 7750
376905 4 111
377048 4 179
377114 8 243
377207 8 223
377565 2 767
377797 3 214
378071 1 7768
378210 20 411
378325 12 289
378544 27 356
386812 2 529
393526 2 8178
393639 1 4255
395640 1 17885
395714 3 4780
396114 2 4324
396338 2 339
396563 1 2512
396602 1 1070
397669 2 37
397956 2 113
398197 1 318
398243 1 343
398253 2 600
398595 12 2484
399149 2 1963
399150 1 901
399981 3 456
400772 1 823
400913 1 17082
403366 1 823
404067 3 179
404318 2 571
405276 2 310
405698 1 686
406969 1 1875
407482 2 295
408164 1 2548
409370 1 394
409847 14 726
410443 1 560
410602 5 107
411023 1 582
411332 1 612
411651 1 36
412362 7 339
412802 2 90
413295 1 71
414044 1 1189
414150 16 920
415490 5 312
416125 5 191
416623 4 446
416916 1 1505
417291 6 554
417730 1 449
417763 3 346
418260 10 427
418903 1 663
419107 2 342
419999 1 117
420078 6 1081
420621 7 352
420670 1 92
421379 2 78
421387 8 279
421507 1 419
422554 1 771
422580 5 880
422869 2 148
423221 1 407
423222 1 328
423412 6 322
424258 28 751
425133 3 979
425466 11 233
425496 3 751
425512 1 245
425553 3 71
426061 1 1520
427425 33 1035
427495 2 44
428114 6 292
428355 1 132
428696 1 604
429819 1 731
430186 1 637
430630 13 447
430652 1 272
430853 1 1312
431635 1 1397
431771 1 146
432173 2 682
432237 7 248
432510 1 302
433246 1 793
434011 1 177
435187 6 504
436155 3 162
436776 1 396
437708 2 577
437751 2 1266
438080 2 414
438749 2 445
439487 2 412
439654 1 473
440231 1 666
440268 1 643
440437 1 834
440449 1 633
440489 3 94
441796 1 343
442214 2 86
442454 2 579
442807 4 3101
443310 1 431
443673 2 190
444065 1 958
444165 1 1839
444539 1 597
444557 1 1269
444840 1 315
444891 1 406
445185 1 329
445676 3 507
445768 17 607
446059 6 1082
446363 2 362
446971 46 880
447412 10 294
448107 1 324
448306 1 46
448810 2 82
449004 1 744
450625 1 1162
450695 1 1084
450912 4 284
451026 1 181
453246 1 79
453354 1 85
453489 1 167
453546 15 571
455865 1 655
456775 1 617
457449 18 372
457878 1 129
458073 1 405
458508 6 271
458681 15 446
458816 1 206
459189 8 489
459453 1 908
459566 1 342
460543 1 123
460633 1 75
461118 1 573
461817 2 555
462482 1 243
463040 4 96
463099 1 93
463652 7 200
464030 1 1598
464179 2 1717
464548 6 456
464643 1 298
464859 1 397
465296 1 475
465322 1 650
465754 1 1153
466397 1 656
466642 2 928
466985 4 123
467153 2 388
467756 3 554
468069 1 945
468461 4 271
469379 1 350
469896 2 723
470126 28 547
470518 2 655
470711 11 484
471063 3 846
471268 1 330
471685 2 647
471734 3 491
472146 1 179
472754 1 581
472865 1 77
473318 1 430
473363 1 515
473545 18 391
473558 1 394
473677 5 343
473762 3 79
475431 5 423
476292 7 176
477483 1 612
477632 4 169
477668 1 433
477915 24 617
478163 1 102
478437 2 750
478624 2 711
478984 1 125
479479 1 416
480123 5 480
480429 20 628
480510 6 1198
481541 8 142
482407 14 438
482462 2 105
483285 4 103
484947 16 623
484998 6 648
485556 5 500
485859 4 381
488564 7 453
489650 3 259
490037 5 654
490717 3 95
491395 2 504
492810 1 845
493993 1 150
494440 1 1373
494858 3 63
494921 2 556
494943 2 357
495654 1 298
495983 4 83
496205 3 560
497258 5 555
497825 4 718
498270 3 77
498288 1 545
498332 2 285
498450 4 85
499737 2 551
500022 9 565
500541 3 400
502058 6 417
503115 1 68
503216 1 616
503339 11 571
503446 1 747
503881 1 460
504031 15 1226
504647 10 544
505207 5 241
505722 1 572
506780 1 871
507030 1 79
507107 3 57
507472 1 721
507828 1 1072
508645 1 459
509583 2 1064
510189 1 569
511144 2 228
511153 1 454
511305 1 215
511504 4 61
511577 4 730
511768 1 460
511965 1 632
514240 22 704
514360 1 265
514601 16 658
514851 2 280
514976 1 576
515194 2 728
516042 1 700
518042 1 700
518769 1 575
519865 15 420
520120 1 339
520240 1 457
520710 5 224
521956 4 102
522884 1 717
523025 2 545
523678 1 284
523809 7 486
524116 4 101
524557 19 735
524843 30 666
525499 10 494
525633 1 50
525706 6 349
526452 3 88
526898 2 86
527681 1 282
527915 4 77
528062 5 2803
31 14 12233
32 3 9957
33 5 19382
949 1 231
1504 1 321
1646 8 55438
3761 7 286
3781 9 370
4696 32 4744
6606 3 338
7267 2 478
7268 1 253
7281 2 444
7282 2 426
7287 4 322
7288 7 802
7523 7 395
7525 1 383
10086 3 151
10391 1 525
10465 6 428
10489 13 536
10491 1 320
10498 13 443
10499 1 313
10620 7 446
10860 1 339
10918 1 405
10934 7 257
13187 1 218
13485 3 296
13486 3 258
13738 1 331
13742 3 430
13743 1 688
14821 25 269
14822 16 315
14823 5 425
14824 23 404
14825 9 320
14826 5 271
14827 12 299
14828 12 396
14830 2 280
15522 1 442
16393 3 439
16643 11 3816
16657 4 502
16837 2 212
18074 9 218
18076 11 571
18082 8 438
18083 11 534
18086 11 476
18087 27 585
18088 7 481
18094 4 294
18098 3 380
18419 1 554
18478 1 320
18501 1 385
18538 5 345
18540 3 281
18707 4 377
18713 1 444
19128 1 595
19135 6 589
19136 10 454
20728 2 453
21408 2 498
22068 19 1844
22451 1 488
23216 7 370
23220 6 652
23221 1 518
23229 12 382
23237 6 496
23325 5 587
23471 12 855
23474 5 592
23475 5 483
23476 7 596
23477 15 495
23478 4 528
23479 1 266
23480 15 649
23481 4 455
23482 2 215
23483 12 612
23485 1 460
23486 5 566
23487 6 394
24742 12 507
24760 3 582
24957 2 449
25154 1 333
25166 1 582
25374 16 388
25552 1 421
25554 3 542
25570 2 359
25571 4 468
25572 6 531
26006 22 350
26007 9 333
26010 4 272
26020 13 494
26021 2 291
27589 7 285
27592 2 336
27950 10 455
28068 2 362
28217 6 152
28845 19 418
28846 11 328
28847 19 359
28848 14 307
28849 4 345
29153 2 314
30074 4 493
30075 10 443
30076 5 390
30077 2 274
30078 3 341
30079 1 215
30080 2 303
30081 1 360
30082 4 182
30083 5 370
30084 5 270
30085 1 278
30086 4 360
30087 10 277
30088 2 357
30090 2 329
30092 10 372
30093 1 226
30096 5 281
30098 4 382
30099 3 297
30446 1 12899
31084 1 375
31086 1 451
31089 5 274
31587 6 296
32767 6 625
32796 1 495
32798 2 317
32801 2 297
32802 2 310
32803 2 318
33238 7 285
34562 4 294
35123 2 877
35433 1 454
35434 16 636
35903 1 660
36098 16 551
36609 3 473
36802 37 29903
38735 2 306
38759 3 263
38760 1 171
38774 1 523
38775 2 545
39622 10 467
39623 12 441
39624 8 455
40359 24 4913
41661 7 321
41663 9 339
41672 3 202
41682 6 427
41697 6 459
41698 12 271
41703 3 273
43190 1 148
43611 1 345
43708 29 427
43709 6 280
43710 13 240
43715 8 284
44051 7 243
44052 9 496
44053 5 460
44054 3 481
44055 7 625
44056 5 305
44057 3 347
45573 5 383
46249 5 335
46251 10 420
46252 10 551
46477 9 408
46479 2 465
46643 1 327
46917 26 10490
47000 1 173
47642 4 11472
47911 8 547
47912 3 341
47920 3 411
47921 11 476
47922 5 402
47927 4 476
47928 1 429
49700 4 244
49703 3 232
49705 3 374
49707 2 120
49708 1 128
50664 6 498
50665 6 527
50666 4 628
51120 4 432
52366 1 229
53096 22 6232
53833 1 331
54357 1 722
54538 3 234
54539 1 359
54541 1 357
54542 7 312
54543 2 138
55371 3 52248
55597 5 425
55611 2 672
57740 1 405
57752 1 127
57877 2 107
58463 7 487
59941 4 176
59988 1 41
60457 2 28
61822 2 42
62502 2 148
63802 3 822
67083 1 750
71671 1 549
71929 3 302
72531 2 118
74368 1 42
75033 1 139
75248 2 365
75427 6 268
75467 2 278
76722 1 55
76956 1 241
78334 1 204
81764 1 138
82948 1 496
82962 12 695
87508 3 351
87880 2 123
88275 1 459
91786 9 392
100294 3 30
100497 1 46
105870 2 128
108036 8 441
108384 3 31
108511 5 184
109214 1 25
111084 2 63
120938 6 346
121582 7 303
124627 3 546
129031 2 46
129266 3 575
133615 2 1258
137739 3 318
140954 2 180
143774 2 181
145061 4 482
145533 2 88
146591 1 660
146625 2 187
147427 2 349
150628 2 580
150984 2 294
153412 5 661
154098 5 221
154604 3 298
155194 3 596
155433 3 245
155519 4 129
156011 4 256
157980 5 124
158538 1 93
158977 4 570
159311 1 55
159800 8 635
160837 5 484
161183 1 82
162369 2 41
167017 1 150
168478 7 494
168706 13 420
168817 1 375
174991 1 274
177601 2 279
178153 1 295
178227 4 144
178298 1 194
179437 3 138
179693 19 699
181338 2 214
181861 1 200
182915 2 55
186147 6 519
186158 4 409
188347 9 329
191581 1 180
193940 1 69
195117 3 171
196295 1 204
197763 1 70
198279 1 49
199818 2 106
202084 1 167
202897 2 78
203171 1 58
203544 5 105
203607 1 51
204426 2 140
204486 6 397
208805 29 496
209498 5 284
211214 2 508
212254 4 351
219032 6 534
220470 3 280
223478 8 755
225289 15 326
226125 3 76
227837 3 270
227988 2 147
227992 2 49
231987 2 285
235714 2 201
244332 2 233
244747 2 231
247415 1 189
247729 2 44
249313 2 123
249456 4 272
249894 3 988
250343 1 108
253479 6 84
255073 4 362
255409 3 340
255831 1 561
260972 1 5560
262729 1 280
263409 6 177
264278 17 615
265810 1 16729
265816 4 25803
267523 1 507
268389 6 326
268393 1 1487
268585 2 2656
268950 5 272
269697 9 751
271333 2 105
274529 1 289
276078 7 5007
279011 1 1796
280619 2 11500
281001 1 643
283209 1 1947
286335 8 827
286583 5 19748
289875 4 3644
290256 1 30074
290410 3 1149
290781 1 354
291577 4 451
294967 3 7544
295091 7 139
298464 4 181
300976 2 1441
301865 50 18367
303734 6 25485
305152 1 1458
307453 22 49380
308186 1 36306
308464 7 838
308513 3 8438
308680 1 1379
308828 45 1697
308855 2 3415
308859 24 5677
310225 3 368
311712 3 345
312018 1 314
312288 1 404
314302 2 1257
314538 1 1587
320247 17 10051
320248 4 13098
326123 2 14885
326129 63 67196
326638 3 81
327042 1 614
327099 1 395
327122 5 16929
327123 5 16927
327233 4 266
327349 14 8654
327361 11 1715
327394 2 22044
328506 7 4280
329226 3 8776
329687 3 4905
329804 2 7586
330470 4 123
331432 4 8083
332181 1 7521
333485 15 161
336030 5 2998
336719 5 6871
341801 1 200
347691 2 3618
349957 8 471
351803 7 192
352626 32 7519
354238 1 3820
354450 2 8639
357180 1 148
359013 5 876
359152 2 9815
365125 4 209
366259 3 319
371797 2 853
372294 2 1091
372406 26 14595
373253 2 62
373834 1 44460
374232 32 1121
374287 3 451
374791 3 217
374994 3 13993
376072 8 2235
376386 2 9418
376610 1 7750
377565 1 767
378071 1 7768
378544 2 356
378693 11 199
379112 16 243
384537 1 236
386812 2 529
393526 1 8178
393626 14 1054
393629 7 327
393639 3 4255
395640 17 17885
395714 3 4780
396031 3 1694
396114 2 4324
396258 5 38258
396298 18 639
396338 10 339
396563 2 2512
396602 1 1070
396910 15 250
397462 1 698
397586 2 381
397816 2 46
397954 3 608
397956 1 113
398117 2 465
398197 1 318
398243 1 343
398253 1 600
398285 5 74
398354 4 94
398512 4 151
398595 5 2484
398754 13 805
399149 1 1963
399981 4 456
400189 1 30
400772 15 823
400913 12 17082
401939 6 385
402020 4 455
402281 1 424
402544 28 937
403108 1 536
403348 2 762
404067 2 179
404318 2 571
404444 7 201
404573 52 1164
405276 2 310
405698 1 686
406969 7 1875
407482 11 295
407881 3 481
408164 4 2548
409253 4 360
409370 3 394
409472 1 128
409475 3 54
409609 2 389
409847 1 726
409947 3 57
410443 10 560
410900 1 59
411247 11 1168
411332 7 612
411899 1 180
412346 11 1061
412362 3 339
412668 1 605
412813 1 529
413053 1 303
413295 3 71
413311 6 467
413587 7 827
413864 2 930
414044 2 1189
414113 9 302
414150 20 920
414505 23 854
415840 19 1759
415845 2 522
416203 1 39
416264 12 398
416916 1 1505
416980 1 1622
417112 12 540
417300 3 113
417730 1 449
417763 4 346
418057 6 399
418734 6 419
418903 3 663
419453 1 752
419846 1 505
419999 1 117
420078 2 1081
420334 2 64
420442 3 407
420704 3 99
420870 17 501
420894 7 173
421379 1 78
421507 2 419
422138 19 486
422196 5 316
422524 1 502
422554 6 771
422580 3 880
422631 3 417
422642 2 387
422869 1 148
422905 30 683
423221 8 407
423222 1 328
423272 3 1307
423412 7 322
423462 2 187
423725 2 381
424042 4 125
424530 2 131
425133 16 979
425224 17 472
425466 7 233
425496 5 751
425512 1 245
426061 38 1520
426128 8 606
426135 6 246
426222 11 151
426249 15 1066
426390 1 216
426452 5 663
426612 1 133
426702 1 355
426791 18 655
426877 1 100
426907 2 163
427314 2 70
427423 33 1433
427425 3 1035
427743 3 55
428114 7 292
428355 3 132
428833 9 588
428921 5 171
429147 1 316
429819 1 731
430120 3 80
430186 3 637
430234 2 152
430630 1 447
430853 1 1312
431392 7 815
431401 11 287
431635 2 1397
431764 23 454
431765 31 640
431771 1 146
432173 1 682
432510 9 302
432619 6 240
433246 5 793
433699 6 100
433754 8 152
433771 2 57
433820 7 1055
433930 3 525
434011 1 177
435058 10 1065
435187 1 504
435370 3 442
435556 6 354
436071 2 176
436155 2 162
436401 4 579
436776 1 396
437708 4 577
437751 13 1266
437964 10 322
437983 9 400
438010 3 485
438080 24 414
438749 13 445
438825 7 527
439487 11 412
439742 2 689
440231 4 666
440268 7 643
440297 12 672
440437 2 834
440449 1 633
440548 4 267
440722 4 734
441366 2 144
441796 5 343
441977 1 816
442141 1 518
442214 1 86
442454 1 579
442807 5 3101
443129 1 458
443177 13 493
443204 2 112
443310 2 431
443673 6 190
443961 4 49
444065 1 958
444165 2 1839
444539 22 597
444557 6 1269
444564 4 517
444571 11 843
444784 7 575
444840 7 315
444891 19 406
445185 3 329
445378 2 463
445676 5 507
445768 1 607
446098 3 51
446199 1 78
446273 6 686
446401 2 204
446402 1 85
446564 4 51
446971 6 880
447428 3 121
447661 1 93
447704 3 211
447824 5 420
447825 4 427
448107 5 324
449004 7 744
449444 6 142
450017 2 377
450338 8 340
450625 24 1162
450695 23 1084
450912 5 284
451026 7 181
451068 2 36
451394 6 131
452715 4 60
453174 3 273
453183 1 456
453246 2 79
453311 11 490
453354 1 85
453546 1 571
454550 1 225
454640 13 734
455228 13 784
455681 7 262
455865 11 655
456025 2 43
456638 1 100
456747 17 1494
456775 1 617
456935 2 82
457449 2 372
457639 2 331
457735 1 298
458019 23 2648
458073 1 405
458335 2 886
458503 2 218
459134 21 487
459145 5 135
459150 14 513
459453 2 908
459727 3 388
460189 8 526
460633 3 75
460760 11 626
461637 4 153
461801 4 264
461817 1 555
462001 3 810
462482 1 243
462892 2 189
463290 2 429
463617 2 132
463914 2 414
464030 7 1598
464179 39 1717
464548 2 456
464643 3 298
464859 4 397
465296 7 475
465322 16 650
465374 1 257
465685 2 45
465754 25 1153
465986 2 115
466642 6 928
467153 2 388
467756 5 554
467927 2 462
468069 5 945
468461 2 271
468631 2 83
469077 3 969
469895 2 186
469896 5 723
470126 1 547
470443 7 636
470518 11 655
470711 1 484
470761 4 852
470846 5 205
471253 9 135
471268 5 330
471408 1 72
471477 42 1127
471650 5 187
471685 11 647
471734 1 491
471747 4 817
471748 6 895
472146 1 179
472345 8 283
472754 8 581
472800 35 914
472865 2 77
473095 1 245
473318 2 430
473363 2 515
473390 1 631
473419 21 239
473558 6 394
473677 10 343
473820 7 156
474013 1 744
475393 3 278
475416 9 427
475431 6 423
476026 11 555
476031 2 345
476589 13 450
477483 11 612
477632 2 169
477668 3 433
478424 2 160
478624 1 711
478984 1 125
479372 48 750
479479 9 416
479905 1 600
480034 3 102
480429 2 628
480510 38 1198
480979 14 557
481023 4 1085
481323 7 684
481412 6 125
481541 2 142
482417 2 276
482462 3 105
483520 10 337
483602 5 866
483759 52 2593
483948 3 136
484252 23 1072
484301 5 90
484626 26 532
484998 6 648
485330 1 136
485864 6 424
486119 1 1661
486404 5 716
486886 6 362
487626 4 451
487638 2 914
488672 1 430
489650 1 259
489824 1 1737
490032 24 683
490037 27 654
490327 11 355
491233 3 387
491941 6 96
492190 5 81
492387 7 1371
492810 15 845
493197 3 347
493225 4 76
493701 1 82
493912 29 474
493913 3 424
493986 14 722
493993 5 150
494344 24 441
494440 2 1373
494892 3 261
494943 1 357
495155 2 362
495297 7 497
495472 1 121
495496 4 486
495654 8 298
495764 1 109
495800 10 426
495951 2 79
495983 1 83
496021 2 31
496025 7 90
496205 1 560
496427 1 326
496470 1 108
496617 4 1049
496691 7 514
496895 26 547
497041 2 138
497670 11 556
497706 1 49
497825 2 718
497839 6 457
497859 7 499
497918 4 282
497965 2 447
498270 2 77
498288 11 545
498422 11 648
498632 1 206
498739 12 163
498998 1 56
499334 5 539
499344 8 1135
499470 9 598
499737 13 551
499931 3 137
500079 1 101
500283 4 621
500541 1 400
500614 1 48
501349 17 958
502058 3 417
502326 4 496
502537 11 331
502863 12 326
503121 9 617
503216 1 616
503370 22 449
503446 7 747
503657 3 281
503725 2 71
503933 16 482
504031 27 1226
504304 39 774
505052 2 266
505207 6 241
505447 4 302
505469 4 122
505484 1 73
505722 16 572
506039 1 308
506244 18 1596
506309 9 481
506500 3 473
506545 2 129
506780 12 871
506805 14 1379
507027 1 156
507030 1 79
507259 9 1103
507472 17 721
507828 3 1072
508422 2 92
508514 2 141
508645 1 459
508746 5 237
508831 2 776
508934 16 1162
509583 3 1064
510116 16 1198
510189 3 569
510535 1 544
510614 6 231
511144 1 228
511153 12 454
511577 3 730
511768 3 460
512148 1 163
512513 4 809
512530 2 121
512568 1 160
513010 1 52
513055 5 409
513370 8 704
513813 4 77
514317 2 600
514360 2 265
514601 1 658
514976 17 576
515194 3 728
515250 3 1316
515355 1 917
515435 17 889
515616 3 139
516042 1 700
516537 1 165
516653 27 461
517480 4 234
518042 7 700
518156 1 871
518769 1 575
519865 1 420
520120 10 339
520167 4 78
520240 5 457
520442 1 808
521230 1 427
521525 4 138
522153 2 111
522359 4 390
522585 1 243
522788 9 255
522851 12 404
522858 1 892
522884 6 717
523157 3 179
523678 1 284
523809 2 486
524161 2 177
524428 8 503
524557 1 735
524742 1 75
524843 1 666
525020 3 366
525499 2 494
525633 1 50
525660 3 123
525667 2 119
525706 11 349
525719 6 80
526104 11 849
526167 1 45
526385 20 995
526471 15 431
526828 4 218
527407 5 890
527656 21 701
527681 5 282
528003 15 282
528062 1 2803
