48 1 667
2564 2 458
3841 1 150
4312 1 511
4319 1 421
6439 3 6333
6542 1 521
7875 1 314
12056 4 341
12061 1 418
12092 2 431
21015 1 425
21962 2 531
23039 1 620
23729 1 192
24544 1 548
29517 1 350
32083 1 457
33032 1 734
33033 1 560
33035 2 625
33038 2 688
33039 1 573
37221 1 763
38152 1 470
38153 2 482
41435 1 260
43789 1 271
48850 1 520
50104 1 373
51226 1 313
54865 1 152
55375 1 40486
76242 1 580
88186 1 305
108723 1 362
109596 4 123
134437 1 682
181565 1 61
251412 1 453
261092 1 533
265845 1 17259
268500 3 484
272620 1 148
288239 2 234
290379 1 146
298889 2 418
299111 3 573
306175 4 10421
308181 1 3094
326179 1 407
326840 1 839
332414 1 147
337391 1 374
347837 9 63219
348715 1 150
348901 1 151
349510 1 1757
372406 1 14595
373142 2 379
373826 2 601
376805 1 169
393747 2 58177
394754 1 719
395125 1 450
397922 3 1314
399322 1 527
402431 1 447
410022 1 1349
410644 1 3678
414258 1 841
415767 1 1558
416367 1 1299
417293 1 403
418521 1 456
420821 1 324
424697 1 495
426990 1 482
430014 1 1554
430080 1 1029
430168 1 438
431218 1 1785
433466 1 185
433469 1 337
434061 1 537
434195 1 94
436409 1 1463
440684 1 614
440956 1 238
443263 1 156
446767 1 2427
447680 1 608
453575 1 594
454401 1 795
456756 1 377
458476 1 346
459908 1 318
460252 2 201
463447 2 874
466205 1 426
466881 3 1353
467071 1 451
470827 2 1284
471423 1 1199
474864 1 741
476616 1 416
476659 6 773
477075 1 1228
477279 1 369
479142 1 119
482848 1 506
483289 1 197
487750 1 672
497224 2 125
498825 2 363
499241 4 627
504803 5 817
506415 3 486
506614 1 622
506852 1 151
507266 1 393
508640 1 994
509347 1 354
519506 1 395
526010 2 617
526360 1 471
28 13 306
455 3 18030
506 12 254
510 8 560
694 18 526
902 35 489
1189 12 691
2284 5 560
2487 19 488
2490 25 524
2493 22 625
2494 61 716
2495 30 549
2496 25 565
2497 19 590
2499 20 654
2500 18 642
2501 20 632
2502 14 521
2504 36 524
2505 29 567
2506 27 525
2507 32 533
2508 27 594
2571 9 331
2641 9 17392
3981 17 258
3983 17 497
4137 5 16130
4315 4 444
4330 3 499
4334 2 370
4336 6 366
4594 10 476
6367 13 17463
6439 9 6333
6526 2 246
6540 12 302
6541 19 389
6542 40 521
6543 39 536
6544 16 394
6545 19 344
6546 29 568
6732 5 520
6735 10 532
7430 25 510
7432 13 292
7434 18 376
7435 12 434
7576 6 155
8148 8 17754
8163 14 471
9388 18 464
10044 18 491
10366 8 543
10671 1 216
10672 1 311
10782 4 477
11147 6 351
11148 4 286
11149 20 537
11150 11 306
11151 19 416
11152 9 398
11154 7 333
11155 19 335
11156 19 326
11157 23 349
11158 8 384
11159 21 443
11160 20 426
11161 19 345
11162 12 358
11163 4 327
11164 13 353
11165 18 336
11168 9 344
11903 27 507
12056 2 341
12061 4 418
13019 11 227
13135 6 639
13444 7 504
13466 6 257
13473 11 563
13701 4 344
13703 5 530
13912 8 17501
14031 27 514
14032 17 468
14033 22 423
14034 45 726
14037 23 571
14039 22 686
14040 1 1175
14150 17 490
14323 17 462
14384 16 300
14390 13 230
14590 18 412
14591 12 372
14608 12 344
14694 4 441
14695 15 344
14696 14 273
14697 26 496
14698 10 371
15571 5 530
15576 9 419
15577 11 548
15579 6 323
15852 15 425
16382 13 276
16383 4 92
16995 10 387
17088 9 715
17151 22 505
17157 17 471
17158 13 506
17240 5 399
17290 6 550
17721 21 462
17724 31 388
17726 23 445
17727 13 277
17728 25 557
17730 2 73
17731 1 67
17749 9 500
17750 6 527
17754 19 505
17755 16 420
17756 10 637
17986 4 373
17991 3 276
17994 10 480
17998 30 366
17999 24 391
18000 18 350
18013 1 523
18025 1 449
18070 27 626
19003 7 425
19005 17 592
19006 11 399
19008 18 539
19020 10 263
19035 21 608
19038 22 461
19417 8 464
19418 10 503
19422 23 576
19423 9 360
20291 8 204
20296 12 342
20298 20 450
20299 36 468
20300 10 616
20303 9 195
20502 6 579
20659 13 595
20664 16 464
20929 7 278
21614 204 32241
21626 16 382
21649 5 478
21932 8 323
21938 6 315
21966 23 643
21969 7 581
21977 4 525
22088 21 541
22089 52 533
22090 38 504
22091 45 423
22092 48 379
22093 57 395
22094 53 611
22096 18 423
22097 21 603
22098 57 537
22099 45 489
22100 69 506
22101 24 401
22495 15 471
22605 4 556
22612 8 265
22618 9 412
23039 1 620
23986 18 4690
24264 18 623
24267 17 484
24804 7 309
24806 8 306
24807 17 604
24809 3 234
24815 6 266
24816 8 655
24965 9 372
24966 10 353
24967 11 482
24969 5 255
25218 234 9144
25239 7 472
25240 15 405
25241 16 345
25243 13 422
25274 5 506
25483 19 287
25785 12 309
26148 8 317
26527 8 329
26808 8 411
27153 2 474
27424 4 13034
28097 20 436
28099 8 328
28633 5 311
28634 3 324
28686 10 431
28688 6 378
29087 16 549
29088 16 475
29092 7 358
29520 1 406
29521 4 358
30104 8 310
30153 8 485
30192 8 539
30209 5 360
30216 5 423
30681 1 215
30686 4 4151
30852 1 95
31228 6 440
31420 3 271
31426 6 293
31427 4 515
31428 3 246
31438 5 509
31629 3 21435
31669 18 508
32081 2 118
32082 4 406
32083 10 457
32084 10 385
32105 8 284
32106 17 597
32107 12 277
32108 25 481
32110 3 240
32418 4 357
32461 8 315
32462 11 600
32672 10 375
32786 9 316
32787 17 553
32788 24 460
32789 11 481
32790 34 583
32791 16 481
32792 13 457
32793 12 337
32794 10 266
32795 5 215
32979 12 318
33030 3 895
33032 1 734
33033 1 560
33035 1 625
33038 4 688
33251 14 649
33252 13 520
33920 20 662
33922 8 276
33924 21 287
33925 4 104
34246 11 19523
34313 4 516
34317 14 349
34334 8 418
34337 16 551
34395 18 235
34396 25 632
34397 22 695
34399 39 595
34400 28 673
34402 9 177
34403 16 426
34404 8 193
34730 22 510
34732 6 9225
36079 17 661
36080 31 465
36081 32 606
36083 28 578
36087 19 370
36089 21 542
36091 20 287
36092 13 606
36271 5 258
36272 17 455
36344 28 781
36382 25 691
36498 7 20156
37081 10 461
37086 14 541
37091 24 688
37092 21 661
37093 11 592
37313 5 133
37314 4 527
37357 13 505
37361 5 612
37402 1 373
37679 8 291
37891 11 382
37970 7 350
37971 26 642
37972 5 263
37974 26 405
37976 6 459
37977 7 250
37978 14 483
37979 6 441
37982 5 437
37983 21 332
37984 8 211
38133 5 99
38147 6 256
38148 8 440
38150 21 457
38151 7 429
38152 20 470
38153 29 482
38154 14 417
38156 5 236
38157 2 363
38158 8 603
38159 18 378
38160 10 426
38161 7 484
38162 6 422
38163 14 434
38166 11 326
38167 8 155
38168 12 352
38169 8 264
38170 13 302
38471 4 499
38667 15 565
38671 19 420
40027 7 356
40270 12 273
40344 9 376
40345 6 347
40629 13 325
40630 5 407
40632 5 321
41140 11 327
41584 6 224
41629 4 182
41914 16 506
42480 1 208
42663 3 327
42664 10 393
42672 9 276
43136 1 395
43216 2 271
43289 35 467
43290 20 374
43294 46 551
43523 13 512
43640 58 18238
43672 5 267
43789 1 271
44366 4 12535
44378 6 446
44379 2 302
44630 1 206
44679 1 12
44681 5 313
44917 4 379
45005 4 155
45024 12 245
45025 8 206
45074 14 501
45077 12 389
45080 13 573
45537 2 316
45723 15 430
45724 20 430
45872 11 15512
46114 7 402
46242 24 465
46243 31 625
46245 6 339
46247 9 311
47140 9 231
47149 8 356
47457 10 462
47710 4 386
49388 16 429
49389 15 457
49394 299 26545
49536 3 344
49537 14 543
49538 4 191
49539 12 345
49540 9 169
49564 13 528
49565 8 377
49566 2 90
49858 4 239
50396 1 239
50682 2 32839
50812 13 425
51226 1 313
51660 3 222
51673 1 97
51793 7 244
52214 6 64459
52470 6 289
52678 1 15365
52742 9 447
52785 23 543
52789 20 387
52887 20 754
52888 39 708
52892 26 478
53265 23 341
53266 27 596
53483 21 426
53484 9 239
53994 2 4216
54283 11 302
54391 17 399
54393 9 242
54527 25 19068
55075 13 637
55306 6 122
55307 8 341
55310 16 203
55342 7 219
55343 22 409
55344 27 291
55345 8 310
55346 13 184
56085 11 556
57683 3 109
59400 5 661
60793 18 680
61097 3 124
61198 4 185
61362 2 165
64585 1 173
64881 18 704
65436 2 135
66398 1 81
67259 3 224
67773 14 730
69493 1 34
69902 6 249
70246 21 691
71282 2 78
72347 5 147
73095 4 365
73155 1 41
73503 4 464
74654 8 706
79307 3 108
79522 1 55
79775 1 194
79900 1 116
84212 2 140
84663 1 32
85310 3 316
85311 7 404
85313 7 508
85317 10 774
86391 10 471
87608 1 32
88385 2 42
90721 5 582
91995 2 74
96412 4 124
96860 2 65
97562 1 330
97986 1 63
101825 2 75
102641 2 46
102916 4 50
107631 2 40
107636 3 89
109596 1 123
115763 2 150
116248 3 728
118495 5 250
121578 3 99
121645 1 62
125172 1 477
126565 1 140
126566 1 75
126740 1 136
129391 1 52
134431 4 446
134437 7 682
135569 2 104
135883 3 188
136273 3 96
136727 1 144
138660 6 235
139783 4 550
139851 3 264
140185 7 171
140899 1 53
142479 1 55
143877 1 50
144076 3 198
148725 7 243
148794 1 54
150142 1 1056
156180 1 48
157571 5 470
158252 1 313
161369 1 399
164203 1 42
173652 11 546
176398 2 55
178129 4 525
181565 2 61
182032 1 261
187974 4 128
189145 1 222
189334 1 192
193035 7 772
194373 1 322
199131 5 155
200816 1 49
201694 6 188
203757 7 449
203968 1 280
209820 3 89
209825 3 134
210482 3 175
213981 7 224
217134 1 584
218519 1 274
218613 8 474
220073 4 291
222868 3 203
228901 1 85
229910 6 347
231753 4 253
232602 7 185
232875 2 246
233429 3 258
234178 3 150
234181 4 270
234304 1 56
234787 7 213
235938 12 1146
236350 9 210
237138 10 318
237857 6 397
238275 1 40
238635 1 526
239269 1 166
239488 3 127
239733 2 216
240742 1 46
246045 4 209
246066 2 120
246201 1 614
250105 1 61
251412 6 453
252504 5 119
254426 2 81
255421 3 439
255813 7 282
256643 1 50
258199 1 44
258532 1 54
258568 11 520
259527 5 224
259955 1 113
264115 5 280
264245 1 406
265774 6 399
265816 1 25803
265854 1 21100
268120 7 292
269564 3 102
271693 2 160
271849 1 129
272613 1 229
272620 1 148
274442 4 109
276809 5 321
280396 5 384
282022 1 177
282321 8 342
282649 1 120
283735 3 126
286549 5 1133
287035 3 1525
287049 1 2008
287051 1 3048
287056 10 3996
287936 1 237
288142 2 168
288200 1 186
288213 1 201
288214 1 122
289326 2 331
289478 1 2380
290256 18 30074
290440 1 15196
292822 1 174
292870 1 141
293880 10 172
294302 1 174
294428 3 150
294740 1 160
295669 4 203
302439 3 104
302757 1 123
303604 2 284
305468 1 233
306175 10 10421
306314 1 4250
306701 2 88
306797 5 843
307249 3 195
307453 5 49380
307840 5 184
308164 1 1236
308186 3 36306
308719 8 601
308771 2 8972
308809 2 8972
308947 6 16976
308953 1 14138
309001 6 16976
309007 1 14138
309124 3 96
310236 1 731
310272 4 884
310687 5 176
311292 4 134
311380 25 1617
311698 2 151
312780 3 247
313215 3 128
313972 5 179
313976 5 125
314049 1 282
314089 4 188
314270 33 4790
314613 4 136
321356 1 89
321486 4 211
322962 2 92
323411 4 273
324670 4 260
325365 4 462
325400 1 431
325477 12 216
325481 11 328
326005 4 265
326033 2 351
326074 1 336
326123 4 14885
326840 9 839
326842 17 1533
326843 1 1687
327122 1 16929
327123 1 16927
327384 1 19585
327394 1 22044
329193 4 316
329421 2 137
329588 11 514
329889 4 132
329961 3 260
330326 6 314
331338 1 128
333689 2 187
333989 1 128
334874 12 817
335586 5 78
335613 2 81
338297 6 135
340913 2 393
341425 2 74
342271 2 381
343226 3 164
343278 1 133
343638 1 102
344162 1 244
344361 1 98
344369 8 528
344667 3 250
344823 2 103
347703 2 633
347837 7 63219
348715 1 150
348821 1 802
348825 1 655
348831 2 384
348837 1 125
348901 1 151
349511 1 829
349537 1 788
349562 7 922
349979 6 505
350354 16 1821
350449 2 14072
353699 135 2799
354778 2 223
354845 2 89
355002 10 225
355134 2 134
355770 3 116
355916 5 247
356215 9 123
357194 5 70
357323 1 5269
357520 4 135
358038 4 107
359676 1 71
359823 1 71
360676 7 237
360872 5 88
362887 4 231
366201 1 158
366827 1 84
367972 5 140
368362 3 198
368600 2 104
369064 2 82
369891 3 73
370060 7 318
370538 7 670
371932 6 225
371964 6 225
372090 6 215
372281 2 5554
372338 1 364
372638 5 242
373012 2 223
373142 1 379
373145 2 183
373146 22 1583
373401 1 386
373841 1 324
373869 1 314
373955 1 267
373987 11 1770
374014 2 80805
374534 10 646
374654 3 179
377267 8 177
377756 1 126
378247 3 390
379158 3 133
379159 7 274
380107 1 114
380109 1 166
380152 3 198
380755 6 101
381094 2 190
381686 26 961
382422 7 203
382449 6 144
383038 6 342
387182 2 119
389604 5 145
390055 1 116
390073 6 135
390744 1 61
392167 3 126
392694 2 112
393550 31 30891
393747 166 58177
393835 5 254
394798 1 243
394812 1 865
394819 1 97
394898 3 26758
394939 3 760
394950 6 212
395153 2 403
395242 1 23266
395577 5 2785
395584 9 8890
395585 37 30629
402405 4 147
403430 4 491
406058 1 1024
407632 4 382
410022 2 1349
410058 3 407
412387 2 111
412640 3 872
414258 1 841
416037 3 575
421265 11 678
423784 1 491
424697 11 495
424721 2 113
425091 2 431
425813 1 130
426282 1 126
427100 3 156
427593 2 696
428736 1 60
430014 2 1554
430468 1 369
430784 1 70
430894 6 729
431071 5 899
431072 4 1260
431148 5 548
431372 14 937
437024 1 103
440684 5 614
440747 3 404
441292 4 409
442893 2 536
446767 1 2427
447999 13 467
449442 2 418
450691 2 956
451410 1 464
452331 1 55
453464 1 75
454638 3 197
456618 1 1982
456756 2 377
456972 11 389
457842 9 630
458476 3 346
458991 4 124
459651 6 797
459658 1 120
459743 3 219
460037 6 550
460934 1 408
464015 3 619
464289 3 225
465676 4 146
466881 1 1353
467875 9 809
468310 3 611
468823 4 259
469394 2 311
469641 2 365
470668 12 412
471157 3 424
471250 1 755
471927 4 226
472162 5 337
473216 3 107
474678 1 72
476451 1 188
476616 1 416
476659 1 773
476793 5 123
477279 1 369
477587 5 403
478366 5 271
478688 1 449
481944 2 81
483289 2 197
484020 10 936
484585 1 39
485209 8 372
485570 2 94
488200 12 783
488765 3 459
489613 11 715
489728 6 303
490548 1 261
496911 4 214
497098 5 553
498096 2 77
502374 8 325
503008 8 462
504828 10 508
505356 6 732
505485 1 121
509155 5 273
509721 4 522
512306 5 523
512458 3 572
512517 2 119
514716 1 159
515085 2 95
515763 4 613
517586 9 745
517915 3 308
518537 8 521
519320 3 419
520090 1 43
520254 1 299
520583 4 409
521550 1 103
521989 2 266
522795 2 341
523701 3 75
523889 3 107
525028 5 558
