1171 7 207
1397 1 369
1491 6 462
1646 1 55438
1726 3 586
1729 1 494
3253 2 146
4064 1 3618
6727 3 309
7533 12 309
8918 4 349
10857 3 5056
10898 12 228
10900 11 335
10907 11 206
10909 12 260
10920 1 318
12538 8 271
14824 1 404
15455 11 421
16846 19 422
18371 1 335
18705 2 335
18712 1 440
18716 1 468
21220 4 6993
22451 5 488
23332 2 557
23922 4 487
23933 7 675
23934 3 596
25091 1 2607
28226 1 323
28854 1 319
30119 4 445
30120 6 422
30142 3 452
30374 3 384
30901 1 6266
31206 1 322
32186 9 765
32187 5 484
32202 5 311
32203 3 503
32213 4 509
32224 7 564
32238 8 493
32800 7 470
34261 2 622
34901 1 415
36097 1 526
36169 1 483
36188 8 350
36189 11 440
36195 3 165
37288 7 506
37289 5 453
40359 3 4913
41463 1 304
42526 1 356
43004 2 374
45006 1 6265
45143 1 364
45144 1 450
45180 13 475
45181 2 566
45206 4 329
45209 5 310
45211 4 334
45212 1 418
47000 7 173
47642 3 11472
48925 7 227
49208 4 330
49210 10 315
49214 12 327
49221 1 197
49225 7 299
49227 1 290
50175 4 108
50397 1 288
50442 4 473
50443 3 330
50682 1 32839
51125 2 345
51129 1 337
51844 3 216
51851 11 343
51859 2 97
55157 8 287
55371 1 52248
55619 9 443
57239 1 182
60296 15 486
64920 1 37
70031 1 346
71268 1 221
72015 1 323
74788 3 128
74872 5 231
81966 5 704
85020 1 32
87509 1 111
94438 1 35
100033 4 221
102721 1 551
105125 1 215
106322 1 307
108383 1 36
109164 1 102
109174 1 133
129384 1 95
135906 3 186
138587 3 93
139030 3 191
140160 2 68
142622 1 44
150071 1 40
151765 1 212
153361 9 1026
159741 2 75
161236 1 576
161954 5 705
163733 17 496
164852 1 746
166281 3 69
167673 6 133
167809 1 81
169800 1 63
171385 1 426
172032 1 79
175280 1 475
182681 1 173
182697 1 77
187275 7 148
187510 1 128
190203 1 148
190763 1 1025
193820 1 541
196978 1 275
199593 2 129
207591 2 707
208043 1 81
208055 2 112
224728 11 224
224779 2 85
226662 1 320
230559 1 513
230623 1 125
230625 1 148
230907 1 447
231444 1 682
233815 5 93
235060 2 520
240239 2 655
253465 4 313
254637 2 110
256168 1 119
260706 2 137
261885 2 340
262717 1 296
262917 1 661
263929 5 255
265272 1 134
265375 1 111
286583 4 19748
290410 1 1149
306892 1 1907
307453 1 49380
308754 2 1557
308792 2 1557
308855 22 3415
308859 5 5677
325540 16 3234
326280 4 293
327349 5 8654
327361 1 1715
347837 1 63219
350317 1 894
372417 4 1143
373834 26 44460
374014 3 80805
394677 1 112
397285 2 512
397455 2 465
397701 3 213
397981 6 128
398535 19 893
398595 18 2484
400252 8 251
400608 19 885
400901 5 540
401177 3 457
401590 1 515
401707 6 638
402239 2 230
402947 2 138
403524 1 170
404190 1 635
404246 2 913
404363 4 1003
404573 3 1164
404870 4 694
405023 1 623
405474 23 469
405592 2 704
405675 1 1384
405921 10 1033
406675 6 247
406929 1 238
407724 7 943
407984 4 224
408339 1 440
408384 1 289
408670 2 203
409427 7 338
410036 2 149
410214 2 867
411161 2 798
411311 1 113
412198 1 840
412314 1 750
412408 1 220
413487 6 581
413514 5 740
413578 1 82
414436 25 621
414642 2 476
414770 10 325
414775 5 286
415228 3 1424
415615 1 95
415890 2 800
415903 1 94
416549 11 508
416964 3 182
417352 11 425
417429 1 710
418193 2 581
418705 11 292
418991 4 232
419091 9 1641
419272 8 393
419636 2 84
420395 6 1540
420446 6 331
421433 1 219
421679 2 988
422030 2 410
422265 3 117
422581 16 606
422772 6 124
423265 1 62
423443 1 1371
423901 1 566
424009 4 717
424758 25 473
424966 6 476
424993 3 715
425512 11 245
425515 7 123
425809 8 234
425900 1 423
426061 2 1520
426095 1 227
426266 1 132
426528 1 181
428698 2 1077
429819 4 731
430941 15 485
431031 5 796
431033 3 924
431034 5 179
431254 9 508
431305 4 149
431665 5 429
432725 1 475
432990 1 427
433346 1 177
433527 12 468
433666 4 310
433667 2 1028
433672 5 588
434360 6 348
435375 7 524
435630 2 351
435954 1 640
436062 1 236
436256 17 877
436708 18 1192
437325 1 1272
437553 3 778
437669 10 277
437681 1 957
438867 16 1068
439416 5 322
440005 17 299
441578 1 2452
441647 4 104
441796 4 343
441891 5 1545
442055 3 526
442364 22 419
442627 1 63
442678 1 416
442807 19 3101
442837 3 158
443796 1 956
444414 1 423
444467 6 599
444707 2 1891
444880 2 846
445045 7 441
445170 1 522
445350 1 272
445419 1 589
445677 6 408
446904 39 1251
448060 5 919
448107 4 324
448159 1 435
449007 1 613
450625 1 1162
453799 8 837
454006 3 44
454036 28 695
455186 5 197
456546 5 636
456762 1 462
457222 5 107
457734 1 526
457865 3 105
457963 6 201
458630 1 111
459000 8 446
459350 9 329
459557 4 883
459871 5 399
460287 4 344
460817 20 1049
460915 2 2090
461082 2 153
461685 1 93
461687 23 1086
461843 7 517
462272 14 691
462555 3 100
465134 3 194
465470 1 109
465914 5 143
466729 3 1612
467798 2 705
468145 2 443
469182 3 863
469848 1 332
470138 5 110
470417 2 114
471081 2 418
471369 1 74
471462 3 685
471837 7 333
472038 1 205
473049 1 109
473283 1 616
473635 3 197
473669 1 143
473732 1 202
473758 30 648
473866 27 976
474325 1 116
474548 16 454
474628 1 418
474757 14 289
474834 9 486
475183 2 488
475214 17 342
475431 3 423
476150 2 452
477118 2 715
477937 8 677
478161 3 261
479181 3 151
479606 1 1539
479795 4 463
480510 3 1198
481217 2 1013
481429 2 342
482220 1 257
482874 4 917
483815 4 634
484002 1 771
484358 1 423
484371 6 1047
484540 14 838
484613 1 453
484630 3 87
484659 5 437
485090 1 511
485135 1 266
486776 4 79
487647 1 196
487735 8 350
487921 2 100
488017 1 563
488897 19 335
489018 1 931
489192 17 551
489388 1 173
489819 16 400
490221 2 71
490285 1 1055
490717 1 95
491183 12 315
491337 2 265
492032 2 196
492265 2 310
492422 8 244
492824 1 807
492828 7 502
492896 1 388
493287 2 1188
493605 29 909
495169 7 194
495446 1 82
495660 7 298
496033 2 384
496555 1 1413
496596 26 2298
496691 2 514
497507 1 812
497759 7 133
498246 2 459
498951 1 172
499188 7 584
499512 11 234
499737 17 551
499930 3 243
499979 11 512
500053 1 160
500231 1 665
500542 2 303
500608 2 303
500795 1 71
501581 1 2936
501890 1 168
502045 23 764
502084 1 1164
502161 1 517
504225 1 353
504330 21 569
504903 10 941
505239 2 492
505360 1 489
506051 2 456
506580 12 468
507010 11 741
507123 6 191
507243 3 708
507298 11 389
507574 4 86
508086 1 3798
508423 1 99
508952 4 132
509265 3 573
509848 1 1176
509849 4 386
510287 2 221
510796 4 328
510804 19 441
510977 6 268
511153 4 454
511533 2 87
511542 11 627
512142 7 1100
513018 5 244
513462 1 79
513566 15 589
514248 5 339
514271 1 368
514303 2 382
515146 1 863
515244 2 455
515614 5 118
515749 3 1248
516036 20 704
516395 1 511
516653 6 461
516819 9 281
517645 1 129
517767 3 673
517905 11 279
518158 18 395
518370 2 75
518389 7 172
519349 1 372
519355 1 380
519488 3 54
519764 1 216
521005 7 326
521532 4 436
521563 5 217
521915 6 496
522226 5 428
523005 1 298
523008 19 755
523752 1 458
523887 1 432
523941 20 570
523982 1 90
524350 23 846
524351 1 478
524396 2 90
524946 3 317
525408 1 349
525678 7 764
525828 1 766
525978 4 611
526057 5 90
526061 12 248
526106 1 1155
526267 11 381
526909 1 186
528062 3 2803
33 1 19382
1646 2 55438
1726 6 586
1729 1 494
2232 1 3252
3253 2 146
3583 11 409
4179 6 569
6727 1 309
8918 1 349
9166 1 17203
10900 1 335
10909 1 260
12538 1 271
14824 4 404
16846 2 422
19964 1 178
21220 3 6993
21614 11 32241
22451 4 488
23933 2 675
24438 1 301
24444 5 598
30119 3 445
30120 3 422
30142 4 452
31345 4 1570
31846 9 5130
32186 2 765
32187 2 484
32202 2 311
32213 2 509
32224 2 564
32238 4 493
32800 2 470
34485 7 347
34491 36 734
34722 1 13257
36188 3 350
36189 8 440
36195 1 165
37288 5 506
37289 4 453
41374 1 135
45180 1 475
45462 9 367
45947 2 11759
49208 1 330
49210 3 315
49214 1 327
49221 1 197
49227 1 290
50397 1 288
50442 4 473
50443 3 330
50682 1 32839
51125 2 345
51129 1 337
51844 2 216
51851 9 343
51859 1 97
54017 3 424
54018 4 575
56622 1 32
56729 1 136
58652 1 318
60296 1 486
61334 1 30
63331 2 33
64411 9 506
64920 1 37
66337 1 34
66353 1 35
70031 6 346
71268 1 221
71605 25 856
72015 1 323
74788 4 128
74872 5 231
78990 1 192
81966 1 704
81970 2 108
97484 3 437
99211 1 747
99410 1 62
99522 1 68
100033 1 221
100297 1 39
100739 2 78
102721 1 551
102722 1 613
105125 4 215
106322 1 307
107036 1 42
108310 1 64
108383 1 36
109164 1 102
109174 1 133
118598 1 787
119416 2 30
121069 5 739
122474 1 46
123691 1 44
123999 1 258
129384 1 95
130731 1 422
135711 1 79
135906 1 186
138452 1 78
138587 1 93
139030 3 191
140159 1 69
140160 1 68
143219 15 488
143220 9 379
143820 3 91
145163 1 76
145262 1 189
146395 1 76
147827 5 198
148534 1 321
151765 1 212
152460 2 852
153224 2 55
153361 8 1026
153780 1 621
154356 1 45
154443 1 59
156771 2 116
157837 1 640
159741 1 75
161042 1 221
161105 1 385
161236 1 576
161954 3 705
163733 17 496
164852 2 746
165251 1 64
166281 1 69
166455 7 604
167673 2 133
167809 3 81
167855 1 91
168541 1 61
168739 3 119
169775 1 765
169800 1 63
169849 1 215
171075 1 367
172032 1 79
173873 2 228
174970 1 730
175280 1 475
176203 12 566
176577 2 56
177087 1 61
179219 1 525
180982 1 222
181793 1 36
182681 1 173
182697 1 77
184130 2 77
187275 3 148
190203 1 148
190763 2 1025
190834 1 649
193820 1 541
196008 2 734
196137 1 43
196978 1 275
199593 1 129
204242 1 39
204728 25 516
207591 2 707
208043 1 81
208055 2 112
214210 3 102
214662 1 60
216543 6 266
216659 2 85
217350 1 520
224728 6 224
225447 1 73
225746 1 228
226662 2 320
228675 1 405
229274 1 84
230559 2 513
230623 1 125
230625 1 148
231444 1 682
231528 1 43
232422 1 44
233815 3 93
235060 1 520
235837 1 52
237342 1 268
237962 1 55
238003 1 489
238031 2 260
240239 2 655
246079 2 109
246378 6 308
250817 1 77
250839 1 60
253465 1 313
254637 3 110
255878 1 65
257005 1 169
259619 7 262
260706 1 137
261631 1 354
261885 4 340
262917 1 661
263929 2 255
264578 1 43
282060 1 79
284065 1 62
286583 33 19748
287455 3 1380
288254 1 287
290410 2 1149
292796 1 72
292825 1 53
300333 1 79
303151 1 74
306390 1 317
306391 1 296
306968 1 294
306970 1 316
307453 9 49380
307568 1 64
308754 3 1557
308792 3 1557
308855 2 3415
308859 8 5677
313881 1 70
320965 1 77
321146 1 78
322190 2 75
325540 5 3234
326232 1 198
326280 4 293
326318 1 73
326320 1 115
326343 1 134
327349 16 8654
327361 2 1715
329583 1 77
331020 1 84
331185 1 75
348750 1 90
350317 2 894
352147 1 76
352535 1 67
372417 2 1143
372856 1 836
372940 1 659
373834 2 44460
374014 1 80805
376280 1 68
384933 1 1737
387973 4 192
393747 2 58177
394399 1 752
394514 1 992
394986 1 85
397285 1 512
397455 2 465
397503 3 340
397701 2 213
397981 6 128
398284 4 544
398535 12 893
398595 5 2484
398982 3 975
399109 2 85
400071 1 71
400252 1 251
400608 13 885
400901 2 540
401177 2 457
401707 1 638
402239 1 230
403524 1 170
404246 1 913
404573 1 1164
404870 3 694
405474 5 469
405592 2 704
405675 2 1384
405921 2 1033
406359 1 95
406675 1 247
406811 3 586
406929 1 238
407724 4 943
407984 1 224
408384 1 289
408388 2 225
408432 1 65
409197 1 44
409427 3 338
410036 1 149
411161 2 798
411388 1 35
412314 1 750
413487 2 581
413531 1 297
413578 1 82
414436 7 621
414642 1 476
414770 6 325
414775 2 286
415228 1 1424
415317 4 103
415615 1 95
415890 8 800
416549 4 508
417352 3 425
417429 1 710
418705 2 292
418898 1 61
418991 2 232
419091 2 1641
419272 2 393
419636 3 84
420395 3 1540
420446 4 331
420599 2 64
421679 1 988
421920 1 476
421968 6 388
422030 1 410
422265 1 117
422581 6 606
423265 1 62
423443 5 1371
424009 2 717
424758 7 473
424966 3 476
424993 1 715
425512 1 245
425515 4 123
425809 6 234
426057 1 292
426061 1 1520
426095 2 227
426266 1 132
427315 1 66
428607 5 97
428698 2 1077
429819 2 731
430941 3 485
431031 4 796
431033 2 924
431034 4 179
431305 2 149
431532 1 127
431554 2 849
431665 1 429
432725 1 475
432990 1 427
433527 3 468
433666 2 310
433667 2 1028
433672 4 588
434360 3 348
435375 3 524
435630 1 351
435954 1 640
436062 1 236
436256 10 877
436708 5 1192
437325 3 1272
437553 4 778
437669 2 277
438867 7 1068
439416 3 322
439668 1 73
440005 2 299
441796 3 343
441891 3 1545
442055 1 526
442364 6 419
442404 2 83
442627 1 63
442678 1 416
442807 9 3101
442837 1 158
444325 1 667
444414 1 423
444467 3 599
444880 2 846
445045 2 441
445170 1 522
445350 1 272
445419 1 589
445677 2 408
446270 2 331
446668 1 76
446904 5 1251
448060 6 919
448107 3 324
448121 1 49
449251 3 899
451470 1 37
453799 2 837
454036 3 695
454151 10 715
455186 4 197
456218 1 337
456325 1 65
456331 5 191
456471 2 401
456546 3 636
456969 5 1081
457222 1 107
457865 2 105
457963 7 201
458630 1 111
459000 2 446
459116 3 404
459350 1 329
459557 2 883
459605 1 45
459861 1 94
459871 2 399
460287 2 344
460817 2 1049
460915 2 2090
461082 1 153
461685 1 93
461687 16 1086
461843 3 517
462272 8 691
462555 1 100
463069 7 1263
464655 1 280
464872 1 153
465272 1 395
465470 1 109
465914 4 143
466729 2 1612
467357 1 41
467798 1 705
468145 1 443
468369 1 362
469182 2 863
469848 3 332
470417 2 114
470655 1 35
471369 1 74
471837 2 333
471972 1 56
472038 1 205
473049 1 109
473186 1 62
473635 1 197
473732 1 202
473758 9 648
473866 3 976
474180 1 110
474325 1 116
474548 2 454
474628 1 418
474834 3 486
476250 11 3982
477118 1 715
477710 1 798
477937 1 677
478161 4 261
479795 3 463
480510 1 1198
481070 8 589
481217 4 1013
481429 1 342
482220 1 257
482874 4 917
483815 3 634
484002 1 771
484358 1 423
484371 1 1047
484540 3 838
484625 1 47
484630 2 87
484659 5 437
485037 8 1727
485090 3 511
485135 1 266
485632 1 68
486776 4 79
487647 2 196
487735 1 350
488017 1 563
488025 2 70
488651 1 58
488851 2 81
489192 1 551
489819 1 400
489938 1 593
490221 3 71
491337 2 265
492032 1 196
492824 1 807
492828 3 502
492989 2 63
493287 1 1188
493605 16 909
494590 1 350
494687 1 496
495101 2 58
495169 2 194
495446 1 82
496033 1 384
496555 3 1413
496596 37 2298
496691 4 514
497507 2 812
497759 3 133
497981 1 38
498013 10 479
498246 2 459
498805 1 667
498930 9 560
498951 1 172
499512 11 234
499737 5 551
499930 1 243
499979 5 512
500053 1 160
500608 1 303
501581 1 2936
501890 1 168
502045 3 764
502084 2 1164
502161 1 517
504225 1 353
504330 8 569
504903 7 941
505360 1 489
506051 1 456
506580 5 468
507123 4 191
507243 1 708
507298 8 389
508086 1 3798
508297 2 123
508423 1 99
508893 1 66
508952 3 132
509450 2 508
509456 1 420
509629 1 764
509848 2 1176
509849 3 386
510287 2 221
510359 1 74
510796 2 328
510804 4 441
510977 3 268
511533 2 87
511542 19 627
512142 4 1100
513018 6 244
513566 1 589
514248 8 339
514271 1 368
514303 3 382
515244 1 455
515614 1 118
515706 2 72
515749 2 1248
515821 4 271
515930 1 110
516036 3 704
516395 2 511
516653 4 461
517645 1 129
517767 13 673
517905 10 279
518158 14 395
518207 5 502
518370 1 75
518389 1 172
518698 1 36
519349 1 372
519355 1 380
519764 1 216
521005 1 326
521532 2 436
521563 2 217
521915 1 496
522226 2 428
523005 1 298
523008 2 755
523752 1 458
523887 1 432
523982 1 90
524350 12 846
524351 1 478
524396 2 90
524946 3 317
525219 1 303
525408 1 349
525678 3 764
525828 1 766
525978 6 611
526057 4 90
526061 5 248
526106 1 1155
526267 6 381
526909 1 186
31 13 12233
32 14 9957
33 103 19382
880 3 356
1397 1 369
1646 2 55438
1726 2 586
1729 12 494
2232 53 3252
3492 43 1768
4064 46 3618
4179 5 569
4299 15 431
4421 209 5382
4807 29 1079
5233 13 293
6034 18 1032
6350 22 232
8852 17 555
9166 873 17203
10168 19 343
10169 20 399
10171 19 338
10172 19 354
10610 10 566
10900 1 335
10909 1 260
10920 1 318
11503 16 503
11671 12 348
12327 2 457
12538 1 271
13397 1 177
13853 20 366
13983 38 1414
13984 14 495
14188 20 389
14824 1 404
18705 12 335
18716 18 468
18717 13 242
19142 1 403
19147 1 353
19159 19 344
19161 18 342
19705 2 401
19868 12 800
19870 18 1666
21220 8 6993
22350 10 536
23332 1 557
23922 3 487
23933 9 675
23934 7 596
24438 9 301
24444 8 598
24448 12 416
24751 2 365
25091 52 2607
25651 4 474
26031 2 334
26051 23 1453
27504 18 331
27607 2 438
27634 20 634
28853 84 3522
28854 1 319
29548 13 1421
29710 15 406
30374 5 384
30384 6 405
30476 19 403
30901 1 6266
31206 1 322
31345 64 1570
31509 43 972
31846 10 5130
32187 2 484
32202 2 311
32203 1 503
32238 2 493
32364 6 198
32365 9 334
32455 29 1542
32913 20 347
33797 25 2041
34257 4 606
34261 5 622
34359 17 555
34485 1 347
34722 186 13257
34834 28 1287
34901 7 415
36097 6 526
36098 13 551
36169 16 483
36170 21 589
36176 21 591
36391 37 10294
37215 6 536
37216 14 382
37220 1 306
37447 16 336
38046 22 356
38743 33 2241
39710 19 2655
39711 88 2291
39712 14 5030
39713 91 3484
40147 5 385
40359 2 4913
41143 24 546
41463 1 304
41841 6 420
42312 14 207
42526 6 356
43004 1 374
43029 10 502
43832 28 484
44512 11 433
45006 1 6265
45142 28 344
45143 24 364
45144 17 450
45180 1 475
45181 14 566
45206 2 329
45209 2 310
45211 1 334
45212 2 418
45297 19 363
45298 18 388
45299 21 361
45917 37 6305
45947 262 11759
46013 26 871
46440 10 245
47642 1 11472
47853 1 548
48527 4 320
48882 14 3961
48884 40 1709
48925 5 227
49208 1 330
49214 1 327
49221 1 197
49225 1 299
50224 4 194
50442 2 473
50443 3 330
50466 5 449
50560 18 3018
50682 7 32839
50683 1 9266
51705 68 1921
53011 50 1599
53096 208 6232
53892 15 251
54477 26 1749
55371 13 52248
55619 2 443
57004 5 73
57190 3 44
57239 5 182
57572 5 1236
57598 2 137
57708 2 147
58225 6 193
58652 2 318
60360 1 29
60817 6 138
61096 2 137
61109 1 28
62112 4 72
63087 2 29
63093 2 27
64234 5 109
64360 7 101
64857 2 319
64920 1 37
65017 19 582
65343 14 586
67218 3 87
69100 1 30
69108 1 33
69206 9 231
70178 3 50
71268 5 221
72015 7 323
72957 13 207
73133 4 92
73232 4 92
78990 6 192
80081 1 570
81966 21 704
81970 1 108
81990 4 118
86163 2 27
87509 1 111
89334 3 26
91672 7 139
92358 10 427
92873 2 666
93888 2 86
95408 3 63
97142 15 610
97162 13 584
97484 9 437
99211 12 747
99410 2 62
99706 2 128
99714 2 44
100297 1 39
100745 7 514
100867 7 363
102720 22 506
102721 23 551
102722 19 613
103073 14 652
106322 2 307
107446 17 558
109137 9 217
109410 11 297
109816 9 173
110751 10 264
110820 2 123
111629 6 212
112901 4 176
112904 7 249
113588 4 77
113753 25 795
114138 11 202
114613 4 559
116182 2 28
117259 4 388
117617 8 433
117929 26 995
118534 14 275
118598 31 787
119145 13 484
119151 1 271
119347 3 33
119619 11 209
120322 1 148
121069 12 739
122307 10 215
122787 1 205
123691 1 44
123999 8 258
125613 3 250
125876 4 66
126097 8 180
126173 8 309
126667 4 150
127203 8 255
128721 3 45
129670 11 504
130138 8 279
130731 1 422
130858 10 202
132627 7 477
133280 2 114
135665 1 74
136162 3 58
137769 19 732
138152 5 148
138950 4 612
139030 1 191
140159 2 69
140459 10 937
140472 8 270
140473 2 277
141116 4 132
141523 6 134
145262 4 189
146239 8 267
147141 10 821
148534 12 321
149029 5 160
149108 3 70
150165 2 233
150530 10 233
151264 5 206
151765 1 212
151920 6 191
152460 4 852
152671 1 160
152852 7 474
153361 1 1026
153780 12 621
153813 7 938
154263 12 559
154524 4 301
155423 7 198
157837 1 640
157975 2 44
160327 4 113
161042 7 221
161105 10 385
161236 1 576
161954 29 705
161990 2 51
163062 1 47
163561 16 720
164803 20 386
164852 8 746
164998 9 255
165409 7 201
166455 9 604
166552 10 268
166822 9 131
167202 6 238
167463 3 52
168923 23 504
169212 6 415
169775 14 765
169849 4 215
170109 6 175
170812 8 339
170824 1 328
171075 16 367
171385 15 426
171446 1 218
173347 2 61
173873 4 228
174601 3 211
174970 5 730
175279 13 221
175280 3 475
175590 2 75
176064 8 269
176184 5 213
177788 16 782
177926 13 212
178596 24 461
178931 6 233
179219 1 525
179692 6 412
179832 15 525
180350 4 110
180982 6 222
182591 7 211
182800 5 291
184302 23 748
185123 16 306
185209 5 109
185493 4 81
185733 14 640
187510 1 128
188125 7 493
188628 9 128
188632 19 254
189237 8 223
189259 4 227
189623 4 222
190059 5 566
190203 1 148
190395 16 670
190593 5 186
190834 19 649
190965 4 275
193475 10 240
193820 1 541
195005 2 294
196008 26 734
196599 15 274
196978 3 275
199560 6 320
200279 11 221
200402 5 211
201234 7 256
202028 1 103
202112 13 189
202505 8 275
202845 16 371
202882 1 239
202976 1 62
203101 2 378
203354 3 71
203420 1 211
204413 26 859
204879 1 311
205663 9 687
206108 7 136
206201 1 180
206570 1 175
206811 7 159
206866 1 99
207591 2 707
209285 16 349
209426 4 195
209980 8 235
210583 19 518
210586 20 684
211744 5 191
212084 2 546
213509 13 189
213517 10 139
215728 8 148
216407 3 182
217350 4 520
218193 4 130
218410 36 819
218587 7 164
218797 6 280
218987 4 144
219373 7 224
219376 11 288
220029 5 270
220197 6 261
221706 29 852
222011 9 367
222607 1 81
223891 11 413
224094 6 244
224259 1 604
224779 1 85
224812 5 284
224886 6 229
224891 6 229
225746 11 228
226662 4 320
226997 14 436
227127 10 252
227269 5 73
228675 4 405
229274 2 84
230507 4 380
230559 8 513
230907 16 447
231630 1 239
231850 3 223
232120 4 134
232520 6 256
232622 5 138
233184 12 246
234359 18 860
234758 5 207
234857 2 88
235060 2 520
235326 4 109
236502 13 507
237342 8 268
238003 21 489
238031 11 260
238148 9 923
239212 22 806
239811 2 152
239953 3 652
240239 1 655
240785 15 501
240922 4 336
240931 4 179
241121 5 453
241396 3 193
241479 12 229
241932 2 173
242440 13 335
242843 15 562
242845 14 548
244714 3 143
245433 2 169
247877 8 467
247944 2 77
251551 16 437
253282 6 237
253887 17 363
255236 7 203
256168 1 119
256540 1 182
256753 4 264
256990 3 85
257005 3 169
257509 1 251
259202 5 124
260116 1 181
260380 3 231
260435 6 317
261631 11 354
261885 5 340
262717 2 296
262917 6 661
263225 6 147
263277 9 258
264229 10 298
265234 10 271
265441 10 253
276029 9 188
277105 4 143
277875 3 214
287443 18 252
287455 3 1380
287471 5 94
287505 9 195
287548 12 204
287550 7 102
287556 27 526
287567 4 310
287576 13 586
287637 4 135
287638 24 407
287661 34 700
287678 5 292
287679 21 850
287683 18 297
287684 24 356
287739 26 406
287760 31 718
287820 3 150
287836 57 1989
287842 23 687
287877 21 226
287892 16 148
290118 16 151
290410 2 1149
292455 11 226
298240 8 617
305194 6 131
306390 19 317
306391 13 296
306892 124 1907
306898 2 75
306968 13 294
306970 20 316
306989 6 135
307023 8 621
307030 7 277
307078 23 386
307154 28 686
307174 19 378
307176 30 444
307191 5 245
308434 23 432
308754 4 1557
308792 4 1557
308855 2 3415
308859 21 5677
325540 23 3234
325759 18 315
325769 8 112
325776 2 217
325780 9 117
325785 42 705
325795 38 760
325835 5 87
325870 13 167
325889 5 87
325898 5 124
325904 18 434
325943 5 217
325993 5 278
325994 4 81
326007 26 328
326183 1 149
326198 14 189
326199 10 192
326280 2 293
326343 4 134
327349 22 8654
327361 52 1715
330167 18 263
337941 13 159
339853 26 385
345539 1 228
347381 25 355
347837 11 63219
347869 1 47445
348319 3 212
348381 75 1414
348386 3 242
348403 63 1670
348461 23 340
348520 26 396
348531 16 261
348566 13 166
348599 5 171
348600 8 166
348601 14 203
348604 15 185
348633 24 435
348692 21 309
348698 15 168
348700 25 352
349579 24 463
349742 63 1678
350317 1 894
350357 1 4293
352199 15 192
354149 30 368
360201 17 231
360597 19 296
365498 4 413
368848 16 211
370322 22 304
370718 22 335
371194 1 107
372417 1 1143
372581 26 280
372582 31 544
372649 17 232
372687 17 257
372700 10 182
372734 74 823
372757 22 305
372812 21 420
372824 8 114
372826 4 77
372848 33 506
372851 25 379
372856 54 836
372857 4 91
372928 15 312
372940 33 659
372961 6 308
372962 26 532
374014 3 80805
374810 9 482
374811 1 344
374818 3 200
374945 42 879
381096 8 381
384933 49 1737
393747 1 58177
394377 8 293
394383 21 314
394393 34 735
394399 21 752
394442 3 379
394480 9 113
394494 47 922
394496 14 179
394514 58 992
394583 10 321
394650 6 385
394658 8 220
394677 5 112
394684 11 376
394686 11 129
394695 8 257
396442 8 113
396473 38 1546
397285 1 512
397377 11 279
397455 1 465
397503 16 340
397701 11 213
397844 1 115
398284 7 544
398535 16 893
398595 1 2484
398982 56 975
399746 1 192
400071 1 71
400400 10 228
400608 18 885
400901 1 540
401177 2 457
401590 1 515
401800 14 288
402239 1 230
402276 1 107
402947 7 138
403524 1 170
403584 6 437
403592 3 43
404190 33 635
404246 2 913
404573 1 1164
404591 7 107
404817 5 171
405023 23 623
405041 1 193
405675 1 1384
405711 15 294
405921 7 1033
406359 8 95
406811 18 586
406929 1 238
407061 4 58
408339 12 440
408384 2 289
408670 6 203
408823 2 526
409427 1 338
409621 1 348
409872 9 191
410214 9 867
411161 3 798
411311 6 113
412198 35 840
412314 3 750
412408 14 220
413315 17 268
413494 6 432
413514 3 740
413531 21 297
413812 9 138
414177 6 93
414642 1 476
415228 5 1424
415384 5 77
415410 6 117
415615 2 95
415890 2 800
415903 7 94
417170 12 567
417429 1 710
417990 13 443
418193 1 581
418247 21 495
418772 6 106
419091 3 1641
419234 21 343
419372 29 355
419614 14 441
419898 6 111
420251 11 242
420395 1 1540
420506 11 127
421105 12 184
421106 10 136
421396 19 506
421433 3 219
421679 16 988
421920 23 476
421921 10 290
421968 16 388
422030 3 410
422059 1 217
422273 26 543
423443 2 1371
423800 1 990
423901 31 566
424009 12 717
424078 3 61
424419 36 526
424758 1 473
424927 13 137
424966 2 476
425186 9 173
425900 9 423
425994 8 103
426057 4 292
426061 5 1520
426095 1 227
426266 1 132
426463 6 113
427226 1 207
427315 2 66
427577 6 99
428216 19 575
428229 1 95
428698 3 1077
428965 13 316
428966 2 167
429085 18 187
429294 4 48
429408 8 215
429485 17 393
429547 41 733
429688 4 276
429819 3 731
430570 2 130
431031 2 796
431033 3 924
431034 1 179
431254 3 508
431532 5 127
431554 22 849
431832 5 137
432446 6 437
432449 41 737
432990 1 427
433346 2 177
433666 2 310
433667 12 1028
433672 1 588
434155 5 101
434277 1 87
435690 1 193
435954 5 640
436062 1 236
436708 3 1192
436757 8 108
437325 2 1272
437457 36 683
437553 1 778
437681 9 957
438526 4 68
438657 1 110
438867 1 1068
439012 12 494
439356 7 152
439668 3 73
440005 1 299
440231 1 666
440396 6 113
440709 1 218
441576 82 2819
441578 107 2452
441647 1 104
441852 2 121
441891 1 1545
441918 2 166
442055 1 526
442339 32 991
442441 10 145
442678 1 416
442679 5 88
442807 2 3101
443308 22 518
443796 9 956
443966 3 61
444325 4 667
444414 4 423
444467 5 599
444707 20 1891
444880 1 846
445170 1 522
445350 1 272
445419 3 589
446270 11 331
446668 3 76
446769 3 1358
446904 2 1251
447444 45 692
447569 1 207
448060 2 919
448097 15 406
449007 24 613
449251 22 899
449971 4 77
450348 8 84
450625 3 1162
450639 10 183
451162 29 764
452913 25 811
454036 1 695
454475 1 243
455393 47 1828
455976 2 189
456218 10 337
456471 12 401
456546 1 636
456762 1 462
456969 4 1081
457734 6 526
458160 2 52
458630 1 111
458852 17 580
459000 12 446
459116 6 404
459319 4 57
459557 2 883
459626 4 103
459861 5 94
459871 1 399
460020 1 207
460287 5 344
460332 2 922
460915 6 2090
461243 16 274
461687 1 1086
462006 10 138
462272 14 691
462555 3 100
463069 29 1263
463202 37 1261
464190 4 91
464844 3 294
464872 2 153
464928 9 1564
465000 14 278
465002 3 41
465134 2 194
465272 13 395
465275 15 542
465470 1 109
465813 5 134
466729 4 1612
467454 2 167
467689 2 806
467798 11 705
467891 8 104
468145 2 443
468369 12 362
469182 6 863
469314 4 107
469381 12 146
469684 8 90
470223 12 454
470614 1 711
471081 13 418
471201 9 814
471462 5 685
471862 10 90
471874 10 115
471877 20 364
472505 11 100
473283 15 616
473452 9 208
473669 1 143
473732 2 202
473758 1 648
473866 1 976
474091 4 118
474324 8 113
474325 2 116
475137 2 89
475183 6 488
475431 1 423
476150 2 452
476250 27 3982
476297 12 648
477118 1 715
477710 19 798
477876 20 293
477937 1 677
478487 8 285
478489 12 395
478566 27 446
479181 5 151
479606 28 1539
479795 2 463
480507 3 88
480510 26 1198
480711 24 556
481070 1 589
481217 3 1013
481429 1 342
481443 6 91
481621 2 120
481812 1 207
481816 3 130
482220 2 257
482319 61 970
482830 6 92
482874 2 917
483141 1 210
483182 15 298
483815 17 634
484002 6 771
484049 5 75
484358 5 423
484371 1 1047
484596 34 586
484613 14 453
484645 33 571
484786 4 343
485037 71 1727
485759 4 48
485862 23 434
487195 31 478
487239 13 212
487588 15 799
487647 1 196
487685 6 239
487879 17 379
487921 4 100
488017 1 563
488840 6 71
488918 47 716
489018 39 931
489381 6 63
489385 2 35
489388 9 173
489779 8 117
489854 4 389
489938 11 593
490021 13 328
490092 2 112
490285 45 1055
490503 5 210
490843 5 196
491251 2 783
491520 43 660
491631 16 1326
492032 9 196
492265 3 310
492383 2 96
492693 19 458
492824 3 807
492896 7 388
492905 18 314
492929 1 323
493287 1 1188
494132 18 904
494141 39 781
494590 7 350
494687 18 496
494867 1 257
494873 3 303
494999 11 142
495369 5 128
495446 1 82
495591 8 479
495660 2 298
496555 2 1413
496596 1 2298
496691 1 514
496767 13 193
497276 4 276
497507 3 812
498013 1 479
498116 1 212
498246 2 459
498805 38 667
498835 8 167
498930 1 560
498942 3 60
499188 1 584
499737 2 551
499930 1 243
500224 7 98
500231 2 665
500753 4 77
500795 5 71
501581 3 2936
501658 17 534
502016 7 466
502045 1 764
502084 8 1164
502408 3 111
503370 19 449
504225 1 353
504903 5 941
505239 21 492
506051 3 456
507010 7 741
507192 2 115
507243 1 708
507922 7 317
508086 2 3798
508297 2 123
508919 7 86
509265 5 573
509450 6 508
509456 28 420
509629 1 764
509848 3 1176
510035 26 1007
510287 3 221
510737 1 218
511153 5 454
511253 3 67
511542 1 627
512001 7 135
512142 2 1100
513027 50 912
513462 1 79
514248 2 339
515146 18 863
515244 1 455
515614 1 118
515749 3 1248
515821 1 271
515930 5 110
515938 1 252
516395 1 511
516653 3 461
517348 6 54
517361 1 104
517425 2 163
517645 1 129
518207 1 502
518799 21 363
519422 12 646
519449 1 95
520175 1 84
520865 11 234
521166 20 293
521411 6 74
521532 4 436
521915 1 496
522007 12 233
522226 1 428
522392 1 419
522606 12 219
522748 12 206
523005 1 298
523008 2 755
523625 45 1950
523670 4 66
523695 17 528
523709 2 95
523752 15 458
523887 4 432
523982 4 90
524002 14 647
524007 7 365
524350 6 846
524405 6 103
524946 4 317
525028 12 558
525219 13 303
525294 10 406
525979 5 149
526057 1 90
526061 2 248
526106 3 1155
526114 3 44
526267 1 381
526767 4 118
526787 4 225
526909 1 186
528062 17 2803
