232 1 307
233 1 404
4171 1 599
4202 1 941
4203 1 928
20360 1 596
20370 1 570
20371 2 555
20372 1 592
20373 1 583
20374 1 515
20375 1 476
20376 1 507
20377 1 425
20386 1 543
20387 2 529
20389 1 589
20390 1 583
20391 1 579
20392 1 569
20393 2 518
21220 1 6993
21767 1 293
21772 1 553
21777 1 320
21782 1 383
21788 1 360
21792 1 393
23212 1 225
23213 3 532
23248 1 511
23776 1 293
45306 1 133
54477 1 1749
57255 1 261
63135 1 608
69067 1 359
75047 1 337
85112 3 159
89103 1 221
93339 1 375
96105 1 204
118263 1 405
118264 1 287
118598 1 787
120475 1 151
128112 1 614
135064 2 421
138950 1 612
141628 1 182
148570 1 379
162973 2 287
165054 1 79
169763 1 439
170309 1 275
171075 2 367
178440 1 246
182681 2 173
182697 1 77
183308 1 748
183373 1 184
184302 15 748
194154 1 96
194437 1 777
199082 1 757
206313 1 874
209829 1 629
212053 1 882
222381 1 856
225298 1 688
229940 1 755
241271 2 261
254720 1 406
264665 1 484
264872 1 470
277263 1 210
287809 1 215
290406 3 2246
326280 3 293
333401 1 418
350051 1 265
373227 1 174
381168 1 3755
396365 1 331
397550 1 727
399426 1 146
399604 1 296
401031 1 569
404507 1 243
407049 1 292
407232 1 270
409072 2 475
409418 1 266
411428 1 1099
411485 1 1140
411665 1 686
412111 3 887
413471 1 257
413988 1 970
415259 1 1135
415505 1 412
416851 1 510
419660 2 530
420918 1 646
424152 1 579
424260 1 873
427331 1 375
427334 1 789
427561 2 340
430680 1 252
434381 2 1117
434998 5 1252
438723 2 263
441612 1 373
442780 1 503
442786 1 844
446619 1 1323
446710 1 382
447575 6 968
449905 11 1208
452339 1 174
453001 1 747
460407 1 345
460469 1 1005
460570 1 351
462395 9 833
463727 1 159
464383 1 302
465596 1 90
465754 1 1153
466961 1 1550
468046 1 747
470518 1 655
471685 1 647
473022 1 1196
473635 1 197
474816 1 531
476107 1 550
477051 1 416
478687 1 229
480079 18 848
482029 1 89
482827 3 120
484358 1 423
487078 1 89
487411 1 726
489854 1 389
492824 1 807
496554 1 2170
496556 3 1660
496598 4 1410
496600 1 1922
497132 4 127
498139 4 853
498528 1 336
499597 1 1171
502863 2 326
504326 1 516
505932 1 324
508576 1 501
509711 1 587
511634 1 163
512682 1 249
512687 1 805
513053 1 153
513284 1 268
519138 1 457
521525 1 138
524002 1 647
525678 1 764
33 12 19382
187 13 382
188 2 379
189 7 354
232 1 307
233 1 404
676 2 427
679 1 296
850 1 493
958 2 393
1243 10 331
1500 3 241
1504 4 321
1536 1 425
1546 4 512
1557 14 518
1565 2 400
1720 1 427
2191 12 436
3850 1 487
4120 1 388
4171 4 599
4202 2 941
4338 6 16989
4421 8 5382
4807 7 1079
5090 1 205
5765 2 544
6602 9 359
6615 1 236
6617 1 375
6724 8 326
6726 3 311
6727 5 309
6777 4 504
7729 3 394
7734 3 342
7735 5 325
8273 6 453
9166 39 17203
9256 3 377
9375 7 364
9469 5 230
9478 2 323
9691 8 1326
10174 5 439
10475 1 483
10484 2 353
10857 36 5056
10900 3 335
12221 1 688
12259 2 682
12709 4 20008
12780 16 391
12781 8 381
12782 11 371
12783 8 370
12784 2 157
12854 1 406
13246 1 245
13247 1 146
13384 7 361
13396 1 535
13499 12 457
15107 1 378
15613 9 409
15777 12 507
15778 15 797
15779 9 579
18133 3 434
18371 1 335
19872 4 552
19964 1 178
20372 2 592
20373 2 583
20376 2 507
20388 2 280
20390 2 583
20392 2 569
21138 5 740
21220 3 6993
21292 12 1656
21301 3 578
21306 2 654
21307 7 751
21308 12 754
21514 3 148
21614 15 32241
21777 2 320
21792 1 393
21793 1 474
23212 2 225
23213 2 532
23331 11 464
23559 1 538
24442 2 244
24932 32 388
24933 16 412
24948 9 598
25091 10 2607
25406 16 513
25407 7 208
25408 9 370
25409 6 466
25411 11 446
25412 19 276
25419 5 465
25420 3 332
25421 31 531
25422 9 395
25423 9 360
25424 5 539
25425 22 418
25430 5 510
25435 1 500
25444 1 213
25445 10 446
25447 9 615
25450 10 396
25453 11 413
25454 24 486
25455 10 329
25460 3 424
25462 4 251
25464 4 179
25917 1 389
26967 3 189
27161 2 441
27164 1 368
27968 2 459
28360 2 607
28619 8 533
28853 3 3522
29554 5 242
29559 3 262
29560 1 251
30551 2 233
30738 11 310
30741 7 172
30901 12 6266
30964 24 1006
31206 1 322
31975 2 228
32171 2 579
32172 5 595
32185 4 516
32187 14 484
32188 6 465
32202 12 311
32203 10 503
32213 16 509
32214 7 487
32224 16 564
32226 6 487
32235 7 504
32238 16 493
32239 6 309
32634 9 394
32707 9 225
32736 10 391
33194 13 464
33199 23 319
34358 1 463
34366 4 433
34370 4 673
34494 4 691
34620 7 452
34636 7 755
34637 4 334
34722 41 13257
34732 26 9225
34901 1 415
35632 2 231
35633 1 679
35634 2 356
35639 1 290
35643 1 280
35644 1 318
35645 2 281
35994 1 278
36391 12 10294
36802 2 29903
36864 11 558
36926 5 279
37215 6 536
37216 3 382
37218 1 453
38744 13 322
38776 17 573
39388 2 3420
39712 1 5030
39732 9 629
39733 9 573
39879 2 166
40404 1 305
40608 1 371
41110 26 561
41374 1 135
41375 1 541
41555 6 316
41811 3 87
42043 4 493
42317 1 409
43029 3 502
43033 2 379
43609 2 218
44139 2 378
45006 12 6265
45170 13 253
45175 26 427
45176 20 377
45185 14 393
45187 16 417
45190 24 342
45194 17 457
45197 17 484
45198 19 477
45207 18 332
45210 25 411
45212 21 418
45215 34 494
45216 19 223
45288 12 236
45760 13 454
45761 14 284
45917 9 6305
45947 33 11759
46414 3 597
46429 1 917
46435 15 367
46441 1 538
46474 7 244
47217 9 414
47444 5 288
47642 21 11472
47853 17 548
49209 2 337
49212 2 305
49227 2 290
49228 1 308
49232 3 304
50560 13 3018
50682 1 32839
50948 17 493
50969 5 325
51126 6 497
52747 5 616
52802 6 457
53096 6 6232
53892 2 251
54011 2 454
54015 2 300
54016 5 319
54017 8 424
54018 27 575
54026 2 320
54028 5 431
54029 4 517
54030 7 298
54031 12 207
54033 4 569
54034 4 472
54477 4 1749
55054 5 218
55095 3 200
55371 110 52248
57629 3 489
60296 3 486
62921 1 85
63059 1 109
63135 1 608
63402 1 51
63564 1 34
64888 4 118
65343 4 586
66513 2 213
66947 2 43
67179 4 177
68514 14 497
69067 1 359
69102 1 40
72391 2 274
74665 5 176
75047 4 337
76541 2 114
76557 1 43
77257 2 311
77934 2 238
81712 3 484
82702 2 847
82762 2 195
84201 7 567
85112 1 159
87621 1 103
91659 3 478
93339 1 375
94128 4 124
94430 11 333
95002 6 457
96075 2 465
97338 1 36
97484 6 437
97992 1 343
98220 1 27
99211 4 747
99239 1 37
100219 1 277
102558 1 729
102722 2 613
103328 1 152
104234 4 336
108051 3 122
108898 6 212
110881 3 169
114138 2 202
114801 10 604
115704 3 519
118598 2 787
119249 2 115
120475 1 151
121069 1 739
124240 1 39
126173 1 309
126263 3 72
128451 3 242
130851 1 104
130858 1 202
134367 4 132
134371 3 107
134649 1 92
136503 2 48
137769 3 732
138950 1 612
139901 2 237
141628 3 182
141825 2 803
142457 5 281
142629 5 278
142951 1 66
143849 1 48
145536 3 106
145642 2 209
145739 6 430
148570 4 379
152494 1 86
152500 1 156
153005 3 376
153888 2 117
155467 8 502
157190 1 310
157384 3 216
160772 7 507
161753 4 288
161954 5 705
162600 2 312
163262 9 149
163561 5 720
163983 1 59
165949 1 398
166600 1 94
169041 9 478
170219 1 186
172779 2 49
174970 4 730
176199 14 544
176268 5 236
176541 2 824
177589 4 216
178718 4 64
178951 4 103
180974 2 629
180982 1 222
182681 1 173
183308 1 748
183319 1 352
184302 4 748
186324 4 147
187358 7 655
187597 4 525
188841 2 74
189237 2 223
190414 4 887
190763 9 1025
190834 3 649
194154 2 96
194437 1 777
194942 3 416
195192 1 51
196008 1 734
199082 1 757
200762 2 215
200772 2 90
201355 2 211
202060 10 568
206313 5 874
207485 2 49
207950 4 384
208451 1 242
208950 1 229
209829 6 629
210800 1 85
211744 1 191
212051 1 52
212053 1 882
212197 2 201
212222 1 279
214485 2 272
217963 4 75
220518 2 56
221589 7 554
223199 1 105
223468 1 49
225008 1 103
225029 1 136
226533 2 67
226582 1 60
226997 2 436
227127 2 252
228897 1 73
229066 14 373
229940 2 755
231980 2 55
232622 1 138
233978 1 143
235327 1 104
236342 1 329
236563 1 256
237309 1 356
239696 1 104
240530 5 174
240562 6 216
241479 1 229
243250 3 473
244313 4 265
245001 1 64
246063 1 71
247618 2 581
249797 5 79
253282 3 237
254862 1 169
255047 3 130
255594 2 239
255878 1 65
257182 3 78
257380 4 594
258759 4 126
258835 1 562
259952 7 143
261044 1 250
261386 3 116
261448 4 114
263094 5 699
264665 4 484
264872 4 470
267461 6 867
268253 61 791
268902 10 112
269262 4 291
270095 2 156
271754 7 142
274107 2 92
274174 2 68
274910 4 303
275820 14 958
278829 2 112
279705 3 144
280559 5 1147
280619 16 11500
282058 1 97
286583 19 19748
287455 10 1380
288275 1 88
288296 1 178
288307 8 304
288316 3 466
288427 4 280
288466 6 753
288477 2 252
288498 7 147
289348 1 18428
289360 26 354
289363 36 1143
289646 9 861
290117 2 188
290256 2 30074
290406 4 2246
290410 34 1149
294912 8 262
296507 1 99
299941 2 98
300731 1 80
301243 2 119
301865 4 18367
306994 1 72
307453 16 49380
307537 5 216
308187 4 51551
308754 40 1557
308792 40 1557
308859 135 5677
308892 2 148
311179 7 256
311891 2 290
311982 30 394
312916 6 1637
314300 1 82
316657 1 194
319283 1 82
320247 7 10051
322372 6 159
322624 6 159
323705 1 78
325540 41 3234
325545 10 2289
325759 3 315
325792 1 357
326123 2 14885
326129 23 67196
326205 1 103
326226 1 135
326242 1 129
326280 1 293
326315 2 195
327122 6 16929
327123 6 16927
327144 3 3260
327304 12 765
327305 1 220
327349 273 8654
327356 25 1565
327361 27 1715
327362 8 851
327365 28 1164
328506 2 4280
329860 8 183
330562 5 289
330685 7 111
331185 1 75
331186 3 424
331187 2 322
331432 7 8083
331499 2 180
332460 6 239
332977 36 732
333401 3 418
334703 3 209
334910 5 142
336134 3 241
340168 3 69
340624 2 236
342862 9 240
345473 1 449
347209 1 83
347514 1 87
347837 8 63219
347869 9 47445
348596 2 429
348603 3 323
348692 4 309
348744 8 3039
349523 8 125
350292 2 263
350316 8 729
350647 4 98
350745 1 80
352064 2 125
352627 9 2778
355667 2 189
355920 2 145
356092 7 315
356695 3 146
356957 3 86
356987 2 133
363236 4 147
363833 2 94
365641 1 70
366397 1 69
366787 4 164
366923 3 110
367180 1 102
369887 3 60
370048 2 127
371876 17 1474
372417 6 1143
372691 2 405
372826 3 77
373214 1 106
373215 2 102
373248 14 625
373252 9 218
373834 1 44460
373835 1 2657
373868 7 121
374010 7 127
374014 48 80805
374944 10 539
374946 3 672
376386 18 9418
376459 16 353
376603 7 808
376610 10 7750
377438 1 94
377527 3 64
377732 3 116
377749 3 116
377871 2 168
377914 3 467
378256 3 181
378529 5 150
379091 3 232
379911 3 267
380776 5 374
384260 7 327
384771 7 477
384772 5 114
385979 10 3672
387130 1 83
388537 7 808
390437 1 156
393747 11 58177
393771 13 1908
394898 2 26758
395047 1 92
395069 4 114
396258 5 38258
396419 1 759
396472 3 159
396585 1 155
397011 3 210
397228 1 477
397287 6 439
397333 13 425
397421 1 77
397453 1 404
397670 3 112
398200 7 274
398284 14 544
398632 4 78
398652 2 223
398813 1 406
398982 9 975
399136 3 52
399987 6 134
400256 3 238
400694 5 94
401024 4 416
401367 1 76
401631 8 643
402100 6 713
402150 7 657
403399 2 141
403428 10 931
403458 1 519
403578 2 172
403710 31 1562
403805 1 572
404019 2 112
404091 5 488
404246 32 913
404366 5 102
404448 6 876
404817 4 171
405024 32 646
405675 32 1384
406001 4 269
406061 11 1174
406062 13 457
406948 3 1621
406950 1 676
407049 4 292
407792 2 467
408259 18 613
408388 8 225
408598 20 493
408599 3 130
408742 1 171
408834 10 401
409072 5 475
409190 1 203
409613 2 158
410507 10 853
410662 7 793
410667 7 133
411428 1 1099
411485 1 1140
411665 4 686
411667 6 670
412111 5 887
412177 3 63
412557 2 97
412747 11 1000
413471 1 257
413812 2 138
414668 4 575
415033 5 775
415259 2 1135
415286 16 641
415505 1 412
415588 7 432
415938 5 82
416255 1 125
416930 3 191
417304 3 464
418317 2 238
418455 1 343
418625 5 84
418800 3 399
418982 3 278
419094 10 660
419388 1 370
419661 2 953
419789 5 533
419967 3 100
420625 14 598
420663 5 514
420690 2 423
420911 10 759
420912 3 482
421679 9 988
421920 2 476
421921 1 290
421968 7 388
422059 3 217
423883 8 503
423933 4 160
424152 2 579
424154 3 89
424260 1 873
424369 2 83
424622 4 270
424993 9 715
425635 35 845
425722 2 119
426297 3 66
426311 6 213
426325 1 48
426448 4 144
426756 2 127
427060 4 116
427231 10 446
427331 1 375
427360 1 755
427563 1 146
428773 5 407
429212 3 195
429322 4 441
429531 3 268
430011 1 415
430167 11 542
430186 5 637
430402 8 295
430466 4 146
430680 1 252
431266 1 252
431532 1 127
431767 1 491
432050 1 681
432430 10 259
432493 1 823
432570 10 394
432725 4 475
432978 5 79
433017 17 274
433035 3 487
433238 10 848
433403 11 272
434062 4 130
434335 15 869
434381 4 1117
434391 1 98
434429 6 374
434998 8 1252
435002 2 311
435118 13 489
435153 8 319
435586 4 233
435846 2 421
435851 2 119
435888 14 707
435984 2 61
436131 5 86
436757 3 108
437307 1 93
437666 2 173
438082 6 271
438712 6 658
438741 1 58
439385 1 71
439582 3 56
439960 3 38
439981 1 212
440325 2 681
441108 4 327
441265 4 102
441282 13 510
441613 5 439
441701 5 370
441786 47 1069
441853 4 166
441891 1 1545
441979 1 130
442780 1 503
443004 9 553
443410 9 168
446019 4 196
446619 4 1323
446921 9 241
446922 9 188
447138 1 576
447574 5 589
448770 6 410
449007 12 613
449010 2 352
449251 33 899
449905 9 1208
450014 1 61
450252 2 190
450602 4 91
451510 1 170
451625 30 1562
451973 8 329
452046 2 976
452313 5 417
452498 8 138
452585 15 430
453001 3 747
453551 4 323
453720 1 84
453743 7 408
454096 13 365
454151 11 715
454350 4 325
454909 11 691
455035 16 1570
455249 1 330
455423 2 97
455516 2 669
455674 10 1733
455775 4 774
455812 2 192
456009 3 433
456218 6 337
456959 21 951
457118 7 552
457194 3 195
458402 6 288
458403 1 443
458852 8 580
459000 12 446
459075 5 674
459519 6 561
459866 8 672
459871 10 399
460129 13 2744
460180 2 113
460407 3 345
460469 1 1005
460570 5 351
460596 22 1297
461530 6 138
462272 23 691
462395 1 833
462429 1 32
463026 2 883
463069 8 1263
463530 11 597
463647 5 545
463727 1 159
463795 2 215
464383 2 302
464393 4 464
464511 6 270
465754 2 1153
466114 1 433
466451 4 524
466961 14 1550
467454 2 167
467675 12 308
468046 8 747
468072 2 52
468760 2 625
469249 3 112
469826 16 609
470182 2 493
470518 2 655
470760 4 1044
470941 6 1001
471107 2 351
471189 28 1512
471403 3 3677
471685 2 647
472623 3 208
472644 4 478
473000 1 294
473022 1 1196
473283 1 616
473542 8 659
473662 4 176
473821 2 231
474498 2 58
474816 2 531
475802 8 402
475803 17 362
476107 1 550
476150 5 452
476250 37 3982
476362 16 1042
476615 13 1244
476668 3 170
477118 4 715
477286 4 344
478005 3 97
478489 10 395
478560 20 911
479111 5 110
479181 3 151
479302 2 96
479740 1 91
481070 7 589
482726 1 97
482827 1 120
483910 60 3011
484222 22 904
484358 13 423
484488 1 330
484647 2 214
485014 1 433
485234 5 431
486029 10 1063
486557 1 141
486776 1 79
487171 14 828
487588 10 799
487747 1 35
488482 8 171
488887 10 200
489854 7 389
490021 2 328
490345 2 82
490609 2 125
490655 1 276
490823 21 532
491766 27 2223
492905 4 314
493583 3 118
494045 9 512
494354 11 595
494710 18 909
494827 9 525
494999 1 142
495016 5 92
495369 2 128
496004 3 142
496477 5 203
496554 9 2170
496556 2 1660
496598 2 1410
496600 19 1922
497329 15 396
498139 2 853
498156 5 298
499188 2 584
499597 2 1171
500146 1 74
500568 7 500
500593 1 203
501754 7 1029
502045 7 764
502798 7 449
502863 2 326
504587 1 75
504774 17 785
504829 9 1220
504903 4 941
505239 1 492
505932 5 324
506275 16 502
506711 2 339
506989 5 484
507512 13 1139
508619 3 88
509711 1 587
509852 7 582
509998 23 1750
510287 3 221
510694 6 730
511012 2 234
511142 2 515
511341 2 306
511560 5 595
512682 1 249
512687 2 805
512755 2 80
513053 1 153
513156 2 84
513210 1 32
513415 3 1113
513564 6 503
514289 5 385
515236 3 223
515380 6 472
515431 7 1207
515485 10 1328
515695 1 185
517122 1 138
517272 1 1135
517358 1 629
517471 1 46
517615 5 346
517767 14 673
518012 3 351
518472 1 110
519119 6 252
519164 8 890
519237 9 564
519343 4 270
519625 1 67
519871 5 160
520544 4 519
520806 1 130
521060 2 230
521525 1 138
521739 2 778
521942 1 292
522070 4 498
523695 2 528
524002 6 647
524224 20 827
524543 1 115
524946 4 317
525131 3 218
525570 1 396
525678 2 764
525708 6 608
525867 2 149
525868 1 100
526787 2 225
527446 18 811
528067 1 145
32 1 9957
33 10 19382
187 3 382
188 5 379
189 7 354
330 2 364
455 5 18030
604 1 640
673 2 196
676 5 427
679 1 296
958 1 393
1499 4 156
1546 3 512
1557 2 518
1565 4 400
2191 4 436
3849 24 534
3850 24 487
4203 1 928
4338 1 16989
4421 23 5382
4807 29 1079
5090 1 205
5765 1 544
6367 1 17463
6724 2 326
6726 4 311
6727 3 309
6777 4 504
7734 2 342
7735 4 325
8273 1 453
9166 9 17203
9375 4 364
9469 2 230
9478 1 323
9691 3 1326
10174 7 439
10426 5 547
10513 5 549
10857 2 5056
10900 3 335
12221 2 688
12780 8 391
12781 9 381
12782 5 371
12783 3 370
12784 1 157
13247 1 146
13384 4 361
13396 2 535
13499 2 457
13912 2 17501
14085 13 538
14087 8 716
14099 21 463
14954 12 205
14955 18 356
15103 2 531
15613 10 409
15777 20 507
15778 9 797
15779 10 579
16424 24 310
18017 3 430
18133 2 434
18946 27 608
19872 7 552
20192 1 679
20372 2 592
20373 2 583
20376 2 507
20388 2 280
20390 2 583
20392 2 569
21138 2 740
21220 2 6993
21301 1 578
21306 1 654
21316 7 402
21514 1 148
21614 5 32241
21701 3 675
23331 3 464
23559 1 538
24367 2 38
24442 2 244
24932 4 388
24933 9 412
25091 3 2607
25406 11 513
25407 4 208
25408 7 370
25409 1 466
25411 5 446
25412 5 276
25419 3 465
25420 8 332
25421 5 531
25422 6 395
25423 6 360
25424 16 539
25425 1 418
25430 7 510
25435 1 500
25444 4 213
25445 4 446
25447 7 615
25450 4 396
25453 10 413
25454 12 486
25455 5 329
25460 3 424
25462 4 251
25464 5 179
26967 3 189
27161 3 441
27164 4 368
28360 2 607
28619 1 533
28853 23 3522
29559 1 262
29560 5 251
30374 11 384
30551 5 233
30738 6 310
30741 2 172
30901 3 6266
30939 47 6023
30964 21 1006
32171 2 579
32172 2 595
32185 3 516
32187 6 484
32188 5 465
32202 4 311
32203 9 503
32213 2 509
32214 8 487
32224 3 564
32226 1 487
32235 2 504
32238 5 493
32239 2 309
32634 1 394
32707 1 225
33194 1 464
33199 1 319
34350 40 3345
34358 3 463
34366 1 433
34370 3 673
34494 9 691
34636 13 755
34637 23 334
34722 195 13257
34732 8 9225
34901 13 415
34964 26 773
35632 6 231
35633 24 679
35634 28 356
35643 7 280
35644 11 318
35645 18 281
36428 11 222
36430 20 555
36802 10 29903
36864 1 558
36926 1 279
37215 2 536
37216 3 382
37218 6 453
37642 18 378
37648 20 459
38546 21 579
38549 26 573
38565 27 671
38568 5 67
38582 18 505
38613 18 325
38614 3 144
38616 19 198
38776 3 573
39388 10 3420
39710 5 2655
39712 20 5030
39732 4 629
39733 10 573
40359 2 4913
40608 1 371
41555 1 316
42043 2 493
42310 1 480
42526 12 356
43029 3 502
43033 2 379
43609 1 218
44139 34 378
44140 22 349
44141 17 347
44142 17 413
45006 3 6265
45142 23 344
45143 15 364
45144 22 450
45175 1 427
45176 1 377
45185 1 393
45187 1 417
45194 1 457
45198 1 477
45207 1 332
45210 1 411
45212 1 418
45570 5 277
45761 1 284
45947 10 11759
46414 7 597
46429 4 917
46435 3 367
46441 6 538
46474 3 244
47217 5 414
47642 4 11472
49209 3 337
49212 11 305
49224 1 185
49227 5 290
49228 10 308
49232 7 304
50682 15 32839
50683 25 9266
50969 5 325
51126 3 497
52214 85 64459
52744 1 520
52747 1 616
52802 2 457
53096 2 6232
53892 3 251
53893 1 219
54011 6 454
54015 2 300
54017 6 424
54018 18 575
54026 1 320
54028 2 431
54029 4 517
54030 4 298
54033 2 569
54034 2 472
54167 24 775
54477 3 1749
54758 9 227
54759 14 274
55054 5 218
55095 2 200
55371 3 52248
57190 1 44
57434 5 111
57629 3 489
60296 13 486
62569 1 72
62921 2 85
63059 4 109
63402 1 51
64888 2 118
65343 6 586
66513 1 213
67179 2 177
68514 2 497
69102 1 40
69108 1 33
70371 1 41
72391 3 274
72873 2 29
75047 1 337
75648 1 36
76541 2 114
77257 5 311
77934 2 238
81712 6 484
81966 7 704
82702 10 847
82762 1 195
84201 8 567
85492 1 35
86747 1 35
87621 2 103
90432 2 63
90486 1 38
91659 11 478
94128 1 124
94430 1 333
95002 5 457
96075 2 465
97338 1 36
97484 3 437
98220 2 27
98923 1 41
98934 1 47
99091 1 48
99211 6 747
100219 7 277
102722 1 613
103328 3 152
104234 1 336
108051 2 122
108898 3 212
110881 1 169
114138 5 202
114801 4 604
115704 5 519
118598 2 787
119249 1 115
120928 3 408
120972 3 52
121069 4 739
122307 1 215
123999 2 258
126173 3 309
128451 3 242
128518 1 56
130851 2 104
130858 4 202
131175 1 52
134367 1 132
134371 1 107
134649 1 92
137135 1 48
137769 6 732
138950 1 612
139901 3 237
140160 2 68
141628 1 182
141825 6 803
142457 4 281
142629 7 278
145536 2 106
145642 7 209
145739 7 430
148570 1 379
150805 6 110
152494 1 86
153005 1 376
153888 1 117
155166 1 868
155467 6 502
157190 4 310
157384 3 216
160772 5 507
161753 3 288
161954 11 705
162600 6 312
163561 5 720
163983 1 59
165949 11 398
166600 2 94
169041 6 478
170219 2 186
170309 1 275
171075 2 367
174970 9 730
176199 13 544
176268 5 236
176541 3 824
180974 2 629
180982 2 222
184302 1 748
186324 2 147
187358 7 655
187597 14 525
188841 1 74
189237 1 223
189567 1 691
190414 2 887
190763 15 1025
191860 3 60
194437 5 777
194942 1 416
196008 1 734
198142 1 88
199082 2 757
199147 1 55
200762 3 215
201355 2 211
202060 1 568
202505 6 275
206313 3 874
206811 2 159
207950 2 384
208451 5 242
209086 1 548
209791 2 51
209829 10 629
210800 1 85
211744 5 191
212051 1 52
212053 1 882
212222 3 279
214485 2 272
216571 4 764
217680 1 58
218572 6 409
220156 2 522
220775 10 357
221589 2 554
222381 7 856
223199 1 105
225008 3 103
225020 1 67
225029 3 136
226997 6 436
226999 1 316
227127 2 252
228897 1 73
229066 6 373
229940 3 755
232622 3 138
233978 5 143
234464 1 155
235327 3 104
236342 6 329
236563 1 256
237309 3 356
239696 1 104
240530 1 174
240562 1 216
241479 1 229
242526 1 61
243250 6 473
244313 4 265
247618 3 581
252694 1 59
253282 1 237
254862 1 169
255047 1 130
255594 2 239
257182 1 78
257380 1 594
257385 2 62
258759 1 126
261044 1 250
261386 4 116
261448 1 114
263094 2 699
264197 1 47
264665 3 484
264872 3 470
267461 6 867
268253 9 791
269262 2 291
270095 4 156
271754 1 142
274107 2 92
274174 1 68
274910 2 303
275820 2 958
276036 1 85
278829 1 112
279705 2 144
280559 5 1147
280619 1 11500
282058 1 97
286583 3 19748
287455 7 1380
287661 34 700
288275 1 88
288296 7 178
288307 1 304
288316 4 466
288466 7 753
288477 1 252
288498 1 147
289363 8 1143
290117 2 188
290256 8 30074
290410 2 1149
294912 4 262
296507 2 99
299941 1 98
300731 2 80
301243 2 119
301865 2 18367
303734 2 25485
306237 3 26903
306994 1 72
307453 83 49380
307537 2 216
308754 2 1557
308792 2 1557
308859 33 5677
308892 1 148
311891 4 290
312916 2 1637
314300 2 82
316657 1 194
319283 1 82
320247 9 10051
323705 2 78
325540 37 3234
325545 3 2289
325759 7 315
325792 22 357
326123 15 14885
326129 5 67196
326205 2 103
326226 1 135
326242 1 129
326315 2 195
327304 10 765
327305 4 220
327349 26 8654
327356 9 1565
327361 10 1715
327365 16 1164
328506 4 4280
329860 1 183
330562 3 289
331185 3 75
331186 6 424
331187 4 322
331432 2 8083
331499 2 180
332460 1 239
333401 1 418
334703 2 209
334910 1 142
335496 1 67
336134 1 241
340168 3 69
340624 3 236
345473 2 449
347209 1 83
347514 1 87
347837 54 63219
347869 6 47445
348042 22 1185
348053 65 1357
348596 13 429
348598 9 197
348603 7 323
348692 4 309
348744 4 3039
350051 1 265
350292 3 263
350316 9 729
352064 2 125
352627 12 2778
355667 2 189
355920 3 145
356092 6 315
356695 3 146
356987 2 133
363236 1 147
363833 2 94
365641 1 70
366397 3 69
366787 1 164
366923 1 110
367180 1 102
369887 3 60
370048 5 127
371876 11 1474
372417 16 1143
372691 3 405
372826 4 77
373214 1 106
373215 1 102
373248 3 625
373834 1 44460
373835 1 2657
374014 3 80805
374944 4 539
376386 9 9418
376459 1 353
376603 11 808
376610 3 7750
377438 1 94
377527 3 64
377732 4 116
377749 4 116
377871 3 168
377914 3 467
378256 3 181
378529 4 150
379091 6 232
379911 2 267
380776 6 374
381696 1 75
384260 3 327
385979 10 3672
387130 1 83
388537 11 808
390437 1 156
393747 3 58177
393771 23 1908
394898 15 26758
395047 2 92
395069 2 114
396184 1 270
396258 1 38258
396419 2 759
396472 4 159
396585 6 155
397011 1 210
397287 12 439
397333 8 425
397421 1 77
397670 5 112
398982 1 975
399987 1 134
400072 1 68
400256 8 238
401024 5 416
401251 1 212
401367 1 76
401631 1 643
402150 4 657
403458 1 519
403710 7 1562
403805 1 572
404019 2 112
404091 7 488
404208 1 570
404246 2 913
404366 2 102
404448 3 876
404817 2 171
405024 1 646
405675 6 1384
406001 2 269
406061 9 1174
406062 4 457
406473 1 71
407792 1 467
408259 4 613
408388 3 225
408599 5 130
408834 3 401
409190 1 203
409418 1 266
409613 4 158
410145 1 43
410507 3 853
411665 2 686
411961 1 647
412111 1 887
412177 2 63
412747 4 1000
413471 2 257
413812 6 138
414224 2 466
415023 3 466
415033 2 775
415286 2 641
415505 1 412
415588 1 432
416255 1 125
416851 1 510
416930 2 191
417304 3 464
418800 1 399
418982 1 278
419094 2 660
419661 1 953
419967 3 100
420341 1 38
420625 1 598
420911 5 759
421679 3 988
421920 10 476
421921 13 290
421968 1 388
423883 2 503
423933 1 160
424154 1 89
424369 2 83
424622 5 270
424993 4 715
425635 1 845
426311 2 213
426325 1 48
427060 2 116
427231 6 446
427561 2 340
427563 6 146
427646 3 61
429212 3 195
429322 7 441
429531 3 268
430186 4 637
430402 6 295
430466 7 146
431532 1 127
431767 4 491
432430 2 259
432570 2 394
432725 1 475
433017 3 274
433035 1 487
433238 3 848
433403 3 272
434062 1 130
434335 3 869
434391 1 98
434429 1 374
434998 1 1252
435851 2 119
436757 3 108
437307 2 93
437360 2 242
437666 2 173
438082 4 271
438712 3 658
438741 1 58
438947 23 1167
439385 1 71
440231 1 666
441265 2 102
441282 3 510
441613 3 439
441701 10 370
441891 1 1545
443004 1 553
446619 1 1323
446921 2 241
447574 3 589
449010 3 352
449905 6 1208
450014 1 61
450602 2 91
451625 4 1562
451973 1 329
452046 4 976
452313 7 417
452585 2 430
453720 1 84
454151 18 715
455674 46 1733
455775 2 774
456009 1 433
456218 3 337
456959 3 951
457118 4 552
458852 6 580
459000 6 446
459519 1 561
459866 7 672
459871 8 399
459917 1 91
460129 21 2744
460407 1 345
460570 2 351
460596 4 1297
461739 7 427
462272 3 691
463069 11 1263
463530 6 597
463647 1 545
463795 6 215
464225 1 1273
464393 1 464
465000 14 278
465754 5 1153
466451 1 524
466961 1 1550
469249 4 112
469826 1 609
470760 4 1044
470941 1 1001
471189 16 1512
471403 10 3677
472623 5 208
473283 2 616
473542 1 659
473662 2 176
474498 1 58
474648 1 1768
475802 2 402
476150 4 452
476250 14 3982
476362 3 1042
476615 9 1244
476668 2 170
477286 9 344
478005 2 97
478489 4 395
478687 1 229
479111 1 110
479181 4 151
480079 2 848
481070 15 589
482726 2 97
483646 1 848
483910 2 3011
484222 5 904
484647 1 214
485234 3 431
486029 2 1063
486776 2 79
487171 1 828
487588 1 799
489854 1 389
490021 15 328
490345 1 82
490655 3 276
490823 1 532
491766 6 2223
492824 2 807
493583 3 118
494045 3 512
494710 2 909
494827 3 525
495369 1 128
496004 1 142
496554 3 2170
496600 1 1922
497329 1 396
498156 2 298
499188 5 584
500568 3 500
501754 4 1029
502045 12 764
502798 10 449
502863 1 326
504567 2 868
504587 1 75
504829 30 1220
504903 6 941
505239 6 492
506711 1 339
506989 4 484
509852 8 582
509998 8 1750
510694 18 730
511012 2 234
511560 5 595
512755 2 80
513156 1 84
513210 1 32
513284 4 268
513415 2 1113
513564 2 503
514289 1 385
514545 1 64
515236 3 223
515380 9 472
515431 1 1207
515485 1 1328
515695 1 185
517099 4 506
517272 1 1135
517358 1 629
517471 1 46
517615 1 346
517767 6 673
518012 3 351
519164 5 890
519237 6 564
519343 2 270
519871 1 160
521739 2 778
521942 6 292
523695 1 528
524002 6 647
524224 4 827
524543 4 115
524946 5 317
525131 2 218
525708 1 608
525868 3 100
526787 1 225
527446 2 811
528067 2 145
