46339 4 575
51112 4 351
61721 2 530
63978 1 41
64135 1 65
65921 1 163
67855 3 202
72958 6 528
75044 2 700
75095 2 205
76006 6 265
79563 2 292
80032 4 308
80037 1 573
80043 4 467
80475 10 527
80558 3 208
80674 1 282
82458 4 640
83660 4 603
86112 3 163
87140 1 126
89274 1 484
110577 2 459
116100 10 777
119662 2 367
119705 8 611
124339 5 533
124340 4 620
124342 6 591
127985 2 42
128396 3 593
128934 4 245
130788 4 1437
132855 1 160
134644 2 112
148024 4 411
167311 1 269
171424 1 751
178132 1 662
179235 3 504
180648 1 665
184736 1 375
185918 1 86
186340 1 315
188801 4 607
189401 4 617
197468 2 306
211947 1 404
212094 1 464
213370 2 230
219872 1 272
220879 1 1227
228488 2 94
235638 1 243
240347 4 261
241871 4 585
243981 1 255
250433 16 570
255401 1 385
255402 2 483
262374 1 102
275725 2 128
275882 2 206
275924 3 1167
275925 2 203
275976 2 258
276169 1 439
276447 3 336
276706 4 340
276714 5 531
276861 5 253
276887 5 253
277010 2 208
277169 1 179
277312 1 591
287630 5 534
287769 6 257
287770 2 212
288028 1 412
288099 2 520
297940 3 158
298003 3 158
298596 2 169
298835 1 1273
298996 1 234
299078 3 182
299169 1 257
299171 1 215
306858 8 406
307028 3 153
307094 2 176
307095 2 89
307220 1 281
307223 6 207
307376 14 324
307377 1 930
317452 2 171
317503 3 1225
325941 2 177
337031 1 178
337098 10 1461
337269 2 89
337288 2 89
337337 3 144
337921 4 112
338136 6 1202
338220 26 898
338350 2 192
338510 6 2483
338660 2 224
338749 2 518
348631 7 884
348735 1 592
348812 1 329
348865 1 178
360897 1 168
361428 2 355
361838 1 1062
361886 4 509
362488 2 453
372279 2 5420
373054 4 164
376431 6 177
384746 6 369
384860 2 392
385081 7 348
394316 10 1558
394636 7 349
394728 1 359
394785 4 192
394788 2 219
394789 11 445
394855 1 463
394898 7 26758
394923 2 391
398840 1 92
399794 2 140
400913 2 17082
403392 7 222
403505 11 1130
404192 11 1269
405620 1 912
409604 6 585
410689 1 1106
410931 3 122
411530 1 198
417896 2 131
418067 5 199
419761 3 85
420331 2 156
420826 4 490
421115 12 444
421339 2 96
423792 1 1672
426053 24 465
430598 3 90
433744 1 392
433780 1 766
436386 7 509
441657 4 89
441801 1 389
441973 1 99
442247 1 255
446767 2 2427
447218 1 1054
447857 1 1371
452093 1 300
453444 3 688
453679 3 110
456677 2 115
456772 19 999
457253 3 835
458404 1 453
462442 1 231
463923 8 590
464531 2 1211
464961 1 301
465047 1 53
465259 1 1218
465443 1 140
469111 1 466
471337 14 2172
472059 2 1683
474061 1 441
479358 1 142
481494 1 787
481665 13 1191
485826 2 788
485946 1 223
486377 1 285
486732 1 533
488463 2 704
488567 4 131
490425 2 396
491074 1 277
491697 1 581
491778 1 632
492564 1 590
494104 2 807
494412 1 156
494515 3 95
496694 1 428
499167 1 132
499441 1 1342
501132 1 81
501614 1 911
501875 1 319
502413 21 1028
504422 1 78
504464 2 196
505693 1 134
506930 1 316
509886 1 205
512633 2 1634
512636 6 186
513413 1 583
514876 1 37
517629 1 526
520200 3 893
521371 4 315
521689 2 375
521965 32 1841
521977 1 426
522271 1 173
523551 2 231
525606 1 2915
526173 1 331
8860 2 424
19091 19 398
19566 1 288
36463 1 275
55371 2 52248
61385 1 670
61390 4 510
61597 1 40
61721 4 530
61745 1 40
61752 3 216
62296 1 36
63028 16 353
63531 1 34
63849 2 45
64125 2 76
66801 3 241
66889 1 29
67108 3 450
75095 3 205
75925 1 412
76011 1 45
76279 2 165
76552 1 144
77394 9 575
78209 1 847
78745 1 79
79339 1 23
80037 1 573
80041 2 528
80045 3 597
80047 2 709
82458 1 640
83289 2 157
83816 1 475
84937 2 404
89274 1 484
90465 1 121
90716 1 471
91801 2 29
95446 2 41
104530 1 91
108037 1 654
114405 1 231
116100 1 777
119705 1 611
120736 1 118
120913 2 41
124342 1 591
126555 1 189
130716 1 538
130747 5 715
130788 1 1437
133035 1 909
135064 1 421
151597 2 126
157334 7 499
160693 1 186
167311 1 269
169757 1 125
171424 2 751
178132 1 662
179235 1 504
180648 2 665
182938 3 8475
188801 1 607
189402 6 678
191466 10 356
197468 1 306
203952 2 527
205878 1 143
208500 1 388
208819 1 140
211947 1 404
213370 1 230
215801 1 661
218694 2 737
218708 2 806
220879 1 1227
223673 2 106
223674 2 368
229058 2 385
229769 2 597
234357 1 146
234578 1 643
235421 2 232
235638 1 243
236604 1 45
240347 1 261
240956 1 534
241871 1 585
243981 1 255
244140 2 51
246049 1 197
248556 2 44
253739 2 84
255401 1 385
255402 1 483
260584 1 118
260826 2 324
260836 1 91
262713 1 72
264106 2 55
272671 1 4397
286849 2 685
287019 1 250
287906 1 5750
288028 1 412
288061 4 1274
288143 2 668
288191 1 390
294698 1 1294
298835 1 1273
301865 7 18367
306237 1 26903
307210 5 517
307217 1 485
307276 1 228
307348 12 356
307453 6 49380
308187 3 51551
308791 2 1367
308829 2 1367
326060 1 233
326110 2 570
326123 1 14885
347837 6 63219
352971 1 183
354714 1 197
361886 1 509
372269 4 1286
372278 9 28092
372279 9 5420
372280 3 5317
372406 2 14595
372984 11 206
373014 1 3572
374014 3 80805
374257 1 3016
377023 4 166
384585 1 2617
393550 2 30891
393747 4 58177
394714 20 602
394716 6 2905
394783 6 106
394898 13 26758
394907 7 3529
394912 3 249
397399 3 56
398562 3 663
398712 7 899
398730 4 95
398840 1 92
399794 1 140
400257 1 427
400913 4 17082
400931 2 45
401785 18 392
401854 1 303
401967 1 69
402042 4 170
403155 1 93
403392 3 222
403505 3 1130
404191 1 315
404192 1 1269
405620 1 912
405942 1 1340
409604 5 585
410689 10 1106
410690 3 670
410704 1 203
410931 2 122
411530 2 198
413984 1 546
414686 1 223
415953 1 429
416376 1 38
417896 3 131
418067 3 199
418306 2 62
420331 1 156
420826 2 490
421339 1 96
422033 2 752
423792 1 1672
424649 3 113
425503 3 90
426053 7 465
426333 10 169
428894 1 131
430598 2 90
431759 1 120
431760 5 93
433448 1 108
433465 2 44
433586 1 445
433637 3 501
433722 3 2969
433744 1 392
433780 1 766
434102 2 1981
434729 3 185
434999 1 574
435057 10 864
435419 8 190
436069 1 141
436386 3 509
439954 3 302
439955 1 286
440385 2 704
440756 3 581
440838 2 82
441131 1 451
441515 2 83
441657 2 89
441695 2 328
441801 1 389
442247 1 255
442748 1 34
443338 2 118
443830 3 1113
444990 2 56
445379 2 622
446133 3 118
446767 2 2427
447191 1 1291
447218 1 1054
447857 1 1371
448142 1 577
448158 1 357
448778 1 249
449487 2 1090
451125 1 95
453444 3 688
453679 2 110
453840 1 124
453852 1 288
454128 1 44
454223 1 257
454429 1 220
456772 15 999
457210 4 81
459094 1 112
459344 9 758
460319 3 93
460781 2 85
461350 1 44
462442 1 231
462569 3 60
462675 3 157
462755 6 199
463816 4 545
463841 1 392
463923 6 590
464531 5 1211
464961 1 301
465259 3 1218
467954 3 758
468907 2 2006
470387 1 182
470881 1 72
470946 1 33
471451 1 450
471600 3 392
472751 5 361
474061 2 441
474193 2 2427
474200 1 973
474676 1 89
474702 1 129
474836 1 108
476632 1 289
477399 1 1051
479166 1 119
479355 1 82
479358 1 142
480154 2 464
480911 1 83
481121 2 1385
481494 1 787
481665 3 1191
483693 1 732
485946 3 223
486377 1 285
486732 1 533
488463 4 704
489232 12 417
489421 5 98
490425 2 396
491074 4 277
491098 1 40
491340 3 1147
491423 1 1326
491872 2 196
494104 2 807
494515 1 95
496517 3 490
496857 1 67
496952 1 142
497837 2 162
499089 9 2882
499167 4 132
499232 2 964
499441 1 1342
500583 2 67
501087 1 270
501614 1 911
501875 2 319
501913 1 86
502413 5 1028
502521 1 116
502748 1 41
504644 1 39
504662 11 918
505693 1 134
506425 1 291
508871 1 142
509536 1 538
509886 1 205
510179 1 98
510463 1 110
510537 3 265
511543 1 41
512633 4 1634
512636 3 186
512674 2 724
512719 1 530
513175 15 506
513260 5 583
513413 2 583
514350 1 372
514558 3 889
515450 4 111
515984 1 180
516144 1 428
517365 2 225
517629 1 526
518006 2 69
518243 15 389
520200 1 893
520410 2 898
520581 15 1016
521007 8 185
521097 8 263
521371 4 315
521689 6 375
521965 4 1841
521977 3 426
522271 1 173
523450 1 129
523551 3 231
524230 3 29
525027 2 45
525590 5 476
525606 3 2915
526010 1 617
526030 1 924
527658 3 102
528071 1 419
1000 29 514
1969 6 338
2528 7 405
2535 5 354
2537 4 244
3213 15 374
3214 26 362
3215 42 565
3216 26 389
3217 22 386
3220 23 383
3221 34 677
3224 16 360
3227 14 381
3229 8 383
3233 15 288
4067 12 257
6315 27 437
6316 19 338
6326 19 486
6552 5 76
6553 4 71
6554 4 72
7303 19 577
7441 15 430
7854 7 299
8317 13 170
8860 6 424
9204 26 453
10067 24 566
11626 14 411
13776 8 176
14145 13 281
14148 31 507
15626 10 154
15645 24 411
15652 18 657
16493 17 643
18400 6 390
19091 1 398
19566 5 288
21722 10 473
21875 22 413
21876 20 657
21879 17 574
23527 9 316
23637 15 677
23713 33 601
23714 23 480
23715 30 441
24000 11 207
27306 8 116
27520 9 199
28789 6 120
28793 22 709
29128 5 74
29129 38 801
30942 23 457
30943 14 479
33915 3 621
34040 9 506
34783 7 128
36463 1 275
39589 21 883
40061 6 19463
45222 8 255
46255 12 465
48839 3 377
49241 14 247
50377 11 388
51684 14 454
55371 8 52248
57225 3 64
57385 6 145
58487 1 27
61385 1 670
61390 6 510
61752 4 216
63531 1 34
64125 2 76
64605 1 58
66801 3 241
66889 2 29
67108 4 450
67752 1 222
67754 3 678
67863 7 306
69454 4 147
72958 6 528
75044 5 700
75925 1 412
76006 2 265
76279 2 165
76360 6 447
76552 2 144
77394 17 575
78098 4 265
78209 5 847
78366 32 519
78745 2 79
79281 1 244
79326 8 181
79487 17 287
79563 1 292
80032 2 308
80037 3 573
80041 4 528
80043 5 467
80045 9 597
80047 2 709
80475 13 527
80558 1 208
80674 1 282
82458 14 640
83112 5 423
83289 3 157
83660 4 603
83816 11 475
83841 15 348
84194 15 930
84937 2 404
87140 1 126
89274 1 484
90465 1 121
90716 3 471
92580 1 741
92921 10 294
104530 1 91
108037 1 654
110577 4 459
114227 2 589
114405 1 231
115688 3 207
116100 10 777
119705 5 611
120736 2 118
123728 1 199
124040 4 532
124041 2 617
124339 5 533
124340 2 620
124342 1 591
125785 4 122
126555 1 189
127217 4 138
128396 4 593
128397 1 500
130716 7 538
130747 4 715
130788 1 1437
132855 1 160
133035 7 909
133078 1 1158
134096 6 652
135064 1 421
135743 3 147
146993 3 628
148163 1 392
149304 20 653
149603 5 243
153118 3 56
156431 10 274
157334 8 499
160693 2 186
162987 21 558
162988 7 454
165551 3 46
166603 9 104
167311 1 269
168256 3 395
169757 2 125
171096 23 635
171424 2 751
173017 11 897
173842 11 493
178132 1 662
179235 2 504
179396 2 69
180648 3 665
182938 4 8475
184736 1 375
185918 1 86
188801 2 607
189401 1 617
189402 10 678
189573 5 189
197468 3 306
199601 4 190
202226 3 58
202319 1 555
203952 3 527
204771 11 328
204926 12 253
205330 9 231
205878 1 143
207155 2 37
208500 13 388
208819 1 140
209022 7 347
211947 1 404
212094 7 464
213370 1 230
215315 3 198
215801 4 661
218694 7 737
218697 10 671
218708 9 806
220879 3 1227
221718 21 555
223439 1 444
223673 1 106
223674 9 368
227791 2 515
228488 1 94
229058 1 385
229769 1 597
234357 1 146
234578 18 643
235421 8 232
235638 1 243
240347 1 261
240956 1 534
241871 4 585
242712 11 234
243981 1 255
246049 1 197
247396 1 41
250433 2 570
251760 9 187
251848 15 558
254045 1 200
255401 5 385
255402 1 483
260584 1 118
260826 6 324
260836 1 91
261914 2 214
262374 2 102
262713 1 72
265816 7 25803
265845 1 17259
265854 1 21100
269362 6 147
276447 1 336
276642 2 2816
277169 1 179
277312 1 591
277787 15 605
286849 31 685
287019 1 250
287906 11 5750
288028 23 412
288061 17 1274
288063 6 148
288099 3 520
288107 2 140
288140 21 377
288143 23 668
288144 8 129
288188 11 135
288191 7 390
288195 7 142
288205 1 604
291755 1 139
294698 1 1294
298742 1 711
298835 1 1273
301865 4 18367
305973 25 774
306237 86 26903
307201 7 187
307213 1 87
307222 5 1141
307229 8 114
307270 48 571
307271 21 304
307276 8 228
307341 5 167
307344 12 293
307376 1 324
307377 37 930
307378 18 368
307453 128 49380
308186 1 36306
308187 8 51551
308621 20 447
308791 2 1367
308829 2 1367
308947 2 16976
309001 2 16976
312401 2 5388
314379 3 318
326018 9 154
326040 6 185
326057 6 458
326060 1 233
326110 22 570
326123 68 14885
326129 38 67196
327122 1 16929
327123 1 16927
327394 4 22044
331193 8 140
337098 1 1461
337111 5 345
337337 1 144
337998 1 491
338510 7 2483
347837 125 63219
348346 5 349
348735 1 592
348737 8 305
348812 3 329
348865 1 178
349701 27 919
349702 26 893
349704 1 2127
349785 42 968
350014 2 2309
352187 20 535
352188 6 103
352453 11 285
352646 5 140
352968 24 766
352971 3 183
354321 21 661
354714 2 197
354831 5 295
355093 12 209
355574 11 209
361838 1 1062
361886 1 509
362179 1 339
369734 2 226
372269 5 1286
372278 2 28092
372279 9 5420
372280 3 5317
372406 9 14595
372987 5 297
373014 14 3572
373054 2 164
373100 6 104
373101 20 534
373114 12 213
373118 3 147
373183 11 284
374014 51 80805
374257 4 3016
376969 19 203
384317 2 961
384585 7 2617
384860 3 392
393550 2 30891
394316 1 1558
394714 2 602
394716 25 2905
394728 5 359
394732 5 350
394759 57 675
394784 15 284
394785 5 192
394786 31 703
394787 11 232
394789 1 445
394896 19 201
394898 31 26758
394912 5 249
394923 3 391
398562 6 663
398712 13 899
398840 1 92
399794 3 140
400257 9 427
400913 1 17082
400931 1 45
401420 2 114
401588 8 111
401854 1 303
401967 1 69
403155 1 93
403392 7 222
403505 32 1130
404191 9 315
404192 2 1269
405620 1 912
405942 56 1340
408637 4 295
409604 2 585
410689 19 1106
410690 2 670
410704 1 203
410931 3 122
411530 2 198
413984 1 546
414686 1 223
415953 8 429
417896 3 131
418067 5 199
418306 2 62
420331 2 156
420826 12 490
421115 4 444
421339 1 96
421368 8 971
422033 2 752
423792 4 1672
424649 3 113
426053 13 465
427670 2 31
427725 4 71
428894 1 131
430013 13 701
430598 2 90
431759 4 120
431760 5 93
433448 1 108
433586 1 445
433637 3 501
433722 16 2969
433744 1 392
433780 1 766
434102 2 1981
434729 3 185
434999 2 574
435057 13 864
436069 3 141
436386 13 509
438373 4 74
439954 2 302
439955 1 286
440385 2 704
440756 4 581
440838 2 82
441131 1 451
441515 2 83
441657 3 89
441695 2 328
441801 1 389
442247 1 255
443338 2 118
443585 2 397
443830 14 1113
445379 17 622
446133 3 118
446639 11 391
446767 2 2427
447191 9 1291
447218 1 1054
447857 2 1371
448142 22 577
448158 1 357
448778 11 249
449487 2 1090
450863 1 100
451125 1 95
452875 7 122
453444 12 688
453679 2 110
453840 1 124
453852 11 288
454128 1 44
454223 2 257
454429 2 220
456772 25 999
457210 2 81
458680 1 37
459094 1 112
459344 14 758
462442 1 231
463816 4 545
463841 2 392
463923 12 590
464531 7 1211
464961 1 301
465259 8 1218
465443 1 140
467954 1 758
470387 4 182
470881 2 72
471600 4 392
472167 5 107
472751 4 361
474061 2 441
474193 45 2427
474200 1 973
474490 4 115
474676 3 89
474702 3 129
474836 4 108
476632 1 289
477399 6 1051
479166 1 119
479355 1 82
479357 8 149
479358 6 142
480154 2 464
480911 2 83
481121 9 1385
481494 1 787
481665 4 1191
484884 1 709
485826 1 788
485946 3 223
486377 1 285
486732 1 533
488463 4 704
489776 4 71
491074 6 277
491340 34 1147
491872 3 196
493398 8 183
494104 4 807
494191 2 40
494515 4 95
496517 5 490
496694 18 428
496952 1 142
497837 2 162
499089 10 2882
499167 4 132
499232 2 964
499441 1 1342
500379 53 1497
501035 7 133
501059 6 93
501087 1 270
501614 1 911
501875 6 319
501913 1 86
502413 39 1028
502521 1 116
504644 1 39
504662 18 918
505693 1 134
506425 1 291
507122 5 186
508871 1 142
509536 1 538
509837 1 33
509886 2 205
510179 1 98
510463 1 110
510537 3 265
512633 3 1634
512636 5 186
512674 4 724
512719 14 530
513260 5 583
513413 1 583
514350 1 372
514558 1 889
514734 12 130
515450 4 111
515984 1 180
516117 1 95
516144 1 428
517365 2 225
517629 3 526
520200 2 893
520410 29 898
520581 34 1016
521097 8 263
521371 3 315
521689 6 375
521965 18 1841
521977 5 426
522271 1 173
522689 2 33
523450 1 129
523551 4 231
525086 15 271
525590 5 476
525606 2 2915
526010 2 617
526030 3 924
526173 1 331
528071 1 419
