33 1 19382
366 12 505
367 6 204
369 2 300
13182 20 736
13183 2 497
21614 1 32241
24012 11 206
39855 12 208
56077 6 271
56078 3 541
56279 1 211
56621 5 450
57201 6 677
57202 3 629
57444 4 74
57477 12 563
58338 2 117
58441 1 247
58486 2 160
58779 1 155
59571 3 82
59725 6 191
60121 18 606
60126 1 850
60840 11 558
60844 5 859
61810 1 316
61870 2 421
63855 5 390
64127 2 466
64662 7 506
64677 13 462
65493 1 495
65787 3 68
66084 2 60
66368 3 672
69079 1 183
69219 1 86
69738 1 176
72170 2 188
72419 2 436
72425 3 637
72428 1 690
73440 1 110
73722 7 475
73726 2 847
75079 14 605
75088 2 553
76112 4 356
76117 5 467
76663 1 2219
78361 2 359
78373 1 300
78764 2 94
79361 11 477
79556 1 60
80551 1 166
80562 4 474
81227 1 534
81602 4 570
83048 1 109
83734 6 661
83735 1 485
84101 7 609
84102 3 461
85308 1 609
85587 20 625
85821 8 454
86427 1 138
86499 10 592
88187 7 494
88302 3 361
88438 7 623
88445 1 809
88572 1 298
88978 1 202
92504 5 569
92505 6 714
93015 6 543
93132 1 405
93659 1 97
94974 1 399
95359 1 125
96019 2 722
96026 12 548
96107 2 202
96502 1 86
96783 7 668
97212 2 203
97970 1 533
98230 1 88
99910 1 604
100098 15 738
102049 1 487
102100 9 620
102793 1 47
104115 3 211
104487 8 568
104953 2 173
105232 3 41
106002 6 575
106022 1 638
106638 1 154
106685 7 744
107172 4 957
107326 1 629
107649 1 551
108434 9 824
108633 1 414
108962 8 662
109604 7 347
110591 6 486
111077 5 118
111105 1 37
111111 1 37
111167 1 1361
111665 8 607
111753 3 117
111949 19 595
112287 4 431
112701 5 391
112851 4 372
112854 3 405
113101 2 253
113871 4 549
114558 1 443
114652 4 468
116003 3 527
116241 19 463
116536 1 38
117348 3 369
117714 1 99
117862 6 596
117991 6 418
118623 1 149
119009 1 438
119876 6 410
119908 2 561
119909 3 502
120356 1 546
120381 10 569
120383 1 490
120385 4 701
120462 11 317
121321 1 135
121752 1 155
121784 11 360
122187 1 214
122542 1 165
123280 3 466
123509 2 89
124275 9 249
124303 4 110
124340 19 620
124724 4 281
125168 4 564
125171 4 533
125172 2 477
125181 6 463
125182 2 610
125468 7 546
125872 3 191
126083 1 283
126533 6 141
126782 3 191
127729 2 346
129261 1 235
131858 3 213
131900 3 85
133130 7 632
133961 1 355
135434 3 180
140973 3 529
142070 1 261
142458 3 165
142955 3 508
143028 2 601
143166 10 400
143188 1 566
143359 7 354
144059 1 292
144733 7 509
144737 2 493
144738 1 604
145102 1 182
145119 1 100
145227 16 480
146651 3 84
147504 6 615
147792 1 196
149312 1 587
149319 1 603
149523 2 102
150545 4 318
150993 3 52
151078 5 589
151395 14 419
151581 1 445
152344 3 358
153897 1 106
154153 15 745
154216 2 157
155090 2 77
155148 8 404
155463 1 497
156300 1 286
157084 3 271
157536 9 504
157799 6 605
157838 1 447
159322 2 154
159344 5 639
159661 5 359
159776 8 555
159812 1 431
160001 1 175
160054 8 591
160281 3 563
160376 3 311
161436 2 548
162129 1 40
163721 1 728
164700 1 52
165078 4 254
165852 4 284
166475 1 226
167230 4 692
168638 1 152
168903 9 695
168911 1 506
169571 3 71
170175 1 305
171746 1 265
172316 4 122
172569 5 258
176370 6 413
176562 2 303
176768 2 275
177717 4 683
177908 10 421
178517 8 489
178736 1 397
178739 2 111
179891 3 467
179895 6 191
179896 12 577
179903 1 683
180190 11 425
181870 5 157
182012 4 304
182870 7 525
182951 2 120
183003 6 419
183131 2 213
183132 2 279
183987 21 579
184174 4 136
185431 3 482
185433 3 775
185436 6 1024
185444 1 721
186063 1 41
186167 1 776
186788 10 543
186835 2 447
186858 1 667
188911 2 788
188921 3 597
188934 3 343
189098 1 82
191285 3 230
191712 1 261
192019 5 566
193727 3 559
193731 1 498
194838 6 148
194842 2 235
194846 5 228
195178 1 115
195321 1 68
195538 2 415
197485 2 84
198048 1 504
198114 8 458
198625 1 57
199825 1 304
200342 7 665
200348 3 659
200351 3 830
201573 1 205
202969 1 50
202974 1 47
203142 3 259
206969 1 231
207777 2 758
208787 1 472
208809 3 101
209295 4 862
209797 3 143
209802 5 248
210830 2 378
210877 6 499
210884 4 486
211516 2 455
211537 4 526
213362 2 247
213852 3 478
214892 1 511
215915 10 538
216858 1 39
216885 8 206
216935 4 131
216990 11 836
217133 3 391
217893 1 535
218132 1 114
219130 1 538
219293 3 120
219834 2 129
220556 7 291
221031 4 579
221037 3 622
221583 6 728
221602 1 818
221779 1 222
223668 8 658
223986 8 479
223996 2 983
225110 1 606
225469 7 515
226241 3 443
226478 2 426
226873 1 402
226875 1 559
226876 1 596
226877 2 663
227456 11 536
227457 6 638
227696 1 503
227697 9 606
227704 3 572
227705 1 581
227706 2 719
229776 24 624
230665 5 664
231335 2 137
231654 1 157
231701 8 589
231761 1 289
232388 1 281
233525 17 1207
233749 2 139
235532 5 132
235764 8 234
235767 3 390
236029 3 478
236802 6 219
237258 5 765
237512 1 90
237721 5 546
237933 5 583
238664 3 356
239484 2 73
239573 11 530
239901 4 757
240553 3 110
240563 7 624
240761 9 578
241082 8 585
241284 3 463
242798 1 734
242959 2 429
243335 4 584
245111 10 274
247110 3 113
247997 1 496
248287 1 571
248443 6 540
248709 4 758
250876 12 652
251571 15 332
251741 3 121
253328 7 673
253329 2 552
254164 6 382
254414 1 478
255402 9 483
257203 18 533
257560 2 104
257983 3 156
258401 5 606
258530 3 235
259272 1 50
259525 2 190
259717 1 191
260794 4 464
260956 1 88
260994 1 310
261087 2 680
261646 6 418
261976 1 115
262249 8 480
262728 4 323
263272 3 346
265250 1 120
265457 1 106
265795 12 1013
265810 1 16729
265816 11 25803
265854 18 21100
267232 1 692
267430 2 175
267532 1 401
267533 4 2478
267537 1 312
267638 5 108
267663 1 5386
267752 1 115
267821 2 85
267870 1 203
267900 5 474
267954 1 74
268052 1 84
268193 1 462
268303 2 6782
268484 1 123
268603 2 2073
269314 2 128
269328 1 127
269333 3 121
269484 4 458
269996 2 6852
270273 2 200
271655 1 234
271768 1 538
271851 3 171
271853 1 177
272478 2 153
272625 1 205
273045 3 88
273209 5 125
273304 6 211
273371 2 127
273498 5 310
275132 2 183
276035 1 162
276234 1 220
276265 1 220
276456 4 148
276501 4 200
276566 1 390
276665 22 859
276740 4 644
277218 1 258
277567 3 396
278626 4 946
278723 7 517
278777 4 126
279007 2 1953
279727 7 138
280071 5 229
280093 3 190
286200 1 925
286354 1 1664
286401 1 80
286626 3 284
286637 1 211
287074 1 531
287083 49 764
287192 60 1561
287270 5 4819
288168 2 128
288747 30 1966
288967 2 195
290465 2 15747
290764 6 2010
291708 2 136
291784 8 158
292082 2 99
292163 2 166
292829 3 1212
292923 7 259
293797 5 209
293931 1 280
295754 4 190
297459 2 4676
297866 2 100
297867 1 104
297871 3 705
297876 4 621
298265 3 242
298269 1 155
298274 3 134
298493 3 248
298665 1 400
298692 4 141
298695 1 435
298721 2 172
298745 1 220
298882 1 288
299096 3 95
299778 15 5938
299963 4 200
299997 2 826
300607 29 1963
304257 2 371
304714 1 105
305098 1 122
306080 1 473
308907 9 13313
308919 1 13545
308922 2 1748
308929 2 12027
308947 7 16976
308953 3 14138
308961 9 13313
308973 1 13545
308976 2 1748
308983 2 12027
309001 7 16976
309007 3 14138
309358 2 100
309862 2 617
310261 5 211
310262 3 92
310291 1 380
310520 2 280
310624 3 152
311390 2 231
311446 3 346
311635 1 178
311656 1 362
311837 1 138
312144 1 1389
312259 1 580
312401 2 5388
312814 2 653
312894 5 170
313499 1 90
314018 2 1187
316366 5 156
316404 2 116
316527 20 619
316620 1 190
316803 2 95
316921 9 397
317184 2 2717
317545 2 293
317607 6 469
317767 1 528
318330 8 130
319200 1 517
319755 2 183
325117 2 2186
325129 3 1554
325160 1 178
325163 2 397
326067 1 223
326123 1 14885
326129 6 67196
326275 2 172
326734 9 138
327384 8 19585
327394 6 22044
327398 1 1738
327407 4 18061
327409 1 3377
328992 2 5954
329034 2 4775
329208 3 9390
329209 4 5843
329225 2 7875
329226 2 8776
329231 1 7437
329335 1 171
329399 1 901
329405 1 3218
329476 1 4825
329493 1 7227
329569 2 7587
329659 4 262
329688 1 4330
329689 2 3506
329703 1 168
329704 1 69
329706 1 504
329750 4 111
329804 3 7586
330058 4 189
330080 1 329
330099 3 6898
330234 1 3314
330245 3 4448
330302 11 191
330311 1 435
330343 4 299
330396 1 135
330468 1 273
330619 1 141
330767 3 2668
330852 1 182
330861 1 153
331304 1 152
331432 9 8083
331490 1 231
331755 2 270
332072 1 401
332368 1 206
332688 1 169
332752 6 87
333210 8 127
333928 1 137
334084 2 202
334274 1 186
335109 9 263
336719 6 6871
337113 3 1850
337240 4 383
337361 9 1020
337393 1 130
337396 1 175
337589 8 168
337590 5 113
337794 10 299
337806 12 231
338024 7 110
338028 3 113
338031 3 604
338117 1 1664
338188 1 276
338272 3 154
338348 17 618
338397 3 564
338488 12 631
338649 4 7414
338702 3 348
338817 3 112
339008 8 277
339836 5 331
340044 2 144
340099 4 2202
340737 1 287
341272 2 293
341274 1 690
343352 8 141
345844 3 96
347667 1 1375
347714 1 1563
347760 1 2186
347788 2 2794
347837 2 63219
348118 3 946
348147 8 135
348165 2 1110
349068 3 168
349186 4 391
349379 5 337
350449 1 14072
350454 4 4709
350479 1 11696
350496 3 14081
351823 1 186
351848 1 193
351903 8 169
352076 5 182
352178 8 163
352779 10 194
353081 6 383
353121 4 128
353211 2 186
353300 3 101
353338 1 165
353623 3 164
353973 5 111
354041 1 3810
354043 4 3871
354044 3 4950
354050 2 4508
354074 1 152
354450 11 8639
354756 5 1140
354974 3 182
355496 4 260
355948 1 283
355949 9 479
356077 1 3908
357101 5 138
357828 9 441
358000 2 208
358090 7 361
358309 3 180
358393 4 6679
358395 9 3176
358396 4 3630
358397 6 4529
360156 2 192
360160 8 146
360182 53 2961
360186 2 271
360324 3 444
360540 4 150
360652 1 189
360659 3 268
361024 1 407
361124 3 308
361492 1 236
361694 3 83
361842 3 378
361850 1 98
361995 1 1540
362028 11 212
362110 1 246
362131 4 149
362132 7 154
362133 1 114
362229 1 234
362325 4 476
362328 2 121
362374 2 87
362440 1 260
362943 6 77
363015 5 162
363606 1 117
364137 5 110
364486 1 139
365267 1 1745
365571 1 531
365680 11 217
371782 1 1143
371863 1 746
372362 2 958
372363 1 1420
372427 1 1627
373575 3 166
374424 2 389
374974 1 12901
376386 2 9418
376390 1 1889
376392 5 141
376460 9 240
376558 5 158
376565 1 565
376610 4 7750
376768 1 83
376822 1 7531
376967 4 113
377197 11 8628
377560 4 6597
377633 1 140
377837 1 192
377850 1 224
377899 3 207
378071 2 7768
378077 3 116
378114 5 153
378439 13 272
378536 22 381
378577 1 305
378722 1 110
378784 6 314
378829 7 140
378995 2 133
379178 1 139
379504 7 128
379966 8 144
380138 7 242
380305 1 803
380391 3 142
380506 1 245
381340 1 252
381507 4 322
381581 1 267
381617 5 462
381987 1 6233
381991 6 6428
382348 1 374
382353 4 211
383541 16 344
383542 9 246
383570 1 324
383754 1 5970
383956 6 298
384215 5 600
384351 2 466
384683 8 205
384769 2 117
384779 7 143
384876 1 75
384885 7 103
384945 4 86
384946 8 201
385057 7 124
385275 9 260
385276 5 230
385277 7 342
385278 5 206
385303 3 164
385445 10 1685
385486 1 6673
385617 1 168
385979 4 3672
387462 1 515
392593 3 80
393526 4 8178
393564 1 3222
393568 1 2556
393639 3 4255
393640 2 1403
393673 3 10585
394062 4 969
394132 3 455
394135 65 1279
394774 4 282
394898 1 26758
396258 1 38258
396331 6 429
396521 10 865
396657 3 663
397351 1 221
398046 9 1608
405750 1 582
405788 4 2062
408265 2 672
409662 3 179
410480 4 477
411515 3 314
413978 2 1337
414525 15 333
416114 3 85
418051 1 150
418053 1 211
418259 1 701
418298 8 924
418399 1 104
422279 11 251
422523 4 506
422779 1 358
425241 1 147
425242 2 122
425673 2 104
426110 4 472
426252 1 42
426579 3 1108
428312 6 454
430061 1 276
432536 2 181
433834 2 227
435073 1 437
436182 5 353
436731 4 608
437699 1 132
438755 1 601
438756 1 520
441888 10 613
445371 2 366
445533 2 259
447210 6 420
449215 8 573
449778 4 605
449927 6 1070
450617 1 135
450618 1 102
450768 3 52
451963 1 96
452517 2 264
452773 3 245
456232 2 623
458392 1 88
458599 1 92
459210 3 275
466340 2 640
468066 1 519
469027 5 78
470078 2 492
471602 9 475
472059 31 1683
473567 1 696
473769 2 475
473949 1 745
474733 3 117
475070 9 412
475275 1 84
476245 1 555
476459 2 652
476602 16 992
477962 1 125
477964 1 99
478491 2 161
479108 13 1190
479177 4 139
480220 1 190
481428 4 64
482080 4 107
482339 2 83
482391 3 224
482858 2 212
483626 2 603
485022 1 498
487778 3 78
488735 2 410
489263 1 587
491572 2 524
492168 1 93
493739 3 202
493743 1 423
493790 8 419
495963 1 43
496298 1 103
496299 1 148
496300 1 126
496718 1 50
496791 1 41
497268 3 517
497314 2 511
499206 4 659
499250 2 348
499441 9 1342
500011 11 378
500622 5 839
503665 1 445
503869 1 493
504238 9 362
504987 1 525
506885 1 102
506886 1 86
508638 5 438
514077 1 405
514965 5 522
516443 1 94
516444 1 107
516887 10 494
519131 1 85
521799 1 155
521801 1 102
522764 1 431
523041 2 3025
524445 1 86
525847 6 1143
526550 1 94
527233 2 998
527338 4 99
527579 1 108
527623 9 635
