512 3 290
515 3 209
516 15 297
1908 1 295
6045 1 379
6167 2 452
8475 8 369
8487 1 479
8495 2 556
9037 1 497
9547 2 511
10447 3 271
12617 1 477
12691 2 726
12701 1 249
12985 2 7361
13421 8 344
14339 3 5421
15003 1 359
15227 1 511
15335 5 445
15343 2 271
15533 1 472
16597 1 111
17003 1 352
17005 1 312
17089 3 538
17201 1 486
17232 5 388
17240 1 399
17257 5 400
17265 1 542
17427 1 514
17640 1 854
20132 5 332
20809 3 624
21614 6 32241
22066 2 532
23188 2 272
23552 2 402
23678 2 534
24243 1 275
24303 3 586
25831 2 401
26286 1 372
27033 17 407
27034 7 241
27036 9 344
27038 8 260
29039 2 406
29040 1 486
29350 2 450
29354 4 598
29355 3 291
29376 1 551
29391 4 411
29393 2 763
29860 2 235
31449 13 514
31450 16 618
31451 15 485
31452 7 625
31455 2 651
31456 9 604
31457 6 647
31458 7 639
31459 1 692
31460 4 449
31462 3 323
31463 12 660
31464 19 779
31468 3 524
31471 11 600
31472 17 684
31473 7 565
31474 6 513
31475 6 532
31477 13 471
31535 1 537
34506 3 339
35527 5 581
35536 2 874
35666 2 574
36069 1 268
37327 2 398
37966 2 339
37967 1 414
38853 1 719
39522 6 536
39523 5 336
39565 1 524
39829 2 669
39932 4 289
40187 3 300
40510 1 442
43063 3 251
43719 2 440
45338 2 180
45758 2 181
45759 7 311
47159 1 450
47642 1 11472
50682 12 32839
52214 8 64459
52854 2 629
53088 2 543
53776 14 515
53777 16 557
53778 3 576
53779 7 450
53780 5 311
53781 7 171
55251 5 250
55371 4 52248
55652 3 278
56005 7 248
56609 5 644
56638 3 81
61976 3 239
62195 1 148
63523 3 441
63791 1 88
65077 2 208
67165 1 251
68503 1 588
70782 2 137
70934 1 253
71102 3 166
73127 1 179
74517 4 816
74567 1 369
74774 1 371
74902 2 195
74958 1 235
74959 1 250
76417 7 478
80871 1 136
81919 1 550
82616 1 44
84889 2 144
85137 2 393
85829 3 559
87686 1 68
93482 1 218
94648 1 178
94801 1 164
94986 1 216
96122 2 433
96355 1 193
99979 1 232
99993 4 141
101687 1 67
104382 5 661
104383 2 736
104387 6 597
104391 2 507
105219 2 305
105247 3 224
105342 1 215
106066 1 168
106199 2 207
106748 4 945
106799 1 76
110535 3 154
111790 1 204
113200 1 232
114094 1 264
114233 2 380
115432 1 180
119210 2 447
119229 1 456
119338 2 599
119434 2 610
119441 4 590
119443 3 560
121409 1 42
121712 2 167
121718 2 205
122073 1 804
123002 1 84
125622 1 78
127522 2 707
128761 1 80
129076 3 265
131012 6 197
132384 1 580
132604 1 89
132853 1 458
133835 1 235
133951 1 613
134570 1 119
134814 2 175
135757 1 126
137150 1 205
137879 1 77
139421 2 238
139646 1 284
139648 1 283
139978 1 251
140038 5 298
140762 2 116
142036 3 95
142285 1 269
142878 1 273
145322 1 828
145577 1 379
146284 1 625
146944 1 331
148564 3 43
148974 1 220
149092 2 109
152032 5 1055
152045 3 797
152472 2 704
153092 1 256
155124 1 57
156216 1 606
160899 2 130
161289 3 515
161294 1 881
161295 1 519
161299 1 1347
161774 2 226
165856 1 423
166749 1 46
167492 1 89
168654 1 164
168712 1 407
170071 2 484
170486 2 334
170541 2 209
170729 2 378
170952 1 145
171820 1 201
171853 4 551
172796 1 206
174330 1 543
175353 2 559
177289 1 797
178230 5 752
178815 1 188
180948 1 129
182050 1 76
182308 3 262
184027 2 181
184377 1 177
184626 2 447
184690 1 63
185109 1 851
188552 3 44
191293 1 1082
192554 1 269
194029 2 591
194550 1 306
195422 1 549
197040 2 934
197878 2 178
198554 1 604
202951 1 87
203311 1 658
203978 1 255
203999 1 50
204541 1 207
204937 2 79
205550 2 149
205614 2 85
207122 1 883
208799 1 134
214673 2 104
214675 2 84
215725 1 75
219622 3 282
219669 2 90
220296 2 193
220498 3 47
220802 1 59
220978 2 233
222613 2 929
225081 1 64
225093 1 594
225112 2 755
226460 1 73
226884 2 183
228381 4 232
229433 2 241
230158 3 600
231998 2 50
232391 1 90
232669 1 169
235125 2 267
235742 1 547
236003 2 365
238395 1 770
239372 1 193
240867 4 493
242107 2 300
242792 1 790
243379 2 197
243437 1 91
243731 1 631
245345 2 210
246629 3 960
247709 3 739
248327 2 224
248624 4 104
250103 2 78
251025 1 43
251876 1 121
252224 2 981
253864 3 669
254156 1 49
254609 3 187
256348 1 872
258624 3 245
259334 4 233
260307 2 245
260525 2 72
260771 3 83
261736 3 652
262335 3 284
263468 2 309
263755 2 680
263758 3 667
263761 2 553
263769 1 506
263785 2 643
263788 4 1076
263975 2 82
264220 1 148
265026 2 671
265467 2 658
265810 11 16729
265816 5 25803
265845 14 17259
265854 6 21100
267880 9 294
268000 1 439
269230 11 484
270429 4 173
270469 1 93
270659 11 692
270665 4 155
270863 8 1098
270888 1 205
271019 2 488
271066 1 98
271068 2 105
271088 1 97
271241 3 304
271342 2 190
271401 1 166
271422 2 512
271430 3 430
271467 2 79
271534 4 128
272171 1 134
272190 5 296
272223 6 374
272226 4 243
272309 2 146
272334 16 1410
272392 1 299
272395 5 344
272400 3 300
272618 1 146
272671 3 4397
272679 1 215
272856 2 169
272857 2 123
272858 1 485
273012 2 178
273014 12 355
273015 6 412
273282 1 167
273283 2 138
273482 11 335
277512 1 1819
283249 1 101
283933 1 470
283950 2 160
284319 1 821
284602 1 444
285032 1 732
285188 1 363
286234 18 2149
286253 7 338
286310 1 2302
286391 2 1273
286710 3 357
286722 2 318
286730 1 110
286816 2 628
286926 2 252
286976 2 1464
287981 1 287
289538 1 4464
289707 1 576
289732 1 4132
290232 1 1166
290252 21 615
290435 16 8814
290440 18 15196
290465 7 15747
291856 4 104
292413 4 434
292490 10 242
292617 4 439
292646 18 592
292711 1 474
293081 1 335
293730 5 269
293732 4 272
293803 3 193
294015 2 227
294057 6 519
294059 8 405
294062 9 264
294459 2 110
294743 6 428
294922 2 227
295054 4 265
295103 2 288
295528 1 94
295549 6 314
295628 3 136
295822 6 347
295910 1 197
295915 3 369
296319 2 178
306158 3 1273
306159 3 797
306160 1 293
306237 5 26903
306259 1 402
306284 40 21202
306425 3 1403
307290 5 307
307432 6 404
308253 12 539
308361 2 364
308561 1 1744
308575 1 1331
308907 8 13313
308919 4 13545
308947 6 16976
308953 23 14138
308961 8 13313
308973 4 13545
309001 6 16976
309007 23 14138
310331 5 318
310434 5 199
310547 8 306
310623 2 353
310681 2 152
311846 2 159
312059 1 242
312535 2 293
312612 9 272
312823 3 284
312847 4 182
312943 2 129
312979 3 345
313000 2 122
313103 3 165
313653 8 661
313721 2 119
313795 3 283
313796 10 626
313806 2 218
314042 6 939
314290 3 205
314478 3 1863
314572 1 267
314651 1 100
314654 3 197
314660 1 313
321197 6 555
321468 6 326
324849 9 287
325193 4 1586
325285 1 1713
325555 3 317
327280 3 230
327384 15 19585
327394 4 22044
327407 5 18061
329296 4 106
329481 2 310
329518 3 219
329557 5 114
330331 4 126
330657 2 134
330947 7 206
330948 5 226
331104 2 312
331117 5 337
331324 2 244
331776 3 288
331782 3 412
331835 1 111
331919 4 347
331936 4 1231
332014 2 295
332976 5 621
333493 5 614
333887 4 153
334224 1 89
334227 2 292
334580 2 255
334644 2 3473
334680 2 206
335862 1 1395
337247 3 119
337248 2 105
337308 3 119
338308 1 162
342111 1 84
344039 3 1084
345603 4 284
346774 9 820
347837 14 63219
347869 23 47445
347906 5 559
347922 1 386
347926 7 1710
347930 9 903
347932 5 875
349645 7 576
350119 1 627
350162 5 440
350163 6 561
350449 13 14072
350479 5 11696
350496 17 14081
352172 5 403
352173 5 303
352475 15 285
352812 2 257
353197 3 182
353323 5 238
353324 2 365
353487 4 607
353563 4 399
354108 14 1171
354114 2 386
354686 3 191
354753 6 167
354922 2 163
355135 6 439
355997 6 164
356070 1 570
356141 5 289
356218 2 248
356264 6 249
356265 15 630
356289 3 366
356414 1 147
356574 2 160
356984 6 654
357054 2 278
357107 2 193
357304 1 102
357366 2 276
357367 2 333
357451 2 186
357960 3 136
357982 1 384
358332 1 1086
358397 1 4529
358490 1 869
361392 1 82
362493 1 1617
366760 4 258
367464 1 1663
367468 3 183
367859 2 109
370749 1 1078
371708 2 268
372066 2 505
372215 7 636
372258 9 4260
372357 2 2359
374042 1 288
374578 1 954
374974 3 12901
374978 1 4182
374994 4 13993
376483 2 234
376771 16 273
376972 5 280
377024 11 539
377419 6 275
377460 5 241
377508 1 167
378236 4 264
378451 2 234
378715 3 264
378905 2 240
379053 2 261
379156 4 211
379649 6 3132
379862 1 111
380071 4 231
380111 6 140
380196 11 314
380209 1 1238
380702 2 2360
380881 3 199
380979 4 402
381234 4 867
381279 3 264
381409 4 152
381547 3 211
381574 1 2965
381635 6 381
381990 1 3050
383092 2 996
389278 1 208
391837 2 720
391846 1 104
392807 1 264
393328 1 286
393620 10 1674
394898 6 26758
394907 23 3529
395615 1 1191
395640 3 17885
395671 1 1458
395681 1 571
395690 1 1124
395889 5 488
395896 1 1413
396214 1 1515
396455 1 108
396563 11 2512
396669 4 276
396859 1 124
396927 2 376
397779 1 108
397860 8 785
397861 4 468
397923 1 515
398071 4 761
398778 1 241
398891 2 229
399134 3 899
399899 1 1128
399973 2 90
400517 3 343
400861 5 671
401004 1 2189
401172 1 418
401263 1 685
403241 1 695
403542 1 1021
403628 2 78
403825 6 1094
405383 2 142
405658 2 3015
405707 1 690
406018 1 62
406049 1 1791
406358 1 290
406587 1 145
406848 3 797
406941 1 346
407128 1 1200
407131 1 733
407579 1 118
408850 3 95
408915 3 92
408937 1 118
409607 2 66
409628 3 78
409725 1 171
410098 2 442
411073 3 1155
411390 2 607
411526 2 240
411986 2 1066
412192 2 270
412334 2 384
412636 2 444
413160 3 408
413411 1 376
413553 1 1377
413593 1 84
413735 1 42
413975 4 823
414140 2 84
414957 1 124
415303 2 347
415851 5 535
416113 1 284
417110 2 132
417650 3 255
418296 1 835
419070 2 378
420102 5 244
420957 1 992
421374 2 80
422221 1 380
422655 1 382
423049 2 256
423467 1 1237
423785 11 441
425467 1 433
425608 1 339
426416 7 519
426485 2 257
426486 3 105
426724 1 770
426987 2 167
427929 1 568
428463 1 1920
428859 3 151
429047 1 253
429243 4 104
429272 1 366
429412 3 425
429422 3 541
429447 1 48
429494 2 462
429961 2 130
430245 1 572
431281 1 188
431340 1 1030
431546 1 105
431664 1 1212
431724 2 284
432928 1 627
433337 1 566
433350 3 93
433669 1 617
433918 1 2554
434233 5 552
434723 2 95
434732 3 453
435045 2 628
435640 1 379
435741 2 877
436613 4 204
436818 1 420
436922 1 665
437642 1 290
437912 2 755
438506 1 437
438935 1 438
438969 2 577
439291 1 105
440286 1 79
440361 1 276
441511 1 542
441575 1 76
441578 1 2452
441669 1 686
441675 1 427
442146 3 99
442180 2 67
442487 3 57
443281 2 105
443286 2 226
444112 1 60
445207 1 74
445293 5 1404
445294 4 341
445629 1 265
446851 1 2098
446992 1 680
447051 1 654
447962 1 102
448556 1 381
449662 1 72
449786 2 190
450243 3 102
450603 3 930
451683 1 1799
451806 1 3345
452117 1 93
452118 1 95
452293 1 102
452584 1 325
452756 2 284
452799 1 107
453645 1 413
453740 3 580
454138 1 543
454178 1 440
454665 1 116
455593 3 335
456127 1 76
456549 3 716
457527 1 734
458566 5 129
458617 1 1212
458735 1 1592
459147 1 118
459219 1 90
459310 1 2447
459651 1 797
460001 3 450
460029 1 1835
460167 2 78
460336 1 82
460688 1 383
462063 1 81
462624 2 88
462986 1 1018
462987 1 945
463258 2 399
464003 5 1357
465478 1 1593
465669 1 1089
466345 1 590
466679 1 858
467011 1 124
467023 6 582
467034 1 840
467218 2 216
467593 3 253
467596 2 954
467639 1 408
467851 3 113
468085 1 122
469290 2 90
469291 1 78
469440 2 75
469697 2 99
469748 2 56
469924 2 202
470296 3 89
470937 3 301
471015 1 85
472236 1 1202
472766 2 289
473108 2 290
473253 1 116
473350 2 161
473405 1 183
473658 1 51
473784 1 237
473841 1 781
473847 1 872
473893 1 926
473971 1 629
474086 3 1079
474286 1 118
474379 1 73
474382 2 110
476010 1 378
476331 1 1792
476405 1 691
476657 1 792
476824 1 155
477010 4 1031
477473 1 392
477905 2 277
478610 3 509
479625 6 1163
480191 2 293
480315 2 320
480506 1 213
480754 1 490
480756 1 800
482186 6 250
482940 1 1009
482942 2 718
483180 5 646
483371 2 410
483409 1 33
483411 2 119
483653 1 1992
483902 1 724
483930 1 733
484519 4 146
484735 2 108
484841 1 214
484971 1 104
484997 1 1283
485091 2 278
485097 1 64
485114 1 311
485464 1 262
486225 4 509
486397 1 455
486420 4 109
486422 2 78
486666 1 1186
487029 4 336
487429 3 79
488015 1 468
488128 4 983
488214 3 449
488323 1 258
488466 2 293
488635 2 171
488984 1 518
489484 5 583
489762 3 258
489856 3 85
490230 1 41
491902 1 996
492131 2 308
492236 1 1279
492277 2 195
492933 1 1235
492934 1 72
493162 2 179
493459 11 849
494130 21 2012
494889 1 970
495535 2 340
496297 1 298
497112 2 483
497620 5 447
498866 2 181
498968 1 1813
499286 1 39
499314 4 981
499692 2 201
499825 1 112
499846 1 506
499875 1 593
499918 1 52
500541 1 400
500560 2 141
500641 1 1541
500872 6 507
500884 1 608
500983 2 80
501122 1 413
501652 1 401
502169 1 177
502589 4 110
502656 2 211
503512 2 1167
503628 2 1041
504334 1 438
505099 4 639
505269 4 468
505714 1 105
507803 2 541
508232 1 103
508363 2 207
508795 1 442
509524 2 816
509974 1 1132
510261 1 78
510935 1 132
511095 1 74
511216 4 415
512348 1 76
512834 1 1087
512856 1 474
513324 1 107
513575 3 132
513825 2 271
514869 1 162
515190 1 123
515867 3 227
515932 1 119
516022 3 85
516027 1 70
516033 3 407
516211 3 102
516418 1 1149
517104 1 69
517171 3 161
517221 3 439
517511 7 561
517514 2 627
518392 3 374
518612 1 144
518713 3 562
518931 2 150
518947 1 70
519054 1 107
519139 3 348
519225 5 1369
519999 1 171
520350 1 2178
521122 3 95
521131 1 969
521156 1 1350
521789 1 80
522110 2 923
522364 4 846
522485 1 132
523246 1 1608
523661 1 185
523785 1 80
524104 1 691
524767 1 1184
524991 3 216
524999 1 46
527680 1 614
597 10 477
616 4 407
633 16 468
4338 1 16989
6167 1 452
7286 1 591
8442 2 416
8444 1 522
9037 1 497
9166 2 17203
11716 7 441
12709 3 20008
17022 2 618
17099 2 510
17186 3 569
17192 19 660
17193 16 495
17194 28 524
17196 3 433
17197 4 440
17198 2 475
17199 1 529
17200 3 455
17201 4 486
17209 1 447
17210 8 485
17211 8 402
17220 12 405
17426 7 358
17427 4 514
17438 3 502
17444 8 373
17455 8 421
17640 4 854
19510 1 392
19523 2 379
19941 1 711
24103 1 613
24287 7 478
24294 8 602
24303 1 586
26622 7 495
27334 8 426
27335 4 198
28644 8 2304
29039 1 406
29040 1 486
31846 1 5130
34229 2 506
34691 1 477
35404 1 285
36391 2 10294
39937 1 471
40198 2 457
40200 3 407
43058 5 307
44916 2 242
45917 1 6305
46070 5 549
47120 7 221
47774 10 281
47775 19 281
49392 2 384
52356 1 384
53219 5 370
55871 4 136
61797 2 329
63374 1 271
65155 2 636
65703 1 405
65739 1 370
67067 2 27
70581 1 103
72271 1 445
72478 4 228
76964 1 213
79447 1 46
79905 1 135
79961 1 33
83659 1 701
83808 1 278
84066 1 35
85137 1 393
85706 1 729
85843 2 30
89345 1 568
90710 1 453
90783 1 550
94181 2 130
94908 2 468
95106 4 217
96852 1 100
99563 1 524
101334 1 163
102446 1 565
103237 2 161
103613 2 102
108213 3 46
111849 2 30
114233 1 380
115253 1 669
116140 1 55
118514 1 53
119229 1 456
124648 2 116
124849 3 116
126990 2 581
130533 1 568
132458 2 418
132691 2 419
133485 1 253
133735 1 252
133835 2 235
135559 1 505
139247 1 486
142046 1 168
142878 2 273
143145 1 62
146822 1 63
147905 3 221
150931 1 86
151234 3 661
151922 3 127
152045 1 797
153646 1 705
156026 1 337
156166 4 207
156216 1 606
156380 4 105
158673 3 325
162920 1 69
163421 5 239
163424 4 243
163981 1 54
165058 1 777
165856 1 423
166622 2 155
167011 1 79
170426 1 66
170609 1 750
170927 3 161
171160 3 160
181486 1 334
182073 7 214
185810 1 557
186797 2 57
189086 1 638
190812 1 84
190842 1 592
192538 3 74
192576 2 53
192582 2 53
192797 5 143
194143 1 148
195292 1 64
196603 3 78
196864 1 432
199757 3 246
199924 2 192
200559 1 78
202245 1 73
205305 2 463
206904 2 140
206908 1 839
207409 3 52
211046 1 334
212884 4 223
213308 7 186
217984 1 84
222325 1 83
222613 1 929
224137 1 356
228717 1 123
228721 1 164
232288 1 382
235202 1 76
238168 1 45
243731 1 631
245058 1 371
249373 5 405
249397 3 238
253051 7 185
254207 1 822
254691 2 127
254692 2 146
255395 1 51
260782 5 287
263767 1 630
264350 1 696
265816 2 25803
266935 1 240
267198 2 3674
269229 1 501
270529 2 207
271342 1 190
274540 3 81
274677 2 280
275227 5 156
275341 1 69
275603 1 109
277512 4 1819
277625 5 190
277915 2 81
278375 1 57
280239 2 3674
282070 1 1908
282229 5 795
283933 2 470
284319 1 821
284602 1 444
285032 2 732
286310 1 2302
286976 1 1464
287981 1 287
289400 1 1724
289538 1 4464
289571 6 1016
289732 1 4132
289995 1 163
290232 1 1166
290252 1 615
290256 6 30074
293081 1 335
296789 2 196
301865 3 18367
302730 6 273
303734 6 25485
308561 2 1744
308575 1 1331
308947 1 16976
309001 1 16976
310390 1 365
311929 2 9534
313721 1 119
314650 2 313
314822 3 6501
316056 7 362
320248 1 13098
321494 1 85
323318 2 120
323609 4 191
325285 1 1713
326129 5 67196
326702 1 110
327064 1 1208
327394 2 22044
328638 1 428
331936 1 1231
332976 1 621
334227 1 292
335709 2 53
335737 3 59
335862 1 1395
336234 2 268
337925 1 332
337992 7 3059
339082 1 61
340608 1 1709
342063 1 99
342291 1 822
342430 1 68
344039 1 1084
344244 1 143
344941 1 122
347837 2 63219
349880 1 783
350119 1 627
353699 2 2799
358332 2 1086
358397 2 4529
358490 1 869
358991 1 125
359130 3 121
359574 5 308
362493 1 1617
364227 1 355
365494 1 160
367360 1 73
367464 1 1663
370749 1 1078
371721 7 4737
373834 17 44460
374334 3 3216
374578 1 954
374978 1 4182
375641 1 124
379649 1 3132
380209 1 1238
380702 1 2360
380732 2 122
381574 3 2965
381990 2 3050
382905 8 287
383092 2 996
384022 1 182
388387 1 121
389157 3 116
389278 1 208
390050 1 168
390387 1 113
390596 1 93
392807 1 264
392954 2 672
393747 1 58177
395615 1 1191
395640 8 17885
395671 1 1458
395681 1 571
395690 1 1124
395888 1 1402
395896 2 1413
396214 1 1515
398466 1 521
399572 1 339
399899 1 1128
400414 6 113
401004 1 2189
401118 1 822
401263 1 685
401332 4 966
402013 3 364
402105 2 507
403241 1 695
403542 2 1021
403825 2 1094
405082 3 1544
405658 6 3015
405669 3 670
405707 1 690
405749 1 516
406049 1 1791
406126 42 1298
406636 5 104
406941 5 346
407128 1 1200
407131 1 733
408505 1 2987
409607 3 66
409725 1 171
409736 8 164
409961 8 178
411139 2 1224
411192 9 398
411390 11 607
411486 1 1423
411776 1 536
411986 1 1066
412120 15 486
412334 1 384
412348 18 363
412359 4 72
412692 1 139
413411 1 376
413553 1 1377
414052 2 931
414713 4 99
414879 5 135
415775 11 276
415963 11 145
416113 1 284
416855 8 222
417115 5 109
417199 15 512
417811 13 1063
417937 1 39
418213 1 3418
418493 2 425
419525 1 347
419635 4 263
420917 1 730
420957 2 992
421264 10 336
421426 3 80
421794 4 835
421860 3 88
421914 1 40
421936 1 386
422221 1 380
422582 3 427
422655 1 382
423453 6 994
423467 1 1237
423948 1 569
424183 8 147
424215 5 107
424381 1 745
425168 5 161
425467 1 433
426439 3 1484
426724 3 770
427390 4 78
427929 1 568
428463 5 1920
428764 1 284
429272 1 366
429971 1 870
430245 1 572
430682 1 39
431173 1 498
431340 2 1030
431607 3 71
431664 1 1212
431979 12 304
432928 1 627
433337 1 566
433669 1 617
433694 6 1458
433918 2 2554
433924 7 3205
433974 2 2069
434233 1 552
435045 1 628
435166 6 211
435500 4 129
435640 1 379
435741 4 877
436220 1 715
436362 9 726
436818 1 420
436909 5 82
436922 1 665
437571 7 352
437642 1 290
437912 1 755
437935 11 220
438506 1 437
438676 1 788
438744 2 163
438935 1 438
438969 1 577
440361 1 276
440658 1 791
441415 1 834
441511 1 542
441578 1 2452
441669 1 686
441675 1 427
441723 1 645
442661 15 286
443648 4 156
443762 6 144
443785 7 345
443962 1 280
444142 1 695
445080 6 95
446317 5 256
446521 2 86
446851 1 2098
446992 2 680
447005 1 415
447051 1 654
447121 1 250
448536 3 584
448798 3 244
449324 3 3154
449391 15 1194
449465 16 687
449662 4 72
449786 1 190
450290 1 747
450603 2 930
450742 1 739
451278 1 306
451683 1 1799
451806 1 3345
452117 4 93
452400 5 396
452584 1 325
453059 5 103
453645 1 413
454138 1 543
454178 4 440
454665 1 116
455140 1 150
455765 5 433
455846 24 441
456542 2 609
456549 1 716
456872 1 167
457527 1 734
458283 15 382
458617 1 1212
458735 2 1592
458805 1 386
459310 2 2447
459315 2 2824
459336 1 666
459338 5 1186
459651 1 797
459963 9 231
460029 3 1835
460576 5 92
460617 1 416
461071 1 1030
462986 2 1018
462987 1 945
463354 1 631
463709 3 415
464048 1 516
464078 1 226
464164 1 324
464448 4 1617
465478 2 1593
465669 1 1089
466345 1 590
466644 1 896
466679 4 858
466749 9 233
466775 3 81
466864 3 853
466929 4 167
467596 1 954
467639 2 408
467710 9 157
467953 1 701
467981 1 881
468213 2 73
468365 4 2035
468390 5 112
468835 1 48
469290 4 90
469291 3 78
470708 4 93
470727 1 124
471229 1 80
472236 1 1202
472558 8 160
472863 2 778
473784 1 237
473841 1 781
473847 2 872
473893 1 926
473965 3 2349
473971 1 629
474086 1 1079
475268 3 71
475300 3 49
475556 11 316
475676 4 96
476268 3 129
476331 1 1792
476405 1 691
476657 2 792
476853 4 101
477270 3 745
477365 1 276
477674 7 127
477693 17 351
477988 3 83
478441 1 636
479435 10 613
479625 1 1163
479993 3 75
480754 1 490
480756 1 800
481049 12 260
481171 1 1054
481422 1 78
481587 3 387
481693 5 123
482108 3 390
482940 1 1009
483190 2 62
483477 5 128
483514 6 364
483653 1 1992
483761 6 2997
483823 3 841
483902 1 724
483930 2 733
484109 2 516
484997 1 1283
485114 2 311
485464 1 262
486666 1 1186
487417 8 860
488323 1 258
488984 4 518
489619 5 212
490212 6 113
491088 2 413
491386 18 467
491902 1 996
491956 4 102
492236 2 1279
492469 2 979
492834 6 139
492933 7 1235
493818 5 361
494889 1 970
494979 1 149
495998 1 585
496297 5 298
497327 7 494
497393 23 703
497550 13 230
497620 1 447
498060 1 170
498861 1 372
498968 5 1813
499314 1 981
499353 8 686
499441 1 1342
499820 1 59
499846 1 506
499875 1 593
500112 6 276
500541 1 400
500641 1 1541
500884 1 608
501122 1 413
501342 4 84
502012 1 660
502536 18 481
502951 12 360
503455 15 344
503512 1 1167
503554 22 655
503628 1 1041
503783 1 586
505714 3 105
506508 28 785
507071 2 995
507916 3 469
507937 5 1155
508113 5 843
508667 3 80
508795 2 442
508992 3 794
509524 3 816
509887 1 493
509941 1 160
509974 3 1132
510158 2 396
510261 3 78
510715 10 304
512577 4 96
512834 1 1087
512856 1 474
513106 1 626
513234 4 79
513402 19 335
514631 23 683
514855 2 2107
514869 2 162
514870 5 83
515113 14 775
515155 4 1470
515256 1 489
515546 1 735
516389 4 771
516418 1 1149
516871 1 495
516966 1 200
517496 10 255
517647 5 1624
518612 4 144
519054 3 107
519225 2 1369
519297 4 384
519471 30 843
520349 6 2481
520350 2 2178
521131 6 969
521156 5 1350
522110 1 923
522728 3 1246
523246 3 1608
523753 2 500
523785 4 80
524041 2 356
524104 1 691
524541 2 138
524556 2 727
524561 1 615
524573 4 124
524767 1 1184
525521 1 47
526385 7 995
527127 2 72
527162 4 78
527610 1 995
527680 1 614
528007 1 39
