13584 2 719
15777 4 507
21859 3 282
25331 1 5612
46983 4 211
62840 1 47
65241 1 399
67290 2 91
68696 1 475
73262 1 30
80398 1 411
93621 2 729
95879 1 973
106289 1 56
109262 1 316
113097 1 831
121374 1 558
122706 5 539
123530 1 43
129930 1 85
130718 2 406
134087 1 812
145168 1 138
154561 1 470
157925 1 280
162200 1 402
170042 1 479
170333 1 471
173595 1 134
180527 1 116
180727 1 549
184098 2 221
195214 1 72
195288 1 696
195455 2 369
200707 1 705
211143 3 311
211259 1 334
217557 1 157
220818 1 223
225689 1 330
230891 1 674
238900 2 746
239180 1 388
239991 1 281
245157 1 164
246078 1 544
248002 1 512
249442 1 117
251375 1 410
251708 1 325
266583 1 236
268145 1 108
273001 1 912
276995 2 311
278009 1 129
278024 3 196
278092 1 129
278106 3 196
278202 2 1652
278208 1 842
278226 2 379
278242 1 1113
278343 1 424
278389 1 247
278403 1 813
278461 1 437
278495 2 286
278586 1 220
278595 1 958
278622 1 479
278638 3 566
278855 2 1508
278888 1 529
279000 1 1524
279055 1 536
279099 1 2004
279122 1 414
279136 1 207
279188 2 460
279440 1 1947
279533 2 341
279594 1 301
279653 4 443
279680 2 276
279741 2 595
279759 1 1171
280418 1 840
280685 1 193
280862 1 441
284928 2 192
288932 1 226
288961 1 277
289077 1 544
291058 2 292
291400 1 130
296924 1 110
297121 1 90
298835 1 1273
299372 2 257
299374 1 260
299456 1 96
299516 3 501
299528 1 103
299658 2 195
299989 3 1298
299990 1 143
300032 1 1598
300123 1 144
300224 2 1398
300359 1 695
300379 1 424
300844 3 240
300846 2 212
301007 1 141
301089 4 400
301266 1 287
301267 2 301
301291 1 295
301343 1 168
301344 1 356
304443 1 124
307099 1 358
307996 3 1249
308005 1 439
308021 1 152
308353 2 574
309017 2 103
318669 1 229
318695 1 102
319047 1 153
319152 1 1395
319783 1 133
319823 1 443
319851 1 90
319867 1 90
320123 2 1698
320248 1 13098
320300 2 191
321301 1 537
323594 1 1793
325607 7 1890
325620 2 798
326618 1 806
326747 2 794
329159 1 263
329414 1 2749
331276 1 289
336209 2 446
336212 1 261
337521 2 204
339033 1 299
339037 2 581
339975 1 364
339992 2 249
340482 1 204
340690 1 694
340730 2 411
340855 2 207
341616 2 102
341677 2 215
341719 2 173
342474 1 893
347226 2 287
348089 1 492
348108 1 1556
349834 1 1091
351027 2 1792
358998 2 198
359102 1 1359
360738 1 174
362745 2 1716
363307 1 270
363482 2 194
363658 1 151
363965 3 6146
364428 1 544
364471 2 225
364618 1 106
364674 1 241
364771 2 555
364790 1 545
364794 1 234
365244 1 782
365476 1 1105
370732 1 602
371292 1 89
371334 1 307
372328 1 654
372413 1 1626
376473 1 3399
381531 1 1536
385442 2 1054
385467 1 245
385486 3 6673
385553 1 128
385591 1 553
386269 2 842
386423 1 268
386471 1 2923
386537 2 295
386685 1 140
386696 2 499
386810 2 396
386812 1 529
386814 1 153
387169 2 1552
387218 1 280
387299 1 84
387585 2 137
387619 1 1894
387653 3 353
387655 1 160
388128 3 304
394126 1 1004
394207 1 1169
395369 1 170
397023 1 1190
398033 2 100
398127 1 278
398263 1 56
398270 2 661
398965 1 272
400271 1 97
400500 3 568
400600 1 568
401248 2 109
401280 2 405
402553 1 526
402965 1 659
403352 1 640
404203 1 451
405449 2 305
406079 3 419
406234 1 240
406439 1 306
407653 1 123
408076 1 1855
408669 1 104
408790 1 456
410388 1 217
410725 2 139
411464 4 872
413375 3 684
413883 1 113
414360 1 94
414376 2 135
414767 1 203
415601 19 439
415662 2 149
416568 3 264
418254 2 1322
419359 1 268
419876 1 364
422118 1 325
422387 1 307
422719 1 116
423276 1 890
424080 8 681
424826 1 435
426323 1 1672
426426 1 222
426791 1 655
426988 1 468
427338 2 579
427384 1 396
427439 1 670
427604 1 102
427779 4 382
427916 4 437
428862 2 642
428986 2 918
429190 2 353
429218 1 275
429722 2 74
430178 1 41
430309 1 99
431130 1 820
431374 1 83
431528 2 211
432631 2 119
433065 1 108
433695 1 2209
433929 1 199
433988 2 738
434159 1 73
434612 1 156
435133 2 191
435934 2 482
440782 1 479
441079 2 202
441227 7 284
441290 1 208
441659 7 517
443563 1 92
446456 1 385
447049 1 88
447163 1 357
447640 1 75
448570 1 478
450867 1 109
451213 1 124
452196 1 85
452850 2 295
453508 2 149
453742 1 621
454151 5 715
456331 2 191
456983 1 1042
458020 1 249
458322 1 635
458721 1 230
459355 1 739
460330 1 319
461502 1 117
462230 1 75
463852 1 684
463869 2 126
464197 1 104
464388 5 946
464505 1 234
464677 1 514
464761 1 894
465183 15 615
465849 2 145
466534 6 642
467140 2 238
468538 1 112
468795 1 446
470027 1 85
471307 5 381
471660 5 549
471831 1 1171
472258 1 341
472346 1 446
472406 2 203
473025 2 88
473127 1 3366
474181 2 329
474928 1 68
475903 1 399
475979 2 1017
476119 1 157
476134 1 914
476240 1 89
476271 1 84
476273 1 97
476753 1 101
477826 2 223
478005 1 97
478338 1 321
478992 1 130
479742 1 95
480117 3 370
481458 1 75
482477 1 980
484337 1 470
485618 4 795
485779 1 365
485944 2 562
486037 1 87
486596 1 82
486683 1 213
488166 1 173
489983 1 1082
490115 2 120
491288 1 73
491523 1 484
492024 1 233
493266 1 140
493577 1 139
494198 1 823
494378 1 177
495479 2 740
496372 1 490
496597 1 1499
497395 2 495
497584 1 81
497673 1 108
498099 1 96
498238 1 155
499175 2 146
499495 2 40
501754 1 1029
501785 1 1304
503650 1 464
504481 2 71
506560 1 64
507475 1 934
507592 1 134
508031 1 267
509368 7 451
510460 1 254
510869 1 281
511156 3 299
511165 1 345
511190 9 547
513397 1 144
513560 1 70
513864 4 388
513994 1 122
514110 4 393
514545 1 64
517925 1 980
518970 1 419
520369 1 189
520513 1 60
520638 1 152
521467 1 91
521614 8 351
521636 2 917
523461 2 276
523973 1 81
524711 1 310
524751 2 117
525131 1 218
525575 1 38
526287 1 90
526486 10 726
526499 1 892
526502 1 287
526562 1 70
526739 2 621
527305 1 495
527402 8 486
527421 3 418
527966 1 124
1646 6 55438
13823 7 3071
15179 1 503
21614 7 32241
26224 1 508
28404 11 597
33701 10 411
33703 2 506
33716 10 411
33718 2 388
43319 4 91
49772 5 252
49777 12 628
49797 5 257
49802 10 417
55858 1 33
56135 1 28
56239 1 30
56370 2 34
56624 2 32
56678 2 32
56761 1 26
56957 1 30
57782 1 35
57902 1 31
58256 1 30
58493 2 35
58590 1 47
58914 2 27
59065 2 37
59125 1 28
59143 1 27
59144 1 29
59992 2 53
59999 1 27
60119 3 56
60285 1 31
60361 3 36
60378 1 34
60380 1 33
60817 1 138
60851 2 30
61989 1 27
61990 3 41
61997 1 27
61998 3 41
63084 1 31
63330 1 28
64257 2 31
64900 6 125
65171 1 29
65241 4 399
66466 2 31
66566 2 40
66594 2 29
66598 2 37
66705 1 30
66815 2 37
66817 2 29
67290 1 91
68174 2 31
68547 1 28
68696 1 475
68751 9 330
70224 2 27
71123 1 30
71254 1 30
71454 2 29
71730 2 21
72194 3 41
72198 3 43
72306 2 32
73704 2 65
74779 3 54
75074 2 25
75464 1 32
75574 1 34
75733 1 33
75777 3 46
76901 2 30
78129 2 36
79250 2 32
79930 1 33
80398 1 411
80494 1 30
81218 1 42
81351 1 40
82538 1 26
82627 1 26
82942 1 27
83360 1 29
83713 1 27
84305 1 31
84306 1 28
84424 5 111
84656 1 35
85297 1 28
85368 2 30
86149 2 47
86753 1 31
86819 1 28
87427 9 285
87961 3 95
88964 3 61
89446 3 63
89834 1 29
90334 1 28
91250 3 125
92144 2 42
92382 1 28
93418 5 127
93621 1 729
93978 1 25
93979 1 26
96543 2 30
98057 1 29
98219 1 26
99110 1 27
99324 1 32
99530 2 64
100064 1 27
100280 1 45
100437 1 28
103612 1 59
104830 1 49
105019 5 282
106308 5 349
107216 1 36
107268 1 31
107466 2 45
107486 1 31
107549 1 33
107871 2 36
107872 1 31
108881 1 30
109096 1 30
109262 1 316
110090 1 31
110565 1 27
111104 1 279
111620 2 28
112238 1 36
113097 1 831
113801 1 51
113841 2 39
113863 2 38
114020 4 432
114024 2 472
114212 3 40
115305 1 25
115738 1 26
116144 3 136
116145 2 80
118255 1 32
119867 2 38
120580 1 28
120741 3 56
121298 2 41
121374 5 558
122223 1 26
122706 12 539
123710 1 38
127499 1 68
128268 1 63
130488 3 48
130718 2 406
134087 1 812
136280 3 77
136744 1 46
138210 1 49
138680 3 136
139117 3 53
140975 5 86
143185 1 442
143586 1 357
143859 2 49
144380 3 80
145168 3 138
147558 7 162
148088 5 181
148430 2 85
149279 1 58
154279 1 62
154561 1 470
157740 4 190
157925 1 280
158061 1 70
158991 1 50
160047 1 42
161828 2 48
161987 5 248
162200 2 402
163076 2 44
165526 3 72
166644 4 179
170333 1 471
170969 1 45
171354 3 118
174189 2 48
176541 1 824
177081 4 67
178111 2 430
180727 1 549
192561 3 106
193600 2 67
194286 2 49
195288 2 696
195455 2 369
196840 1 332
197295 4 81
197510 1 44
200707 1 705
207980 1 78
210138 3 162
211090 4 91
211259 1 334
212053 1 882
215398 2 85
220818 2 223
224773 1 44
225656 6 199
225689 2 330
228534 1 46
230891 1 674
233807 3 47
234223 2 51
237359 1 367
239180 2 388
239991 1 281
240220 1 459
243852 2 147
246078 1 544
246347 1 468
248002 3 512
251106 1 490
251144 2 46
251375 2 410
251708 1 325
252107 11 323
256190 3 53
256914 3 54
259319 7 237
259322 5 93
260259 18 434
262220 1 58
266207 2 119
266583 2 236
266584 5 95
266587 2 125
267086 4 112
267094 3 98
270018 2 314
273001 1 912
276947 2 168
276995 1 311
277450 1 175
278084 5 419
278135 7 378
278202 1 1652
278208 3 842
278242 6 1113
278282 2 93
278343 3 424
278403 1 813
278461 1 437
278586 1 220
278595 1 958
278622 1 479
278638 1 566
278729 13 290
278855 3 1508
278888 2 529
279000 1 1524
279055 1 536
279099 2 2004
279122 1 414
279136 1 207
279188 3 460
279440 2 1947
279594 1 301
279653 1 443
279741 6 595
279759 3 1171
279926 1 65
280355 4 79
280368 1 82
280413 5 90
280414 1 147
280418 9 840
280862 2 441
283551 5 104
286583 7 19748
287125 6 339
288932 1 226
288961 1 277
289077 2 544
289155 2 137
290136 1 687
290256 2 30074
291058 1 292
291400 2 130
291439 1 99
291992 2 407
293527 1 531
296061 4 220
297630 8 5192
298330 3 238
298835 3 1273
299374 1 260
299458 3 74
299516 2 501
299989 4 1298
299990 1 143
300032 15 1598
300104 2 336
300359 2 695
300379 1 424
300844 1 240
301267 2 301
301344 1 356
301865 13 18367
303734 4 25485
306284 1 21202
307005 3 243
307099 2 358
307453 3 49380
307996 4 1249
308005 10 439
308012 2 66
308021 1 152
308186 7 36306
308187 3 51551
308353 1 574
308859 1 5677
309320 3 84
309782 2 105
310639 1 4161
310926 2 448
314822 5 6501
315896 4 189
318071 2 73
318669 3 229
318922 3 55
319008 4 298
319152 1 1395
319783 1 133
319823 2 443
320123 3 1698
320247 4 10051
320876 1 66
321301 2 537
323594 19 1793
325193 12 1586
325607 3 1890
325620 1 798
325631 1 493
326129 1 67196
326618 1 806
326747 1 794
327407 1 18061
327719 4 70
327720 5 77
327745 4 72
327889 6 149
328076 7 141
328083 9 221
328094 3 68
328204 6 139
328280 15 325
328551 2 71
328557 2 123
329480 1 4513
331133 1 509
331945 10 208
335781 3 72
336212 1 261
337203 4 153
337652 5 185
338216 3 125
338797 4 106
338849 4 96
339033 3 299
339037 1 581
339083 2 64
339730 2 63
339975 2 364
340070 3 65
340153 3 105
340245 5 142
340324 3 64
340407 3 54
340453 3 85
340482 3 204
340690 1 694
340855 5 207
340921 4 68
341128 5 103
341673 2 60
341677 2 215
342474 4 893
343156 2 63
344818 3 79
345496 1 200
345745 2 74
346529 6 293
347710 2 307
347837 1 63219
348073 6 1326
348089 2 492
348108 2 1556
349114 2 62
349115 4 85
349118 7 99
349119 3 159
349247 2 107
349374 5 145
349401 3 77
349495 3 62
349503 3 75
349834 1 1091
350745 3 80
350940 1 118
351027 1 1792
351161 13 281
351182 3 68
351747 6 225
352271 5 505
352626 1 7519
352706 1 143
355395 1 316
359102 2 1359
359820 2 70
360738 1 174
361866 1 182
362038 4 258
362617 2 130
362745 1 1716
362951 2 55
363113 2 113
363123 2 74
363307 2 270
363325 4 192
363469 2 59
363658 3 151
363696 2 66
363793 3 66
364428 3 544
364455 1 268
364471 2 225
364638 2 59
364674 2 241
364738 8 425
364771 4 555
364790 2 545
364794 2 234
365113 1 76
365244 6 782
365476 1 1105
365609 3 157
365682 3 66
366456 5 103
366759 3 150
367570 5 149
367810 4 59
371292 1 89
371334 1 307
372328 1 654
372406 1 14595
372413 3 1626
373586 2 64
373614 17 474
373640 3 71
373657 4 76
373658 3 155
373661 2 144
373749 4 63
373782 3 65
373834 19 44460
374014 6 80805
374216 10 777
375174 2 73
375310 4 72
375562 4 123
375783 4 94
375843 3 81
375902 2 66
376222 2 66
376473 1 3399
376527 1 333
377100 1 243
377851 1 385
381531 2 1536
382711 3 65
382952 3 77
383456 3 69
384013 3 151
384099 3 151
385288 17 474
385442 5 1054
385467 1 245
385486 3 6673
385570 3 56
385591 2 553
385860 4 66
386269 1 842
386345 8 195
386423 1 268
386471 7 2923
386537 2 295
386583 4 76
386696 1 499
386812 1 529
386814 1 153
386965 4 81
387169 1 1552
387186 2 61
387218 2 280
387241 4 94
387619 1 1894
387858 3 75
388476 2 66
388765 3 81
388974 3 96
389037 4 132
389414 4 377
389737 14 1106
393550 12 30891
393747 4 58177
394207 1 1169
394898 2 26758
395031 2 308
395369 2 170
395420 3 59
395433 3 79
395477 3 77
395640 1 17885
396375 7 540
396533 5 330
396545 5 276
396715 11 885
397023 4 1190
397048 8 743
397816 2 46
398127 1 278
398647 4 175
398840 2 92
398965 2 272
399023 2 379
399170 1 82
399183 2 576
399329 1 708
399716 8 991
399932 1 53
400128 7 307
400500 1 568
401150 3 454
401280 1 405
401707 3 638
401787 1 264
401940 13 503
402360 6 1014
402549 1 84
402553 2 526
402690 2 104
402892 10 728
402965 2 659
403429 5 1007
403966 2 439
404053 4 465
404203 4 451
404282 3 1412
404365 3 949
404477 1 128
404543 4 176
404868 13 700
404984 2 238
405147 3 90
405314 3 379
405392 1 262
405449 2 305
405710 2 115
405894 2 81
406014 3 420
406151 4 57
406234 1 240
406500 1 306
406817 2 39
406990 5 102
407641 1 47
407653 1 123
407727 1 175
407813 1 174
407959 2 130
408076 8 1855
408654 3 77
408738 2 533
408747 9 367
408790 3 456
409960 2 259
410386 2 43
410388 2 217
410405 1 46
411186 7 1117
412509 5 94
412575 4 736
412799 3 348
413375 1 684
414054 5 356
414128 4 161
414422 3 251
414447 3 427
414767 2 203
414779 2 356
414937 9 460
415001 2 855
415262 1 374
415263 2 281
415395 2 47
415552 10 355
416001 2 70
416013 2 283
416203 2 39
416409 3 383
416499 9 312
416611 1 95
416838 4 892
417828 2 374
418523 10 101
419139 2 100
419522 2 237
419625 2 111
419680 1 157
419876 3 364
420214 7 438
420703 5 96
420710 1 236
421279 4 89
421448 1 119
421568 5 337
422118 3 325
422157 3 423
422387 2 307
422718 13 396
423013 1 449
423231 5 582
423276 4 890
424329 2 186
424451 7 394
424452 1 290
424528 3 470
424826 2 435
424957 1 379
425309 5 360
425382 3 588
425443 2 169
425816 2 336
426323 14 1672
426424 4 550
426710 7 646
426791 1 655
426988 7 468
427230 2 38
427264 1 336
427338 2 579
427342 1 494
427384 1 396
427439 2 670
427497 17 478
427658 1 245
427708 1 571
427989 4 283
428110 2 588
428183 5 336
428326 5 393
428592 4 96
428862 1 642
428986 10 918
428997 2 42
429065 4 1484
429635 2 38
429674 1 134
429830 2 399
429879 6 204
429884 11 916
430309 2 99
430409 9 479
430564 2 555
430808 2 113
431130 2 820
431254 4 508
431374 3 83
431390 2 54
431762 1 216
432302 4 216
433471 4 386
433597 2 686
433695 5 2209
433924 17 3205
433929 3 199
433988 3 738
434099 5 728
434156 6 1057
434206 10 427
434360 3 348
434612 2 156
435390 2 49
435934 6 482
435969 3 133
436951 9 1284
437469 2 417
437553 4 778
437657 2 351
437783 1 44
437817 1 459
437891 7 275
437940 3 378
438160 6 329
438335 2 302
438488 2 219
439459 3 327
439461 1 466
439654 1 473
439775 8 292
440101 3 663
440631 2 81
440782 3 479
441290 1 208
441513 2 118
441848 1 39
441891 6 1545
442956 4 322
443259 21 473
443523 1 358
443732 1 79
443784 8 422
443921 2 525
444574 1 80
444701 2 100
444887 2 151
445040 4 472
445243 2 380
445274 2 339
445884 8 401
445949 7 352
446442 2 47
446456 2 385
447163 1 357
447175 1 39
447192 8 1722
447647 2 255
448345 4 1666
448378 2 350
448506 2 277
448570 1 478
450120 3 110
450559 4 544
450840 3 259
450976 2 254
451209 6 341
451213 1 124
452772 2 164
452850 2 295
452889 6 193
453064 4 191
453742 3 621
453937 7 391
454043 7 654
454151 5 715
454160 1 411
454722 6 815
454865 1 218
455070 3 186
455572 2 405
455873 4 615
456152 1 46
456334 1 97
456393 3 314
456690 1 323
456983 4 1042
457222 2 107
457446 1 267
457679 3 97
457828 4 116
458020 3 249
458194 1 1069
458303 5 226
458349 1 476
458783 4 164
459058 7 421
459355 1 739
459671 2 146
459794 2 129
460086 2 89
460260 1 691
460357 3 460
460539 1 130
460659 4 138
461115 1 108
461327 2 343
461350 2 44
461408 3 90
462037 3 1014
462233 1 71
462285 8 339
463069 1 1263
463545 3 108
463852 3 684
464146 1 328
464505 3 234
464677 2 514
464761 1 894
464886 1 394
464899 2 46
465007 3 155
465464 2 134
466170 2 54
466627 11 1593
466677 3 990
466683 5 539
467140 1 238
467200 4 360
467251 1 132
467267 1 299
467317 1 101
467336 1 105
467534 2 523
467802 2 85
468054 2 423
468398 3 666
468536 2 130
468772 2 60
468795 4 446
468800 2 379
469063 3 679
469489 4 579
469589 3 283
469607 4 100
469868 2 309
470024 1 489
470561 1 132
470838 4 312
470993 2 112
471128 2 127
471361 3 106
471831 2 1171
471876 5 163
472258 4 341
472346 2 446
472406 3 203
472622 2 43
472902 1 295
473066 2 345
473127 5 3366
473542 1 659
474341 3 68
474639 1 144
474781 1 185
475007 2 454
475050 8 476
475178 1 291
475532 2 447
475741 6 1071
475903 1 399
475979 1 1017
475994 1 180
476081 9 1060
476134 3 914
476271 1 84
476279 1 159
476280 3 137
477396 2 700
477419 1 232
477812 2 208
477826 4 223
478219 1 383
478315 2 778
478338 5 321
478709 8 864
478790 2 654
478798 2 371
478992 2 130
479038 2 125
479231 2 141
479755 2 336
479915 1 356
480211 2 155
480381 7 347
480686 3 610
480719 10 691
480729 4 240
480825 3 366
482366 3 167
482377 6 270
482477 2 980
482498 1 352
482556 7 502
482837 1 38
482843 4 251
482954 1 218
482960 2 133
483253 1 552
483828 2 493
484105 2 94
484116 2 272
484149 5 378
484657 1 184
484759 4 330
484888 3 100
484959 1 321
485302 1 134
485326 3 614
485618 4 795
485944 3 562
485949 2 958
486105 3 1699
486381 8 505
486596 2 82
486683 2 213
487148 2 202
487500 2 563
488550 1 46
489245 4 196
489246 2 206
489738 4 316
489793 8 429
489983 2 1082
490239 3 1674
490257 1 598
490403 8 601
490900 5 438
490928 2 58
491441 5 187
491467 1 41
491523 1 484
491728 2 87
491737 4 926
491836 2 532
492024 2 233
492406 2 46
492518 1 92
492936 1 44
493380 3 467
493620 1 40
493791 1 528
494198 3 823
494887 15 539
495085 4 452
495141 3 134
495485 4 80
495662 4 270
495689 7 386
496033 4 384
496372 11 490
496685 1 379
496994 5 825
497461 2 59
497540 10 474
498238 1 155
498254 6 417
498326 6 442
498435 1 184
498549 2 112
498623 1 100
498691 2 398
499052 1 214
499656 1 361
499744 3 409
499930 1 243
499983 5 227
500053 1 160
500180 3 226
500294 1 748
500334 2 333
500741 2 508
501276 18 494
501609 1 55
501785 3 1304
501939 2 119
502527 1 85
503436 9 982
504555 2 321
504559 2 528
504849 3 72
504940 6 164
505160 1 109
505370 3 259
505671 2 521
505782 4 216
506051 1 456
506142 2 90
506173 5 685
506635 1 572
506709 4 560
507243 10 708
507299 1 451
507341 14 1389
507739 3 431
508031 1 267
508956 2 218
509035 10 256
509161 4 236
509848 3 1176
509865 2 56
510232 2 99
510460 2 254
510565 1 98
510968 2 352
511165 8 345
511540 5 383
511604 9 1319
511703 7 489
513180 6 331
513397 1 144
513405 1 224
513539 13 717
513592 2 279
513765 1 236
513864 3 388
514069 1 121
514110 3 393
514329 2 135
514359 7 1310
514740 4 477
515114 1 450
515576 2 55
515613 1 72
515749 4 1248
515802 1 238
516145 6 230
517034 1 106
517234 4 422
517308 4 442
517357 3 393
517925 2 980
517934 13 575
518307 3 316
518503 2 116
518641 1 350
518673 1 83
518970 3 419
519110 6 407
519753 3 787
519764 4 216
519765 7 483
519779 1 88
519865 3 420
519965 5 296
520020 5 503
520088 2 120
520336 4 323
520513 1 60
521639 8 421
522077 2 83
522112 1 409
522167 2 361
522384 2 184
522567 1 182
522569 2 38
522571 7 401
522923 2 1018
523284 1 191
523461 1 276
523781 2 42
524079 3 185
524711 1 310
525490 4 3033
525715 4 244
526287 2 90
526389 2 417
526499 3 892
526502 2 287
526622 1 91
526648 2 261
526739 2 621
526978 1 93
527305 1 495
527349 3 225
527421 1 418
527782 1 540
