1391 8 4572
3092 1 350
3359 1 491
3410 1 395
4145 25 783
4856 1 394
5187 1 337
5526 6 668
5527 4 408
5534 1 361
6659 7 365
6660 12 329
6887 4 367
6968 1 5837
7579 7 692
7596 1 341
8457 11 859
9722 3 295
10133 5 1023
10966 10 704
11737 2 3608
11745 1 548
13277 4 628
14124 1 401
14647 4 317
15098 1 355
15208 5 418
15210 1 556
15215 1 246
16322 9 457
16407 4 409
16636 1 468
16832 3 505
17620 12 416
21476 19 527
21478 10 329
21844 1 625
23661 11 488
23664 7 364
23670 10 485
23671 13 345
23672 9 440
23673 8 471
23674 7 293
23767 8 291
24109 2 531
24640 1 391
27375 1 352
27376 1 229
28903 2 913
29281 1 251
29284 1 290
29997 2 670
30790 5 451
32967 4 900
33725 1 386
33969 1 999
35386 3 574
35875 17 626
35879 18 718
35920 5 537
35921 2 618
37386 3 866
37526 5 804
37820 6 491
39138 4 175
40504 1 486
40913 2 402
41077 2 360
41503 1 355
41510 1 473
41872 2 301
44254 2 605
46378 8 481
46917 5 10490
47886 4 394
49527 21 476
49681 1 398
50567 13 365
50576 26 618
50577 12 347
50584 9 385
50609 9 182
51166 2 509
51754 1 392
53317 1 5949
53648 3 510
55138 5 242
55371 10 52248
55372 5 100383
55375 190 40486
57332 6 677
57361 1 142
58066 1 302
58103 1 169
60588 2 2247
60675 3 564
60824 2 206
61624 1 466
63098 3 331
63134 3 277
63464 2 563
63695 1 69
64058 1 690
64068 3 482
64153 4 741
65007 2 249
68015 1 95
69251 1 211
70155 1 575
71033 2 292
71896 3 143
72494 1 347
72893 2 164
73773 1 60
74144 1 190
75374 2 136
76886 1 474
77349 1 217
78020 2 65
78388 4 590
79620 1 207
80245 1 737
80254 5 144
81239 1 422
81527 3 186
82515 1 506
83031 3 526
84157 1 533
84835 1 109
85045 1 207
85046 2 125
85576 3 421
85594 5 550
85846 1 692
85946 3 121
86410 1 250
87180 1 572
87484 2 164
88707 1 204
89561 8 570
90139 1 155
90773 1 286
92562 3 517
92939 1 347
94454 9 531
94904 9 607
95305 2 180
95320 1 74
97387 10 485
97981 1 175
99258 3 338
100781 2 264
101089 3 338
101807 2 381
103184 1 1002
103312 1 160
103543 1 3945
103690 1 742
103693 1 611
104258 2 145
104282 1 78
107276 10 234
108153 5 156
108385 5 146
108691 2 252
112136 2 112
113283 1 1168
113452 1 185
114716 1 487
115404 3 546
116311 1 359
116754 1 712
116760 2 811
117040 2 132
118099 7 626
118100 1 609
118683 2 880
118703 3 3995
119551 1 372
120409 1 228
121634 1 491
122471 2 125
127179 6 194
129540 1 776
129563 1 540
130327 1 253
130405 1 361
130501 1 253
130879 1 484
130965 4 402
132365 1 215
133532 2 338
135052 1 494
135152 3 4010
135174 2 535
137194 6 127
141521 4 127
142158 1 1137
142598 1 445
142752 2 123
142757 2 153
142974 1 476
143401 2 176
147603 2 470
147954 4 81
148903 1 552
150139 1 480
151098 1 1572
151886 2 483
152039 2 556
153489 2 2964
154543 4 194
155430 2 617
156259 2 579
157782 1 525
159490 3 43
159677 1 92
160450 4 191
160698 7 582
160846 9 516
162052 2 393
163842 1 261
164003 1 358
164023 4 124
164615 1 473
165988 4 515
166763 2 232
166907 1 115
170081 1 611
171603 2 3013
171621 1 435
173299 2 800
175469 1 43
176270 1 615
177271 9 402
177765 11 518
177813 7 268
177971 6 390
178171 1 423
178610 7 604
178616 1 712
178617 2 722
178622 3 218
179799 4 541
180692 1 377
181460 9 813
181990 2 621
182935 1 596
183215 3 153
183818 1 420
183998 1 706
184229 1 433
184802 1 571
184810 12 594
185428 1 685
187615 3 533
187621 1 191
187626 2 580
187737 2 2927
187749 1 702
187752 2 729
188066 4 160
188686 1 604
188774 2 435
188926 6 484
189211 1 334
189850 1 256
190083 1 432
190424 1 125
190766 1 471
191726 22 674
192045 1 546
192457 2 480
193723 3 187
194043 2 346
194583 1 510
194725 8 608
194904 1 116
194995 1 307
195433 1 386
195441 1 594
195463 1 524
196233 3 423
197087 2 231
197462 1 613
198272 2 222
198540 8 335
198759 6 831
198762 7 576
199415 17 483
199561 1 437
199925 3 253
199976 5 372
200263 2 468
201332 3 248
201524 15 936
201867 5 191
202819 1 175
202991 1 537
202994 1 788
203000 4 561
203038 7 1134
203158 1 137
203164 1 520
203479 20 763
203717 7 575
204602 9 528
204650 4 526
204661 2 444
204745 1 352
206095 1 472
206848 1 82
207694 1 440
208431 1 175
208554 1 155
208862 6 419
209238 3 195
209449 3 160
209647 3 462
209694 1 426
210037 4 412
210131 1 466
210737 3 839
211142 3 686
211939 4 422
212101 1 84
212108 2 145
212716 7 223
213210 3 488
213612 1 205
214098 4 206
214586 2 536
214950 3 566
215282 16 416
216128 1 97
216168 2 178
216963 1 154
217889 8 513
217947 1 98
219163 3 1260
220200 2 440
220713 2 580
221359 4 141
221710 4 190
221816 2 633
222087 2 90
222157 7 191
222761 1 574
222876 5 452
223255 3 239
223309 4 652
224788 1 119
224937 1 180
225138 2 274
225351 2 561
225500 1 175
226060 4 450
226697 6 758
226705 1 456
226721 1 193
226772 3 990
227517 5 96
227724 3 135
227905 2 312
227959 3 404
228041 1 588
228176 2 494
228727 5 164
229071 4 189
229276 5 175
230276 1 409
231194 6 149
232124 4 148
232154 15 415
233506 1 530
233597 1 238
233600 1 93
233847 2 229
234522 1 122
234896 1 260
235929 1 456
236629 3 205
236798 1 397
237420 5 603
237664 4 128
238584 1 237
238790 4 653
238934 3 530
240258 3 496
240482 4 848
241587 1 311
241689 7 172
241887 4 443
241911 1 492
242341 1 117
243452 2 381
243778 2 45
244425 2 272
244457 5 160
244658 3 474
246199 10 131
246862 2 435
246887 6 685
246935 3 481
247296 1 110
247341 2 412
247517 1 112
247554 1 464
247585 2 607
247741 1 273
248015 3 447
248694 1 397
248695 2 439
248719 1 458
248798 6 289
249492 1 558
249494 3 540
249517 1 310
249792 2 436
250524 2 560
250550 1 346
250555 3 586
250882 4 776
251423 2 563
251914 1 421
251953 5 444
252376 2 521
252649 1 423
253331 2 465
253670 4 660
253726 1 314
254298 2 888
254333 3 132
254502 3 1302
254583 2 522
254789 1 516
255733 5 509
255741 1 575
255745 2 560
257028 1 430
257209 4 690
258499 1 227
259421 4 554
259435 1 417
260168 14 903
260972 1 5560
261155 1 557
262276 1 529
262789 1 308
263815 4 181
264351 1 535
264674 1 521
264881 1 507
265816 3 25803
265854 5 21100
268303 5 6782
269996 5 6852
280619 16 11500
286583 2 19748
286584 1 9180
289348 36 18428
290440 2 15196
293329 3 134
294967 4 7544
299519 1 100
303734 27 25485
305981 4 4277
306237 1 26903
306284 2 21202
308186 15 36306
308187 2 51551
308453 11 552
308513 1 8438
308859 1 5677
308907 2 13313
308929 1 12027
308947 2 16976
308961 2 13313
308983 1 12027
309001 2 16976
309532 1 268
311180 3 369
320505 7 231
320521 1 692
322074 1 219
326129 3 67196
327122 1 16929
327123 1 16927
327384 4 19585
327394 5 22044
327407 2 18061
329208 4 9390
329225 1 7875
330652 6 273
331432 2 8083
336719 3 6871
347837 9 63219
347869 5 47445
350140 23 2270
350340 2 2248
350449 2 14072
354450 2 8639
355072 2 6755
355842 1 135
359152 4 9815
365739 10 420
368452 2 100
370425 6 1206
371805 2 1693
372427 10 1627
373834 17 44460
374014 14 80805
374254 10 5056
374994 6 13993
376610 2 7750
391187 1 150
393550 5 30891
393747 4 58177
395714 3 4780
396258 46 38258
396510 1 49
396605 6 1491
396606 10 1025
396673 3 632
397092 4 354
397922 6 1314
397928 1 82
398007 2 385
399465 1 555
400305 1 106
400306 1 88
400675 7 606
401426 1 95
401507 1 348
403334 1 372
404178 2 483
405000 1 88
405442 1 390
407416 1 67
407491 1 87
407671 1 91
408030 1 90
408036 10 529
408638 1 522
408648 1 475
408707 1 645
410093 2 760
410184 1 67
411074 3 515
411102 10 749
411184 1 617
411729 1 209
411855 3 606
412195 2 347
412629 1 57
413163 1 93
413750 10 550
416183 2 195
423324 3 873
424100 1 73
424635 2 47
425597 1 83
425598 1 82
426488 15 448
426754 1 42
427133 1 92
427420 6 394
427687 1 49
427888 6 779
427928 3 62
428273 3 85
428427 4 88
428429 7 875
429014 2 195
430080 13 1029
431035 1 428
431218 16 1785
431550 3 194
432031 1 294
433438 5 672
433441 1 378
433720 6 604
435446 1 81
435447 1 44
436322 9 1278
436470 2 934
436574 2 188
437081 3 85
437297 1 538
438104 1 82
438108 2 897
438668 5 817
438811 8 1442
439299 2 194
441882 2 545
441889 5 466
444500 2 194
445022 4 745
445897 1 88
445898 1 640
446087 1 128
446475 10 722
446544 5 776
448599 1 90
449329 8 1413
451109 1 36
451113 1 79
451516 1 74
451745 13 1187
453561 5 895
453663 1 89
453726 1 42
454064 8 924
454628 5 975
456123 1 90
457170 2 196
459552 9 478
459584 2 195
461183 1 110
461186 1 87
461704 12 1033
463447 7 874
466077 2 77
466688 1 459
468212 1 89
468352 1 77
469298 2 194
471192 1 430
471222 2 517
471264 6 542
471265 2 885
471423 23 1199
473348 1 119
473508 1 728
473886 7 626
474130 1 2483
474271 2 195
475607 1 87
475853 1 85
476376 8 1315
476411 1 918
478329 1 82
478691 4 531
478839 3 599
478842 8 734
479199 2 194
480732 3 85
481576 2 194
482355 1 453
483109 1 85
483111 1 68
483699 10 579
483737 5 874
483961 2 193
485276 1 86
485472 1 83
486087 3 712
488086 4 651
488423 7 652
488675 11 872
488953 2 194
491669 2 604
491695 2 192
493935 2 480
494510 1 67
495075 3 181
495530 5 503
495862 1 671
495909 1 66
496543 3 638
497428 1 427
498484 1 77
499875 1 593
500187 1 677
500204 3 700
501069 1 80
502044 4 1000
502121 2 195
502248 2 75
503428 6 610
503591 3 362
504756 2 195
506098 2 87
506260 9 277
506452 1 72
507074 1 2232
507100 2 593
507101 5 766
507522 8 374
509909 3 702
510585 8 886
512428 13 707
512752 1 137
514753 1 96
514886 1 492
515132 1 502
515447 10 1432
516889 2 831
517070 1 93
517414 6 659
517986 4 715
517991 10 672
517992 3 856
518108 5 359
518110 2 195
519613 2 67
519614 3 724
519728 1 79
525509 6 841
525510 1 1089
525890 2 192
525891 4 547
527572 3 433
527795 7 699
528069 2 192
518 1 386
1087 39 432
1204 7 444
1391 11 4572
1444 52 559
1788 1 365
1792 1 237
2517 15 393
3092 11 350
3357 19 534
3359 9 491
3373 43 537
3410 6 395
4145 41 783
4856 13 394
5160 19 415
5187 39 337
5526 17 668
5527 19 408
5534 16 361
6659 19 365
6660 2 329
6887 12 367
6893 13 310
7366 8 395
7568 17 264
7579 8 692
7596 3 341
8457 20 859
9263 4 308
9722 3 295
9753 2 205
10133 6 1023
10310 22 620
10910 7 206
10930 1 212
10966 15 704
11437 12 296
11439 30 318
11737 6 3608
11745 12 548
12395 3 195
12709 1 20008
12850 8 304
12854 8 406
12855 2 377
12857 9 475
12865 7 454
12929 19 404
13277 23 628
13288 7 176
13316 6 429
13321 2 534
14124 1 401
14647 4 317
14831 2 409
15098 2 355
15208 5 418
15210 1 556
15215 1 246
15411 3 389
15507 41 709
15508 48 521
16636 6 468
16832 4 505
17620 23 416
17926 29 587
18244 1 233
18250 2 289
18712 4 440
19063 11 437
19147 2 353
19149 7 386
19155 7 316
19448 3 496
19705 2 401
20725 4 657
20726 11 339
20881 6 359
21459 100 16007
21476 5 527
21478 3 329
21844 28 625
22981 17 239
23325 10 587
23664 1 364
23672 1 440
23673 3 471
23674 1 293
24109 3 531
24640 13 391
24690 26 558
24744 3 549
24750 2 364
25084 10 458
25131 39 511
26828 15 457
27375 5 352
27376 2 229
27395 5 308
27974 9 499
28222 5 278
28258 17 505
28476 4 335
28478 5 410
28583 1 236
28903 30 913
29281 2 251
29284 2 290
29540 5 385
29657 5 243
29997 24 670
30446 10 12899
30686 53 4151
30790 30 451
30791 40 406
30792 36 438
31024 14 557
32967 3 900
32971 25 621
33725 4 386
33855 25 400
33859 11 319
33969 53 999
34140 4 220
34175 36 576
34732 1 9225
34909 6 486
34921 6 417
34929 13 348
35386 3 574
35875 2 626
35879 1 718
35920 26 537
35921 25 618
36268 9 308
36802 1 29903
37385 5 628
37386 4 866
37526 28 804
37820 9 491
39107 1 340
39138 4 175
40251 2 242
40504 24 486
40913 1 402
41077 22 360
41503 19 355
41504 14 305
41510 32 473
41872 25 301
41875 25 370
42470 17 512
42535 6 487
42542 2 270
42548 6 418
43658 8 198
44254 11 605
44345 34 364
44350 37 887
44366 6 12535
45661 56 429
45662 27 575
45888 1 273
45965 3 399
46378 9 481
47114 3 360
47301 1 352
47880 24 470
47886 15 394
48971 3 217
49681 7 398
51166 2 509
51754 18 392
52214 4 64459
53648 7 510
54339 13 243
54342 17 349
54901 14 645
55138 6 242
55371 540 52248
55372 2814 100383
55375 1886 40486
56882 4 438
57323 28 555
57330 21 484
57332 29 677
58066 22 302
59192 13 191
60017 8 136
60588 2 2247
60667 6 616
60675 10 564
60824 4 206
61624 3 466
63098 6 331
63134 6 277
63464 2 563
63695 3 69
64058 14 690
64068 13 482
64153 5 741
64407 2 417
65007 12 249
65420 2 40
67330 7 412
67896 6 87
68015 5 95
68480 12 349
69251 1 211
70155 27 575
71033 5 292
71086 4 48
71258 1 484
71593 11 295
71597 12 490
71875 5 67
71896 4 143
72096 18 486
72494 4 347
72699 5 94
72893 8 164
72896 6 102
73773 3 60
74144 4 190
74296 23 742
74416 16 581
76886 15 474
76888 37 600
77349 5 217
78020 1 65
78388 4 590
78563 3 50
78978 5 438
78981 7 452
79178 1 95
79620 7 207
79980 1 122
80245 2 737
80254 5 144
80257 9 148
80649 8 103
81051 3 390
81239 6 422
81416 5 76
81527 11 186
82515 2 506
83031 6 526
84157 13 533
84822 36 454
84826 27 542
84835 2 109
85045 1 207
85046 7 125
85286 8 85
85330 6 79
85576 4 421
85594 9 550
85846 1 692
85946 5 121
86410 5 250
86721 8 97
87164 7 283
87180 14 572
87181 9 509
87484 8 164
87935 1 500
88024 4 61
88707 1 204
88933 4 54
89561 20 570
89572 14 211
90139 2 155
90593 24 377
90773 4 286
92562 14 517
92939 2 347
93140 14 448
94904 48 607
95305 4 180
95320 4 74
96953 15 279
96954 14 718
97274 8 551
97731 22 545
97981 11 175
98226 28 564
98387 30 453
98818 4 377
99258 21 338
100088 14 487
100781 9 264
101089 9 338
101376 19 325
101807 9 381
102462 3 64
102938 3 319
103184 1 1002
103307 8 350
103312 11 160
103320 6 72
103543 4 3945
103690 4 742
103693 8 611
103759 10 514
104258 5 145
104282 3 78
104766 32 521
107276 2 234
108059 4 51
108689 8 233
108691 4 252
111017 15 1270
112136 10 112
112318 22 1463
112328 19 466
113283 5 1168
113452 9 185
114053 23 501
114478 3 42
114716 3 487
115404 8 546
116218 9 97
116311 1 359
116385 2 34
116754 34 712
116760 15 811
117040 5 132
118099 25 626
118100 23 609
118477 3 417
118644 17 595
118649 16 581
118683 25 880
118689 19 595
118703 3 3995
119551 1 372
120409 1 228
120777 4 857
121034 8 145
121083 9 558
121589 2 355
121634 5 491
122471 12 125
122743 4 68
125329 4 45
126635 11 150
127179 9 194
127364 24 416
129540 5 776
129553 24 439
129563 11 540
129564 5 572
130327 1 253
130405 1 361
130501 1 253
130775 18 993
130879 2 484
130965 4 402
132365 1 215
132708 3 791
132743 1 694
132959 13 828
133532 15 338
133677 1 689
133722 20 1182
133725 14 540
135052 3 494
135152 4 4010
135156 6 588
135174 6 535
136568 2 361
137974 8 117
139313 7 462
139321 13 665
141521 5 127
142158 13 1137
142598 1 445
142752 8 123
142757 9 153
142974 4 476
143148 24 438
143401 2 176
144587 9 273
145287 3 68
145612 25 495
145622 9 650
147437 17 458
147603 4 470
147662 5 88
148891 8 674
148903 1 552
150119 18 419
150139 2 480
150640 19 387
151071 17 559
151092 39 761
151098 45 1572
151886 14 483
152039 3 556
153342 19 517
153489 3 2964
153494 49 765
154543 4 194
155183 22 528
155195 19 884
155205 29 477
155430 4 617
156259 5 579
157161 6 368
157782 4 525
158114 2 41
158906 14 417
159677 7 92
160450 9 191
160698 16 582
160846 7 516
161659 7 93
162052 3 393
162246 19 567
162250 13 412
163334 18 544
163335 16 404
163344 12 1032
163842 1 261
164003 3 358
164023 7 124
164615 4 473
165971 9 708
165988 5 515
166684 3 70
166763 5 232
166907 1 115
167677 1 52
167975 11 194
168737 9 190
170081 19 611
170090 18 421
171447 9 349
171601 3 272
171603 4 3013
171617 6 574
171621 3 435
171626 39 866
171692 23 462
173064 18 964
173265 9 181
173299 18 800
174408 21 669
174415 34 519
174417 14 224
175071 4 524
176270 3 615
176295 5 544
177271 11 402
177765 16 518
177813 10 268
177971 22 390
178171 4 423
178610 23 604
178616 6 712
178617 13 722
178622 14 218
179555 34 369
179799 6 541
180692 1 377
181256 25 357
181451 12 306
181460 25 813
181990 13 621
182935 24 596
182937 24 915
183021 8 93
183215 4 153
183818 2 420
183998 2 706
184229 14 433
184792 7 144
184802 1 571
184810 21 594
185006 10 108
185428 3 685
186038 3 41
187028 5 166
187615 26 533
187621 2 191
187626 10 580
187737 6 2927
187745 24 591
187747 33 510
187748 40 539
187749 30 702
187750 13 535
187752 13 729
187756 8 581
188066 6 160
188677 40 533
188686 2 604
188774 6 435
188926 14 484
189211 2 334
189414 12 506
189420 18 412
189850 1 256
190083 4 432
190424 6 125
190766 3 471
191484 2 89
191726 37 674
192027 23 956
192045 3 546
192429 12 298
192457 17 480
193723 7 187
194043 1 346
194583 1 510
194725 10 608
194904 7 116
194995 2 307
195433 15 386
195441 5 594
195463 1 524
196233 10 423
196794 1 566
197087 2 231
197116 5 61
197462 10 613
198127 18 367
198272 7 222
198540 19 335
198723 36 592
198759 14 831
198762 14 576
199415 38 483
199561 2 437
199925 8 253
199976 9 372
200186 36 1009
200202 1 93
200263 2 468
201332 10 248
201524 10 936
201689 10 175
201867 10 191
202819 1 175
202989 19 719
202991 29 537
202994 10 788
203000 7 561
203038 16 1134
203158 3 137
203164 3 520
203296 7 250
203479 24 763
203717 20 575
203957 13 213
204360 9 513
204571 12 319
204602 17 528
204650 11 526
204661 5 444
204724 8 268
204727 30 691
204745 4 352
204751 37 802
206095 6 472
206760 1 516
206848 5 82
207694 3 440
207702 46 1079
208431 1 175
208554 11 155
208862 29 419
209054 11 373
209059 6 585
209238 6 195
209449 6 160
209647 7 462
209679 8 140
209694 5 426
210037 5 412
210046 16 465
210131 1 466
210382 3 54
210737 6 839
211142 19 686
211353 15 490
211939 4 422
212101 1 84
212108 5 145
212716 4 223
213210 6 488
213612 9 205
214098 5 206
214586 2 536
214950 32 566
215282 23 416
216128 2 97
216168 2 178
216705 13 557
216963 1 154
217744 3 117
217889 28 513
217947 1 98
219163 33 1260
219164 14 749
220200 11 440
220713 2 580
220915 10 224
221359 8 141
221470 4 51
221710 5 190
221816 3 633
221851 2 340
222087 7 90
222157 1 191
222755 5 549
222761 31 574
222768 20 608
222776 21 807
222876 10 452
223255 5 239
223309 22 652
224788 2 119
224937 4 180
225138 7 274
225351 3 561
225767 3 59
226060 9 450
226696 33 1219
226697 4 758
226705 2 456
226721 2 193
226772 6 990
226981 3 41
227517 1 96
227550 6 592
227724 3 135
227905 2 312
227959 8 404
228041 1 588
228176 4 494
228727 11 164
228815 5 480
229061 6 183
229071 4 189
229276 9 175
230276 4 409
232124 8 148
232154 3 415
233170 1 242
233506 28 530
233597 7 238
233600 2 93
233847 10 229
234522 3 122
234896 1 260
235929 4 456
236629 3 205
236798 2 397
236901 3 39
237420 10 603
237664 9 128
238584 10 237
238790 6 653
238934 14 530
238942 15 616
239111 17 206
240249 22 617
240258 17 496
240482 8 848
241587 11 311
241887 2 443
241911 7 492
242034 4 327
242049 6 473
242062 8 473
242341 1 117
242611 13 395
243270 35 664
243452 22 381
244425 17 272
244457 2 160
244658 12 474
246358 56 638
246391 9 460
246862 5 435
246887 29 685
246910 1 1049
246935 10 481
247296 1 110
247341 12 412
247517 2 112
247554 14 464
247585 2 607
247741 2 273
248015 7 447
248694 1 397
248695 3 439
248719 3 458
248798 12 289
249158 16 470
249492 1 558
249494 6 540
249517 11 310
249792 9 436
250524 3 560
250550 1 346
250555 13 586
250882 10 776
251423 5 563
251678 26 534
251914 2 421
251953 7 444
252211 1 309
252376 2 521
252649 2 423
252881 16 743
253331 10 465
253609 44 667
253670 28 660
253726 12 314
253735 2 300
254298 10 888
254333 4 132
254448 7 116
254502 14 1302
254583 4 522
254615 3 463
254755 15 344
254789 1 516
255733 13 509
255741 25 575
255745 25 560
256037 4 306
257028 3 430
257209 6 690
257721 11 562
258499 4 227
259403 7 134
259421 4 554
259435 2 417
259766 28 992
259767 24 443
259768 28 487
259769 20 495
259770 16 794
259772 2 579
260150 1 98
260168 25 903
260972 6 5560
261119 61 1013
261155 1 557
261276 6 102
262276 2 529
262789 4 308
263815 6 181
264318 4 326
264351 4 535
264674 2 521
264881 2 507
265068 7 105
265509 6 87
265810 19 16729
265816 108 25803
265845 47 17259
265854 26 21100
268303 17 6782
269996 17 6852
280619 17 11500
286583 14 19748
286584 14 9180
290256 1 30074
290440 29 15196
294967 6 7544
302267 7 108
303734 25 25485
305014 1 262
305981 48 4277
306237 60 26903
306284 13 21202
307453 81 49380
308453 17 552
308513 30 8438
308858 14 215
308859 20 5677
308907 42 13313
308929 90 12027
308947 29 16976
308961 42 13313
308983 90 12027
309001 29 16976
309532 8 268
310329 22 287
311180 9 369
311929 35 9534
320247 49 10051
320926 8 142
321615 1 157
326123 26 14885
326129 567 67196
327122 158 16929
327123 158 16927
327384 27 19585
327394 55 22044
327407 47 18061
329208 37 9390
329225 28 7875
329897 20 238
330456 23 326
331432 26 8083
336719 17 6871
347837 31 63219
347869 73 47445
350103 70 675
350140 187 2270
350449 25 14072
354373 6 115
354450 19 8639
355072 47 6755
359152 23 9815
368452 6 100
370425 8 1206
372427 80 1627
373834 1 44460
373944 1 1557
374254 32 5056
374994 40 13993
376610 40 7750
378539 10 167
388409 7 829
393747 6 58177
395714 3 4780
396258 193 38258
396510 1 49
396605 17 1491
396606 32 1025
396673 7 632
397092 18 354
397922 84 1314
397928 1 82
398007 3 385
399465 2 555
400305 1 106
400306 1 88
400675 35 606
401426 1 95
401507 2 348
403334 4 372
404178 2 483
405000 1 88
405442 7 390
407416 1 67
407491 1 87
407671 1 91
408030 1 90
408036 28 529
408638 1 522
408648 1 475
408707 11 645
410093 7 760
410184 1 67
411074 8 515
411102 15 749
411184 4 617
411516 1 647
411729 2 209
411855 8 606
412195 3 347
412629 1 57
413163 1 93
413750 31 550
416183 4 195
418197 2 594
423324 4 873
424100 1 73
424635 3 47
425597 1 83
425598 1 82
426488 41 448
426754 1 42
427133 2 92
427420 16 394
427687 2 49
427888 7 779
428273 5 85
428427 7 88
428429 27 875
429014 4 195
430080 65 1029
431035 2 428
431218 92 1785
431550 5 194
432031 3 294
433438 14 672
433441 1 378
433720 42 604
435446 1 81
435447 1 44
436322 53 1278
436470 4 934
436574 3 188
437297 1 538
438104 1 82
438108 32 897
438668 11 817
438811 59 1442
439299 4 194
441882 5 545
441889 19 466
442454 1 579
443483 2 309
444500 4 194
445022 33 745
445897 1 88
445898 4 640
446087 1 128
446475 22 722
446544 33 776
448599 1 90
449329 37 1413
451109 1 36
451113 1 79
451516 1 74
451745 44 1187
451780 9 279
453146 5 73
453561 21 895
453663 1 89
453726 1 42
454064 40 924
454628 9 975
456123 1 90
457170 4 196
459552 15 478
459584 4 195
461183 1 110
461186 1 87
461702 10 298
461704 51 1033
461705 11 562
463447 61 874
464001 11 298
464996 2 528
466077 2 77
466688 31 459
468212 1 89
468352 1 77
469298 4 194
471192 1 430
471222 3 517
471264 13 542
471265 3 885
471423 48 1199
472814 14 200
473348 1 119
473508 1 728
473886 18 626
474130 3 2483
474271 4 195
475607 6 87
475853 1 85
476376 50 1315
476411 1 918
478329 1 82
478691 9 531
478839 7 599
478842 24 734
479199 4 194
480732 3 85
481576 4 194
482355 1 453
483109 1 85
483111 1 68
483699 20 579
483737 28 874
483961 4 193
485276 1 86
485472 1 83
486087 11 712
488086 7 651
488423 45 652
488675 47 872
488953 4 194
489824 1 1737
490841 3 46
491669 24 604
491695 4 192
491993 1 243
493935 3 480
494510 2 67
495075 3 181
495530 33 503
495862 1 671
495909 1 66
496543 14 638
497428 1 427
498484 1 77
499875 1 593
500187 1 677
500204 4 700
501069 1 80
502044 8 1000
502121 4 195
502248 3 75
503428 8 610
503591 5 362
504756 4 195
506098 3 87
506260 5 277
506452 1 72
507100 3 593
507101 35 766
507522 16 374
509909 36 702
510585 14 886
512428 26 707
512752 1 137
514753 1 96
514886 2 492
515132 1 502
515447 54 1432
516889 38 831
517070 1 93
517414 19 659
517986 25 715
517991 42 672
517992 18 856
518108 23 359
518110 4 195
519613 2 67
519614 15 724
519728 1 79
521155 2 675
525257 4 68
525509 20 841
525510 2 1089
525890 4 192
525891 7 547
527572 8 433
527795 33 699
528069 4 192
4058 5 623
4167 1 802
4210 1 869
6133 1 534
12249 1 584
12854 2 406
12855 1 377
16709 3 592
16710 2 583
19760 1 478
21310 1 391
25846 2 482
26289 1 531
28847 1 359
32502 1 496
32504 1 404
37966 1 339
39107 1 340
40251 1 242
40925 1 315
42249 1 329
42250 1 309
42252 1 365
43482 1 293
45182 1 488
49027 1 643
69791 1 749
71258 3 484
103184 1 1002
103307 1 350
110610 1 314
118633 1 735
118675 1 828
126411 2 157
155951 1 624
163230 2 364
178135 1 549
186196 1 2567
187503 1 2208
191049 1 496
196794 2 566
197677 1 169
202542 1 580
203954 2 630
207859 1 651
208505 1 645
217149 1 619
221728 1 643
227568 1 734
229954 2 621
232606 1 568
236681 1 270
237476 1 90
238430 1 302
242914 1 197
244303 1 398
248847 1 424
250512 1 297
251958 1 559
253735 1 300
254615 1 463
286753 1 225
308785 1 4454
308823 1 4454
345967 1 454
350204 1 349
350281 1 229
374744 3 216
391112 1 251
395615 2 1191
396603 1 1074
401997 1 770
404282 1 1412
407879 1 491
415023 1 466
417811 1 1063
418197 1 594
429485 1 393
435429 1 477
442454 1 579
442780 1 503
443414 1 390
454121 1 446
459709 1 1102
460765 1 483
464996 1 528
469486 2 160
474816 1 531
489824 1 1737
495359 1 184
498844 1 631
503268 1 505
506867 1 304
512504 1 809
521739 1 778
521830 1 134
525510 1 1089
