30 42 3050
31 197 12233
32 253 9957
33 415 19382
34 38 2289
35 16 949
148 65 3578
181 7 613
183 14 336
184 28 553
295 6 560
297 3 284
298 9 410
299 12 360
300 11 350
301 21 563
303 23 821
332 3 414
405 14 333
826 6 327
828 1 443
831 16 478
955 1 471
1169 6 545
1507 101 2489
1574 5 454
1575 1 458
1589 2 476
1592 2 390
1646 8 55438
1813 23 636
1880 7 383
1890 1 269
2030 6 529
2232 9 3252
2344 9 348
2445 6 339
2456 35 1257
2514 12 395
2542 8 840
2631 12 407
2951 21 545
3200 6 256
3203 1 419
3280 9 961
3469 7 242
3470 7 946
3508 6 165
3509 6 284
3512 6 516
3513 4 490
3514 1 505
3520 12 510
3525 7 514
3526 4 491
3532 2 392
3536 2 478
3562 14 408
3579 1 323
3583 1 409
3591 11 316
3598 8 497
3600 2 271
3758 6 291
3777 8 361
3778 3 110
3779 45 675
4064 28 3618
4065 23 1609
4118 12 293
4299 7 431
4387 49 1363
4421 11 5382
4426 10 407
4581 19 474
4582 8 524
4583 26 1484
4696 175 4744
4807 8 1079
5215 15 469
5232 22 548
5233 7 293
5468 5 289
5690 4 181
5759 5 171
5760 9 1678
6033 13 982
6034 12 1032
6331 1 383
6350 22 232
6354 4 133
6715 12 1359
6716 9 1016
6845 17 1638
6859 8 354
6860 5 112
7120 16 296
7121 10 428
7123 11 526
7354 21 483
7355 20 558
7356 10 1743
7529 17 309
7530 13 300
7903 4 246
7904 3 488
8012 24 566
8126 4 98
8128 1 59
8203 23 543
8204 21 477
8277 6 511
8280 8 457
8281 4 475
8285 5 514
8286 4 460
8290 4 335
8291 1 396
8292 5 523
8296 5 400
8298 8 478
8301 1 538
8302 5 551
8303 1 371
8307 3 528
8363 8 635
8364 8 647
8365 4 176
8425 1 508
8917 8 1526
9095 12 1687
9166 18 17203
9167 10 152
9168 18 434
9169 10 410
9170 2 266
9171 20 556
9172 33 397
9175 10 408
9178 3 505
9179 3 315
9180 14 346
9183 10 258
9185 7 220
9190 14 295
9193 13 306
9252 31 696
9368 5 527
9369 3 534
9370 3 500
9383 10 972
9384 7 373
9634 15 461
9899 6 425
9917 15 576
10167 8 506
10168 7 343
10169 7 399
10170 7 348
10171 7 338
10172 7 354
10173 7 365
10360 24 575
10526 7 357
10691 2 116
10887 14 290
10888 14 291
10998 1 377
11136 10 408
11501 43 2458
11502 6 178
11503 8 503
11504 7 375
11505 7 492
11544 15 585
11552 4 465
11671 5 348
11737 1 3608
11769 28 702
11770 11 473
12186 2 467
12187 4 304
12709 9 20008
12722 7 382
12836 41 1271
12985 13 7361
13090 10 778
13091 6 367
13160 3 235
13236 7 405
13593 16 923
13594 85 3653
13693 8 544
13853 8 366
13982 26 1636
13983 18 1414
13984 8 495
14058 6 462
14070 20 1082
14188 8 389
14189 3 138
14291 1 467
14321 9 625
14508 14 316
14784 12 521
14858 7 504
14860 7 470
14977 10 489
15105 14 296
15566 8 402
16366 7 258
16753 11 313
16838 6 308
17080 4 801
17249 5 393
17360 2 286
17662 8 244
17663 14 448
17867 7 799
18253 8 383
18254 7 677
18395 7 277
18592 49 1301
18704 2 445
18705 1 335
18820 22 491
19055 12 264
19133 3 705
19159 8 344
19160 7 328
19161 7 342
19390 7 285
19391 23 586
19750 15 237
19751 24 590
19753 7 229
19760 15 478
19762 16 573
19764 20 470
19768 15 302
19867 17 537
19868 4 800
19869 4 407
19870 10 1666
20093 7 435
20094 4 539
20096 2 375
20245 26 3163
20246 22 1019
20247 9 1342
20248 7 342
20249 13 549
20250 7 389
20309 1 3727
20353 12 305
20354 2 475
20355 10 530
20356 11 559
20357 9 646
20358 7 632
20359 10 648
20360 8 596
20361 9 494
20362 1 426
20363 8 499
20364 12 369
20365 6 354
20366 15 602
20367 6 337
20370 5 570
20371 4 555
20372 2 592
20373 5 583
20374 3 515
20375 7 476
20376 5 507
20377 6 425
20378 3 592
20379 2 434
20380 4 563
20381 8 445
20382 3 478
20383 6 338
20386 3 543
20387 2 529
20388 2 280
20389 1 589
20390 5 583
20391 6 579
20392 3 569
20393 6 518
20394 4 610
20395 2 688
20437 5 235
20438 7 185
20731 5 166
20732 11 290
20795 3 120
20814 13 13056
20888 8 391
20988 1 438
21459 12 16007
21572 14 293
21614 2 32241
21773 3 451
21797 7 810
21915 11 259
21918 8 448
22068 9 1844
22078 5 390
22079 4 405
22351 4 224
22681 5 369
23209 2 530
23210 6 562
23213 10 532
23214 16 526
23215 20 542
23217 17 531
23218 7 394
23219 12 516
23228 15 458
23230 20 498
23235 7 309
23237 15 496
23241 26 608
23242 17 351
23247 14 442
23248 9 511
23249 6 430
23250 1 293
23251 9 429
23254 13 419
23329 6 276
23857 11 421
24217 9 547
24218 6 262
24219 7 346
24220 7 346
24436 7 346
24496 5 500
24626 5 174
25089 14 383
25090 7 329
25091 5 2607
25390 10 293
25536 24 941
25631 12 180
26051 11 1453
26140 23 611
26141 20 494
26142 9 552
26143 7 345
26144 7 319
26383 5 289
26384 5 190
26385 22 547
26386 11 282
26387 5 433
26542 98 7045
26543 32 1304
26729 6 252
26923 6 367
27190 9 293
27191 6 347
27203 8 386
27504 5 331
27753 1 507
27754 1 253
27784 11 727
27785 6 708
27983 6 631
28231 4 341
28232 1 57
28374 1 351
28667 9 2052
28709 7 1609
28853 8 3522
28987 29 1248
29413 7 347
29546 8 602
29547 7 615
29707 9 523
29708 38 1041
29709 4 329
29710 9 406
29958 9 629
29961 15 613
30476 8 403
31029 8 352
31104 8 846
31206 1 322
31217 12 530
31289 14 334
31327 1 487
31345 7 1570
31388 19 1146
31509 8 972
31614 7 532
31615 6 598
31846 256 5130
31936 33 909
31937 4 332
32047 5 388
32351 6 171
32354 13 321
32455 12 1542
32456 11 2583
32913 8 347
33021 15 929
33134 10 314
33617 9 527
33618 8 510
33619 11 434
33785 2 295
33786 5 348
33787 5 346
33788 14 678
33797 13 2041
33885 1 641
33973 5 293
34144 11 320
34249 9 354
34250 3 77
34252 2 312
34255 9 608
34309 7 203
34584 13 301
34722 25 13257
34988 27 676
34989 20 471
35324 12 321
35325 7 419
35326 14 312
35615 6 514
35941 1 633
36095 14 489
36097 16 526
36169 5 483
36170 7 589
36171 7 616
36172 7 615
36173 7 601
36174 7 586
36175 7 649
36176 7 591
36177 7 634
36178 4 317
36391 22 10294
36454 7 892
36556 13 13014
36802 2 29903
36853 12 332
37028 20 501
37029 10 411
37197 9 627
37198 12 1139
37311 34 1135
37440 35 916
37447 8 336
37448 7 651
37450 11 261
37604 9 423
37775 2 368
37778 9 259
38046 8 356
38415 5 830
38515 8 387
39194 34 1496
39398 8 621
39575 2 284
39576 1 573
39581 3 381
39651 3 129
39711 8 2291
39712 11 5030
39713 7 3484
39880 4 255
39881 7 301
40255 4 237
40256 10 844
40359 4 4913
40564 10 514
40565 4 406
40571 3 583
40595 1 404
40794 4 597
41142 7 378
41150 1 518
41171 4 499
41176 3 355
41364 5 306
41549 10 925
41840 2 404
42115 10 196
42133 9 242
42134 6 396
42135 3 144
42136 11 544
42294 7 306
42308 1 516
42309 7 406
42310 13 480
42311 24 607
42312 3 207
42313 1 219
42314 1 558
42317 4 409
42318 4 411
42322 1 421
42324 1 481
42325 1 425
42327 15 353
42330 3 432
42334 4 364
42343 4 523
42344 8 370
42580 12 389
42583 8 390
42585 12 388
42586 9 267
43193 8 362
43278 10 531
43832 1 484
43833 1 483
43835 2 252
43983 1 490
44130 8 337
44192 8 294
44193 18 391
44194 3 131
44366 4 12535
44495 22 866
44510 4 352
44511 5 258
44512 4 433
44729 18 591
45296 14 304
45297 7 363
45298 7 388
45299 7 361
45413 7 245
45414 7 272
45415 6 296
45581 6 355
45917 11 6305
45947 25 11759
46010 7 457
46011 5 603
46013 7 871
46113 8 171
46322 7 506
46760 18 884
47223 19 350
47316 5 200
47815 4 129
47975 8 372
48302 1 496
48882 33 3961
48883 7 630
48988 9 435
49234 1 294
49280 5 312
49281 10 302
49712 9 382
49734 7 283
49827 11 491
50048 7 258
50176 7 176
50341 4 185
50463 1 459
50560 30 3018
50682 8 32839
50683 1 9266
51473 27 528
51474 24 565
51475 24 820
51476 9 538
51638 51 2372
51705 7 1921
51866 7 426
51872 2 328
51873 6 371
51874 7 557
51876 4 563
51894 6 558
52084 1 328
52086 7 438
52089 3 369
52092 8 450
52093 1 416
52094 3 363
52095 10 453
52098 3 382
52099 5 427
52100 3 395
52107 7 266
52214 10 64459
52280 5 159
52401 18 485
52409 8 644
52738 27 596
52739 54 2176
53011 8 1599
53096 13 6232
53175 19 638
53994 3 4216
54001 8 2174
54162 1 503
54319 12 676
54383 5 385
54476 7 1172
54479 6 458
54617 10 359
55371 67 52248
55505 6 488
55506 4 538
55507 4 471
55658 3 117
55710 3 35
56395 2 205
58481 20 546
58484 27 827
60259 5 47
60405 2 96
60817 1 138
60871 4 218
61768 3 236
63291 7 158
63494 1 271
63882 1 383
64035 9 421
64360 1 101
65224 1 139
65262 2 89
66581 4 111
67890 1 186
68034 2 161
68887 1 261
69012 2 181
69067 1 359
69398 18 551
70794 1 110
71907 1 163
72300 5 441
72806 1 204
72957 1 207
75085 2 494
75211 21 586
75592 1 426
75677 1 215
75818 10 381
76662 3 2416
80819 6 795
80847 2 108
81011 6 117
81129 7 181
83245 1 171
83735 7 485
84569 1 65
84955 1 151
86984 7 504
88003 1 489
89225 2 121
89678 1 97
90159 1 350
91000 1 126
91310 4 478
92308 1 112
92633 1 136
93890 3 142
95408 1 63
100107 10 115
100327 2 570
101352 1 647
101510 5 1027
102722 1 613
103246 1 111
105254 4 109
105276 1 87
107985 3 199
109137 1 217
109707 1 421
110830 6 130
110987 2 636
111806 1 49
112067 1 203
112773 3 146
112992 3 621
113477 1 112
113588 1 77
114112 13 181
114679 1 101
114760 2 221
115052 19 677
115843 3 77
116183 3 132
116994 31 811
117182 21 199
117337 1 114
120311 2 124
122307 1 215
124996 3 536
126097 1 180
126833 5 58
126995 1 57
128227 2 170
131055 1 89
131279 1 171
132797 12 176
132907 9 574
133707 25 548
135815 1 294
136759 4 183
136823 1 100
137641 3 686
137662 2 662
137674 23 604
138585 4 57
138857 1 87
140097 1 85
140459 6 937
140472 1 270
141116 1 132
141128 4 132
141523 1 134
141940 1 179
142382 2 264
143663 18 625
143931 3 248
146415 1 487
149178 5 207
150414 1 182
151744 7 224
153775 1 652
155581 6 90
155640 2 559
156448 3 592
157159 5 141
158500 1 59
159278 1 135
160545 40 699
160876 1 172
160890 1 148
161042 1 221
161064 3 153
162226 7 580
163121 1 107
163471 1 110
163481 1 181
165054 2 79
165570 6 245
166822 2 131
167846 1 242
167980 5 85
170440 1 461
170774 3 249
171057 2 433
171163 13 226
171388 5 261
171732 1 558
172241 1 89
173093 1 83
173974 12 541
174618 1 536
174619 1 538
177031 5 795
178094 1 398
178996 1 5818
180189 13 585
181701 5 192
184302 3 748
185218 1 424
188099 1 181
188159 1 116
188927 2 675
190050 2 535
190128 2 205
190414 6 887
193210 3 295
193417 1 604
193834 4 758
194553 13 509
195868 1 762
195923 3 233
196008 1 734
200251 3 266
200581 1 183
201237 3 209
202185 1 382
203314 4 185
206498 1 269
206517 6 588
206733 3 481
207757 1 125
208537 4 613
208944 7 716
209031 7 716
209980 1 235
210213 1 276
210709 1 259
211536 10 583
211950 21 711
212048 1 179
212219 4 239
214836 1 91
216487 2 198
217350 14 520
217447 7 98
218797 1 280
219918 1 640
219961 1 265
220372 1 468
220385 1 438
220432 4 180
221192 3 180
223600 2 594
225927 6 201
225935 7 274
225943 3 159
227102 2 610
227223 1 574
227384 1 231
228435 5 391
228521 1 259
228623 4 172
230659 1 73
232762 1 142
233559 4 227
234142 1 1197
234549 4 827
235340 19 307
235554 12 386
235678 1 76
236251 11 438
236332 20 570
237360 1 990
237778 6 201
238241 1 152
238611 8 244
238761 1 372
238778 1 170
239952 1 377
240880 2 169
241271 7 261
242347 1 165
242440 1 335
242501 3 388
243445 1 550
244836 4 191
246730 1 247
247244 1 125
248386 1 86
249982 1 126
250605 1 93
252402 4 94
252474 11 382
253668 1 155
254542 3 717
254545 4 305
254730 1 528
255075 15 746
255087 1 225
255204 5 561
255460 19 287
255804 14 344
256327 5 130
256772 3 268
256778 3 187
257969 7 233
258970 12 241
260470 14 190
261720 2 158
261810 6 265
262055 4 230
262139 11 153
262287 2 81
262603 1 607
265795 1 1013
265810 1 16729
265816 28 25803
265845 21 17259
265854 32 21100
269553 10 263
272466 2 509
272671 3 4397
276937 1 631
277503 1 190
277791 2 1085
278202 1 1652
285062 4 95
286208 9 1598
286583 1 19748
287065 5 341
287822 1 195
289538 9 4464
289732 2 4132
290256 4 30074
290334 19 734
290440 3 15196
290465 5 15747
294964 3 228
298347 2 2900
299816 10 463
300174 2 68
300175 8 690
300301 16 751
301865 19 18367
303662 5 576
303734 4 25485
304540 2 253
306215 1 234
306284 7 21202
306432 12 1093
306441 1 528
306459 1 434
306892 2 1907
307074 1 691
307453 9 49380
307541 12 723
308186 2 36306
308439 3 301
308513 12 8438
308598 2 5851
308854 3 550
308859 6 5677
308902 1 2435
308907 11 13313
308947 19 16976
308953 4 14138
308956 1 2431
308961 11 13313
309001 19 16976
309007 4 14138
309389 1 3655
312841 1 113
313796 12 626
316297 2 5294
320194 11 535
325872 3 326
326123 6 14885
326129 35 67196
327094 1 3381
327122 3 16929
327123 3 16927
327160 3 945
327349 2 8654
327361 1 1715
327384 3 19585
327394 24 22044
327407 7 18061
329208 4 9390
329225 2 7875
329226 3 8776
329227 1 3765
329231 2 7437
329287 2 1263
329331 1 400
329412 11 7792
329804 3 7586
329859 6 350
330296 1 3448
330865 1 289
331598 1 583
332045 9 391
334371 2 2079
336852 4 145
344039 7 1084
345384 1 245
347837 16 63219
347838 32 6657
348086 15 463
348381 1 1414
348460 1 395
349695 4 2766
350449 3 14072
350479 3 11696
350496 4 14081
351993 3 528
352864 1 152
353051 3 297
353700 1 2489
353990 4 136
354551 2 239
355154 1 568
355971 1 105
357380 1 2253
359152 9 9815
361413 3 839
369455 8 221
372406 18 14595
372812 1 420
372816 1 288
372824 1 114
373834 3 44460
374014 40 80805
374166 2 2488
374373 1 3397
374381 3 2931
374778 12 454
374946 6 672
374994 5 13993
376386 5 9418
376610 5 7750
377560 2 6597
378929 2 247
379209 1 211
379814 2 4584
380626 8 284
380798 3 1483
381736 2 228
383598 3 2071
384021 5 1503
384718 1 816
393232 1 392
393526 6 8178
393550 3 30891
393673 1 10585
393747 7 58177
393977 2 434
394192 115 2619
394357 9 630
394898 1 26758
395859 7 3099
396199 17 785
396258 6 38258
396488 9 1498
396531 1 2870
397208 10 671
397449 13 835
397453 3 404
397503 2 340
397550 16 727
398054 6 211
398684 1 395
398858 32 888
398982 2 975
399952 28 1695
400925 1 345
400950 8 864
400956 11 458
401405 1 84
402000 35 1044
402003 33 1140
402100 7 713
402255 9 704
402587 1 562
402724 3 584
402889 1 402
404448 20 876
404455 1 311
404563 33 493
405199 1 300
406357 5 146
406359 1 95
406638 1 167
406948 7 1621
406950 9 676
407196 6 388
407317 11 606
407555 1 154
409216 11 810
409369 2 998
409535 5 509
409627 2 229
409778 11 679
410038 11 304
410822 3 312
411564 3 244
412106 6 245
412109 5 532
412255 1 829
412502 1 61
413387 1 1110
413531 1 297
413561 15 648
413989 4 343
414017 1 1415
414301 9 343
414567 13 479
415852 1 1287
416266 14 480
417098 17 895
417099 3 502
417100 13 436
417341 10 1293
417364 2 296
417402 28 383
418188 4 125
418317 5 238
418688 1 917
418778 2 104
418866 4 414
418883 1 406
419465 15 236
419614 2 441
420046 6 402
420852 1 481
420898 1 541
421062 2 1800
421109 1 163
421334 1 92
421570 1 956
421603 2 51
421609 5 713
421679 1 988
421842 2 720
421872 3 565
422112 7 885
422173 7 732
422228 8 785
422232 18 684
422234 31 758
422273 2 543
422322 1 639
422487 22 1936
422490 10 194
422625 2 259
422904 3 171
423275 3 724
423562 2 591
423668 1 51
423730 7 478
423896 1 221
424242 3 276
424260 13 873
424956 1 799
425009 1 1229
425186 1 173
425370 4 335
425481 2 114
425591 18 676
425592 4 399
425593 1 401
425970 6 538
426429 1 125
426735 3 76
427052 1 67
427058 5 109
427331 10 375
427334 4 789
427335 14 255
427555 9 1809
429042 12 233
429336 2 563
429868 7 2232
429869 2 848
429959 2 1342
430069 6 420
430180 6 401
431153 2 877
431176 12 382
431177 10 411
431383 10 658
432282 4 251
433378 8 120
433473 2 202
433830 1 75
434015 1 1655
434074 1 303
434077 4 195
434455 2 61
434998 7 1252
435000 3 309
435169 1 132
435197 10 873
435233 1 962
435264 1 698
435460 3 57
435498 2 87
436408 20 1254
437529 9 552
437707 29 984
437770 1 121
438291 1 76
438727 3 504
439108 1 1314
439622 2 76
439868 13 280
440172 5 1056
440366 4 523
440396 1 113
440552 2 386
441576 1 2819
441966 1 723
442018 59 772
442539 17 696
442542 6 720
442617 1 1543
442786 11 844
442870 9 372
443200 1 448
443643 3 840
443759 9 402
443990 1 678
444054 5 249
444241 1 454
445389 10 799
445392 8 835
445398 5 580
445591 3 1382
446614 3 2556
446967 1 48
447151 1 33
448291 20 956
448292 2 1099
450348 1 84
450423 6 294
450437 5 853
450599 1 77
450705 3 356
450822 4 530
451754 1 770
452871 1 89
452994 22 3676
452995 19 462
452996 8 555
453001 26 747
453231 10 220
453262 1 752
453915 8 404
454215 1 93
454337 1 578
454459 8 923
454505 2 1697
454510 1 578
455035 1 1570
455515 4 409
455516 8 669
455775 21 774
455922 1 411
456942 6 664
456956 1 1900
458231 4 235
459554 7 81
459839 6 914
460200 16 335
460260 2 691
460354 23 988
460469 31 1005
460471 1 190
460699 7 724
461243 2 274
461546 1 55
462074 1 685
463202 1 1261
463493 2 158
464953 8 210
465138 2 112
465203 38 805
465670 1 312
465688 14 332
466075 1 92
466504 4 304
466645 4 914
467924 1 330
468060 11 578
468272 1 84
468760 19 625
469186 3 165
469226 1 1014
469413 9 214
469414 1 67
469639 1 171
469684 2 90
470182 4 493
470532 2 867
470958 10 96
471117 1 249
471223 1 233
471258 5 572
471597 8 81
472170 3 99
472503 1 1340
472806 10 704
473418 3 165
474068 1 590
474489 2 87
475155 2 398
475157 2 266
475407 12 295
475440 1 419
477004 1 547
477384 1 433
477539 14 532
477876 4 293
477988 1 83
478045 5 165
478154 1 67
478566 3 446
479640 3 91
480079 12 848
480080 11 499
480226 20 423
480265 3 200
480336 4 406
480479 1 567
481134 1 55
482319 2 970
482351 5 559
482827 1 120
483182 1 298
483237 1 111
483457 2 352
484086 2 684
484451 1 140
485005 11 573
485037 2 1727
486552 2 390
487239 2 212
487243 1 316
487411 26 726
487414 3 457
487586 9 2320
487588 14 799
487590 8 1145
488620 1 582
489018 1 931
489981 2 493
490285 1 1055
490723 1 114
492127 18 586
492359 1 449
492503 2 387
492824 4 807
492905 2 314
494221 17 241
494587 1 327
494608 1 103
494999 1 142
495431 29 1008
496556 18 1660
496596 1 2298
496598 55 1410
496599 10 302
496600 50 1922
496659 1 113
497013 2 2261
497726 7 504
498252 1 120
498399 2 136
498805 1 667
498968 1 1813
499542 1 805
499767 10 386
499907 1 101
500276 1 171
500753 1 77
500814 1 390
501644 1 93
501776 3 593
502637 10 440
502900 4 96
503201 5 1279
503770 10 695
504049 6 128
504782 2 1248
504955 1 109
505322 4 104
505532 3 120
505533 12 406
505968 3 758
506508 2 785
508308 12 336
508756 5 1100
508822 1 604
510160 5 931
510682 1 38
511412 15 929
511465 9 440
511525 10 363
512422 1 612
513643 1 1085
514254 7 114
514308 7 561
514509 21 395
514560 2 781
515285 1 1649
515964 1 66
516305 24 747
516479 2 413
516880 6 392
519289 16 865
519819 1 476
519910 5 381
520383 2 3175
520608 3 1577
520865 1 234
520919 1 31
521156 5 1350
521399 7 337
521560 6 80
521739 8 778
521834 1 98
521983 4 76
522105 22 863
522919 1 119
523188 9 297
523826 17 500
524154 1 132
524174 5 742
524447 3 421
524547 26 1037
525219 1 303
525606 8 2915
526758 8 941
527646 3 165
527696 1 54
527839 5 80
528062 4 2803
30 14 3050
31 13 12233
32 14 9957
33 103 19382
34 9 2289
35 6 949
148 9 3578
181 17 613
183 4 336
184 4 553
295 6 560
297 3 284
298 9 410
299 12 360
300 11 350
301 21 563
303 7 821
405 6 333
826 15 327
828 7 443
830 7 232
831 21 478
955 11 471
1169 6 545
1507 8 2489
1574 4 454
1592 2 390
1646 2 55438
1813 8 636
1880 11 383
1890 5 269
2030 26 529
2232 53 3252
2344 18 348
2456 9 1257
2542 2 840
2631 5 407
2951 8 545
3200 8 256
3201 13 486
3203 3 419
3206 1 348
3209 5 426
3280 21 961
3469 7 242
3470 27 946
3508 5 165
3509 2 284
3520 1 510
3536 1 478
3591 1 316
3598 4 497
3600 1 271
3777 11 361
3778 3 110
3779 6 675
4064 46 3618
4065 36 1609
4118 6 293
4299 15 431
4387 9 1363
4421 209 5382
4581 9 474
4582 7 524
4583 8 1484
4696 6 4744
4807 29 1079
5232 8 548
5233 13 293
5468 8 289
5690 4 181
5759 5 171
5760 9 1678
6033 17 982
6034 18 1032
6318 1 416
6350 22 232
6354 4 133
6715 23 1359
6716 18 1016
6845 1 1638
6859 11 354
6860 4 112
7120 2 296
7121 3 428
7123 1 526
7354 8 483
7355 7 558
7356 24 1743
7529 6 309
7530 5 300
7903 4 246
7904 4 488
8012 8 566
8126 9 98
8128 3 59
8203 8 543
8204 7 477
8307 1 528
8363 22 635
8364 22 647
8365 5 176
8425 12 508
8917 9 1526
9095 12 1687
9166 873 17203
9167 5 152
9168 2 434
9175 1 408
9180 3 346
9185 1 220
9252 5 696
9369 1 534
9383 19 972
9384 13 373
9899 6 425
10167 5 506
10168 19 343
10169 20 399
10170 20 348
10171 19 338
10172 19 354
10173 19 365
10360 8 575
10526 7 357
10887 6 290
10888 5 291
10998 3 377
11136 5 408
11501 44 2458
11502 7 178
11503 16 503
11504 14 375
11505 13 492
11671 12 348
11737 3 3608
11769 8 702
11770 15 473
12186 1 467
12187 2 304
12446 6 371
12447 7 414
12722 4 382
12836 2 1271
12880 1 145
12985 3 7361
13090 5 778
13091 4 367
13236 5 405
13593 8 923
13594 5 3653
13693 15 544
13853 20 366
13982 8 1636
13983 38 1414
13984 14 495
14058 14 462
14070 2 1082
14188 20 389
14189 7 138
14291 1 467
14321 15 625
14508 6 316
14858 11 504
14860 7 470
14977 15 489
15105 6 296
15566 14 402
16366 13 258
16753 5 313
16838 14 308
17080 1 801
17662 1 244
17663 2 448
17867 7 799
18253 20 383
18254 10 677
18395 9 277
18592 5 1301
18704 10 445
18705 12 335
18716 18 468
18717 13 242
18820 8 491
19055 1 264
19159 19 344
19160 18 328
19161 18 342
19390 9 285
19391 7 586
19750 6 237
19751 1 590
19768 5 302
19867 7 537
19868 12 800
19869 11 407
19870 18 1666
20245 13 3163
20246 8 1019
20247 18 1342
20248 14 342
20249 20 549
20250 13 389
20353 1 305
20355 1 530
20364 1 369
20378 1 592
20381 1 445
20394 1 610
20437 6 235
20438 5 185
20731 9 166
20732 5 290
20814 3 13056
20988 1 438
21459 1 16007
21572 7 293
21797 10 810
21915 7 259
21918 18 448
22068 43 1844
22078 5 390
22079 4 405
22351 9 224
22681 12 369
23248 2 511
23254 3 419
23329 20 276
23335 18 480
23857 1 421
24217 9 547
24218 12 262
24219 16 346
24220 12 346
24227 1 645
24436 17 346
24446 10 578
24496 17 500
24626 6 174
25089 6 383
25090 13 329
25091 52 2607
25390 6 293
25536 2 941
25631 4 180
26051 23 1453
26140 8 611
26141 7 494
26142 25 552
26143 16 345
26144 14 319
26383 6 289
26384 3 190
26385 4 547
26386 5 282
26387 15 433
26542 5 7045
26543 1 1304
26729 4 252
27504 18 331
27784 19 727
27785 5 708
27983 6 631
28231 9 341
28232 3 57
28374 1 351
28667 9 2052
28709 7 1609
28853 84 3522
28987 9 1248
29413 5 347
29546 22 602
29547 21 615
29707 9 523
29708 8 1041
29709 12 329
29710 15 406
29958 23 629
29961 9 613
30476 19 403
30686 3 4151
31029 19 352
31104 15 846
31206 1 322
31289 6 334
31327 1 487
31345 64 1570
31388 28 1146
31509 43 972
31614 7 532
31615 8 598
31846 10 5130
31936 7 909
31937 11 332
32351 11 171
32354 5 321
32455 29 1542
32456 25 2583
32913 20 347
33021 25 929
33134 6 314
33617 15 527
33618 17 510
33619 15 434
33785 1 295
33786 3 348
33787 7 346
33788 6 678
33797 25 2041
33973 5 293
34144 5 320
34249 7 354
34250 2 77
34252 2 312
34255 1 608
34309 8 203
34584 6 301
34722 186 13257
34988 9 676
34989 7 471
35324 6 321
35325 7 419
35326 5 312
35941 1 633
36095 1 489
36097 6 526
36169 16 483
36170 21 589
36171 21 616
36172 21 615
36173 21 601
36174 21 586
36175 21 649
36176 21 591
36177 21 634
36178 5 317
36391 37 10294
36454 7 892
36556 3 13014
36853 3 332
37028 8 501
37029 5 411
37197 23 627
37198 36 1139
37311 10 1135
37440 3 916
37447 16 336
37448 21 651
37450 9 261
37775 1 368
37778 10 259
38046 22 356
38415 31 830
38515 9 387
39194 9 1496
39398 22 621
39570 4 496
39575 15 284
39576 5 573
39577 2 485
39579 5 458
39580 4 446
39581 8 381
39651 9 129
39711 88 2291
39712 14 5030
39713 91 3484
39880 11 255
39881 5 301
40255 6 237
40256 16 844
40359 2 4913
40564 17 514
40565 4 406
40571 3 583
40595 1 404
40794 1 597
41142 19 378
41145 9 579
41150 14 518
41151 12 506
41155 1 557
41165 11 814
41166 11 499
41171 26 499
41176 13 355
41364 5 306
41549 20 925
41840 6 404
41841 6 420
41843 4 401
41896 2 267
42133 5 242
42134 14 396
42135 6 144
42136 14 544
42294 8 306
42308 3 516
42309 4 406
42310 3 480
42311 2 607
42312 14 207
42313 5 219
42314 4 558
42315 3 320
42318 12 411
42322 1 421
42324 2 481
42325 5 425
42326 4 532
42327 10 353
42328 16 471
42329 5 487
42330 4 432
42331 7 384
42332 8 227
42333 1 396
42334 3 364
42343 2 523
42344 5 370
42580 1 389
42586 1 267
43193 11 362
43278 16 531
43832 28 484
43833 21 483
43835 9 252
43983 1 490
44130 5 337
44192 6 294
44193 6 391
44194 6 131
44495 3 866
44511 10 258
44512 11 433
45181 14 566
45296 6 304
45297 19 363
45298 18 388
45299 21 361
45413 9 245
45414 15 272
45415 10 296
45581 11 355
45917 37 6305
45947 262 11759
46010 23 457
46011 10 603
46013 26 871
46113 4 171
46322 17 506
46760 3 884
47223 4 350
47316 12 200
47642 1 11472
47815 4 129
47975 16 372
48302 4 496
48882 14 3961
48883 21 630
48988 19 435
49234 6 294
49280 6 312
49281 5 302
49734 12 283
50048 15 258
50176 4 176
50341 8 185
50463 11 459
50560 18 3018
50682 7 32839
50683 1 9266
50946 2 307
50949 14 553
50950 11 474
50953 1 401
51075 26 523
51078 24 510
51079 23 511
51473 9 528
51474 7 565
51475 7 820
51476 13 538
51638 8 2372
51705 68 1921
51876 1 563
51894 22 558
52092 1 450
52107 6 266
52280 11 159
52738 8 596
52739 11 2176
53011 50 1599
53096 208 6232
53175 6 638
53994 2 4216
54001 8 2174
54037 6 405
54162 1 503
54319 18 676
54383 14 385
54476 25 1172
54479 6 458
54617 6 359
55371 13 52248
55505 18 488
55506 11 538
55507 4 471
57463 2 35
59499 1 33
60405 1 96
60817 6 138
60871 1 218
61768 1 236
62250 5 144
63494 6 271
63851 1 30
63882 11 383
64360 7 101
65224 1 139
67890 5 186
68887 18 261
70794 1 110
71907 3 163
72300 1 441
72806 10 204
72957 13 207
73133 4 92
73232 4 92
75592 20 426
75677 12 215
75818 1 381
77257 7 311
78729 8 284
81011 1 117
81129 1 181
83245 6 171
84569 2 65
84937 22 404
84955 5 151
89678 4 97
91000 4 126
92633 4 136
95408 3 63
98544 2 33
101352 26 647
101510 2 1027
102722 19 613
102725 12 481
105276 4 87
108155 2 40
109137 9 217
111806 2 49
112989 13 544
113588 4 77
114679 5 101
116182 2 28
116465 16 499
117337 5 114
118534 14 275
120327 19 401
120505 10 371
122307 10 215
126097 8 180
131279 7 171
136162 3 58
138857 1 87
140097 4 85
140459 10 937
140472 8 270
141116 4 132
141523 6 134
141940 6 179
142382 1 264
146415 19 487
149178 1 207
150414 1 182
153775 7 652
155311 3 70
156448 1 592
158500 2 59
159278 1 135
160876 4 172
160890 3 148
161042 7 221
164803 20 386
166822 9 131
170440 2 461
171057 7 433
171732 1 558
174618 1 536
174619 1 538
178094 4 398
178596 24 461
178996 1 5818
184302 23 748
185218 1 424
188099 1 181
188628 9 128
188632 19 254
190414 16 887
193417 5 604
195923 1 233
196008 26 734
200581 8 183
202112 13 189
202845 16 371
206498 3 269
206733 2 481
207757 4 125
209980 8 235
210213 2 276
210589 1 274
210709 12 259
211950 1 711
212048 3 179
213509 13 189
213517 10 139
216487 1 198
217350 4 520
218797 6 280
219961 1 265
220372 1 468
220385 2 438
220432 1 180
222607 1 81
223600 3 594
224492 2 50
225943 1 159
227102 1 610
227198 28 692
227223 18 574
227384 3 231
228521 2 259
228909 17 329
234142 8 1197
235791 7 164
238031 11 260
238241 3 152
238761 14 372
238778 5 170
241271 1 261
242347 8 165
242440 13 335
243098 2 509
245391 2 52
247244 4 125
249382 5 176
250605 4 93
253668 8 155
261810 1 265
262603 3 607
265816 1 25803
265854 1 21100
271622 4 260
276813 9 309
276937 1 631
277503 3 190
277791 1 1085
278202 1 1652
284483 13 203
286208 1 1598
287251 3 161
287454 7 303
287457 17 428
287460 10 360
287461 3 181
287466 11 235
287467 5 101
287471 5 94
287530 21 825
287550 7 102
287551 16 258
287571 29 497
287572 3 112
287635 4 261
287638 24 407
287668 13 207
287682 20 423
287710 1 147
287760 31 718
287764 5 257
287773 9 313
287822 4 195
287845 17 317
287859 15 415
287888 34 879
287889 18 288
287890 29 963
287892 16 148
289348 1 18428
290015 6 265
290105 33 882
290116 28 969
290118 16 151
290440 3 15196
298347 2 2900
298752 29 856
299816 6 463
300174 2 68
300175 4 690
300301 4 751
300323 2 92
301218 11 355
301865 1 18367
302656 23 380
303734 4 25485
306237 1 26903
306390 19 317
306432 8 1093
306441 3 528
306459 5 434
306892 124 1907
306896 7 407
306902 9 192
306916 9 159
306917 23 431
306970 20 316
306996 7 142
307031 20 633
307040 3 160
307046 5 166
307050 2 98
307055 6 255
307060 12 214
307074 25 691
307078 23 386
307120 5 181
307126 30 865
307136 24 489
307154 28 686
307168 13 299
307171 2 84
307176 30 444
307199 8 184
308434 23 432
308513 1 8438
308854 1 550
308859 21 5677
308907 4 13313
308947 1 16976
308953 6 14138
308961 4 13313
309001 1 16976
309007 6 14138
309389 11 3655
309791 4 77
311427 1 825
319571 14 640
320194 9 535
325753 13 324
325759 18 315
325780 9 117
325785 42 705
325794 38 842
325795 38 760
325825 7 173
325872 16 326
325877 14 649
325956 7 172
325994 4 81
326007 26 328
326129 1 67196
326198 14 189
327160 8 945
327349 22 8654
327361 52 1715
327394 1 22044
329078 12 225
329225 1 7875
329231 1 7437
329287 16 1263
329331 5 400
329427 9 210
329611 8 285
330167 18 263
330296 11 3448
334371 1 2079
334421 4 248
334455 3 180
338112 21 350
339853 26 385
339854 8 174
339855 9 171
345384 2 245
347381 25 355
347837 11 63219
347838 1 6657
347869 1 47445
348306 13 357
348354 12 228
348365 4 134
348372 7 106
348381 75 1414
348387 14 147
348400 10 176
348443 14 249
348444 13 423
348460 5 395
348467 11 179
348469 6 101
348485 9 169
348516 9 225
348520 26 396
348531 16 261
348590 7 94
348682 6 159
348692 21 309
348700 25 352
348703 8 408
349600 35 879
349695 14 2766
351993 1 528
352199 15 192
353700 6 2489
353792 13 270
353875 13 149
354018 13 316
354149 30 368
354165 14 333
354267 34 554
354764 16 551
355054 5 195
355059 5 164
355154 1 568
355971 6 105
359152 1 9815
360201 17 231
360219 5 192
360597 19 296
361413 4 839
363562 3 122
368848 16 211
370322 22 304
370718 22 335
372278 1 28092
372406 2 14595
372522 6 207
372543 13 279
372581 26 280
372587 6 618
372596 12 180
372633 39 832
372649 17 232
372661 31 517
372671 15 197
372676 5 171
372677 16 557
372678 5 199
372684 7 143
372734 74 823
372757 22 305
372812 21 420
372816 13 288
372824 8 114
372831 1 133
372848 33 506
372851 25 379
372856 54 836
372927 11 149
372928 15 312
372930 13 271
372940 33 659
372956 14 383
374014 3 80805
374373 2 3397
374994 2 13993
379824 12 280
380293 5 384
380311 18 445
380503 5 384
380798 1 1483
383598 2 2071
384021 1 1503
384498 7 844
384931 4 154
385352 19 303
389672 6 225
392271 21 311
393232 1 392
393747 1 58177
393977 2 434
394332 7 243
394352 7 258
394356 4 250
394357 12 630
394358 7 233
394477 15 388
394480 9 113
394486 21 313
394494 47 922
394496 14 179
394514 58 992
394570 12 285
394571 5 386
394574 18 449
394575 8 385
394583 10 321
394599 6 226
394613 4 156
394663 2 403
394666 2 159
394674 33 596
395585 2 30629
396442 8 113
396488 4 1498
396531 3 2870
396563 11 2512
397449 1 835
397503 16 340
397550 1 727
397703 9 384
397736 11 152
398054 5 211
398677 12 223
398684 3 395
398982 56 975
399024 22 420
399363 30 508
399648 21 497
400925 1 345
400950 1 864
400956 1 458
402000 1 1044
402100 1 713
402724 1 584
402889 4 402
404190 33 635
404225 30 616
404448 2 876
404651 9 352
405008 29 640
405265 4 108
405711 15 294
406357 2 146
406359 8 95
406638 7 167
407101 4 123
407317 2 606
407581 2 57
408660 3 52
409369 2 998
409535 1 509
409627 2 229
409870 11 240
409872 9 191
410038 2 304
410822 1 312
411564 8 244
411772 27 551
412109 1 532
412255 1 829
413315 17 268
413531 21 297
413989 2 343
414017 6 1415
414567 1 479
415023 11 466
415852 6 1287
416266 1 480
417098 1 895
417341 1 1293
418188 3 125
418247 21 495
418317 1 238
418688 1 917
418866 1 414
418883 5 406
419234 21 343
419372 29 355
419465 1 236
419614 14 441
419627 5 101
420898 1 541
421062 35 1800
421144 2 1280
421570 1 956
421609 2 713
421679 16 988
421842 1 720
421872 4 565
421921 10 290
421968 16 388
422112 2 885
422173 2 732
422273 26 543
422322 19 639
422487 1 1936
422490 1 194
422904 1 171
423244 5 84
423275 2 724
423668 1 51
423730 1 478
423896 9 221
424242 2 276
424260 2 873
424419 36 526
424927 13 137
424956 13 799
425009 24 1229
425186 9 173
425370 2 335
425591 2 676
425592 1 399
425593 1 401
426429 3 125
426735 1 76
427833 2 545
429042 1 233
429085 18 187
429336 5 563
430180 1 401
431153 1 877
431277 24 469
431383 2 658
432449 41 737
433378 2 120
434015 1 1655
434455 1 61
434998 1 1252
435169 1 132
435197 1 873
435233 1 962
435264 1 698
435498 2 87
435715 6 100
436116 2 2703
436408 1 1254
437274 13 447
437371 29 485
437457 36 683
437529 1 552
437770 1 121
438291 3 76
438820 6 507
439108 1 1314
439622 1 76
439798 4 116
439868 2 280
440366 6 523
440396 6 113
441576 82 2819
441578 107 2452
441966 1 723
442539 2 696
442617 7 1543
443236 3 102
443643 1 840
443734 3 99
443759 1 402
443990 4 678
444054 1 249
444254 26 760
445392 1 835
445398 2 580
445591 1 1382
446614 2 2556
446781 5 90
447444 45 692
448291 1 956
450348 8 84
450822 2 530
451754 1 770
452125 1 604
452871 1 89
452995 1 462
452996 1 555
453231 1 220
454337 18 578
454459 1 923
454505 57 1697
455035 58 1570
455515 8 409
455922 15 411
456956 4 1900
457338 20 314
457716 2 517
459554 1 81
460200 2 335
460260 24 691
460699 4 724
461243 16 274
461964 12 365
462074 4 685
463202 37 1261
463493 4 158
464953 2 210
465670 1 312
465688 2 332
466057 3 95
466075 5 92
466645 5 914
467279 4 61
468760 2 625
468896 3 72
469226 35 1014
469639 4 171
469684 8 90
469838 1 350
470420 8 175
470958 1 96
471117 1 249
471223 10 233
471584 1 2289
471597 1 81
471862 10 90
472503 2 1340
474068 3 590
474489 7 87
474493 1 799
475407 1 295
475440 16 419
475503 23 640
476488 15 320
476849 5 126
477004 1 547
477090 13 305
477384 19 433
477866 9 488
477876 20 293
477988 1 83
478154 1 67
478566 27 446
479640 1 91
480079 1 848
480080 1 499
480226 1 423
480265 1 200
480360 1 1733
480479 4 567
482319 61 970
482351 3 559
483182 15 298
483237 3 111
483457 2 352
484086 1 684
484596 34 586
484645 33 571
485012 13 343
485037 71 1727
485862 23 434
486552 12 390
487195 31 478
487239 13 212
487588 15 799
488918 47 716
488948 1 76
489018 39 931
489945 3 476
490117 22 432
490285 45 1055
490723 4 114
491520 43 660
492127 1 586
492359 30 449
492503 1 387
492824 3 807
492905 18 314
493499 10 366
494141 39 781
494565 15 231
494587 6 327
494608 3 103
494999 11 142
495851 24 520
496596 1 2298
496598 1 1410
496599 1 302
496659 4 113
497013 8 2261
498381 1 375
498430 8 456
498805 38 667
498968 4 1813
499542 18 805
499907 5 101
500276 1 171
500690 6 303
500753 4 77
500814 16 390
501187 3 183
501776 1 593
502637 1 440
503688 6 237
503770 1 695
504382 14 891
504782 15 1248
504955 1 109
505322 1 104
505532 3 120
505533 4 406
506508 2 785
507118 5 1918
508081 18 343
508308 7 336
508568 5 73
508822 26 604
509265 5 573
509451 1 498
509456 28 420
510160 6 931
511412 2 929
511525 3 363
512415 12 293
512422 1 612
513027 50 912
513643 1 1085
514509 1 395
515285 1 1649
515964 2 66
516859 2 67
517045 2 34
519289 1 865
519819 3 476
519910 7 381
520383 3 3175
520608 2 1577
520865 11 234
521156 7 1350
521399 7 337
521560 1 80
521739 1 778
521983 1 76
522320 14 383
523791 5 424
525219 13 303
525539 5 79
525606 5 2915
527227 11 366
527404 1 79
527696 1 54
528062 17 2803
30 4 3050
31 4 12233
32 1 9957
33 17 19382
34 2 2289
35 2 949
148 2 3578
181 1 613
295 4 560
296 1 401
301 7 563
303 5 821
826 3 327
828 3 443
830 1 232
955 3 471
1592 1 390
1646 3 55438
1890 1 269
2030 1 529
2445 2 339
2514 1 395
2641 5 17392
3200 1 256
3201 3 486
3203 1 419
3204 2 419
3206 1 348
3209 4 426
3520 1 510
3526 1 491
3598 1 497
3779 1 675
4299 1 431
4338 10 16989
5215 1 469
6318 3 416
6331 10 383
8148 5 17754
8280 1 457
8363 1 635
8364 1 647
8425 19 508
8917 2 1526
9166 27 17203
9168 1 434
9169 3 410
9171 1 556
9172 1 397
9178 1 505
9190 2 295
9193 2 306
9346 2 353
10596 9 2754
10691 1 116
10857 6 5056
11737 1 3608
12709 2 20008
12722 1 382
12880 1 145
12985 1 7361
13090 1 778
13290 1 256
13984 1 495
14768 4 345
15012 2 6149
17662 1 244
18254 1 677
18704 4 445
18705 1 335
19870 2 1666
20014 2 602
20245 1 3163
20246 1 1019
20249 1 549
20309 1 3727
20356 1 559
20362 1 426
20364 1 369
20381 1 445
20384 1 431
20888 1 391
20988 1 438
21572 3 293
21614 12 32241
21797 2 810
23335 1 480
23568 1 557
23857 1 421
24227 3 645
24676 2 487
24678 3 559
24679 1 434
24681 2 232
24757 3 465
25089 1 383
25091 5 2607
25218 8 9144
26051 2 1453
26542 3 7045
27190 2 293
27191 1 347
27203 2 386
27784 1 727
27983 3 631
28933 2 354
28934 12 570
29546 1 602
29547 1 615
29707 1 523
29958 1 629
29961 1 613
30446 15 12899
30686 2 4151
31327 1 487
31846 1 5130
33785 3 295
33786 2 348
33788 1 678
33797 2 2041
33885 1 641
34249 4 354
34732 13 9225
35114 8 5397
35615 6 514
35941 4 633
36095 1 489
36097 1 526
36170 1 589
36171 1 616
36172 1 615
36173 1 601
36174 1 586
36175 1 649
36176 1 591
36177 1 634
36391 3 10294
36498 9 20156
36802 20 29903
37197 1 627
37198 4 1139
37448 1 651
37676 1 391
37775 3 368
38515 2 387
39398 1 621
39575 1 284
39576 3 573
39581 1 381
40595 3 404
40602 1 407
41142 1 378
41150 2 518
41364 1 306
41840 9 404
41841 5 420
41843 10 401
41896 2 267
43833 1 483
43835 2 252
43983 2 490
44366 8 12535
44729 1 591
45917 2 6305
46013 2 871
46917 9 10490
47642 67 11472
48302 7 496
48524 1 247
48883 1 630
49234 2 294
49712 1 382
49827 1 491
50463 1 459
50560 7 3018
50682 3 32839
50683 4 9266
50949 1 553
51705 12 1921
52107 2 266
52214 33 64459
52401 1 485
53096 1 6232
53994 16 4216
54001 1 2174
54037 3 405
54476 13 1172
55505 3 488
56395 1 205
58481 2 546
59499 1 33
60817 1 138
62250 1 144
62661 1 24
63851 1 30
65224 1 139
68034 1 161
72806 1 204
73133 2 92
73232 2 92
76489 2 62
76662 5 2416
77257 1 311
78729 1 284
86984 1 504
88542 4 75
94437 4 247
97464 2 282
100074 2 68
100107 1 115
100327 4 570
101352 1 647
101414 3 92
102725 1 481
105254 2 109
112989 11 544
115052 1 677
116465 3 499
118296 3 136
119352 2 54
120327 2 401
120505 13 371
122654 5 162
123475 2 33
124996 8 536
125800 5 92
127351 2 41
131213 3 691
136162 1 58
137641 2 686
137662 1 662
140459 1 937
150414 1 182
155311 1 70
156763 1 577
160545 1 699
164803 1 386
165570 1 245
167846 2 242
170440 3 461
171388 1 261
171600 2 54
172042 2 54
173974 1 541
178094 1 398
178996 2 5818
180937 1 123
181701 1 192
185401 2 77
188159 1 116
188628 2 128
188632 3 254
196553 3 76
202112 1 189
202845 1 371
210213 1 276
210664 3 74
212048 1 179
212219 1 239
213509 3 189
213517 3 139
215959 5 96
216193 4 95
218797 2 280
219918 3 640
220385 1 438
220514 3 61
222920 2 37
223600 1 594
227198 5 692
228988 2 40
233595 5 617
234142 4 1197
234662 2 47
237360 15 990
239952 8 377
239969 2 58
241198 6 664
243098 1 509
244273 2 58
245391 1 52
248386 2 86
249382 8 176
253050 3 70
253223 3 70
254542 2 717
254570 3 55
254730 1 528
261720 3 158
262168 2 64
262498 4 91
262603 1 607
265810 3 16729
265816 24 25803
265845 42 17259
265854 26 21100
269228 14 278
269553 3 263
269708 6 783
272671 1 4397
276813 8 309
276937 3 631
277503 1 190
277791 3 1085
278202 6 1652
279926 4 65
280619 104 11500
284483 2 203
286208 1 1598
286583 185 19748
287251 4 161
287454 1 303
287457 5 428
287460 2 360
287461 4 181
287466 6 235
287530 3 825
287550 1 102
287551 1 258
287571 3 497
287572 1 112
287668 2 207
287760 3 718
287764 3 257
287773 8 313
287822 1 195
287845 3 317
287888 5 879
287890 1 963
289348 13 18428
289538 11 4464
289732 11 4132
290015 3 265
290105 5 882
290116 1 969
290256 3 30074
290440 8 15196
290465 13 15747
293003 26 279
294648 3 253
294964 2 228
298347 1 2900
298752 5 856
300175 2 690
300301 9 751
300323 4 92
300830 13 108
301218 2 355
301865 26 18367
302205 18 219
303662 3 576
303734 52 25485
306237 26 26903
306284 10 21202
306432 5 1093
306441 2 528
306459 1 434
306892 9 1907
306902 1 192
306917 6 431
306996 1 142
307046 5 166
307050 4 98
307055 3 255
307074 2 691
307126 5 865
307154 1 686
307168 3 299
307171 2 84
307199 1 184
307453 95 49380
308186 23 36306
308434 6 432
308513 3 8438
308598 3 5851
308859 7 5677
308907 10 13313
308947 15 16976
308953 3 14138
308961 10 13313
309001 15 16976
309007 3 14138
309389 4 3655
309791 1 77
311427 49 825
312841 2 113
313186 9 99
316297 2 5294
316407 3 87
316654 11 127
319571 11 640
320194 6 535
320248 30 13098
325753 1 324
325780 4 117
325785 1 705
325794 2 842
325795 5 760
325825 2 173
325877 11 649
325956 3 172
325994 1 81
326007 1 328
326123 21 14885
326129 153 67196
327094 11 3381
327122 16 16929
327123 16 16927
327349 25 8654
327361 2 1715
327384 3 19585
327394 17 22044
327407 8 18061
329078 1 225
329208 31 9390
329225 20 7875
329226 24 8776
329227 9 3765
329231 33 7437
329287 3 1263
329412 4 7792
329427 2 210
329611 1 285
329804 23 7586
330167 2 263
330199 1 212
330296 9 3448
330842 2 192
331432 29 8083
331598 2 583
334236 4 67
334371 3 2079
334916 1 163
339853 1 385
339854 2 174
339855 3 171
342615 5 101
344039 1 1084
345384 4 245
347381 1 355
347837 70 63219
347838 1 6657
347869 3 47445
348306 3 357
348354 1 228
348365 1 134
348444 1 423
348467 3 179
348469 1 101
348485 1 169
348516 2 225
348520 1 396
348531 2 261
348682 1 159
348692 1 309
348700 1 352
348703 3 408
349600 5 879
349695 1 2766
349704 30 2127
350449 8 14072
350479 2 11696
350496 2 14081
351993 2 528
352199 2 192
353700 3 2489
354165 3 333
354267 2 554
354764 4 551
355059 8 164
355154 5 568
355285 3 176
355971 2 105
357380 1 2253
359152 21 9815
360201 6 231
360219 4 192
360597 1 296
361413 16 839
363562 1 122
367037 7 103
368848 4 211
368858 2 79
368944 2 79
370566 4 83
372406 4 14595
372522 4 207
372596 7 180
372633 4 832
372649 6 232
372661 2 517
372671 2 197
372676 7 171
372677 4 557
372684 1 143
372816 1 288
372824 2 114
372856 3 836
372940 2 659
372956 6 383
373834 17 44460
374014 1 80805
374300 1 3673
374373 18 3397
374381 12 2931
374946 1 672
374994 8 13993
376386 54 9418
376610 14 7750
377560 36 6597
379814 3 4584
379824 10 280
379861 6 111
380200 13 159
380293 16 384
380311 3 445
380503 16 384
380798 4 1483
383598 6 2071
384021 1 1503
384498 24 844
384931 7 154
392271 3 311
393232 1 392
393526 21 8178
393550 11 30891
393673 29 10585
393747 1 58177
394192 2 2619
394357 1 630
394358 1 233
394477 13 388
394486 3 313
394496 1 179
394514 2 992
394570 10 285
394571 16 386
394574 5 449
394575 1 385
394583 7 321
394613 7 156
394666 4 159
394674 6 596
394898 41 26758
395714 11 4780
395776 14 2404
395836 130 4836
395859 3 3099
396258 51 38258
396488 6 1498
396531 3 2870
396563 14 2512
397411 1 718
397703 6 384
398677 4 223
398684 1 395
398858 7 888
399024 2 420
399363 4 508
399648 5 497
402000 1 1044
402889 2 402
404190 6 635
404225 5 616
404651 9 352
405008 4 640
405199 1 300
405265 2 108
405711 3 294
406638 1 167
407101 4 123
407581 1 57
408660 1 52
409369 3 998
409510 1 31
409870 9 240
409872 4 191
411772 1 551
412255 1 829
412502 2 61
413315 2 268
413387 8 1110
413989 1 343
414017 5 1415
415023 3 466
415852 4 1287
416266 8 480
417402 5 383
418247 3 495
418252 3 54
418866 2 414
419234 2 343
419372 2 355
419614 1 441
419627 2 101
420852 1 481
421062 18 1800
421570 4 956
421872 3 565
421921 1 290
422273 2 543
422322 1 639
422625 2 259
424419 1 526
424434 2 496
424956 4 799
425009 7 1229
425591 1 676
426429 1 125
426735 1 76
427563 1 146
429085 2 187
430180 1 401
430749 1 296
431153 3 877
431277 5 469
432976 1 369
435000 1 309
435233 1 962
435715 1 100
436116 5 2703
436408 3 1254
437274 6 447
437371 7 485
437457 6 683
438820 2 507
439798 2 116
440552 1 386
440954 5 52
441576 10 2819
441578 10 2452
441966 2 723
442018 1 772
442539 1 696
442617 2 1543
443200 1 448
443236 4 102
443734 3 99
443990 1 678
444054 2 249
444241 1 454
444254 12 760
445398 1 580
446781 2 90
447444 1 692
449361 6 1029
450423 3 294
451754 2 770
453262 3 752
454337 1 578
454459 4 923
454510 1 578
455856 1 122
455922 4 411
456956 4 1900
457338 14 314
457391 2 35
457564 1 334
457716 2 517
458036 2 90
458877 3 93
460260 2 691
461964 1 365
462074 3 685
463202 1 1261
465229 7 160
465670 4 312
466057 3 95
466504 1 304
466645 4 914
467279 1 61
467924 1 330
468896 1 72
469226 1 1014
469639 1 171
470420 6 175
471117 1 249
471223 1 233
471584 15 2289
472503 1 1340
474068 2 590
474493 3 799
475407 2 295
475440 1 419
475503 4 640
476488 5 320
476849 1 126
477090 4 305
477384 2 433
477709 4 668
477866 4 488
480079 1 848
480265 3 200
480360 1 1733
480479 2 567
482319 3 970
483142 3 130
484086 5 684
484596 2 586
484645 5 571
485012 2 343
485862 4 434
486552 1 390
487239 1 212
487243 1 316
488620 3 582
488918 2 716
488948 5 76
489981 7 493
490117 13 432
490285 1 1055
491520 2 660
492359 1 449
492503 3 387
493499 8 366
494141 5 781
494565 3 231
494587 1 327
495851 5 520
496596 14 2298
497013 10 2261
498805 7 667
498968 1 1813
499542 5 805
500276 1 171
500690 8 303
500814 1 390
501187 5 183
501776 7 593
503517 3 80
503688 1 237
503770 3 695
504382 1 891
504782 2 1248
504955 1 109
505532 1 120
505533 2 406
506508 7 785
507118 8 1918
508081 3 343
508262 1 40
508308 2 336
508568 2 73
509140 1 266
509265 3 573
509451 1 498
509456 2 420
511465 1 440
512415 2 293
512422 2 612
513027 9 912
514509 1 395
515285 4 1649
516479 2 413
516837 2 74
516859 3 67
517045 1 34
519129 1 525
520254 1 299
520383 1 3175
520608 4 1577
521156 3 1350
521399 1 337
522137 1 477
522320 3 383
523791 3 424
524447 1 421
524547 2 1037
525219 1 303
525539 2 79
525606 2 2915
527227 9 366
527404 1 79
528062 10 2803
