33 15 19382
1646 161 55438
4338 2 16989
6858 2 88
9166 18 17203
11737 35 3608
12709 1 20008
21614 4 32241
25655 3 164
26230 1 481
28532 5 76
30446 5 12899
34490 4 635
34722 11 13257
34732 4 9225
36391 6 10294
36802 15 29903
39712 18 5030
40359 22 4913
41439 40 352
44640 2 326
44806 1 215
45917 10 6305
45947 31 11759
47495 8 263
47642 2 11472
47984 2 152
49720 2 267
50682 97 32839
50972 24 346
50976 13 229
51116 1 286
52214 20 64459
53606 1 335
55633 1 31
55818 1 162
58579 1 480
61040 1 24
61372 1 447
65742 1 1144
66422 6 680
77126 3 611
80386 5 779
82909 2 35
83172 3 82
95005 1 892
111128 2 377
113149 1 32
114180 2 40
116143 1 290
123971 2 38
128110 3 314
128397 1 500
130615 4 563
131864 1 153
132472 3 55
140640 1 238
143586 21 357
144497 3 381
144498 1 238
144908 1 104
146935 1 335
147863 3 50
156149 1 444
157796 3 255
172262 1 732
174969 1 47
185122 2 691
190701 4 785
197697 1 309
198270 2 63
201269 5 84
205254 4 469
205562 1 56
208569 2 44
209749 2 38
209758 2 42
226640 2 51
228988 1 40
233212 4 398
238480 1 543
238858 4 362
238898 6 423
241535 1 46
242525 1 52
244628 1 859
250051 1 256
261471 1 481
267489 24 288
267678 13 298
267728 3 362
267729 2 334
267950 10 306
268021 1 166
268051 34 655
268113 1 176
268160 14 649
268282 9 290
268287 28 652
268303 5 6782
268312 7 169
268364 4 255
268435 16 505
268770 44 692
268976 3 1418
268983 1 280
269128 3 78
269482 30 601
269939 12 638
269996 5 6852
270984 2 1470
271533 1 216
272532 18 265
273038 5 429
274800 12 2171
276504 1 279
276559 14 365
276625 1 280
277007 6 203
278128 3 122
278134 2 454
278639 6 545
279784 8 783
279801 1 408
280619 23 11500
280939 3 147
281679 2 121
283141 3 4279
284235 1 287
285045 11 601
285433 1 298
286463 1 811
286583 4 19748
287549 1 259
287557 1 454
287739 1 406
287748 1 304
287836 3 1989
287859 2 415
288246 8 663
288302 1 203
288390 1 116
288618 3 1871
289348 7 18428
290112 2 426
290256 4 30074
291645 1 553
291858 3 165
291899 1 840
292186 6 121
292202 2 385
292652 4 227
292700 1 3396
293187 9 175
293448 15 193
293477 33 675
293527 27 531
293531 1 69
293939 1 1201
294400 21 412
294542 24 460
294998 5 2354
298313 4 116
298498 8 214
299442 6 165
299778 6 5938
300104 11 336
300993 17 296
301001 4 164
301016 6 1779
301865 17 18367
302755 5 111
302893 2 76
303734 20 25485
304569 1 1335
305027 2 158
305761 2 92
305769 2 92
305876 2 1195
305961 1 2264
306349 3 425
306651 1 284
307031 1 633
307034 2 388
307154 1 686
307453 21 49380
308186 3 36306
308415 1 814
308431 1 872
308907 2 13313
308916 8 679
308961 2 13313
308970 8 679
309389 1 3655
311543 1 233
311817 1 265
312283 2 657
312583 5 310
314050 1 198
314319 13 197
314822 6 6501
315180 2 133
315281 2 134
315282 2 67
316274 2 1413
316674 2 136
317078 5 254
317149 4 190
317845 11 304
318547 1 258
319758 1 175
319771 1 175
320166 3 1181
320247 7 10051
320354 2 74
323594 8 1793
325072 1 969
325276 1 212
325607 2 1890
325626 2 2002
325631 21 493
325690 2 2398
325872 1 326
325873 1 217
325896 1 1497
326129 35 67196
326204 1 218
326960 32 3440
327163 5 1097
327418 18 1529
328914 1 4587
328993 3 5082
329094 9 227
329195 1 184
329287 1 1263
329483 1 235
329528 19 322
329541 5 113
329658 2 280
329718 1 522
329863 1 2931
330101 2 343
330119 2 130
330238 5 233
330247 7 204
330296 3 3448
330355 6 295
330398 1 384
330623 1 1698
331180 1 289
331238 75 1343
331476 5 143
331639 1 487
332059 3 104
332327 1 827
332430 3 94
332450 3 90
334386 4 89
334751 1 781
334930 2 76
335176 1 1105
335334 4 108
335335 1 262
336495 1 458
337043 70 1607
337197 1 183
337199 5 207
337570 1 163
337636 5 121
337865 5 171
338088 1 1055
338136 1 1202
338171 7 97
338846 1 1653
338904 11 1349
339189 1 3183
339197 5 150
339666 2 299
339853 1 385
340250 3 93
340364 2 285
340542 3 97
340822 12 351
343769 3 196
345176 3 94
345402 10 141
346245 4 98
346369 3 90
347024 6 178
347665 2 2587
347837 33 63219
347869 5 47445
348088 1 2280
348518 1 197
348519 2 317
348520 1 396
348547 1 1057
348577 5 179
349225 4 135
350133 3 2654
351747 2 225
351755 2 169
351998 3 3051
352401 9 193
352489 1 1983
352562 17 433
352626 4 7519
352627 52 2778
352733 2 182
353316 8 1787
353730 40 718
354195 1 1641
354757 1 871
355395 13 316
356077 3 3908
356163 6 862
356627 4 133
357664 5 171
359072 5 761
359178 1 1091
359323 2 1304
360428 3 1510
360429 1 380
360732 18 405
360785 1 567
361066 3 162
364708 3 66
365586 2 120
365775 1 1763
366101 1 1262
368578 3 115
368763 4 236
369197 1 603
369646 12 265
369714 8 157
371505 5 235
371546 1 450
371602 6 176
371667 5 96
372365 1 407
372498 2 2160
372604 1 732
372771 1 485
372869 2 382
373323 2 2651
373721 3 167
373723 3 174
373834 23 44460
374131 4 3358
374373 1 3397
375367 3 92
375458 6 118
375775 3 118
376041 6 122
376332 3 450
376335 1 494
376440 3 1977
376672 3 143
376722 3 117
377922 31 441
377923 37 796
378271 30 644
378382 5 333
378815 6 152
379681 1 547
380757 15 365
380862 5 96
381592 2 1704
382009 1 833
382558 1 251
383273 1 1286
383448 1 699
383461 1 1493
383754 26 5970
383794 5 97
384474 1 370
384570 8 323
384645 1 1035
385579 2 1783
385795 2 1893
386103 2 329
386402 3 1270
386778 3 83
387616 4 2572
387864 3 273
388977 6 105
389274 6 105
390030 12 262
390102 4 114
391750 1 141
392009 1 208
392409 1 204
392446 1 204
392897 8 153
392902 3 84
393550 2 30891
393596 1 2560
393747 2 58177
394207 1 1169
394472 3 287
394503 2 335
394668 1 730
394898 1 26758
395590 2 2657
395640 3 17885
395713 1 1651
396212 1 860
396258 1 38258
396443 1 141
398304 1 1008
400783 3 449
400913 8 17082
403682 2 448
405365 1 617
405856 13 469
406482 9 1121
407680 1 499
407726 4 804
408312 3 742
409082 2 490
409418 1 266
410989 2 905
412400 1 308
412749 4 667
413790 2 573
414333 2 369
414577 2 81
417567 1 771
417721 9 98
421081 3 109
422530 3 277
423675 10 130
427743 2 55
429576 9 476
430408 7 476
431555 1 1614
432480 1 77
432706 2 409
433081 2 694
433135 2 236
434156 1 1057
434362 4 380
437820 24 585
438086 1 272
438194 2 144
438597 3 245
439196 1 43
441638 1 1508
441805 8 208
441965 3 596
443964 3 2765
444138 4 2782
444852 5 1142
444930 1 42
445186 1 395
448345 4 1666
448556 1 381
448562 1 281
449249 1 435
449639 25 771
449832 2 973
450540 1 126
452409 3 314
455680 5 279
456709 4 383
458474 1 877
458759 1 226
461342 3 1206
465693 1 355
465808 1 327
468167 1 465
469197 6 507
473965 6 2349
474050 14 1184
474132 2 957
475456 5 103
475633 3 447
476156 8 978
476182 1 73
476363 1 380
479115 3 354
479557 1 308
481063 11 385
481688 1 768
482152 3 894
482883 1 94
484423 10 98
490247 1 516
491264 2 2438
495598 4 167
499363 5 146
500783 1 85
501277 1 1075
506733 1 492
507241 1 929
507268 1 36
510653 1 1127
514893 3 867
516809 1 507
517356 1 469
517767 3 673
519226 1 664
519241 1 104
519485 10 191
520325 1 979
520965 2 409
523344 2 462
523632 3 433
523898 2 751
524324 2 803
524797 11 963
526383 1 511
11362 4 453
11364 6 528
26230 5 481
28895 1 541
42069 1 489
49720 2 267
49724 1 367
51116 1 286
55636 1 31
55818 2 162
56105 1 36
57314 1 46
57911 1 36
58579 2 480
59278 1 37
59873 1 35
60346 1 343
61372 1 447
62213 1 78
63087 1 29
63093 1 27
68633 1 62
71715 2 38
71733 2 37
76729 1 173
77126 1 611
77373 3 126
79585 1 70
83572 2 113
85165 1 195
87534 1 453
87909 1 61
93201 1 39
93895 1 770
94525 6 210
95005 4 892
96066 4 190
97396 3 229
98218 1 40
100435 1 37
102388 1 96
103247 2 119
104715 1 35
105977 1 28
109837 1 34
111128 1 377
111614 1 44
115145 1 34
115154 3 180
116143 1 290
117366 1 37
119486 2 50
120327 3 401
124833 2 41
128397 4 500
131659 1 228
131864 1 153
131903 1 53
133296 4 613
137402 1 128
139118 1 55
140640 1 238
141638 1 125
141682 1 268
142662 2 608
144497 4 381
144498 1 238
144908 2 104
149818 1 45
153091 3 113
156149 2 444
157796 2 255
158006 1 68
158626 1 224
159015 1 53
164176 2 74
165324 1 57
169581 3 172
170723 2 62
170970 1 46
172262 1 732
176073 6 299
177367 4 134
179578 1 55
180609 1 335
180791 1 43
185122 1 691
186827 1 46
188153 3 113
190701 1 785
195451 1 1324
196802 2 112
196806 3 295
197697 1 309
202699 1 65
202703 4 192
203200 3 894
205243 7 228
205254 1 469
206966 3 130
208608 1 45
211061 1 62
213833 3 411
214016 5 368
214445 2 633
214465 1 72
214634 1 121
230180 1 54
230400 1 117
232423 1 52
233436 1 229
233547 3 117
235147 8 991
235311 3 256
235405 1 63
235590 5 358
235591 5 484
236206 4 148
238480 6 543
238858 1 362
242301 1 47
244628 1 859
248673 2 60
248832 1 77
249815 7 447
250051 3 256
250365 3 125
250368 3 270
250510 1 42
254598 1 152
256867 2 438
259763 1 44
261041 1 45
261238 1 41
261471 3 481
262356 2 116
264014 4 394
267606 3 191
267728 1 362
267853 9 259
268021 2 166
268180 4 189
268303 3 6782
268364 1 255
268806 3 498
268976 14 1418
268983 1 280
269261 15 233
269675 4 139
269800 3 128
269805 4 557
269939 1 638
269996 3 6852
270269 3 166
270984 2 1470
271517 1 416
271533 1 216
272168 7 308
272946 5 119
273038 3 429
273265 5 104
273549 1 262
274626 1 292
274800 1 2171
275657 4 234
278134 1 454
278368 1 77
279801 1 408
281149 2 80
281679 1 121
282354 9 385
283141 3 4279
283907 2 114
284235 1 287
284589 2 147
284806 2 850
284986 4 234
285033 6 175
285045 1 601
285433 1 298
286086 1 142
286253 8 338
286254 25 376
286341 7 228
286459 7 719
286463 2 811
287460 2 360
287465 2 81
287472 2 92
287537 4 188
287540 3 195
287543 4 467
287544 1 73
287546 1 83
287549 3 259
287552 3 335
287556 3 526
287557 2 454
287559 3 77
287565 1 329
287575 1 173
287638 1 407
287644 6 332
287649 1 165
287650 4 168
287651 1 125
287663 7 411
287667 3 128
287674 6 227
287739 2 406
287743 2 378
287748 1 304
287749 1 189
287752 2 152
287754 3 149
287762 8 394
287765 4 452
287836 3 1989
287845 2 317
287847 3 229
287849 5 124
287857 4 178
287858 2 157
287859 8 415
287862 1 419
287863 1 155
287864 3 128
287865 3 96
287866 3 129
287871 1 95
287874 9 536
287879 4 70
287886 3 251
288055 3 262
288056 3 325
288182 4 145
288246 2 663
288539 3 151
288618 8 1871
288669 2 122
288681 9 387
289788 1 433
290075 8 394
290112 5 426
290683 3 255
291099 5 389
291750 8 263
291793 2 2238
291812 10 210
291858 3 165
291899 21 840
292008 6 124
292131 7 235
292152 3 263
292202 2 385
292210 3 123
292302 3 325
292384 3 221
292543 6 148
292700 14 3396
292701 5 2069
293939 3 1201
294050 3 104
296089 1 205
296839 5 199
298596 5 169
299778 3 5938
300359 1 695
300980 7 203
301218 2 355
302976 1 121
303734 1 25485
304029 4 167
304569 2 1335
305027 1 158
305876 1 1195
305961 1 2264
306349 2 425
306390 1 317
306391 2 296
306890 4 274
306892 8 1907
306893 3 545
306901 2 126
306933 5 377
306952 8 235
306960 1 83
306968 2 294
306969 6 467
306970 1 316
306974 3 152
306975 2 84
306976 3 124
306983 5 128
306998 22 2256
307031 9 633
307033 3 223
307034 2 388
307057 1 87
307061 5 204
307094 5 176
307136 3 489
307154 3 686
307156 1 217
307157 3 148
307158 3 175
307181 2 141
307321 2 162
307354 1 127
307749 4 252
307821 2 96
307825 3 280
308415 2 814
308907 1 13313
308916 2 679
308961 1 13313
308970 2 679
309389 1 3655
310871 3 112
311374 1 177
311543 1 233
311576 2 143
311817 9 265
311869 10 844
311959 4 271
312283 3 657
312407 6 621
312583 1 310
312898 1 135
312996 1 110
313051 8 638
313562 23 582
313688 2 138
314050 2 198
314215 4 176
314822 1 6501
315184 7 252
315354 4 340
316158 1 332
316274 3 1413
317135 1 206
319583 2 110
319758 1 175
319771 1 175
320166 1 1181
320349 1 78
324331 3 142
325071 9 1365
325072 1 969
325208 5 808
325236 5 172
325607 1 1890
325626 4 2002
325690 1 2398
325761 4 673
325766 10 454
325772 4 152
325773 6 131
325774 4 289
325775 4 175
325779 1 143
325784 1 132
325785 1 705
325787 7 924
325793 6 186
325819 4 94
325844 2 153
325863 2 233
325864 3 112
325865 4 1398
325872 1 326
325873 3 217
325880 3 349
325881 1 317
325896 2 1497
325898 1 124
325902 1 71
325934 2 239
325982 2 229
325984 3 234
325987 1 138
325989 3 121
325991 4 160
325992 2 144
325999 2 113
326004 3 280
326010 8 416
326394 1 115
326395 1 164
326539 3 152
327418 1 1529
328914 14 4587
328993 14 5082
329160 3 184
329195 1 184
329231 4 7437
329287 2 1263
329332 8 215
329414 2 2749
329556 12 373
329588 4 514
329718 8 522
329776 24 372
329792 3 118
329863 1 2931
329867 12 156
329908 3 123
330167 1 263
330215 12 238
330222 1 148
330296 8 3448
330326 4 314
330344 5 144
330352 2 234
330398 2 384
330407 2 208
330623 1 1698
331194 14 181
331199 11 292
331413 2 377
331824 6 609
332327 3 827
332471 12 186
333104 15 567
333285 4 391
334063 1 186
334087 2 366
334278 2 370
334751 1 781
335176 3 1105
335335 1 262
335460 2 95
336495 2 458
336735 17 812
336744 7 387
336980 6 661
337083 1 386
337570 2 163
337586 1 61
337707 1 253
337783 6 610
338049 1 508
338088 1 1055
338136 1 1202
338283 1 149
338331 8 363
338846 2 1653
338904 1 1349
339666 1 299
339853 1 385
339872 4 274
340364 2 285
340619 3 112
341029 1 77
342728 1 68
342729 1 187
342764 2 301
343283 2 161
343503 6 175
343642 1 113
345481 4 222
345630 2 130
346035 1 937
347216 5 305
347564 1 110
347773 2 1472
347837 1 63219
348088 8 2280
348132 5 3201
348356 2 328
348365 1 134
348377 1 112
348378 3 242
348380 2 147
348381 5 1414
348383 1 100
348396 1 121
348461 1 340
348463 1 311
348465 3 181
348467 1 179
348476 1 943
348478 9 216
348514 1 129
348519 1 317
348520 1 396
348531 1 261
348547 1 1057
348587 3 79
348605 8 240
348609 5 164
348677 1 81
348690 1 305
348691 4 164
348693 4 107
348699 5 330
348722 3 167
349244 2 257
350133 1 2654
350458 2 485
350671 1 172
351747 1 225
351750 26 771
351751 21 648
351752 11 242
351888 9 463
351998 5 3051
352489 1 1983
352924 2 260
352937 2 260
353089 4 95
353316 1 1787
353688 4 169
353700 14 2489
353798 4 220
354007 9 158
354066 3 228
354089 2 149
354149 1 368
354153 1 317
354263 1 104
354267 1 554
354757 4 871
354817 4 115
354849 4 93
355359 1 108
356077 3 3908
356163 1 862
357820 4 176
357821 4 379
358209 3 142
358331 1 96
358577 1 66
359072 6 761
359178 1 1091
359323 1 1304
359355 3 101
360346 2 148
360428 4 1510
360429 1 380
360727 1 143
360785 1 567
361097 1 159
361331 9 308
361343 9 308
363727 2 265
365775 2 1763
366101 1 1262
366260 4 152
368810 4 134
369045 2 105
370265 2 167
370917 3 236
371546 3 450
371707 8 226
372365 1 407
372575 2 334
372588 3 231
372595 4 279
372597 4 177
372604 1 732
372610 3 420
372612 4 98
372681 1 345
372690 2 116
372700 2 182
372701 4 154
372751 3 74
372760 2 169
372767 3 291
372769 2 246
372771 2 485
372856 3 836
372857 1 91
372858 3 202
372869 2 382
372931 1 97
372934 4 178
372936 4 175
372949 1 83
372950 1 202
373376 2 267
373416 4 74
373766 2 263
374131 1 3358
374373 5 3397
374975 8 337
375638 1 91
375738 1 201
376347 2 146
376440 28 1977
377078 3 255
377164 2 129
377448 14 4232
377499 1 378
377560 1 6597
377611 7 322
377878 4 1428
378096 2 164
378247 1 390
378392 3 148
378479 3 148
379681 24 547
379682 4 343
379852 1 180
379985 1 218
380223 2 200
380258 3 139
380310 7 361
380797 3 178
380808 4 145
381155 1 92
381592 7 1704
382009 1 833
382558 1 251
382687 5 133
382708 1 90
382884 4 218
383273 1 1286
383448 1 699
383461 1 1493
383486 3 240
384317 1 961
384474 1 370
385374 4 95
385579 1 1783
385795 1 1893
385888 3 496
386103 3 329
386104 1 149
386402 1 1270
386656 2 176
387616 1 2572
387864 2 273
388732 3 366
389112 2 116
390435 1 83
391525 4 131
391750 1 141
392009 1 208
392276 3 147
392315 3 126
392409 1 204
392446 1 204
392811 1 102
393171 2 368
393596 1 2560
393966 1 434
394191 5 353
394207 1 1169
394304 2 492
394351 3 502
394362 1 83
394366 3 97
394367 3 69
394369 4 198
394371 4 151
394372 8 480
394373 1 81
394393 1 735
394448 2 148
394468 1 155
394472 1 287
394474 1 86
394475 3 120
394490 1 176
394492 3 80
394496 1 179
394497 2 157
394503 3 335
394581 4 318
394647 2 177
394666 3 159
394668 9 730
394670 6 121
394672 2 172
394673 2 179
394674 5 596
394679 1 106
394696 2 370
394898 5 26758
395242 21 23266
395292 2 177
395307 5 312
395430 3 509
395452 3 133
395739 1 738
395790 1 975
396212 1 860
398125 1 82
398304 4 1008
398915 1 1109
400913 1 17082
401265 3 135
401361 1 71
404294 1 584
404700 4 753
404824 1 96
405365 2 617
405906 1 414
406978 1 109
407240 2 391
407455 2 446
409082 2 490
409418 1 266
410226 1 65
410238 1 281
410827 4 157
410989 3 905
411018 1 304
411702 1 85
411962 2 69
413066 2 711
413790 1 573
414540 1 206
414623 1 350
416545 1 80
416918 9 441
416919 10 586
417367 4 595
417491 1 97
418255 2 1130
418441 1 988
418599 3 189
420021 9 590
420883 1 152
422873 2 203
423403 1 666
423565 2 85
426055 1 473
427123 3 278
430117 3 155
430130 1 239
430663 1 142
431327 1 105
431555 5 1614
432153 2 237
432517 4 463
432706 3 409
433081 1 694
433135 1 236
434149 1 83
434156 1 1057
437371 5 485
438086 2 272
438194 1 144
438488 1 219
440901 2 315
441576 1 2819
441578 1 2452
441637 5 1332
441638 1 1508
441965 3 596
442462 1 45
442617 3 1543
442679 1 88
442713 2 157
444852 3 1142
444947 5 146
445186 1 395
446658 1 46
446992 2 680
448556 10 381
448877 2 472
449372 5 101
449832 3 973
450540 1 126
450638 1 89
450665 8 475
452360 1 98
452550 2 56
453835 1 322
453839 1 351
454889 3 93
456683 3 518
456695 2 120
456709 2 383
457989 2 601
458474 1 877
458591 1 87
458759 5 226
460023 5 100
460528 1 465
460739 8 471
460858 1 111
460927 1 401
461135 5 260
463728 2 149
464312 3 208
465496 4 160
465808 6 327
466609 4 477
466733 4 463
466980 1 390
467003 3 610
468109 1 406
468167 2 465
468404 4 144
468524 2 508
469047 1 443
469055 4 98
469149 2 84
470749 4 242
471310 8 707
471721 7 1062
472779 3 181
472840 1 113
473749 1 398
473811 4 124
474132 5 957
474353 1 172
475077 1 369
475456 1 103
475477 4 292
476302 2 375
476363 1 380
476639 1 1289
478116 4 247
478150 4 105
479557 1 308
479696 1 245
480173 3 386
482883 1 94
483277 7 367
483345 1 474
484232 2 814
484645 1 571
485056 3 225
485063 1 228
485521 1 50
487746 1 54
488203 4 224
488375 8 515
488845 1 572
489742 1 386
490247 1 516
490385 2 345
491264 8 2438
491952 5 129
492021 1 71
492117 2 53
493794 15 396
494234 1 1569
494649 2 306
494929 5 180
496301 3 363
496968 2 445
497010 2 596
497578 1 240
497583 4 97
499247 1 449
500250 2 45
500783 3 85
501277 5 1075
505594 1 35
505692 1 141
506515 1 910
507241 1 929
509700 1 402
511779 3 267
512727 23 819
513560 2 70
513585 6 357
513967 2 561
517356 2 469
519226 1 664
520965 1 409
521273 1 338
521308 2 349
521320 1 321
522746 2 48
523632 1 433
523731 1 306
524324 1 803
524797 1 963
