1349 2 230
1350 3 211
1351 1 597
1352 2 489
5529 1 474
10673 2 359
13855 1 476
13858 1 281
19116 3 566
19412 3 353
19413 1 434
21160 2 589
27902 1 483
28800 1 505
29570 1 440
30683 1 286
30684 5 624
36240 1 365
36391 12 10294
36589 6 402
36590 1 320
41859 2 334
46031 1 509
46032 1 554
50034 1 188
50434 1 313
51722 1 395
52925 1 682
56600 1 569
66853 1 366
77359 1 657
78650 1 639
89844 1 679
94469 3 779
94498 1 795
95093 1 96
98528 2 271
99158 2 478
102069 1 265
104270 2 588
114934 2 514
117136 2 414
120642 4 462
121526 2 157
122708 2 391
130152 2 318
138321 1 539
141090 3 665
141094 4 553
141587 1 1689
150216 2 642
154719 1 606
161555 1 440
164306 1 764
167110 2 420
167654 20 594
168369 1 594
169740 1 191
187095 3 602
191377 1 3635
192298 3 404
194648 11 573
197461 5 585
200708 1 731
205716 1 667
210334 3 194
212343 1 395
212388 1 568
214410 2 678
216062 1 581
216065 1 858
217948 1 248
221866 1 256
226565 7 182
232069 4 754
232174 9 386
240586 2 120
240598 3 170
242783 1 177
245384 1 318
245617 1 226
249100 1 346
251789 1 126
252741 1 517
253451 1 143
254054 1 690
256124 1 457
258844 1 625
260377 1 170
260605 2 527
261372 1 376
261434 2 483
263387 2 220
263789 1 583
263895 2 274
280507 1 814
286537 2 95
286970 2 743
306255 21 3178
308246 2 20735
308268 1 1421
342040 1 373
346815 1 2013
347837 3 63219
349392 1 2027
372009 1 708
372016 2 2105
372250 9 716
373928 1 991
380858 1 284
381272 1 124
383839 1 202
394348 1 1782
394431 1 206
413810 1 978
420406 1 372
442766 2 828
466292 1 668
494367 1 726
504265 2 1186
157 3 357
353 2 248
1349 2 230
1350 1 211
1351 4 597
1352 9 489
2641 19 17392
3661 1 611
3664 1 455
4137 38 16130
4338 22 16989
4756 16 456
6367 30 17463
7344 7 324
7641 2 226
7643 4 256
7789 30 467
8148 30 17754
8434 1 257
8848 1 239
9166 4 17203
9218 1 357
9809 4 257
10673 1 359
10967 3 442
11019 1 192
11496 3 433
11499 6 251
11812 21 418
11813 25 348
12709 107 20008
12879 1 422
13165 3 260
13489 1 210
13492 1 442
13912 26 17501
14132 1 237
15012 132 6149
16362 13 409
17221 17 261
17458 9 111
17560 1 199
18161 1 365
18243 4 486
19116 6 566
19353 16 638
19354 1 318
19371 12 380
19372 27 417
19373 19 446
19376 15 413
19377 15 395
19378 21 369
19381 15 318
19382 14 351
19383 11 361
19384 9 341
19385 16 349
19386 10 248
19387 15 377
19388 11 265
19408 20 556
19412 11 353
19413 12 434
19527 34 472
20283 1 385
21614 118 32241
21852 4 312
23038 2 255
23039 7 620
24004 1 483
24290 26 516
24297 5 525
24301 16 592
24402 8 436
24403 5 457
24545 2 374
24548 3 506
24869 4 412
25235 3 580
25249 11 299
25251 15 287
25656 34 15042
25906 4 429
25931 2 400
26228 1 470
26960 1 403
27275 20 214
27276 29 454
27424 34 13034
27895 1 573
27897 2 509
27902 1 483
29042 23 360
29043 32 523
29044 23 365
29046 62 713
29047 24 320
29048 23 384
29049 44 602
29050 30 492
29356 11 186
29370 18 587
29378 7 502
29395 14 323
29396 9 260
29397 20 325
29399 4 203
29570 1 440
29884 9 663
30309 2 438
30446 6 12899
30560 4 168
30572 21 395
30573 30 390
30682 1 254
30684 1 624
31405 22 230
31406 23 335
31629 30 21435
31846 2 5130
32601 3 792
33068 2 467
34320 1 131
34381 33 564
34525 1 245
34732 98 9225
34744 3 1778
34916 7 306
35051 25 318
35052 18 366
35486 26 345
35750 12 497
35758 24 661
35994 6 278
35996 6 196
36194 1 220
36240 3 365
36498 30 20156
36584 1 419
36591 3 362
36802 9 29903
37269 3 560
37923 28 369
37934 25 342
38341 16 557
38346 28 446
38512 2 469
38513 3 473
38514 2 147
38516 4 562
38517 4 266
39364 3 266
39722 2 452
39723 1 757
39724 1 418
40545 2 287
40738 9 364
43126 1 427
43640 37 18238
44440 3 259
44466 1 334
44562 4 481
44917 5 379
45059 18 326
45060 30 375
45123 1 254
45872 31 15512
46031 1 509
46032 1 554
46569 1 65
46682 1 277
46854 10 330
46932 2 184
47471 1 439
47642 5 11472
47896 2 316
48408 7 424
50434 1 313
50682 1 32839
51213 1 312
51366 1 306
51722 1 395
52214 213 64459
52237 4 220
52238 1 243
52387 39 516
52620 1 479
52678 29 15365
52925 3 682
54527 108 19068
54777 3 267
55371 45 52248
56615 4 959
56698 5 774
57027 1 124
58374 2 82
58782 17 365
59374 5 1662
66209 3 606
66853 1 366
67470 3 281
67628 1 203
68078 2 140
70171 3 135
70465 4 129
71010 3 733
71949 1 159
72864 2 82
73259 1 37
73367 4 302
73370 1 37
74170 1 56
75087 2 523
75875 1 54
77359 3 657
79847 6 174
81110 2 105
85583 5 560
87811 2 66
87835 4 485
89844 1 679
90430 2 610
91272 3 116
91587 1 448
92270 3 710
92692 2 333
93305 1 91
93820 1 72
94242 1 41
94469 2 779
94498 1 795
94499 8 875
96027 1 728
96356 2 95
98528 1 271
100403 1 550
100821 8 745
101940 1 110
101991 10 527
103742 2 42
104270 2 588
106009 1 675
107190 1 535
107295 1 56
108375 1 57
108619 1 144
111745 2 175
112002 1 228
112950 8 627
113771 3 68
114197 1 268
114369 2 273
114485 2 428
114486 2 317
114497 1 174
114516 10 842
114518 1 348
114521 3 343
114557 7 870
114844 7 599
114847 7 312
114850 6 267
114881 4 388
114934 2 514
115100 5 550
115142 3 334
115662 1 73
116699 1 259
117000 2 444
117585 2 202
117859 1 268
118006 1 712
118045 2 353
120679 1 637
120717 5 197
122457 1 608
124579 2 824
125719 4 432
125893 1 264
127025 1 233
127413 2 677
128698 7 220
128867 2 615
129758 1 195
130152 1 318
130221 1 189
130522 4 610
130628 5 469
130640 3 431
132607 1 156
133144 7 237
134297 3 703
135267 3 303
136900 2 684
137822 6 297
138321 1 539
139017 1 709
140764 9 199
141075 1 94
141090 6 665
141091 3 694
142048 4 207
142217 3 131
142568 3 643
142576 6 580
142580 3 719
142582 4 484
142588 2 595
142590 3 851
143663 1 625
145788 2 223
146214 1 262
147636 3 198
148516 5 285
148523 5 315
149748 1 258
150012 2 88
150179 2 55
151268 3 198
151758 2 466
152290 3 473
152757 1 70
153809 1 101
154598 12 1902
154715 3 600
154719 1 606
154909 6 292
155261 1 523
158132 2 476
158305 4 46
158395 2 345
158673 3 325
158803 2 221
159628 4 803
159629 3 860
159896 2 70
160038 1 272
160447 1 123
160494 5 265
161433 2 463
161575 4 949
162079 3 251
162560 5 369
163932 3 254
165087 1 226
165144 1 91
167419 2 39
167654 1 594
168394 5 105
169010 1 500
171810 4 823
172281 3 34
173536 3 63
174697 2 41
175631 2 135
175924 5 610
176645 1 289
179136 1 206
179314 3 69
179515 2 502
180372 1 231
180384 1 266
181150 2 56
181809 3 676
184105 14 367
185858 1 791
187101 2 582
187109 3 725
189134 3 151
189177 3 862
189272 3 55
189667 3 566
190060 2 506
190062 1 831
191377 2 3635
192298 2 404
192559 2 106
194447 3 696
194509 2 252
194512 2 478
195870 1 722
197784 1 112
197962 1 282
198098 1 291
198849 2 601
200589 2 248
200708 2 731
202926 2 267
204671 1 277
204980 3 286
205644 4 65
207808 5 200
208053 1 141
208206 4 1100
208800 10 262
210334 1 194
212065 10 669
212388 3 568
214408 1 204
214410 1 678
214412 2 97
214428 1 409
215336 4 53
216050 1 370
216062 3 581
216065 3 858
216066 3 927
217307 1 49
217948 4 248
219481 1 86
220949 1 183
222314 2 113
222598 1 269
222637 6 564
222918 1 34
223728 5 89
224432 3 694
224446 7 258
224451 1 726
224496 1 270
224615 1 176
225114 5 558
227960 3 342
232069 8 754
232072 7 776
232649 3 226
232656 3 127
233166 1 743
234191 1 91
234235 2 96
234492 2 478
235518 2 548
236662 1 108
236840 2 568
237726 2 204
238239 2 155
239847 2 176
241340 3 837
242783 5 177
243633 9 734
243634 1 663
243635 3 625
243643 7 532
243646 5 491
245810 6 86
250543 1 101
253189 1 91
255906 3 97
256124 1 457
257260 6 123
258011 1 137
258844 1 625
258855 3 592
260831 1 662
260851 1 632
260953 3 301
261434 1 483
261448 2 114
263387 1 220
263489 10 505
263503 7 1395
264509 1 457
265701 2 54
265810 28 16729
265816 26 25803
265845 52 17259
265854 17 21100
267577 5 6751
267737 37 1203
269300 1 157
269708 2 783
269886 15 403
270307 3 419
270493 1 79
270867 6 621
271637 2 337
271708 10 691
272087 8 160
272195 5 1016
272292 1 168
272584 1 78
274068 1 318
275924 1 1167
276199 1 322
280507 1 814
280619 6 11500
280879 1 117
280958 1 225
281798 2 145
281960 2 120
282089 6 619
284171 3 292
284277 2 136
284437 1 268
285750 2 720
285837 3 1700
286131 5 382
286403 8 327
286583 17 19748
286590 1 409
286993 31 1023
287024 1 1042
287274 1 328
288620 22 2027
289348 28 18428
289448 9 1043
289463 14 1189
289493 4 688
289523 7 1194
289710 1 343
290146 1 1466
290256 130 30074
290440 44 15196
290465 26 15747
291742 1 776
291801 5 267
291944 1 744
292044 3 1687
292364 2 541
292365 2 516
292654 1 246
293333 5 140
293612 2 169
293714 2 201
293720 26 7581
294967 12 7544
295780 13 285
296039 1 95
297161 3 229
299281 1 378
299778 7 5938
303069 1 71
303265 1 759
303538 1 1132
303734 10 25485
303817 1 116
304034 3 301
304463 2 215
304567 4 86
305357 1 374
306092 1 442
306193 5 238
306237 42 26903
306250 4 134
306255 3 3178
306284 34 21202
306304 6 409
306311 17 1983
306314 29 4250
306339 9 3745
306696 1 239
307453 67 49380
307677 2 102
307748 3 261
307827 1 231
307843 2 88
308178 13 2199
308186 87 36306
308187 126 51551
308192 7 3979
308246 114 20735
308268 5 1421
308314 8 948
308359 12 2914
308360 2 408
308363 1 1229
308364 1 1191
308450 4 490
308451 9 675
308513 8 8438
308549 4 87
308709 2 165
308907 6 13313
308919 42 13545
308929 4 12027
308947 19 16976
308953 37 14138
308961 6 13313
308973 42 13545
308983 4 12027
309001 19 16976
309007 37 14138
310407 1 156
310428 1 474
310844 1 97
311295 1 1150
311304 5 107
312035 18 344
312138 1 75
312401 7 5388
313038 6 677
313309 1 637
313422 1 155
313630 2 83
313657 3 152
313743 1 447
313819 1 143
313829 1 143
314093 1 193
314836 1 448
315847 3 109
316305 1 139
317444 1 398
317515 3 233
320247 6 10051
320248 6 13098
321615 3 157
322075 1 231
324443 9 456
325074 2 1439
325561 18 1668
326123 54 14885
326127 4 1789
326129 14 67196
326378 15 827
326443 4 179
326477 1 92
326805 6 1038
326844 3 1145
326871 7 2756
326872 17 1066
327087 3 2792
327122 11 16929
327123 11 16927
327384 72 19585
327394 32 22044
327407 37 18061
327865 1 238
328985 2 576
329493 2 7227
329576 6 1089
329623 1 225
330419 1 105
330493 1 105
330586 1 120
331333 3 2122
331357 2 1318
331529 2 437
331660 2 242
331751 3 190
332686 3 175
332977 31 732
334192 3 133
335107 1 1279
336572 1 303
338136 1 1202
338421 1 327
338649 11 7414
342594 1 75
342964 5 1402
343615 1 628
343967 1 75
344623 1 93
345144 2 149
346015 1 343
346815 6 2013
347029 2 238
347236 2 229
347385 1 234
347719 1 1705
347720 5 3607
347761 1 3747
347779 28 2570
347837 464 63219
347838 55 6657
347869 18 47445
347983 1 1570
348003 23 2348
348007 3 230
348190 3 1221
349214 2 100
349392 6 2027
349509 14 1252
349511 10 829
349574 14 1163
349672 1 1947
349784 8 794
349994 27 8773
350008 6 915
350038 2 241
350040 1 1334
350096 2 241
350222 13 1456
350335 133 3129
350349 1 1080
350354 65 1821
350449 26 14072
350479 16 11696
350496 27 14081
352689 6 526
352724 4 1893
352967 6 2555
353490 2 212
353681 1 246
354309 2 181
354371 2 233
354450 1 8639
354501 2 118
354551 4 239
354978 5 343
354985 5 368
355856 2 981
356077 2 3908
356799 5 1063
356956 1 184
356957 2 86
356983 2 112
358393 6 6679
358396 6 3630
358770 1 76
358775 6 897
359111 7 569
359152 4 9815
360311 1 84
362016 4 90
362449 5 202
364221 1 98
364282 1 98
365244 1 782
365860 1 264
368827 8 490
369116 1 95
369402 10 378
371782 19 1143
371861 1 738
372009 9 708
372016 4 2105
372238 4 1528
372250 1 716
372406 6 14595
373043 1 143
373834 135 44460
373887 5 265
373888 4 758
373928 1 991
373940 5 2592
373944 6 1557
374014 222 80805
374063 6 351
374358 5 670
374373 2 3397
374418 2 639
374512 1 1682
374974 24 12901
374994 25 13993
375892 2 88
376456 12 223
376661 1 155
377171 1 125
377391 1 1571
377546 3 705
377817 78 2398
378235 2 244
378236 1 264
378266 3 7092
378432 2 232
379638 3 185
379741 6 383
380195 2 191
380488 4 382
380961 1 184
381779 1 144
381990 10 3050
383661 8 1050
385445 1 1685
385596 1 407
385980 10 3649
386079 1 88
388311 1 89
390168 1 186
390486 2 195
391334 1 340
391404 1 140
392936 1 86
393535 9 1406
393550 110 30891
393575 1 2742
393747 335 58177
393773 90 2486
393949 2 715
394192 8 2619
394348 1 1782
394898 6 26758
395109 3 1486
395242 12 23266
395415 1 93
395584 56 8890
395585 304 30629
395609 10 197
395610 10 843
395634 6 920
395640 7 17885
395724 1 913
395755 6 459
395766 2 232
396066 4 1619
396187 2 471
396258 19 38258
397492 2 605
397554 3 221
400564 3 1014
403648 3 255
404183 6 141
404812 1 632
404979 2 113
407600 1 66
408377 3 816
409122 2 264
411003 2 107
411072 2 1057
411577 1 397
411852 1 51
412466 1 549
413810 4 978
419019 5 80
420821 1 324
423800 1 990
427511 3 148
427766 2 839
427846 1 114
428269 6 410
432096 2 216
432465 2 732
433361 2 35
437060 1 31
439580 3 450
440621 8 659
440661 2 718
442766 2 828
444731 4 584
445089 1 160
445299 2 36
445958 1 448
447027 1 69
447051 14 654
447141 6 1110
448661 3 165
453139 3 543
455594 5 96
457336 6 421
457439 7 476
457558 2 695
459239 5 847
460167 1 78
469948 3 95
470330 4 246
473234 2 185
475441 5 209
477066 1 34
477151 1 33
478146 2 247
480238 3 248
488207 4 330
490012 1 459
491239 1 624
492086 4 89
497628 4 302
498486 1 89
505269 4 468
507821 1 31
511891 4 85
512502 1 87
517938 2 722
526068 4 75
526214 1 29
526215 1 30
353 2 248
503 4 406
1351 5 597
2315 1 452
3061 4 220
3238 5 521
3523 6 366
3656 38 478
4640 1 83
5194 8 353
6825 3 853
7339 7 277
7340 13 359
7341 14 352
7344 6 324
7443 17 254
7444 21 316
7445 17 240
7446 21 300
7641 15 226
7643 7 256
9166 3 17203
9218 18 357
9219 31 322
9221 11 288
9223 30 362
9246 5 209
9620 13 519
9809 11 257
9812 5 265
9820 1 280
10731 15 338
10771 19 308
10773 20 252
10775 18 210
10776 30 371
10935 2 400
10967 13 442
11496 25 433
11499 4 251
11616 1 80
11765 10 276
11767 9 264
11771 7 386
11772 7 227
12810 31 431
12910 3 98
13165 3 260
13290 13 256
13292 2 73
13294 9 346
13487 2 209
13489 3 210
13638 2 91
14120 14 758
14740 4 434
14741 12 441
14748 22 410
14749 28 350
15174 28 553
15247 24 449
15255 10 478
15411 3 389
17510 4 212
17800 29 424
18161 4 365
18342 13 387
18965 17 442
18970 1 497
19352 7 370
19353 5 638
19354 9 318
19355 8 240
19371 5 380
19376 13 413
19377 11 395
19381 7 318
19382 7 351
19383 8 361
19384 5 341
19385 7 349
19386 4 248
19387 7 377
19388 4 265
19571 40 551
19572 38 541
19573 39 583
20699 17 307
20700 5 212
21333 40 581
21614 5 32241
21852 9 312
22338 1 461
22879 32 419
23038 2 255
23039 13 620
23983 2 479
24004 14 483
24215 3 371
24297 9 525
24403 4 457
24523 4 352
25002 1 482
25012 1 341
25133 7 208
25234 14 273
25235 21 580
25270 35 617
26801 2 80
26803 6 397
26951 10 274
27147 1 490
27902 4 483
28406 3 553
28800 4 505
29884 1 663
30309 14 438
30684 5 624
30955 10 253
31846 3 5130
31857 8 229
33202 4 144
33714 1 77
33890 11 512
33891 3 152
34525 18 245
34526 21 304
34744 7 1778
34790 15 285
34792 41 454
35555 1 339
35994 15 278
35996 2 196
36589 14 402
36590 12 320
36591 5 362
37590 4 473
37739 7 215
38512 13 469
38513 4 473
38514 1 147
38516 10 562
38517 3 266
39364 6 266
39593 18 262
39720 19 544
39722 14 452
39723 16 757
39724 18 418
39820 55 817
40545 8 287
40546 10 235
41114 22 466
41745 1 222
43671 6 454
43901 37 459
44156 2 213
44336 9 466
44366 483 12535
44440 5 259
44562 7 481
46569 1 65
46932 4 184
47471 5 439
47896 8 316
48629 12 389
50740 1 618
50998 6 451
50999 6 206
51000 6 340
51213 21 312
51214 20 184
51215 10 281
52214 109 64459
53816 18 337
53817 11 153
54777 6 267
54783 10 293
55072 18 348
55073 16 366
55273 9 359
55274 16 507
55275 16 527
56698 21 774
57027 3 124
58374 2 82
58782 1 365
59374 2 1662
61961 7 227
65245 1 572
66999 11 489
67470 10 281
67628 4 203
68078 2 140
70171 3 135
70465 7 129
71949 6 159
73259 1 37
73367 4 302
73370 1 37
74138 2 29
74170 1 56
74256 2 36
75087 26 523
78233 2 29
78599 1 216
78914 7 377
79790 9 208
79847 2 174
80242 1 514
81110 1 105
83794 17 241
84550 1 195
84920 7 88
85583 4 560
86575 3 40
87728 1 114
87835 3 485
88814 15 186
90038 2 56
90215 2 440
91272 2 116
93305 1 91
93820 2 72
94242 1 41
94469 3 779
96027 6 728
96158 15 193
97336 1 46
98944 2 649
101940 1 110
101991 2 527
106009 8 675
107190 4 535
107295 1 56
108084 1 238
108375 2 57
108619 1 144
109223 14 452
111779 16 335
112002 2 228
112950 10 627
113771 1 68
113773 8 338
114197 4 268
114369 4 273
114485 7 428
114486 4 317
114497 2 174
114516 22 842
114518 3 348
114521 6 343
114557 12 870
114844 14 599
114847 5 312
114850 3 267
114881 2 388
115100 5 550
115142 6 334
115662 3 73
116699 6 259
117000 36 444
117585 5 202
117859 6 268
118006 36 712
118045 12 353
120661 1 307
120717 7 197
122342 1 319
125893 13 264
127025 5 233
127413 9 677
128459 35 501
128464 30 455
128698 2 220
128867 1 615
130628 8 469
132607 6 156
133144 2 237
133976 1 258
135267 1 303
136834 9 146
137822 2 297
139017 41 709
141075 1 94
141090 1 665
142048 6 207
142148 17 220
142217 5 131
142568 11 643
142576 6 580
142582 8 484
143663 16 625
145141 7 123
145788 5 223
146214 7 262
147636 2 198
148516 2 285
148523 2 315
149225 13 185
149748 8 258
149992 4 269
151268 6 198
151758 4 466
152290 2 473
152523 3 57
152757 3 70
154598 67 1902
154909 2 292
156793 2 93
157066 16 295
157737 16 279
158132 20 476
158395 15 345
158673 2 325
158803 10 221
160038 17 272
160447 1 123
162079 8 251
162560 6 369
163932 9 254
165087 1 226
167654 4 594
168832 9 640
171118 3 563
171810 6 823
172615 3 52
175631 2 135
176645 7 289
178486 5 76
179048 12 163
179136 6 206
180372 7 231
180384 9 266
181809 24 676
183605 1 59
184712 7 245
185608 3 187
185854 7 392
185858 1 791
186064 5 62
187101 1 582
188844 2 213
189134 3 151
189667 4 566
189967 5 110
190060 21 506
190062 40 831
190287 6 257
191294 4 196
191305 5 203
191755 14 211
191818 1 102
194012 1 117
194447 10 696
194509 2 252
194512 8 478
196091 12 436
196391 45 639
197461 1 585
197784 2 112
197962 2 282
198098 2 291
199152 6 289
199854 1 71
200589 3 248
202926 11 267
204256 27 556
204671 7 277
204980 7 286
205008 27 502
205020 32 889
207808 8 200
208053 7 141
208206 2 1100
208958 1 109
211072 2 321
212317 2 74
213544 5 92
214428 8 409
219481 1 86
220256 5 97
220949 1 183
222274 2 286
222314 1 113
224432 6 694
224446 4 258
224451 27 726
224996 8 319
225879 3 61
227960 1 342
230126 2 225
230870 3 50
231998 2 50
232069 2 754
232174 5 386
232649 3 226
232656 2 127
233166 10 743
236662 1 108
237726 3 204
238239 4 155
239506 1 492
240598 1 170
241340 27 837
243633 18 734
243634 19 663
243635 12 625
243643 19 532
243646 19 491
244306 4 79
251791 1 124
255906 1 97
257183 8 108
257260 1 123
259965 6 123
260803 1 143
261448 4 114
261726 4 479
263489 7 505
263491 35 607
263503 28 1395
264221 3 66
264227 4 125
265810 93 16729
265816 78 25803
265845 89 17259
265854 101 21100
267577 137 6751
267737 1 1203
268868 9 220
269300 6 157
269553 10 263
269886 19 403
270307 7 419
270505 2 109
270867 7 621
271087 7 161
271637 17 337
271708 10 691
271714 16 264
272002 9 217
272195 14 1016
272285 5 116
272292 9 168
272310 8 179
273082 8 171
273283 6 138
274068 7 318
274281 1 1621
275524 2 116
276199 10 322
276538 2 308
279110 4 130
279421 3 136
280619 9 11500
281798 1 145
281960 6 120
282089 1 619
284171 12 292
284437 12 268
284485 8 217
284506 4 194
286131 13 382
286403 3 327
286583 1 19748
286590 6 409
286983 9 437
287274 21 328
288620 11 2027
289348 3 18428
289463 12 1189
289493 16 688
289523 2 1194
289708 13 278
289710 5 343
289884 22 837
290440 93 15196
290465 48 15747
291742 12 776
291801 6 267
291944 26 744
292044 4 1687
292364 23 541
292365 24 516
292654 12 246
292806 21 379
293333 2 140
293378 6 140
293449 11 253
293612 7 169
293714 7 201
293720 98 7581
294422 3 114
294967 11 7544
295675 6 90
295677 11 224
295780 1 285
295897 4 101
295908 12 204
295910 10 197
296039 6 95
297161 3 229
299281 11 378
299778 6 5938
303538 10 1132
303734 21 25485
304034 8 301
304769 1 2418
306193 1 238
306237 4 26903
306250 5 134
306284 2 21202
306311 5 1983
306314 3 4250
306490 10 405
306696 5 239
306754 14 355
307453 2 49380
307677 5 102
307705 11 347
307748 17 261
307760 7 161
307827 4 231
307843 1 88
308246 13 20735
308359 42 2914
308360 11 408
308363 44 1229
308364 43 1191
308450 21 490
308451 9 675
308513 25 8438
308709 4 165
308907 19 13313
308919 55 13545
308929 20 12027
308947 46 16976
308953 62 14138
308961 19 13313
308973 55 13545
308983 20 12027
309001 46 16976
309007 62 14138
309416 3 86
310407 5 156
310428 20 474
310479 2 147
311217 19 268
311295 42 1150
311993 4 118
312138 2 75
312401 16 5388
312571 8 179
312791 1 80
312912 7 129
313038 20 677
313309 13 637
313336 7 157
313422 8 155
313630 1 83
313657 1 152
313661 8 261
313743 9 447
313804 21 322
313819 1 143
313829 1 143
314093 4 193
314098 4 120
314292 4 82
314549 4 88
316305 2 139
317444 5 398
317515 5 233
320247 1 10051
322074 10 219
322075 4 231
324079 14 352
324129 12 257
324443 6 456
324538 1 327
325074 81 1439
326123 1 14885
326127 7 1789
326129 2 67196
326373 3 74
326378 13 827
326443 3 179
326871 16 2756
326872 46 1066
327087 9 2792
327122 1 16929
327123 1 16927
327384 90 19585
327394 70 22044
327407 73 18061
328884 13 176
329242 3 128
329432 7 121
329493 13 7227
329576 8 1089
329623 15 225
329751 1 87
330419 2 105
330493 2 105
330586 5 120
331121 6 131
331333 49 2122
331357 4 1318
331529 12 437
331660 16 242
331750 6 167
331751 11 190
332686 1 175
332753 1 87
332977 1 732
333449 21 248
334192 2 133
334580 11 255
335107 57 1279
336572 3 303
338421 8 327
338437 10 276
338649 1 7414
342345 3 103
342572 2 75
343811 4 388
344314 11 323
344623 5 93
345144 3 149
345970 6 199
346015 9 343
346730 12 271
346758 2 209
347029 13 238
347236 9 229
347385 5 234
347535 4 99
347719 34 1705
347720 80 3607
347761 30 3747
347779 37 2570
347837 44 63219
347838 19 6657
347869 15 47445
348796 5 209
349511 3 829
349574 67 1163
349784 21 794
349994 35 8773
350008 18 915
350009 4 421
350038 13 241
350096 13 241
350138 1 2976
350335 2 3129
350449 93 14072
350479 46 11696
350496 53 14081
352356 3 108
352689 23 526
352724 59 1893
352967 189 2555
353490 3 212
353681 4 246
354309 9 181
354371 11 233
354450 13 8639
354551 5 239
354921 8 159
354922 10 163
354971 8 160
354985 4 368
355856 41 981
356077 14 3908
356359 8 126
356799 33 1063
356956 9 184
358056 25 360
358393 44 6679
358396 25 3630
358770 3 76
358775 20 897
359111 10 569
359152 29 9815
361694 1 83
361718 4 168
361964 2 532
362449 4 202
362470 15 194
364221 2 98
364282 2 98
364385 7 130
364779 4 87
365775 2 1763
365860 8 264
365863 5 115
368827 10 490
369402 2 378
370129 10 111
370368 13 162
370986 8 153
371095 7 92
371782 19 1143
371855 4 51
371861 35 738
372016 1 2105
372406 7 14595
373043 4 143
373887 5 265
373888 12 758
373940 12 2592
374063 5 351
374358 16 670
374373 5 3397
374418 27 639
374485 35 675
374512 5 1682
374974 85 12901
374994 48 13993
375892 1 88
376661 5 155
377117 20 811
377171 6 125
377178 14 167
377391 46 1571
377546 5 705
377605 6 114
377700 7 228
377792 15 286
377817 44 2398
377861 7 228
378235 13 244
378236 6 264
378266 8 7092
378432 15 232
378560 29 691
378957 10 231
379301 20 203
379638 12 185
379716 4 115
379741 11 383
379878 11 206
380072 25 409
380195 3 191
380225 20 602
380488 7 382
380961 4 184
381272 1 124
381779 4 144
381990 21 3050
383277 1 5672
383901 5 74
384320 3 119
385445 4 1685
385596 6 407
385980 4 3649
390094 4 88
390168 6 186
390171 2 113
390486 5 195
390990 9 166
391334 6 340
391404 2 140
391552 3 86
392734 6 112
392793 7 161
393048 5 147
393126 5 87
393128 7 313
393535 27 1406
393550 5 30891
393575 62 2742
393747 1 58177
393949 2 715
393992 1 1589
393994 22 1493
394026 94 1529
394027 84 1265
394028 27 390
394120 48 767
394192 48 2619
394898 15 26758
395242 79 23266
395584 31 8890
395585 107 30629
395609 8 197
395610 42 843
395634 24 920
395640 1 17885
395724 18 913
395755 13 459
395766 9 232
396066 55 1619
396187 30 471
396258 74 38258
397492 1 605
397554 2 221
400564 9 1014
403648 2 255
403650 8 116
404812 28 632
408377 3 816
409122 4 264
411003 3 107
411072 9 1057
411319 1 621
412273 3 114
420821 5 324
423800 1 990
427511 1 148
427766 6 839
428269 9 410
432096 1 216
432465 12 732
439580 13 450
440621 4 659
440661 16 718
444731 4 584
445089 2 160
445958 12 448
447027 1 69
447051 17 654
447141 32 1110
448661 4 165
450243 7 102
453091 16 564
453139 7 543
457336 16 421
457439 19 476
457558 8 695
459239 9 847
460167 1 78
460395 4 89
460641 4 124
467985 7 536
469565 1 876
470330 3 246
473234 1 185
475441 2 209
478146 2 247
480238 10 248
482649 5 102
484090 4 83
484345 6 101
488207 3 330
489843 2 83
491239 11 624
498486 3 89
502481 4 120
503189 3 113
505269 9 468
511891 1 85
512502 1 87
514232 1 71
515932 5 119
516211 4 102
517938 14 722
521123 3 86
