33 1 19382
1646 1 55438
2223 2 464
4338 2 16989
7287 1 322
7525 1 383
8780 4 348
9166 3 17203
10377 4 537
10406 1 781
10445 12 442
11742 4 587
12985 10 7361
14824 3 404
16643 1 3816
18084 32 497
18085 7 454
18094 1 294
18589 1 264
18704 2 445
18713 5 444
19049 1 454
20610 1 2790
21459 20 16007
21614 1 32241
23210 1 562
23254 2 419
26165 3 347
27303 2 647
28845 2 418
28846 2 328
29646 2 616
30081 1 360
30084 1 270
30085 2 278
30901 6 6266
36453 1 386
36548 4 400
36556 34 13014
36802 16 29903
38688 5 2505
40031 2 565
40359 8 4913
41663 6 339
41664 5 414
41678 1 457
41681 1 212
43707 3 349
44054 1 481
45006 6 6265
45573 3 383
45576 3 455
46917 10 10490
47642 7 11472
47786 17 2387
51331 14 184510
52214 6 64459
53994 2 4216
54031 6 207
54905 1 438
55371 50 52248
55596 4 524
55597 1 425
55614 3 753
57033 1 217
57190 1 44
57931 2 1011
60671 4 859
62256 1 133
62502 1 148
63386 2 264
63758 3 37
63944 1 317
64622 1 130
65267 4 627
67429 2 34
67433 2 34
67934 1 406
70326 4 489
74220 1 858
76662 6 2416
76949 1 212
77187 3 1202
78871 1 346
79363 1 559
80993 1 212
82697 5 631
85105 1 619
85557 1 288
86111 1 517
86164 1 547
86383 2 36
87286 1 254
88916 1 23796
89115 1 12804
89508 1 66
90787 1 534
93096 1 449
94498 2 795
96008 3 163
96102 3 104
99170 3 38
99213 3 52
100294 2 30
100796 2 959
107447 16 365
107508 1 471
109214 2 25
110236 1 136
111541 1 229
112113 1 472
113973 1 91
116118 1 33
116793 1 2075
117158 1 563
121582 1 303
121880 1 74
122765 1 782
124777 1 448
125952 3 39
128709 3 350
128715 3 406
128808 4 125
137118 3 205
138073 1 84
139098 2 295
139544 2 184
139594 1 50
141231 3 57
143113 3 68
145824 4 748
147400 1 443
149150 2 63
150007 3 65
151844 1 493
154971 4 482
156134 1 299
156983 1 271
159309 2 47
161568 18 669
163109 2 74
163211 1 101
163324 1 543
163913 3 41
166422 2 41
170872 2 37
171658 2 584
173643 3 343
174074 3 48
174729 1 186
174974 1 534
175793 1 423
176248 1 442
176918 1 49
177291 2 582
177901 1 221
180050 1 193
180600 2 50
180941 3 274
182434 1 446
183360 1 146
183366 1 184
185093 3 53
186147 3 519
186196 2 2567
188309 20 379
188524 2 41
191064 1 196
192439 3 360
196123 1 462
196791 6 195
202092 2 68
203544 3 105
203607 1 51
204350 1 549
204518 1 738
204734 1 730
205648 3 56
209106 3 49
209116 3 59
209160 1 164
209959 3 57
210125 1 530
211214 1 508
212567 1 234
213062 1 266
214512 2 636
215605 1 45
216258 2 579
216898 2 70
216913 2 428
217573 1 188
218693 2 664
219032 3 534
219439 1 54
219476 1 187
219709 3 46
219988 1 73
221438 2 433
223045 5 542
223478 1 755
225097 2 566
225289 2 326
230816 3 429
231740 1 207
232175 2 418
233461 1 440
234215 1 64
236142 1 526
237494 2 204
240341 22 1212
242090 1 168
242484 1 482
243791 3 40
245776 1 478
246316 1 781
247208 1 503
247995 6 648
249224 1 637
249456 2 272
250087 3 93
250325 7 6286
250453 4 641
252286 2 53
252287 1 51
252478 1 324
253479 1 84
255433 1 515
257666 1 587
257671 1 885
258175 1 543
260972 5 5560
261085 2 651
261338 2 55
262727 2 406
263485 2 537
264154 3 596
265810 5 16729
265816 3 25803
266612 1 545
267800 1 135
268824 2 595
269697 1 751
269989 3 327
275022 1 69
277205 6 1154
280619 1 11500
282101 1 338
286260 4 701
286378 2 2529
286583 5 19748
288874 1 2083
290153 1 914
290686 4 505
290984 1 210
291133 1 91
291575 1 161
291713 1 122
292178 1 1517
292784 1 339
293539 1 1146
294967 4 7544
296255 1 174
298732 1 203
300595 1 829
301536 1 500
301865 44 18367
303734 2 25485
306237 13 26903
307453 9 49380
308186 5 36306
308855 3 3415
308859 5 5677
308947 9 16976
309001 9 16976
310420 2 634
311393 1 376
311609 4 3999
316772 1 649
317348 1 456
320248 1 13098
320475 1 141
323170 1 500
326123 1 14885
326129 70 67196
327122 5 16929
327123 5 16927
327349 4 8654
327384 1 19585
327394 2 22044
327407 6 18061
327882 1 351
328304 1 77
328506 5 4280
328625 1 2274
328764 4 94
329163 2 317
329226 2 8776
331432 1 8083
336719 2 6871
341356 1 90
347303 1 154
347837 9 63219
347869 2 47445
352602 1 604
352626 3 7519
352976 1 682
353220 1 196
354042 2 3333
354238 3 3820
354450 4 8639
354882 1 58
357799 3 2219
359152 1 9815
359278 1 107
359830 2 219
359900 1 175
362170 10 788
362722 1 159
366259 1 319
367178 1 122
367386 1 122
371872 1 594
372294 1 1091
372357 3 2359
372406 1 14595
373834 13 44460
374014 8 80805
374175 1 651
374946 1 672
375294 1 277
375893 1 292
376287 4 510
376386 3 9418
377090 4 471
378326 1 172
378537 1 198
379105 1 239
380254 1 80
380547 3 4345
381661 4 465
383934 6 1779
384437 1 493
384833 1 1077
393550 11 30891
393555 24 1492
393626 2 1054
393747 1 58177
394005 1 447
394203 34 1649
395640 6 17885
396258 1 38258
396451 1 71
396640 2 352
396766 3 485
397058 2 492
397239 4 731
397458 2 424
397480 9 172
397488 1 617
397578 5 1004
397617 3 203
397858 3 388
397882 1 484
397954 3 608
397986 2 281
398197 2 318
398243 1 343
398285 1 74
398354 1 94
398356 1 55
398546 1 1060
398678 2 306
398697 1 376
398939 1 293
399305 6 1405
399337 1 76
399498 1 354
399689 2 684
399868 2 565
400434 1 123
400475 2 317
400751 1 135
400772 3 823
400996 2 815
401058 1 502
401119 1 932
401129 1 529
401137 1 106
401164 1 283
401179 1 80
401198 4 448
401280 1 405
401679 3 627
401687 2 1279
401860 19 486
401888 2 78
401921 2 443
402020 3 455
402051 4 94
402288 1 450
402361 11 844
402383 3 489
402651 5 818
402867 1 238
403185 1 855
403219 2 61
403229 2 624
403389 3 585
403472 1 265
403724 4 911
403863 1 255
404174 1 71
404500 2 212
404524 1 192
404565 1 112
404573 1 1164
404602 1 120
404791 1 248
404989 1 449
405023 1 623
405149 1 92
405361 1 649
405716 1 451
405718 3 598
405963 2 419
406287 1 444
406969 10 1875
407072 4 527
407285 1 792
407313 1 46
407346 6 682
407469 1 239
407471 1 501
407848 1 489
407881 1 481
407993 2 93
408164 8 2548
408198 2 478
408234 1 107
408235 1 70
408291 1 287
408505 12 2987
408641 9 115
408715 3 900
408806 3 468
409006 2 335
409061 1 46
409150 1 548
409151 1 944
409391 1 427
409472 1 128
409475 1 54
409542 1 443
409670 3 284
409721 2 279
409729 2 91
409767 2 828
409947 1 57
409970 4 941
410069 2 282
410223 1 662
410277 3 121
410310 1 53
410339 1 169
410541 1 64
410679 33 440
410810 1 580
411101 8 997
411247 2 1168
411325 1 68
411332 3 612
411876 1 123
412067 2 144
412069 1 51
412140 2 364
412201 1 799
412346 1 1061
412379 3 174
412566 1 168
412636 1 444
412779 3 319
412862 1 432
413110 1 111
413293 1 180
413295 1 71
413307 2 726
413311 2 467
413312 2 404
413434 35 2936
413463 1 61
413495 3 581
413553 3 1377
413587 5 827
413666 5 72
413936 1 1191
413937 6 275
414029 1 174
414044 2 1189
414168 1 287
414267 32 1128
414488 1 82
414492 1 147
414497 1 423
414569 2 734
414575 7 391
414654 2 399
414935 1 779
414951 1 100
415054 1 491
415094 3 353
415096 7 265
415111 1 139
415654 4 1727
415736 13 490
415840 7 1759
416203 1 39
416216 1 360
416264 1 398
416354 3 64
416380 1 108
416412 2 139
417043 1 49
417112 2 540
417298 1 160
418135 1 534
418243 3 797
418315 1 73
418407 1 461
418630 1 598
418660 3 486
418734 1 419
418774 1 828
418808 1 102
418836 1 620
419073 1 632
419123 1 643
419130 1 603
419221 1 733
419340 3 767
419372 2 355
419753 3 475
419792 3 372
419829 1 249
419922 1 528
419970 1 90
420142 1 387
420356 1 87
420504 1 231
420505 5 862
420506 1 127
420704 1 99
420730 2 1454
420810 2 453
420870 10 501
420894 3 173
421070 2 1857
421107 2 388
421171 2 135
421182 1 334
421184 5 1006
421460 1 527
421509 2 2731
422309 1 294
422378 4 337
422619 2 453
422628 1 66
422668 1 617
422783 5 438
422905 2 683
422930 2 253
423054 10 1295
423093 2 258
423223 12 1496
423224 6 339
423351 1 530
423462 1 187
423597 3 482
423696 1 324
423700 3 594
423957 3 1026
424012 1 173
424202 1 142
424219 6 756
424228 1 551
424731 9 534
424778 2 305
424899 3 535
424918 1 297
424927 1 137
424988 1 99
425133 5 979
425224 2 472
425227 1 115
425380 1 334
425704 4 72
425931 8 809
426015 1 382
426061 5 1520
426128 1 606
426208 2 565
426249 2 1066
426335 2 359
426341 2 199
426452 1 663
426481 3 61
426687 1 252
426702 3 355
426893 3 316
427180 2 315
427423 10 1433
427433 1 328
427455 2 787
427474 1 390
427545 1 198
427743 1 55
427854 2 825
428104 6 796
428165 2 405
428257 3 314
428524 1 456
428526 1 55
428540 2 90
428633 1 777
428661 5 465
428699 3 1151
428781 2 245
428891 9 477
428940 1 407
429243 1 104
429440 1 537
429496 3 280
429559 2 265
429643 2 477
429706 9 335
430048 1 517
430164 1 481
430200 1 528
430234 2 152
430578 1 246
430632 1 197
430864 1 81
430995 1 126
430998 5 1277
431057 1 598
431091 1 170
431143 3 120
431392 1 815
431641 2 212
431797 11 1682
432104 2 72
432136 1 87
432173 2 682
432182 1 221
432445 1 221
432501 1 793
432604 1 77
432619 9 240
432630 3 130
432794 3 539
433003 1 394
433091 1 115
433609 7 843
433637 4 501
433670 1 339
433699 1 100
433723 1 1231
433754 2 152
433760 2 620
433918 13 2554
433946 2 387
434033 2 466
434058 1 999
434383 4 215
434663 1 132
434773 3 505
434969 1 682
435057 1 864
435261 1 50
435370 4 442
435388 1 227
435479 2 1258
435492 1 96
435556 2 354
435662 2 750
435741 2 877
435818 2 342
436032 1 140
436169 3 376
436558 2 148
436692 1 277
436892 2 768
437168 1 434
437477 1 751
437511 2 5147
437610 3 103
437670 1 132
437688 1 241
437928 5 1235
437943 2 442
437974 1 66
437983 1 400
438020 2 329
438407 2 831
438443 1 80
438541 6 489
438636 6 509
438643 3 312
438820 2 507
438833 2 627
438893 8 1775
438897 4 2006
438917 6 2901
439000 1 116
439476 2 347
439481 1 172
439722 2 351
439725 1 131
439727 1 141
439742 1 689
439916 1 649
439958 1 55
440001 1 398
440257 1 157
440268 4 643
440299 1 875
440310 1 116
440548 3 267
440629 3 101
440738 2 374
440807 3 110
441320 2 89
441349 3 308
441425 1 610
441539 2 886
441562 7 484
441563 4 69
441578 2 2452
441937 1 109
441941 2 112
441977 1 816
442019 6 549
442053 1 345
442066 3 706
442080 4 393
442255 1 226
442303 1 464
442473 2 449
442512 2 402
442547 1 176
442715 2 366
442760 3 432
442787 1 377
442796 1 133
442852 2 287
443071 4 116
443115 1 124
443168 7 1191
443177 1 493
443184 6 867
443204 1 112
443209 1 569
443213 1 39
443603 2 215
443961 1 49
443964 4 2765
443984 3 803
444001 1 183
444016 1 339
444028 1 403
444138 4 2782
444221 4 372
444238 1 619
444265 1 628
444296 1 54
444385 3 737
444539 1 597
444564 4 517
444571 4 843
444704 1 359
444709 3 1024
444854 3 1117
444857 1 93
444879 5 562
444891 1 406
444942 1 181
445225 5 635
445378 3 463
445457 1 1113
445643 1 600
445676 1 507
445698 4 433
445723 2 848
445724 1 412
445767 10 1123
446098 1 51
446149 1 47
446223 4 411
446273 6 686
446401 1 204
446512 7 318
446548 1 670
446689 1 136
446693 1 537
446723 12 426
446902 1 799
446912 11 898
446918 1 456
447039 4 378
447260 1 296
447302 2 473
447351 2 1951
447545 2 862
447825 1 427
447991 2 177
448020 1 447
448068 1 124
448143 3 1084
448650 2 122
448787 1 262
448790 1 650
448848 1 1077
448882 3 279
448988 1 74
449116 11 856
449245 1 130
449332 7 525
449636 1 722
449746 5 1495
450290 6 747
450338 1 340
450562 2 97
450625 9 1162
450695 4 1084
450732 1 622
450781 1 646
451228 1 1048
451322 2 96
451499 1 172
451752 1 139
451756 2 854
451935 2 1078
452232 1 93
452363 4 68
452665 2 96
452666 2 103
452715 1 60
452724 1 207
452735 1 437
453267 2 474
453320 1 289
454151 1 715
454418 1 512
454567 1 625
454640 6 734
454732 2 727
455061 2 39
455228 1 784
455229 2 137
455626 1 132
455681 2 262
455697 1 628
455844 1 588
456025 2 43
456344 1 106
456747 5 1494
456774 2 579
456867 5 2266
456902 5 362
456975 3 853
456990 2 518
457032 5 56
457034 3 555
457087 1 215
457089 2 147
457252 4 321
457336 1 421
457342 1 423
457535 1 244
457565 1 164
457603 4 476
457879 4 608
458005 1 454
458009 1 94
458028 5 608
458038 1 205
458069 1 358
458115 1 70
458285 5 597
458299 2 135
458305 1 590
458477 3 559
458503 2 218
459137 3 544
459181 10 451
459275 1 733
459344 1 758
459576 2 711
459727 1 388
460018 5 491
460331 2 66
460459 1 141
460531 1 520
460544 1 188
460682 1 734
460760 1 626
460881 9 831
461076 3 588
461118 3 573
461157 1 157
461306 4 522
461583 1 440
461809 1 598
461834 2 542
461906 2 490
462000 1 330
462001 1 810
462599 4 140
462645 2 338
462748 2 582
462947 3 42
463212 3 300
463860 1 540
464025 8 835
464050 3 710
464056 1 92
464161 1 556
464391 1 92
464556 1 127
465215 3 121
465296 1 475
465322 1 650
465844 2 328
465852 1 540
466186 3 204
466241 1 599
466316 1 524
466350 9 803
466402 5 1217
466642 1 928
466668 3 219
466752 2 516
467269 4 856
467368 17 692
467754 4 435
467804 3 618
467827 4 829
467894 1 321
467896 4 290
467927 1 462
467932 2 500
468034 3 389
468035 3 599
468052 1 551
468101 2 95
468384 2 515
468402 1 137
468461 1 271
468860 3 1288
468875 1 165
468972 17 884
469068 1 361
469160 5 162
469230 1 304
469334 2 349
469421 1 741
469478 1 89
470495 4 397
470540 3 169
470542 2 545
470602 1 692
471224 1 264
471230 2 174
471268 6 330
471282 1 734
471389 2 566
471396 1 56
471403 14 3677
471408 2 72
471464 1 1263
471492 1 145
471542 1 100
471552 7 713
471685 1 647
471748 4 895
471768 1 590
472345 2 283
472363 1 422
472372 1 74
472542 2 778
472754 1 581
472800 1 914
472864 5 819
472880 2 481
472941 7 988
472948 2 253
473135 1 451
473235 3 786
473311 1 119
473419 1 239
474013 1 744
474087 1 327
474127 3 1077
474261 4 275
475106 3 79
475248 3 425
475416 1 427
475430 1 189
475431 15 423
475450 1 223
475658 1 111
475918 2 122
476042 2 484
476098 2 365
476120 2 855
476364 1 1484
476484 3 497
476491 2 726
476614 5 126
476707 2 558
476835 1 75
476838 1 545
476984 1 413
477364 3 458
477386 1 463
477459 1 89
477633 3 792
477636 7 719
477839 1 529
477918 4 1233
477933 1 96
478298 3 546
478616 2 617
478699 1 117
478702 2 138
478759 1 235
478792 5 606
478829 2 628
478957 2 55
479029 3 1092
479059 2 593
479161 2 447
479257 3 480
479863 1 380
479869 2 114
480034 1 102
480041 1 131
480113 1 393
480510 4 1198
480890 2 582
480979 2 557
481141 1 112
481260 4 364
481263 4 623
481323 3 684
481373 2 97
481672 1 112
482112 1 361
482150 5 498
482153 8 673
482172 14 1136
482395 1 111
482465 1 334
482682 4 575
482755 1 700
482787 1 533
482837 1 38
483034 12 1688
483340 1 495
483379 1 40
483759 6 2593
483761 5 2997
484002 3 771
484196 3 700
484200 1 673
484224 4 1607
484294 3 1133
484352 8 1054
484400 12 806
484626 8 532
484681 5 840
484883 2 566
485130 1 129
485136 7 269
485223 2 231
485427 1 204
485454 2 95
485609 1 382
485633 7 74
485723 2 239
485864 4 424
486112 1 428
486149 2 366
486286 1 541
486336 1 494
486404 1 716
486439 3 580
486457 2 257
486622 2 348
486744 4 702
486886 1 362
487039 1 596
487306 1 544
487332 4 1120
487386 2 544
487520 1 1432
487638 1 914
487662 4 152
487788 2 115
487794 3 211
488164 4 394
488171 1 181
488226 2 184
488388 3 307
488555 2 390
488588 3 102
488672 1 430
488751 1 653
488913 7 1178
488917 4 948
488923 2 527
489122 5 860
489473 2 375
489613 1 715
489699 2 88
489741 3 307
489758 2 105
489824 2 1737
489931 1 171
489993 1 100
490032 4 683
490036 2 597
490037 6 654
490195 1 352
490609 4 125
490621 1 509
491014 1 44
491138 6 729
491167 3 579
491511 8 1629
491569 1 515
491941 1 96
492067 2 371
492190 1 81
492408 1 896
492429 2 441
492595 2 585
492640 1 119
492776 2 377
492810 1 845
493197 1 347
493281 3 305
493377 3 735
493644 3 468
493912 1 474
493915 6 1820
493986 1 722
494036 3 156
494366 4 554
494818 4 498
494924 1 259
494925 1 163
494985 1 424
495155 4 362
495454 1 64
495595 1 159
495800 1 426
496021 1 31
496025 1 90
496181 3 635
496245 4 301
496249 2 934
496381 4 875
496383 1 436
496422 3 372
496538 1 54
496625 27 1551
496706 4 483
496826 4 521
496841 1 191
496924 1 66
497013 9 2261
497041 2 138
497126 21 744
497259 1 439
497274 2 615
497445 9 716
497621 3 631
497839 2 457
497844 1 147
497859 2 499
498023 1 411
498046 5 946
498242 2 688
498246 1 459
498259 1 630
498499 2 561
498597 3 1130
498680 2 281
498739 1 163
498986 1 162
499116 2 717
499123 1 988
499126 22 867
499186 4 283
499421 2 778
499470 1 598
499575 1 460
499584 1 820
499628 3 408
499721 1 262
499945 1 721
499954 1 141
499996 1 405
500262 2 211
500283 2 621
500422 1 134
500521 1 409
500533 5 639
500706 1 141
500757 1 52
500877 2 571
501494 4 1078
501557 1 228
501645 4 63
501749 1 48
501879 4 638
501890 2 168
502221 4 239
502326 1 496
502327 2 511
502539 2 413
502863 1 326
503112 2 513
503124 1 55
503125 1 56
503219 1 124
503612 1 352
504031 2 1226
504304 1 774
504326 2 516
504458 8 3157
504460 3 140
504640 8 403
504929 1 1000
505052 1 266
505059 2 121
505207 1 241
505614 2 569
505690 2 181
505977 1 363
506014 2 637
506016 2 3702
506500 1 473
506545 1 129
506632 2 354
506727 2 625
506733 1 492
506780 2 871
506805 1 1379
506835 1 655
507027 1 156
507028 1 78
507098 5 414
507112 5 53
507155 3 74
507259 1 1103
507295 2 565
507472 4 721
507623 1 217
507740 1 213
507828 7 1072
507915 1 1398
507956 2 287
508422 1 92
508457 1 226
508635 4 589
508694 1 3813
508762 1 269
508806 1 340
508934 6 1162
509367 1 238
509583 3 1064
509734 2 62
509761 3 462
509764 2 508
509912 24 803
509988 1 642
510116 2 1198
510141 2 728
510150 3 566
510358 2 485
510799 1 123
511089 1 73
511133 1 129
511209 1 258
511245 5 461
511302 1 155
511312 1 131
511482 1 528
511539 1 51
511852 6 1668
512140 1 102
512284 1 316
512313 2 126
512446 1 137
512510 1 169
512513 1 809
512631 2 550
512653 10 577
512739 2 1108
513370 1 704
513922 2 557
513950 1 417
513973 1 118
513976 1 151
513993 2 317
514000 1 461
514021 2 537
514170 1 376
514174 2 144
514182 2 289
514301 1 122
514317 1 600
514341 2 513
514846 1 249
514849 1 787
515014 2 749
515165 2 684
515235 1 92
515263 3 683
515435 2 889
515584 2 724
515675 1 213
515683 1 397
515809 1 128
515845 2 1890
516088 2 73
516152 1 142
516176 1 807
516348 1 102
516604 2 122
516631 4 303
516653 5 461
517522 1 90
517643 2 216
517704 2 1546
517765 1 562
518087 7 735
518112 5 598
518160 1 136
518222 6 81
518285 2 216
518855 3 533
518872 1 59
519009 6 1039
519177 2 222
519186 1 372
519328 2 458
519775 2 107
519897 9 1891
519991 2 317
520016 4 696
520037 1 148
520135 3 279
520167 1 78
520349 5 2481
520440 8 384
520442 1 808
520462 2 488
520506 4 552
520718 5 1143
520771 1 478
521291 1 130
521362 1 826
521482 1 207
521525 1 138
521619 1 424
521630 4 1021
521703 3 727
521732 5 1010
521746 1 124
521947 1 387
522574 3 710
522800 9 387
522851 1 404
522882 4 438
523072 1 672
523100 4 200
523135 1 1635
523204 1 506
523334 3 1043
523452 1 1176
523549 1 42
523664 5 1048
523726 2 98
523775 1 946
524283 1 390
524428 1 503
524449 3 348
524663 3 205
524769 1 497
524855 4 307
524903 1 133
525191 2 330
525250 1 340
525467 2 240
525485 5 220
525530 2 671
525584 1 58
525606 5 2915
526104 10 849
526172 1 195
526331 2 54
526400 4 940
526468 1 120
526637 1 542
526716 1 355
526943 3 459
527137 1 294
527372 2 259
527407 2 890
527656 4 701
527998 2 599
528013 8 1503
528015 2 464
1909 5 436
1918 40 575
2180 5 359
2223 2 464
4338 118 16989
4532 22 456
4549 9 340
7267 14 478
7276 16 486
7285 1 241
7287 13 322
7525 1 383
8888 3 443
9166 2 17203
10377 10 537
10406 10 781
10445 3 442
11742 5 587
12821 3 466
12985 8 7361
16643 17 3816
16655 14 488
16657 4 502
18084 5 497
18085 1 454
18419 9 554
18704 2 445
18713 3 444
19049 14 454
22905 7 292
23210 22 562
23217 20 531
23254 5 419
23478 3 528
23480 4 649
23482 3 215
25159 15 233
26165 11 347
27303 31 647
27554 1 415
28575 2 355
28845 2 418
28846 4 328
29153 6 314
29646 4 616
30076 5 390
30081 3 360
30083 6 370
30084 13 270
30085 4 278
30086 4 360
30092 10 372
30093 2 226
30094 8 255
30095 12 281
30096 17 281
30097 16 296
30098 15 382
30446 1 12899
30901 2 6266
31089 3 274
31090 5 432
33877 1 135
36453 1 386
36556 9 13014
36668 46 595
36802 8 29903
38688 3 2505
38735 1 306
39175 1 404
39177 8 637
39623 6 441
39808 1 478
40031 3 565
41664 1 414
41678 5 457
41681 2 212
43707 1 349
44053 5 460
44054 4 481
44055 4 625
45006 2 6265
45963 7 540
46016 4 511
46249 1 335
46250 7 358
46477 8 408
46479 5 465
47642 1 11472
47786 2 2387
48968 1 278
49962 3 259
51331 9 184510
51410 16 492
52214 2 64459
53025 44 641
53027 29 518
53994 3 4216
54905 3 438
55371 1 52248
55596 3 524
55597 3 425
55605 1 194
55609 15 485
55614 2 753
56431 3 30
57033 7 217
57740 11 405
57931 4 1011
58463 11 487
58977 8 610
59988 3 41
60427 23 401
60671 5 859
60905 29 801
62502 3 148
62670 61 948
62720 12 170
62856 27 485
62857 21 327
62858 110 1524
63944 20 317
64622 4 130
65267 6 627
66539 9 208
66859 10 138
66993 11 175
67737 4 39
67934 2 406
69793 9 105
70179 5 52
70326 7 489
70335 7 122
70355 1 98
70702 12 223
71671 20 549
74220 12 858
74221 1 189
74464 2 89
74743 2 42
75248 7 365
75692 1 178
76031 9 454
76662 25 2416
76949 4 212
76960 26 368
77093 19 358
77102 2 28
77130 7 444
77187 3 1202
78200 9 76
78334 10 204
78871 16 346
79170 34 632
79363 1 559
79664 20 666
79764 11 231
80344 7 48
80893 3 196
80993 8 212
81037 16 260
81422 3 1068
81768 4 100
82500 2 30
82577 12 214
82697 1 631
83353 3 32
84762 14 330
84777 4 53
84966 23 376
84992 9 153
85105 2 619
85557 1 288
85588 16 636
85775 22 374
86111 4 517
86164 1 547
86344 18 237
87286 1 254
88275 21 459
89508 1 66
90282 18 245
90787 2 534
93096 2 449
93498 29 620
93504 10 293
93581 3 32
93856 3 447
94610 3 38
94864 5 509
95871 54 761
95983 12 120
96008 5 163
96102 2 104
96163 9 121
96505 1 141
97026 15 217
97159 17 500
97564 9 117
98343 30 975
98506 13 437
98769 6 237
99409 1 73
100786 4 122
100796 42 959
101344 55 995
101358 26 427
101396 25 380
101460 12 308
107447 2 365
107508 11 471
107903 8 157
108511 2 184
110236 1 136
111000 39 657
111084 3 63
111343 6 371
111541 10 229
112113 11 472
112382 19 557
112732 13 286
112872 25 440
113012 5 145
113117 2 366
113973 2 91
114318 11 466
114335 6 390
115620 3 150
116682 17 207
116793 77 2075
116795 32 494
116797 46 593
116963 1 94
117158 1 563
118406 68 968
121582 5 303
121880 1 74
124242 2 38
124777 2 448
125351 7 80
125382 17 185
127912 4 71
128709 3 350
128715 4 406
129266 8 575
130709 10 243
130855 10 236
135497 4 45
135524 3 212
135536 3 212
135949 4 66
137739 10 318
137741 1 270
139043 3 61
139098 11 295
139544 2 184
140954 7 180
141231 1 57
143534 13 162
144318 11 302
145061 10 482
145533 2 88
145534 4 78
145824 7 748
146018 3 123
146617 7 299
146625 7 187
147164 7 150
147166 6 222
147400 1 443
148977 10 189
149150 1 63
149431 10 427
149994 2 274
150005 1 254
150984 7 294
151767 22 527
151844 1 493
151872 3 417
151949 45 807
153043 1 150
153412 12 661
154098 12 221
154971 2 482
155024 13 411
155081 3 282
155194 20 596
155433 5 245
155971 3 372
156134 5 299
156521 4 198
156983 7 271
157949 3 610
159529 16 222
159800 8 635
160295 20 172
160644 15 512
162332 8 131
163211 2 101
163321 50 789
163324 4 543
163408 4 595
163749 6 248
164882 1 91
166422 1 41
166786 3 283
167780 6 194
167865 2 51
168426 12 335
168478 5 494
168479 2 224
169042 22 574
170675 3 198
171658 1 584
172801 4 75
173881 1 55
174506 5 201
174729 6 186
174974 16 534
174991 4 274
175793 1 423
176248 6 442
176926 11 211
176955 6 247
177094 17 279
177291 36 582
177547 1 151
177605 7 93
177901 4 221
179437 4 138
179693 6 699
180050 10 193
180941 2 274
181160 2 67
182431 10 217
182434 21 446
182437 28 516
182689 11 323
182749 15 262
182893 1 140
183360 5 146
183366 8 184
184337 2 195
186147 15 519
186149 22 495
186157 18 353
186158 21 409
186196 119 2567
186198 61 1016
186421 24 273
186743 10 177
187366 4 636
188309 1 379
188599 2 50
189319 5 182
189680 12 355
189735 4 142
190473 3 93
191064 3 196
191794 4 170
192439 14 360
192875 13 591
193349 12 246
193940 4 69
196123 5 462
196781 9 135
198046 19 311
200063 4 74
201024 1 158
201840 16 227
202084 7 167
202897 6 78
203131 6 100
203133 1 235
203794 4 62
204350 8 549
204483 12 496
204518 8 738
204734 30 730
204936 3 66
205233 2 89
206659 3 183
208219 2 469
208311 4 75
208313 23 493
209147 13 549
209160 1 164
209350 2 244
209498 5 284
209578 4 278
209619 3 383
209720 2 149
210125 29 530
211050 13 246
211214 9 508
211283 6 321
211733 5 128
212251 1 265
212254 7 351
212567 9 234
213062 2 266
214230 1 74
214512 2 636
216258 37 579
216913 1 428
216995 28 564
217153 9 404
217573 9 188
218693 1 664
219032 19 534
219453 49 584
219476 4 187
220470 9 280
220551 8 380
221438 1 433
221738 8 91
221746 15 175
223365 2 528
223478 10 755
225097 7 566
225289 2 326
226968 3 458
227335 9 360
228248 1 345
228471 1 298
230816 25 429
231717 8 259
231740 2 207
231987 5 285
232175 2 418
233461 1 440
233481 52 883
235149 2 214
235506 10 721
236142 15 526
236915 8 101
236919 19 270
237130 1 112
237494 8 204
239040 2 57
239497 1 136
239690 9 237
239726 7 290
239732 7 107
240341 1 1212
241424 1 502
242447 12 212
242484 1 482
242699 11 204
243802 2 121
244078 2 41
244332 6 233
244508 18 184
244747 3 231
246316 3 781
246332 47 765
247208 21 503
247586 9 574
247995 1 648
249125 17 276
249224 1 637
250325 2 6286
250453 3 641
251800 10 303
252435 17 403
252476 36 567
252478 21 324
252480 24 176
252482 22 323
252486 22 396
252490 15 235
252491 23 513
252493 24 331
252494 51 463
252545 3 248
255071 4 566
255073 5 362
255690 6 597
257666 19 587
257667 11 465
257671 52 885
258175 1 543
259310 3 234
259561 2 82
260577 3 43
260972 143 5560
261085 1 651
261432 6 302
261433 3 152
261437 3 221
262727 2 406
262728 4 323
263485 1 537
264154 3 596
265810 1 16729
265816 10 25803
265854 4 21100
265994 1 2146
266612 5 545
267427 12 181
267523 10 507
267766 9 308
267851 7 436
268389 14 326
268824 6 595
268892 4 189
268921 6 720
269536 23 1197
269697 62 751
269989 3 327
271333 6 105
273786 1 156
274036 6 2768
275022 3 69
276740 1 644
277205 3 1154
280619 10 11500
282101 1 338
286260 4 701
286378 32 2529
286583 5 19748
288874 3 2083
290153 5 914
290256 1 30074
290403 2 112
290686 6 505
290903 3 107
290984 8 210
291133 4 91
291575 5 161
291627 10 161
291713 5 122
291884 5 772
291910 1 106
291952 5 437
292178 8 1517
292429 7 484
292498 2 268
292499 18 651
292784 16 339
293539 1 1146
294488 1 158
294967 8 7544
298732 1 203
300595 1 829
300982 1 3200
301536 3 500
301865 49 18367
303734 26 25485
304333 1 140
306139 1 5267
306237 1 26903
307096 3 263
307453 7 49380
308186 4 36306
308187 3 51551
308855 6 3415
308859 4 5677
308947 1 16976
309001 1 16976
310420 6 634
310861 15 783
310862 1 187
310863 2 223
310980 15 303
311393 20 376
311513 1 339
311609 3 3999
312341 7 441
316196 1 322
316772 20 649
317348 3 456
320247 3 10051
320248 6 13098
320475 1 141
323170 3 500
326123 7 14885
326129 68 67196
327122 2 16929
327123 2 16927
327349 1 8654
327384 4 19585
327394 4 22044
327407 1 18061
327882 4 351
328310 3 448
328625 5 2274
328764 2 94
328901 3 152
329163 13 317
329226 12 8776
329344 5 221
329349 1 132
329394 6 352
329569 17 7587
330071 8 209
330490 3 292
330594 8 271
331331 4 213
331432 18 8083
331452 2 179
333485 2 161
336311 6 1661
336719 15 6871
347628 2 298
347837 2 63219
350585 2 323
351803 5 192
352099 1 189
352240 1 129
352419 14 160
352626 12 7519
352705 23 1432
352976 24 682
353100 14 910
353187 3 326
353220 1 196
353365 17 1557
353541 15 1648
353543 2 333
353544 1 310
353545 40 1450
353547 3 389
353548 8 202
353626 6 134
353793 11 1127
354042 13 3333
354238 102 3820
354240 29 1402
354450 13 8639
354905 1 266
357799 19 2219
359152 7 9815
359278 2 107
359830 11 219
359900 1 175
362170 2 788
362722 1 159
366259 6 319
367178 1 122
367386 1 122
371872 2 594
371883 5 3015
372294 20 1091
372357 4 2359
372406 46 14595
372851 11 379
373834 1 44460
374014 1 80805
374175 5 651
374217 2 391
374457 2 363
374946 11 672
375294 1 277
375673 1 137
375893 1 292
376287 9 510
376386 11 9418
376586 22 1331
377090 4 471
378050 4 942
378204 9 185
378326 7 172
378328 1 471
378537 3 198
378538 9 509
379105 7 239
379112 11 243
379591 3 285
380254 1 80
380547 25 4345
381661 1 465
383417 4 292
383934 7 1779
384437 3 493
384833 1 1077
393550 4 30891
393555 5 1492
393581 11 492
393626 73 1054
393627 129 2838
393628 11 396
393629 6 327
393747 9 58177
394005 1 447
394203 11 1649
394745 13 663
395640 79 17885
396258 2 38258
396451 4 71
396599 28 1210
396640 16 352
396766 3 485
396869 12 480
397058 17 492
397239 5 731
397458 25 424
397488 30 617
397578 26 1004
397617 9 203
397858 1 388
397882 3 484
397954 20 608
397956 2 113
397986 2 281
398197 5 318
398243 5 343
398354 7 94
398356 2 55
398546 45 1060
398678 4 306
398697 22 376
398754 33 805
398939 23 293
399305 13 1405
399498 18 354
399689 1 684
399832 18 412
399868 16 565
400751 6 135
400772 5 823
400996 53 815
401058 23 502
401119 7 932
401129 22 529
401137 3 106
401164 9 283
401179 4 80
401198 1 448
401280 1 405
401679 28 627
401687 53 1279
401774 55 1164
401860 6 486
401888 1 78
401921 17 443
402020 13 455
402051 3 94
402288 1 450
402361 3 844
402383 17 489
402651 17 818
403185 43 855
403187 21 509
403219 3 61
403389 1 585
403448 9 696
403472 1 265
403724 4 911
404174 1 71
404500 2 212
404524 11 192
404565 6 112
404573 7 1164
404602 9 120
404791 21 248
404928 26 497
404989 32 449
405023 4 623
405161 28 425
405276 5 310
405361 1 649
405716 19 451
405718 6 598
405963 4 419
406287 37 444
406630 4 108
406969 9 1875
407072 38 527
407285 11 792
407346 7 682
407348 33 709
407469 3 239
407471 30 501
407848 18 489
407881 17 481
408164 25 2548
408198 3 478
408234 5 107
408235 1 70
408291 6 287
408505 61 2987
408745 49 732
408806 1 468
409006 2 335
409150 44 548
409151 50 944
409168 38 572
409472 8 128
409542 15 443
409670 1 284
409739 17 550
409767 2 828
409970 18 941
410069 20 282
410223 1 662
410277 2 121
410310 2 53
410339 3 169
410541 1 64
410679 3 440
410810 2 580
410850 9 1067
411101 14 997
411247 23 1168
411325 6 68
411332 3 612
411503 16 409
411832 12 364
411876 4 123
412067 2 144
412069 4 51
412140 22 364
412201 72 799
412346 59 1061
412379 3 174
412779 15 319
412862 4 432
412864 1 400
413110 6 111
413293 13 180
413295 3 71
413307 1 726
413311 24 467
413312 20 404
413434 14 2936
413495 13 581
413553 9 1377
413587 22 827
413864 1 930
413936 53 1191
413937 2 275
414029 2 174
414044 23 1189
414168 13 287
414267 4 1128
414488 2 82
414492 1 147
414505 18 854
414575 18 391
414654 25 399
414951 3 100
415054 42 491
415094 4 353
415096 3 265
415111 3 139
415654 26 1727
415736 4 490
415840 86 1759
416216 15 360
416264 4 398
416354 1 64
416380 2 108
416412 10 139
416721 22 511
416884 22 586
417043 3 49
417047 10 229
417112 12 540
417298 1 160
417497 3 191
418057 6 399
418135 4 534
418243 1 797
418315 1 73
418407 14 461
418630 6 598
418660 13 486
418734 17 419
418774 58 828
418808 5 102
418836 2 620
419073 25 632
419123 12 643
419130 6 603
419221 4 733
419340 1 767
419372 9 355
419674 6 510
419753 5 475
419792 24 372
419829 1 249
419922 7 528
420050 14 372
420142 5 387
420447 7 364
420504 3 231
420505 4 862
420671 11 154
420704 1 99
420714 6 109
420730 80 1454
420810 7 453
420870 15 501
420894 3 173
421070 15 1857
421107 11 388
421182 8 334
421184 1 1006
421460 18 527
421509 101 2731
422217 21 666
422309 23 294
422378 13 337
422534 15 461
422619 22 453
422628 4 66
422668 70 617
422783 16 438
422842 6 151
422905 2 683
422930 8 253
423054 33 1295
423093 2 258
423223 3 1496
423224 1 339
423229 23 627
423462 5 187
423518 1 190
423597 18 482
423696 16 324
423700 14 594
423957 35 1026
424012 10 173
424202 5 142
424219 6 756
424228 41 551
424530 4 131
424709 10 333
424731 4 534
424778 14 305
424854 2 149
424899 27 535
424918 9 297
424927 8 137
424988 1 99
425133 8 979
425224 20 472
425227 8 115
425380 19 334
425931 23 809
426015 19 382
426061 36 1520
426111 14 660
426128 20 606
426208 9 565
426249 26 1066
426335 8 359
426341 9 199
426423 30 572
426452 44 663
426623 7 117
426658 18 235
426687 20 252
426698 4 107
426702 20 355
426893 4 316
426907 1 163
427180 6 315
427423 9 1433
427433 21 328
427455 1 787
427474 5 390
427545 4 198
427702 22 168
427854 48 825
428104 15 796
428165 19 405
428257 17 314
428524 26 456
428633 38 777
428661 17 465
428663 9 171
428699 4 1151
428781 1 245
428891 6 477
428921 6 171
428940 12 407
429033 8 275
429440 5 537
429496 14 280
429559 13 265
429643 6 477
429706 1 335
430048 39 517
430164 9 481
430200 1 528
430234 2 152
430257 15 483
430578 15 246
430632 2 197
430864 2 81
430995 3 126
431057 3 598
431091 1 170
431392 21 815
431530 4 273
431797 13 1682
431867 16 172
431972 37 1336
432136 2 87
432173 7 682
432182 13 221
432445 8 221
432501 11 793
432604 5 77
432619 1 240
432623 12 571
432630 4 130
432794 34 539
433003 9 394
433091 6 115
433481 16 126
433607 15 652
433609 26 843
433637 3 501
433670 21 339
433723 26 1231
433754 1 152
433760 1 620
433918 4 2554
433946 4 387
434033 18 466
434058 64 999
434584 2 101
434663 10 132
434773 9 505
434969 15 682
435057 3 864
435058 57 1065
435126 22 349
435261 2 50
435279 18 390
435370 6 442
435388 15 227
435479 63 1258
435492 1 96
435556 14 354
435662 26 750
435741 1 877
435788 2 809
435818 12 342
436032 5 140
436169 30 376
436558 8 148
436692 2 277
436892 37 768
437168 1 434
437477 31 751
437511 74 5147
437610 2 103
437670 10 132
437688 23 241
437890 7 325
437928 16 1235
437943 26 442
437974 3 66
437983 3 400
438020 23 329
438407 42 831
438541 7 489
438636 13 509
438643 11 312
438820 24 507
438833 1 627
438893 1 1775
438897 6 2006
438917 12 2901
439476 17 347
439481 11 172
439722 6 351
439725 9 131
439727 10 141
439742 19 689
439875 8 232
439958 3 55
440001 1 398
440184 21 297
440229 12 587
440257 4 157
440268 6 643
440297 34 672
440299 30 875
440310 9 116
440537 9 153
440548 2 267
440629 1 101
440703 33 669
440738 28 374
440807 3 110
441320 2 89
441349 3 308
441539 13 886
441562 10 484
441578 4 2452
441799 33 689
441872 17 287
441934 20 824
441937 2 109
441941 4 112
441977 17 816
442019 16 549
442053 18 345
442066 1 706
442080 9 393
442255 13 226
442303 7 464
442424 17 421
442473 26 449
442512 29 402
442547 5 176
442715 15 366
442760 8 432
442787 13 377
442796 7 133
442852 4 287
443071 7 116
443115 11 124
443168 17 1191
443177 6 493
443183 24 642
443184 26 867
443204 2 112
443209 22 569
443603 21 215
443964 5 2765
443984 8 803
444001 13 183
444016 25 339
444028 13 403
444065 12 958
444138 5 2782
444221 11 372
444238 42 619
444265 35 628
444269 6 105
444296 8 54
444385 17 737
444539 22 597
444564 18 517
444566 32 1156
444571 22 843
444704 25 359
444709 38 1024
444784 30 575
444854 41 1117
444857 8 93
444879 23 562
444891 2 406
444942 3 181
444998 9 432
445225 17 635
445378 1 463
445457 47 1113
445527 5 337
445643 37 600
445655 20 453
445676 18 507
445698 2 433
445723 26 848
445724 9 412
445767 5 1123
445780 38 582
446223 1 411
446273 38 686
446401 6 204
446512 1 318
446548 15 670
446689 16 136
446693 17 537
446902 23 799
446912 19 898
446918 4 456
447039 1 378
447260 21 296
447302 18 473
447351 62 1951
447545 23 862
447637 3 173
447825 20 427
447991 10 177
448020 17 447
448068 5 124
448143 31 1084
448650 2 122
448787 12 262
448790 30 650
448848 3 1077
448882 12 279
448988 1 74
449116 7 856
449245 1 130
449332 13 525
449636 33 722
449723 20 750
449746 21 1495
450017 19 377
450089 18 714
450209 12 370
450290 3 747
450338 4 340
450562 3 97
450602 1 91
450625 24 1162
450695 29 1084
450722 11 292
450732 25 622
450781 18 646
451228 36 1048
451322 1 96
451499 1 172
451752 4 139
451756 49 854
451935 36 1078
452232 1 93
452347 10 319
452520 17 314
452665 6 96
452666 4 103
452724 11 207
452735 11 437
453174 21 273
453267 14 474
453320 9 289
453433 12 217
453710 6 190
454418 5 512
454567 13 625
454640 42 734
454732 20 727
455061 2 39
455228 1 784
455229 7 137
455626 6 132
455681 1 262
455697 5 628
455702 16 507
455844 29 588
456344 8 106
456600 50 1160
456747 69 1494
456774 2 579
456867 16 2266
456902 1 362
456975 28 853
456988 16 490
456990 37 518
457034 20 555
457087 7 215
457089 2 147
457252 7 321
457302 6 122
457342 39 423
457535 2 244
457565 13 164
457603 3 476
457657 24 326
457736 8 251
457879 35 608
458005 5 454
458009 6 94
458028 26 608
458038 13 205
458069 25 358
458115 7 70
458285 16 597
458299 8 135
458305 31 590
458379 1 81
458477 13 559
458503 9 218
459137 5 544
459145 7 135
459275 27 733
459344 6 758
459576 45 711
459727 3 388
460018 19 491
460286 17 441
460331 1 66
460459 15 141
460531 17 520
460544 6 188
460682 3 734
460760 14 626
460797 15 449
460881 2 831
461076 15 588
461118 10 573
461157 4 157
461306 1 522
461583 2 440
461694 64 946
461766 4 167
461809 18 598
461834 16 542
461889 19 812
461906 3 490
462001 41 810
462599 6 140
462645 1 338
462748 5 582
462794 1 166
463212 8 300
463331 1 139
463860 8 540
464025 2 835
464050 4 710
464056 4 92
464161 25 556
464556 7 127
465215 10 121
465322 8 650
465844 17 328
465852 25 540
466241 4 599
466316 1 524
466319 55 978
466350 5 803
466402 1 1217
466642 24 928
466668 1 219
466752 36 516
467001 27 665
467269 7 856
467300 9 269
467368 2 692
467754 2 435
467804 2 618
467827 5 829
467896 9 290
467927 15 462
467932 4 500
468035 15 599
468052 16 551
468101 3 95
468384 8 515
468402 3 137
468461 6 271
468860 1 1288
468875 5 165
468972 2 884
469068 2 361
469077 31 969
469160 12 162
469230 20 304
469334 2 349
469421 3 741
469478 3 89
469731 9 93
470140 15 345
470377 2 160
470495 27 397
470518 7 655
470540 11 169
470542 19 545
470602 4 692
471004 3 93
471230 6 174
471317 20 741
471389 5 566
471396 2 56
471403 5 3677
471464 81 1263
471492 1 145
471542 4 100
471552 2 713
471650 2 187
471685 7 647
471747 21 817
471748 29 895
471768 20 590
472345 1 283
472363 29 422
472372 1 74
472443 7 108
472542 25 778
472754 16 581
472785 3 98
472800 25 914
472864 6 819
472880 19 481
472941 62 988
472948 15 253
472976 16 204
473135 17 451
473235 2 786
473311 5 119
474013 10 744
474087 18 327
474127 3 1077
474261 13 275
475106 1 79
475248 3 425
475416 12 427
475430 6 189
475450 11 223
475658 8 111
475918 1 122
476042 1 484
476098 15 365
476120 2 855
476364 5 1484
476491 16 726
476614 2 126
476707 6 558
476835 1 75
476838 13 545
476984 26 413
477364 2 458
477386 36 463
477459 3 89
477633 2 792
477636 5 719
477839 12 529
477918 29 1233
477933 7 96
478298 7 546
478616 8 617
478699 2 117
478702 2 138
478759 8 235
478792 16 606
479029 8 1092
479059 1 593
479161 2 447
479205 18 190
479257 20 480
479863 2 380
479869 1 114
480013 2 132
480041 7 131
480113 14 393
480382 14 322
480510 29 1198
480890 36 582
480979 9 557
481141 1 112
481238 3 72
481260 10 364
481263 9 623
481323 4 684
481373 3 97
481597 5 93
481772 4 172
482112 20 361
482150 11 498
482153 1 673
482172 13 1136
482256 5 287
482395 2 111
482465 1 334
482682 4 575
482755 2 700
482787 13 533
482996 1 1212
483034 8 1688
483340 5 495
483379 2 40
483759 44 2593
483761 6 2997
483934 63 1325
484002 23 771
484174 15 285
484196 1 700
484200 3 673
484224 24 1607
484294 76 1133
484352 55 1054
484400 8 806
484626 9 532
484681 40 840
484871 143 1556
484883 15 566
485130 6 129
485136 11 269
485223 9 231
485330 8 136
485427 11 204
485454 9 95
485609 22 382
485633 1 74
485723 3 239
485864 6 424
486112 14 428
486149 4 366
486286 6 541
486335 69 1237
486336 40 494
486337 34 542
486404 37 716
486439 10 580
486457 1 257
486622 6 348
486744 7 702
486886 12 362
487039 36 596
487154 22 301
487306 6 544
487332 1 1120
487520 10 1432
487638 40 914
487662 3 152
487788 4 115
487794 10 211
488164 1 394
488226 11 184
488388 3 307
488555 14 390
488588 2 102
488672 12 430
488751 39 653
488913 39 1178
488917 12 948
488923 28 527
489122 11 860
489249 52 848
489473 2 375
489613 1 715
489699 7 88
489741 17 307
489758 1 105
489824 19 1737
489931 13 171
489993 7 100
490032 12 683
490036 11 597
490037 2 654
490195 17 352
490322 11 232
490504 19 722
490621 31 509
491138 2 729
491167 7 579
491185 31 583
491511 54 1629
491569 3 515
492067 15 371
492408 13 896
492429 21 441
492539 32 659
492595 13 585
492640 3 119
492689 21 289
492776 13 377
492810 21 845
493057 32 379
493197 3 347
493281 7 305
493377 27 735
493644 6 468
493912 4 474
493915 46 1820
493986 20 722
494036 6 156
494048 16 404
494366 12 554
494638 7 110
494818 7 498
494921 6 556
494924 10 259
494925 8 163
495155 15 362
495297 18 497
495386 6 106
495454 2 64
495800 6 426
496181 6 635
496245 1 301
496249 41 934
496381 3 875
496383 3 436
496422 24 372
496538 5 54
496625 15 1551
496706 1 483
496841 9 191
496843 1 167
496846 63 1173
496924 3 66
497013 5 2261
497041 3 138
497062 13 389
497126 4 744
497259 2 439
497274 22 615
497445 3 716
497621 24 631
497645 24 688
497741 30 1072
497839 4 457
497844 7 147
497859 16 499
497918 7 282
498023 21 411
498046 19 946
498242 41 688
498246 4 459
498259 33 630
498499 28 561
498597 16 1130
498680 9 281
498739 1 163
498969 13 262
498971 9 114
498986 6 162
499116 1 717
499123 36 988
499126 9 867
499186 1 283
499334 8 539
499470 45 598
499575 23 460
499584 2 820
499628 18 408
499721 9 262
499931 8 137
499945 1 721
499954 4 141
500262 16 211
500283 22 621
500430 5 543
500521 27 409
500533 12 639
500706 3 141
500877 31 571
501494 9 1078
501557 16 228
501645 1 63
501749 4 48
501879 12 638
501890 2 168
502221 10 239
502326 17 496
502327 19 511
502539 21 413
502863 9 326
503112 26 513
503124 4 55
503125 4 56
503156 2 36
503219 5 124
503612 23 352
503657 8 281
504031 42 1226
504304 5 774
504326 7 516
504458 7 3157
504640 3 403
504929 54 1000
505052 7 266
505059 6 121
505127 14 215
505141 22 640
505207 4 241
505614 13 569
505690 4 181
505977 28 363
505987 41 663
506014 1 637
506016 142 3702
506500 10 473
506545 2 129
506632 18 354
506727 2 625
506733 11 492
506780 32 871
506805 90 1379
506835 4 655
507027 6 156
507028 8 78
507098 20 414
507112 2 53
507259 42 1103
507274 9 116
507295 35 565
507472 29 721
507535 20 251
507740 10 213
507828 7 1072
507915 19 1398
507956 15 287
508422 2 92
508457 5 226
508635 5 589
508694 19 3813
508746 8 237
508762 14 269
508806 1 340
508934 18 1162
509246 21 520
509367 1 238
509583 10 1064
509734 2 62
509761 4 462
509764 4 508
509912 6 803
509921 9 424
509988 8 642
510052 1 33
510116 28 1198
510141 18 728
510150 26 566
510293 25 875
510358 1 485
510614 13 231
510799 10 123
511089 2 73
511133 3 129
511209 1 258
511245 1 461
511312 7 131
511482 8 528
511852 27 1668
511957 7 142
511965 24 632
512140 3 102
512284 22 316
512313 9 126
512446 3 137
512510 13 169
512511 19 455
512513 42 809
512653 9 577
512739 40 1108
513370 27 704
513922 22 557
513950 6 417
513973 6 118
513976 16 151
513993 5 317
514000 5 461
514139 25 381
514170 16 376
514174 2 144
514182 13 289
514317 24 600
514341 3 513
514846 4 249
514849 7 787
514906 31 870
515014 51 749
515165 5 684
515235 4 92
515250 33 1316
515263 13 683
515355 21 917
515435 40 889
515584 14 724
515675 2 213
515683 19 397
515710 14 430
515809 4 128
515845 65 1890
516088 1 73
516152 7 142
516176 40 807
516251 27 554
516348 6 102
516604 3 122
516631 3 303
517648 21 959
517704 75 1546
517765 48 562
517996 4 515
518087 33 735
518160 1 136
518285 9 216
518855 42 533
518872 1 59
519009 16 1039
519177 2 222
519186 27 372
519328 32 458
519458 1 201
519578 31 778
519775 1 107
519897 6 1891
519991 9 317
520016 16 696
520037 7 148
520132 13 139
520135 20 279
520167 3 78
520349 7 2481
520408 28 565
520440 22 384
520442 17 808
520462 10 488
520506 13 552
520586 6 85
520718 13 1143
520771 13 478
520922 2 36
521094 15 215
521291 10 130
521362 10 826
521482 3 207
521517 8 126
521525 2 138
521619 19 424
521623 2 143
521630 9 1021
521703 22 727
521732 14 1010
521746 11 124
521947 2 387
522216 2 118
522574 39 710
522700 35 410
522800 5 387
522851 13 404
523072 50 672
523100 1 200
523135 82 1635
523204 2 506
523334 72 1043
523452 88 1176
523664 2 1048
523726 2 98
523775 11 946
524283 19 390
524428 12 503
524449 1 348
524663 7 205
524769 3 497
524853 4 284
524903 7 133
525191 10 330
525250 8 340
525467 9 240
525530 34 671
525584 2 58
525606 11 2915
525719 1 80
526104 13 849
526172 3 195
526331 1 54
526400 10 940
526468 4 120
526471 1 431
526637 31 542
526716 3 355
526943 7 459
527137 6 294
527372 19 259
527407 19 890
527656 5 701
527897 24 551
527967 5 110
527998 8 599
528013 3 1503
528015 1 464
