55371 1 52248
57425 1 197
59998 3 30
60144 1 523
61094 2 105
62128 1 172
62382 1 582
63542 1 70
64528 1 52
65028 1 509
68790 6 120
68874 1 35
69848 10 190
70003 1 296
70589 1 71
71142 1 554
73650 3 1062
73920 5 118
74381 1 574
74615 8 175
77090 1 705
77292 6 165
79100 1 90
81316 1 468
85741 4 104
86308 15 234
86493 1 180
87037 9 205
88650 1 183
89404 2 463
90969 9 150
94135 1 442
94156 2 115
94213 1 130
95712 1 272
97578 1 108
99706 1 128
101527 1 263
103435 1 572
104602 1 570
104880 1 570
105955 2 37
114505 1 488
114778 1 104
116143 1 290
117147 1 360
117396 3 311
117734 1 202
119469 1 502
119805 5 327
120284 3 188
120413 2 206
120761 2 35
121306 1 391
121439 1 1118
121442 1 186
121539 1 178
121694 2 110
124507 2 96
126034 1 557
127360 1 505
129080 4 88
129879 5 248
130715 1 698
131401 2 270
132952 3 62
133505 1 519
133595 1 429
134327 1 595
134331 1 216
135070 1 588
135559 1 505
137256 1 187
138550 1 187
140371 2 1181
143168 4 349
143605 2 113
144698 1 588
146027 1 587
147827 1 198
148090 1 167
148821 1 903
149527 1 262
151495 1 795
151591 1 502
152015 3 81
153187 1 502
154148 1 967
156210 1 343
158735 1 269
158804 1 269
158812 1 625
158871 1 497
160021 1 373
164605 1 53
164738 1 47
168328 1 228
169365 2 117
171257 3 136
174378 1 413
177638 1 153
180258 7 163
182214 1 233
182664 1 141
184070 17 502
184071 12 296
184082 7 211
184235 13 361
184250 2 68
184985 11 290
185363 1 303
188170 1 636
188281 1 82
188430 2 499
188431 1 691
188528 2 392
188557 3 552
189247 1 72
189325 1 410
189536 7 292
190189 1 178
190253 3 333
190528 2 76
190711 3 320
190811 2 222
191115 5 200
191121 1 154
195382 3 742
196378 1 351
196849 1 360
198720 1 335
200167 2 475
200261 1 515
201027 1 228
205878 1 143
206518 3 720
208058 1 285
208802 1 302
208807 1 244
209708 1 68
209831 1 221
211217 1 141
212912 3 297
212934 1 50
213019 1 208
213375 1 181
213834 1 143
214434 1 166
215915 1 538
216236 1 412
216401 1 49
216852 1 282
217476 2 121
218959 2 1346
220016 1 424
220723 1 734
222032 1 472
222823 9 280
223282 3 62
225097 2 566
226335 2 564
230887 1 398
233569 2 42
233673 1 157
233692 1 695
234988 4 290
235042 1 456
235304 1 104
235319 1 273
235389 2 45
238113 7 246
239291 1 285
240113 2 505
240204 1 58
241017 1 412
242917 1 142
244630 2 632
244663 4 988
246921 2 330
247873 1 135
247948 1 107
248147 1 517
249220 2 1241
250163 1 118
250513 7 196
250937 6 138
251291 1 92
253790 1 860
254589 1 150
254701 1 374
254949 6 144
255927 1 89
256647 5 247
256737 4 174
257469 3 87
257712 1 430
259571 1 763
260966 1 398
261050 2 319
261052 1 508
261180 6 627
261242 2 71
261467 1 81
261546 1 250
261694 3 151
261849 2 219
261857 3 264
262344 2 176
262576 2 110
262618 1 1235
262884 2 234
265849 1 752
270320 1 138
270321 1 107
275801 3 167
276034 1 118
276232 1 187
276263 1 187
276343 1 211
277489 2 486
277595 2 747
277650 1 357
278555 1 108
286229 1 2418
286689 1 444
286707 2 467
286770 2 284
286826 1 219
286860 1 395
286977 1 163
287110 1 859
287302 1 855
287586 1 216
294368 1 407
297726 1 125
298705 1 276
299068 1 209
301384 1 265
302340 1 105
303070 1 341
305237 1 139
305302 1 210
305538 1 1995
306237 1 26903
306245 2 215
306556 1 227
307743 1 260
307799 1 132
308755 3 813
308793 3 813
309032 1 90
309086 1 299
311032 1 174
312468 1 191
313280 1 239
313469 1 119
313578 1 114
313808 1 728
313847 1 177
313936 1 288
314083 8 5179
314417 1 280
314664 1 166
316382 1 339
316563 1 251
316566 1 320
316669 1 155
316705 1 107
317070 1 189
321174 1 343
324615 1 978
324925 2 194
325342 2 511
325372 2 284
325636 1 460
327320 2 1722
328153 1 4232
329700 1 406
331754 1 192
332967 1 1431
333055 1 2814
337022 1 1765
345778 1 783
346263 1 298
347420 1 1196
347875 1 389
352674 1 268
352676 2 298
354455 1 419
356651 1 192
356653 1 221
357584 1 154
361041 1 314
361364 1 1053
361455 1 162
362156 1 230
370885 1 261
372365 1 407
372838 1 214
372905 1 232
375876 1 74
380051 1 948
381281 1 3183
384899 1 384
391559 1 969
391949 1 479
393746 1 648
395215 1 1421
395859 1 3099
396389 1 275
396466 1 86
396867 2 142
396876 1 100
397776 4 82
398293 1 439
398304 1 1008
398739 1 390
401768 1 1929
402656 1 138
402734 1 87
402819 1 89
403041 2 292
403142 1 481
405808 1 2559
406218 2 710
407214 1 577
407801 1 289
407898 2 1074
407915 2 618
408162 4 554
408194 1 784
408279 1 430
408455 1 249
408583 2 537
409180 1 89
409419 1 402
409896 2 255
409910 1 372
410147 1 363
410155 3 410
410710 2 483
410818 2 1744
410881 2 1744
410986 1 608
411362 1 221
413480 1 675
413533 1 256
413606 1 739
413982 1 486
414683 1 609
415372 1 218
416099 1 666
416713 1 210
417048 1 114
417387 4 332
418173 1 357
418542 1 295
420345 1 483
420658 1 427
420870 12 501
421205 2 1149
421880 2 101
422087 1 242
423621 2 916
424724 4 62
424826 2 435
425189 1 583
426480 1 494
426595 1 260
426710 2 646
427056 2 494
427079 1 1307
427124 1 39
427303 1 40
428318 2 897
428330 2 428
428431 2 908
428678 1 719
428889 1 878
429017 1 239
430099 1 155
431082 1 897
431409 1 125
432876 1 179
433082 1 298
433304 1 233
433811 1 281
434123 1 151
434463 1 817
436791 1 166
438624 2 556
438735 1 374
438814 1 104
439059 2 860
439361 1 90
439429 1 483
440462 1 102
440950 2 100
440958 1 58
442221 1 110
442224 1 132
442458 1 218
442619 1 757
444165 3 1839
444323 1 1837
444463 1 399
446334 2 518
446733 1 657
446758 1 1709
446825 1 378
447265 1 421
448463 1 300
449952 1 77
450408 1 164
451452 1 510
451807 1 516
452869 1 457
453674 1 429
455156 2 36
455671 1 1703
458679 1 99
459092 1 661
459727 1 388
460129 1 2744
460252 1 201
460302 2 364
461241 1 91
462492 1 193
463413 1 615
464311 1 98
464451 1 539
465394 1 817
467682 3 668
468067 1 1165
468803 6 187
469232 2 195
469410 1 217
471360 1 130
471632 1 237
472293 1 396
472473 1 185
472623 1 208
473314 1 133
473484 1 392
474336 1 653
474633 2 133
474819 1 529
475278 1 762
477949 1 388
477969 1 420
478343 1 179
478563 2 1103
479018 2 604
479619 1 423
479791 1 763
481161 1 138
481298 1 1019
483080 1 419
483729 1 370
483744 1 72
483755 4 2496
485338 1 416
485486 1 602
485833 1 113
488044 1 109
488062 1 78
489599 2 340
489715 1 280
490114 2 249
490284 2 723
490719 3 132
491142 1 1095
491771 1 48
492120 1 871
492734 2 138
492909 3 323
494438 1 201
495365 1 234
495575 4 261
495967 2 100
496597 2 1499
496640 1 676
496910 3 192
497289 1 719
497311 9 668
497312 1 455
497383 1 198
497644 3 92
498166 5 249
498426 8 635
498864 7 799
498934 2 799
499055 2 265
499232 1 964
499320 1 59
499341 1 693
499842 1 481
499852 1 482
500122 7 277
500172 1 82
502102 2 371
502219 1 70
502267 1 555
502525 1 570
502694 4 142
502695 2 78
502696 2 113
502697 2 46
503415 4 536
503772 1 717
504057 1 560
504175 1 1154
505426 2 820
505458 2 931
506772 4 253
507775 1 156
508026 1 289
508077 1 710
508955 5 623
509938 1 967
510795 1 180
512692 1 102
515488 1 530
515566 2 90
516096 3 106
517356 1 469
517460 1 96
517888 2 569
518233 1 1262
520697 1 617
520704 5 681
521345 1 307
521410 3 91
522483 3 290
522737 1 225
523379 6 285
523663 2 2999
523872 1 104
524779 1 176
524945 1 432
525159 1 472
525967 1 531
526117 1 116
526286 3 304
526475 1 243
527054 1 174
527842 3 248
44273 4 271
56963 1 35
57425 1 197
58670 2 42
59998 1 30
60144 1 523
60239 3 124
62128 1 172
62334 1 47
62382 1 582
63542 1 70
65028 1 509
68051 7 487
68874 1 35
69170 2 67
70003 1 296
70589 1 71
71133 1 53
71142 1 554
71715 1 38
71733 1 37
72079 1 29
73650 2 1062
73920 5 118
74381 1 574
77090 1 705
78215 1 51
81106 4 65
81293 4 104
81316 1 468
81588 1 37
81716 4 108
86493 1 180
86709 5 217
86817 1 33
88148 5 128
88650 1 183
88795 2 68
89404 2 463
93635 3 84
94135 1 442
94137 4 356
94156 2 115
94213 1 130
95712 1 272
97578 1 108
99706 1 128
101527 1 263
101985 3 97
102976 2 88
103435 1 572
104042 2 35
104602 1 570
104880 1 570
105955 2 37
106783 3 70
109585 1 543
111648 2 32
112292 7 430
112832 3 58
113761 1 75
113991 1 35
114505 1 488
114778 1 104
115535 1 46
115647 1 175
116143 1 290
116434 1 39
117147 1 360
117379 1 44
117396 3 311
117734 1 202
119469 1 502
119805 4 327
120284 7 188
120413 2 206
120761 2 35
121306 1 391
121373 19 713
121439 1 1118
121442 2 186
121539 1 178
121694 2 110
124507 1 96
124716 6 196
126034 1 557
126406 1 66
127360 1 505
130715 1 698
131401 2 270
132560 1 52
132952 3 62
133505 1 519
133595 1 429
134327 1 595
134331 1 216
135070 1 588
135559 1 505
135849 5 226
137256 1 187
138550 1 187
139948 4 286
140125 1 69
140371 2 1181
140712 1 61
141099 3 217
141857 5 179
142152 3 85
142805 3 107
143168 1 349
143605 2 113
144698 1 588
146027 1 587
147827 1 198
148090 1 167
148821 4 903
149527 1 262
151052 2 52
151495 1 795
151591 1 502
153187 4 502
153188 6 230
154148 1 967
154625 5 118
155706 4 6252
156210 1 343
157206 7 490
158735 1 269
158804 1 269
158812 1 625
158871 1 497
160021 1 373
161125 2 104
163545 1 67
164605 1 53
164738 1 47
167385 1 61
168328 1 228
169365 1 117
170170 3 132
170661 8 221
170843 1 78
171257 3 136
172325 2 72
174378 8 413
176022 1 47
177638 1 153
177884 3 131
179506 2 175
180797 2 53
181448 17 456
182179 1 91
182214 1 233
182664 1 141
182961 10 400
184082 1 211
184086 3 128
185363 1 303
187426 1 67
187919 12 606
188020 1 47
188170 1 636
188270 1 69
188281 1 82
188430 2 499
188431 1 691
188528 4 392
188557 1 552
189247 1 72
189325 1 410
189536 4 292
190189 3 178
190253 2 333
190445 2 90
190528 2 76
190711 4 320
190811 2 222
191115 7 200
191121 1 154
192031 5 382
192857 11 292
193258 1 65
193317 3 98
193318 3 149
195382 3 742
196378 1 351
196849 1 360
198720 2 335
200167 2 475
200261 1 515
201027 1 228
201801 1 79
202949 2 60
203176 5 393
205535 1 52
205878 1 143
206518 15 720
207351 7 119
207661 4 245
208058 1 285
208215 3 106
208216 2 75
208802 1 302
208807 1 244
209141 3 92
209506 7 108
209708 1 68
209721 1 69
209722 2 78
209831 1 221
210129 3 124
211217 1 141
212912 2 297
212934 2 50
213019 1 208
213375 1 181
213834 1 143
214434 1 166
215915 1 538
216236 1 412
216401 1 49
216852 1 282
217476 1 121
218959 1 1346
220016 7 424
220723 1 734
221511 4 81
222032 1 472
225097 2 566
226335 2 564
226698 12 476
229953 3 193
230047 1 73
230135 1 243
230887 1 398
230895 11 365
230915 5 134
231899 1 42
231973 4 243
233569 1 42
233673 1 157
233692 1 695
234988 4 290
235042 1 456
235304 1 104
235319 1 273
235389 2 45
237622 7 670
237958 1 54
239291 1 285
240113 1 505
240204 1 58
241017 1 412
241848 8 376
242917 1 142
243458 3 196
244630 2 632
244646 5 204
244663 2 988
245552 1 67
246921 2 330
247728 1 56
247873 2 135
247948 1 107
248147 3 517
249146 1 69
249220 4 1241
249290 1 82
250163 1 118
250541 4 131
251295 3 413
251306 1 64
252449 3 235
252775 1 95
253227 2 127
253495 1 77
253740 1 65
253790 1 860
254589 1 150
254701 1 374
254768 16 669
255255 2 75
255927 1 89
256218 6 429
257626 1 75
257712 1 430
258788 5 107
259571 2 763
260966 1 398
261050 3 319
261052 1 508
261180 5 627
261242 2 71
261467 2 81
261546 1 250
261694 3 151
261748 2 53
261849 3 219
261857 8 264
262344 5 176
262507 6 213
262576 2 110
262618 4 1235
262884 2 234
262921 4 120
265816 1 25803
265849 1 752
268146 4 220
269752 1 254
270320 1 138
270321 1 107
273414 10 216
275801 5 167
276034 1 118
276232 1 187
276263 1 187
276343 1 211
277489 2 486
277595 2 747
277650 1 357
278555 1 108
286229 1 2418
286689 1 444
286707 2 467
286770 2 284
286860 1 395
286977 1 163
287110 1 859
287302 1 855
287586 1 216
290256 2 30074
294368 1 407
297726 1 125
298681 1 199
298705 1 276
299068 1 209
301384 1 265
302340 1 105
303070 1 341
305237 1 139
305302 1 210
305538 1 1995
306245 1 215
306556 1 227
307453 1 49380
307743 1 260
307799 1 132
308264 16 3715
308755 3 813
308793 3 813
309032 1 90
309086 1 299
311032 1 174
312468 1 191
313280 1 239
313469 1 119
313578 1 114
313808 1 728
313847 1 177
313936 1 288
314083 7 5179
314417 1 280
314664 1 166
316382 1 339
316563 1 251
316566 1 320
316669 1 155
316705 1 107
317070 1 189
320248 1 13098
321174 1 343
324615 1 978
324925 2 194
325372 2 284
325636 1 460
325690 32 2398
326129 7 67196
327320 2 1722
328153 1 4232
329700 1 406
331754 1 192
332929 5 201
332967 1 1431
333055 1 2814
337022 1 1765
338752 2 122
345778 1 783
346263 1 298
347420 1 1196
347840 10 542
347869 1 47445
347875 1 389
351761 5 225
352672 2 426
352674 1 268
352676 6 298
354455 1 419
356651 1 192
356653 1 221
357584 1 154
361041 1 314
361364 1 1053
361455 1 162
362156 1 230
370885 2 261
372365 1 407
372838 2 214
372905 1 232
375405 1 85
376442 14 449
376583 3 159
377484 2 142
380051 1 948
381281 1 3183
383348 3 104
384899 1 384
391559 1 969
391949 1 479
393746 1 648
395215 1 1421
395640 1 17885
395859 1 3099
396389 1 275
396466 1 86
396867 1 142
396876 1 100
397658 3 94
397776 2 82
397976 1 84
398193 1 86
398293 1 439
398304 1 1008
398739 1 390
399415 2 145
399518 3 93
400461 1 84
401768 1 1929
402201 3 111
402656 1 138
402734 1 87
402910 1 84
403041 1 292
403142 2 481
404906 3 97
405378 1 86
405503 1 85
405808 2 2559
406218 2 710
406549 2 87
407214 1 577
407801 1 289
407846 1 86
407898 2 1074
407915 2 618
408162 3 554
408194 1 784
408279 1 430
408455 2 249
408583 1 537
409047 16 430
409419 12 402
409896 2 255
409910 8 372
409918 1 56
410143 1 42
410147 1 363
410155 3 410
410511 1 87
410710 1 483
410818 2 1744
410881 2 1744
410986 1 608
411362 1 221
412984 1 84
413480 1 675
413533 1 256
413606 1 739
413982 1 486
414153 3 151
414683 1 609
415343 1 87
415372 1 218
415504 1 87
416099 1 666
416685 6 446
416713 3 210
416927 1 58
417048 1 114
417262 2 95
417387 3 332
418173 4 357
418542 1 295
418738 2 118
419154 3 94
420345 1 483
420447 1 364
420658 1 427
421182 1 334
421205 1 1149
421880 1 101
422087 2 242
422464 1 165
423621 1 916
423650 1 56
424724 3 62
424826 1 435
425189 1 583
425344 1 86
425594 8 622
425687 1 88
425963 3 423
426480 1 494
426595 1 260
426710 2 646
427056 2 494
427079 1 1307
427124 1 39
427158 1 142
427223 9 597
427750 15 320
428065 26 752
428318 2 897
428330 1 428
428396 1 87
428431 1 908
428678 1 719
428889 1 878
429017 3 239
430099 2 155
430709 1 85
431082 1 897
431409 2 125
432715 9 240
432876 1 179
432893 3 241
432923 30 1140
433082 1 298
433304 1 233
433811 1 281
434123 1 151
434447 2 283
434463 1 817
434865 3 71
435396 2 104
436791 1 166
437358 1 100
438134 1 823
438196 3 103
438624 1 556
438735 1 374
438814 1 104
439059 2 860
439361 1 90
439429 6 483
440390 4 106
440950 1 100
440955 8 273
440956 6 238
440958 1 58
441030 1 86
442004 1 475
442221 1 110
442224 1 132
442458 1 218
442619 2 757
443778 3 120
443807 1 87
444165 4 1839
444323 1 1837
444463 1 399
445410 1 45
445553 2 89
446174 3 78
446334 2 518
446733 1 657
446758 1 1709
446825 1 378
446869 3 77
447265 1 421
448150 8 253
448296 5 127
448463 1 300
448874 1 86
449952 1 77
450408 1 164
450633 2 81
451452 1 510
451579 3 106
451807 1 516
452869 1 457
453088 3 61
453307 2 593
453617 7 113
453674 1 429
454230 1 263
455347 2 578
455714 3 68
456342 1 86
457036 2 526
458679 1 99
459035 1 87
459092 1 661
459677 1 97
459727 1 388
459734 6 361
460129 1 2744
460252 1 201
460302 7 364
460823 1 60
461085 1 45
461241 1 91
461420 1 87
462492 1 193
462949 2 90
463413 9 615
463645 1 101
463686 1 87
464311 1 98
464451 1 539
465394 1 817
465958 1 100
466209 1 87
467402 18 641
467682 35 668
468067 1 1165
468803 5 187
469232 2 195
469410 15 217
469548 2 88
470972 1 99
471124 1 87
471301 3 549
471360 1 130
471632 1 237
472293 2 396
472473 1 185
472623 1 208
472935 1 59
473314 1 133
473484 1 392
474336 1 653
474633 5 133
474819 1 529
475221 3 54
475278 1 762
477949 1 388
477969 1 420
478343 1 179
478563 2 1103
479018 2 604
479619 1 423
479791 1 763
481004 1 87
481161 1 138
481298 1 1019
481326 5 226
482682 4 575
483080 3 419
483729 1 370
483744 1 72
483755 2 2496
485185 1 73
485338 1 416
485486 1 602
485753 1 87
485821 16 438
486777 2 101
487534 2 110
488020 3 348
488044 2 109
488100 2 96
488145 5 268
489549 8 448
489563 4 399
489599 1 340
489715 1 280
490114 2 249
490284 1 723
490719 2 132
490781 2 91
491142 3 1095
492120 1 871
492122 2 103
492730 2 73
492734 4 138
492909 2 323
493578 1 87
494438 1 201
495365 1 234
495575 6 261
495782 1 355
495822 2 86
495967 1 100
496213 1 87
496597 1 1499
496640 2 676
496888 1 72
496910 4 192
497243 2 88
497289 2 719
497311 8 668
497312 1 455
497383 1 198
497644 4 92
497905 3 98
498166 12 249
498426 7 635
498864 4 799
498934 2 799
499055 3 265
499232 1 964
499320 1 59
499341 1 693
499379 1 83
499842 1 481
499852 1 482
500122 7 277
500172 2 82
500678 2 99
501300 9 312
501542 1 85
502102 2 371
502197 3 88
502219 1 70
502267 1 555
502355 2 87
502525 1 570
502694 4 142
502695 2 78
502696 2 113
502697 2 46
503415 1 536
503772 1 717
504057 1 560
504175 1 1154
504569 1 62
505161 1 42
505426 2 820
505458 2 931
505501 4 148
506772 4 253
507142 1 464
507544 2 81
507775 1 156
508026 1 289
508077 1 710
508955 3 623
509466 1 94
509526 1 81
509938 1 967
510795 1 180
512692 1 102
512813 2 639
512942 1 38
514896 1 86
515488 1 530
515566 3 90
516096 3 106
517264 1 99
517341 1 86
517356 1 469
517460 1 96
517888 2 569
518233 4 1262
519469 1 48
519591 3 130
520697 1 617
520704 3 681
521345 1 307
521410 2 91
522483 4 290
522547 1 95
522654 1 86
522737 1 225
522893 4 326
523663 2 2999
523872 1 104
524020 2 97
524347 1 86
524779 1 176
524945 1 432
525159 1 472
525967 1 531
526117 1 116
526286 2 304
526475 1 243
527054 1 174
527351 1 101
527556 5 191
527810 1 44
527842 4 248
528136 2 86
55371 2 52248
56698 8 774
58670 1 42
59998 1 30
60144 1 523
65028 1 509
68051 3 487
70003 1 296
70589 1 71
71142 1 554
72079 1 29
73650 1 1062
74381 2 574
77090 1 705
78215 1 51
81106 1 65
81293 1 104
87820 3 208
87852 10 697
88650 1 183
89404 1 463
93635 1 84
94135 1 442
94137 2 356
94156 1 115
94213 1 130
97578 1 108
101527 1 263
103435 1 572
107929 11 600
109585 5 543
112292 1 430
114778 1 104
117147 1 360
119469 1 502
120284 2 188
120413 2 206
121373 2 713
121442 1 186
121539 1 178
126034 1 557
127360 1 505
131401 1 270
133505 1 519
133595 1 429
134327 1 595
134331 1 216
135849 2 226
138550 1 187
140371 2 1181
141099 4 217
143605 1 113
144274 1 90
144698 1 588
147827 1 198
148821 1 903
149527 1 262
151495 1 795
151591 1 502
153187 2 502
154148 1 967
154596 4 402
154678 3 134
157206 3 490
158804 3 269
158812 1 625
158871 1 497
160021 1 373
164605 1 53
164738 1 47
168328 1 228
170843 1 78
171894 11 559
175309 3 87
176022 1 47
177638 1 153
177884 2 131
179506 3 175
182214 1 233
182961 2 400
184086 1 128
187919 5 606
188170 1 636
188528 1 392
189325 1 410
190189 2 178
190445 1 90
190711 1 320
191121 1 154
200261 1 515
203176 6 393
205535 1 52
205878 1 143
206518 12 720
207661 1 245
208058 1 285
208802 1 302
208807 1 244
209831 1 221
210129 1 124
213834 1 143
215915 1 538
216236 1 412
216852 1 282
218959 1 1346
220723 1 734
221511 2 81
224451 11 726
225097 1 566
226335 1 564
226599 2 68
226698 2 476
229230 20 217
230895 3 365
231973 2 243
235304 1 104
237622 7 670
237659 1 70
239291 1 285
240204 1 58
241017 1 412
241848 3 376
242917 1 142
244630 1 632
246921 1 330
247161 12 312
247226 12 315
247411 13 205
248147 2 517
251295 2 413
252449 3 235
252775 4 95
253227 1 127
253790 1 860
254589 1 150
254701 1 374
254768 1 669
256218 2 429
258788 1 107
259571 1 763
261052 1 508
261180 2 627
261546 1 250
261849 2 219
262507 1 213
264546 3 80
265816 1 25803
269752 3 254
270320 1 138
270321 1 107
273414 2 216
276034 1 118
276232 1 187
276263 1 187
276343 1 211
277489 2 486
277595 1 747
286229 1 2418
286770 1 284
286977 1 163
287110 2 859
287586 1 216
298681 1 199
298705 1 276
299068 1 209
303070 1 341
305237 1 139
306556 1 227
307799 1 132
308264 11 3715
308755 2 813
308793 2 813
308912 62 2304
308947 1 16976
308966 62 2304
309001 1 16976
311032 1 174
312468 1 191
313280 1 239
313808 1 728
313847 1 177
313936 1 288
314417 1 280
314664 1 166
316563 1 251
316566 1 320
316669 1 155
317070 1 189
321174 1 343
324925 2 194
325372 1 284
325636 1 460
326129 1 67196
327122 3 16929
327123 3 16927
327320 1 1722
328153 1 4232
329206 2 185
329700 1 406
331754 1 192
332929 3 201
337022 1 1765
345778 1 783
347420 1 1196
347840 6 542
352672 9 426
352674 1 268
352676 4 298
354455 1 419
356651 1 192
357584 1 154
361041 1 314
361364 1 1053
361455 1 162
370885 1 261
372365 1 407
372838 1 214
376439 3 492
376442 4 449
376583 2 159
380051 1 948
384899 1 384
391559 1 969
391949 1 479
393550 1 30891
393746 1 648
395640 1 17885
395859 1 3099
396258 1 38258
396876 1 100
397976 2 84
398193 2 86
399415 3 145
400461 2 84
400985 4 555
401768 1 1929
402910 2 84
403041 1 292
405378 2 86
405503 2 85
405808 9 2559
406549 1 87
407846 2 86
407915 1 618
408194 1 784
408455 1 249
409047 4 430
409896 1 255
409910 1 372
410143 1 42
410147 1 363
410511 2 87
410818 2 1744
410881 2 1744
412984 2 84
413480 1 675
414153 2 151
414683 1 609
415343 2 87
415504 2 87
416685 6 446
416927 1 58
418738 1 118
419503 2 60
420447 8 364
420658 1 427
421182 5 334
422087 2 242
422464 1 165
425189 1 583
425344 1 86
425594 1 622
425687 2 88
425963 2 423
426480 1 494
427124 1 39
427158 4 142
427223 7 597
427281 1 42
427422 2 135
428065 1 752
428330 1 428
428396 2 87
428431 1 908
429017 1 239
430099 1 155
430424 6 206
430709 2 85
432715 1 240
432876 1 179
432893 5 241
432923 4 1140
434447 3 283
436687 6 212
437358 1 100
438134 3 823
439059 1 860
439429 1 483
440390 1 106
440956 1 238
440958 1 58
441030 2 86
442004 2 475
442224 1 132
442458 1 218
443778 1 120
443807 2 87
445553 1 89
446334 1 518
446825 1 378
448150 1 253
448296 1 127
448463 1 300
448874 2 86
449952 1 77
450408 1 164
451579 1 106
452629 2 39
452869 1 457
455714 1 68
456342 2 86
459035 2 87
459677 1 97
459734 4 361
460129 1 2744
460252 1 201
461420 2 87
463413 3 615
463645 3 101
463686 2 87
464311 1 98
464451 1 539
465394 1 817
465958 2 100
466209 2 87
467402 2 641
467682 2 668
468067 1 1165
468070 1 56
469410 4 217
469548 1 88
470972 2 99
471124 2 87
471301 2 549
471496 1 654
471632 1 237
472494 7 268
473314 1 133
473595 2 52
474633 2 133
474819 1 529
475278 6 762
477949 1 388
477969 1 420
478563 1 1103
479018 1 604
481004 2 87
481161 1 138
482682 3 575
483080 1 419
483755 1 2496
485185 3 73
485486 1 602
485753 2 87
485821 2 438
486066 3 56
488020 6 348
488044 1 109
488100 1 96
488145 2 268
489549 5 448
489563 2 399
489715 1 280
490114 1 249
490719 1 132
491142 4 1095
492122 1 103
492734 1 138
492909 2 323
493578 2 87
494438 1 201
495782 6 355
495822 1 86
496213 2 87
496888 2 72
497243 1 88
497289 1 719
498166 1 249
498426 1 635
498864 1 799
499055 1 265
499232 2 964
499320 1 59
499341 1 693
499379 2 83
499842 1 481
501300 1 312
501542 2 85
502102 2 371
502197 1 88
502219 1 70
502355 1 87
503772 2 717
504057 1 560
505501 2 148
506772 2 253
507775 1 156
508955 3 623
509466 2 94
509526 2 81
509938 1 967
510795 1 180
511748 4 146
512813 4 639
514896 2 86
517264 2 99
517341 2 86
517347 1 58
518109 2 28
518233 1 1262
522547 2 95
522654 2 86
522737 1 225
522893 1 326
524020 2 97
524347 2 86
525967 1 531
526286 1 304
527054 1 174
527351 2 101
527556 2 191
527810 1 44
