32 18 9957
33 574 19382
187 10 382
673 5 196
679 1 296
858 21 372
859 23 359
860 17 340
1396 7 343
1646 57 55438
1890 3 269
1909 16 436
3021 4 404
3022 3 448
3024 1 423
4338 16 16989
4421 9 5382
4483 8 564
5090 5 205
6599 18 386
6600 12 315
6772 3 424
6874 7 396
7734 13 342
7735 6 325
8270 11 348
8273 6 453
8568 4 416
8918 6 349
9166 162 17203
9553 1 574
9687 6 581
9690 1 174
9692 3 599
9695 22 439
10174 7 439
10377 2 537
10422 9 557
10620 28 446
10857 39 5056
10907 14 206
10909 14 260
10916 12 397
12404 12 149
12602 18 388
12709 65 20008
12780 7 391
12781 4 381
12985 6 7361
13850 4 213
14133 1 404
14513 17 163
15092 15 309
15099 27 204
15612 5 658
15613 1 409
15615 3 555
15722 18 398
15723 24 723
15855 2 507
15863 3 522
16049 6 650
18087 6 585
18256 30 488
18591 9 364
19149 27 386
19155 19 316
20814 6 13056
21220 2 6993
21291 26 730
21295 8 377
21301 10 578
21303 8 475
21305 30 785
21307 21 751
21308 14 754
21309 20 752
21459 23 16007
21614 112 32241
22335 14 329
22442 1 367
23326 2 476
23777 13 227
24410 3 366
24624 23 373
24635 2 197
24638 12 459
24948 13 598
24949 13 247
24954 14 469
24955 3 402
24961 4 322
25332 22 367
25453 3 413
25462 1 251
26016 1 356
27387 6 516
27467 6 380
27468 4 291
27968 40 459
27969 14 184
28479 10 288
28515 6 226
28516 10 661
28847 4 359
28848 2 307
29552 3 265
29556 5 255
29557 2 289
29559 7 262
29563 5 309
29564 4 301
29963 15 443
30348 9 461
30374 9 384
30446 6 12899
30964 14 1006
31162 3 21
31202 15 549
31846 11 5130
32186 52 765
32187 37 484
32188 23 465
32202 26 311
32203 35 503
32213 46 509
32214 30 487
32224 50 564
32225 26 331
32238 32 493
32357 5 531
32365 1 334
33179 1 142
33793 21 236
34585 2 186
34722 9 13257
34732 68 9225
35855 2 296
36181 15 317
36391 3 10294
36556 6 13014
36802 52 29903
37191 13 370
39732 2 629
39735 2 602
40359 22 4913
40406 7 372
40581 11 403
40608 1 371
41375 8 541
41381 3 450
41425 13 257
41682 4 427
42447 8 542
42636 9 333
42637 9 321
42642 1 281
43606 5 190
43610 10 341
45280 9 268
45308 22 239
45947 12 11759
46014 28 468
46475 1 265
46917 13 10490
47533 2 316
47642 5 11472
47853 1 548
49209 7 337
49287 9 372
49290 10 394
49291 4 180
49958 2 212
50682 56 32839
50683 7 9266
51523 4 166
51714 6 400
52214 128 64459
52744 12 520
52747 3 616
52857 2 999
53066 3 344
53096 14 6232
54008 16 311
54009 23 441
54011 12 454
54017 12 424
54018 4 575
54022 21 446
54029 9 517
54031 6 207
54032 11 402
54033 16 569
54034 19 472
54304 1 301
54794 4 496
55054 5 218
55371 86 52248
55372 5 100383
55375 6 40486
55528 2 228
55530 2 394
55538 2 275
55539 5 403
56729 6 136
57536 6 64
57629 7 489
59684 7 148
59991 3 36
60567 15 785
60631 21 284
63402 1 51
63957 5 794
64002 3 363
64411 8 506
64888 1 118
65127 1 549
68083 14 211
68477 17 320
68514 19 497
69100 1 30
69108 1 33
69641 1 706
69917 2 995
70308 3 113
70471 11 186
71196 17 529
71605 1 856
72980 8 227
74665 7 176
74901 2 88
75773 1 403
79232 3 280
81712 1 484
83209 1 125
84201 10 567
86148 2 174
87124 3 178
88587 1 57
89501 9 358
90432 1 63
90486 1 38
90492 133 2141
90945 2 91
91257 1 404
91659 13 478
91803 1 757
93693 6 285
93730 6 655
93747 8 249
94182 5 324
94391 11 451
94392 5 316
95002 7 457
95232 1 60
95409 1 100
95848 1 598
96672 1 597
96697 22 408
97202 11 263
97484 7 437
98094 4 463
98279 3 221
98720 1 40
99211 1 747
101827 6 58
102458 2 356
103690 1 742
105449 15 512
105862 5 122
110049 14 242
111997 2 51
112009 8 309
113469 1 118
114138 1 202
114526 1 837
114801 20 604
115704 18 519
115806 2 905
115827 3 558
115896 3 192
116386 1 42
117580 4 139
120034 10 697
120853 2 88
122406 6 221
122705 2 749
123973 7 474
124366 1 488
126148 4 420
128131 1 74
128861 25 671
129019 4 635
129205 1 81
129340 5 242
129557 1 567
129769 4 218
130458 4 212
130718 4 406
131140 4 305
131592 11 296
132726 3 361
133249 1 71
133280 4 114
136928 3 152
137418 9 457
137532 4 483
138152 1 148
138475 4 544
140160 3 68
141845 5 772
142457 11 281
142629 4 278
145144 5 211
145641 7 1039
145739 11 430
147555 6 271
148759 2 467
148887 3 165
149516 15 526
153077 7 202
155467 6 502
155475 11 301
155758 8 289
157199 22 1160
157269 3 164
157981 3 289
158355 8 236
159296 8 188
160115 13 348
160324 13 411
160326 6 134
160772 10 507
161236 8 576
161237 3 112
161274 5 64
162109 1 563
162474 8 280
162600 19 312
163194 3 252
163262 2 149
164609 13 488
164803 3 386
165740 5 274
166600 2 94
166623 6 429
167244 6 292
167855 4 91
168640 3 324
169041 12 478
169310 4 65
169561 3 61
169781 4 89
169808 4 160
171433 14 719
171451 3 236
171846 4 141
172328 2 114
174364 2 46
175191 16 1160
175280 20 475
175283 9 242
175284 3 98
175508 5 233
175532 6 171
175591 15 478
175797 1 423
175804 2 688
175942 10 548
176087 2 180
176144 9 511
176147 15 344
176148 4 411
176199 6 544
176268 2 236
176394 12 268
176518 20 389
176613 9 139
177626 5 65
178934 9 391
178990 6 3085
179077 1 1111
180974 6 629
180982 3 222
181566 5 75
184115 1 44
185130 4 254
186174 7 484
186193 1 91
186476 9 118
186784 5 363
187263 1 82
187358 17 655
187597 2 525
187766 9 617
188841 1 74
190414 4 887
190763 11 1025
191323 7 244
191805 1 93
193700 13 526
193928 1 105
196336 7 245
198273 3 53
199236 2 96
199240 2 153
199762 8 649
200152 1 610
200554 16 556
200681 10 293
201216 4 391
201386 11 515
201553 4 266
201809 1 42
202116 9 254
203566 2 258
204489 10 255
204575 1 668
204728 3 516
208058 9 285
208451 3 242
208512 6 309
208830 18 554
208962 8 82
209042 7 945
209285 5 349
209342 9 107
209829 18 629
209987 8 253
210214 5 302
210436 4 507
210583 3 518
212051 2 52
212268 2 255
212443 6 211
212451 6 214
212585 5 273
212639 8 250
213562 7 123
214441 2 91
214835 1 566
215409 4 95
216270 1 77
216898 1 70
216999 2 618
217560 6 511
217890 3 497
218081 4 212
218854 4 342
219853 1 155
219867 9 336
220564 7 230
221589 2 554
222068 1 525
223526 3 684
224766 15 533
225008 7 103
225029 9 136
225051 3 243
225269 6 71
226092 2 618
226997 1 436
227544 8 149
228249 3 241
228471 5 298
228729 7 178
229066 3 373
229778 19 611
230335 8 158
230362 10 592
230627 3 244
231494 6 407
232011 1 261
232214 1 103
232303 4 292
233060 6 383
233403 6 414
234142 15 1197
235401 1 187
236342 4 329
237677 1 261
238227 12 459
238461 11 291
238687 2 367
239894 9 399
240172 9 651
240175 10 329
240176 2 571
240346 2 211
240511 1 325
240530 4 174
240562 5 216
240718 2 208
240949 1 209
241019 9 601
241022 2 197
243564 2 184
243568 7 347
244329 4 91
244543 3 162
245149 7 461
246378 7 308
246519 4 93
246998 5 97
249599 1 173
249694 7 614
249800 6 252
250313 2 2682
250325 11 6286
250346 11 331
250800 1 66
251551 6 437
253333 5 707
254686 2 77
254835 6 584
254862 2 169
255358 4 111
256063 1 94
256855 4 62
257182 3 78
257382 2 216
258084 6 85
260447 9 438
261044 7 250
261205 2 71
261735 5 237
261876 2 272
261885 2 340
262073 9 205
262155 4 41
262791 1 1179
263094 10 699
263639 1 44
263640 1 52
264320 1 176
265272 3 134
265375 2 111
265816 14 25803
265854 7 21100
267461 6 867
267778 8 5216
268253 9 791
268986 9 112
270890 6 2870
273533 1 85
276642 1 2816
277071 1 117
280619 16 11500
286583 42 19748
288248 11 184
288254 1 287
288333 4 454
288341 4 205
288373 6 313
288408 1 196
288422 1 102
290117 3 188
290209 4 618
290256 1 30074
290407 39 692
290408 6 115
290409 6 137
290410 11 1149
294912 3 262
294967 8 7544
296052 4 193
301865 1 18367
303734 3 25485
306237 1 26903
307453 57 49380
308513 7 8438
308859 274 5677
308907 4 13313
308929 7 12027
308947 10 16976
308961 4 13313
308983 7 12027
309001 10 16976
310839 1 316
311108 1 261
311465 8 438
311982 5 394
312135 2 701
312806 1 141
317234 16 1056
320193 12 300
320247 3 10051
322372 8 159
322624 8 159
324044 2 122
324870 11 182
325540 70 3234
325759 6 315
326123 23 14885
326129 82 67196
326193 2 123
326209 4 160
326227 8 569
326232 11 198
326237 5 280
326242 4 129
326310 2 118
327349 326 8654
327352 39 691
327353 6 114
327354 6 136
327356 21 1565
327365 41 1164
327394 4 22044
327407 1 18061
329208 18 9390
329209 1 5843
329225 18 7875
329231 5 7437
330245 7 4448
330288 6 124
331432 9 8083
331499 1 180
332460 9 239
332541 11 237
332888 12 240
333533 13 1115
336719 38 6871
336851 14 206
337970 7 193
338029 3 288
343987 3 81
346153 3 51
347837 24 63219
347869 7 47445
348198 12 2945
350317 40 894
350318 27 636
350319 28 462
350496 1 14081
352322 31 326
352626 18 7519
353262 1 1592
353379 7 144
353731 11 193
354043 4 3871
354044 6 4950
355667 4 189
356092 5 315
356155 11 1803
356695 1 146
358477 20 267
359152 20 9815
359226 26 429
359359 19 303
362208 6 108
362390 6 135
364146 2 1022
365026 2 90
365498 7 413
369977 12 321
370048 1 127
371194 1 107
372406 20 14595
373252 1 218
373834 1 44460
374795 5 389
374809 3 503
374939 2 141
374943 9 273
374994 3 13993
374995 3 4000
375887 22 346
376386 10 9418
376610 9 7750
377197 5 8628
377732 1 116
377749 1 116
378071 7 7768
378266 7 7092
378749 3 148
379397 6 1489
384260 3 327
384457 6 277
384766 4 268
385975 10 2246
385979 13 3672
385980 5 3649
386520 6 106
389906 6 113
393550 1 30891
393747 25 58177
394126 7 1004
394898 14 26758
395019 3 270
395069 1 114
395073 22 572
395839 4 549
396001 2 88
396258 10 38258
396505 1 818
397199 1 85
397287 1 439
397810 6 405
398284 2 544
398605 1 656
398690 4 467
399507 2 86
399900 48 838
400338 3 649
401584 7 94
402266 3 408
403363 1 382
403535 1 547
403710 2 1562
403958 6 134
404246 14 913
404574 21 638
404696 1 541
404933 10 323
405498 3 135
405675 21 1384
405786 17 650
405914 6 779
406233 8 226
406958 4 642
407079 1 240
408132 45 896
408142 22 703
408259 1 613
408294 10 273
408596 2 133
408834 3 401
408880 6 709
408923 2 358
409072 6 475
410507 3 853
410939 4 417
410983 6 1040
411132 5 72
411252 21 510
412127 2 128
412633 15 579
412747 8 1000
413012 12 400
415114 3 290
415286 4 641
415588 3 432
415773 3 378
417331 2 573
417992 20 683
418192 1 1027
418221 5 606
418516 1 83
418753 1 32
418866 9 414
419076 12 426
419092 1 1545
419660 4 530
419780 6 483
420542 6 230
421189 1 2810
421494 9 636
421833 1 76
423011 3 757
424197 1 30
424527 1 393
424597 2 373
424993 8 715
425116 8 92
425635 2 845
427381 6 366
427916 7 437
428122 20 320
428216 3 575
428449 15 705
429089 22 533
429756 14 483
429984 10 983
430570 2 130
431256 2 67
431375 3 92
431553 29 1001
432046 1 51
432089 37 1811
432502 2 84
432570 1 394
433096 23 432
433637 1 501
433806 9 225
433818 22 432
434035 3 113
434038 2 117
434572 8 413
434702 7 206
434897 4 103
435025 1 476
435309 1 363
435608 5 242
435609 6 65
436984 3 235
437112 58 1728
437300 1 93
437768 5 182
438712 1 658
439012 1 494
439016 13 392
439048 25 724
439108 5 1314
439235 3 148
439377 1 669
440325 42 681
440327 14 480
440443 13 1009
440530 4 114
440725 2 588
441613 2 439
441701 1 370
441786 6 1069
442274 1 103
442562 2 91
442751 1 420
442876 1 77
443066 6 726
443181 23 560
443565 8 184
444225 4 154
444880 12 846
445014 5 259
445526 16 565
445886 8 262
445912 1 97
446194 12 941
447408 12 1259
448540 4 364
448770 1 410
449298 3 1321
449441 2 309
449504 11 149
450494 1 462
450625 2 1162
450952 1 330
451383 7 510
451583 2 824
451625 8 1562
451750 3 1313
451973 4 329
452313 1 417
452451 1 74
452585 4 430
452822 2 339
453337 8 364
453799 4 837
454181 20 404
454200 5 184
455674 4 1733
456010 1 479
456640 33 557
456959 6 951
457281 6 181
458932 4 80
459069 11 137
459075 2 674
459871 5 399
460129 9 2744
460259 13 482
460596 5 1297
460751 4 68
461726 3 785
461861 5 87
462113 4 187
462650 6 419
462938 1 750
463475 3 1103
463896 5 154
464363 8 198
465705 2 460
466208 11 739
466830 10 238
466961 55 1550
468760 6 625
469288 3 151
469652 13 505
469826 1 609
469975 4 147
470929 15 357
471110 5 126
471516 4 136
471644 6 177
473284 10 1199
473807 4 522
474023 12 339
474338 23 1136
474508 4 505
475172 9 388
475803 7 362
476250 24 3982
476479 5 295
477915 3 617
478560 23 911
478742 2 1205
478774 4 156
479411 2 59
479625 12 1163
480323 2 969
481070 4 589
481799 1 93
481939 7 403
482874 3 917
483162 7 512
483169 3 486
483318 8 487
483343 5 637
483705 3 963
483842 13 329
483910 9 3011
484471 1 449
485059 6 224
485101 2 652
485234 2 431
485813 6 638
486015 3 565
486029 3 1063
486202 2 556
486342 3 1253
487502 2 194
487789 2 117
488095 8 751
488523 1 198
488894 7 1436
488926 10 887
489018 7 931
489625 1 79
490808 3 103
490823 14 532
490832 18 387
491697 1 581
491778 1 632
491980 11 1141
492097 15 1363
492136 16 1459
492511 2 219
492708 1 242
492995 6 428
493038 1 525
493502 2 432
493729 4 978
493997 12 499
494045 13 512
494214 3 695
494346 9 672
494354 3 595
494357 17 378
494827 18 525
494867 3 257
495188 21 578
495444 7 225
495476 5 629
496267 10 597
496397 12 590
496418 7 165
496450 3 429
496596 2 2298
496688 6 481
497164 5 257
497280 1 90
497329 11 396
497549 7 318
498065 7 536
498485 6 87
498717 3 630
498739 2 163
499188 9 584
499425 2 133
499776 3 1070
500018 11 466
500568 6 500
500628 9 773
501189 8 507
501536 1 52
501621 27 597
501779 2 548
502045 23 764
502164 2 985
502549 7 431
502624 14 668
502982 2 47
504304 13 774
504440 13 466
504802 7 421
504830 1 637
505326 1 83
505377 1 1333
505483 5 158
505932 2 324
506275 4 502
506919 1 83
507099 15 981
507302 5 402
507574 1 86
508256 2 832
508855 7 127
509218 3 117
509283 15 441
509852 2 582
509998 9 1750
510160 4 931
510647 20 404
510655 8 275
510694 2 730
511683 1 577
512608 7 333
512675 15 598
513156 2 84
514078 6 590
514200 5 509
514201 4 371
515075 10 803
515380 7 472
515507 10 326
515769 1 76
517515 1 542
517641 1 534
517856 4 465
517989 25 610
519164 13 890
519422 1 646
521525 5 138
521788 4 99
522112 1 409
522251 8 485
522697 15 442
523129 14 582
524843 1 666
525486 2 945
525606 7 2915
525708 2 608
525845 22 1632
527178 1 398
527446 1 811
528062 12 2803
33 1 19382
187 5 382
679 3 296
1646 2 55438
4338 11 16989
4483 3 564
6772 1 424
7613 30 452
7620 13 569
7631 18 371
7632 18 409
8568 1 416
9553 14 574
9690 2 174
9692 1 599
10422 2 557
10620 1 446
10857 5 5056
12602 1 388
12709 2 20008
12790 15 699
12985 11 7361
16049 9 650
18087 1 585
20814 15 13056
21291 2 730
21295 4 377
21301 1 578
21303 1 475
21305 3 785
21307 2 751
21308 1 754
21309 3 752
21459 22 16007
21614 4 32241
24410 6 366
24638 1 459
24948 7 598
24949 3 247
24954 2 469
24961 1 322
25202 16 433
25203 18 213
25206 29 570
25332 2 367
27387 3 516
27467 17 380
27468 7 291
28515 2 226
28516 2 661
28847 3 359
28848 5 307
29552 4 265
29556 10 255
29557 16 289
29559 3 262
29563 10 309
29564 16 301
29963 5 443
30348 2 461
30446 2 12899
33179 8 142
33642 8 229
35855 3 296
36556 15 13014
36699 6 571
36802 2 29903
38246 16 372
39953 27 609
39972 15 370
39975 17 432
40581 3 403
40608 1 371
41425 3 257
42447 4 542
42636 5 333
42637 9 321
42642 1 281
44366 10 12535
46917 2 10490
49287 2 372
49290 4 394
49291 4 180
51523 1 166
52857 18 999
53066 1 344
53096 1 6232
54008 2 311
54032 1 402
54034 2 472
54304 2 301
55371 72 52248
55372 1168 100383
55375 981 40486
55528 1 228
55530 1 394
55538 1 275
55539 1 403
57629 1 489
59684 8 148
63957 3 794
64411 21 506
64888 2 118
65279 2 316
68083 13 211
68234 6 94
68477 6 320
68514 14 497
68690 13 648
69641 18 706
69917 2 995
70308 1 113
70471 2 186
71196 9 529
71576 9 532
71605 5 856
72980 3 227
74665 4 176
74901 4 88
75773 1 403
81712 1 484
81729 28 515
83209 8 125
84201 9 567
85420 30 672
87124 3 178
88587 3 57
90492 1 2141
90736 2 56
90945 8 91
91659 4 478
93693 3 285
93730 12 655
93747 2 249
94182 1 324
94391 8 451
94392 7 316
95002 13 457
95232 2 60
95409 3 100
95888 30 487
96597 5 76
96697 1 408
97484 1 437
98475 2 1207
98720 2 40
103690 1 742
105862 2 122
106353 9 275
107876 1 592
108369 5 56
110049 4 242
111427 6 86
111997 1 51
112009 14 309
113469 1 118
114801 19 604
114925 26 558
115704 5 519
115806 2 905
115827 5 558
117707 12 363
118405 1 1016
120034 4 697
122406 1 221
123973 10 474
124366 24 488
125356 4 38
126148 16 420
128340 7 86
128861 8 671
129205 8 81
129340 2 242
129557 37 567
129769 4 218
130190 1 827
130458 2 212
131140 3 305
133249 6 71
133980 3 217
136889 3 45
136890 8 62
136928 5 152
137418 4 457
137532 5 483
139135 16 168
141845 3 772
142274 1 214
142629 7 278
142827 2 39
142832 6 46
144340 4 75
145144 3 211
145957 2 37
145962 5 46
147555 7 271
148847 2 455
148887 3 165
149516 6 526
153077 4 202
155467 12 502
155475 8 301
155758 2 289
157131 3 56
157199 11 1160
157269 2 164
159296 1 188
160115 6 348
160324 4 411
160326 9 134
160445 1 63
160772 8 507
161236 6 576
161237 3 112
162109 12 563
162245 27 396
162474 5 280
162600 4 312
163262 3 149
164609 9 488
164789 10 401
164803 1 386
165740 9 274
166623 5 429
167855 1 91
168602 6 57
168640 8 324
169041 3 478
169781 1 89
169808 2 160
170378 6 47
171451 4 236
171846 9 141
175191 7 1160
175280 6 475
175283 1 242
175284 4 98
175469 5 43
175508 1 233
175532 1 171
175591 20 478
175804 3 688
175942 7 548
176087 2 180
176144 8 511
176147 4 344
176148 3 411
176199 17 544
176268 8 236
176356 3 42
176391 7 53
176394 7 268
176518 5 389
176547 4 40
176613 4 139
178978 14 143
178990 2 3085
179077 4 1111
179480 3 50
180937 6 123
180974 4 629
184326 5 47
184328 4 41
184331 5 41
184419 24 603
184724 5 53
185130 9 254
185902 3 86
186028 3 40
186174 13 484
186784 2 363
187263 5 82
187358 3 655
187597 11 525
187766 8 617
188847 6 70
189746 8 145
190753 12 188
190763 19 1025
191323 2 244
191805 1 93
193700 4 526
196336 3 245
196782 1 662
198273 1 53
199762 28 649
200554 5 556
201216 2 391
201386 8 515
201809 2 42
202116 6 254
203566 5 258
204481 1 747
204489 7 255
204585 1 103
204728 19 516
206184 13 156
206190 2 256
206289 6 52
207153 4 41
207208 5 673
208058 3 285
208512 19 309
208830 16 554
208962 4 82
209068 36 480
209285 1 349
209519 5 49
209829 2 629
209947 6 88
209987 2 253
210214 4 302
210436 2 507
210583 1 518
212268 3 255
212443 14 211
212451 13 214
212585 2 273
212639 13 250
213562 7 123
213641 5 47
213643 5 44
213647 5 44
214441 1 91
215409 3 95
216999 1 618
217560 6 511
217890 27 497
218854 5 342
219829 5 69
219853 12 155
219867 6 336
220564 6 230
221589 2 554
223397 2 162
223526 21 684
224766 3 533
225051 3 243
226092 22 618
227544 9 149
228001 4 262
228249 2 241
228471 6 298
228729 4 178
229066 16 373
229778 8 611
230335 9 158
230627 3 244
232303 7 292
233060 7 383
233403 11 414
234142 6 1197
235020 25 275
235076 35 494
235401 4 187
237677 1 261
238227 14 459
238461 9 291
238687 6 367
239894 6 399
239922 6 45
239923 4 41
240172 8 651
240175 8 329
240176 3 571
240346 2 211
240509 4 40
240511 1 325
240530 4 174
240562 6 216
240718 4 208
241019 5 601
241022 4 197
243564 2 184
243568 5 347
243778 5 45
244329 5 91
244543 4 162
245149 3 461
246104 3 66
246378 13 308
246519 1 93
248862 4 71
249495 17 278
249599 5 173
249694 3 614
249800 14 252
250313 1 2682
250325 10 6286
250679 35 468
250800 1 66
251551 3 437
252275 3 55
253333 3 707
254835 1 584
254840 42 1028
255282 5 42
255358 5 111
255735 2 561
256063 7 94
256854 3 67
258084 5 85
258423 3 85
258454 2 59
259559 2 79
260447 4 438
261640 18 194
261735 4 237
261876 1 272
262073 8 205
263094 6 699
263631 5 42
263637 5 41
263639 2 44
263640 2 52
264320 15 176
265816 17 25803
265854 16 21100
267778 19 5216
268253 19 791
270890 4 2870
273533 2 85
276642 2 2816
280619 9 11500
286583 7 19748
288248 1 184
288341 2 205
290407 35 692
290408 5 115
290409 5 137
290410 57 1149
294967 4 7544
296052 2 193
301865 2 18367
303734 1 25485
305948 78 1095
307453 33 49380
308513 3 8438
308859 11 5677
308907 5 13313
308929 6 12027
308947 6 16976
308961 5 13313
308983 6 12027
309001 6 16976
310335 30 355
310839 34 316
310968 4 100
311306 28 417
311982 10 394
312806 4 141
313234 33 411
317234 2 1056
320247 2 10051
324044 2 122
324870 1 182
326123 3 14885
327349 22 8654
327352 35 691
327353 5 114
327354 5 136
327384 2 19585
327394 3 22044
327407 41 18061
329208 6 9390
329209 8 5843
329225 18 7875
329231 4 7437
330245 6 4448
331432 7 8083
333533 41 1115
336719 15 6871
336851 5 206
337970 3 193
342615 5 101
347837 4 63219
350317 2 894
350318 23 636
350319 21 462
350496 40 14081
352626 2 7519
353731 1 193
354043 10 3871
354044 6 4950
355834 21 267
356155 5 1803
356182 20 195
356843 17 180
357444 17 181
358477 7 267
359152 65 9815
359226 9 429
359359 12 303
369977 4 321
372406 1 14595
374939 7 141
374994 8 13993
374995 5 4000
375887 7 346
376386 6 9418
376610 4 7750
377197 3 8628
377657 20 245
378071 12 7768
378266 9 7092
380445 5 147
385975 26 2246
385979 1 3672
385980 3 3649
389906 1 113
393550 1 30891
394898 1 26758
395839 3 549
396258 28 38258
396505 1 818
397810 11 405
398284 1 544
398605 1 656
398690 4 467
399507 2 86
399690 1 602
399900 27 838
400032 3 35
400338 7 649
400763 6 547
401119 2 932
402266 2 408
403418 10 177
403710 63 1562
403958 5 134
404246 18 913
404574 16 638
404933 6 323
405498 8 135
405500 25 385
405675 3 1384
405786 12 650
405914 1 779
406233 5 226
408132 16 896
408142 10 703
408259 4 613
408294 6 273
408381 2 101
408923 1 358
410939 10 417
410983 5 1040
411132 1 72
412127 2 128
412633 34 579
412747 2 1000
413012 13 400
413302 5 1242
414086 3 97
415588 2 432
417331 15 573
417992 16 683
418192 1 1027
418866 10 414
419076 8 426
420245 23 580
421189 2 2810
421833 8 76
422319 33 1259
423011 1 757
423746 1 618
424597 11 373
424993 3 715
425116 1 92
425635 2 845
427381 8 366
427916 4 437
428063 14 541
428122 12 320
428449 7 705
429089 14 533
429756 27 483
429984 1 983
431256 2 67
431375 5 92
431553 12 1001
431989 20 362
432046 3 51
432089 51 1811
432570 2 394
433096 20 432
433806 2 225
433818 5 432
434035 2 113
434038 2 117
434572 19 413
434625 10 102
434702 10 206
434897 2 103
435480 20 556
435608 12 242
435609 4 65
436984 3 235
437112 14 1728
437300 1 93
437768 5 182
438712 1 658
439016 1 392
440325 4 681
440327 12 480
440443 23 1009
440530 1 114
441786 2 1069
442274 6 103
442562 7 91
442876 1 77
443066 9 726
443181 6 560
443565 9 184
444225 3 154
444880 2 846
444974 1 39
445014 5 259
445526 2 565
445886 11 262
445912 6 97
446194 19 941
447408 31 1259
447742 14 600
448540 18 364
448770 7 410
449298 3 1321
449441 11 309
450055 33 523
450494 1 462
450625 2 1162
450952 19 330
451259 26 367
451383 29 510
451583 1 824
451750 1 1313
451973 1 329
452451 2 74
452585 2 430
453337 8 364
454181 6 404
454200 5 184
456010 1 479
456640 8 557
460129 1 2744
460259 19 482
460751 1 68
460941 28 478
461726 2 785
461730 12 253
461861 2 87
462113 3 187
462634 15 789
462650 23 419
463475 7 1103
463896 5 154
463984 17 535
464363 4 198
466073 14 306
466208 27 739
466275 4 406
466638 37 470
466822 5 1255
466830 6 238
466961 26 1550
468053 13 255
468760 1 625
469288 11 151
469412 20 1038
469652 4 505
469826 1 609
469975 6 147
470760 2 1044
470929 1 357
471110 6 126
471516 4 136
471642 16 206
471644 2 177
471865 19 396
472502 39 881
473284 10 1199
474023 3 339
474338 17 1136
474504 16 321
474508 16 505
475172 10 388
476250 9 3982
477003 17 498
477122 15 686
477176 1 86
477787 25 462
477915 21 617
478560 1 911
478774 1 156
478965 15 643
479377 3 91
479411 3 59
479625 7 1163
479884 26 802
480304 16 537
480323 2 969
480374 18 468
480713 27 535
480932 14 376
480941 14 231
481799 1 93
481939 2 403
482070 2 35
482096 20 476
482321 18 276
482874 2 917
483318 2 487
483343 3 637
483616 14 507
483705 8 963
483707 13 253
483781 21 463
484471 1 449
485059 10 224
485101 1 652
485234 1 431
485482 18 502
485813 1 638
485843 26 611
486015 3 565
486029 2 1063
486202 1 556
486342 3 1253
486702 21 364
486967 24 489
487136 1 673
487665 11 269
487789 3 117
488095 3 751
488523 3 198
488894 12 1436
488926 23 887
489018 4 931
489247 20 351
489625 1 79
490021 3 328
490357 15 266
490832 3 387
492082 11 891
492511 3 219
492708 15 242
492995 2 428
493038 25 525
493502 2 432
493729 1 978
493997 8 499
494214 1 695
494346 8 672
494357 10 378
494776 3 78
494827 8 525
495188 17 578
495444 2 225
495476 2 629
495571 13 507
495638 13 376
495729 18 360
496267 14 597
496397 6 590
496450 30 429
496688 2 481
497164 6 257
497178 22 337
497280 5 90
497329 1 396
497549 3 318
498065 3 536
498530 1 100
498717 7 630
498739 2 163
498852 18 564
499425 8 133
499997 23 499
500018 13 466
500568 26 500
500628 13 773
500739 28 412
501105 13 321
501189 3 507
501693 15 663
501779 36 548
502045 17 764
502164 2 985
502214 19 1021
502549 2 431
502624 15 668
502982 3 47
503268 25 505
503816 34 735
504138 19 577
504304 1 774
504331 1 1314
504440 3 466
504802 1 421
505326 1 83
505377 1 1333
505483 5 158
506217 2 56
506275 4 502
506919 6 83
507099 1 981
507302 2 402
508256 44 832
508368 1 188
508855 2 127
509062 10 90
509283 14 441
510349 10 1104
510647 4 404
510655 20 275
510694 1 730
510948 19 409
511683 23 577
512608 4 333
512675 7 598
512679 8 144
512770 18 679
513156 3 84
514078 1 590
514200 11 509
514201 2 371
515075 40 803
515769 2 76
516334 1 703
517515 37 542
517641 13 534
517856 1 465
517989 12 610
518823 28 767
519263 21 484
519422 4 646
519756 29 537
520458 29 744
520465 18 385
520613 20 720
520770 15 473
520839 31 881
520846 19 240
521349 18 610
521788 6 99
522338 1 134
522367 30 657
522697 8 442
523129 4 582
523626 21 653
524004 28 877
524843 28 666
524955 12 291
525014 3 85
525486 7 945
525606 2 2915
526138 50 946
527446 2 811
527852 21 589
528062 13 2803
9686 1 310
10377 1 537
18005 1 453
18018 1 476
19906 1 606
23326 1 476
26016 1 356
31591 1 296
41682 1 427
42655 1 431
47533 1 316
51714 1 400
64002 1 363
79116 1 327
87851 1 405
91803 1 757
95848 1 598
96672 1 597
103690 1 742
107876 1 592
118865 1 651
119468 1 432
120422 1 352
122705 2 749
129019 1 635
130190 1 827
138475 1 544
140927 2 289
141088 1 581
143811 1 266
145641 4 1039
154732 1 525
157724 1 469
159814 1 647
162098 1 154
163834 1 509
165949 1 398
168590 1 463
171433 1 719
174258 1 474
175797 1 423
175804 1 688
195879 2 496
200152 1 610
201102 1 420
203738 1 434
204481 1 747
204575 1 668
210911 1 885
214407 1 204
214835 1 566
217717 1 328
223046 1 460
226560 2 519
230362 1 592
231694 1 637
232011 1 261
232196 1 415
239466 1 603
252248 1 219
254628 1 275
256412 2 262
266951 2 2420
267090 1 291
277071 1 117
291199 1 519
298835 1 1273
299516 1 501
309614 1 213
353262 1 1592
380262 1 276
385975 1 2246
394898 1 26758
394913 1 278
397162 1 539
398654 1 698
403535 1 547
404696 1 541
406958 1 642
408880 1 709
419092 1 1545
424243 1 408
439108 2 1314
439377 1 669
439628 1 241
440725 1 588
441765 1 843
442751 1 420
448747 1 218
468305 1 335
468760 1 625
469420 1 244
473568 1 557
476479 1 295
478086 2 320
481070 1 589
481323 1 684
495703 1 534
512420 1 558
514078 1 590
514498 4 678
515346 1 521
522112 1 409
527178 1 398
527826 1 546
