1646 9 55438
2641 1 17392
3505 5 2286
4137 16 16130
7410 1 344
7413 1 269
8148 5 17754
9331 6 506
12247 1 555
15336 1 575
17051 1 652
19513 3 548
20086 2 185
20577 2 373
21507 2 171
21614 23 32241
22310 1 498
24337 4 378
24366 4 419
24581 1 298
24930 21 11103
25817 2 421
25818 3 512
25819 5 488
25820 6 466
25826 2 422
25827 4 523
25888 3 518
25889 1 116
25890 1 121
25891 1 134
25896 1 476
25897 4 226
25898 6 460
25901 6 376
26686 135 6448
27424 3 13034
31234 9 587
31450 1 618
31453 1 710
31454 1 523
31455 1 651
31456 2 604
31466 1 178
31629 1 21435
31655 2 244
32157 2 472
34122 1 1040
34693 24 1465
36136 1 228
36137 1 446
36363 5 5701
36498 4 20156
38004 1 469
39279 1 405
39289 3 316
39291 2 172
39298 3 232
39314 1 324
39327 2 354
39334 3 349
40697 2 241
42004 1 961
43640 1 18238
45872 3 15512
50358 6 776
50844 1 373
52678 3 15365
53429 2 257
53433 2 188
53445 14 842
53777 2 557
53778 4 576
53779 6 450
53782 1 58
54536 2 232
55371 1 52248
55648 2 326
70327 1 646
70329 1 81
76053 5 341
83592 2 523
88521 1 338
98562 1 103
100200 4 347
100886 1 127
105306 27 614
112533 1 100
113616 2 682
114613 3 559
119057 1 533
123611 1 569
124459 2 87
129264 1 108
139164 3 140
145598 1 398
146244 1 209
146257 1 289
152038 1 634
155959 1 144
160509 1 428
173111 6 217
176218 1 285
177706 1 619
178876 1 151
182409 1 653
184412 1 561
188815 2 606
190542 2 422
193403 1 128
193449 1 89
193765 2 155
196253 1 895
203816 1 208
206278 2 115
218688 2 401
219537 1 273
221165 1 362
225604 4 567
225605 2 233
225960 1 128
228267 1 232
233051 2 404
235325 2 102
235611 1 94
238420 1 506
238723 1 1249
239992 1 139
252232 1 334
259584 1 511
261717 1 72
263650 2 406
269394 1 129
269429 1 129
269711 7 982
286450 1 310
286735 3 2545
286772 7 424
286805 3 205
286928 23 272
286931 1 234
286933 6 245
286985 9 5408
287013 3 499
287027 10 946
287046 1 259
287052 6 2922
287053 5 2528
287055 5 2284
288230 16 933
289480 1 1052
290014 2 995
290256 5 30074
290435 9 8814
290465 1 15747
293934 2 261
305977 2 3942
306002 6 1112
306132 10 1017
306140 6 1389
306233 1 149
306237 1 26903
306305 2 500
306316 7 1503
306333 1 256
306750 1 114
307443 6 449
307453 14 49380
307685 1 114
308165 2 973
308168 4 1171
308246 2 20735
308247 6 410
308248 2 183
308760 2 2376
308763 1 1539
308786 1 1397
308789 1 3638
308798 2 2343
308801 1 1523
308824 1 1393
308827 1 3641
308872 1 908
308895 1 213
308896 4 160
312828 1 904
323901 3 1057
325111 1 1144
325340 5 209
325420 2 847
325438 1 257
325483 4 781
325486 1 688
325488 1 364
325492 1 527
325493 2 1103
325510 122 3054
325512 7 1084
325514 1 1887
325535 1 6095
325537 1 4579
325542 2 3842
325574 3 191
325578 10 2828
326123 3 14885
326170 5 202
326399 10 1027
326449 3 155
326517 3 1062
326990 1 1360
327250 2 118
327403 7 5903
327407 2 18061
332565 1 552
343467 1 128
347837 5 63219
347838 2 6657
347869 3 47445
347870 1 1104
347925 14 297
347932 6 875
347934 4 11174
347964 1 532
347966 10 272
348000 19 2556
348002 2 441
348014 2 121
348020 1 245
348049 14 837
348744 5 3039
348850 1 751
349994 3 8773
350185 16 341
350357 3 4293
350446 5 1349
350479 2 11696
357061 5 327
357323 1 5269
357386 3 98
357781 2 2056
368211 1 103
369848 3 138
372000 17 415
372020 11 413
372028 2 404
372063 6 136
372066 10 505
372091 5 301
372096 1 113
372110 3 457
372139 5 422
372203 2 201
372217 5 179
372237 5 301
372258 24 4260
372271 1 3535
372278 20 28092
372281 5 5554
373164 12 693
373172 2 657
373459 5 422
374166 1 2488
374672 2 231
374826 3 258
374885 3 299
378772 5 422
380190 1 4356
388592 3 75
393550 1 30891
393638 1 1416
393743 7 2166
393747 65 58177
393789 1 1407
393791 4 293
393795 9 269
393811 2 330
393812 2 226
393817 3 300
393835 1 254
393837 12 240
393855 2 227
393858 3 432
394103 1 2220
394234 2 1653
394275 3 73
394765 2 348
394898 3 26758
395584 3 8890
395585 3 30629
395685 3 513
395701 8 635
400124 11 546
400531 1 53
406686 1 91
407371 1 166
411139 1 1224
414062 3 105
417090 1 926
419378 2 654
421373 2 444
421402 1 961
422117 2 436
422200 1 187
424324 1 273
431180 6 297
431949 2 752
433098 1 75
434811 2 781
440475 3 365
440910 1 407
442465 1 106
449622 2 1046
450192 4 486
450937 3 202
453712 3 189
454319 1 716
456049 5 374
458694 21 588
459054 1 649
459453 8 908
460589 1 1106
461375 3 276
462293 3 168
462353 9 418
465314 3 89
466048 2 403
466499 3 443
470248 5 294
472366 3 372
476587 2 115
480107 4 503
480231 3 186
481680 4 942
482166 1 146
482259 1 99
484148 1 73
484829 8 451
485250 6 473
485619 1 1049
485635 1 788
489241 8 437
489242 8 367
490409 2 142
496302 1 613
497105 1 301
497254 2 79
498144 2 528
499051 1 96
499374 1 330
505375 5 197
508368 4 188
510368 1 93
512497 5 1672
517303 1 82
519446 1 118
522433 2 703
525606 1 2915
525976 1 848
526399 1 813
94 7 492
455 12 18030
512 5 290
1646 1 55438
2641 71 17392
3505 29 2286
4137 30 16130
4646 16 413
4647 7 394
4648 4 91
4649 9 279
4651 3 123
5370 7 636
6101 10 378
6218 47 506
6222 28 468
6367 52 17463
7410 24 344
7413 25 269
8148 45 17754
8475 38 369
8485 5 323
8490 11 472
8493 5 291
8494 9 233
9009 6 362
9010 13 805
9011 13 420
9108 12 471
12621 12 479
12673 20 427
12674 8 312
12756 9 228
12985 5 7361
13912 60 17501
14991 19 378
14992 29 495
14994 22 362
14998 34 506
15000 10 391
15186 20 237
15336 3 575
17051 2 652
17052 8 670
17156 15 486
17212 31 534
17416 17 428
19513 1 548
20511 55 707
20512 24 339
21459 1 16007
22310 6 498
24308 12 183
24337 3 378
24366 15 419
24581 1 298
25656 25 15042
25816 50 562
25817 7 421
25818 19 512
25819 9 488
25820 7 466
25825 51 608
25826 34 422
25827 47 523
25831 9 401
25867 15 203
25868 16 191
25869 5 111
25870 25 340
25871 21 228
25873 54 611
25877 31 511
25888 40 518
25889 7 116
25890 10 121
25891 9 134
25893 25 345
25894 24 225
25896 59 476
25897 7 226
25898 25 460
25901 28 376
26637 27 510
26644 19 383
27424 15 13034
28644 60 2304
31449 27 514
31450 58 618
31451 40 485
31452 58 625
31453 49 710
31454 57 523
31455 40 651
31456 58 604
31457 56 647
31458 34 639
31460 12 449
31462 10 323
31463 28 660
31464 16 779
31466 3 178
31467 37 612
31468 35 524
31469 21 525
31470 47 660
31471 60 600
31472 58 684
31473 43 565
31474 30 513
31475 36 532
31476 39 568
31477 22 471
31629 84 21435
32157 7 472
34103 1 590
34122 76 1040
34246 26 19523
34684 57 544
34685 33 607
34686 26 445
36136 2 228
36137 4 446
36363 3 5701
36498 82 20156
36550 10 486
37980 15 378
38004 4 469
38853 1 719
39235 35 432
39236 30 414
39266 12 212
39268 18 234
39276 18 234
39279 21 405
39287 43 462
39289 15 316
39291 6 172
39292 24 487
39293 15 276
39298 16 232
39313 22 252
39314 14 324
39315 19 171
39318 39 419
39327 2 354
39334 18 349
39340 40 589
39522 31 536
39523 12 336
39524 13 447
39746 35 707
40646 14 216
40652 26 350
40666 16 607
40682 5 484
40685 9 555
40689 8 701
40697 8 241
40699 19 422
40702 4 136
40707 6 160
40832 10 402
40833 6 396
41193 22 654
41194 18 451
41410 24 618
42004 3 961
42168 7 741
42921 8 243
43640 23 18238
44417 25 461
45872 43 15512
46967 8 242
50124 8 250
50844 3 373
52214 2 64459
52678 68 15365
53156 8 253
53428 5 392
53429 3 257
53433 3 188
53662 5 482
53776 30 515
53777 33 557
53778 49 576
53779 15 450
53780 9 311
53781 17 171
53782 1 58
54527 38 19068
54563 17 438
54565 4 314
54575 33 482
54806 1 524
55371 8 52248
55648 10 326
56099 3 583
56232 1 60
57000 1 284
61463 4 168
63523 4 441
65538 2 47
66043 3 196
70327 3 646
70329 3 81
71074 1 130
71261 18 1114
83592 2 523
88521 4 338
90592 1 1449
93738 1 57
100200 14 347
100943 2 591
102305 2 565
102697 9 121
104382 6 661
105306 7 614
110719 6 126
112101 11 508
112102 3 580
112455 4 293
112494 4 256
112959 1 38
113614 16 711
113616 6 682
113617 2 589
119057 5 533
119411 3 315
120085 4 399
122485 2 36
123611 1 569
123951 4 291
124459 1 87
125522 7 443
126441 1 524
126468 12 241
129264 3 108
130928 1 676
133641 2 225
137394 2 127
138701 3 88
139164 2 140
142134 12 193
146244 1 209
146257 1 289
148974 1 220
152038 3 634
153837 2 75
155959 1 144
156777 1 606
159874 3 156
160509 4 428
161286 4 708
169286 15 382
172545 1 40
176218 1 285
177706 11 619
178876 1 151
178947 4 67
180923 1 54
182409 7 653
184412 1 561
186761 2 70
189507 2 60
191167 1 199
191680 5 311
192539 2 90
192636 3 583
195823 3 86
196253 18 895
196977 2 194
196979 5 102
196982 2 193
201503 5 509
202693 6 123
207148 13 396
208001 4 126
209035 4 582
209843 1 53
210066 1 624
218688 15 401
218689 8 704
219537 1 273
221165 2 362
225604 19 567
225605 8 233
225960 6 128
227817 3 196
229318 2 148
229395 3 78
230372 3 228
233051 10 404
234385 1 130
235325 1 102
238420 3 506
239244 1 246
239551 2 191
239992 1 139
241494 3 114
247377 3 542
252232 1 334
252502 6 72
258724 5 218
263650 1 406
263763 3 610
265816 8 25803
265822 8 5726
269711 6 982
281089 6 123
281090 1 122
282980 11 178
283683 3 78
286234 1 2149
286454 1 712
286735 2 2545
286772 3 424
286805 1 205
286814 1 656
286818 2 261
286927 16 408
286928 2 272
286930 1 238
286985 28 5408
287013 8 499
287027 7 946
287043 26 271
287052 63 2922
287354 7 134
288190 2 181
289361 18 1227
289405 21 800
289480 7 1052
290256 6 30074
290435 46 8814
290440 5 15196
290441 51 2293
290465 1 15747
295190 10 181
297888 6 107
301401 3 97
302637 4 68
303247 6 336
306140 1 1389
306237 73 26903
306284 154 21202
307443 5 449
307453 46 49380
307630 1 253
308165 3 973
308168 8 1171
308246 69 20735
308763 2 1539
308771 124 8972
308773 1 1955
308786 30 1397
308789 7 3638
308801 2 1523
308809 124 8972
308824 32 1393
308827 7 3641
308872 2 908
308895 7 213
308953 5 14138
309007 5 14138
312828 1 904
322566 2 125
325339 3 728
325340 1 209
325420 9 847
325429 14 295
325438 3 257
325474 8 1505
325476 9 121
325483 10 781
325484 25 1752
325485 21 996
325486 17 688
325487 11 338
325488 16 364
325489 12 626
325490 8 441
325492 24 527
325493 17 1103
325494 18 877
325509 68 2115
325510 35 3054
325512 1 1084
325514 11 1887
325535 4 6095
325537 10 4579
325542 3 3842
325548 1 305
325551 2 291
325570 2 1333
325571 11 195
325573 5 419
325587 30 2931
326123 19 14885
326170 1 202
326449 1 155
326847 21 557
326990 3 1360
327260 1 185
327384 2 19585
327394 4 22044
327403 8 5903
327407 9 18061
331727 2 273
332294 19 287
338649 26 7414
342744 4 133
343312 1 96
347837 35 63219
347838 1 6657
347869 6 47445
347870 1 1104
347930 3 903
347932 4 875
347934 4 11174
347964 1 532
347986 40 1497
347999 1 1521
348002 1 441
348014 9 121
348029 48 2308
348185 10 158
348744 4 3039
348805 2 277
348877 5 513
349713 6 395
349994 98 8773
350161 4 1351
350479 3 11696
350496 5 14081
354509 3 140
355559 1 79
357061 1 327
357323 5 5269
357789 3 99
362344 7 157
363737 5 78
366230 6 200
366607 4 262
367799 3 102
371928 5 90
371960 5 90
372000 10 415
372028 1 404
372036 1 477
372063 4 136
372065 2 352
372066 21 505
372096 5 113
372203 2 201
372217 5 179
372219 4 658
372237 14 301
372258 11 4260
372261 1 720
372271 30 3535
372278 38 28092
372281 6 5554
373031 4 135
373834 14 44460
374014 89 80805
374127 8 443
374166 1 2488
374252 8 1431
374875 4 380
374883 2 399
375529 7 114
376161 8 102
380022 1 67
380190 1 4356
380627 16 211
380828 1 124
389091 1 92
392137 2 220
393073 8 203
393550 6 30891
393638 1 1416
393724 1 2280
393743 1 2166
393747 56 58177
393789 47 1407
393791 2 293
393795 12 269
393799 5 295
393802 3 194
393811 1 330
393812 7 226
393817 16 300
393835 6 254
393837 7 240
393845 14 2852
393855 2 227
393858 1 432
394103 4 2220
394715 4 576
394887 2 238
394898 28 26758
394907 8 3529
394961 4 354
395104 10 160
395242 35 23266
395324 4 113
395584 5 8890
395585 11 30629
395685 1 513
395701 16 635
395976 17 1478
397316 1 802
397860 1 785
401427 4 77
404504 4 320
405749 8 516
406686 1 91
408741 2 1245
409522 5 315
409966 2 88
411139 1 1224
412920 4 105
417218 15 511
417986 12 824
421096 2 360
421373 2 444
421402 24 961
421886 3 120
422117 3 436
422200 1 187
430655 2 32
430873 1 127
431949 1 752
432697 3 1979
434811 5 781
438929 4 668
439909 4 253
440061 2 55
440453 26 899
440475 2 365
440910 2 407
441608 2 142
442465 1 106
445080 8 95
447568 3 133
448319 2 417
448716 4 484
450192 4 486
450937 2 202
451717 1 342
452354 9 208
453145 18 275
453334 5 840
453740 4 580
454319 2 716
454962 1 332
455018 2 287
455246 1 492
455358 6 443
456894 17 738
458694 2 588
459054 20 649
461375 5 276
462293 2 168
462353 9 418
463017 5 258
465565 5 302
466048 6 403
466499 6 443
466831 1 193
467011 2 124
470248 1 294
474538 11 576
475321 6 90
476520 12 1275
476640 10 1461
476902 7 394
478610 16 509
479401 3 79
480107 4 503
480231 3 186
481680 2 942
482166 1 146
484148 1 73
484507 5 392
484829 7 451
485231 17 625
485250 6 473
485268 4 354
485619 7 1049
485635 10 788
487029 4 336
487653 1 73
487754 1 102
488384 5 494
489241 7 437
489242 6 367
489484 6 583
489517 1 266
490409 4 142
492609 1 140
493459 20 849
494130 3 2012
494174 1 161
495713 45 996
496037 15 568
496302 4 613
497105 2 301
497778 5 393
498144 18 528
499051 2 96
499461 3 1140
500633 3 297
502109 4 1005
505032 5 543
505375 5 197
508489 2 789
511747 7 120
512497 3 1672
516055 4 963
516106 1 178
519184 4 101
519582 4 611
520610 4 272
522364 12 846
522433 1 703
525223 4 90
525976 18 848
526399 15 813
527567 17 290
512 3 290
515 3 209
516 15 297
4646 2 413
8475 8 369
8493 1 291
8494 1 233
12247 1 555
12756 2 228
12985 2 7361
14991 1 378
14994 3 362
17052 2 670
21614 6 32241
25831 2 401
27034 7 241
27036 9 344
27038 8 260
31449 13 514
31450 16 618
31451 15 485
31452 7 625
31453 5 710
31454 4 523
31455 2 651
31456 9 604
31457 6 647
31458 7 639
31460 4 449
31462 3 323
31463 12 660
31464 19 779
31467 5 612
31468 3 524
31469 4 525
31470 4 660
31471 11 600
31472 17 684
31473 7 565
31474 6 513
31475 6 532
31476 2 568
31477 13 471
34103 3 590
36137 2 446
36550 1 486
38853 1 719
39340 4 589
39522 6 536
39523 5 336
39746 1 707
50682 12 32839
52214 8 64459
53776 14 515
53777 16 557
53778 3 576
53779 7 450
53780 5 311
53781 7 171
55251 5 250
55371 4 52248
55652 3 278
56005 7 248
61976 3 239
63523 3 441
63791 1 88
70782 2 137
73476 1 119
82616 1 44
104382 5 661
106799 1 76
110535 3 154
125522 1 443
127403 1 79
128761 1 80
136729 1 158
137879 1 77
140762 2 116
146785 1 105
148400 1 318
148974 1 220
149092 2 109
157406 2 327
160899 2 130
166749 1 46
167492 1 89
170952 1 145
182050 1 76
184027 2 181
184690 1 63
188552 3 44
196974 2 679
200092 2 249
201503 1 509
202951 1 87
203999 1 50
204541 1 207
205614 2 85
208799 1 134
209566 1 82
210236 1 154
214673 2 104
214675 2 84
215725 1 75
220296 2 193
220802 1 59
225081 1 64
225605 1 233
226460 1 73
226775 1 682
227851 1 100
231531 1 68
231998 2 50
235742 1 547
238020 1 876
243437 1 91
248049 1 92
248624 4 104
251025 1 43
251876 1 121
254156 1 49
256348 1 872
260525 2 72
260771 3 83
265816 5 25803
270469 1 93
271066 1 98
271068 2 105
271088 1 97
271467 2 79
272190 5 296
272857 2 123
273014 12 355
273283 2 138
273482 11 335
286234 18 2149
286253 7 338
286454 1 712
286730 1 110
286930 2 238
286931 1 234
286985 4 5408
289405 1 800
290014 1 995
290252 21 615
290435 16 8814
290440 18 15196
290441 1 2293
290465 7 15747
292490 10 242
292646 18 592
293934 2 261
294059 8 405
294354 1 142
295054 4 265
295528 1 94
295549 6 314
295822 6 347
306160 1 293
306237 5 26903
306238 1 120
306284 40 21202
306333 2 256
308253 12 539
308760 6 2376
308798 6 2343
308953 23 14138
309007 23 14138
310434 5 199
310547 8 306
311842 1 139
312612 9 272
312828 1 904
312943 2 129
313000 2 122
313103 3 165
314651 1 100
324849 9 287
325339 4 728
325460 1 202
325510 5 3054
325551 1 291
325570 1 1333
326123 2 14885
327280 3 230
327384 15 19585
327394 4 22044
327403 1 5903
327407 5 18061
329296 4 106
329557 5 114
330947 7 206
333253 1 115
337247 3 119
337308 3 119
345603 4 284
347837 14 63219
347838 1 6657
347869 23 47445
347870 6 1104
347930 9 903
347932 5 875
347999 1 1521
348850 1 751
349522 1 275
350479 5 11696
350496 17 14081
352173 5 303
352475 15 285
354753 6 167
355997 6 164
356141 5 289
356264 6 249
356265 15 630
357304 1 102
357323 3 5269
361392 1 82
367859 2 109
372000 2 415
372063 1 136
372065 2 352
372066 2 505
372219 1 658
372237 2 301
372258 9 4260
372261 5 720
373075 2 451
373172 1 657
376771 16 273
378236 4 264
379862 1 111
380196 11 314
381635 6 381
391846 1 104
393550 4 30891
393743 1 2166
394103 1 2220
394765 3 348
394898 6 26758
394907 23 3529
394961 2 354
397316 2 802
397779 1 108
397860 8 785
399973 2 90
404504 1 320
409051 1 99
414140 2 84
417218 1 511
417986 4 824
421096 3 360
421402 2 961
423906 1 480
424324 1 273
435430 2 454
438929 3 668
439291 1 105
440453 3 899
440910 1 407
444112 1 60
447962 1 102
448319 2 417
448716 1 484
449622 1 1046
450243 3 102
452354 1 208
452799 1 107
453740 3 580
454319 2 716
455018 1 287
455358 1 443
456127 1 76
456894 1 738
460167 2 78
460589 1 1106
461356 1 625
467011 1 124
473658 1 51
476902 3 394
477757 1 107
478610 3 509
483409 1 33
485231 2 625
485268 1 354
487029 4 336
487429 3 79
487754 1 102
488384 4 494
489484 5 583
489856 3 85
493459 11 849
494130 21 2012
496302 1 613
497778 3 393
498144 3 528
499374 1 330
500633 1 297
502109 4 1005
511095 1 74
512348 1 76
513548 2 415
516055 2 963
516106 1 178
517104 1 69
517171 3 161
519139 3 348
522364 4 846
524991 3 216
524999 1 46
