33 10 19382
58 1 578
942 11 355
1646 33 55438
2540 3 2782
3101 1 485
3511 4 394
3569 3 321
3738 1 251
4171 1 599
4338 16 16989
4421 1 5382
4696 2 4744
6367 3 17463
6439 8 6333
6611 1 331
6968 1 5837
8391 1 281
8404 1 170
8405 1 335
8715 1 475
9932 5 537
10955 1 170
11229 1 484
11910 1 409
12224 2 603
12241 7 279
12330 7 541
12709 6 20008
12858 5 454
12985 12 7361
13228 1 452
13229 2 388
13230 7 450
13232 3 341
13233 1 436
13234 1 197
13347 15 3354
13464 2 406
14079 2 806
15681 2 464
16029 7 338
17017 1 511
17080 14 801
17189 4 432
17236 14 457
17245 7 506
17247 8 815
17261 13 357
17268 5 460
17271 8 601
17282 4 383
17286 13 599
17294 5 402
17298 8 524
17319 1 282
17325 9 377
17330 2 224
17366 4 422
17372 3 423
17659 1 314
19758 1 448
19759 1 307
19763 3 351
20103 3 620
20234 13 370
20319 4 770
20320 14 781
20321 7 728
20322 6 638
20323 2 627
20324 3 642
20325 4 847
20326 10 722
20327 5 650
20328 4 353
20329 5 799
20330 3 621
20331 8 612
20333 3 211
20335 5 431
20336 4 313
20337 3 264
20344 4 602
20815 1 3591
20945 28 8111
21614 24 32241
22390 1 556
22391 1 461
22557 19 376
22559 7 374
22561 15 377
22562 15 455
22577 17 368
22584 21 334
22585 12 352
22588 13 419
22595 16 387
24445 10 484
24446 8 578
24449 9 668
24450 4 321
24930 1 11103
26224 1 508
26629 5 605
26659 7 617
27086 3 292
27087 8 293
27091 2 380
27092 6 319
27109 16 506
27158 8 331
27172 3 203
27173 9 479
27177 8 605
27342 4 556
28357 2 410
28461 11 5536
28767 9 386
29043 3 523
29046 1 713
29048 1 384
29056 1 238
29648 1 247
29659 7 449
29660 4 371
29667 3 478
29670 4 550
30446 21 12899
31548 3 560
31846 3 5130
32089 2 2279
32878 1 258
33981 5 824
34451 1 256
34732 27 9225
35246 14 389
35248 1 173
35429 9 347
35441 25 470
36057 3 390
36058 1 589
36059 3 367
36064 2 383
36391 14 10294
36802 19 29903
37014 10 434
37325 16 502
37326 6 556
37328 5 467
37330 6 493
37331 5 252
37334 9 380
37335 11 411
37402 2 373
37634 6 470
37637 9 535
37642 6 378
37646 18 465
37652 15 461
37711 1 263
37836 1 231
38114 2 418
38458 4 597
38542 4 515
38543 7 658
38544 3 591
38546 2 579
38547 4 650
38551 11 627
38567 5 798
38573 1 320
38580 3 447
38584 5 549
38585 8 813
38586 2 529
38587 16 545
38589 2 73
38590 6 416
38591 1 566
38592 2 302
38593 2 157
38594 3 535
38595 2 695
38598 6 502
38600 4 570
38602 1 460
38603 5 240
38608 2 378
38612 3 467
38935 1 234
38963 1 477
39007 1 429
39076 4 369
39077 3 551
39711 8 2291
39712 19 5030
40359 5 4913
40362 10 336
40807 2 370
41622 4 244
41860 1 178
41906 2 229
42170 5 476
43848 9 417
43855 3 416
43858 5 388
43860 16 428
43862 8 256
43867 12 424
43870 12 450
43874 11 446
44689 2 509
44709 2 456
44762 2 400
45826 1 398
45848 3 455
45952 7 436
46845 8 864
46917 17 10490
47113 1 442
48814 4 305
49853 2 471
50560 17 3018
50682 21 32839
50683 4 9266
51406 1 190
51407 4 373
52000 8 363
52001 6 312
52002 10 345
52009 6 261
52011 13 377
52015 4 420
52019 18 304
52023 13 561
52027 42 628
52028 19 534
52029 20 574
52043 16 660
52044 10 534
52055 19 583
52058 4 295
52060 13 494
52061 29 499
52177 2 243
52214 31 64459
53137 7 486
53268 2 421
53317 1 5949
53403 1 630
53443 2 593
54644 1 395
54723 4 500
54760 1 517
54764 1 592
54767 2 103
55371 6 52248
57476 1 516
59510 2 319
61003 1 569
61193 1 416
61377 1 369
63521 2 183
67783 1 342
69256 2 563
72535 1 142
72798 1 284
73095 5 365
73793 2 292
74160 2 36
74536 1 132
75045 2 358
75401 1 418
76053 3 341
77588 1 596
77644 2 551
81045 1 552
81228 1 538
84337 4 529
84342 3 596
84969 1 359
87996 1 383
89274 1 484
91823 1 398
95558 2 368
99085 5 585
103131 6 606
105495 2 539
106883 1 152
108404 1 657
112300 3 693
112312 2 470
114039 3 1696
114182 8 555
119000 1 189
126582 1 988
134096 2 652
138475 19 544
144013 8 615
148163 1 392
148285 1 353
150964 2 91
151304 1 67
152072 18 556
155471 1 90
161117 1 139
163193 1 242
166601 1 304
168971 3 346
169011 9 174
170644 11 202
172257 1 109
178383 1 307
178943 2 513
181353 1 306
181424 4 2040
182400 1 200
182690 14 196
187787 5 356
187915 2 99
188234 2 212
188814 1 509
194817 1 563
200947 2 224
207697 6 523
209765 1 556
211325 6 756
213375 1 181
214454 1 155
214808 2 174
215146 1 78
216082 1 492
217725 3 497
217922 29 511
220043 1 181
221058 1 393
222049 1 464
222406 1 79
222896 5 746
224832 2 345
226093 1 481
226686 1 510
228318 3 210
229941 1 245
230284 1 146
230579 1 244
231174 1 194
236698 8 723
239470 2 389
243914 28 626
244180 1 288
246536 17 404
248564 2 221
251414 6 543
252864 4 1859
254280 3 542
254935 6 182
259554 1 64
264301 3 417
265816 36 25803
265854 23 21100
267794 6 869
268412 1 194
268543 1 300
268986 1 112
271429 15 6214
276078 9 5007
277060 1 85
277567 1 396
280619 66 11500
286309 87 1519
286363 1 987
286735 2 2545
286776 1 342
286821 3 121
286839 1 380
286848 1 785
286852 1 306
287029 1 869
287031 5 1635
287053 21 2528
287054 3 2862
287240 1 251
287906 12 5750
288036 2 823
288100 2 177
288151 4 413
288167 1 299
288207 2 1121
289039 1 142
289348 58 18428
289579 1 743
289634 1 724
289636 1 410
289637 1 412
289669 12 756
290256 17 30074
290326 1 201
290383 3 320
290465 9 15747
290646 1 98
291851 65 6502
292026 18 5959
292489 1 385
293837 7 968
295771 2 183
295862 17 5013
298425 7 570
300982 5 3200
303734 90 25485
306001 1 1058
306125 8 248
306205 14 868
306237 27 26903
307277 14 861
307287 1 376
307367 2 165
307439 1 990
307440 1 568
307453 107 49380
307513 2 492
308186 141 36306
308187 216 51551
308383 55 2189
308638 1 645
308789 8 3638
308827 8 3641
308841 2 982
310490 3 1694
310736 1 224
316520 3 360
320248 365 13098
325090 5 1961
325130 2 2645
325354 5 269
325541 6 2827
326045 1 107
326110 1 570
326111 2 533
326113 2 768
326123 63 14885
326129 851 67196
326140 1 269
326148 1 1552
326165 8 1159
326891 1 364
326946 1 364
326980 20 5042
327122 128 16929
327123 128 16927
327236 4 195
327302 1 260
328929 1 1182
328992 5 5954
329208 53 9390
329226 37 8776
329231 31 7437
329407 28 7463
329412 10 7792
329493 43 7227
329804 21 7586
330099 17 6898
330319 28 4031
331432 34 8083
331663 26 3169
332181 77 7521
332301 2 902
332432 2 2585
334897 1 134
336719 9 6871
337803 1 99
342015 1 89
347801 5 1864
347837 143 63219
347838 20 6657
347869 55 47445
347885 4 474
347982 9 2493
348011 10 194
348037 3 1229
348038 12 1846
348042 12 1185
348043 10 901
348044 5 996
348045 20 1451
348046 6 1252
348048 5 1095
348050 3 1451
348052 3 1399
348059 11 1679
348296 1 139
348747 1 704
348748 6 2123
348758 8 950
348763 3 283
348767 2 638
348792 1 205
348850 2 751
349010 4 239
349585 11 5219
349695 7 2766
349699 4 1047
349701 2 919
349702 1 893
349704 6 2127
349866 2 710
349867 3 960
349993 10 3331
349994 22 8773
349997 4 3244
350128 13 3081
350277 3 246
350312 6 1746
350328 11 1425
350413 9 156
351826 1 873
351829 2 485
351956 1 111
352450 7 5502
352456 3 328
352626 43 7519
353480 2 118
353693 4 1157
354450 38 8639
354532 1 93
357324 3 183
357916 3 1139
360916 1 954
363107 2 78
368851 2 123
368937 2 123
371851 12 1888
372068 2 610
372087 1 229
372278 111 28092
372279 19 5420
372280 12 5317
372406 11 14595
373007 12 2270
373014 22 3572
373023 1 735
373028 1 222
373030 1 210
373105 10 1607
373129 3 329
373158 1 479
373168 6 680
373169 3 211
373834 30 44460
373943 12 1329
374014 499 80805
374110 3 802
374204 1 356
374208 5 848
374709 1 170
374733 1 196
374746 1 216
374789 3 263
374928 26 2941
374974 12 12901
376386 34 9418
376654 55 3562
376822 21 7531
377197 21 8628
377553 8 904
377935 9 3616
378071 26 7768
378266 23 7092
378358 61 3937
378770 12 541
381597 1 129
383514 1 127
384236 3 594
384950 1 587
389598 1 507
390111 1 105
393550 24 30891
393568 13 2556
393598 3 2116
393673 58 10585
393742 3 2994
393747 170 58177
394714 4 602
394716 3 2905
394791 2 117
394799 1 843
394875 6 274
394894 3 707
394898 12 26758
394911 3 634
394928 1 277
395078 3 291
395800 8 3030
395829 1 458
395862 6 277
396258 74 38258
398139 3 224
399113 1 451
401031 11 569
401997 2 770
402003 6 1140
402505 3 315
403581 2 1058
403683 1 445
403770 1 107
405697 3 626
405846 1 748
406245 1 115
410571 2 482
410680 3 496
410699 3 640
411903 1 429
413062 5 829
413693 1 1074
413878 1 99
415677 5 937
416266 1 480
416975 1 272
418265 1 510
418286 1 326
419666 2 144
421855 9 502
421872 13 565
422675 1 688
423550 3 1302
423861 1 569
423891 1 140
424027 4 90
426164 2 674
427333 2 156
429145 5 890
429989 1 411
430190 3 884
431063 1 520
431334 1 620
431572 2 694
432426 4 287
433722 9 2969
434290 1 290
434690 2 914
434958 1 85
435430 2 454
436073 1 270
436269 1 668
436906 4 474
437707 13 984
437765 1 131
438406 1 475
438675 1 533
438812 1 143
440686 2 797
441052 1 155
441262 2 446
441317 1 410
442918 2 596
443965 1 503
444014 1 70
444047 2 809
444367 1 418
444777 4 214
445837 16 460
446702 1 331
447681 1 1272
449466 6 859
449570 6 1731
449580 1 2282
450539 4 327
451448 1 540
452986 1 712
452996 3 555
455442 12 356
456721 1 106
457105 4 1808
457964 10 825
458126 2 387
459204 2 397
459279 1 141
460316 1 68
461393 8 801
464448 5 1617
464675 1 621
465295 3 340
466648 1 642
466821 1 732
467692 3 152
468907 1 2006
469140 57 1071
469166 1 468
469464 2 421
469477 1 357
469853 5 100
470529 1 574
471113 1 1430
471453 5 604
472180 2 401
473566 4 263
473942 2 588
478859 1 844
478863 3 535
478943 2 579
479297 1 1308
480006 7 463
480111 1 482
481480 1 467
482797 1 391
483868 1 424
486132 10 716
486173 1 340
486349 1 625
487590 1 1145
488610 1 678
488747 6 473
490262 5 396
490305 6 458
491063 2 209
491299 2 643
491374 4 745
494789 6 217
496376 42 534
496596 4 2298
496811 4 67
497866 1 711
498013 4 479
498710 1 325
499141 4 120
499143 4 183
500037 6 325
501347 4 672
502808 1 171
504525 2 730
505801 3 470
507148 9 350
507212 1 402
509949 2 413
510330 1 343
514964 1 80
515506 2 1059
516162 1 89
516253 1 743
516587 2 165
516693 4 568
516815 2 286
517335 1 385
517337 2 294
517441 2 281
517469 1 523
520207 1 344
520608 2 1577
520612 6 783
522626 1 398
523515 3 1248
523675 4 119
524539 2 347
524565 1 147
524667 1 251
526044 2 511
528013 1 1503
54 1 578
55 9 339
57 11 449
58 9 578
62 7 145
152 1 330
306 13 566
670 3 654
994 1 452
1646 7 55438
1977 5 267
2696 6 335
3703 2 395
3738 2 251
4635 2 527
4696 8 4744
5244 4 384
6439 1 6333
8861 6 214
9932 2 537
10760 15 657
10935 1 400
10955 1 170
11229 1 484
11240 1 278
11910 7 409
12965 1 776
12985 1 7361
13233 1 436
15659 2 387
15680 2 339
15681 1 464
16852 1 268
17245 1 506
17268 1 460
17294 1 402
17314 1 427
17319 1 282
17372 1 423
18116 6 466
19187 4 360
19751 1 590
19757 1 445
19758 3 448
19759 1 307
19763 5 351
19821 5 216
20103 8 620
20127 2 352
20129 2 606
20945 4 8111
21614 2 32241
22391 1 461
22915 1 322
23715 1 441
24450 1 321
24930 1 11103
25179 7 534
25793 1 472
26224 1 508
26240 3 502
26660 5 215
26661 4 212
27086 3 292
27172 3 203
27307 5 225
27342 11 556
27424 3 13034
28418 77 603
28419 124 904
28461 6 5536
29075 6 187
29667 1 478
31548 2 560
31850 5 243
32089 1 2279
32306 3 447
32850 5 327
32902 16 777
33610 2 388
34451 4 256
34829 3 642
34830 1 288
35248 5 173
35430 2 362
35431 2 391
36064 5 383
36121 5 264
36802 144 29903
37402 1 373
37694 4 204
37991 6 229
38542 1 515
38543 9 658
38544 1 591
38546 7 579
38547 12 650
38567 10 798
38572 3 337
38580 1 447
38584 1 549
38585 6 813
38586 3 529
38587 8 545
38589 1 73
38592 4 302
38593 6 157
38594 7 535
38595 20 695
38596 43 538
38598 17 502
38600 10 570
38602 2 460
38603 2 240
38608 1 378
38612 2 467
38621 1 89
38680 7 259
38895 5 449
38935 1 234
39075 1 498
39076 5 369
39077 6 551
39078 1 232
39844 5 257
40079 3 325
40080 5 388
40359 13 4913
40363 5 222
41455 3 299
41634 9 213
44689 18 509
44709 1 456
44762 3 400
45767 11 445
45826 1 398
45846 1 139
45848 1 455
46660 2 425
46845 7 864
46917 9 10490
47453 42 479
47454 19 783
48758 6 468
48760 4 267
48876 13 487
49244 5 276
49245 4 123
50682 1 32839
51173 8 242
51406 1 190
51407 1 373
52009 1 261
52015 2 420
52214 75 64459
53216 2 524
53403 2 630
53801 3 480
54644 3 395
54645 1 524
54646 1 498
54648 1 780
54723 1 500
54724 4 692
54726 1 154
54760 1 517
54764 4 592
55082 1 216
55498 9 247
55499 12 479
55500 7 222
58162 1 546
59158 4 484
59510 7 319
60496 4 438
60560 1 305
61377 2 369
61379 2 78
62297 23 539
62749 6 485
63521 1 183
65752 1 79
67109 2 89
67783 1 342
69256 2 563
74395 2 485
75045 1 358
75401 2 418
77398 1 763
79125 1 427
79129 1 81
79157 4 891
80045 6 597
80418 5 280
81045 1 552
84337 3 529
84342 3 596
84969 5 359
85391 1 71
86968 1 75
86970 7 620
87996 6 383
89000 2 477
89274 2 484
91823 4 398
92502 2 546
94445 1 80
95558 11 368
96034 1 794
100697 1 69
101802 1 249
101993 1 94
102600 8 398
104405 2 542
109688 9 558
114182 3 555
119000 1 189
134096 3 652
141355 1 485
148163 4 392
148285 18 353
152072 2 556
154581 1 335
159449 1 249
163193 7 242
168711 5 442
169011 1 174
170644 1 202
171151 1 110
172257 1 109
181438 2 563
182400 2 200
182690 1 196
187787 9 356
194817 11 563
195008 1 71
198377 2 550
198526 9 468
200367 3 485
200947 1 224
202319 1 555
203220 1 506
207697 7 523
209765 2 556
211325 1 756
212094 4 464
213375 1 181
214454 1 155
215929 1 174
217922 3 511
219136 1 509
220043 1 181
222049 2 464
222268 6 480
222406 3 79
224704 1 522
224832 5 345
226686 1 510
228078 2 531
228318 4 210
231220 2 99
231557 9 428
236698 1 723
243914 9 626
244180 1 288
251414 1 543
254935 1 182
258977 2 605
259283 6 537
261260 5 690
262393 2 469
264301 2 417
265816 2 25803
265854 1 21100
267501 6 138
267794 1 869
267912 9 175
268543 15 300
268709 1 637
269054 1 158
269195 1 163
271157 2 210
271429 3 6214
271509 1 290
272060 2 225
276078 2 5007
277567 1 396
286363 4 987
286735 1 2545
286776 1 342
286821 5 121
286848 7 785
286852 1 306
286856 2 437
287031 2 1635
287240 1 251
287906 5 5750
288039 1 238
288060 2 373
288065 9 176
288067 6 138
288100 1 177
288162 1 164
288167 15 299
288207 1 1121
289348 2 18428
289579 16 743
289634 8 724
289635 15 820
289636 9 410
289637 4 412
289669 6 756
290098 4 716
290256 1 30074
290357 4 243
291851 4 6502
292026 12 5959
292489 1 385
292810 2 371
293837 1 968
295862 1 5013
295863 1 1003
295958 3 282
298425 2 570
298578 2 106
300982 2 3200
303734 4 25485
307334 7 225
307367 1 165
307439 2 990
307440 4 568
307453 102 49380
307513 1 492
308187 8 51551
308251 1 587
308383 14 2189
308638 2 645
308789 2 3638
308827 2 3641
308840 1 158
308841 4 982
311775 1 242
314509 1 224
325090 2 1961
325130 2 2645
326093 3 97
326110 4 570
326113 5 768
326120 1 478
326123 26 14885
326129 8 67196
326140 3 269
326148 37 1552
326891 2 364
326946 2 364
326980 1 5042
327236 2 195
327302 1 260
328992 3 5954
329208 2 9390
329231 3 7437
329366 3 227
329412 3 7792
330776 5 149
331663 1 3169
332295 1 199
332301 1 902
332432 2 2585
336719 1 6871
345210 2 123
347837 39 63219
347838 1 6657
347869 1 47445
347885 4 474
348013 2 606
348038 3 1846
348747 6 704
348748 15 2123
348767 6 638
348770 2 303
348850 1 751
349695 1 2766
349699 8 1047
349701 6 919
349702 5 893
349704 15 2127
349866 2 710
349867 8 960
349993 1 3331
350251 9 208
350277 3 246
350312 21 1746
350328 3 1425
350382 1 226
350399 3 270
351826 1 873
352456 5 328
352546 6 371
352626 1 7519
353351 4 114
353428 2 250
353441 7 203
353697 2 317
353819 8 286
360916 2 954
368211 1 103
371851 4 1888
372068 9 610
372087 4 229
372278 4 28092
372279 13 5420
372356 11 781
372406 1 14595
372972 9 190
373007 1 2270
373014 19 3572
373023 21 735
373024 7 380
373026 3 620
373027 8 235
373028 4 222
373030 9 210
373072 9 686
373105 17 1607
373109 16 291
373129 5 329
373147 2 136
373155 10 667
373158 1 479
373163 1 234
373168 4 680
373169 7 211
373834 2 44460
373943 1 1329
374014 13 80805
374110 1 802
374204 1 356
374208 4 848
374683 6 213
374709 1 170
374746 2 216
374754 5 242
374789 2 263
374790 8 247
374923 3 231
374927 9 215
374928 19 2941
375588 2 103
376386 2 9418
377074 3 386
377197 1 8628
377553 1 904
377935 4 3616
378505 9 189
379355 1 109
380390 1 100
384950 1 587
388796 3 344
393550 2 30891
393568 1 2556
393673 1 10585
393747 5 58177
394714 9 602
394716 12 2905
394762 2 304
394799 1 843
394894 3 707
394898 10 26758
394911 1 634
394928 11 277
394955 1 262
395078 3 291
395800 2 3030
398139 1 224
398364 13 445
400725 3 486
401031 3 569
401997 3 770
402003 2 1140
403135 1 81
403427 8 445
403581 2 1058
403683 3 445
405697 1 626
405846 4 748
407814 1 103
407990 7 446
408122 3 176
410571 6 482
410646 1 545
410647 12 323
410680 24 496
410699 2 640
413098 4 542
413177 3 142
415134 3 86
415677 1 937
416408 7 501
417826 1 433
418167 1 99
418201 4 74
418286 5 326
418690 8 863
418721 34 1007
418985 3 109
420166 7 334
420868 6 372
421872 1 565
422148 3 670
423470 3 571
423860 4 434
423861 1 569
423881 4 108
424738 1 368
425955 3 396
426015 2 382
426164 7 674
426658 2 235
426776 8 324
426858 2 453
427912 3 173
429075 1 88
429989 4 411
430190 1 884
431063 4 520
431334 6 620
431572 1 694
431969 1 52
432376 9 725
432426 1 287
433967 2 459
434290 2 290
434371 1 126
436073 1 270
436269 2 668
437707 3 984
438675 2 533
438702 4 751
439087 4 457
440739 1 204
441262 3 446
441317 5 410
442065 1 359
442918 1 596
443654 2 395
443741 2 437
443926 6 182
443965 3 503
444047 1 809
444367 5 418
446702 3 331
447681 9 1272
449580 24 2282
449606 4 122
450539 3 327
451448 2 540
451557 1 574
454321 4 557
455879 1 712
457105 4 1808
457882 2 141
457905 2 315
458061 1 175
458126 1 387
458374 3 119
459204 2 397
459279 1 141
461393 5 801
461692 1 93
462876 2 850
463805 1 319
464118 2 496
466163 3 538
466982 3 114
468907 2 2006
469069 8 365
469140 2 1071
469166 5 468
469176 1 75
469477 4 357
470253 1 326
471113 9 1430
471453 1 604
471529 3 421
473942 7 588
476176 1 231
476380 4 472
476381 8 872
478664 1 508
478741 1 819
478859 1 844
478863 49 535
478872 4 113
478873 7 194
478943 1 579
480111 14 482
480928 7 630
481480 2 467
482758 10 384
483994 6 143
485787 7 222
486132 60 716
486349 6 625
488610 3 678
488747 22 473
491063 3 209
491173 2 71
491374 3 745
494015 5 822
494789 1 217
496548 2 611
497958 14 646
498013 1 479
498710 1 325
498957 1 60
500037 1 325
500641 2 1541
501347 2 672
501570 2 336
501781 3 151
501798 3 135
502393 2 407
502413 4 1028
503119 3 104
503155 2 91
504459 1 538
504525 3 730
504656 1 508
505953 4 580
507148 2 350
507212 5 402
509516 4 941
510540 5 313
511930 2 484
512454 5 575
514964 1 80
515506 3 1059
516148 8 295
516615 8 252
516693 2 568
517335 9 385
517337 1 294
517441 3 281
520207 1 344
520609 1 1617
520612 5 783
522898 9 478
525343 3 452
527955 1 226
33 1 19382
54 1 578
151 5 598
152 1 330
154 6 530
994 1 452
998 3 521
2540 2 2782
2722 2 353
2725 2 498
3101 1 485
3511 2 394
3703 1 395
4635 1 527
4696 1 4744
6367 2 17463
6439 1 6333
6606 5 338
6611 3 331
8861 1 214
9225 5 350
9401 13 630
10935 9 400
11240 3 278
11932 8 589
12224 1 603
12351 4 241
12709 6 20008
12858 10 454
12965 1 776
13227 3 187
13228 4 452
13229 3 388
13230 1 450
13232 5 341
13233 4 436
13234 1 197
13347 1 3354
13870 12 565
15659 2 387
15680 2 339
15681 1 464
16029 2 338
16615 6 282
16852 2 268
17017 1 511
17189 12 432
17197 27 440
17199 23 529
17203 21 420
17314 1 427
17659 2 314
17660 7 460
18276 7 425
20320 12 781
20321 9 728
20322 1 638
20323 4 627
20324 1 642
20325 5 847
20326 6 722
20327 19 650
20328 9 353
20329 27 799
20330 16 621
20331 12 612
20333 3 211
20335 3 431
20336 5 313
20337 2 264
20341 1 416
20342 1 624
20344 1 602
20348 1 639
20351 1 500
20457 5 324
21459 1 16007
21614 11 32241
22390 6 556
22391 2 461
22915 2 322
22916 3 375
22969 4 469
24446 1 578
25793 1 472
26229 1 510
27424 5 13034
27654 7 362
28357 2 410
28359 4 144
28692 3 420
28802 2 265
29186 9 422
29647 5 327
29648 2 247
29658 5 354
29659 3 449
29660 4 371
29667 2 478
29670 3 550
29921 2 241
30446 8 12899
30755 7 420
30770 8 619
31846 5 5130
32850 1 327
32878 2 258
34829 1 642
34830 1 288
35429 5 347
35430 3 362
35431 2 391
36391 4 10294
36802 1 29903
37014 2 434
37402 2 373
37634 2 470
37711 1 263
37836 2 231
38458 5 597
39075 7 498
39076 1 369
39078 2 232
39158 2 148
39711 1 2291
39712 4 5030
41860 2 178
42051 3 202
43120 4 577
44534 5 309
45826 1 398
45848 1 455
46337 8 488
47113 8 442
48760 1 267
48890 5 353
50560 5 3018
50683 2 9266
52177 3 243
52214 13 64459
53216 4 524
53403 1 630
53908 4 249
54719 1 439
55082 1 216
55165 7 365
55166 5 253
55167 6 420
55371 4 52248
61003 1 569
73793 2 292
76053 1 341
78360 1 89
93906 2 56
94261 4 102
94348 3 102
96034 1 794
101409 2 217
103131 1 606
123457 4 134
124360 1 304
126582 1 988
146832 6 153
149116 7 190
151304 2 67
155120 7 231
161117 2 139
168971 1 346
178383 5 307
178943 1 513
180923 2 54
182615 2 74
187199 2 76
188234 1 212
190160 4 361
190162 23 529
190826 4 288
191676 1 61
192687 8 209
208958 1 109
214130 2 67
214808 1 174
223073 1 172
230284 1 146
231174 1 194
236698 1 723
239611 1 313
243718 2 83
247786 1 64
254280 1 542
254940 1 88
256747 1 65
257286 1 57
260893 1 56
267794 2 869
268986 1 112
271429 22 6214
276078 3 5007
280619 4 11500
286309 6 1519
286735 1 2545
286856 2 437
287053 2 2528
287054 2 2862
287240 1 251
288100 1 177
289348 1 18428
290465 6 15747
290646 1 98
291851 18 6502
292026 13 5959
293837 2 968
295862 7 5013
295863 2 1003
300982 7 3200
303734 7 25485
306001 2 1058
307453 7 49380
308187 1 51551
310490 1 1694
325130 2 2645
326045 1 107
326980 3 5042
327302 2 260
328992 2 5954
329174 1 290
329208 27 9390
329226 18 8776
329231 16 7437
329407 20 7463
329412 9 7792
329493 14 7227
329804 27 7586
330099 9 6898
330319 14 4031
331432 11 8083
331663 8 3169
332181 19 7521
332301 1 902
332432 7 2585
336719 2 6871
345210 2 123
347801 2 1864
347837 38 63219
347869 27 47445
347982 2 2493
348044 1 996
348059 2 1679
348748 1 2123
349585 1 5219
349704 1 2127
349994 9 8773
350272 2 220
351956 1 111
352626 10 7519
353480 1 118
353693 3 1157
354024 1 261
354041 1 3810
354043 2 3871
354450 20 8639
354532 1 93
357324 1 183
357916 4 1139
368851 1 123
368937 1 123
371851 1 1888
372406 14 14595
373007 1 2270
373030 1 210
373834 10 44460
374110 1 802
374923 1 231
374974 2 12901
376386 16 9418
376654 8 3562
376822 23 7531
377197 39 8628
377553 5 904
377799 1 573
378071 35 7768
378266 20 7092
378358 8 3937
378770 7 541
381597 1 129
384950 1 587
388459 1 96
389622 1 77
393550 7 30891
393568 7 2556
393598 2 2116
393673 7 10585
393747 34 58177
394716 1 2905
394894 1 707
394898 1 26758
394958 1 291
396258 4 38258
399819 1 52
415677 3 937
425628 1 172
440529 1 77
442918 2 596
446702 1 331
448834 1 54
455879 1 712
461531 2 78
465199 1 627
465295 1 340
467692 4 152
492591 1 47
492594 1 46
495272 1 49
499143 1 183
501347 1 672
510330 1 343
516162 2 89
516693 2 568
518699 2 100
521189 3 58
522012 1 66
523675 1 119
