10355 4 525
19172 1 445
33016 8 434
34722 7 13257
37053 6 790
37063 3 440
37066 1 446
37067 1 537
37635 1 412
40892 2 657
47669 5 541
47671 5 841
47672 6 290
55692 2 36
55720 4 233
55957 3 568
56040 2 153
56052 10 840
56077 1 271
56300 2 108
56317 3 186
57243 2 647
57444 2 74
57480 6 352
57861 5 354
57931 9 1011
58025 1 110
58112 16 205
58477 4 537
58667 1 147
58740 2 217
58873 1 107
59111 2 441
59543 1 213
59829 1 31
60007 24 774
60415 3 131
60781 3 114
60840 3 558
60844 6 859
61473 5 757
61697 1 740
61734 1 133
61817 16 393
61826 1 125
62064 15 4939
62571 3 231
62620 2 471
63137 3 178
63158 1 32
63265 1 326
63395 3 283
63817 5 566
63858 2 567
64029 1 372
64208 7 988
64500 7 141
64662 2 506
64811 3 567
65113 2 649
65519 2 265
65531 8 2366
65538 2 47
65539 2 168
65614 2 183
65763 3 285
65774 1 48
66491 1 295
67606 2 146
67984 2 269
68113 1 65
68499 1 101
68628 2 175
68685 7 277
68840 2 181
68909 2 220
68925 3 330
68983 1 33
69196 4 49
69392 1 375
69851 3 177
69860 1 100
70458 12 445
70495 3 361
70691 1 665
70931 1 232
70970 7 227
71119 1 28
71517 6 174
71813 4 186
71959 4 571
72032 1 214
72490 1 32
72521 1 295
72643 4 681
73323 3 129
73795 8 143
74068 2 463
74159 1 306
74185 5 824
74201 4 588
74227 4 1786
74274 4 596
74300 11 232
74343 2 58
74461 1 213
74549 3 164
74643 2 225
74677 3 190
74741 1 142
74751 7 569
74758 3 162
75116 1 224
75160 15 452
75242 3 479
75359 3 611
75522 4 549
75785 8 121
75858 2 112
75957 1 962
76213 5 932
76524 1 125
76662 9 2416
76663 12 2219
76716 2 376
77114 2 133
77187 4 1202
77450 1 273
77976 4 378
77984 1 96
78035 3 893
78039 9 480
78041 1 142
78078 4 138
78130 6 980
78233 2 29
78457 1 133
78489 3 381
80432 1 721
80533 1 365
80650 2 657
81271 4 174
81557 1 206
81560 1 33
81561 1 43
81674 2 37
81773 1 497
81839 4 117
81922 1 361
82146 3 507
82357 1 103
82503 3 494
82508 2 677
82685 25 615
83065 1 137
83416 6 502
84015 3 567
84019 2 406
84105 6 483
84480 5 102
84644 4 389
84718 23 666
84829 4 593
84980 2 372
85174 3 905
85393 4 627
85989 1 206
86121 1 83
86762 1 459
86949 3 339
87614 15 431
87850 6 341
87932 4 447
88005 7 354
88538 1 246
88879 7 938
88985 6 516
89161 2 179
89435 1 96
89724 1 30
90051 5 377
90368 2 96
90516 4 567
90539 1 121
90706 7 615
90732 1 494
90830 2 59
90868 1 79
90889 9 159
90920 2 553
91125 1 56
91381 8 148
91536 1 30
91685 2 188
91884 2 53
91910 1 84
92221 4 204
92391 11 551
92393 8 734
92434 3 350
92459 3 390
92560 1 220
92870 1 493
93052 2 81
93174 14 1979
93285 1 73
93400 11 507
93592 3 60
94134 1 281
94550 8 291
94612 1 47
94739 1 116
94780 1 229
94893 6 347
94958 6 583
95087 1 168
95238 11 658
95271 2 590
95665 2 177
95702 3 638
95756 8 837
95877 5 1042
96017 4 253
96037 1 32
96098 1 471
96470 1 183
96480 2 592
96489 4 106
96695 5 961
96705 2 445
96783 1 668
96808 2 211
96911 1 391
97517 2 765
97537 2 212
98254 3 247
98639 1 124
98679 1 67
98696 3 207
98737 10 557
98742 1 98
98744 22 761
98875 1 149
98922 1 47
99363 3 513
99496 6 451
99745 3 40
100211 1 26
100267 2 192
100608 5 190
100636 1 401
100674 19 430
100680 1 221
100791 5 146
100941 1 667
100942 1 745
101153 4 77
101334 2 163
101568 2 212
101769 6 701
101883 2 624
101896 3 817
101905 1 573
101978 3 184
101996 2 107
102095 2 230
102359 6 597
102361 2 469
102658 11 260
102792 5 462
102908 4 198
103182 1 134
103397 2 238
103516 1 101
103556 3 149
103603 4 425
103705 6 704
104653 1 75
104687 2 41
104717 1 46
105088 4 604
105097 14 2033
105325 1 47
105910 3 751
106220 24 912
106265 12 249
106267 3 108
106423 3 537
106537 1 667
106646 4 255
106666 4 398
107111 2 678
107172 1 957
107323 3 406
107593 1 36
107780 5 914
107945 1 578
108048 5 127
108089 3 397
108119 8 288
108159 1 464
108212 3 305
108240 1 143
108279 2 89
108322 2 149
108797 3 292
108846 8 177
109036 6 110
109146 6 153
109614 3 900
109799 2 33
109904 1 729
110058 5 368
110123 2 364
110231 1 70
110368 2 31
110497 13 257
110513 1 169
110548 4 735
110606 4 257
110782 3 295
111030 4 544
111273 1 68
111404 1 133
111640 2 82
111836 3 271
112282 4 559
112510 3 194
112693 2 30
112858 1 746
113065 3 131
113831 12 259
114065 3 576
114070 3 534
114108 1 129
114235 5 781
114329 9 2540
114454 1 32
114527 8 256
114830 3 596
114832 7 264
114997 2 74
115090 2 43
115186 2 285
115235 1 115
115340 16 9448
115405 11 1074
115494 4 300
115809 4 124
116128 12 222
116244 28 714
116498 1 178
116623 5 953
116790 4 359
117300 5 1138
117304 2 48
117576 1 49
117704 3 376
117710 1 256
117980 3 188
118284 2 388
118323 1 177
118512 1 125
118592 4 188
118669 2 31
118754 4 529
118837 9 162
119020 1 550
119052 4 670
119448 3 766
119489 2 103
119543 5 488
119724 4 564
119753 2 184
119773 4 255
119800 3 177
119843 2 477
119893 2 164
120221 4 83
120355 1 560
120452 34 964
121031 27 579
121090 2 213
121408 3 283
121562 2 416
121593 6 593
121884 5 118
121918 5 171
122203 1 32
122474 3 46
122641 1 725
122674 4 141
122725 4 342
123040 1 260
123107 6 613
123179 2 360
124230 9 448
124469 2 665
124812 18 521
124970 3 142
125025 1 259
125299 4 814
125337 2 38
125356 1 38
125523 4 354
125640 5 187
125941 1 246
125973 4 288
126111 3 821
126690 1 124
126699 2 242
126911 3 65
127041 3 203
127232 4 654
127233 2 567
127410 3 124
128056 1 163
128148 9 379
128158 1 50
128183 1 171
128220 2 161
128434 2 257
128735 1 111
128787 12 327
128899 5 1909
129048 9 552
129284 6 234
129422 1 320
129968 1 96
129976 1 165
130225 1 50
130597 4 415
131061 2 217
131310 2 183
131415 4 192
131580 2 109
131797 5 167
131936 2 588
131974 4 461
132307 21 581
132460 2 43
132797 1 176
133087 1 290
133396 2 50
133401 3 1201
133527 2 433
133581 4 341
133956 12 234
134072 1 71
134099 1 412
134424 2 263
134656 2 106
134947 1 74
135065 11 858
135208 2 265
135843 4 181
135982 9 175
136001 13 389
136223 1 125
136463 4 49
136518 4 221
136635 1 190
137073 1 275
137261 2 337
137674 13 604
137746 1 46
137934 9 173
137943 11 197
137984 1 409
138352 2 74
138367 2 71
139025 3 202
139216 6 283
139569 11 246
139945 3 162
140050 2 1196
140221 2 397
140265 2 310
140267 3 326
140288 3 439
140371 5 1181
140376 2 397
140448 3 693
140522 1 289
140889 4 429
140997 1 349
141455 1 321
141592 1 318
141610 3 286
141798 5 97
141877 1 277
142131 1 233
142141 20 7912
142255 1 759
142269 1 489
142279 1 93
142428 7 127
142610 4 495
142685 2 331
142940 1 261
143051 3 37
143062 3 40
143082 11 197
143085 15 284
143200 5 515
143284 1 107
144228 3 152
144427 3 153
144581 8 706
144847 14 236
144851 7 515
144861 2 82
144864 5 70
145046 6 208
145072 3 31
145094 3 686
145103 8 166
145398 3 273
145411 5 342
145414 5 373
145720 2 562
145967 7 113
146373 3 52
146540 1 277
146620 2 318
146656 1 282
146886 2 36
147061 3 56
147063 6 124
147224 2 241
147657 8 252
147799 2 319
147999 2 690
148319 2 191
148404 2 217
148630 2 227
148637 5 139
148816 2 227
149551 9 299
150107 8 572
150625 4 517
151558 1 79
151731 3 36
151763 2 156
151952 2 555
152634 4 947
153183 20 803
153229 4 713
153334 5 430
154694 3 412
154814 2 193
154959 3 555
154968 5 874
155684 4 225
155717 5 82
155944 4 571
155948 2 676
156410 4 569
156700 3 85
156963 3 51
156980 13 260
156994 2 116
157092 2 497
157093 4 185
157245 2 191
157453 4 323
157653 1 97
157701 3 280
157949 2 610
158155 4 531
158255 4 524
158443 7 643
158548 3 130
158555 9 170
158829 1 120
158876 9 420
158881 3 848
158989 3 48
159494 2 38
161782 4 224
161975 4 208
162172 4 2378
162327 1 122
162713 2 354
162774 4 238
162842 1 570
162941 2 272
163577 3 53
163710 28 684
164153 1 187
164334 2 501
164337 1 92
164503 2 383
164519 4 637
164541 2 250
164608 3 731
164703 2 92
164850 3 233
164860 19 563
165347 14 379
165421 9 277
165431 23 707
165432 17 398
165441 3 251
165493 14 239
165496 19 585
165509 3 79
165865 2 191
166345 4 218
166656 3 255
166888 1 294
167012 1 103
167792 1 42
167920 1 412
168166 5 76
168675 1 192
168695 12 409
168813 3 748
169264 3 659
169481 2 159
169756 3 177
169880 1 157
169971 4 117
170211 2 45
170837 13 285
171119 2 227
171283 3 48
171382 6 276
171432 3 744
171630 4 653
171660 10 746
171776 2 204
172499 2 77
172545 1 40
172738 3 746
172814 1 231
173321 2 172
173446 2 176
173706 11 256
173824 2 134
173998 1 117
174251 5 749
174668 16 387
174934 3 157
175202 1 233
175695 4 69
175734 11 473
176238 2 620
176344 1 277
176370 2 413
176792 7 161
176818 2 170
176905 2 47
176906 3 98
176913 2 85
176918 1 49
176927 6 104
177020 3 265
177057 1 160
177596 1 428
178042 3 234
178459 1 291
178461 1 565
178685 17 464
178990 5 3085
178996 7 5818
179138 2 173
179608 1 80
179618 1 168
180046 10 463
180177 2 309
181065 3 76
181152 2 36
181391 1 238
181423 2 185
181426 16 412
181434 1 584
181492 4 549
181544 19 549
181552 1 138
181804 1 481
182139 2 652
182460 4 100
182938 22 8475
183872 1 54
183974 2 632
184056 3 96
184509 1 164
184549 13 336
184673 2 319
184727 4 59
184769 4 564
185556 2 236
185591 11 474
185686 1 129
185870 4 64
185882 1 162
185998 7 226
186058 2 271
186108 4 512
186434 1 274
186465 4 495
186478 1 226
186506 7 154
187593 1 482
187936 3 51
188650 13 266
189487 1 96
189911 3 439
189948 2 209
189971 1 136
190044 3 622
190324 2 651
190453 2 218
190596 1 262
191257 1 708
191300 3 71
191624 3 662
191685 3 74
191729 5 215
192282 4 387
192344 4 269
192613 3 731
192711 1 87
192881 17 1592
193084 11 234
193402 1 195
193453 1 142
193554 1 104
193720 17 630
193739 1 146
193784 5 269
193827 2 664
194129 2 102
194177 3 41
194217 4 378
194425 2 89
195189 7 284
195452 5 528
195572 1 800
195819 20 454
196039 5 432
196263 4 563
196325 1 200
196766 7 572
196787 1 290
196838 16 1078
196966 1 100
197208 3 45
197414 6 271
197447 1 327
198053 11 172
198185 1 87
198225 5 187
198246 15 483
198267 10 300
198373 1 138
198715 5 535
198731 8 447
198885 11 481
199100 2 198
199140 19 474
199195 8 276
199561 3 437
199616 13 483
200008 2 50
200026 1 126
200282 1 115
200535 3 82
200697 2 553
200736 1 267
200758 2 81
200769 2 82
200844 1 458
201253 1 239
201790 1 121
202048 2 581
202356 1 175
202424 1 71
202641 1 57
203058 2 46
203070 6 302
203085 5 285
203306 2 468
203920 11 417
204219 5 1154
204261 1 409
204418 1 181
204470 2 240
204524 1 405
204544 5 450
204659 2 721
204847 10 303
204891 3 43
204925 2 145
205681 3 408
205749 1 225
205833 1 142
207112 7 267
207215 11 368
207341 1 268
207569 4 172
207617 2 204
207647 1 211
207675 2 787
207787 2 198
207996 2 750
208336 1 39
208338 3 94
208345 2 668
208425 10 555
208499 3 699
208547 1 594
208637 8 669
208706 1 231
208715 1 82
208725 2 832
208927 1 459
208996 5 262
209565 1 96
209637 2 493
209741 3 46
209853 1 763
210035 2 393
210752 4 41
210793 4 209
210878 1 359
211073 3 255
211179 1 189
211189 1 102
211941 27 425
211974 5 219
212162 2 217
212270 5 232
212311 2 266
212372 14 323
212474 2 265
212498 1 170
213003 2 175
213078 1 227
213137 2 500
213280 3 256
213294 1 227
213526 2 292
213531 1 213
213742 6 416
213983 2 250
214867 6 237
215057 2 253
215099 3 40
215309 2 145
215347 1 106
215371 1 117
215704 4 336
215714 1 282
215882 2 304
215964 1 219
216295 3 439
216426 2 615
216427 4 821
216542 1 295
216546 1 164
216665 3 194
216845 3 753
216850 1 146
217005 3 785
217166 4 331
217361 7 370
217562 2 719
217596 4 265
217766 9 230
217841 2 105
217850 2 98
218005 8 266
218090 1 282
218320 2 188
218343 2 296
218357 1 245
218712 1 154
218778 3 57
218806 2 217
218819 5 1229
218896 3 472
219043 15 439
219244 4 775
220059 1 148
220333 1 281
220469 5 278
220503 2 41
220514 1 61
220530 3 308
220544 12 483
220700 4 368
220861 1 455
220960 4 419
221010 3 815
221011 2 456
221013 2 627
221014 2 464
221015 2 630
221017 1 439
221018 1 681
221020 4 465
221021 2 688
221022 2 469
221024 1 237
221025 7 663
221032 5 652
221033 4 361
221039 1 401
221040 2 715
221043 4 715
221163 1 374
221164 1 868
221314 3 574
221744 1 88
221826 3 1187
221910 2 720
222118 2 249
222605 9 490
222667 7 241
223219 2 49
223419 1 167
223561 3 248
224194 1 81
224196 2 253
224335 3 50
224949 2 412
225010 12 187
225155 1 201
225418 3 70
225910 1 206
226569 1 231
226703 1 562
226836 1 552
226852 7 414
226876 1 596
227679 1 549
227759 2 293
227771 3 398
227947 3 291
228385 9 412
228448 1 242
228886 10 477
229083 1 571
229146 4 565
229408 3 393
229614 8 203
229626 3 526
229662 6 229
229672 25 530
229898 10 365
229936 2 109
230072 13 609
230526 4 432
230532 1 170
230563 1 261
230585 3 227
230761 7 496
230778 2 288
231006 1 165
231300 2 279
231370 3 41
231458 1 244
231499 17 362
231533 16 370
231620 3 75
231702 1 727
231861 3 75
232133 3 61
232473 3 760
232871 1 207
233151 18 513
233223 2 448
233495 12 466
234128 1 290
235093 2 535
235998 4 312
236118 7 133
236163 8 705
236946 9 235
237110 3 40
237113 1 68
237249 1 112
237359 4 367
237831 1 66
237844 1 156
238220 6 91
238428 3 40
238450 1 526
238967 2 400
239543 3 53
239654 1 525
239803 2 316
239903 3 227
240136 1 495
240162 1 227
240452 6 660
240453 5 349
240958 1 192
241413 3 1172
241691 1 137
241737 1 158
241742 1 176
242140 2 180
242934 2 40
242953 1 102
243287 1 244
243529 7 226
243951 2 538
244051 1 723
244071 4 262
244517 1 47
244727 2 488
244904 1 106
244971 1 114
245255 1 316
245480 1 161
245660 3 667
245661 1 622
245776 11 478
245817 2 186
246389 3 556
246656 3 43
246697 8 217
247105 1 36
247783 2 62
247799 6 435
248081 10 305
248277 2 86
248340 3 190
248601 4 241
248840 6 429
249088 3 184
249759 1 66
249761 2 98
249763 1 685
250313 3 2682
250466 1 104
250666 5 779
250848 2 397
250875 3 612
251054 1 220
251954 4 373
252052 5 95
252288 1 63
252502 5 72
252641 2 1248
252752 2 493
252885 5 193
252922 3 431
253200 2 42
253228 2 251
253377 3 79
253472 3 373
253720 1 172
254026 5 191
254257 2 777
254612 5 568
254889 2 43
255051 1 187
255297 1 688
255364 2 497
255543 1 131
255556 2 648
255618 2 233
255813 1 282
255892 1 101
255993 1 473
256001 1 528
256523 6 581
256582 2 460
256805 3 548
256937 5 484
256944 9 667
257219 1 454
257395 2 318
257983 3 156
258704 3 41
258705 3 47
259190 3 72
259268 3 40
259371 4 1300
259445 20 645
259496 4 482
259617 1 435
259672 2 123
259706 3 134
260032 1 213
260081 6 666
260085 13 543
260267 5 92
260477 4 75
260508 3 68
260756 3 338
260856 1 1241
260997 1 159
261063 4 755
261077 3 453
261334 5 463
261401 5 330
261872 1 77
262240 1 511
262442 3 67
263626 1 429
263676 5 149
263927 3 268
264335 9 388
264398 2 668
264522 8 381
264648 4 536
264855 4 518
265342 2 30
265796 20 838
265813 1 4655
265816 2 25803
265845 1 17259
265854 9 21100
267447 18 258
267449 14 261
267454 27 1603
267456 20 756
267470 12 371
267558 135 5952
267559 10 354
267608 23 610
267621 26 588
267701 23 647
267702 25 645
268094 55 1068
268208 18 626
268209 18 522
268270 4 499
268303 3 6782
268342 15 286
268344 24 363
268474 8 359
268515 11 275
268577 9 246
268587 10 284
268629 10 272
268654 15 444
268683 30 577
268684 30 1023
268702 10 611
268790 5 134
269247 5 147
269577 20 555
269764 7 157
269922 3 342
269996 2 6852
270275 55 2162
270405 17 276
270413 13 304
270729 8 137
270731 10 170
270733 16 317
270848 17 307
270858 11 162
271160 9 168
271161 7 177
271463 5 112
272656 6 142
282759 7 233
283263 4 264
284037 6 349
284883 3 309
284887 3 404
285251 28 444
286230 25 2459
286238 34 2004
286295 9 1998
290419 8 312
290465 7 15747
291675 24 997
291987 27 1101
292584 24 567
292779 11 215
292845 21 729
292874 9 176
292988 11 242
292990 15 200
292995 20 660
293071 4 274
293238 4 160
293290 13 269
293298 17 261
293351 4 316
293440 15 402
293443 9 259
293445 34 631
293446 28 726
293463 20 310
295891 1 244
298822 4 534
302803 8 220
303093 4 97
303726 6 248
304332 13 509
304529 7 527
304769 28 2418
304893 13 301
305039 2 481
305847 13 639
305900 13 626
306175 2 10421
306237 2 26903
307752 1 178
308186 11 36306
308457 1 682
308907 6 13313
308947 15 16976
308953 5 14138
308961 6 13313
309001 15 16976
309007 5 14138
309386 4 153
310096 3 617
310100 14 192
310237 17 667
310307 33 1103
310352 14 520
310375 9 364
310378 16 555
310530 2 246
310635 22 400
310638 7 167
310639 139 4161
310640 9 1041
310740 12 370
311142 6 614
311248 27 689
311408 2 152
311412 29 562
311414 6 206
311508 29 561
311509 13 631
311510 6 206
311513 14 339
311694 36 1875
311915 23 691
311953 13 230
312038 22 400
312039 16 796
312253 5 151
312852 2 103
313398 1 624
319464 5 200
320248 6 13098
323644 9 181
325042 2 1837
325093 10 736
325094 14 835
325189 5 1535
325537 1 4579
326025 5 282
326145 4 183
326178 1 178
326537 5 282
327087 1 2792
327394 12 22044
327407 3 18061
328960 89 1934
329110 13 641
329191 21 964
329544 6 524
330209 21 654
330210 31 621
330333 14 336
330334 8 239
330335 11 251
330339 14 372
330341 2 346
330421 2 120
330623 15 1698
330981 5 250
331005 6 232
331910 7 154
332341 10 190
333062 1 503
337670 9 138
338028 4 113
345665 3 1416
345679 3 122
345822 2 268
345981 2 89
346774 1 820
346989 3 147
347208 2 685
347869 3 47445
348714 3 342
350449 2 14072
350496 3 14081
352198 6 260
352587 3 642
353240 11 708
353245 6 186
353246 22 1607
353248 27 656
353448 7 139
353738 12 360
353915 12 360
353931 24 633
354154 9 199
354257 4 364
354551 6 239
356647 12 243
362619 12 221
363384 7 129
363965 8 6146
364196 11 194
364204 11 257
366450 9 174
369670 10 385
369926 4 148
370202 8 325
370338 11 193
370525 3 1576
370752 1 271
371033 1 337
371259 7 446
371526 7 335
371531 2 841
371573 5 275
371576 4 369
371669 3 286
372297 11 922
372449 1 208
374994 5 13993
376370 4 738
377108 18 629
377345 10 340
377442 6 106
377535 11 317
377756 7 126
377894 1 87
378376 4 362
378600 16 414
378624 1 1805
380703 1 2085
385758 4 88
386653 4 96
386937 14 253
386941 11 229
386942 12 346
388046 7 150
391065 4 148
391795 8 703
392215 11 819
392451 3 370
393011 42 2028
393550 11 30891
393660 4 2221
393747 1 58177
393996 1 900
394156 5 698
394159 26 813
394898 4 26758
396259 1 714
396268 1 526
396865 3 76
397028 6 100
398168 1 157
399388 1 108
400832 5 349
400913 11 17082
405750 1 582
405866 5 402
407127 1 168
408315 1 445
414772 1 472
416114 4 85
416118 53 1484
416259 1 97
417562 2 242
418635 3 409
419609 1 71
420409 20 939
421193 5 246
425491 3 77
425612 1 358
426579 21 1108
432197 1 434
434993 2 1194
436606 4 85
441458 9 156
445436 3 62
446761 3 2497
447964 3 223
449487 3 1090
449882 1 640
451932 3 518
452292 4 199
453560 2 91
455904 1 563
456640 2 557
458599 1 92
460348 11 634
462682 1 1337
462740 3 85
465024 7 479
465087 6 484
467125 4 101
467564 7 963
468713 10 570
468859 17 716
470813 2 551
471346 8 161
472059 1 1683
473362 4 148
473884 5 574
476470 11 655
476641 7 470
476867 7 92
478677 3 339
478831 8 970
480309 2 249
483653 1 1992
485828 9 171
489328 4 76
489681 3 67
489756 9 288
491139 4 731
491247 1 592
492447 16 347
496913 1 107
498785 1 163
499104 10 486
499314 20 981
501866 3 879
502511 1 435
503821 2 589
504823 13 911
505368 5 168
506447 1 76
508640 8 994
509938 3 967
510330 1 343
511679 7 207
513560 2 70
513762 3 431
514649 2 59
517601 1 65
517673 8 398
521901 1 116
522428 1 335
522802 10 629
524871 4 188
90706 1 615
96911 1 391
110981 1 548
145398 1 273
185289 3 150
185556 2 236
186434 3 274
190417 1 229
193822 4 577
195572 1 800
198191 1 98
202048 1 581
207780 1 187
208443 1 276
216269 2 289
218097 1 92
219452 1 71
220756 1 347
220861 1 455
221016 1 472
221020 1 465
222901 2 172
225328 1 249
226520 1 116
233215 1 454
237831 1 66
245860 1 327
248161 2 500
259359 1 51
259618 1 188
370752 1 271
414500 1 108
517673 2 398
31 7 12233
33 19 19382
455 15 18030
786 19 376
1548 6 280
2641 15 17392
2678 2 522
3322 16 335
4137 19 16130
4321 11 505
4338 7 16989
4463 19 373
6367 41 17463
8148 17 17754
8318 6 363
8508 1 350
8590 1 300
8742 5 330
8758 19 438
8837 10 366
10355 3 525
11328 3 389
11331 5 482
12294 16 614
12700 6 639
12709 63 20008
13136 1 549
13233 2 436
13912 23 17501
14112 24 613
14117 21 408
14118 16 276
14119 12 403
14950 3 325
17942 2 358
18120 8 387
19029 14 462
19172 9 445
19186 18 360
19187 22 360
19188 16 232
19848 19 431
21249 7 469
21526 7 316
21529 11 323
21530 4 467
21533 5 391
21537 14 495
21538 6 434
21539 18 473
21614 34 32241
27424 18 13034
28450 4 259
31298 24 502
31299 17 288
31629 32 21435
32244 10 212
32306 18 447
32612 3 77
32614 12 203
34246 14 19523
34559 2 532
34722 7 13257
34913 4 327
34921 1 417
36391 7 10294
36498 15 20156
36802 54 29903
37063 2 440
37066 3 446
37067 5 537
37635 19 412
38922 1 376
38941 14 303
38943 20 540
39448 14 454
40892 8 657
42540 1 262
42548 1 418
43640 36 18238
44366 1 12535
45827 21 546
45947 7 11759
46007 17 822
47642 3 11472
47669 3 541
47671 3 841
49914 8 350
50682 44 32839
51014 19 480
51737 8 205
51819 15 489
51820 4 467
51823 5 391
51827 14 495
51828 6 434
51829 18 473
52140 30 443
52170 7 260
52179 19 494
52214 48 64459
52322 12 282
52678 26 15365
53248 1 268
53597 20 237
53658 8 374
54527 21 19068
54582 19 429
55371 2 52248
55720 1 233
55957 1 568
56052 1 840
56300 1 108
57243 2 647
57861 2 354
58477 1 537
58483 1 646
59111 1 441
61473 1 757
61734 1 133
61817 1 393
62064 7 4939
63817 3 566
64662 1 506
65113 1 649
65699 1 74
65754 1 1409
66491 10 295
67984 1 269
68685 1 277
69851 1 177
70696 1 197
70970 1 227
71517 1 174
72500 1 168
72521 2 295
74185 1 824
74201 1 588
74227 1 1786
74274 3 596
74300 1 232
74549 2 164
74643 1 225
74677 3 190
74758 1 162
75242 1 479
76662 1 2416
76716 1 376
77074 1 400
77114 3 133
77187 1 1202
78130 3 980
78457 1 133
80432 2 721
80832 1 62
82146 2 507
83508 1 297
84980 4 372
85174 1 905
86044 1 779
86046 1 530
88879 1 938
88985 1 516
89151 1 54
90051 1 377
90368 1 96
90515 1 623
91348 1 909
92353 1 126
92391 1 551
93400 1 507
95266 1 462
95272 2 683
95665 2 177
95756 2 837
95877 3 1042
96470 1 183
96489 1 106
96695 2 961
96705 1 445
96808 1 211
97633 2 144
98075 1 460
99363 1 513
99496 1 451
99499 1 525
100039 2 301
100608 1 190
100680 2 221
100935 1 710
100941 1 667
101334 2 163
101896 3 817
101996 1 107
102792 1 462
103182 1 134
103556 2 149
103705 1 704
105097 1 2033
105940 1 292
106423 1 537
107111 2 678
107172 1 957
107323 1 406
107945 1 578
108089 3 397
108159 2 464
108797 1 292
109614 1 900
110123 1 364
110548 1 735
110782 2 295
111030 3 544
111273 1 68
111640 1 82
114065 1 576
114108 2 129
114235 2 781
114343 2 409
114527 1 256
114830 1 596
115186 1 285
115235 1 115
115340 1 9448
115494 2 300
117687 1 97
118323 1 177
118512 1 125
118754 2 529
119020 2 550
119129 1 172
119444 1 571
119448 2 766
119724 1 564
119753 1 184
119843 1 477
120385 2 701
120452 2 964
121593 1 593
122641 1 725
122674 1 141
123002 1 84
123777 1 86
125941 1 246
127232 1 654
127410 1 124
127724 6 600
128899 1 1909
129040 1 266
129284 1 234
130597 1 415
131061 2 217
131415 2 192
131580 1 109
131797 1 167
131974 1 461
133401 1 1201
134656 1 106
135208 1 265
136518 2 221
137674 1 604
137984 2 409
139216 1 283
139937 1 371
140050 1 1196
140288 1 439
140522 1 289
141455 1 321
142141 7 7912
142255 1 759
142269 2 489
144427 1 153
144797 2 364
145046 1 208
145094 1 686
145411 2 342
145414 2 373
145815 1 588
146620 3 318
148630 1 227
148637 1 139
148816 2 227
149551 1 299
150107 1 572
151090 1 569
152634 3 947
153334 1 430
155944 2 571
157092 1 497
157245 1 191
157628 1 292
157701 1 280
158155 1 531
162774 1 238
162842 3 570
163710 1 684
164082 1 172
164541 3 250
165432 1 398
165865 1 191
166345 2 218
168083 1 91
169756 1 177
169880 2 157
169953 2 365
171382 1 276
172524 4 430
173998 2 117
174561 1 593
174668 1 387
175719 1 86
176370 4 413
176792 1 161
177057 2 160
178685 1 464
178990 1 3085
178996 2 5818
179138 3 173
179618 1 168
179628 1 478
180046 1 463
180100 2 347
180132 1 68
180177 1 309
181104 1 101
181423 1 185
182938 1 8475
183974 2 632
184126 1 139
184133 2 198
184509 1 164
185591 1 474
185998 1 226
186108 1 512
186465 2 495
186478 1 226
186506 1 154
189914 3 165
190324 1 651
190652 1 78
191257 1 708
191630 3 801
191729 1 215
195111 1 734
195452 1 528
195572 1 800
195861 2 518
196838 1 1078
198267 1 300
198373 1 138
198885 1 481
198963 1 214
199150 1 80
199561 3 437
200697 1 553
200736 3 267
203085 3 285
203227 2 769
203306 1 468
204219 1 1154
204470 2 240
204847 2 303
204902 1 467
205461 1 276
207215 1 368
207996 2 750
208345 1 668
208499 5 699
208547 1 594
211073 1 255
211179 2 189
211189 1 102
211974 3 219
212162 1 217
212311 1 266
212372 1 323
212498 1 170
213280 1 256
213742 1 416
213983 1 250
214152 1 175
214867 1 237
215704 2 336
216295 1 439
216421 1 374
216426 4 615
216427 1 821
217166 1 331
217562 1 719
218005 2 266
218097 1 92
218712 1 154
220041 1 264
220530 1 308
221011 1 456
221015 1 630
221016 1 472
221017 5 439
221018 1 681
221027 5 367
221040 2 715
221164 1 868
222426 1 91
224194 1 81
224949 2 412
226569 1 231
226852 1 414
226870 3 311
226871 1 308
226877 3 663
227679 2 549
227759 1 293
227771 3 398
228626 1 1184
228928 1 81
229626 1 526
230072 2 609
230532 1 170
230778 2 288
231533 1 370
232473 3 760
233151 1 513
234128 3 290
235093 1 535
235998 1 312
236163 2 705
236946 1 235
237844 1 156
237942 1 108
238967 1 400
239654 1 525
239803 3 316
240453 3 349
240947 1 257
241691 1 137
243335 1 584
243529 2 226
244051 4 723
244517 1 47
245480 2 161
248161 1 500
248277 1 86
250006 2 181
250313 2 2682
250785 2 76
250874 1 669
252885 1 193
252922 1 431
253245 1 181
254026 1 191
254158 2 76
254758 1 197
255623 1 81
255810 1 316
255817 1 189
256001 1 528
257054 1 251
257317 1 189
257770 1 125
257927 1 187
257983 1 156
259445 1 645
259496 3 482
259672 1 123
261106 1 565
262240 1 511
262435 1 255
262536 1 174
263494 1 574
264156 1 426
264205 1 222
264335 1 388
265810 6 16729
265813 1 4655
265816 2 25803
265845 4 17259
267449 1 261
267608 1 610
268270 5 499
268303 1 6782
268474 1 359
268603 1 2073
268702 1 611
268875 3 361
269029 3 2154
269152 2 1675
269247 1 147
269764 1 157
269922 2 342
269996 2 6852
271161 1 177
271482 1 2212
280619 2 11500
284037 1 349
284737 11 325
284883 1 309
286198 1 2306
286238 1 2004
287906 11 5750
289732 1 4132
290256 1 30074
290440 2 15196
290465 12 15747
291675 2 997
292150 2 872
292886 2 2418
292917 2 2418
293446 1 726
294077 2 79
294967 2 7544
297420 1 69
298822 1 534
303734 3 25485
304529 1 527
304769 1 2418
305039 1 481
306175 4 10421
306237 22 26903
306284 2 21202
306314 3 4250
307453 39 49380
307752 3 178
308186 4 36306
308457 5 682
308619 1 1515
308907 2 13313
308919 3 13545
308947 3 16976
308953 3 14138
308961 2 13313
308973 3 13545
309001 3 16976
309007 3 14138
310096 1 617
310237 1 667
310378 1 555
310640 1 1041
311142 1 614
311694 1 1875
312144 3 1389
312825 14 1423
313674 3 1197
318606 5 370
323849 1 449
325093 3 736
325094 1 835
325110 5 3594
325112 2 2173
325189 1 1535
326123 3 14885
326129 19 67196
326178 3 178
327087 1 2792
327384 1 19585
327394 2 22044
327407 3 18061
328447 1 92
329208 1 9390
329544 2 524
330099 1 6898
330421 1 120
330981 1 250
333521 4 395
345665 4 1416
346774 3 820
347711 30 3994
347760 8 2186
347761 28 3747
347837 31 63219
347869 69 47445
348714 2 342
349693 2 2709
349902 1 3417
350449 3 14072
350479 3 11696
350496 1 14081
352450 2 5502
352587 2 642
353240 1 708
353248 1 656
353555 1 282
353738 1 360
353915 1 360
354044 2 4950
354450 1 8639
369424 1 607
369670 1 385
370525 1 1576
371526 1 335
373834 1 44460
374014 4 80805
374994 5 13993
376386 1 9418
376610 1 7750
376822 1 7531
377345 1 340
378276 5 2991
378624 3 1805
379670 1 2024
386937 1 253
388046 1 150
392215 1 819
392451 1 370
393525 9 3836
393526 2 8178
393550 7 30891
393589 2 921
393660 2 2221
393673 6 10585
393747 30 58177
393996 1 900
394156 1 698
394159 1 813
394898 22 26758
396258 7 38258
396259 3 714
396268 1 526
396523 1 275
398168 1 157
400913 3 17082
405750 2 582
407436 2 624
407522 1 599
408536 2 464
410363 1 170
416118 2 1484
418635 2 409
419414 1 530
420409 1 939
421193 1 246
423625 1 631
425612 1 358
426579 1 1108
433081 4 694
434993 2 1194
437665 2 605
439676 2 63
441047 1 492
441598 1 615
448079 1 753
449882 2 640
451583 4 824
451938 1 654
453086 3 387
454778 1 1200
455565 1 713
460348 1 634
462104 1 1397
464453 1 403
467564 2 963
472059 3 1683
473362 1 148
476641 5 470
476838 2 545
483653 2 1992
483932 2 968
485088 1 83
491139 3 731
492627 1 63
499104 1 486
503235 1 48
503821 1 589
507380 1 844
509938 1 967
510330 4 343
513762 1 431
517371 1 160
522578 1 130
