9658 1 176
12376 2 267
34775 1 509
45099 2 724
46660 1 425
49651 1 596
57872 1 329
58138 1 345
61369 1 388
69270 1 136
69399 1 218
74926 1 249
87058 6 514
87111 1 217
89041 1 1171
91803 1 757
98562 1 103
100558 1 183
102235 1 326
102303 1 1043
109271 2 620
109672 1 389
121344 2 831
130483 1 450
136377 1 1043
139931 1 216
140447 1 799
144568 1 329
172262 2 732
178094 2 398
186700 1 105
190709 1 545
193931 1 211
195111 1 734
198721 2 334
200132 2 731
205691 1 229
205979 1 362
210078 3 522
211338 1 439
214639 8 669
220838 1 510
222625 1 584
228084 1 753
230560 2 438
235955 1 437
236236 1 507
237392 4 488
240239 2 655
246976 1 519
247619 1 222
254544 1 413
254701 1 374
265859 1 5419
265861 1 5419
275149 1 2072
277166 1 239
286801 1 950
287022 2 232
289465 1 447
289478 1 2380
289723 2 2907
289971 1 1277
301865 1 18367
301872 1 72
302365 1 129
302877 1 357
306000 2 122
306139 2 5267
306225 1 454
306308 2 928
306341 1 2643
306799 1 359
308165 1 973
308169 1 1745
308302 2 178
308304 5 179
308305 1 589
308307 4 667
308336 5 207
308337 4 195
308867 1 837
315648 1 308
320580 1 187
320676 1 372
325529 3 282
325534 1 2074
325539 6 6072
325544 2 2857
325682 1 374
325705 1 190
327053 1 1352
348003 2 2348
350050 1 2984
350330 1 714
361790 1 294
372108 1 565
372281 2 5554
374027 1 779
374753 2 210
374999 1 2502
393747 1 58177
395640 1 17885
395698 1 265
395810 1 5761
398271 1 458
398593 9 459
400913 1 17082
401218 1 140
401705 1 413
403188 1 364
403342 9 438
403355 2 464
406093 1 611
406660 1 481
406972 3 612
410001 1 190
410018 1 207
412578 2 118
412964 3 734
415889 1 2057
417556 1 180
418090 1 227
420221 1 172
420312 1 230
421335 2 85
421502 3 364
423444 1 1112
427759 1 187
427778 4 600
429219 4 581
429534 1 449
430014 1 1554
433811 2 281
433877 1 398
434085 1 265
435273 2 127
436551 2 1112
438779 1 222
439483 1 112
440669 1 388
440964 1 1214
442580 1 96
444051 1 131
446520 1 113
448748 1 138
450025 1 961
451381 1 338
453336 2 562
455579 3 292
456672 1 770
457434 1 192
458748 1 199
460503 1 342
461145 4 188
462104 1 1397
464448 4 1617
464473 1 781
465190 2 532
472524 1 113
475490 1 375
475903 1 399
475981 1 546
478955 1 499
478966 3 856
479737 1 550
480389 1 606
481316 1 835
483374 1 682
485947 1 511
488050 1 460
488671 1 427
488730 1 88
488834 1 508
488844 1 692
491132 1 635
491454 2 706
495992 1 87
496436 1 4282
496437 1 151
496569 1 651
496856 2 658
497244 1 155
499639 1 425
499829 1 435
501180 1 228
501447 1 295
501866 1 879
502638 1 904
503537 2 523
503877 1 221
506015 1 471
506017 1 625
506240 2 522
507237 1 126
509256 1 594
509697 1 357
511602 1 828
511958 1 533
511962 2 228
514015 1 616
514551 1 604
515419 1 327
515557 1 403
517016 1 213
517097 2 633
517332 1 505
517526 1 2516
519654 1 446
520320 1 630
520369 1 189
522464 2 211
522840 1 53
522858 1 892
524987 1 152
525050 1 263
525279 1 646
525606 1 2915
526255 1 333
527313 2 212
342 18 434
454 5 318
455 17 18030
1246 1 516
2641 29 17392
2973 2 3886
3203 15 419
3210 1 456
3251 1 2288
3693 3 299
3785 21 468
4137 12 16130
4362 1 365
4674 4 433
4839 1 241
5085 2 2119
5767 1 383
6162 1 435
6345 3 382
6367 53 17463
6439 3 6333
7714 3 495
8110 1 363
8148 24 17754
8164 21 694
9715 2 298
10596 2 2754
11419 1 391
11737 3 3608
12709 4 20008
13912 23 17501
13973 2 873
15012 1 6149
15113 3 469
15749 2 592
15752 4 637
16508 1 343
16521 1 655
16522 5 493
17430 1 269
17737 1 507
18050 1 344
18670 3 723
19142 2 403
20508 10 795
20814 2 13056
21614 8 32241
22134 2 348
22213 2 335
22757 1 388
23638 1 671
23729 6 192
25218 4 9144
25656 17 15042
26228 1 470
27424 16 13034
27476 3 293
28775 6 470
29230 5 754
29611 3 296
29612 2 326
31307 4 530
31326 1 532
31629 36 21435
31630 7 852
32450 21 364
32464 2 643
32703 1 748
33691 1 591
33705 1 498
34246 29 19523
34269 3 438
34506 3 339
34722 53 13257
34729 1 360
34765 3 861
35107 1 414
36304 1 512
36306 1 711
36498 56 20156
36556 2 13014
36741 3 434
36802 4 29903
37113 6 488
37269 2 560
37357 21 505
38688 2 2505
39710 3 2655
39712 4 5030
41601 5 710
42005 1 945
42189 1 9638
43636 4 539
43637 4 668
43640 21 18238
43807 30 623
43809 56 867
43811 19 392
44318 1 624
44366 11 12535
44399 7 818
44601 1 522
45099 1 724
45872 23 15512
45917 20 6305
45947 84 11759
47786 2 2387
48208 1 292
48225 1 373
49169 15 679
50682 1 32839
50687 8 134
50690 15 335
50691 16 460
50694 27 457
50699 11 187
50700 18 251
51945 1 267
52214 14 64459
52340 1 343
52678 21 15365
53923 1 413
54444 1 2249
54527 52 19068
54564 2 551
54576 5 338
55891 1 1041
56011 2 724
56538 1 703
56546 1 140
56735 1 755
56751 1 374
57496 1 400
57582 1 276
57583 1 657
57898 1 323
58180 3 410
58537 3 524
58925 1 508
58961 1 264
59172 2 669
59374 1 1662
59381 1 231
62745 1 624
62950 1 517
64874 1 351
67717 1 460
81892 1 421
82033 1 299
82977 7 2067
87058 1 514
87111 1 217
87920 1 931
93092 1 469
96109 1 210
101480 1 119
102303 2 1043
103445 1 341
104307 1 177
118125 1 543
118469 5 3145
121481 1 565
125134 4 503
136377 1 1043
140447 1 799
140458 2 559
140717 1 672
141571 1 243
143334 3 101
146723 1 604
148073 3 560
157804 2 464
158089 3 426
158790 1 375
159754 1 313
166141 1 292
167726 1 379
171669 2 776
175306 2 239
175325 1 872
179356 2 630
192676 1 103
194468 3 221
194488 1 150
210078 3 522
210397 1 305
211338 1 439
211691 1 205
217015 1 883
218140 1 295
219074 1 486
221454 1 300
222036 1 469
222159 1 661
222249 1 639
223548 1 510
223916 1 709
225477 2 763
225492 1 524
225587 1 252
226835 1 514
227952 1 919
228061 1 553
228309 1 810
228412 1 609
228766 1 250
228910 1 404
229085 1 792
229747 1 642
230056 2 78
230952 1 238
233968 2 544
234671 1 787
235955 1 437
236236 4 507
237392 2 488
238909 1 406
240239 1 655
240492 1 355
243796 9 181
244784 1 229
245772 1 305
247180 2 252
249102 3 365
251842 1 744
254544 5 413
254701 1 374
255537 1 484
264605 1 508
264606 1 553
264811 1 494
264812 1 539
265753 1 393
265789 1 3328
265810 2 16729
265813 1 4655
265822 1 5726
265826 4 1044
265854 1 21100
265859 6 5419
265861 6 5419
265928 1 654
265994 2 2146
266096 1 219
266141 1 172
266253 2 452
266258 1 709
266404 1 430
266412 1 664
266504 1 83
266535 1 543
266554 1 241
266557 1 90
266571 2 151
266670 1 139
266723 1 204
266780 1 511
266832 1 282
266854 1 1990
266953 2 1445
267075 1 115
267092 3 596
267150 1 130
267212 1 302
267251 1 136
267253 1 189
267257 1 202
267258 1 217
267267 2 111
267271 1 91
267274 1 96
267296 6 4554
267304 1 427
267523 1 507
267702 1 645
267760 1 174
267871 1 514
268026 1 312
268303 2 6782
268734 1 238
268878 1 302
268906 1 1328
268994 1 350
269294 2 144
269645 3 649
270230 1 434
270511 3 3250
270630 1 477
270814 1 398
270993 1 420
271014 1 447
271175 3 299
271200 1 111
271443 1 299
271587 1 326
271705 1 209
272072 1 146
272204 1 763
272247 1 162
272269 3 4027
272279 1 201
272542 1 280
272561 2 273
272727 1 107
273003 1 276
273139 1 161
273141 1 252
273253 1 205
273336 2 966
273395 2 174
273437 3 2648
273706 1 715
273768 2 786
273854 1 252
273891 3 480
273999 1 208
274025 1 672
274059 7 2826
274080 5 2934
274105 1 141
274180 1 174
274191 1 182
274433 1 276
274519 5 538
274574 1 896
274666 1 529
274667 1 274
274678 2 119
274860 1 300
275178 1 280
275194 6 254
275436 2 342
275443 3 402
275593 1 462
277594 1 348
279467 1 470
279563 1 480
280835 5 391
281571 1 243
282237 1 282
285425 1 628
285877 4 274
286584 6 9180
286588 3 6603
286791 2 1566
286801 1 950
286808 1 784
287055 2 2284
287109 1 345
287192 7 1561
287301 1 1184
288663 1 577
289330 5 1036
289348 11 18428
289354 8 1746
289391 1 1233
289465 1 447
289478 2 2380
289723 2 2907
289748 1 693
289830 2 3054
289971 1 1277
290024 4 1391
290146 6 1466
290223 3 1056
290256 25 30074
290405 1 1244
290440 1 15196
292886 5 2418
292917 5 2418
293936 1 1816
297332 1 360
297833 6 501
297936 1 461
297980 5 2523
298744 1 347
301865 9 18367
302877 1 357
303734 23 25485
304965 1 153
305602 1 432
305922 7 3872
306000 1 122
306052 3 3462
306073 3 784
306175 4 10421
306257 4 393
306276 4 970
306284 9 21202
306799 1 359
306863 2 1833
307388 1 410
307453 5 49380
307744 3 321
307762 3 3336
308186 19 36306
308187 31 51551
308220 4 1353
308318 2 580
308336 9 207
308337 1 195
308340 2 178
308342 1 192
308561 7 1744
308771 17 8972
308772 2 2076
308791 1 1367
308809 17 8972
308810 2 2076
308829 1 1367
308867 1 837
308872 1 908
310495 5 3147
311653 2 707
312154 3 4518
312169 1 2117
313673 1 1409
314538 2 1587
314822 5 6501
315648 1 308
316058 2 405
316895 2 1349
317611 2 1827
319213 1 285
320248 9 13098
320362 3 2349
320718 2 1037
321169 1 251
321399 2 367
322265 2 327
322805 4 2274
325277 2 854
325496 1 955
325529 5 282
326123 5 14885
326168 3 318
326794 1 1657
327053 1 1352
327059 3 307
327122 29 16929
327123 29 16927
327161 6 2446
329415 1 1582
329676 4 93
330338 1 292
333530 1 187
334896 2 380
336167 10 794
336520 1 254
337986 2 2361
338551 3 265
339286 1 228
339716 1 568
340972 1 456
341158 1 320
342397 1 141
345616 1 304
347392 1 151
347837 2 63219
348032 1 1157
348063 2 1554
348098 3 1377
348207 8 2202
348819 1 532
349650 1 1434
349901 2 1708
349994 1 8773
350032 3 1561
350050 9 2984
350310 2 3011
350341 3 2807
350343 4 155
350356 3 3150
350479 2 11696
353154 1 539
355742 1 212
358524 4 4489
358802 1 154
362132 2 154
366513 1 310
366578 2 558
369909 1 1011
371771 1 431
372271 42 3535
372506 2 561
373014 3 3572
373830 1 965
373834 29 44460
373843 2 1559
373903 3 1933
374014 1 80805
374027 1 779
374291 1 502
374300 4 3673
374565 3 1404
374614 1 851
374677 1 167
374710 1 257
374783 1 310
374864 1 375
374879 1 132
374928 2 2941
374999 5 2502
380175 2 1734
380544 1 248
381770 5 251
382962 1 255
383933 2 2880
385383 3 95
385797 2 93
389457 1 1569
389737 1 1106
390424 2 134
390673 1 83
390906 3 331
393550 6 30891
393677 2 3966
394027 1 1265
394268 1 1567
394834 1 153
394898 2 26758
395164 1 567
395242 1 23266
395614 4 1056
395640 20 17885
395652 1 921
395699 1 554
395810 1 5761
395969 1 852
396138 2 2729
396150 14 3399
396152 1 961
396200 2 973
396211 3 1394
396258 29 38258
396259 5 714
396329 2 2994
396361 1 809
396366 1 733
396563 1 2512
396602 1 1070
396655 2 1108
397175 1 395
397651 1 418
397736 1 152
397876 1 645
398046 1 1608
398071 1 761
398170 3 1845
398271 2 458
399041 1 571
399688 1 663
400289 1 789
400913 5 17082
401200 1 888
401206 1 721
401355 3 116
401630 1 402
402009 5 1364
402542 1 1886
402550 1 594
403188 1 364
403342 1 438
403390 1 782
403512 1 207
405658 2 3015
406972 3 612
408390 1 863
411336 1 471
414918 3 86
415004 2 357
415647 3 804
415889 1 2057
415994 1 591
417762 1 493
420920 4 338
421078 5 399
421502 1 364
421540 5 924
421684 1 270
422525 1 739
422941 4 238
423235 1 56
423444 3 1112
423491 3 579
425071 3 79
425763 4 104
425824 1 211
427173 1 103
427452 1 459
430014 1 1554
430813 3 86
431637 2 333
432454 1 445
432834 1 389
433890 2 425
435526 2 775
436195 1 375
436551 1 1112
436655 2 357
436783 5 109
437341 1 316
437970 1 281
440725 2 588
440964 2 1214
441344 4 111
441356 3 74
441801 1 389
442797 1 326
443992 1 752
447523 1 427
448025 3 293
448875 1 675
449141 3 100
449324 1 3154
450032 12 780
450482 3 670
451351 3 77
453968 3 79
454605 4 81
456274 2 146
456432 6 196
456672 1 770
458930 3 71
459316 1 2291
461389 5 90
462004 1 149
462488 5 581
462682 7 1337
462878 14 293
462918 3 87
463791 3 99
464413 1 1187
464466 1 891
464473 2 781
465336 1 693
465641 4 101
465698 3 99
465716 1 540
465727 1 1521
466235 3 82
466580 1 732
466665 2 964
467141 1 470
468576 5 654
471472 7 764
472704 4 129
474057 1 466
474464 1 183
474672 1 1235
474985 4 469
475296 9 337
475903 2 399
476169 3 74
476696 4 105
476754 2 384
480527 1 354
481316 1 835
481503 1 76
481613 3 81
482180 6 549
483374 9 682
484083 1 967
484252 1 1072
484845 1 1355
485038 2 1184
485481 1 1284
485947 1 511
488050 1 460
488279 8 350
488671 1 427
488797 1 115
488834 1 508
488844 1 692
488858 3 73
490184 1 973
490216 1 210
490238 1 1298
490416 1 557
491132 2 635
491186 3 597
491255 1 2605
492908 1 758
492950 3 81
494734 5 153
496436 3 4282
496569 1 651
497539 2 397
498131 4 137
499310 4 138
500566 1 586
501219 4 115
501289 1 247
501447 1 295
502738 1 636
504768 1 229
506496 4 140
506895 7 334
510330 1 343
510437 2 820
510514 1 2000
511059 7 203
511351 7 615
511404 1 364
512385 2 2547
513012 1 110
514551 2 604
515337 1 1079
517484 1 485
517526 1 2516
517555 1 362
517558 7 515
518072 2 346
518739 1 400
519047 4 113
522576 1 520
524219 2 1447
525597 1 484
525606 1 2915
527939 1 663
528062 1 2803
