3190 1 506
7538 2 441
11897 1 452
11898 1 649
14734 1 519
17565 2 252
47464 2 508
47473 3 368
47474 3 489
47477 2 526
53596 1 467
55066 1 156
58561 2 159
60014 2 440
60057 1 128
61607 1 653
64032 7 697
64127 6 466
64875 1 216
65780 2 1063
67502 2 127
67731 3 529
67825 2 333
67829 3 89
67841 10 473
67860 3 204
68171 3 228
68249 2 604
68495 2 492
74553 1 175
75078 1 365
75079 1 605
75094 1 744
77488 1 558
80419 5 716
82710 2 143
88527 1 326
93093 1 317
100113 2 208
109170 1 26
115078 1 306
115368 7 484
123280 1 466
126204 1 582
127652 1 337
133841 2 248
134679 1 259
135597 1 726
141448 3 1221
149608 1 217
152739 2 621
154613 2 281
155950 5 756
156219 5 491
156638 1 242
157084 1 271
159227 1 389
160694 1 191
162495 1 602
162843 1 669
163803 2 187
164280 4 267
164744 3 882
164881 2 268
166590 4 482
168262 3 221
171414 2 453
172013 2 180
174325 1 1132
176245 2 666
178115 1 636
182192 6 188
184106 8 589
187590 1 914
191950 2 254
193836 1 506
196806 3 295
198419 8 713
200592 1 60
203723 3 276
207346 2 110
207571 3 489
207841 1 185
207842 4 258
208906 1 366
209613 2 313
210281 1 150
211516 1 455
214190 3 674
214342 3 142
214381 1 797
227794 1 611
233238 4 862
233239 1 427
233241 1 321
241833 2 467
244254 1 118
246661 1 90
248709 1 758
256238 1 652
288055 1 262
288056 2 325
288111 3 152
288155 1 620
292152 1 263
292302 2 325
307233 1 644
307245 2 1120
307320 8 278
307379 1 239
307407 2 483
307453 7 49380
308719 1 601
312780 3 247
314270 3 4790
314689 6 369
321637 3 298
326022 1 170
326129 7 67196
329581 2 355
333023 3 124
334428 1 1335
334601 1 313
348786 2 358
354450 1 8639
366137 1 322
366541 2 517
366991 1 124
368313 6 174
368870 3 170
369266 2 145
373144 3 494
384994 2 204
388434 1 137
388450 2 644
388724 1 140
389222 5 137
389421 1 146
389603 2 830
394847 1 396
394898 2 26758
394899 2 288
395767 5 721
396084 3 606
399952 2 1695
401030 2 352
404022 1 67
404220 1 667
404383 2 70
407867 1 491
407897 1 873
410745 2 412
411064 1 770
413920 1 367
415952 2 365
416438 2 740
416991 2 562
417179 2 92
417404 1 1015
418838 2 740
426405 1 1008
427849 2 516
432681 7 1851
432684 1 1236
435196 6 189
436200 1 318
439357 1 935
440486 1 771
441533 2 5725
441992 12 736
442878 3 249
443830 1 1113
446240 1 303
450500 2 54
458233 6 678
463511 1 446
469916 1 417
470185 3 205
479940 1 72
480082 5 491
481663 1 541
483344 1 368
485100 4 2284
493759 2 1387
493995 1 408
494046 2 385
496301 5 363
496513 1 682
496962 2 86
498917 1 130
501277 3 1075
503195 1 1505
505597 2 96
509715 2 1079
515241 2 405
515958 2 684
526503 1 78
526596 3 483
527661 1 431
50 2 144
60 3 580
147 3 281
153 1 547
154 8 530
160 1 276
696 4 296
699 5 590
701 3 564
707 2 697
722 3 521
736 5 324
752 2 352
766 1 268
806 1 252
807 1 295
871 5 287
991 1 547
1369 1 644
1381 1 381
1382 1 297
1408 1 323
1409 7 330
1646 6 55438
1747 3 235
1761 1 206
1973 1 470
1975 1 205
1987 2 603
2048 9 182
2132 2 423
2428 1 628
2530 2 542
2531 1 282
2534 1 393
2538 1 375
2555 1 370
2721 1 433
2722 10 353
2723 13 488
2724 17 500
2725 7 498
2726 1 480
2855 2 398
2858 1 312
2874 4 278
2875 8 405
2876 12 154
3159 6 388
3189 4 416
3191 1 454
3988 6 375
3990 1 374
3999 2 358
4000 1 335
4005 1 459
4047 3 605
4086 1 348
4351 10 410
4450 1 453
4463 1 373
4622 8 291
4624 5 598
4637 3 531
4712 2 490
4716 4 332
4721 1 26
4817 7 434
4932 1 300
5291 8 309
5297 6 475
5306 1 240
5337 7 190
6364 1 213
6439 1 6333
6465 1 380
6468 5 203
6470 1 26
6867 5 355
7537 5 214
7538 2 441
8022 1 171
8025 4 326
8028 4 331
8029 1 49
8315 4 316
8324 3 441
8326 2 610
8327 2 638
8408 6 516
8629 1 26
8728 7 250
9158 6 442
9162 2 420
9201 10 271
9203 2 347
9204 13 453
9454 4 244
9619 2 496
9622 2 403
10431 9 254
10866 1 385
11180 3 335
11188 4 387
11244 2 561
11245 1 278
11359 10 215
11491 1 371
11537 1 26
11575 6 567
11579 4 594
11608 11 347
11615 5 492
11616 2 80
11618 1 26
11897 6 452
11898 5 649
11900 12 729
11901 9 335
11907 3 436
11911 3 427
12092 1 431
12192 1 191
13158 12 2612
13242 3 215
13823 23 3071
14145 10 281
14147 2 387
14148 15 507
14355 9 567
14408 3 555
14409 3 190
14733 6 297
14734 2 519
14735 2 454
14736 4 381
14746 3 308
15804 9 322
15805 13 222
15814 2 540
16194 1 530
16850 19 577
17507 3 645
17577 6 429
17889 3 207
17980 10 529
17997 3 544
18134 17 496
19171 11 362
19172 10 445
19179 8 229
19187 3 360
19188 4 232
19203 3 629
19564 3 397
20682 6 451
20725 5 657
20756 8 600
20757 4 285
21971 1 616
21982 8 155
21983 5 700
21988 6 570
21989 9 674
22005 2 506
22008 3 443
22013 1 333
22084 6 234
22391 11 461
22914 4 417
22917 1 300
23150 6 146
23355 7 430
23643 3 527
23713 4 601
23716 11 450
23966 8 230
23983 3 479
23985 1 623
24660 7 391
25037 2 89
25279 6 656
25776 4 431
26066 9 550
26154 10 228
26155 21 641
26156 4 148
26632 6 415
27401 6 390
27402 1 169
27654 3 362
27655 7 463
27878 6 273
27993 8 412
28126 13 7816
28130 8 226
28143 18 448
28405 6 408
28406 5 553
28461 10 5536
28489 3 172
28690 1 413
28694 1 321
28695 3 432
29062 2 542
29069 7 269
29112 14 395
29114 14 352
29115 20 394
29117 13 318
29119 10 327
29120 13 315
29123 12 272
29124 5 87
29186 5 422
29578 1 291
29584 7 494
29585 4 187
29723 1 455
29732 2 417
29906 1 196
30379 1 185
30482 6 408
31004 2 621
31184 4 463
31185 6 463
31186 1 339
31189 5 190
31227 1 756
31299 3 288
31557 4 611
31563 5 381
31566 5 127
31617 3 431
31810 3 460
31824 5 370
31832 6 380
31834 1 55
31835 4 456
31840 1 504
31844 2 427
32376 9 304
32924 8 421
32928 7 430
32929 4 356
33694 1 406
33695 5 487
33699 5 304
33708 1 476
33709 5 449
34154 10 379
36047 4 528
36051 5 294
36394 1 401
36396 1 621
36399 2 318
36806 10 834
36809 15 817
36815 2 690
36816 1 493
36820 2 516
36823 2 585
36826 1 808
37069 6 230
37376 6 536
37671 1 453
37691 4 745
37805 2 540
37992 4 329
37993 2 231
38057 15 330
38644 7 402
38796 5 504
39094 2 482
39117 5 351
39764 5 500
39765 1 472
39773 2 403
39816 4 392
40061 65 19463
40641 3 450
40998 5 436
41209 10 884
41656 2 306
41820 5 314
41821 4 183
41970 5 608
42053 3 256
42054 6 292
42186 7 242
42354 2 651
42360 3 348
42416 7 413
42448 1 382
43396 1 468
43623 14 768
43766 3 500
44535 3 122
45217 13 262
45218 11 353
45219 4 348
45220 8 335
45223 1 350
45492 1 163
45820 5 403
45821 5 497
45822 7 259
45823 5 601
45826 2 398
45827 9 546
45859 4 129
46567 2 444
46781 1 104
47182 6 141
47185 22 468
47187 17 351
47190 8 184
47191 4 213
47192 13 299
47195 11 277
47196 13 278
47197 8 191
47199 10 148
47202 7 225
47203 10 155
47204 8 317
47205 8 451
47206 8 256
47207 1 496
47208 4 191
47227 11 206
47228 5 201
47230 6 219
47462 1 462
47464 1 508
47465 1 539
47473 1 368
47474 4 489
47541 5 104
47548 2 443
47549 3 296
47783 2 197
47827 15 346
47828 10 214
48230 2 266
48261 5 508
48742 8 372
48836 3 656
48839 2 377
48841 10 390
49759 11 496
49763 5 961
49764 2 502
49771 1 313
49775 8 338
49780 9 524
49785 5 629
49786 3 379
49796 1 312
49800 8 346
49875 5 382
49910 1 672
50205 5 267
50682 4 32839
50683 1 9266
50823 6 415
51102 6 242
51532 3 240
52214 1 64459
52507 3 930
52615 1 389
52653 6 410
52658 2 211
52940 3 395
52941 3 193
53012 27 393
53140 3 588
53182 8 244
53214 6 563
53216 7 524
53596 1 467
53597 1 237
53714 3 728
53720 2 394
53798 5 397
53910 2 475
53911 7 388
53995 6 142
54054 4 533
54241 7 340
54426 1 412
54446 1 579
54481 5 201
54482 4 380
54485 4 192
54487 4 197
54489 9 245
55066 1 156
55183 1 234
55475 5 456
59364 1 382
61969 3 385
62119 1 270
63309 3 126
63926 3 226
64032 3 697
66571 1 78
67860 1 204
73270 4 303
75079 1 605
76360 1 447
77394 1 575
77643 4 594
79361 2 477
84194 3 930
84351 3 89
84645 2 226
86953 1 393
93701 12 954
93895 1 770
96936 1 579
107319 1 363
107713 2 473
112287 2 431
117165 4 402
128397 5 500
130283 1 508
132814 3 719
139814 2 59
139972 8 768
143197 2 668
146993 1 628
147338 1 2122
147534 1 69
147896 3 540
150096 1 668
152739 4 621
154684 1 55
154837 2 139
161778 2 197
161845 1 575
161998 1 149
162843 5 669
163319 6 689
164106 2 149
164700 3 52
164744 8 882
165444 1 673
166590 11 482
166601 4 304
169646 1 654
169955 3 326
171414 3 453
173017 2 897
176245 1 666
178055 1 343
178848 4 119
179244 2 509
181420 1 373
187590 8 914
189152 1 199
192106 1 101
192379 5 60
192380 7 134
195551 3 110
196802 1 112
196806 5 295
196873 1 405
198681 1 56
203952 1 527
204322 1 171
207836 1 63
207841 5 185
207842 8 258
209765 1 556
210281 3 150
210531 2 65
211516 3 455
217691 1 421
218076 1 273
220366 12 467
220367 1 404
226418 3 82
227794 11 611
228081 1 637
233997 1 214
234000 1 558
235744 4 502
237390 1 596
237623 8 650
241421 1 162
241876 8 737
241877 6 564
242646 2 683
244636 4 521
248709 2 758
252715 2 310
252997 1 242
257063 2 369
258978 2 353
265994 1 2146
267605 5 231
268195 6 160
268506 7 261
268803 5 1021
268866 5 209
269093 3 250
269398 4 244
269399 4 281
269566 4 133
269567 1 150
269675 1 139
269677 1 211
269683 4 228
269813 6 173
269814 11 286
269838 7 180
270250 3 424
270267 6 196
287929 3 685
287947 2 179
288053 2 210
288056 2 325
288094 5 237
288099 2 520
288180 3 164
288181 4 249
288182 1 145
288183 5 214
288184 4 233
288185 6 165
288186 7 265
291755 1 139
292191 2 209
292302 2 325
292621 16 1467
307245 3 1120
307293 1 376
307299 2 219
307305 5 295
307310 1 198
307320 1 278
307356 5 164
307453 6 49380
309356 2 78
309357 2 210
309358 2 100
310301 1 154
310987 5 295
311905 2 218
325411 1 601
325538 1 1844
326022 5 170
326042 1 184
326043 1 162
326127 84 1789
326129 1 67196
327418 1 1529
328894 3 223
328911 1 281
329164 2 601
329194 4 133
329195 3 184
329203 1 206
329223 3 243
329914 6 185
329915 3 183
330017 13 216
330351 3 217
330858 9 231
331489 1 169
334601 3 313
338510 1 2483
348711 8 180
348723 4 284
348725 4 136
348726 1 215
348727 11 289
348737 1 305
348787 2 598
348794 1 217
348801 3 228
348802 6 198
348803 3 225
348804 3 245
348807 1 243
349068 1 168
351865 6 188
352187 5 535
352188 1 103
352433 1 152
352971 1 183
355374 3 271
372968 1 159
372982 3 165
372989 1 209
372990 11 230
373101 5 534
373118 6 147
373188 1 151
373189 6 190
373245 4 142
374296 1 552
376599 4 255
377433 2 191
377514 2 191
377758 2 144
378591 1 205
378592 11 227
380699 3 223
394720 3 184
394721 6 188
394722 11 218
394772 3 222
394781 9 231
394829 1 1108
394833 3 266
394847 1 396
394853 4 257
394880 1 155
394898 12 26758
394899 1 288
394905 3 223
394914 2 195
394916 2 150
396310 1 776
397672 2 86
398042 2 193
398562 2 663
398648 2 43
399324 5 793
399691 3 797
399913 8 278
399923 1 161
400257 2 427
400768 3 672
400865 1 639
401030 1 352
403095 5 1307
403754 1 132
404022 2 67
404220 1 667
404383 2 70
404545 1 296
405862 3 874
406010 1 1055
406134 1 511
406616 2 121
406969 1 1875
407324 4 192
408085 1 1170
409210 5 703
410745 1 412
413062 1 829
413123 1 423
413257 3 377
413279 1 696
413710 7 127
413757 11 1489
414010 5 142
414274 3 304
414764 1 408
415038 3 451
415677 3 937
415678 5 305
415952 2 365
416186 1 445
416991 4 562
417179 1 92
417181 1 342
417660 2 709
418001 6 258
418280 1 877
418486 1 187
419177 3 85
419356 1 1552
420919 1 845
421200 1 407
422074 7 472
423015 1 499
424555 1 218
424750 32 844
426021 3 1096
428313 1 1772
428486 10 457
428667 1 193
428749 5 675
428913 1 208
429395 3 358
430013 6 701
430804 1 272
430936 3 67
431071 1 899
431152 1 401
431153 1 877
431173 1 498
431696 5 414
432147 2 143
432309 1 613
433081 3 694
433151 4 114
433223 6 514
433423 4 339
433722 3 2969
434102 1 1981
434561 1 698
434858 1 500
434936 8 411
434948 1 266
434999 1 574
436116 1 2703
437653 1 1492
439233 14 624
439342 1 106
439858 3 341
440426 6 528
440743 5 148
441801 1 389
441992 22 736
442315 6 835
443717 5 976
443830 4 1113
446851 14 2098
447148 1 145
447191 2 1291
447857 10 1371
449580 6 2282
450958 3 59
451660 5 606
451691 2 634
451758 4 301
451948 4 94
452078 5 495
452507 1 211
453029 10 425
453086 4 387
455246 1 492
455830 2 40
456701 10 729
457456 1 763
457502 1 370
457727 5 375
457856 2 66
458594 4 267
459717 1 354
460682 5 734
464563 2 587
464871 2 159
465534 4 324
465791 3 1263
465819 1 211
465828 1 139
466016 1 150
466164 2 434
466286 2 112
466721 2 882
466983 2 122
467012 3 283
467691 4 1772
467697 2 657
468124 2 390
468733 4 1063
468851 1 612
468938 1 142
469263 5 675
469916 2 417
471608 1 2725
471831 5 1171
473742 1 193
473770 2 1090
474072 4 536
475107 1 67
475370 1 317
476161 2 785
476270 1 462
476301 2 355
476657 1 792
477235 1 382
477647 2 61
478072 8 1237
478954 1 375
479170 1 252
479547 1 159
480003 18 1133
480004 9 95
480527 1 354
481121 2 1385
481196 1 229
481663 5 541
481840 4 894
482803 8 233
483344 2 368
485926 3 580
486171 1 747
487708 3 238
487849 1 807
487872 1 668
488021 2 405
488490 1 344
488525 1 343
488768 3 321
488996 5 875
489375 4 688
489492 1 648
489499 4 498
490306 1 523
491119 3 644
491269 2 135
491423 6 1326
492252 4 506
493995 2 408
494356 3 98
495658 1 229
496259 4 653
496301 1 363
496479 9 946
496905 1 440
496962 2 86
497410 2 101
497831 2 1124
498917 1 130
498976 2 155
498992 2 60
498993 1 83
499067 2 837
499441 4 1342
500054 2 455
500750 2 90
500887 7 442
501277 28 1075
501657 2 306
502211 4 546
503107 2 534
503466 5 591
503889 1 171
505675 6 739
507796 1 61
509715 5 1079
511063 1 152
511144 1 228
511320 2 421
512711 3 624
512718 4 386
512730 3 165
512749 1 129
512917 10 713
513374 4 738
513712 4 491
514081 2 267
515958 5 684
516013 2 320
517365 2 225
517557 19 1751
517629 7 526
519323 5 534
520015 10 647
520127 3 309
520241 1 297
520348 6 1848
520384 6 2192
520410 5 898
520581 3 1016
522146 3 325
522904 1 373
524014 1 90
525428 2 94
525434 1 147
525982 3 573
526173 7 331
526315 4 1459
526363 1 493
526503 1 78
526596 1 483
526638 1 513
526824 3 623
527661 1 431
33 1 19382
699 3 590
701 1 564
722 1 521
991 3 547
1369 1 644
1382 1 297
1987 1 603
2060 6 81
2428 1 628
2530 2 542
2534 2 393
2555 1 370
2563 1 695
2726 4 480
2874 1 278
2875 1 405
3189 1 416
3990 1 374
4000 1 335
4003 1 403
4047 1 605
4050 1 573
4086 1 348
4450 1 453
4464 1 516
4712 1 490
4716 1 332
4932 1 300
5306 2 240
5313 7 442
5323 5 458
6364 9 213
6367 3 17463
6439 1 6333
6465 2 380
8326 2 610
8327 2 638
9158 1 442
9159 10 438
9162 4 420
9603 1 533
10784 8 478
10785 8 489
10866 1 385
11188 1 387
11608 2 347
11615 2 492
11911 5 427
12192 1 191
12709 1 20008
12985 5 7361
13158 1 2612
13823 1 3071
14719 1 283
15814 1 540
15963 4 441
16194 1 530
17565 1 252
17980 1 529
17992 5 477
17997 5 544
18134 1 496
19171 1 362
19188 2 232
19203 5 629
20756 1 600
21614 2 32241
21971 1 616
22005 1 506
22008 1 443
22013 3 333
22025 1 515
22914 1 417
22915 3 322
22917 3 300
23355 4 430
23643 1 527
23983 1 479
23985 2 623
24660 3 391
25279 2 656
27993 1 412
28405 1 408
29062 1 542
29578 1 291
29723 2 455
29732 2 417
30222 4 379
30446 10 12899
31004 1 621
31557 2 611
31629 3 21435
32483 1 504
32924 1 421
32928 3 430
36391 7 10294
36816 2 493
36820 1 516
36823 1 585
36826 3 808
36839 1 515
37691 3 745
37805 2 540
37993 1 231
39712 5 5030
40061 1 19463
42053 1 256
42416 2 413
42448 1 382
42655 1 431
43396 2 468
43766 1 500
43769 2 585
45826 1 398
45827 4 546
46342 1 224
46567 1 444
47205 1 451
47464 1 508
47549 1 296
47783 1 197
48252 1 402
48839 7 377
49910 1 672
50205 2 267
50683 4 9266
52214 1 64459
52507 2 930
52563 1 412
52615 1 389
52658 2 211
53214 2 563
53714 1 728
53720 1 394
53911 2 388
54446 1 579
55371 1 52248
55375 10 40486
60014 1 440
64032 1 697
64127 1 466
64875 6 216
65620 1 247
75078 1 365
76360 2 447
77394 1 575
84194 5 930
86953 1 393
88437 1 796
88896 1 303
89005 1 1071
89057 1 218
89297 1 535
93701 1 954
93895 1 770
97766 5 623
98356 1 361
98445 1 892
98681 1 968
98737 1 557
99411 1 936
99468 1 550
107319 1 363
132814 2 719
138830 1 251
143197 1 668
143366 1 601
146993 2 628
147338 4 2122
147534 1 69
147896 1 540
149608 1 217
150096 1 668
152739 1 621
154684 1 55
162843 1 669
164744 1 882
165444 1 673
166601 1 304
169544 1 568
171606 1 704
173017 4 897
178115 6 636
189152 1 199
192106 1 101
192842 1 1262
198681 1 56
203952 2 527
207836 1 63
209765 3 556
211516 1 455
214190 1 674
233239 2 427
233241 1 321
233997 1 214
235744 2 502
241421 1 162
252997 1 242
256223 1 407
257063 2 369
258978 1 353
265994 1 2146
268303 1 6782
268506 1 261
269996 1 6852
270250 2 424
280619 6 11500
282338 1 308
282418 1 800
282471 1 293
282556 2 1968
282557 1 230
282645 1 221
282680 1 207
286311 6 2409
286584 9 9180
287087 1 1458
287906 10 5750
287947 3 179
288099 1 520
288155 3 620
288186 1 265
288204 3 650
289348 27 18428
289932 1 4403
291755 3 139
294967 2 7544
301492 1 308
301510 1 251
301529 1 284
301573 1 724
301580 1 297
301597 1 175
301670 1 415
301834 1 535
301865 2 18367
301950 1 805
301969 1 155
302074 2 377
302126 1 345
302158 1 1329
302185 2 526
302227 1 175
302245 1 240
302310 2 833
302348 1 269
302411 1 987
303734 25 25485
305874 1 5512
305878 3 1800
305981 1 4277
306052 4 3462
306237 2 26903
306492 4 5234
306523 1 2528
306556 1 227
307217 3 485
307233 2 644
307305 5 295
307453 106 49380
308186 5 36306
308187 4 51551
308246 3 20735
308383 7 2189
308388 4 1339
308553 16 8271
308598 2 5851
308929 2 12027
308983 2 12027
310396 16 735
310987 5 295
311783 5 1265
312401 2 5388
314265 2 2289
314822 6 6501
316899 4 1693
319578 1 3245
320226 1 2316
321357 2 2299
325169 9 4914
325411 1 601
325538 13 1844
325539 8 6072
326123 43 14885
326129 142 67196
326855 1 1157
327122 1 16929
327123 1 16927
327769 5 2964
329208 1 9390
329226 1 8776
330017 1 216
330099 3 6898
331432 1 8083
336719 3 6871
338510 2 2483
338649 4 7414
344077 1 1087
347837 29 63219
348122 1 2838
348748 3 2123
348794 4 217
349704 3 2127
349994 3 8773
354450 1 8639
355382 1 3387
358200 1 5800
362745 2 1716
368870 1 170
371869 1 2409
372279 9 5420
372406 5 14595
372990 1 230
373144 2 494
373834 3 44460
374014 15 80805
374300 7 3673
374373 2 3397
374604 8 2428
378592 1 227
379649 2 3132
380699 2 223
384798 1 3365
385486 7 6673
387622 2 2512
389431 5 1389
389565 3 1929
393550 1 30891
393673 7 10585
394192 5 2619
394722 1 218
394829 4 1108
394898 7 26758
394899 1 288
394905 2 223
395640 13 17885
395714 4 4780
395767 1 721
396139 8 3722
396147 13 5877
396149 2 3367
396258 7 38258
396260 1 642
396267 1 448
396290 1 674
396306 1 418
396474 22 1209
397672 1 86
398042 1 193
398423 3 1240
399952 1 1695
400257 2 427
400768 1 672
400865 7 639
400913 1 17082
403095 1 1307
403754 2 132
404545 2 296
405862 3 874
406010 1 1055
406134 1 511
406969 1 1875
407867 1 491
407897 1 873
408085 1 1170
410745 2 412
411064 1 770
411941 1 233
413062 1 829
413123 2 423
413757 1 1489
414046 1 724
414274 1 304
414764 2 408
415038 1 451
415677 7 937
415678 2 305
415767 1 1558
416186 3 445
417181 1 342
417212 1 234
417341 1 1293
417358 1 251
417568 1 868
417590 1 564
417660 4 709
418001 5 258
418280 1 877
418486 1 187
419356 6 1552
420919 2 845
421200 1 407
422074 1 472
422675 2 688
423015 2 499
424555 1 218
428313 1 1772
428667 1 193
428749 1 675
428913 5 208
429395 1 358
430013 6 701
430488 1 444
430804 9 272
431072 1 1260
431153 2 877
431158 1 368
431173 3 498
431187 1 517
431188 1 690
431189 2 1446
431250 1 3314
431525 1 1036
431633 1 811
432147 1 143
432923 1 1140
433151 1 114
433223 1 514
433423 1 339
433722 1 2969
433780 1 766
433838 11 456
434102 1 1981
434561 1 698
434858 1 500
434936 1 411
434996 1 1050
434999 1 574
435022 2 501
436116 4 2703
437653 5 1492
439233 1 624
439357 1 935
440426 4 528
440486 4 771
440743 5 148
441736 1 189
441992 3 736
442315 10 835
443830 8 1113
446851 4 2098
447148 1 145
447191 1 1291
447857 10 1371
451660 2 606
451691 2 634
451758 1 301
451948 3 94
452078 2 495
452507 2 211
453029 1 425
453086 1 387
456701 1 729
457456 1 763
457502 2 370
457727 1 375
457856 1 66
458233 1 678
458594 1 267
459717 1 354
463511 1 446
464563 2 587
464871 1 159
465534 2 324
465791 3 1263
465819 1 211
465828 1 139
466016 4 150
466164 5 434
466422 7 581
466721 3 882
466983 1 122
467012 1 283
467020 6 557
467691 6 1772
467692 1 152
467697 2 657
468851 2 612
468938 2 142
469263 1 675
471608 1 2725
471831 1 1171
472490 1 774
473770 6 1090
473841 1 781
474072 1 536
474193 5 2427
475107 1 67
475370 3 317
476161 2 785
476301 1 355
476657 7 792
478954 2 375
479825 1 117
480003 1 1133
481121 1 1385
481196 1 229
481663 1 541
481840 1 894
482794 1 2136
485926 17 580
486171 15 747
487708 2 238
487849 1 807
487872 2 668
488021 1 405
488490 1 344
488768 3 321
489375 6 688
489492 4 648
489499 3 498
490306 3 523
491119 1 644
491269 1 135
491423 12 1326
492252 1 506
494356 1 98
495658 3 229
496259 3 653
496479 1 946
496905 2 440
497410 1 101
497831 1 1124
498431 2 492
498976 2 155
498993 1 83
499067 1 837
499243 7 688
499441 4 1342
500054 2 455
500887 1 442
501657 2 306
502211 5 546
503107 1 534
503466 1 591
505675 7 739
507796 1 61
511063 3 152
511144 1 228
511442 4 466
512711 2 624
512718 1 386
512730 1 165
512749 2 129
513374 6 738
513712 1 491
515958 1 684
516013 1 320
516589 5 1467
517365 2 225
517557 6 1751
517629 2 526
519323 3 534
520127 2 309
520241 1 297
520348 1 1848
520384 2 2192
520410 2 898
520581 1 1016
522146 2 325
523663 2 2999
524014 1 90
525428 1 94
525434 1 147
525982 3 573
526173 2 331
526315 6 1459
526638 1 513
526824 1 623
