3837 6 155
4338 3 16989
12985 3 7361
15012 1 6149
15481 5 143
16657 6 502
21459 4 16007
21614 1 32241
22402 12 175
23278 1 411
23398 6 104
25023 3 420
31846 5 5130
33561 1 3210
36802 1 29903
39021 1 6004
39712 3 5030
43640 3 18238
43840 11 257
44878 10 244
51331 4 184510
54523 13 184
55371 9 52248
55822 1 250
57156 1 375
57788 1 559
58041 4 227
58882 1 745
59074 3 591
59076 7 492
59587 5 244
59755 2 34
62092 2 41
62629 15 557
62730 8 534
62733 7 413
62742 1 749
63046 3 610
64733 49 546
65153 16 504
67389 3 506
67494 2 344
67610 9 155
68873 1 38
69995 15 733
71081 5 490
73249 3 202
73538 3 432
74684 1 324
74925 1 668
75042 3 588
75613 6 461
76200 10 442
76201 1 346
76204 4 464
76390 5 222
76649 4 795
77392 1 500
77894 1 348
79014 8 517
79121 11 538
79758 2 25
81371 1 194
81828 15 568
82853 1 271
82924 7 344
82977 3 2067
83350 1 759
83673 4 207
84272 14 599
84321 1 587
85318 3 467
85380 1 400
85404 1 140
86962 7 654
88978 13 202
89277 1 222
89394 1 494
89395 1 256
90521 18 768
90680 9 383
90688 1 627
91369 25 311
91476 1 113
91811 11 560
93097 9 561
93117 9 498
94141 1 603
94854 26 878
94855 8 607
95592 1 278
95858 8 563
96333 6 178
96834 9 123
97173 8 591
97665 2 45
98512 6 580
98516 4 373
100692 14 714
102572 4 66
103066 4 446
103247 3 119
103606 7 523
106108 2 572
107459 2 94
107685 24 638
108435 4 850
108660 1 415
109683 11 653
109992 2 67
110975 18 514
111010 7 572
111170 11 383
111176 1 232
111184 4 645
111186 3 452
111299 8 487
112113 1 472
112525 4 315
113120 5 485
114188 7 283
114189 3 374
114471 2 202
115334 16 917
115637 2 243
116511 8 592
117936 2 239
122338 7 471
122718 11 728
123855 8 521
124138 7 510
124222 20 623
124472 1 185
126562 1 482
126984 1 487
127020 7 88
127506 1 116
127508 1 65
127546 5 393
127547 4 308
127665 1 57
127900 12 161
128392 2 625
130721 18 336
132065 3 660
132119 5 1077
133024 2 432
133704 6 645
133912 8 498
135067 3 285
135359 13 453
135449 1 388
136326 13 606
136877 12 470
137071 1 78
137095 1 375
138076 13 1116
139004 6 505
139277 4 417
140335 15 608
141034 1 172
141322 7 444
141498 9 730
142325 10 706
142820 3 137
143181 2 638
145447 3 393
145535 4 68
145629 30 869
145632 2 456
146346 9 184
147397 13 509
148377 2 181
148832 12 730
148834 7 380
148837 2 1402
149168 11 502
149311 7 486
150085 11 498
151840 16 560
152737 3 550
153313 2 545
153410 10 135
156228 5 571
156250 1 643
157302 1 107
157534 9 392
159940 30 425
161931 16 538
162106 23 595
163162 10 531
163302 2 468
164748 3 525
164776 24 523
165444 1 673
165670 1 284
165937 6 756
167756 5 494
168070 4 313
168587 17 537
168699 5 541
168702 10 404
168703 1 805
169012 5 492
169760 7 623
170031 4 447
170150 3 725
171320 4 70
171716 9 1102
171999 9 518
172262 2 732
174685 5 501
175430 1 300
175776 1 741
175917 5 298
176209 7 489
176248 5 442
176263 2 500
177549 2 496
178097 4 417
178571 2 253
178573 11 582
179111 7 213
179721 7 175
180023 2 499
180752 7 118
181467 2 342
182144 4 801
182641 1 59
182832 8 197
183846 2 552
183955 5 125
184184 3 48
184655 1 151
184740 2 210
185386 2 116
186138 11 530
186309 2 47
188530 1 579
189373 7 372
191262 1 701
191919 1 368
192404 1 562
193503 2 109
194148 9 202
195222 1 1325
197192 4 359
199073 4 586
199313 2 40
200143 4 166
200944 13 616
201395 1 142
201493 3 119
201713 6 142
201717 11 217
204531 2 390
206087 1 124
208735 8 511
209017 9 630
209934 7 436
210055 10 593
211028 1 448
211969 13 299
213176 11 431
213180 1 406
213822 1 692
214311 1 74
214515 8 727
215314 12 207
216672 1 75
217575 42 839
217704 3 526
218980 1 1508
219576 1 45
219685 4 71
220489 4 378
220700 9 368
220820 5 758
221584 2 831
222040 4 453
222372 12 432
223377 1 324
223480 1 360
223482 1 433
223631 3 116
224398 1 663
225273 3 391
225281 1 346
226661 1 628
227874 1 76
228398 4 133
228512 1 217
230766 3 64
231195 7 615
232274 22 422
232440 1 263
233211 1 417
233386 1 59
234154 1 273
234155 3 517
234450 2 48
234936 1 246
235035 3 669
235147 1 991
235281 7 130
236133 1 74
236134 1 124
236135 1 79
237364 8 434
237734 1 863
239074 1 44
241077 4 564
241700 1 73
241995 1 69
242270 1 289
243227 14 431
245104 4 78
246329 14 578
246506 1 501
247086 3 736
247820 28 519
248202 1 113
249309 2 54
249325 6 376
249433 1 255
250304 4 97
250317 2 1095
251146 1 54
251379 11 460
252730 5 60
252833 15 473
253037 4 551
253820 3 65
253829 4 605
254717 7 393
255974 1 576
256200 23 399
256211 9 480
256212 13 666
256393 1 47
257338 8 439
257339 1 263
257694 1 558
257695 1 603
257696 1 472
257740 1 1040
258403 3 1817
258845 1 744
259245 6 481
259358 1 42
259371 1 1300
259446 4 51
259592 26 577
259594 1 410
259925 1 387
260186 1 326
260187 1 306
260465 1 285
260466 2 309
260706 1 137
260856 2 1241
260940 1 75
261069 1 273
261274 1 597
261381 1 249
261879 1 587
262495 1 385
262815 2 381
263621 2 596
263794 1 844
264148 1 211
264675 3 1329
264841 1 1174
264857 1 1170
264882 3 1306
265771 2 710
265795 1 1013
265854 2 21100
268028 8 3609
269164 12 354
269699 7 1880
269996 4 6852
271608 8 161
272003 2 5868
272149 2 256
272269 1 4027
272830 4 80
272965 1 1000
280619 2 11500
286377 1 2322
287552 1 335
289163 1 172
289445 4 2374
289920 1 7272
289932 2 4403
289939 1 1280
289984 1 653
290088 1 926
292504 7 920
292746 1 3411
293249 15 207
293721 1 4942
294911 10 189
294967 7 7544
295741 2 2940
298255 1 1264
298681 6 199
299874 3 88
301865 4 18367
302688 1 1782
302841 3 748
303734 5 25485
304089 1 306
305005 1 315
305941 13 2259
305961 3 2264
306237 1 26903
308180 1 1806
308186 162 36306
308246 1 20735
308919 1 13545
308973 1 13545
309001 1 16976
310224 12 2678
310766 1 2955
311062 6 114
311167 33 933
311586 11 207
311718 7 226
311741 24 563
312030 34 882
315583 1 303
320247 6 10051
320248 6 13098
324993 1 456
326129 6 67196
326831 2 3858
326883 1 4723
327005 1 4958
327038 1 854
327122 6 16929
327123 6 16927
327394 1 22044
328898 86 2278
328910 3 1786
328996 7 115
329208 3 9390
329225 6 7875
329355 7 128
329568 4 4961
329804 2 7586
330319 1 4031
330988 5 223
331411 1 1632
331629 4 674
331863 1 1929
332092 9 188
332181 1 7521
332290 9 79
332291 1 71
332544 4 115
332892 4 116
332925 5 72
332926 6 104
333192 6 220
333288 5 361
333639 13 208
344756 1 3477
347801 1 1864
347869 3 47445
347934 1 11174
349651 2 358
349901 2 1708
350451 1 2377
350479 3 11696
351998 1 3051
353367 3 3964
353629 5 168
354442 3 649
354450 5 8639
356348 9 156
357290 18 338
367488 1 782
367496 2 1991
368202 4 154
372246 1 800
372278 1 28092
373834 4 44460
374014 4 80805
376610 5 7750
376792 19 394
376978 5 138
377326 6 234
377529 1 2696
378071 4 7768
379261 2 102
380703 17 2085
387114 1 971
389565 1 1929
392442 1 2652
392459 1 2040
393526 3 8178
393550 1 30891
393673 2 10585
393826 1 2262
393880 1 1767
394137 11 1990
394552 1 1131
395640 1 17885
395836 1 4836
396150 2 3399
396538 35 1271
396605 7 1491
396628 41 803
396651 3 144
396710 30 815
396914 3 74
397396 8 75
397434 2 351
397637 26 1106
397664 25 688
397862 7 1616
397916 4 892
398465 37 1098
398737 6 147
399291 5 353
399416 2 92
400191 1 31
400344 2 203
400502 1 271
400620 1 1029
400913 16 17082
401044 3 66
401086 1 36
401385 2 348
401407 5 402
401687 12 1279
401774 12 1164
402534 3 304
402565 6 70
403159 16 839
403186 23 471
403237 12 730
403347 29 1365
404167 26 992
404249 13 255
405318 1 113
405457 1 363
405815 7 736
406144 5 107
406237 2 105
406660 8 481
406732 26 376
407103 2 213
407262 8 353
407271 3 518
407679 6 75
408182 14 929
408502 1 355
408567 1 94
408748 16 864
408772 11 974
409042 14 525
409215 1 2438
409714 19 564
409740 3 502
409959 6 656
410054 16 633
410245 2 137
410800 37 2430
410801 35 1019
410893 1 509
410920 8 369
411029 13 1123
411522 2 98
411568 16 377
411616 1 107
411749 3 90
411932 3 669
413667 2 86
413680 2 395
413685 1 87
413756 35 657
413858 4 125
414004 1 52
414131 3 105
414197 2 88
414429 4 733
414431 1 92
414515 1 53
414700 25 579
414812 3 117
415195 9 306
415203 18 435
415376 3 515
415503 1 301
415648 6 763
415708 4 66
416004 39 693
416553 6 355
416867 1 276
417092 1 460
417557 5 82
417640 4 454
418200 1 737
418233 7 154
418234 8 367
418392 19 864
418758 2 39
419585 6 87
419691 22 1323
420370 4 159
420640 2 822
421171 7 135
421185 10 1336
421438 1 123
421506 12 888
421704 6 617
421705 9 421
421712 4 168
422055 2 160
422483 4 107
422618 2 313
422865 18 324
422970 8 390
423150 2 524
423267 4 65
423567 4 2553
423610 3 982
423654 1 480
423840 7 1188
424022 29 753
424230 44 1423
424497 14 534
424642 2 198
425257 10 613
425838 5 715
426098 2 102
426132 12 190
426170 30 509
426494 25 717
427429 3 143
427525 2 85
427736 4 518
427955 3 128
428102 7 1210
428131 2 1146
428705 51 1184
428728 9 297
428912 3 59
429053 1 115
429100 2 112
429132 5 789
429622 4 54
429623 3 84
429748 2 122
429819 21 731
429940 3 87
430101 1 44
430366 4 33
431127 65 2034
431249 1 1974
431469 6 620
431879 15 550
431981 1 60
432478 5 86
432569 9 331
433005 33 1222
433199 13 747
433337 5 566
433685 3 44
433790 38 1125
433921 3 1020
433924 2 3205
434224 29 578
434386 1 113
434777 5 298
434822 9 352
435139 1 34
435916 1 82
436148 12 159
436326 39 1235
436327 4 1629
436440 4 104
436677 1 81
436734 7 944
436818 12 420
436922 28 665
437642 11 290
437965 6 64
438194 6 144
438316 29 836
438782 24 875
438931 7 859
438941 1 151
438942 6 158
439303 22 506
439560 1 79
439917 2 1820
440405 1 121
440446 5 428
440564 2 614
440686 1 797
440791 27 423
440792 1 29
440923 13 489
440936 14 468
441191 24 563
441240 1 531
441329 11 753
441425 1 610
441533 8 5725
441677 3 414
441720 27 1152
441880 20 489
442149 8 1128
442492 1 447
442602 4 51
443052 11 490
443064 10 525
443802 1 431
443958 3 666
443982 2 129
444380 11 1481
444422 3 100
444423 3 95
444486 16 796
444621 24 433
444728 1 1170
444841 1 445
444854 1 1117
444940 1 574
444947 4 146
445096 5 531
445695 4 102
445833 2 32
445875 10 499
445966 25 473
446108 2 622
446128 1 447
446333 17 900
446477 29 437
446619 7 1323
446626 22 896
446679 1 251
447662 12 196
448532 1 24
449271 20 934
449341 20 467
449671 3 87
450571 1 33
450851 8 121
450899 3 87
451268 1 82
451354 3 798
451416 6 88
451617 36 865
451820 10 457
451970 9 884
452543 12 143
453016 1 48
453678 1 127
453972 1 548
454439 1 979
454929 17 635
455102 2 102
455236 17 296
455496 5 96
455499 10 255
456026 9 502
456055 13 199
456474 5 96
456633 2 604
456854 1 1114
456980 9 1625
457063 2 41
457694 5 446
457713 3 82
457741 14 194
458019 12 2648
458175 4 159
458337 25 583
458486 5 130
459084 2 519
459310 71 2447
459376 4 50
459377 4 88
459649 22 961
459736 2 42
459775 6 357
459923 1 81
460023 3 100
460222 5 90
460295 1 984
460664 7 575
460902 2 102
461534 12 128
461643 74 2428
461988 2 52
461994 5 81
462269 2 911
462298 2 736
462320 4 896
462653 4 642
462965 3 345
463267 6 440
463414 12 476
463621 5 465
463901 12 765
463974 2 614
464011 2 131
464030 42 1598
464085 2 575
464161 5 556
464290 6 804
464299 14 926
464404 7 299
464603 32 921
464659 3 191
465709 3 98
465901 4 71
466080 3 718
466159 9 143
466220 13 769
466307 5 419
466464 16 758
466477 1 74
466557 3 364
466597 18 467
466936 4 338
467106 3 227
467959 1 693
468045 1 733
468171 5 77
468227 7 183
468618 2 132
468998 2 29
469937 1 147
470229 1 377
470565 1 573
470824 7 667
470918 1 593
471484 2 507
471569 16 697
471589 1 608
471635 21 1014
471780 5 528
471919 38 1164
471986 2 297
472431 1 627
472666 1 968
472745 4 485
472803 2 690
472978 2 510
473191 6 695
473342 9 3804
473600 3 80
473994 3 55
473995 2 43
474065 1 749
474090 13 621
474452 4 590
474733 7 117
475663 3 523
475707 4 527
476041 11 309
476357 1 1303
476660 1 173
477009 2 665
477069 6 90
477209 13 981
477418 1 393
477517 4 88
477735 27 638
477936 1 552
477942 12 609
478063 6 345
478497 19 528
478647 5 529
478686 7 655
479013 1 29
479040 7 1614
479041 3 1170
479183 4 129
479243 1 38
479292 1 515
479454 4 366
480073 7 781
480326 1 265
480387 1 643
480809 2 76
481059 12 395
481232 6 90
481349 1 760
481365 41 826
481384 6 614
481525 15 424
481678 37 791
481754 2 39
482382 2 150
482579 2 166
482701 1 64
483073 4 98
483554 6 90
483686 2 1042
483687 3 841
483694 6 573
483753 50 1336
483754 2 882
483759 1 2593
483760 1 149
484065 1 747
484076 4 97
484142 1 371
484255 4 238
484290 1 704
484542 1 1371
484583 2 160
484708 13 420
484746 2 96
485287 1 617
485360 18 743
486140 16 1108
486209 22 1767
486304 12 1088
486922 13 780
487160 3 107
487197 22 511
487312 3 82
487735 2 350
488202 16 1257
488808 4 980
488865 8 131
489033 5 940
489169 6 771
489427 14 302
489635 20 756
489693 1 77
490239 1 1674
490389 1 92
490471 1 414
490730 4 94
490879 9 608
491387 13 568
491399 19 852
491472 9 329
491641 1 93
491796 4 357
492435 1 271
492546 1 127
493092 2 75
493265 37 1140
493275 19 539
493756 24 1333
493781 25 1132
493972 9 446
494759 1 91
494967 6 103
495123 3 89
495200 4 181
495418 14 254
495565 5 943
496088 44 661
496105 6 121
496527 67 2015
496577 10 1218
496751 1 41
496818 3 79
496948 5 539
497018 5 539
497056 2 90
497290 2 282
498083 2 293
498543 66 1792
498798 2 53
498935 2 848
499093 16 828
499096 39 1721
499098 4 1363
499102 3 798
499176 14 587
499347 10 789
499438 5 1496
499769 1 52
499813 1 37
500078 8 514
500086 5 641
500148 13 778
500526 4 895
500643 4 543
500706 7 141
500807 17 484
501147 42 1092
501404 6 87
501498 23 609
501596 33 701
501648 8 563
502276 23 1119
503278 1 90
503279 11 151
503794 4 553
503827 13 348
504139 24 994
504258 21 788
504260 6 65
504275 15 491
504359 64 1748
504889 2 302
505194 2 221
505585 3 47
505706 3 807
505817 5 83
506171 13 641
506568 3 69
506626 6 143
506980 6 1371
507039 1 90
507162 1 480
507330 14 654
507334 1 976
507526 7 453
507657 20 508
507664 16 754
507697 4 123
507905 4 103
508419 2 4225
508564 4 78
508899 5 498
508924 3 90
509004 6 82
509714 20 788
510176 8 78
510383 3 65
510658 7 442
510755 2 65
510859 11 690
510861 11 556
511081 3 87
511529 1 47
512070 4 105
512082 4 104
512176 27 951
512651 12 249
512852 47 2033
513138 3 40
513224 5 104
513300 2 524
513908 2 83
513926 4 586
514013 4 148
514548 1 751
514921 38 1471
515162 10 1127
515371 7 371
515461 15 506
515552 3 1355
515560 2 57
515935 7 236
516191 1 114
516420 2 398
516584 2 96
516630 4 255
516676 2 86
516756 2 266
516797 4 77
517086 8 125
517339 4 63
517356 5 469
517526 3 2516
517858 3 1038
518120 12 383
518579 7 821
518629 1 65
518652 1 1029
518883 10 739
518965 27 699
519039 12 2294
519220 1 122
519402 4 960
519430 25 292
519621 1 648
520005 9 228
520249 15 260
520350 6 2178
520760 3 224
521212 7 147
521279 1 678
521475 3 170
521499 25 494
522208 3 436
522210 5 627
522387 6 65
523196 79 1681
523743 2 469
523827 5 393
524181 3 178
524297 2 399
524348 14 768
524371 2 455
524478 4 287
524824 3 267
524913 6 641
525251 6 168
525472 1 2326
525481 54 1010
525516 1 492
525560 1 365
525666 3 394
525740 4 917
525759 7 277
525767 1 207
525780 1 473
525787 13 2409
525989 56 1589
525990 18 546
525991 1 45
526028 1 175
526079 1 290
526084 6 715
526158 10 993
526310 24 1587
526379 11 912
526466 3 109
526654 1 395
526762 1 481
527039 7 83
527476 1 300
527481 1 347
527872 2 636
527873 5 1183
527875 19 955
527892 2 30
528062 1 2803
4597 1 303
9166 2 17203
9487 2 557
9692 1 599
17438 1 502
22776 2 247
23883 1 504
39807 2 513
45160 3 251
52813 2 796
56180 1 70
56401 1 228
57757 4 94
58041 1 227
58803 1 40
58882 1 745
58966 1 30
62400 1 31
65153 5 504
68873 1 38
71456 2 31
73249 1 202
74175 2 35
74684 3 324
75367 6 158
77392 2 500
77527 6 112
77719 4 160
78056 3 288
78593 1 363
82853 1 271
90688 1 627
91369 1 311
91864 1 439
92337 2 61
92643 1 549
93097 1 561
96711 3 96
99158 3 478
103247 1 119
105745 2 38
106108 1 572
107685 19 638
109992 1 67
111010 2 572
124472 1 185
124605 2 36
127035 1 147
127506 4 116
127508 1 65
127547 2 308
127662 1 111
127665 3 57
127671 1 160
130941 2 569
133024 1 432
134834 5 401
135067 1 285
135449 1 388
137055 1 326
137071 1 78
139277 1 417
141353 3 538
142537 3 270
144536 1 56
150218 1 273
150666 2 290
151789 1 239
153313 1 545
153350 6 1482
156016 1 393
156395 2 49
156396 2 57
159622 1 657
164407 2 42
165129 2 247
165444 5 673
165937 1 756
166989 1 658
168070 3 313
168712 1 407
169364 1 508
170071 2 484
171536 1 194
172262 2 732
176196 1 469
176209 2 489
176263 3 500
176654 2 46
179143 2 76
181373 1 288
181467 1 342
182144 3 801
182995 1 418
183658 1 100
183955 2 125
184014 1 367
184184 1 48
185084 2 450
186309 2 47
188687 1 697
189466 1 631
190299 1 96
191262 2 701
191265 1 461
192460 1 1331
193388 1 43
195222 1 1325
195322 3 95
195336 3 104
195847 2 55
197037 1 52
200143 1 166
201019 1 523
203327 1 314
203527 1 320
204531 2 390
206087 1 124
206503 1 50
211028 1 448
212233 1 268
212605 2 483
213180 1 406
213822 1 692
217834 4 162
219576 1 45
219738 3 115
220785 1 49
222372 1 432
224182 2 61
224192 2 53
224377 2 51
224398 1 663
224739 1 296
225094 7 587
228512 1 217
230650 1 65
230872 2 54
232274 1 422
234154 1 273
234450 1 48
235147 2 991
236922 3 219
239074 2 44
239899 2 93
242998 1 282
251106 3 490
251146 1 54
253037 1 551
257339 1 263
258403 1 1817
259358 3 42
260186 1 326
260466 1 309
260605 1 527
260968 1 454
263621 1 596
265307 1 48
265410 1 40
265771 1 710
265920 1 284
265958 1 173
266068 5 180
266126 1 113
266334 2 271
266430 2 527
266553 1 122
266730 2 85
266733 2 208
266780 1 511
268977 2 1714
269653 1 254
270725 1 297
271217 1 261
271218 1 145
271988 3 154
275272 2 223
275398 2 189
276766 1 287
276858 5 337
276859 2 683
278068 2 308
281778 1 548
282354 3 385
283181 1 631
283201 1 298
283452 1 218
283731 2 401
284589 1 147
284609 1 215
287319 1 443
287557 2 454
288570 1 357
288681 3 387
288780 1 89
288909 2 315
288989 4 272
289057 4 1033
289219 1 643
289391 3 1233
289878 1 507
289879 1 440
289932 3 4403
289939 1 1280
289984 1 653
291688 4 2710
291793 3 2238
292438 1 772
292507 1 905
292529 10 765
292700 3 3396
292701 2 2069
296415 2 200
297700 1 187
298114 2 673
300085 1 127
300606 1 138
301269 1 389
301458 1 136
301865 1 18367
302249 1 142
303734 1 25485
304089 1 306
305005 1 315
306255 6 3178
306349 1 425
306977 1 152
307031 1 633
307081 1 610
307190 9 331
307397 1 502
307798 1 333
307821 1 96
307893 8 1234
308435 1 1889
308460 1 2657
308766 3 1023
308804 3 1023
308854 1 550
309330 1 108
311027 1 268
311929 1 9534
314860 1 207
315583 2 303
317620 1 278
317681 1 317
319448 1 111
320247 2 10051
320248 2 13098
321084 1 978
321503 2 114
323879 7 622
324106 2 1854
325071 3 1365
325390 1 407
325803 1 958
326011 1 111
326129 1 67196
326377 1 93
326418 1 82
326534 8 624
326673 2 351
326727 1 125
326922 1 860
326958 1 468
326990 1 1360
327394 1 22044
327407 1 18061
328703 1 344
328853 1 405
328918 3 388
328993 1 5082
329016 1 254
329161 1 1719
329230 1 2543
329841 1 346
329876 1 1006
329877 2 846
329879 2 594
330159 3 304
330296 13 3448
330439 1 494
330962 6 156
331111 2 202
331260 1 1183
331442 8 457
332081 1 258
332181 1 7521
333703 1 314
336174 3 100
336322 1 426
336496 1 410
337057 1 196
337513 2 179
338578 6 224
338837 1 1181
338852 1 100
341239 1 671
342111 1 84
342189 1 248
344711 1 1459
345118 1 249
346588 2 306
346769 1 130
347102 1 286
347328 1 195
348071 1 239
348307 1 774
348615 1 636
348722 1 167
348946 1 390
349279 2 180
349398 1 133
349463 1 139
349486 3 160
349651 3 358
349734 1 472
350086 1 343
350127 1 607
350150 9 1202
350571 3 111
350675 3 159
351413 1 262
351568 2 422
351998 7 3051
352735 1 703
352827 1 595
353479 6 417
353700 4 2489
354267 1 554
358357 1 307
358382 1 216
358935 1 90
359404 1 430
359920 2 1092
360243 4 164
361098 4 741
361278 1 271
361766 1 123
361954 1 191
362272 1 182
363466 1 77
366935 2 179
368597 2 396
369682 1 468
369974 4 310
371162 1 624
371166 3 499
371642 1 185
372705 1 337
372842 3 497
374085 4 1065
374099 2 1179
375584 1 164
375800 10 136
376440 8 1977
377111 5 195
377426 2 179
377529 3 2696
377574 3 328
377878 4 1428
378603 5 225
383749 1 1279
384473 3 235
384735 1 284
387640 1 1302
388692 2 148
389613 1 101
390563 1 546
392034 1 137
394898 2 26758
395242 11 23266
395640 2 17885
395991 1 385
396213 3 728
396651 1 144
396777 2 87
396889 2 120
396914 2 74
398831 1 291
398915 19 1109
398957 1 182
399061 4 179
399260 4 114
400606 6 428
400662 1 347
400913 2 17082
401011 2 103
401045 2 141
401086 1 36
402173 9 500
403063 4 123
403569 1 252
404167 1 992
405273 4 143
405457 1 363
405506 1 99
405815 1 736
406237 2 105
407037 12 433
408567 3 94
409215 1 2438
409575 1 318
410067 3 484
411522 2 98
411616 5 107
411970 8 432
412123 6 803
413229 1 87
414812 1 117
416329 7 534
416867 1 276
417110 5 132
418646 3 436
419383 6 231
420247 5 319
420589 1 557
421185 2 1336
421681 8 620
421711 2 65
422315 5 591
422339 1 259
422380 2 280
422613 2 524
423654 1 480
423840 2 1188
424164 10 716
424230 25 1423
424642 4 198
425332 1 350
425567 1 136
425665 3 149
426105 9 851
427181 2 379
427492 7 189
427525 2 85
428928 1 1039
429100 1 112
429623 2 84
430295 2 757
430842 4 185
431342 2 555
431487 1 528
431685 4 181
431981 1 60
432972 3 188
433493 1 647
433529 6 143
433924 1 3205
434386 1 113
435289 4 148
435916 3 82
436087 1 215
436780 1 60
437339 4 92
437641 4 137
437892 1 102
439322 3 116
439560 1 79
440183 1 350
440509 3 167
440715 5 275
440942 4 192
441081 1 576
441240 1 531
441470 1 259
441750 1 593
441768 1 909
442306 3 148
443078 1 344
443904 1 899
444530 1 86
444855 1 687
444947 1 146
445245 8 397
445695 3 102
445765 2 145
446626 1 896
446679 2 251
449699 2 286
450102 1 96
450108 1 280
450151 2 376
450483 2 503
450571 1 33
450899 1 87
452049 3 119
452056 2 482
452574 1 457
453016 1 48
453449 7 381
453528 1 198
453764 1 327
453782 2 516
453972 1 548
454085 1 162
454616 5 830
455102 1 102
455439 14 458
455962 4 102
456026 2 502
456226 3 81
456416 3 162
456854 1 1114
457094 1 303
457365 1 175
457367 1 175
457694 2 446
457713 2 82
457870 2 460
457936 6 266
459923 5 81
459947 2 361
460099 3 477
460193 2 294
460202 2 568
460255 1 578
460513 4 137
460530 10 405
460902 2 102
460915 1 2090
460921 1 367
461454 2 733
461516 6 354
462269 2 911
462698 2 297
462965 3 345
463066 1 799
463267 4 440
463289 1 360
463526 3 451
463974 3 614
464003 23 1357
464011 1 131
464085 1 575
464299 3 926
464610 1 407
464801 4 120
465038 5 244
465107 1 440
465622 2 352
466936 1 338
468045 1 733
468151 3 1087
468167 1 465
468805 4 1076
469761 1 454
469827 6 142
469875 2 158
469937 2 147
470229 5 377
470353 1 101
470565 3 573
471315 4 925
471635 2 1014
471943 4 168
471986 3 297
472978 1 510
473191 1 695
473868 5 251
474452 1 590
475262 2 102
475707 1 527
475924 2 293
476580 12 587
476660 2 173
478063 3 345
478734 1 282
479172 6 1493
479183 2 129
479454 5 366
479503 2 101
479555 5 551
479796 2 508
480292 2 69
480387 1 643
482217 4 331
482556 1 502
482579 2 166
482701 1 64
483086 1 817
483159 9 165
483351 2 347
483499 2 281
483832 3 544
484129 1 86
484235 1 1527
484290 1 704
484441 1 252
484542 1 1371
485287 1 617
485366 1 381
485504 1 483
485825 1 1275
486307 4 679
486746 2 119
487197 2 511
487312 2 82
488104 1 597
488219 2 167
488673 2 3792
489693 2 77
489742 5 386
489921 11 599
489927 2 166
490068 5 188
490239 1 1674
490258 3 468
490639 6 601
490714 5 138
491145 5 323
491399 1 852
491426 3 1735
491510 2 559
491641 3 93
491658 1 624
491796 1 357
492038 7 341
493092 2 75
493110 2 126
493406 1 185
494105 2 53
494759 1 91
494840 1 605
494868 3 109
496233 1 462
496426 2 824
496499 1 585
497056 1 90
497290 5 282
497605 1 247
498512 1 574
498722 1 547
498798 3 53
498856 4 71
499003 1 345
499539 20 1341
499564 2 557
499645 1 515
499813 1 37
499971 1 495
500148 1 778
500886 6 728
501596 2 701
501648 1 563
501943 2 875
502384 3 342
502550 1 198
503273 6 519
503343 1 127
506183 2 255
507162 1 480
507566 4 93
507668 3 210
507697 2 123
507905 2 103
507936 3 249
508629 2 344
511529 2 47
511850 3 163
512134 2 153
512866 8 1472
513168 1 601
513436 7 1420
513689 2 619
513722 3 927
513934 1 280
514212 10 989
514554 2 176
515906 16 242
516191 1 114
516420 1 398
516584 3 96
516630 1 255
516676 1 86
517086 3 125
517356 1 469
517510 1 503
518911 1 906
519220 2 122
519412 3 88
519476 2 100
521212 2 147
521279 1 678
523351 8 338
523732 7 134
523743 1 469
524000 7 2342
524824 2 267
525740 1 917
525741 14 695
526379 1 912
526466 1 109
526545 2 104
526654 1 395
526762 3 481
527016 1 159
527352 1 123
527825 1 484
527875 1 955
528062 1 2803
4597 1 303
7869 16 382
7870 23 420
7871 17 384
7872 22 332
7873 14 183
7874 8 152
9166 3 17203
9487 1 557
9692 1 599
12985 2 7361
13177 20 440
17438 1 502
21614 1 32241
45160 1 251
51331 8 184510
52813 1 796
55371 2 52248
55375 1 40486
55822 1 250
59242 1 781
62629 1 557
63046 1 610
67620 1 293
71316 2 313
72969 3 53
73010 2 35
74154 1 178
77894 1 348
78593 1 363
79121 1 538
82458 1 640
83397 1 382
87783 5 94
91864 1 439
91865 3 926
92643 1 549
99158 1 478
100790 1 267
102241 1 584
111299 2 487
115122 2 235
115334 1 917
117936 1 239
119479 8 160
122338 2 471
125404 4 235
127035 1 147
139778 4 69
140173 6 71
140335 1 608
141034 1 172
150218 1 273
156016 1 393
159352 11 503
159622 1 657
160937 1 86
163302 1 468
164776 1 523
168901 1 172
169364 1 508
171716 1 1102
174712 4 317
174722 3 112
175917 2 298
178571 1 253
180023 1 499
181373 1 288
182965 1 403
185084 2 450
185386 1 116
186138 1 530
211969 1 299
220700 1 368
222678 6 95
223480 1 360
225281 1 346
233211 1 417
237274 1 603
237364 1 434
242791 2 524
242998 1 282
243960 1 79
248202 1 113
256347 1 474
259594 1 410
260187 1 306
260706 1 137
261381 1 249
262495 1 385
265307 1 48
265410 1 40
265492 1 687
265854 4 21100
267636 1 2539
268028 2 3609
268976 3 1418
269278 4 3175
269996 1 6852
270511 1 3250
272965 2 1000
274533 4 327
283150 1 201
283787 1 160
284589 1 147
284647 6 107
286377 1 2322
287552 3 335
288989 1 272
289057 1 1033
289163 1 172
289920 1 7272
289932 2 4403
289939 1 1280
289984 1 653
290088 1 926
292170 7 124
292438 3 772
292504 1 920
292507 1 905
292604 1 414
292700 2 3396
292746 1 3411
297942 1 1523
298007 1 1523
298477 6 169
300386 4 598
301269 2 389
305005 1 315
306255 1 3178
308186 2 36306
310766 1 2955
311690 4 216
311871 1 257
311929 2 9534
312030 1 882
325577 27 1240
327384 4 19585
327407 6 18061
328910 1 1786
328993 3 5082
329016 1 254
329208 2 9390
329225 1 7875
329265 10 697
329407 2 7463
329677 10 551
329804 2 7586
330319 3 4031
330842 2 192
331111 1 202
331411 1 1632
331414 3 438
332181 2 7521
333764 4 2687
336322 1 426
337513 1 179
341239 1 671
342447 1 333
346588 2 306
347184 4 136
347837 8 63219
348307 2 774
349387 5 1257
349734 1 472
350068 5 1518
350150 2 1202
350449 1 14072
350479 1 11696
351998 5 3051
353210 4 308
353423 5 401
353700 2 2489
353716 11 614
354245 1 189
354450 1 8639
362630 1 130
363466 1 77
366605 7 307
368597 1 396
369974 1 310
371075 4 347
371162 1 624
371166 1 499
371642 1 185
371706 3 226
372278 4 28092
372609 4 167
372842 1 497
373509 1 139
374149 2 5434
374590 1 4237
376440 8 1977
376610 4 7750
377579 1 2239
378071 1 7768
381009 1 586
381238 10 141
386512 1 641
387706 1 324
389565 1 1929
390563 1 546
392442 1 2652
393526 1 8178
393550 1 30891
393673 1 10585
394552 2 1131
395242 3 23266
395818 1 6184
398278 1 109
398915 1 1109
402102 1 1433
403436 4 256
406660 1 481
408748 1 864
409215 1 2438
409495 1 186
409714 1 564
410054 2 633
410893 1 509
414515 1 53
414700 1 579
415293 2 223
416147 1 474
417069 1 329
418233 1 154
420247 1 319
421704 5 617
422380 1 280
423150 2 524
423610 1 982
423654 1 480
425567 1 136
426098 1 102
428705 1 1184
429053 1 115
433337 1 566
433924 2 3205
434777 3 298
435717 5 730
436308 1 402
438639 1 81
438931 1 859
438941 1 151
439917 1 1820
440923 1 489
441329 1 753
441425 1 610
443078 1 344
443593 5 773
444423 1 95
445966 1 473
450102 1 96
450851 1 121
453972 1 548
454439 1 979
456854 1 1114
457365 1 175
457367 1 175
457870 1 460
458175 1 159
458486 2 130
460513 5 137
463289 1 360
464290 1 804
464610 2 407
466307 2 419
468053 3 255
468618 1 132
469761 1 454
471589 11 608
471635 1 1014
472803 1 690
476580 1 587
479040 2 1614
479914 5 518
481059 1 395
483499 1 281
483754 1 882
483993 2 808
484441 2 252
486140 1 1108
486922 1 780
488202 1 1257
490730 1 94
491399 1 852
493756 1 1333
493781 1 1132
494024 5 123
495565 1 943
496426 2 824
499096 1 1721
501498 1 609
501943 1 875
505899 1 636
507330 1 654
508629 1 344
509714 1 788
510023 2 368
513689 1 619
513722 2 927
513934 1 280
514212 1 989
514548 1 751
514921 1 1471
517510 5 503
518911 4 906
520142 1 316
521475 1 170
522210 3 627
524000 1 2342
524297 1 399
525241 1 236
525516 1 492
525780 1 473
526159 1 474
527875 1 955
528062 1 2803
