33 4 19382
1231 3 849
1391 1 4572
1508 3 593
1646 3 55438
2239 3 500
2641 6 17392
4338 8 16989
4421 2 5382
4963 4 2208
6405 1 1998
9458 1 331
9463 1 401
9465 2 462
9475 2 501
9476 1 397
9484 1 487
9502 1 469
9519 2 407
9521 1 419
9526 4 426
9527 1 525
9532 1 447
9535 1 600
11901 1 335
12709 1 20008
14070 5 1082
16487 52 4174
16631 6 373
18936 1 323
18939 1 526
20610 1 2790
20815 1 3591
20945 3 8111
21614 4 32241
22602 3 2235
22603 3 1802
22770 1 429
22772 1 412
22774 1 421
24428 6 2137
25218 1 9144
25977 5 2443
26152 3 1881
26466 1 508
27344 6 4421
28137 2 382
28689 6 2536
29781 1 237
29854 6 351
30446 12 12899
30511 8 392
30512 3 508
30901 12 6266
31158 3 1201
31846 3 5130
33705 1 498
34732 3 9225
34744 3 1778
35114 6 5397
35755 4 321
36391 25 10294
36557 1 3638
36802 7 29903
37112 1 293
38769 1 701
40061 2 19463
42189 3 9638
43295 5 5265
43296 3 2142
44366 3 12535
45006 12 6265
45197 1 484
45917 3 6305
47464 1 508
47642 22 11472
49760 1 361
50560 4 3018
50682 4 32839
50683 3 9266
52214 13 64459
52793 1 481
52798 2 478
52806 2 620
52807 1 715
52808 1 484
52823 1 774
52827 1 688
52836 1 304
52838 1 602
52840 5 953
52844 1 632
53011 2 1599
53096 3 6232
53770 3 1593
53771 3 1955
54943 2 494
55371 1 52248
56564 1 68
58436 2 210
61098 1 292
61206 1 282
61426 2 285
62150 1 315
63238 1 787
64224 1 88
65686 1 53
66457 1 89
69283 3 272
71811 1 160
72069 2 230
72483 1 304
74484 3 1180
77219 1 509
79392 1 201
80907 1 516
81873 1 260
83188 1 262
83907 2 142
88185 1 343
90388 2 672
92234 2 213
95976 1 307
100915 1 205
102198 1 45
104705 1 256
108077 1 224
110523 1 232
112294 1 412
114519 2 149
115756 1 171
115811 1 116
118703 3 3995
119352 3 54
119976 1 193
120374 3 1116
121657 1 508
122472 8 65
123869 1 79
124864 1 525
126244 1 371
126290 1 535
126852 5 854
127269 6 729
127292 9 182
127964 1 65
127986 1 46
128239 1 78
128964 2 616
128967 2 153
130479 1 220
130529 1 584
130701 1 503
130792 1 507
133823 1 54
134115 1 69
137102 1 266
142407 1 253
142474 1 222
144665 3 211
145537 8 372
150258 3 235
151885 2 482
152816 1 155
157926 2 297
157941 3 709
157947 1 498
157983 3 317
158002 1 187
158009 1 486
158044 1 354
158084 1 399
158086 1 615
158096 3 220
158097 2 433
158430 7 1042
159995 1 130
160186 2 332
160545 1 699
161937 9 861
162241 1 851
162251 12 605
164201 2 283
164384 2 181
164508 1 131
170109 1 175
170836 2 338
171111 1 131
171371 2 657
174344 2 271
174510 2 248
175002 1 72
177325 4 243
178246 3 364
180620 10 360
181176 7 272
182190 1 301
183704 1 314
184346 1 126
186554 2 197
190463 2 163
190667 1 117
192123 1 227
193327 1 165
196556 2 387
198320 1 125
201470 1 246
202384 1 94
204517 1 344
207395 2 97
208395 3 330
208561 1 460
210077 1 473
212371 5 248
215741 5 189
217127 1 181
219018 2 1009
222088 3 1169
223386 1 2647
225653 3 556
227241 4 331
227365 1 132
229680 1 87
229773 1 601
231001 2 103
231704 2 593
232893 1 351
238435 2 241
238625 3 149
239535 1 157
239953 28 652
240582 1 250
243017 2 51
243170 1 497
243477 1 502
246610 1 249
247136 2 266
247429 6 418
252321 1 298
253027 2 264
253483 3 236
253863 1 303
254387 1 251
256000 1 659
262134 42 686
265218 2 320
265425 2 305
265746 3 213
265810 9 16729
265816 12 25803
265854 5 21100
268532 2 342
268585 3 2656
269029 1 2154
274091 2 410
274275 3 1938
274786 1 257
276179 1 181
276642 6 2816
277828 5 893
278252 4 390
279990 1 108
280311 1 135
280591 1 174
280619 73 11500
280678 2 814
281030 1 156
281032 2 761
281054 1 1643
281266 1 190
283141 3 4279
283604 2 259
284912 1 165
286583 64 19748
286584 25 9180
286588 6 6603
287067 1 603
287150 3 1420
287156 1 771
287375 1 85
288665 3 718
289348 23 18428
289412 3 722
289734 3 4107
289796 4 2072
290092 7 3017
290440 1 15196
290465 5 15747
290466 7 7226
291235 2 504
291675 1 997
291793 3 2238
292010 4 1541
292154 1 592
295379 1 224
296164 2 785
297288 1 171
297459 5 4676
297813 3 1661
298017 2 601
301865 7 18367
301970 1 216
303734 18 25485
303897 1 599
305670 1 4400
306052 3 3462
306471 1 1189
306863 9 1833
307453 36 49380
308066 1 144
308186 1 36306
308399 2 879
308513 9 8438
308598 8 5851
308905 4 4556
308907 7 13313
308929 4 12027
308947 7 16976
308953 2 14138
308959 4 4556
308961 7 13313
308983 4 12027
309001 7 16976
309007 2 14138
309353 1 142
311929 27 9534
313675 4 176
314270 3 4790
315846 5 1566
316139 1 1822
316269 3 875
316758 2 2636
317392 1 373
317611 9 1827
317728 1 508
318350 1 2486
318547 3 258
318706 4 1077
318793 1 290
319489 1 207
320187 2 2039
320247 10 10051
320248 25 13098
320928 1 361
324418 2 324
325076 3 1924
325221 4 1865
326123 29 14885
326129 17 67196
326960 15 3440
326980 11 5042
327087 3 2792
327088 14 2360
327122 17 16929
327123 17 16927
327161 4 2446
327184 2 648
327349 49 8654
327384 4 19585
327394 11 22044
327407 6 18061
328485 1 2384
329036 2 3798
329721 4 1477
329883 1 441
332466 1 296
334371 2 2079
334876 3 1573
335176 7 1105
335529 1 156
335532 1 297
337029 5 893
337828 1 289
338545 1 118
338816 2 1000
339623 1 434
340035 1 190
340551 6 1919
340860 1 211
340873 5 462
340877 4 393
340884 1 442
340900 1 278
340943 1 213
340995 1 742
342225 2 1438
342291 2 822
342789 2 604
343631 1 1279
347837 14 63219
347869 2 47445
348122 1 2838
348198 4 2945
348232 3 822
350153 53 1027
350170 3 469
350449 2 14072
350477 6 4214
350479 2 11696
350496 1 14081
352572 6 3500
353699 15 2799
353763 4 2453
353975 6 3081
356077 1 3908
358495 3 1240
358524 2 4489
359496 3 2103
360774 2 255
360927 2 989
361105 10 4143
361880 11 1542
363464 1 568
364139 2 193
364140 3 312
364327 1 141
365662 1 193
365775 4 1763
366187 2 375
370598 6 2392
372554 6 707
372917 11 1545
373143 2 1630
373653 1 872
373784 1 290
374328 3 2718
374334 4 3216
374379 22 9608
374380 1 2265
374994 4 13993
374995 3 4000
374999 5 2502
376281 3 1851
376610 7 7750
376822 8 7531
377197 11 8628
378071 10 7768
378200 4 965
378277 4 2460
378341 1 350
379012 1 266
379462 2 194
379649 1 3132
380308 1 280
380547 2 4345
381710 6 3201
381935 1 378
382807 1 349
383032 2 577
383431 1 119
383740 4 1875
384169 8 1093
384554 6 547
384651 6 5256
385098 1 113
385486 2 6673
385579 5 1783
385795 4 1893
385980 4 3649
387771 3 146
390003 2 406
390485 2 1004
390541 3 1231
390757 1 205
392765 4 1987
393550 3 30891
394898 7 26758
395242 1 23266
395640 9 17885
395714 6 4780
395947 17 5473
396161 2 1336
396164 3 1210
396166 2 1156
396176 3 1604
396188 4 1709
396189 2 1275
396204 2 635
396212 4 860
396213 3 728
396217 1 1346
396218 4 900
396220 1 865
396221 2 940
396228 2 920
396245 1 2230
396246 1 1323
396247 1 451
396253 2 881
396255 1 788
396258 27 38258
396373 1 191
396569 1 338
397518 6 706
398966 1 499
400564 3 1014
400649 1 164
400913 3 17082
403308 1 1047
403357 1 685
405483 1 552
406190 1 701
414580 1 67
414737 1 881
417965 1 370
420734 1 391
421445 4 1141
422657 1 506
423414 1 954
423811 2 1001
425009 1 1229
430386 3 519
434291 3 275
435216 1 361
435350 1 308
440584 1 161
440921 2 417
442422 1 366
446797 2 97
446994 1 2035
449270 2 147
449278 2 1143
451732 1 2333
451890 1 2335
453935 1 515
455141 2 439
455352 5 293
457564 3 334
459994 1 442
465036 2 285
465135 1 144
467734 11 1116
469075 1 1233
469179 1 2670
469229 2 362
470404 2 330
471032 2 1284
471268 1 330
472942 1 547
476161 1 785
477661 2 244
477693 1 351
477727 1 418
477734 1 460
477788 10 490
477797 2 403
477806 2 467
477882 1 94
480360 1 1733
480720 1 428
480894 2 695
485230 1 563
485393 4 908
486865 1 324
489395 1 257
489676 1 189
499690 1 315
508440 2 518
508814 5 383
511443 8 448
511642 6 1083
512675 1 598
519834 1 103
522367 11 657
522431 1 347
523248 3 2386
526374 1 361
527064 4 716
527178 1 398
527244 1 379
527444 2 909
527852 1 589
527937 1 416
528014 3 1113
528084 2 161
12494 1 257
20716 5 258
20815 3 3591
21459 1 16007
22349 1 587
36557 3 3638
38091 1 194
39754 8 660
51331 13 184510
52217 2 402
52642 1 6414
55371 7 52248
56155 3 132
58614 5 121
58729 5 106
58753 1 948
60607 1 221
61206 1 282
61280 1 246
61510 6 175
62652 2 174
63186 2 212
63196 1 368
63238 1 787
63925 2 251
65128 1 251
65234 1 222
65479 2 160
66457 1 89
67195 1 91
67285 1 81
67410 11 699
67477 1 94
67528 2 244
67531 1 457
67704 1 44
69283 1 272
69286 1 249
69300 1 126
69538 1 320
69927 1 308
73701 1 178
73948 1 205
75168 1 61
75445 1 214
75709 1 176
76175 1 241
76288 1 213
76413 1 212
76999 1 246
80192 1 575
80907 1 516
82505 2 634
82755 3 316
84287 1 231
84858 2 155
85395 1 533
87101 3 240
87733 1 201
87952 1 115
88185 1 343
88276 1 347
88302 1 361
88425 1 251
88507 1 263
88832 1 117
89443 1 201
89536 1 68
89993 13 182
90074 1 230
90172 1 229
90199 1 110
90576 1 244
90918 1 322
91144 1 184
91334 1 224
91409 1 341
94803 1 539
95220 8 159
95519 1 437
95553 2 1164
97233 2 215
98306 2 193
98377 1 66
98951 1 92
99728 1 338
100019 1 669
101099 4 82
102701 3 88
104132 9 511
104705 11 256
104830 3 49
107992 1 593
112294 8 412
112975 1 85
113646 2 292
116613 1 213
118703 1 3995
121724 1 111
125397 1 101
128674 1 522
128964 2 616
128967 1 153
130529 1 584
130701 10 503
130754 10 623
130792 11 507
132427 4 630
141221 1 46
143374 2 747
143759 6 370
144726 1 132
146588 13 649
150545 1 318
151869 7 338
152816 4 155
153488 1 1327
155370 3 281
158125 1 243
158129 1 671
160015 1 208
163003 1 278
165869 1 57
165915 1 183
166625 1 212
171111 5 131
171115 6 173
174867 3 620
175313 1 109
177191 8 153
177246 1 193
177522 1 204
178809 1 132
179589 1 236
179727 1 355
181136 2 651
183146 1 262
183175 1 47
183379 1 320
183704 9 314
184719 1 52
191322 1 259
192559 1 106
201250 1 103
202384 4 94
204024 2 119
204998 1 186
212877 1 349
215364 1 202
217532 4 181
222285 1 156
223386 1 2647
226574 2 235
226584 1 126
229040 10 412
232893 10 351
233016 1 634
233236 1 1954
239535 1 157
240860 1 152
245351 2 144
245823 1 267
264635 1 1187
264638 10 688
264844 10 675
265810 4 16729
268015 9 263
278902 13 1403
279092 2 142
279259 4 267
279549 1 192
280619 2 11500
286378 69 2529
287089 1 186
287090 1 310
287156 3 771
289119 1 293
289204 1 75
290465 1 15747
297459 3 4676
299960 3 1162
300032 2 1598
300782 9 1688
301038 3 975
301865 5 18367
305193 8 621
309607 1 262
313853 1 260
317392 1 373
318078 3 114
318547 1 258
318689 2 255
318962 14 309
319152 1 1395
319489 1 207
319887 6 2095
320039 6 2095
327379 1 271
327394 1 22044
327591 9 275
327970 9 568
328805 2 11872
328865 1 9902
329883 13 441
334600 1 118
337828 8 289
338545 3 118
339623 1 434
339768 9 1068
339772 18 2617
340551 2 1919
340734 3 222
340768 1 133
340774 1 1318
340811 1 710
340943 1 213
340998 1 552
341042 2 268
346815 3 2013
347934 1 11174
348122 8 2838
349392 3 2027
350449 1 14072
350495 9 991
358086 1 144
358524 1 4489
361520 8 315
364099 1 85
364139 1 193
364185 1 126
364260 1 121
364310 1 266
365561 1 175
370511 1 238
370598 1 2392
370671 1 140
370797 4 817
372554 4 707
373653 4 872
373783 1 141
373834 1 44460
384169 20 1093
384554 4 547
384651 29 5256
385486 2 6673
385572 2 874
386512 11 641
390003 1 406
393747 3 58177
394220 1 556
395283 1 557
395559 1 276
395560 1 213
396370 1 508
396373 1 191
396569 3 338
396786 4 373
396787 4 398
397452 11 1161
397495 5 258
397518 4 706
397547 7 522
397596 2 77
397854 1 128
397961 2 90
398070 2 898
398185 3 148
398573 2 99
398635 2 423
398773 1 74
398900 1 98
398966 1 499
399472 18 341
400671 15 890
400863 13 859
400913 1 17082
401296 2 121
401661 2 116
403469 2 105
404100 1 98
404388 2 112
405371 1 295
405483 1 552
407194 5 608
408643 5 76
408889 8 759
408941 11 196
409086 15 481
409383 1 115
410924 2 1374
411002 1 130
411004 2 359
412406 2 87
413015 1 115
413592 1 92
414478 5 147
414508 10 1633
414737 1 881
415713 10 518
415726 3 543
416120 1 1146
418633 6 1171
419659 15 2523
420041 1 395
420407 2 298
420691 3 1079
420732 3 943
421022 9 764
421120 1 445
421261 2 648
421448 2 119
421562 3 294
422690 5 202
422974 10 457
423717 1 81
423748 1 691
423811 32 1001
424070 3 221
424071 3 186
425055 1 200
425277 1 148
425688 1 223
426022 4 673
426790 3 466
427753 2 77
428073 1 187
428346 1 86
429161 1 99
429806 10 860
430386 16 519
432362 3 285
433888 3 110
434367 1 799
434915 4 88
435301 5 106
435815 5 532
436212 1 1283
437389 3 114
437813 10 2484
440666 2 68
440757 2 350
440914 1 297
440915 4 341
441278 1 635
441710 1 745
442358 5 258
442541 4 82
442683 44 763
443213 2 39
444036 1 404
444596 7 305
445094 12 554
445226 1 447
445227 5 238
445593 16 546
446182 1 109
446304 23 373
446546 13 408
447524 3 107
447918 9 287
448324 13 404
448756 12 293
448757 14 610
449115 8 502
449197 26 746
450706 12 534
451060 4 113
451751 2 283
452061 2 198
452546 1 1394
452679 2 84
455361 4 396
456582 5 293
459239 1 847
459335 1 729
459338 4 1186
459830 1 141
459994 1 442
461700 8 606
462167 10 787
463066 11 799
463372 1 273
464399 18 460
464700 1 87
465404 12 264
465903 8 358
466365 1 554
466825 23 1079
469179 1 2670
469435 1 294
473111 1 177
473255 1 431
473624 2 211
474079 4 95
475021 11 495
475720 2 206
477963 1 431
478853 1 2131
479852 3 122
480332 13 1162
480335 34 656
480360 1 1733
481129 1 533
482026 19 344
482029 4 89
483234 1 92
483238 6 109
484208 4 132
486665 2 905
487011 3 108
487412 19 542
487950 1 474
488112 1 341
488204 3 593
488441 1 139
489361 6 116
489676 2 189
490250 7 199
492020 1 93
492263 1 350
492432 2 707
492667 20 734
492723 12 578
493445 1 431
493763 1 1770
493789 2 591
494500 4 314
495352 19 1306
495713 2 996
497026 4 120
498689 9 267
499223 1 692
500008 3 331
500410 4 381
502649 3 104
502918 1 595
503203 12 1443
504758 3 591
505498 4 152
505528 2 302
506057 2 642
506821 4 95
506886 7 86
507221 1 766
507771 11 1105
507960 8 525
508293 1 430
508754 18 1799
508758 10 1422
508814 1 383
511956 3 254
512305 8 437
513556 1 453
513666 3 183
513996 1 857
514132 5 173
514713 1 1000
514722 1 410
516212 5 99
516216 1 1015
518542 4 214
518905 8 267
519061 7 148
519062 8 214
519296 14 708
520813 2 878
521711 13 1138
521884 11 414
521909 13 875
522373 5 209
523377 15 609
524243 3 482
524546 8 1576
524549 10 253
524697 5 252
525012 8 187
525216 15 441
525381 5 150
525573 8 414
525883 9 117
526374 18 361
526840 10 517
527120 1 633
527231 1 212
527280 10 262
527323 1 102
527570 4 413
527971 1 542
31 1 12233
33 1 19382
455 1 18030
590 1 167
1391 1 4572
1646 1 55438
2641 1 17392
4137 1 16130
4338 1 16989
4421 1 5382
4614 1 352
4963 1 2208
5362 1 336
6367 1 17463
6401 1 535
6405 1 1998
7391 1 522
7472 1 25628
8148 1 17754
8690 1 458
9166 1 17203
9378 1 356
9804 1 746
11135 1 640
11901 1 335
12494 1 257
12709 2 20008
13912 1 17501
14070 1 1082
14414 1 375
16487 1 4174
16625 1 223
16930 1 410
16944 1 464
18939 1 526
20245 1 3163
20610 1 2790
20716 1 258
20815 1 3591
20945 2 8111
21459 2 16007
22349 1 587
22602 1 2235
22603 1 1802
22749 1 737
24428 1 2137
24930 1 11103
25218 1 9144
25315 1 178
25466 3 271
25656 1 15042
25977 1 2443
26149 1 580
26152 1 1881
26968 1 587
27344 1 4421
27424 1 13034
28689 1 2536
30446 2 12899
30626 1 648
30627 1 1012
30901 1 6266
31158 1 1201
31629 1 21435
31846 1 5130
32785 1 4876
34246 1 19523
34722 1 13257
34732 1 9225
34744 1 1778
35114 1 5397
35870 10 308
36391 1 10294
36498 1 20156
36557 1 3638
36802 1 29903
36854 6 432
37174 1 454
38091 2 194
38828 14 300
39984 1 771
40061 1 19463
40253 1 442
42063 1 156
42189 1 9638
43295 1 5265
43296 1 2142
43640 1 18238
43740 1 763
44366 1 12535
45006 1 6265
45177 4 594
45179 3 573
45197 4 484
45872 1 15512
45917 1 6305
46679 1 230
47642 1 11472
47829 1 185
49394 12 26545
50560 1 3018
50682 8 32839
50683 1 9266
51331 11 184510
51839 1 119
52214 1 64459
52217 1 402
52642 6 6414
52678 1 15365
52756 1 373
52972 1 432
52989 1 463
53011 1 1599
53096 1 6232
53770 1 1593
53771 1 1955
54527 1 19068
55371 9 52248
55372 2 100383
55375 5 40486
56155 3 132
57627 2 146
58614 5 121
58729 5 106
58753 1 948
60607 1 221
61206 1 282
61280 1 246
61510 6 175
62652 2 174
63186 2 212
63196 1 368
63238 1 787
63925 2 251
65234 1 222
65479 2 160
66457 1 89
67195 1 91
67285 1 81
67477 1 94
67528 2 244
69283 1 272
69286 1 249
69300 1 126
69538 1 320
69927 1 308
73401 6 143
73511 8 144
73701 1 178
73948 1 205
75168 1 61
75445 1 214
75709 1 176
76175 1 241
76288 1 213
76413 1 212
76999 1 246
80192 2 575
80907 1 516
82505 2 634
82755 3 316
84287 1 231
84858 2 155
85395 2 533
87101 3 240
87733 1 201
87952 1 115
88185 1 343
88276 1 347
88425 1 251
88507 1 263
88832 1 117
89443 1 201
89536 1 68
89993 13 182
90074 1 230
90172 1 229
90199 1 110
90576 1 244
90918 1 322
91144 1 184
91334 1 224
91409 1 341
94803 1 539
95220 8 159
95519 1 437
95553 2 1164
97233 2 215
98306 2 193
98377 1 66
98951 1 92
101099 4 82
102701 3 88
104705 9 256
104830 2 49
107691 7 676
107992 1 593
109007 6 101
112975 1 85
113646 2 292
115170 18 580
116613 1 213
118703 5 3995
119976 1 193
120142 15 280
121724 1 111
125397 1 101
127269 1 729
128967 1 153
132427 3 630
142141 26 7912
144726 1 132
150545 1 318
155370 3 281
158097 2 433
160015 1 208
163003 1 278
165869 1 57
165915 1 183
166625 1 212
171111 3 131
172146 8 623
174510 1 248
174867 3 620
175313 1 109
177191 7 153
177246 1 193
177522 2 204
178809 1 132
179589 1 236
179727 1 355
181136 2 651
183146 1 262
183175 1 47
184719 1 52
191322 1 259
192123 1 227
192559 1 106
202384 3 94
204517 1 344
204998 1 186
212877 1 349
215364 1 202
217532 2 181
219018 1 1009
219184 8 321
226574 1 235
226584 1 126
233016 1 634
243477 2 502
245823 1 267
253863 1 303
268585 1 2656
269029 1 2154
272671 3 4397
274275 13 1938
276642 2 2816
278902 2 1403
279259 1 267
280591 1 174
280619 2 11500
280647 13 662
280678 1 814
280853 4 426
281009 8 423
281032 17 761
281054 1 1643
281266 10 190
283141 5 4279
284912 2 165
287150 3 1420
287156 1 771
288665 1 718
289119 1 293
289204 1 75
289348 1 18428
289412 1 722
289732 8 4132
289734 3 4107
289796 6 2072
290256 12 30074
291235 1 504
292010 1 1541
293204 5 214
296164 1 785
297813 4 1661
297956 5 3184
298017 1 601
299960 1 1162
300032 3 1598
300829 1 326
300982 2 3200
301865 20 18367
303819 7 208
303853 10 237
303897 1 599
305670 13 4400
306052 3 3462
306471 3 1189
306863 5 1833
308187 6 51551
308399 1 879
308598 4 5851
312383 18 3321
314270 1 4790
315846 4 1566
316139 1 1822
316758 2 2636
317611 5 1827
318078 3 114
318706 1 1077
319152 7 1395
319887 6 2095
320039 6 2095
320187 8 2039
320928 1 361
325221 4 1865
326129 1 67196
326871 1 2756
326960 7 3440
326980 1 5042
327087 3 2792
327088 2 2360
327184 1 648
327379 1 271
327394 1 22044
328485 7 2384
331527 11 180
334371 1 2079
334600 1 118
334876 1 1573
338816 1 1000
339623 1 434
340551 2 1919
340884 3 442
340995 1 742
340998 1 552
342040 12 373
342225 2 1438
342291 1 822
343631 1 1279
346815 5 2013
347869 3 47445
347934 1 11174
348232 1 822
349392 5 2027
351470 1 3052
352572 4 3500
358495 2 1240
358524 7 4489
359496 2 2103
360774 1 255
360927 1 989
361105 8 4143
361520 1 315
363464 1 568
364099 1 85
364138 1 300
364139 1 193
364260 1 121
364310 1 266
365561 1 175
365775 7 1763
366673 10 275
367393 10 3233
367481 15 2506
367791 10 2239
370511 1 238
370598 4 2392
370671 1 140
370797 4 817
372406 12 14595
373143 1 1630
373653 6 872
373783 1 141
373784 1 290
373834 9 44460
374014 2 80805
374334 7 3216
374380 1 2265
379649 3 3132
380547 4 4345
381710 1 3201
383740 2 1875
384554 1 547
384651 29 5256
385486 12 6673
385572 1 874
388926 10 255
390485 1 1004
390541 2 1231
392765 4 1987
393550 1 30891
393747 6 58177
394220 1 556
395283 1 557
395559 1 276
395560 1 213
395585 1 30629
395640 9 17885
396161 3 1336
396188 1 1709
396219 2 1083
396220 3 865
396221 1 940
396228 1 920
396245 1 2230
396247 5 451
396253 2 881
396258 4 38258
396370 2 508
396373 1 191
396569 4 338
396786 3 373
396787 4 398
397495 3 258
397596 1 77
397854 1 128
397961 2 90
398070 2 898
398185 2 148
398573 1 99
398635 2 423
398900 1 98
398966 1 499
399135 6 104
399472 17 341
400671 15 890
400863 13 859
401296 1 121
401661 1 116
402009 2 1364
403469 1 105
404388 2 112
405204 4 62
405483 1 552
408643 3 76
408889 6 759
408941 11 196
409086 13 481
409383 1 115
410924 3 1374
411002 1 130
411004 1 359
412406 2 87
413015 1 115
413592 1 92
414478 5 147
415726 3 543
418633 4 1171
419195 7 98
420041 1 395
420407 2 298
420691 2 1079
420732 2 943
421022 9 764
421120 1 445
421261 2 648
421445 2 1141
421448 1 119
421562 3 294
422690 5 202
422974 8 457
423717 1 81
423748 1 691
424070 1 221
424071 2 186
425055 1 200
425277 1 148
425688 1 223
426022 4 673
426790 3 466
427753 2 77
428073 1 187
429161 1 99
429806 7 860
430386 14 519
432362 2 285
433888 2 110
434291 1 275
434915 4 88
435301 4 106
435815 4 532
436212 1 1283
436985 5 107
437389 2 114
439316 4 67
440666 2 68
440757 2 350
440914 1 297
440915 2 341
441278 1 635
441473 2 2025
441710 1 745
442358 4 258
442541 3 82
442683 43 763
443213 2 39
444036 1 404
444596 7 305
445094 11 554
445148 5 115
445226 1 447
445227 4 238
446182 1 109
446304 19 373
446546 13 408
447524 2 107
447918 9 287
449278 4 1143
451060 3 113
451751 1 283
452061 2 198
452546 1 1394
452679 1 84
453916 26 707
453935 10 515
456582 5 293
459239 1 847
459335 1 729
459338 2 1186
459830 1 141
459994 1 442
461700 8 606
463066 1 799
465546 16 261
466365 1 554
467182 22 458
467734 2 1116
469075 2 1233
469435 1 294
471032 1 1284
473255 1 431
473624 2 211
475021 10 495
475720 3 206
477150 8 133
477963 1 431
479852 3 122
480360 3 1733
481129 1 533
482026 18 344
482029 2 89
483234 1 92
483238 5 109
484208 4 132
486665 2 905
487011 2 108
487950 1 474
488112 1 341
488204 2 593
488441 1 139
489361 5 116
490250 4 199
492020 1 93
492432 2 707
493763 1 1770
493789 5 591
494500 3 314
495713 1 996
497026 4 120
498689 8 267
499223 1 692
499420 4 378
500008 2 331
500410 5 381
502649 2 104
502918 1 595
504665 3 793
504758 3 591
505498 4 152
505528 1 302
506057 1 642
506821 2 95
507221 1 766
508293 2 430
508814 1 383
511956 3 254
513556 1 453
513666 3 183
513996 1 857
514713 2 1000
514722 1 410
516212 3 99
516216 1 1015
518542 4 214
518905 8 267
519061 5 148
519062 6 214
520813 1 878
521884 10 414
522373 4 209
523377 14 609
524697 4 252
524768 1 613
524847 1 663
525012 6 187
525216 13 441
525799 7 123
525883 8 117
526374 16 361
527231 1 212
527280 8 262
527323 1 102
527444 1 909
527570 3 413
31 1 12233
590 2 167
966 1 223
1016 5 319
1231 7 849
1499 1 156
1646 4 55438
4137 1 16130
4421 1 5382
4614 5 352
5948 1 522
6960 1 290
7472 3 25628
8935 1 346
9378 1 356
9458 1 331
9483 1 272
11355 1 472
12709 4 20008
12937 2 469
13380 5 307
13497 1 921
15078 1 749
15522 1 442
16277 2 399
16625 1 223
17959 3 483
17962 3 622
18101 1 315
18936 1 323
18939 1 526
20245 14 3163
20815 1 3591
21614 8 32241
23342 1 397
25311 1 382
26149 1 580
28973 1 225
30446 2 12899
30511 1 392
30627 2 1012
30628 2 676
33426 1 454
33965 2 697
34732 1 9225
34811 2 5799
36557 1 3638
36802 1 29903
36914 1 391
37112 16 293
37174 1 454
38385 1 641
38656 2 673
42063 1 156
43740 1 763
44366 67 12535
45177 1 594
45179 2 573
46679 1 230
47642 2 11472
47671 2 841
47726 1 751
47829 1 185
48680 1 239
49100 1 313
49107 1 194
49394 9 26545
51331 19 184510
51839 3 119
52217 1 402
52642 4 6414
52678 1 15365
52756 1 373
52794 1 419
52828 1 362
52972 1 432
52989 3 463
55003 1 546
55372 14 100383
55375 1 40486
56400 1 240
60334 1 266
61206 1 282
63186 1 212
65234 1 222
65479 1 160
67477 1 94
69283 1 272
69300 1 126
69538 1 320
72069 1 230
76999 1 246
87733 1 201
88185 1 343
88916 8 23796
90172 1 229
91334 1 224
102701 1 88
104705 2 256
104830 1 49
105050 13 1811
112975 1 85
142684 2 270
143606 2 279
144368 1 277
144930 2 280
145181 1 268
145409 2 286
145663 1 272
148104 1 270
148405 2 280
148657 2 270
149020 1 280
149554 3 278
149817 2 267
150398 3 285
150539 1 81
150665 3 277
151054 1 292
151613 2 251
151805 1 162
152310 1 266
153114 1 267
153488 1 1327
156131 1 125
156397 1 281
159540 1 104
159591 2 282
160040 1 267
160140 2 260
160377 1 275
165138 1 196
165915 1 183
176638 2 281
177411 2 1745
178809 1 132
178865 1 374
182834 1 138
185955 2 282
188344 1 334
202384 1 94
204024 1 119
208506 1 6627
212877 1 349
214277 2 270
223386 1 2647
233016 1 634
238271 1 270
242017 1 270
245823 1 267
251819 2 171
265816 3 25803
265854 1 21100
286583 16 19748
287124 1 115
290092 1 3017
290465 1 15747
293421 2 143
294936 1 141
294937 1 151
296247 1 268
296495 1 128
306052 2 3462
308186 1 36306
308257 1 12090
308919 1 13545
308947 1 16976
308953 1 14138
308973 1 13545
309001 1 16976
309007 1 14138
311929 1 9534
320247 1 10051
324418 1 324
326129 2 67196
327379 1 271
327384 1 19585
327394 1 22044
327407 1 18061
327989 1 133
336991 1 279
342430 1 68
346815 3 2013
347869 1 47445
348593 1 72
349392 3 2027
358086 1 144
364138 1 300
364260 1 121
370511 1 238
370598 1 2392
370797 2 817
372278 1 28092
372406 1 14595
374014 2 80805
377103 1 198
377418 1 156
381710 1 3201
382626 1 151
385595 1 333
393550 1 30891
393747 4 58177
395559 1 276
396258 1 38258
396370 1 508
396569 2 338
396786 1 373
396787 3 398
397495 1 258
397854 2 128
398185 1 148
398573 1 99
398635 1 423
398900 2 98
398966 1 499
400671 4 890
401661 1 116
405483 1 552
409086 1 481
409383 1 115
410924 2 1374
411002 2 130
411004 1 359
412194 1 94
413015 2 115
413592 1 92
414737 1 881
418633 15 1171
420041 1 395
420407 2 298
420691 3 1079
420732 3 943
421022 1 764
421261 1 648
421448 1 119
422974 5 457
423717 2 81
424070 1 221
425277 1 148
425688 1 223
426790 2 466
427753 1 77
428073 1 187
428346 1 86
429161 1 99
433888 2 110
434367 1 799
434915 1 88
435301 1 106
435815 4 532
440914 2 297
441278 1 635
442358 3 258
443735 1 101
445094 6 554
445226 1 447
446182 1 109
446304 1 373
447524 1 107
450371 1 81
452061 2 198
452546 1 1394
454822 1 88
459239 1 847
459994 1 442
463962 1 88
465521 1 138
469435 1 294
469997 1 109
473255 1 431
473624 4 211
475239 1 60
477115 1 94
477882 1 94
481129 1 533
484880 1 89
485033 1 303
486665 2 905
487011 1 108
487950 1 474
488112 1 341
488204 2 593
488441 1 139
490250 1 199
492020 1 93
492263 1 350
492432 1 707
493763 1 1770
493789 4 591
502918 1 595
505498 1 152
506526 1 95
506821 2 95
508293 4 430
508814 1 383
511994 1 90
513556 2 453
513666 1 183
513996 1 857
514713 1 1000
514722 1 410
516216 1 1015
518542 2 214
522367 10 657
522373 4 209
524697 2 252
525012 1 187
527231 1 212
527323 1 102
527570 1 413
