33 5 19382
1231 5 849
4338 4 16989
4421 1 5382
10121 1 2473
10857 4 5056
11737 4 3608
19689 7 393
21614 24 32241
25120 5 634
25218 5 9144
25331 1 5612
28587 7 362
28631 13 613
28931 9 379
30901 1 6266
31846 4 5130
32065 5 397
33561 74 3210
33930 1 490
35419 2 319
36591 9 362
36802 2 29903
39038 15 516
41417 3 440
44366 94 12535
45006 1 6265
45928 1 449
45947 14 11759
47642 13 11472
49394 54 26545
52214 14 64459
55375 1 40486
55854 2 211
56345 1 189
56453 1 398
56472 5 780
58900 1 202
59471 2 208
59474 2 194
60124 2 250
60497 1 687
60588 2 2247
61699 1 637
62225 2 611
62846 4 270
63553 3 102
65223 3 105
65371 2 156
66318 3 531
68730 1 338
69296 1 247
69583 3 194
69672 4 285
69864 1 867
70233 1 599
71965 2 214
72569 3 391
72574 2 712
72756 15 982
72788 3 193
72863 3 72
72992 4 83
73630 3 193
74287 1 795
75179 1 242
75268 1 317
75329 3 865
76119 1 162
77278 2 96
77525 1 785
77590 2 1024
77866 1 174
78962 2 432
79223 3 1055
79530 7 839
79571 3 417
80837 2 337
82524 3 507
82748 1 33
82895 3 421
82938 1 287
82977 1 2067
83661 3 329
84040 1 94
84376 4 1006
84531 1 431
84899 12 675
84969 1 359
85017 3 280
86277 6 520
86387 5 329
86565 6 435
86613 3 228
88546 1 502
88901 3 233
89589 2 598
90248 1 298
90256 1 902
90899 3 194
91512 4 389
91526 3 319
91741 5 846
91791 2 180
92381 1 283
92391 2 551
92671 1 203
93388 5 132
93391 6 215
94114 1 250
94133 2 946
94378 7 884
95646 6 203
95704 4 499
95970 2 215
96306 2 265
96380 1 198
96532 2 310
96533 3 525
96534 4 372
96677 2 267
96879 2 265
98159 1 381
98594 4 202
100090 1 228
101536 10 955
102041 2 457
102082 3 327
103664 1 384
107322 3 310
107670 3 439
108085 2 223
108306 1 370
108707 2 617
108869 3 169
108873 4 299
108876 1 198
108884 1 588
108969 1 658
109092 5 1030
109156 4 1004
109498 2 284
109500 4 171
109524 3 180
109657 1 414
109659 2 48
109745 5 1077
110069 3 214
110338 9 364
110340 2 235
110464 8 355
110811 1 129
110946 4 273
111085 7 591
111125 1 249
111151 3 285
111510 8 273
111833 6 432
111841 3 194
111844 3 243
111942 2 276
112114 1 439
112411 2 54
113088 4 264
113291 2 416
113349 1 37
113431 1 179
113591 1 174
113638 7 838
113856 4 262
113931 14 1117
114231 3 571
115135 1 96
115160 1 188
115292 1 384
115294 1 227
115302 1 48
115488 1 315
116238 7 445
116426 1 215
117467 6 707
117481 2 379
117782 2 622
117932 2 362
118113 8 600
118116 6 457
118124 11 587
118246 1 603
118446 1 418
119477 1 33
119843 1 477
120285 1 93
120334 1 253
120754 2 196
121029 1 207
121447 2 175
121813 1 641
122571 3 251
123062 1 615
123436 6 577
123518 3 644
123546 1 737
124531 2 156
124730 1 686
124797 1 71
124983 2 583
125070 4 140
127221 1 473
128228 2 364
128566 2 760
129110 3 748
129409 4 666
129577 1 693
131659 1 228
131864 1 153
132022 3 156
132758 1 336
133221 1 201
133504 18 734
135918 4 594
136806 8 208
137173 2 729
137842 4 353
138454 4 100
138739 1 504
139617 1 140
139658 1 324
140493 1 1464
140726 2 411
140734 8 768
141019 1 805
141265 1 312
142720 1 733
143113 1 68
143332 1 61
143485 6 1212
144088 2 338
144114 1 219
144381 2 242
144693 1 171
144920 1 100
145042 1 271
145157 6 222
145158 6 333
145303 3 285
145307 3 324
145416 3 208
145569 2 232
146407 2 317
146532 1 295
146539 1 271
147886 2 764
148277 1 473
148902 1 1234
149585 2 672
150246 1 116
150415 1 117
151089 2 661
151095 1 324
152346 1 556
153110 2 239
153936 3 242
155677 3 869
159057 3 456
159334 4 578
159344 3 639
159582 1 280
160122 1 74
160878 4 253
161854 2 387
164681 3 573
164725 2 274
166053 10 901
166133 2 814
166346 4 801
166989 1 658
167234 3 820
167499 3 213
167877 4 478
168007 3 204
168289 11 568
168756 2 1592
169009 3 544
169581 1 172
169626 1 79
170943 9 837
170996 2 779
171367 4 266
173307 3 555
173337 2 1056
173400 3 542
175074 13 593
175898 1 275
176012 1 138
176626 1 139
176827 2 222
177357 1 302
177697 2 177
178131 1 433
179231 2 723
179734 1 88
180471 6 624
182232 1 272
182271 5 565
183179 1 293
183720 8 492
185654 1 286
185866 5 871
187373 2 772
187374 9 703
188050 7 525
188149 1 420
188371 4 328
188647 3 604
189286 2 1323
190050 5 535
190970 2 429
192509 1 617
192715 3 438
192837 1 204
193612 5 122
193639 1 282
193721 5 528
194528 3 516
194922 5 331
194925 4 343
195193 4 403
195199 3 391
195222 6 1325
195284 1 753
195286 2 366
195360 3 428
195823 1 86
195859 3 77
195993 2 276
196120 1 356
196239 4 327
196365 3 324
196639 1 439
196871 3 437
197018 1 177
197057 2 804
197545 1 421
197549 1 180
198082 1 302
198176 1 317
199708 1 315
202442 6 429
202630 4 333
203155 3 304
205755 3 534
206489 3 251
206689 2 265
207593 2 574
208591 1 574
208909 2 525
209301 2 606
210257 3 213
210418 6 758
210852 3 382
210857 7 397
211002 3 342
211268 4 325
211310 1 779
211451 3 199
211667 5 298
211673 5 1211
211787 6 314
211801 3 326
212038 4 415
212300 2 230
212414 2 812
213576 1 325
214292 4 197
214302 4 185
214588 3 1113
214741 1 128
215077 1 392
215403 6 459
215604 1 328
215763 2 351
216254 8 326
216293 3 720
216680 3 310
216690 1 299
216822 2 231
216834 2 539
216836 2 266
216879 1 787
216971 1 376
217015 1 883
217056 2 264
217210 2 557
217221 3 350
217505 4 1250
217618 1 483
217623 2 412
217624 1 553
217654 3 447
217825 3 899
217861 1 657
218300 1 342
219314 2 232
219790 1 276
219894 3 406
220096 1 293
221428 1 291
221711 1 520
221833 5 542
222475 2 281
222606 1 451
222910 3 660
223356 2 811
223985 1 681
224235 1 118
225480 2 716
225672 1 375
226245 3 724
226566 8 667
226858 3 760
227211 2 571
227657 1 81
228082 8 495
228168 1 552
228758 4 158
228764 4 279
228804 3 1268
229145 1 1028
230528 1 233
231042 4 373
231072 2 897
231423 5 1158
231527 1 393
231554 2 841
231774 6 518
231809 3 760
232029 3 125
232035 3 292
232156 2 448
232248 3 394
232274 1 422
232686 3 396
232924 3 416
235590 4 358
238320 6 220
240117 1 150
240272 2 587
240944 2 505
242006 1 316
242055 2 405
242382 1 634
242533 1 277
242808 3 424
242908 1 275
243638 4 588
244174 1 755
244394 1 218
245041 1 750
245862 4 328
247732 5 1323
247905 1 494
248279 2 138
248404 1 685
249378 2 467
250503 1 342
251012 3 586
251120 1 370
251347 7 359
252320 1 340
252571 2 144
252600 8 659
252601 7 500
252622 4 577
252633 1 680
252638 4 871
253073 2 766
253563 2 118
253863 1 303
254130 5 261
254131 5 257
254259 2 426
254663 2 299
254883 2 230
254927 5 405
255452 1 752
256167 1 224
256888 3 251
257537 1 250
257888 4 964
258261 3 240
258567 3 595
259100 2 219
259116 1 786
259541 3 249
260681 1 299
261361 1 393
261916 1 608
262268 1 766
263602 3 201
263891 1 287
264085 1 225
265033 4 654
265037 1 246
265044 2 188
265046 1 593
265151 2 335
265313 2 315
265474 4 639
265478 1 230
265485 2 167
265487 1 575
265810 100 16729
265816 106 25803
265845 121 17259
265854 99 21100
265960 1 298
267533 18 2478
267576 25 974
267577 143 6751
267733 83 1986
268427 12 226
268522 30 799
268795 1 169
269988 2 475
269996 28 6852
270658 1 2519
271062 3 111
271091 1 387
271371 2 331
271429 1 6214
272269 100 4027
273662 2 176
273689 4 229
273768 3 786
273775 9 344
273849 1 600
273879 3 353
273917 1 97
274026 1 283
274059 6 2826
274095 2 146
274120 1 214
274159 3 368
274220 5 137
274275 16 1938
274289 2 393
274357 1 185
274358 2 150
274507 2 192
274542 1 233
274560 1 203
274764 7 289
274803 4 535
274891 1 194
275084 2 84
275103 4 608
275126 3 194
275130 2 206
275135 4 197
275240 4 186
275259 1 832
275412 12 1792
275440 7 622
275471 12 1023
275476 1 406
275495 1 280
275516 1 135
275520 2 184
275523 1 170
275796 1 631
275929 3 203
276289 3 330
276416 1 1052
280525 5 126
280619 32 11500
280713 9 692
280809 3 166
281097 3 71
281174 6 308
281322 3 175
281483 3 588
281525 2 1000
281616 5 146
281847 4 123
282105 2 101
282180 4 108
282382 3 97
282457 1 124
282823 5 582
282864 17 516
282874 1 155
282877 1 108
282943 13 368
282944 3 182
282945 1 213
283141 13 4279
283235 1 429
283247 3 372
283382 4 550
283571 3 252
283830 3 133
283831 3 90
283832 5 147
283878 2 314
283886 1 277
283896 2 205
283981 1 98
284004 2 357
284044 6 127
284090 9 704
284106 1 108
284107 1 181
284148 11 602
284151 1 136
284218 8 277
284229 6 389
284270 1 434
284278 2 172
284350 3 220
284385 4 112
284438 1 321
284470 4 236
284471 2 775
284520 11 674
284561 4 481
284584 2 82
284586 1 262
284587 2 159
284612 2 473
284613 2 430
284619 4 179
284620 4 142
284703 3 152
284713 2 104
284730 1 358
284759 4 919
284784 1 489
284790 5 138
284824 2 128
284825 1 172
284829 1 422
284867 2 360
284890 3 127
284894 6 149
284913 2 369
284999 1 764
285000 2 383
285038 3 426
285077 2 236
285089 4 343
285090 3 403
285091 4 717
285099 3 226
285112 1 227
285144 1 475
285176 1 386
285178 4 174
285187 1 470
285190 9 387
285246 3 302
285249 3 243
285253 6 140
285254 3 132
285258 4 97
285274 1 104
285275 1 181
285277 5 444
285286 4 463
285363 3 116
285364 4 118
285365 3 410
285376 1 196
285391 4 164
285392 1 193
285424 5 398
285427 3 206
285429 2 172
285432 5 518
285454 2 153
285455 2 228
285472 3 1080
285489 3 283
285555 1 201
285569 2 316
285590 1 134
285613 4 226
285615 1 160
285616 5 375
285617 3 550
285618 2 442
285649 3 450
285652 3 276
285666 3 339
285668 4 180
285671 6 793
285680 5 656
285684 2 261
285685 1 424
285692 2 1241
285722 3 223
285738 4 435
285744 1 237
285746 1 343
285747 8 632
285824 4 426
285825 3 192
285861 6 262
285862 8 216
285863 10 296
285864 1 225
285865 5 252
285872 5 439
285877 3 274
285878 4 165
285885 1 583
285886 1 223
285887 3 193
285932 1 134
285969 9 552
285976 2 107
285979 5 1179
286046 3 119
286062 1 198
286073 2 305
286080 2 124
286122 2 359
286201 17 2103
286231 16 2434
286273 10 1730
286309 81 1519
286331 31 4171
286373 10 629
286486 2 390
286554 3 138
286584 2 9180
286639 4 1212
287280 3 353
288934 1 278
289233 3 100
289262 2 156
289348 30 18428
289610 20 2184
289936 2 1248
290021 1 1574
290119 1 892
290125 39 3028
290148 8 3390
290440 118 15196
290465 85 15747
290764 19 2010
291223 15 1090
291742 42 776
291851 10 6502
292026 8 5959
292146 31 4541
292742 17 2010
292845 6 729
292946 2 121
293005 2 1837
293127 1 151
293720 54 7581
294317 1 247
294527 1 424
294660 2 461
295254 5 249
295656 8 134
296010 1 1208
296022 2 174
296023 1 453
296071 1 1208
296095 2 293
296096 2 236
296149 4 129
296254 2 196
296256 7 207
296320 7 2464
296429 6 192
296466 3 139
296476 1 302
296492 1 135
296493 1 117
296504 7 512
296545 15 1006
296685 8 619
296689 1 99
296851 12 329
296854 14 360
296858 2 328
296862 1 1027
296910 2 578
296951 12 382
297101 28 2037
297126 7 1486
297162 5 431
297213 2 592
297215 8 449
297262 12 306
297313 2 153
297407 9 1728
297444 1 204
297446 5 360
297447 2 127
297459 20 4676
297466 1 782
297538 26 2306
297589 4 150
297604 35 1696
297665 1 446
297676 3 114
297679 3 99
298287 4 498
298549 5 605
298609 8 527
298777 5 322
299450 1 264
299644 1 270
299646 1 227
299960 12 1162
300003 2 123
300032 1 1598
300223 4 1600
300453 1 214
300664 3 714
300683 2 560
300738 3 1240
300813 1 599
300982 4 3200
301379 3 199
301590 2 733
301641 2 156
301865 40 18367
302277 5 594
302322 4 346
302611 12 1120
302747 4 351
302803 6 220
302873 13 1083
303467 2 154
303484 4 967
303514 7 1138
303578 6 207
303585 4 206
303621 2 188
303734 74 25485
303761 1 465
304018 1 285
304089 1 306
304120 6 835
304177 2 229
304255 2 255
304262 3 741
304332 6 509
304336 1 165
304371 1 311
304377 1 140
304378 3 305
304380 2 302
304383 2 216
304389 5 393
304402 1 140
304403 3 305
304455 1 162
304464 2 232
304465 5 200
304512 1 909
304568 1 86
304708 3 107
304763 2 264
304771 3 99
304902 7 658
304903 1 392
304904 5 608
305003 5 1383
305062 1 158
305088 3 692
305089 2 83
305153 1 492
305193 3 621
305236 3 103
305249 1 172
305293 1 111
305383 1 774
305436 8 3736
305477 1 145
305489 1 168
305493 4 360
305502 15 235
305551 2 183
305552 4 175
305574 2 114
305589 3 302
305618 9 992
305626 3 81
305645 3 901
305668 1 571
305676 12 945
305692 1 134
305711 2 140
305712 1 145
305713 2 243
305801 6 396
305804 6 228
305866 1 1227
305887 3 1373
305905 102 1073
305922 2 3872
305981 6 4277
306175 5 10421
306237 9 26903
306335 1 1832
306369 1 314
306383 1 463
306521 1 2018
306666 6 1173
306961 2 778
307107 2 314
307453 21 49380
307697 1 738
307793 4 843
308037 3 749
308177 2 1247
308186 16 36306
308246 20 20735
308413 2 1545
308513 45 8438
308515 4 1119
308553 80 8271
308615 2 898
308658 7 994
308659 12 2948
308751 5 854
308758 10 1550
308796 10 1550
308902 19 2435
308903 56 5575
308904 23 1614
308905 23 4556
308907 70 13313
308919 60 13545
308923 17 3318
308929 88 12027
308947 72 16976
308953 69 14138
308956 19 2431
308957 56 5575
308958 23 1614
308959 23 4556
308961 70 13313
308973 60 13545
308977 17 3318
308983 88 12027
309001 72 16976
309007 69 14138
310202 1 76
310224 2 2678
310247 85 1120
310777 7 1041
310986 2 197
311117 110 1447
311401 3 198
311929 22 9534
312056 26 1993
312401 53 5388
312619 29 2636
312765 3 150
314678 92 3419
314735 1 286
314736 3 169
314778 2 340
314795 3 290
314809 6 312
314810 4 989
314822 17 6501
314823 2 133
315011 6 927
315015 5 1727
315126 6 187
315134 1 124
315147 3 282
315161 6 595
315239 1 826
315240 2 1491
315241 1 536
315255 4 739
315257 3 1017
315273 1 377
315319 6 295
315321 3 105
315331 2 528
315343 1 854
315376 1 2290
315405 3 233
315418 1 324
315451 4 632
315454 1 689
315503 4 166
315506 3 387
315668 4 672
315704 1 203
315709 1 298
315804 2 258
315807 4 268
315839 1 779
315846 7 1566
315916 5 683
316003 3 150
316063 2 103
316067 2 2272
316084 1 205
316097 6 255
316188 5 216
316189 3 377
316204 9 1205
316467 10 288
318895 2 138
320130 3 79
320247 45 10051
320667 4 346
320837 6 193
320912 1 219
321147 1 238
321284 4 1527
321389 1 109
321399 14 367
321709 2 807
321798 4 839
322096 2 901
322097 7 1175
322202 7 945
322904 1 270
323076 1 158
323620 1 135
323621 1 699
323651 2 243
323691 2 80
323693 2 478
323740 3 91
323786 1 143
323791 1 145
323794 1 435
323803 4 120
323821 1 145
323824 1 435
323833 4 120
323883 3 90
323884 2 169
323890 2 534
323899 1 323
323984 4 771
323985 2 762
324006 2 952
324036 3 824
324046 2 801
324068 2 146
324073 3 321
324128 1 618
324200 4 1430
324244 1 297
324310 2 545
324320 2 93
324414 2 498
324468 1 250
324509 1 108
324520 1 117
324538 3 327
324539 3 128
324563 7 831
324616 4 247
324617 2 227
324619 2 423
324689 3 133
324690 1 159
324729 5 383
324730 11 721
324781 6 2248
324817 4 138
324819 1 323
324820 2 198
324821 3 155
324829 2 192
324842 4 124
324910 1 135
324929 1 103
324935 1 307
324982 1 150
324999 3 254
325000 8 260
325097 10 1242
325117 91 2186
325182 72 1338
325202 4 405
325205 1 1833
325223 3 760
325224 1 201
325278 17 3456
325539 15 6072
325733 5 174
325734 1 101
326129 21 67196
326525 5 1814
326671 2 175
326699 1 249
326762 2 378
326881 7 2766
326928 1 566
326951 1 619
326960 14 3440
327018 4 1316
327040 33 1144
327053 26 1352
327078 3 946
327083 27 682
327094 16 3381
327122 31 16929
327123 31 16927
327182 7 209
327188 20 662
327384 122 19585
327386 21 3284
327394 139 22044
327407 126 18061
328948 5 331
328992 37 5954
329146 170 1964
329208 46 9390
329225 27 7875
329226 52 8776
329412 12 7792
329476 28 4825
329493 34 7227
329682 28 4492
329804 50 7586
330136 121 1885
330319 3 4031
331333 115 2122
331432 41 8083
334846 1 353
334926 1 264
334949 1 585
335055 1 505
335222 2 563
335378 1 204
335390 1 264
335735 2 697
335831 2 355
335945 13 497
335950 5 215
335951 2 370
335952 6 412
336047 2 317
336048 1 1358
336168 2 113
336375 7 253
336433 3 379
336522 1 1042
336609 4 255
336719 40 6871
336724 2 534
336803 1 1043
336869 42 1614
337361 4 1020
337984 3 56
342874 2 212
343255 1 321
343384 1 266
343599 3 98
343600 4 173
343947 18 2644
343970 9 356
344008 1 437
344409 1 98
344902 8 3914
344934 5 1653
345073 1 330
345466 2 100
345484 1 883
345547 7 390
345557 1 595
345585 3 298
345587 1 135
345588 4 381
345613 3 596
345668 1 141
345692 6 458
345737 2 147
345752 2 606
345763 2 108
345838 4 170
345941 6 157
345958 2 157
345972 4 504
346024 12 1920
346035 1 937
346125 5 654
346369 2 90
346371 6 190
346408 2 93
346493 4 224
346523 1 153
346541 1 99
346564 1 250
346565 2 223
346603 2 254
346609 2 161
346633 5 1454
346668 2 166
346690 2 97
346712 4 623
346757 2 144
346812 1 159
346885 1 340
346889 3 320
346894 2 260
346996 2 574
347006 7 1169
347044 5 222
347045 6 393
347046 2 204
347068 1 244
347077 3 348
347104 6 828
347109 14 1342
347219 2 567
347252 1 153
347348 2 478
347361 2 702
347367 2 95
347389 1 1348
347406 1 277
347495 3 353
347513 9 1691
347584 1 196
347719 12 1705
347720 65 3607
347738 163 2893
347740 164 2309
347750 1 2272
347761 60 3747
347779 25 2570
347837 92 63219
347869 4 47445
348186 1 433
348236 2 234
348476 1 943
348978 2 234
349107 4 762
349182 3 383
349306 1 490
349387 4 1257
349651 2 358
349776 5 949
349932 5 597
350144 17 2979
350449 89 14072
350454 25 4709
350479 85 11696
350496 71 14081
351789 33 1311
351808 70 2165
351995 1 421
352106 39 1502
352316 12 1731
352626 4 7519
352980 4 819
353049 2 1521
354040 18 3576
354103 23 2929
354297 72 1156
354312 87 1388
354450 36 8639
354665 112 2722
354756 25 1140
355299 1 133
356009 3 126
357497 5 2282
358100 6 352
358140 3 148
358200 3 5800
358245 7 1662
358298 1 299
358312 1 329
358394 39 5252
358396 24 3630
358400 9 645
358438 4 271
358484 2 365
358524 9 4489
358531 4 143
358595 2 713
358651 1 328
358653 1 495
358758 4 512
358761 1 1249
358814 2 214
358930 1 224
359069 9 417
359080 3 650
359112 5 767
359152 53 9815
359290 16 1954
359420 7 756
359497 15 464
359565 1 202
359569 5 464
359595 4 239
359727 3 194
359859 1 303
359946 13 335
359954 2 1587
359977 2 429
360078 27 591
360113 5 502
360118 15 1136
361114 1 598
361489 5 802
363153 5 1153
363453 12 3056
364286 7 232
364403 2 100
364555 4 248
366028 3 338
366681 3 98
367478 6 868
367931 1 241
368246 8 1937
368654 4 131
369429 1 320
369431 3 234
369435 9 663
369486 6 264
369487 3 227
369498 2 175
369527 2 193
369583 3 206
369586 2 105
369589 6 876
369621 10 226
369624 4 271
369627 3 442
369818 3 169
369832 1 830
369881 2 2118
369939 5 117
369940 2 286
369995 3 1066
369996 4 427
370074 1 222
370104 1 834
370133 5 436
370350 2 539
370399 2 999
370412 7 770
370458 6 366
370525 3 1576
370680 4 518
370700 5 234
370731 3 339
370732 2 602
370785 3 829
370879 3 329
370890 2 1461
371037 2 167
371040 2 230
371057 4 117
371155 9 1635
371216 2 168
371233 4 455
371253 3 288
371281 5 112
371305 1 205
371417 2 376
371561 5 384
371604 3 297
371671 5 1194
371674 2 899
371715 3 1088
371721 8 4737
371731 1 498
371789 8 1662
371828 69 913
372026 2 1195
372406 5 14595
372411 53 2791
372600 1 251
373542 5 268
373834 33 44460
374111 5 1341
374300 33 3673
374324 2 1158
374446 119 1527
374458 4 614
374505 11 1572
374507 2 1194
374974 94 12901
374986 6 513
374994 78 13993
374995 17 4000
376101 4 99
376610 42 7750
376822 53 7531
377141 1 184
377197 32 8628
377227 111 3039
377391 65 1571
377811 102 1669
377883 1 372
377941 79 1393
378436 71 1152
378799 129 3228
379404 2 311
379405 2 280
379408 2 312
379524 2 339
379668 2 280
380047 21 517
380311 1 445
381773 1 542
381789 1 113
381875 109 1008
381913 2 800
381988 31 4173
382093 1 190
382164 2 305
382401 3 302
382412 4 222
382458 2 173
382488 1 331
382578 5 1216
382678 17 1772
382745 5 145
382983 6 137
383053 1 212
383077 1 445
383109 8 946
383111 8 2314
383116 1 292
383157 3 237
383207 1 118
383277 5 5672
383279 1 371
383282 1 163
383345 10 1163
383348 2 104
383473 7 1271
383511 5 209
384243 5 222
384518 2 549
385664 1 109
385700 3 360
385975 2 2246
385980 56 3649
386161 2 1871
386507 1 556
386793 1 102
387465 3 746
388342 1 93
388940 5 154
389516 1 128
389565 1 1929
389704 2 258
390589 4 747
390657 5 184
391198 2 196
391370 5 374
391504 3 587
391559 4 969
391587 1 112
391623 5 433
391626 6 335
391638 1 392
391687 1 538
391695 11 1385
391696 3 362
391775 1 719
391840 7 374
391841 6 605
391883 5 161
391933 3 209
391935 3 109
392024 6 172
392103 2 80
392107 4 422
392108 4 485
392109 3 562
392146 2 670
392148 1 560
392176 2 184
392228 2 149
392239 6 2083
392268 2 384
392325 6 738
392326 5 223
392367 6 542
392382 5 251
392416 2 197
392459 4 2040
392461 1 82
392463 3 1364
392514 5 955
392518 6 248
392555 1 491
392585 1 869
392638 7 147
392674 3 701
392710 8 1357
392716 1 897
392760 2 493
392798 6 331
392799 3 735
392802 2 164
392809 1 410
392838 2 542
392856 4 494
392867 3 95
392871 1 81
392872 2 152
392873 2 325
392903 1 371
392904 3 273
392905 2 456
392979 1 365
393036 1 181
393040 1 123
393045 1 181
393046 2 377
393165 3 1299
393207 1 205
393239 5 263
393270 8 731
393280 1 289
393293 6 308
393349 5 516
393354 4 151
393363 2 437
393415 7 1069
393419 5 962
393430 1 1023
393442 11 229
393446 4 1819
393512 4 342
393513 5 306
393517 5 363
393518 1 633
393526 47 8178
393535 24 1406
393550 27 30891
393574 104 2047
393575 101 2742
393596 12 2560
393618 84 935
393619 73 1117
393645 8 2371
393673 42 10585
393747 14 58177
393769 3 3316
393975 9 614
393977 7 434
394011 3 1908
394574 1 449
394898 23 26758
395124 2 153
395242 108 23266
395640 8 17885
395714 7 4780
395816 1 885
395836 11 4836
395947 15 5473
395950 2 1711
396014 11 959
396018 8 620
396027 2 916
396039 2 513
396059 7 601
396062 12 1419
396064 5 1107
396076 3 953
396088 9 3539
396097 2 737
396114 1 4324
396128 5 522
396131 2 701
396137 11 2749
396138 9 2729
396139 9 3722
396147 18 5877
396148 40 1500
396149 26 3367
396150 2 3399
396152 1 961
396165 2 753
396188 54 1709
396189 3 1275
396245 20 2230
396258 206 38258
396261 2 687
396514 1 904
396772 2 792
397045 2 110
399225 1 43
400771 1 1079
400958 1 720
402550 8 594
403384 3 737
406182 3 418
406462 1 87
406475 3 377
406507 1 508
409095 3 484
410243 1 418
410933 1 444
411247 8 1168
411292 1 959
411337 1 511
411341 3 1254
412252 6 491
413314 1 413
415056 1 129
415502 1 1217
416118 23 1484
416189 3 582
416456 1 83
416460 1 883
417145 3 506
417368 1 76
418089 1 425
418921 1 450
419141 2 245
419358 7 672
420321 2 305
421151 9 420
421522 7 318
422238 2 96
422316 13 478
423237 2 463
424231 6 767
425374 4 403
425492 1 559
425719 1 100
425765 1 560
426046 10 390
427072 1 408
427514 1 190
427848 1 918
427974 2 85
428170 3 233
428230 1 337
428253 1 121
428321 2 904
429114 5 827
430862 5 268
431322 3 432
432500 5 391
433851 2 1181
434166 2 563
436633 4 854
437007 4 119
437014 20 929
437081 1 85
438601 2 342
439864 3 160
439917 1 1820
440013 2 486
441143 4 699
441436 21 778
441533 1 5725
441638 15 1508
441831 1 1394
442158 3 309
442358 1 258
442359 1 151
442451 1 719
443020 1 216
443316 4 235
444050 1 635
444133 40 1130
445727 1 618
447687 4 548
449489 1 94
449567 4 1057
450474 1 116
451449 2 517
452337 1 299
452452 1 599
453738 1 391
454311 1 429
454896 8 456
455786 7 800
456020 2 382
456090 3 571
456747 1 1494
457406 6 713
457941 1 85
461633 1 229
464086 4 464
465234 1 87
467032 4 577
467365 11 699
467381 1 71
468859 1 716
469141 20 1134
469227 2 466
469487 2 1154
469835 6 803
469844 2 368
470077 1 950
471206 3 186
471311 1 515
471509 1 619
471676 1 599
471840 14 305
471894 1 861
472157 4 347
472160 9 856
472240 2 448
472543 7 687
472910 3 746
474487 6 844
474845 7 363
474979 2 394
475781 1 374
476787 5 572
476788 2 557
477326 2 403
477451 1 381
478103 5 436
478254 1 523
478852 3 3420
478967 3 723
479432 9 923
481116 1 461
481119 3 703
481320 2 932
481407 2 796
481431 5 632
481710 3 949
481748 2 247
481756 1 1016
482794 9 2136
482889 1 233
483644 1 1016
484098 5 473
484229 8 1462
484373 1 553
485323 1 290
486175 8 961
487867 3 225
488880 1 766
489026 12 1085
489123 2 480
489414 3 456
490786 1 76
491428 3 638
491435 1 82
492406 1 46
494133 7 671
494367 2 726
494598 11 2455
495183 3 503
496360 1 332
496436 12 4282
496575 1 832
496916 2 114
499245 1 360
499511 1 486
500014 8 455
500020 1 395
500861 4 170
502383 2 64
503515 1 83
505290 32 1168
506423 2 563
506804 2 632
507763 10 1380
508951 2 511
509995 1 859
510208 3 1190
510363 1 1545
510662 1 712
511972 1 601
514523 2 130
514939 1 269
520424 1 534
520718 1 1143
520962 2 3046
521698 1 320
522018 3 611
522562 1 61
523255 1 485
523258 9 1103
523267 2 1832
523999 7 1289
524779 1 176
525672 1 1133
525683 2 1084
525965 1 898
526904 4 873
527124 1 94
527417 2 602
527586 1 345
527848 2 1191
527939 4 663
528005 1 340
1250 1 517
4338 8 16989
4421 12 5382
7524 5 379
9572 2 400
9680 23 586
11737 67 3608
13659 6 437
13823 3 3071
16303 10 443
16430 21 353
18867 27 706
18868 27 792
18872 9 516
19135 24 589
19689 1 393
19876 1 470
19977 12 397
21614 3 32241
24739 1 219
25120 1 634
26012 2 426
28587 1 362
29767 12 541
29792 12 516
29804 22 597
30901 11 6266
34166 8 510
35114 20 5397
35419 1 319
35655 19 679
35659 21 522
35661 14 342
37289 1 453
37291 7 461
39789 13 329
41587 19 608
44055 1 625
44366 1 12535
45006 11 6265
47642 22 11472
49866 12 483
50682 3 32839
50683 1 9266
51298 1 340
51852 1 235
51855 7 468
52214 1 64459
52521 18 723
52522 12 894
52528 16 538
53096 5 6232
55602 1 620
55854 1 211
56635 1 466
58900 1 202
59471 2 208
61699 1 637
62734 1 757
62846 2 270
63498 1 227
64635 7 253
65223 1 105
65371 1 156
65646 1 148
66296 1 692
66812 1 586
67457 3 176
67651 1 174
68730 2 338
69296 1 247
69583 1 194
69672 2 285
69864 6 867
72302 1 638
72369 1 153
72569 1 391
72788 1 193
73487 1 191
73630 1 193
74287 1 795
74991 1 432
77525 3 785
77590 1 1024
77866 6 174
78164 4 536
78339 10 410
78835 3 529
79194 1 173
79571 1 417
80893 1 196
82379 1 540
83643 2 347
84531 1 431
84969 1 359
86387 2 329
86565 2 435
86709 1 217
87226 1 180
88546 6 502
89589 13 598
90256 1 902
90899 2 194
91512 1 389
91741 1 846
92381 1 283
92391 1 551
93812 1 306
94198 1 410
94378 1 884
94817 1 315
95518 1 415
95704 1 499
96216 1 815
96380 10 198
96534 3 372
97328 1 659
97900 1 286
98159 1 381
99033 1 241
100319 1 583
101964 1 615
102041 1 457
102082 1 327
103282 1 750
103449 1 442
104499 1 731
105805 1 550
107267 1 29
107670 1 439
108876 1 198
108969 1 658
109092 1 1030
109156 1 1004
109657 3 414
109745 2 1077
110464 1 355
111085 1 591
112114 1 439
112211 1 148
112675 1 574
113431 1 179
113591 1 174
114909 1 496
115488 1 315
116496 2 100
117173 1 247
117467 1 707
117481 2 379
118113 1 600
118125 1 543
118446 5 418
121029 2 207
121813 1 641
122244 4 552
122283 2 190
123518 19 644
123974 1 461
124329 1 349
124730 9 686
124983 2 583
127221 1 473
127794 1 293
129577 1 693
130568 1 151
132758 3 336
133048 1 640
133221 1 201
134311 1 200
135918 4 594
136773 1 285
136954 1 288
137467 1 297
137842 1 353
138716 1 312
138739 1 504
139061 1 169
139658 1 324
140493 4 1464
140734 1 768
141265 3 312
142982 2 126
144769 1 554
145159 1 580
145416 1 208
148277 7 473
151089 3 661
151095 3 324
153110 1 239
153184 1 556
155781 1 564
157554 1 736
157825 1 473
158436 1 442
158487 3 541
158648 1 377
160878 1 253
161854 3 387
164599 1 303
166122 2 131
166500 1 566
166989 1 658
167894 1 188
168756 1 1592
171256 1 724
171367 1 266
172911 1 771
175898 1 275
176012 1 138
176626 2 139
177107 1 776
177697 1 177
178131 1 433
181288 1 501
182135 5 396
182232 4 272
182271 1 565
183308 1 748
183412 1 731
185858 1 791
185866 7 871
187359 1 539
187899 1 598
188371 1 328
190077 1 382
190970 1 429
191377 3 3635
192509 1 617
193609 1 149
193639 1 282
193721 1 528
193766 1 694
194528 3 516
194922 3 331
194925 2 343
194945 2 718
195051 1 323
195193 2 403
195199 3 391
195222 1 1325
195284 8 753
195286 3 366
195360 5 428
195859 1 77
195993 2 276
196120 2 356
196239 1 327
196365 1 324
196636 1 65
196639 5 439
197018 1 177
197052 1 359
197180 4 277
197545 3 421
198176 1 317
198253 1 591
198891 1 310
198892 1 312
199853 1 511
201221 1 715
202442 2 429
202630 1 333
203155 1 304
203311 1 658
203602 1 180
206489 2 251
206689 3 265
207526 1 152
207593 1 574
208591 1 574
210418 4 758
210852 1 382
210857 3 397
211002 2 342
211131 1 302
211310 2 779
211451 2 199
211801 2 326
212038 1 415
213576 1 325
214334 1 399
214741 1 128
214746 1 588
215506 1 397
216293 1 720
216680 3 310
216836 6 266
216845 1 753
216960 1 134
216972 6 301
217056 1 264
217210 1 557
217354 1 325
217489 1 421
217505 1 1250
217508 1 260
217693 1 811
217727 2 423
217815 1 777
217825 1 899
217861 3 657
219314 1 232
219894 1 406
221428 1 291
221833 2 542
222475 2 281
223310 2 493
224235 1 118
224533 1 251
225565 1 689
225672 3 375
225698 1 534
226245 1 724
226566 2 667
227211 1 571
228168 2 552
228804 1 1268
230303 1 482
230507 1 380
231042 1 373
231110 1 248
231324 1 533
231809 1 760
232029 3 125
232248 1 394
233160 1 206
233778 1 209
233780 1 351
235590 1 358
238320 1 220
238335 3 621
238396 1 473
239206 1 555
240210 3 603
242004 1 319
242267 1 534
242382 1 634
242808 1 424
243253 1 516
245041 1 750
245919 1 171
247732 1 1323
249378 1 467
250503 1 342
251120 2 370
252622 1 577
252633 2 680
252638 2 871
253073 3 766
254927 4 405
256629 2 349
257537 1 250
257872 1 733
257888 1 964
261574 2 104
261849 1 219
261916 2 608
262268 1 766
263804 1 750
263891 2 287
264085 1 225
266201 1 150
266255 1 246
266327 2 393
267070 1 260
267212 1 302
267533 11 2478
267563 8 163
267577 1 6751
268116 31 506
268366 1 480
268637 1 273
269254 2 416
269988 11 475
269996 5 6852
270529 1 207
270658 1 2519
271676 2 324
271815 1 238
271827 1 258
272913 9 385
273530 8 181
273589 11 1837
273653 2 323
273662 2 176
273664 4 157
273689 7 229
273768 7 786
273775 6 344
273841 4 242
273849 3 600
273917 3 97
273965 1 605
274026 1 283
274059 6 2826
274086 5 209
274095 5 146
274120 5 214
274159 2 368
274220 4 137
274275 7 1938
274289 12 393
274357 3 185
274358 1 150
274507 4 192
274554 24 374
274675 1 385
274736 1 420
274764 3 289
274891 3 194
275003 1 167
275007 1 115
275084 1 84
275103 4 608
275124 3 174
275126 1 194
275129 3 286
275130 4 206
275135 2 197
275350 5 823
275412 1 1792
275440 2 622
275471 1 1023
275476 2 406
275495 1 280
275508 1 160
275516 2 135
275573 1 112
275644 11 351
275740 1 1233
275846 1 237
276553 1 133
276686 1 354
277008 1 256
277211 1 238
277308 1 762
278584 1 448
278904 5 304
278908 2 75
279109 1 122
279369 1 389
280619 7 11500
280713 3 692
280809 2 166
280851 1 260
281525 12 1000
281847 1 123
282105 1 101
282382 1 97
282402 1 287
282457 1 124
282823 1 582
282864 1 516
283141 4 4279
283235 1 429
283247 4 372
283382 1 550
283571 4 252
283655 3 71
283878 1 314
283896 1 205
284197 1 387
284270 3 434
284438 7 321
284471 4 775
284561 4 481
284570 1 145
284612 3 473
284613 5 430
284620 1 142
284703 2 152
284759 1 919
284829 1 422
284867 5 360
284999 8 764
285000 3 383
285038 1 426
285077 3 236
285089 2 343
285090 5 403
285091 2 717
285112 2 227
285144 6 475
285176 7 386
285246 1 302
285249 3 243
285274 1 104
285277 3 444
285286 5 463
285307 4 200
285376 1 196
285432 1 518
285472 1 1080
285489 1 283
285543 1 149
285555 1 201
285569 2 316
285587 1 166
285613 4 226
285615 2 160
285616 4 375
285617 2 550
285618 1 442
285637 1 89
285638 1 110
285666 2 339
285668 4 180
285671 1 793
285680 1 656
285685 1 424
285722 1 223
285738 4 435
285744 3 237
285746 2 343
285747 3 632
285824 7 426
285825 2 192
285861 2 262
285864 1 225
285865 1 252
285877 2 274
285885 1 583
286033 1 288
286062 3 198
286084 1 134
286116 7 190
286122 2 359
286194 1 121
286554 1 138
286584 1 9180
287207 1 274
287392 1 533
287455 1 1380
287810 1 200
287848 1 115
288376 1 785
288805 1 237
288934 2 278
288992 1 159
289348 1 18428
289554 1 617
289587 1 354
289687 1 700
289936 8 1248
289977 1 954
290021 5 1574
290119 7 892
290125 6 3028
290148 3 3390
291030 1 203
291440 1 184
291781 1 184
292026 3 5959
292227 2 152
292453 9 246
292496 1 387
292946 1 121
293773 1 262
295851 1 344
296010 9 1208
296023 1 453
296071 9 1208
296095 4 293
296254 2 196
296255 4 174
296256 2 207
296320 11 2464
296418 5 460
296467 1 185
296493 4 117
296504 13 512
296545 7 1006
296555 2 108
296593 1 343
296621 3 1396
296650 3 126
296685 1 619
296790 1 216
296851 3 329
296854 2 360
296858 2 328
296862 5 1027
296943 6 103
296951 2 382
296984 2 296
297101 6 2037
297162 3 431
297192 1 170
297206 1 299
297213 7 592
297215 2 449
297262 3 306
297313 1 153
297349 1 355
297407 7 1728
297446 2 360
297450 2 231
297459 2 4676
297466 3 782
297538 5 2306
297589 9 150
297598 11 1836
297665 3 446
297676 2 114
297679 1 99
297763 1 157
297811 1 243
298203 1 243
299400 1 297
300436 1 321
300547 1 340
300594 1 540
300789 1 74
300982 3 3200
301098 1 270
301379 3 199
301590 2 733
301641 2 156
301865 8 18367
301908 3 83
302611 2 1120
302747 1 351
302873 1 1083
303514 2 1138
303734 12 25485
303904 1 443
304105 2 571
304214 3 101
304389 1 393
304654 1 331
304708 3 107
304903 1 392
304904 3 608
304918 1 330
305027 1 158
305088 3 692
305089 1 83
305133 1 339
305193 2 621
305293 1 111
305383 2 774
305574 2 114
305618 1 992
305866 1 1227
305887 1 1373
306105 1 494
306237 10 26903
306369 1 314
306383 16 463
306521 2 2018
306961 1 778
307070 1 278
307397 1 502
307453 2 49380
307697 1 738
307793 1 843
308186 1 36306
308187 1 51551
308246 1 20735
308335 1 235
308413 2 1545
308515 1 1119
308546 6 629
308553 3 8271
308658 1 994
308852 1 219
308883 1 165
308903 1 5575
308907 5 13313
308919 1 13545
308947 4 16976
308957 1 5575
308961 5 13313
308973 1 13545
309001 4 16976
309105 4 202
310228 1 80
310317 1 335
310659 5 177
310986 10 197
311029 16 399
311815 1 365
312401 2 5388
313391 2 207
314069 3 436
314419 1 140
314735 2 286
314736 2 169
314778 1 340
314795 7 290
314796 14 253
314815 9 279
314822 6 6501
314879 3 96
314888 11 155
314931 11 155
315015 2 1727
315126 3 187
315131 5 151
315147 1 282
315161 3 595
315165 3 164
315166 3 116
315167 4 201
315194 1 1323
315198 3 154
315240 2 1491
315255 3 739
315273 5 377
315318 1 657
315319 3 295
315321 1 105
315331 2 528
315405 2 233
315418 1 324
315499 3 190
315505 2 300
315506 13 387
315668 1 672
315681 5 162
315682 4 164
315704 1 203
315709 3 298
315804 2 258
315807 2 268
315814 2 181
315839 1 779
315843 12 219
315846 6 1566
315916 7 683
316003 2 150
316011 6 184
316067 10 2272
316084 5 205
316097 4 255
316114 9 217
316188 3 216
316189 5 377
316204 2 1205
320247 1 10051
320837 1 193
320912 1 219
321146 2 78
321147 5 238
321284 1 1527
321389 2 109
321709 4 807
321798 1 839
322096 1 901
322097 13 1175
322904 1 270
323076 3 158
323621 1 699
323794 1 435
323824 1 435
323890 1 534
323984 1 771
323985 1 762
324036 2 824
324046 4 801
324200 1 1430
324563 1 831
324619 2 423
324829 1 192
325182 1 1338
325202 1 405
325205 9 1833
325223 5 760
325224 1 201
325230 5 192
325339 1 728
326129 1 67196
326171 1 718
326525 1 1814
326881 2 2766
326928 1 566
326951 1 619
326960 2 3440
327078 1 946
327094 2 3381
327182 1 209
328992 2 5954
329208 8 9390
329225 2 7875
329226 2 8776
329476 1 4825
330319 1 4031
330741 1 350
331432 3 8083
334846 16 353
334926 2 264
334949 32 585
335055 26 505
335222 6 563
335378 4 204
335390 6 264
335735 7 697
335831 3 355
335919 4 1030
335931 1 460
335990 8 484
336047 3 317
336414 2 164
336422 1 298
336522 2 1042
336626 2 338
336719 13 6871
336724 13 534
336803 2 1043
336840 2 239
336869 19 1614
336947 11 492
342874 2 212
343255 6 321
343599 1 98
343600 3 173
343947 3 2644
343970 2 356
344409 4 98
344785 1 147
344934 4 1653
345073 6 330
345466 1 100
345484 1 883
345547 4 390
345557 4 595
345585 1 298
345588 4 381
345737 3 147
345752 1 606
345941 1 157
345961 1 224
346024 1 1920
346125 2 654
346499 1 525
346523 1 153
346609 1 161
346633 1 1454
347044 5 222
347045 3 393
347046 2 204
347068 2 244
347077 3 348
347104 1 828
347252 3 153
347389 4 1348
347513 6 1691
347738 2 2893
347837 3 63219
348186 1 433
349563 1 760
349932 3 597
350144 1 2979
352316 3 1731
352626 13 7519
352980 16 819
353049 1 1521
354450 4 8639
354642 1 151
356418 2 151
356566 1 184
358094 5 88
358100 3 352
358140 2 148
358200 6 5800
358245 18 1662
358298 7 299
358312 10 329
358384 5 199
358400 9 645
358438 3 271
358484 4 365
358524 2 4489
358531 1 143
358639 8 116
358651 1 328
358653 2 495
358705 2 145
358758 4 512
358814 2 214
358823 1 309
358906 10 841
359069 7 417
359080 2 650
359110 9 149
359112 1 767
359140 4 143
359152 2 9815
359497 4 464
359547 1 188
359565 12 202
359569 1 464
359595 7 239
359641 5 266
359713 1 131
359859 2 303
359946 3 335
359954 6 1587
359977 11 429
360078 6 591
360105 6 110
360118 1 1136
360123 33 380
361489 1 802
363153 14 1153
363710 6 170
364555 1 248
366028 1 338
366436 1 362
367931 7 241
368246 1 1937
368654 1 131
369292 1 179
369486 4 264
369487 3 227
369498 3 175
369527 2 193
369583 1 206
369621 8 226
369624 4 271
369627 5 442
369818 1 169
369832 3 830
369939 2 117
369940 2 286
370133 1 436
370454 2 311
370458 2 366
370525 1 1576
370890 2 1461
371024 1 369
371155 2 1635
371216 1 168
371274 1 155
371627 4 213
371731 1 498
371742 3 69
371802 16 339
371808 44 2313
372406 1 14595
373834 1 44460
374111 1 1341
374300 5 3673
374324 5 1158
374507 1 1194
374986 5 513
374995 1 4000
376101 1 99
376822 4 7531
377197 8 8628
377391 1 1571
377883 10 372
379016 1 333
379409 1 482
380311 4 445
381227 1 330
381789 4 113
381805 4 177
381913 8 800
381975 4 235
382105 7 147
382164 3 305
382177 1 184
382401 2 302
382458 3 173
382488 1 331
382534 4 139
382578 6 1216
382678 2 1772
382799 9 206
382807 4 349
382893 5 490
382983 2 137
383003 6 267
383077 1 445
383105 5 286
383111 1 2314
383116 2 292
383149 4 305
383157 4 237
383238 10 221
383277 12 5672
383345 6 1163
383417 3 292
383473 5 1271
383511 2 209
384518 1 549
385664 8 109
385975 11 2246
386161 1 1871
386507 9 556
388342 4 93
388732 2 366
389565 15 1929
390589 1 747
391198 1 196
391370 4 374
391504 8 587
391626 1 335
391638 1 392
391687 1 538
391775 3 719
391883 2 161
392108 1 485
392146 1 670
392148 1 560
392176 6 184
392239 1 2083
392367 1 542
392381 3 117
392382 5 251
392416 1 197
392463 2 1364
392518 3 248
392555 1 491
392557 1 429
392585 1 869
392710 1 1357
392838 3 542
392856 1 494
393165 1 1299
393243 1 1496
393293 4 308
393349 4 516
393354 3 151
393363 7 437
393430 2 1023
393442 8 229
393512 4 342
393513 6 306
393517 7 363
393518 3 633
393596 1 2560
393645 1 2371
393673 4 10585
393747 1 58177
394011 2 1908
394574 4 449
394898 1 26758
395714 4 4780
395836 1 4836
395950 3 1711
396014 2 959
396018 1 620
396027 3 916
396039 1 513
396059 1 601
396088 1 3539
396137 2 2749
396139 1 3722
396147 5 5877
396152 1 961
396245 2 2230
396258 1 38258
396261 1 687
397865 1 67
399494 48 1726
400242 1 1777
402550 1 594
403190 1 319
403239 1 638
403384 19 737
408387 2 348
409095 10 484
409215 8 2438
411247 1 1168
411292 1 959
411330 5 427
411337 2 511
411341 25 1254
413314 1 413
415840 1 1759
416189 1 582
416456 1 83
417021 1 194
418089 1 425
418921 16 450
419141 1 245
419823 2 342
422669 7 1921
423237 1 463
425719 1 100
426046 2 390
426886 10 993
427848 1 918
428230 1 337
428244 15 653
428321 1 904
429114 1 827
429287 9 426
431322 1 432
432500 1 391
433851 3 1181
434166 1 563
437976 18 1148
439917 4 1820
441143 4 699
441436 1 778
441638 9 1508
441730 31 551
441831 4 1394
443316 1 235
444050 16 635
446031 21 428
446592 2 350
448347 26 898
448564 1 439
449567 1 1057
451449 4 517
451630 2 535
452723 11 429
456747 15 1494
460662 3 967
463186 8 465
464086 1 464
465480 1 558
468511 1 975
468859 1 716
470401 1 352
471205 1 386
471311 1 515
471464 28 1263
472160 1 856
472543 1 687
472910 1 746
474125 69 1577
474487 1 844
475360 1 674
476788 2 557
477451 1 381
478254 8 523
478560 7 911
478852 4 3420
478967 1 723
481119 1 703
481222 1 745
481281 1 786
481390 3 353
481407 2 796
481455 3 116
481748 1 247
481756 1 1016
482794 2 2136
483644 1 1016
483695 21 825
484229 1 1462
486314 1 154
486936 7 472
488773 2 601
489026 1 1085
489824 31 1737
491322 3 754
491428 5 638
491435 3 82
491766 25 2223
494367 1 726
495183 2 503
496251 7 448
496360 1 332
496436 1 4282
496575 1 832
496642 15 333
498543 52 1792
499430 2 1585
500044 1 140
506075 2 111
506423 1 563
506634 9 596
506804 2 632
507116 18 625
507763 2 1380
508951 4 511
509995 1 859
510208 6 1190
510363 2 1545
512323 16 482
512499 14 1096
515866 8 545
518967 1 666
519212 3 96
520424 11 534
520718 6 1143
520962 76 3046
521174 2 588
521346 22 533
521698 5 320
522176 37 796
522568 9 534
523255 1 485
523258 1 1103
523267 3 1832
523706 8 294
524779 1 176
525965 2 898
526339 51 2581
526904 3 873
527417 1 602
527586 5 345
527793 1 867
33 1 19382
18763 1 323
21614 1 32241
28931 1 379
33561 2 3210
35419 1 319
41417 4 440
49394 154 26545
51298 1 340
55375 4 40486
55854 7 211
56262 1 317
56453 5 398
56635 1 466
58900 7 202
59471 4 208
59472 1 132
60481 19 612
61699 1 637
62392 1 80
62734 1 757
62846 1 270
63498 2 227
63550 4 404
63553 1 102
65223 1 105
65371 3 156
65381 6 184
65646 2 148
66296 5 692
66812 3 586
67457 2 176
67651 3 174
69296 6 247
69864 5 867
70233 1 599
70606 2 93
71965 3 214
72302 6 638
72369 2 153
72569 3 391
72574 7 712
72756 16 982
72863 1 72
72992 3 83
74287 6 795
74683 1 221
74991 2 432
75179 3 242
75268 3 317
75329 1 865
76119 1 162
76120 4 273
77278 3 96
77360 2 593
78164 6 536
78835 3 529
78962 5 432
79194 1 173
79223 10 1055
79530 3 839
79571 1 417
80837 1 337
80893 2 196
81231 1 794
82379 2 540
82524 1 507
82748 1 33
82938 2 287
82977 4 2067
83494 2 561
83643 1 347
84376 10 1006
84531 2 431
84899 1 675
84969 6 359
85839 2 545
86277 2 520
86387 2 329
86565 3 435
86613 2 228
87226 1 180
88901 1 233
89589 1 598
89956 4 254
90248 8 298
90256 9 902
90456 5 280
90899 3 194
91512 3 389
91526 1 319
91741 7 846
91791 3 180
92381 3 283
92391 1 551
92671 10 203
93388 1 132
93391 2 215
94114 4 250
94133 8 946
94198 1 410
94378 7 884
94807 4 527
94817 6 315
95518 5 415
95646 3 203
95704 3 499
95709 9 456
95970 1 215
96064 4 148
96216 7 815
96306 9 265
96383 3 112
96532 2 310
96533 5 525
96534 1 372
96677 6 267
96879 3 265
96908 3 68
97328 4 659
97636 2 96
97900 1 286
98159 3 381
98594 5 202
99033 2 241
100090 3 228
101179 2 84
101287 2 103
101536 24 955
101964 1 615
102041 1 457
102082 4 327
103282 8 750
103449 6 442
103664 6 384
104499 11 731
105805 1 550
106450 1 506
107267 1 29
107670 1 439
108085 5 223
108306 1 370
108707 5 617
108807 1 99
108869 5 169
108873 7 299
108876 5 198
109092 5 1030
109156 3 1004
109498 6 284
109500 2 171
109524 1 180
109745 1 1077
110069 4 214
110338 12 364
110464 13 355
110946 7 273
110949 2 252
111085 14 591
111125 4 249
111151 2 285
111367 1 102
111510 4 273
111833 4 432
111841 3 194
111844 4 243
111942 4 276
111969 1 213
112114 4 439
112211 4 148
112411 2 54
112675 7 574
113088 4 264
113349 2 37
113638 10 838
113856 5 262
113931 27 1117
114427 1 84
114909 5 496
115135 2 96
115160 3 188
115292 5 384
115294 3 227
115488 5 315
116238 2 445
116426 2 215
116496 1 100
117173 1 247
117467 1 707
117481 2 379
117782 2 622
118020 2 181
118112 3 607
118113 10 600
118116 21 457
118124 9 587
118125 9 543
118246 9 603
118389 1 670
118641 1 493
118938 3 231
119477 1 33
119843 2 477
120084 1 286
120285 3 93
120334 7 253
120516 3 156
120751 2 216
120754 2 196
121029 4 207
121314 2 356
121447 2 175
122244 1 552
122571 3 251
122845 2 882
123546 4 737
123738 3 582
123974 2 461
124019 2 386
124329 1 349
124531 3 156
124797 1 71
125070 3 140
126279 3 139
127221 4 473
127794 2 293
128228 2 364
128258 2 148
128566 1 760
129110 2 748
129409 16 666
129577 2 693
130568 4 151
131593 4 286
131659 4 228
131864 4 153
132022 2 156
132724 4 129
132758 4 336
133048 1 640
133221 1 201
133504 15 734
134089 1 345
134311 1 200
135918 1 594
136773 2 285
136806 6 208
136954 2 288
137173 2 729
137467 2 297
137842 5 353
138454 5 100
138716 2 312
138739 4 504
139061 1 169
139617 5 140
139658 5 324
139815 3 64
140259 3 439
140493 3 1464
140726 1 411
140734 2 768
140895 2 366
141019 4 805
141265 3 312
141325 3 576
142055 8 272
142720 2 733
142982 2 126
143113 1 68
143332 2 61
143485 2 1212
144088 5 338
144114 2 219
144381 5 242
144693 2 171
144769 1 554
144920 4 100
145042 1 271
145157 1 222
145158 9 333
145159 5 580
145203 1 143
145303 3 285
145307 4 324
145416 5 208
145569 6 232
145576 2 70
146050 6 184
146407 5 317
146532 7 295
146539 6 271
147886 2 764
148398 9 308
149585 1 672
150246 2 116
150415 4 117
152346 7 556
153184 12 556
153644 2 486
155677 2 869
155781 2 564
157554 2 736
157825 1 473
158436 1 442
158487 2 541
158648 1 377
159334 6 578
159582 4 280
159597 2 60
159735 5 1229
160122 2 74
160362 8 249
160878 3 253
161854 2 387
164098 1 126
164099 1 219
164419 3 728
164599 1 303
164725 5 274
166053 22 901
166133 3 814
166346 3 801
166500 4 566
166989 11 658
167234 9 820
167499 3 213
167877 3 478
167894 4 188
168007 5 204
168756 9 1592
169009 5 544
170434 1 214
170943 2 837
170979 3 177
170996 1 779
171256 8 724
171367 1 266
172844 1 121
172911 1 771
173307 5 555
173337 1 1056
173400 2 542
175040 1 148
175074 1 593
175898 5 275
176012 3 138
176827 2 222
176872 2 294
177107 1 776
177357 2 302
178131 1 433
179231 1 723
179734 4 88
180471 12 624
181288 1 501
181802 1 679
183179 5 293
183308 1 748
183412 4 731
183720 3 492
184695 1 417
184937 7 172
185151 4 91
185276 3 163
185654 2 286
185858 1 791
185943 5 180
187359 4 539
187373 20 772
187374 17 703
187899 2 598
188050 1 525
188149 19 420
188371 4 328
188647 17 604
189286 1 1323
190050 5 535
190077 1 382
190280 5 383
190970 5 429
191377 4 3635
192509 7 617
192715 18 438
192837 3 204
192888 2 67
193609 1 149
193612 3 122
193639 1 282
193766 4 694
194285 3 157
194528 9 516
194925 1 343
194932 3 357
194945 5 718
195051 5 323
195193 1 403
195222 4 1325
195284 5 753
195360 1 428
195822 1 58
195859 1 77
195993 4 276
196120 2 356
196239 1 327
196365 2 324
196639 1 439
196746 2 165
196766 6 572
196871 3 437
197052 1 359
197057 2 804
197180 2 277
197545 1 421
197549 1 180
198082 3 302
198176 1 317
198253 1 591
198891 6 310
198892 7 312
199336 3 441
199708 7 315
199853 2 511
201221 4 715
201920 10 509
203155 2 304
203311 1 658
203602 3 180
204254 5 365
205755 15 534
206489 1 251
206689 5 265
206798 1 683
207526 3 152
207593 2 574
208591 1 574
208909 1 525
209301 15 606
210257 3 213
210418 8 758
211002 3 342
211131 4 302
211268 10 325
211667 6 298
211673 24 1211
211787 3 314
212038 5 415
212300 5 230
212414 1 812
213576 3 325
214292 6 197
214302 5 185
214334 3 399
214588 32 1113
214741 1 128
214746 2 588
215077 4 392
215403 3 459
215405 7 486
215425 6 285
215506 1 397
215604 7 328
215763 10 351
216293 1 720
216690 2 299
216822 1 231
216834 2 539
216845 2 753
216879 1 787
216960 3 134
216971 2 376
217015 1 883
217221 1 350
217354 4 325
217489 2 421
217505 5 1250
217508 2 260
217623 1 412
217727 1 423
217815 1 777
217825 8 899
218300 1 342
219790 3 276
219894 6 406
220096 5 293
220312 1 212
222475 1 281
222606 17 451
222910 3 660
223310 1 493
223356 10 811
223798 2 426
223985 1 681
225480 1 716
225565 1 689
225698 4 534
226106 4 902
226566 14 667
226858 1 760
227211 1 571
227657 2 81
227887 2 423
228082 1 495
228168 3 552
228546 2 718
228804 9 1268
229145 9 1028
229209 2 611
230303 6 482
230507 2 380
230528 4 233
231042 2 373
231072 1 897
231110 1 248
231292 1 245
231324 2 533
231423 9 1158
231527 5 393
231554 1 841
231774 3 518
231809 2 760
232035 3 292
232156 5 448
232248 6 394
232274 3 422
232686 6 396
232924 8 416
233160 2 206
233778 2 209
233780 2 351
235590 1 358
237952 7 447
238335 1 621
238396 3 473
239206 2 555
239599 1 635
239654 2 525
240097 1 296
240117 4 150
240210 9 603
240272 1 587
240944 1 505
242004 3 319
242006 2 316
242055 1 405
242267 1 534
242382 21 634
242533 2 277
242808 2 424
242908 11 275
243253 1 516
243528 1 576
244174 2 755
244394 4 218
245041 2 750
245862 5 328
245919 5 171
247014 1 517
247732 2 1323
247905 2 494
248404 6 685
249210 2 273
249378 1 467
250503 4 342
251347 11 359
252074 4 275
252320 6 340
252600 15 659
252601 6 500
252622 12 577
252633 18 680
252638 3 871
253073 1 766
253563 2 118
253863 1 303
254029 2 661
254130 3 261
254131 2 257
254259 6 426
254663 5 299
254883 3 230
255452 2 752
255859 5 368
256167 3 224
256271 26 1245
256888 2 251
257537 2 250
257872 1 733
257888 4 964
258261 4 240
259116 1 786
259541 2 249
260455 1 248
260681 3 299
260697 3 343
261031 4 697
261361 10 393
261574 1 104
261849 2 219
262268 4 766
263509 3 529
263602 2 201
263804 1 750
264085 1 225
265151 6 335
265313 5 315
265810 2 16729
265816 19 25803
265845 4 17259
265854 23 21100
265960 3 298
267576 1 974
267577 1 6751
269988 1 475
270658 1 2519
271062 3 111
271091 1 387
271257 5 151
271485 2 317
271651 1 114
272911 1 165
273768 1 786
274289 1 393
274542 2 233
274560 1 203
274872 1 700
275259 3 832
275929 1 203
278984 4 116
280525 6 126
281174 4 308
281322 1 175
281483 4 588
281616 1 146
281753 2 82
282823 3 582
282864 13 516
282874 4 155
282944 4 182
282945 4 213
283382 5 550
283830 4 133
283831 1 90
283832 2 147
283878 1 314
283886 2 277
283896 5 205
283981 1 98
284004 1 357
284044 1 127
284054 1 116
284090 8 704
284106 2 108
284107 3 181
284148 3 602
284151 2 136
284197 2 387
284218 2 277
284229 1 389
284270 1 434
284278 3 172
284310 2 205
284350 3 220
284385 2 112
284470 4 236
284471 6 775
284506 3 194
284520 1 674
284570 3 145
284584 2 82
284586 5 262
284587 3 159
284600 2 135
284619 4 179
284620 3 142
284703 1 152
284713 2 104
284730 7 358
284733 3 311
284759 9 919
284784 2 489
284790 5 138
284819 1 103
284824 3 128
284825 1 172
284829 1 422
284890 2 127
284894 3 149
284897 2 135
284913 2 369
284920 2 112
284999 5 764
285038 2 426
285077 2 236
285089 2 343
285091 2 717
285144 3 475
285176 1 386
285178 2 174
285187 9 470
285190 5 387
285246 7 302
285253 2 140
285254 2 132
285258 2 97
285275 2 181
285296 1 94
285307 1 200
285363 1 116
285364 2 118
285365 5 410
285391 6 164
285392 2 193
285424 15 398
285427 3 206
285429 2 172
285432 8 518
285434 5 206
285454 1 153
285455 2 228
285472 8 1080
285489 3 283
285543 1 149
285555 5 201
285587 1 166
285590 6 134
285615 1 160
285617 1 550
285618 3 442
285637 1 89
285638 1 110
285649 5 450
285652 3 276
285666 2 339
285671 7 793
285680 16 656
285682 2 123
285684 5 261
285685 7 424
285692 24 1241
285747 1 632
285861 1 262
285863 1 296
285872 8 439
285877 14 274
285878 4 165
285885 8 583
285886 4 223
285887 6 193
285932 1 134
285969 15 552
285970 11 1214
285973 2 87
285975 4 175
285976 2 107
285979 6 1179
286046 1 119
286073 4 305
286080 2 124
286084 3 134
286086 3 142
286116 3 190
286122 1 359
286486 1 390
286639 3 1212
287280 10 353
288805 2 237
289233 3 100
289235 5 184
289262 1 156
289348 7 18428
289687 1 700
290125 1 3028
290148 1 3390
290440 9 15196
290465 2 15747
292845 7 729
293127 1 151
293720 2 7581
294317 1 247
294527 1 424
294660 1 461
296010 1 1208
296022 1 174
296023 3 453
296071 1 1208
296320 2 2464
296621 1 1396
296689 2 99
297213 1 592
297407 1 1728
297444 1 204
297446 1 360
297459 1 4676
297665 1 446
298258 1 380
298287 1 498
299450 2 264
300003 3 123
300032 2 1598
300223 1 1600
300237 2 124
300246 1 176
300594 2 540
300664 3 714
300813 1 599
300982 2 3200
301178 1 107
301590 5 733
301865 22 18367
301910 2 98
302322 3 346
302873 1 1083
303467 3 154
303484 11 967
303734 8 25485
304023 2 457
304089 5 306
304120 4 835
304177 2 229
304255 6 255
304261 6 272
304262 8 741
304332 1 509
304336 5 165
304377 1 140
304378 9 305
304380 2 302
304383 3 216
304386 1 120
304389 1 393
304402 1 140
304403 9 305
304411 1 120
304455 3 162
304459 6 247
304462 2 118
304464 5 232
304465 5 200
304512 2 909
304568 1 86
304573 8 808
304669 5 116
304670 3 105
304672 1 106
304763 1 264
304771 2 99
304804 3 327
304902 24 658
304903 3 392
304904 12 608
304906 2 179
305003 9 1383
305027 4 158
305062 1 158
305088 1 692
305153 5 492
305218 2 293
305236 1 103
305247 2 185
305249 5 172
305293 1 111
305436 14 3736
305477 4 145
305493 2 360
305502 2 235
305538 34 1995
305551 1 183
305552 1 175
305589 1 302
305601 2 1043
305618 1 992
305626 3 81
305645 2 901
305668 4 571
305676 8 945
305681 1 410
305692 6 134
305711 2 140
305712 4 145
305713 7 243
305715 5 130
305801 1 396
305804 2 228
305866 1 1227
305922 1 3872
305981 1 4277
306139 1 5267
306175 10 10421
306237 21 26903
306335 12 1832
306521 2 2018
307070 3 278
307107 1 314
307793 1 843
308037 7 749
308101 3 333
308177 3 1247
308186 1 36306
308246 7 20735
308546 1 629
308553 3 8271
308659 8 2948
308902 6 2435
308903 3 5575
308907 13 13313
308919 3 13545
308923 6 3318
308929 5 12027
308947 12 16976
308953 3 14138
308956 6 2431
308957 3 5575
308961 13 13313
308973 3 13545
308977 6 3318
308983 5 12027
309001 12 16976
309007 3 14138
311401 8 198
312619 1 2636
314678 3 3419
314778 1 340
314809 2 312
314810 2 989
314822 3 6501
314823 3 133
315011 1 927
315015 5 1727
315134 2 124
315161 1 595
315194 1 1323
315239 3 826
315241 1 536
315318 1 657
315343 1 854
315376 1 2290
315426 1 89
315503 2 166
315668 2 672
315839 1 779
315846 1 1566
316063 4 103
316204 2 1205
320247 5 10051
320667 19 346
320912 1 219
321284 4 1527
321357 4 2299
321798 1 839
322096 2 901
322202 23 945
322904 1 270
323567 7 196
323570 1 102
323620 2 135
323621 5 699
323651 3 243
323652 1 110
323691 1 80
323693 21 478
323740 1 91
323747 5 139
323786 1 143
323794 1 435
323803 1 120
323824 1 435
323833 1 120
323883 1 90
323884 5 169
323890 5 534
323984 5 771
323985 1 762
324006 19 952
324036 1 824
324046 1 801
324068 3 146
324073 5 321
324121 5 131
324128 7 618
324200 6 1430
324206 1 211
324244 1 297
324310 2 545
324320 2 93
324414 6 498
324468 7 250
324509 3 108
324520 2 117
324538 1 327
324539 2 128
324563 6 831
324616 3 247
324617 2 227
324619 5 423
324624 2 171
324637 2 66
324689 1 133
324690 4 159
324729 12 383
324730 3 721
324781 1 2248
324817 4 138
324819 4 323
324820 3 198
324821 3 155
324829 3 192
324842 2 124
324910 4 135
324915 2 191
324929 2 103
324933 5 135
324934 1 106
324935 2 307
324982 1 150
324999 5 254
325000 1 260
325182 1 1338
325202 1 405
325223 2 760
325230 1 192
325286 4 703
325339 1 728
325539 3 6072
325627 1 294
325733 2 174
325734 1 101
326129 1 67196
326171 1 718
326525 5 1814
326671 3 175
326687 5 187
326699 2 249
326760 3 365
326762 19 378
326951 2 619
326960 3 3440
327018 2 1316
327040 1 1144
327053 1 1352
327078 2 946
327188 1 662
327384 2 19585
327386 5 3284
327394 23 22044
327407 3 18061
330741 1 350
331720 2 88
334949 1 585
335931 1 460
335950 6 215
335951 7 370
335952 7 412
336048 3 1358
336375 4 253
336422 2 298
336433 11 379
336544 1 288
336626 1 338
343255 2 321
343384 2 266
343947 2 2644
345484 9 883
345488 3 163
345547 3 390
345557 1 595
345585 2 298
345587 4 135
345588 3 381
345591 1 306
345613 4 596
345668 1 141
345692 7 458
345737 3 147
345752 2 606
345763 2 108
345838 4 170
345956 1 144
345958 2 157
345960 2 99
345961 1 224
345966 4 519
345972 3 504
345981 2 89
346007 1 213
346024 36 1920
346035 15 937
346125 5 654
346129 2 579
346251 3 209
346369 3 90
346371 3 190
346408 4 93
346493 4 224
346499 7 525
346541 4 99
346564 8 250
346565 6 223
346575 7 260
346603 3 254
346609 2 161
346633 2 1454
346657 5 168
346668 3 166
346690 3 97
346712 4 623
346757 4 144
346812 6 159
346885 2 340
346889 5 320
346995 3 90
346996 14 574
347006 14 1169
347045 1 393
347104 11 828
347109 18 1342
347219 5 567
347348 6 478
347361 8 702
347363 2 209
347367 5 95
347389 11 1348
347406 4 277
347495 3 353
347513 1 1691
347584 1 196
347749 1 2333
347779 1 2570
347837 1 63219
347869 86 47445
348236 4 234
348476 15 943
348853 2 101
348978 4 234
349107 1 762
349182 4 383
349306 12 490
349386 2 973
349387 12 1257
349563 1 760
349651 9 358
349932 1 597
350449 3 14072
350454 9 4709
350479 2 11696
350496 9 14081
357497 18 2282
358200 8 5800
358245 3 1662
358396 8 3630
358484 1 365
358524 3 4489
358595 5 713
358653 2 495
358761 1 1249
358906 2 841
359080 2 650
359112 12 767
359420 2 756
360113 1 502
360118 1 1136
364286 5 232
364403 5 100
369429 4 320
369431 3 234
369435 4 663
369447 3 259
369527 1 193
369583 3 206
369586 6 105
369589 19 876
369595 2 90
369677 4 93
369753 3 176
369758 1 122
369832 10 830
369881 10 2118
369981 1 106
369995 27 1066
369996 4 427
369998 4 923
370000 8 109
370074 1 222
370133 1 436
370207 1 258
370244 2 519
370350 18 539
370351 6 481
370364 2 186
370399 4 999
370412 7 770
370454 3 311
370516 7 361
370525 5 1576
370680 11 518
370700 5 234
370731 6 339
370732 9 602
370785 10 829
370879 2 329
370890 1 1461
370908 7 156
371024 1 369
371037 2 167
371040 4 230
371216 3 168
371233 10 455
371253 5 288
371274 1 155
371281 2 112
371417 5 376
371627 2 213
371671 9 1194
371674 8 899
371715 9 1088
371721 1 4737
371731 5 498
371742 1 69
372026 1 1195
372117 6 669
372228 3 341
372406 1 14595
372411 3 2791
372600 1 251
373542 1 268
373834 1 44460
374111 3 1341
374300 3 3673
374324 1 1158
374458 1 614
374505 3 1572
374974 2 12901
374994 3 13993
374995 13 4000
377811 1 1669
378436 1 1152
379016 2 333
380311 1 445
381605 3 120
381773 4 542
381988 2 4173
382164 1 305
382177 4 184
382401 8 302
382412 1 222
382488 10 331
382578 4 1216
382678 4 1772
383053 1 212
383060 2 541
383109 1 946
383111 3 2314
383208 1 131
383209 2 185
383277 1 5672
383279 2 371
383345 6 1163
383473 1 1271
384518 1 549
385700 15 360
386161 1 1871
388732 5 366
388940 2 154
389516 3 128
389704 5 258
390657 1 184
391198 1 196
391559 2 969
391587 1 112
391623 7 433
391626 3 335
391638 4 392
391687 1 538
391695 14 1385
391696 4 362
391775 4 719
391840 7 374
391841 6 605
391932 3 115
391933 4 209
391935 2 109
392024 5 172
392103 2 80
392107 9 422
392108 5 485
392109 5 562
392146 17 670
392148 1 560
392218 1 159
392228 3 149
392239 6 2083
392268 5 384
392325 7 738
392326 2 223
392344 2 189
392367 2 542
392416 1 197
392436 1 174
392459 21 2040
392461 1 82
392463 14 1364
392514 6 955
392555 2 491
392557 2 429
392585 1 869
392638 2 147
392639 2 152
392674 8 701
392710 15 1357
392716 8 897
392798 6 331
392799 5 735
392802 1 164
392808 5 117
392809 6 410
392856 13 494
392867 2 95
392871 1 81
392872 4 152
392873 2 325
392903 13 371
392904 4 273
392905 3 456
392979 1 365
393036 4 181
393040 1 123
393045 2 181
393046 2 377
393165 7 1299
393207 2 205
393239 1 263
393243 3 1496
393270 4 731
393293 2 308
393349 1 516
393363 1 437
393415 12 1069
393416 2 102
393419 7 962
393430 5 1023
393446 19 1819
393518 4 633
393550 4 30891
393977 2 434
394011 1 1908
394574 1 449
394898 18 26758
395124 3 153
395242 8 23266
395640 8 17885
395816 2 885
395950 1 1711
396014 3 959
396027 2 916
396039 2 513
396062 6 1419
396064 2 1107
396076 1 953
396128 4 522
396131 1 701
396137 15 2749
396138 108 2729
396139 14 3722
396148 1 1500
396149 3 3367
396165 1 753
396188 3 1709
396189 3 1275
396245 3 2230
396258 3 38258
396772 1 792
397045 4 110
400771 14 1079
402550 3 594
403239 1 638
406182 5 418
406475 6 377
410243 1 418
410933 10 444
411292 1 959
411337 1 511
412252 20 491
412302 6 597
413314 9 413
415502 13 1217
416118 2 1484
416189 30 582
416456 5 83
416460 1 883
417021 3 194
417145 13 506
419141 6 245
419358 26 672
420321 16 305
421522 5 318
422238 3 96
422316 27 478
424231 24 767
426046 2 390
428321 7 904
429114 7 827
431322 9 432
432500 19 391
432918 2 529
436421 2 371
437007 4 119
437014 11 929
440013 4 486
441143 1 699
441436 37 778
441602 2 562
441638 4 1508
442158 3 309
442358 3 258
442359 3 151
442451 11 719
443020 2 216
443316 1 235
444133 4 1130
445727 5 618
447687 10 548
449489 3 94
449567 14 1057
454896 11 456
455786 11 800
456020 1 382
456090 14 571
457406 17 713
464086 2 464
465234 4 87
467365 26 699
468859 5 716
469141 1 1134
469487 13 1154
469835 1 803
470064 2 895
471311 1 515
471509 1 619
471676 1 599
472157 1 347
472240 1 448
472543 1 687
474487 1 844
474979 16 394
475360 1 674
476787 12 572
476788 1 557
477326 1 403
478103 12 436
479432 1 923
481119 1 703
481281 1 786
481320 5 932
481455 1 116
481494 1 787
482794 6 2136
482889 8 233
484098 20 473
484229 4 1462
484373 11 553
485323 1 290
486314 2 154
487625 1 1615
487867 8 225
488880 18 766
489026 1 1085
489123 15 480
489414 1 456
490786 2 76
494133 29 671
494367 1 726
494598 87 2455
495599 14 483
496366 5 262
496575 1 832
496916 7 114
499430 1 1585
499511 9 486
500044 5 140
500861 2 170
502383 5 64
505290 4 1168
506423 8 563
506804 13 632
507763 29 1380
508951 11 511
509111 4 278
509995 17 859
510363 1 1545
510662 21 712
512373 8 435
522018 4 611
522562 3 61
523255 1 485
523258 10 1103
523999 28 1289
524779 10 176
524877 1 196
525672 1 1133
525683 1 1084
525916 3 122
525965 1 898
526774 1 46
527395 1 749
527417 1 602
527939 1 663
528005 3 340
