369 1 300
2208 2 661
2210 1 367
2226 2 312
2227 1 318
2995 1 317
3429 1 455
3737 1 526
3820 1 315
4532 1 456
7589 1 249
10344 1 139
10912 1 413
10994 3 406
11740 1 594
11748 1 254
12824 1 532
13035 1 325
13183 1 497
14927 1 443
15467 2 234
16012 1 529
19139 2 731
19536 1 542
21687 1 649
21864 1 436
24114 4 292
24115 2 258
24117 1 262
24421 3 476
24423 1 538
24972 2 652
25152 2 327
26459 1 377
26826 4 449
27446 1 385
27688 1 231
28574 1 462
28630 1 607
28850 2 422
29098 1 453
32326 1 687
32749 1 341
33815 1 629
33816 2 709
33985 1 646
34889 1 347
35650 1 659
37546 1 413
38447 2 450
38784 1 366
38786 1 441
38961 1 433
39577 1 485
41385 1 361
41687 1 317
42917 1 320
42918 1 266
44880 2 246
46628 4 287
46630 4 452
48805 1 611
55371 6 52248
55818 1 162
56411 2 528
56774 1 528
56823 1 117
56847 3 702
56905 1 464
58141 5 464
58145 1 1001
58158 1 201
58377 1 159
58885 1 211
59011 1 603
59456 1 351
59559 1 569
59715 1 678
60661 1 484
60681 2 733
60788 1 213
60848 1 81
62242 1 614
62911 3 414
62915 1 147
63046 1 610
64475 1 609
65655 4 319
66372 1 276
67083 5 750
68051 1 487
69986 1 786
74380 2 765
75913 2 430
76649 4 795
77325 2 124
77827 1 153
80633 2 439
83895 1 183
84201 1 567
84729 1 653
85222 2 726
88637 1 77
88750 1 109
88850 2 503
90590 1 529
93274 1 442
94651 1 130
94770 1 105
95762 4 231
96689 1 128
97013 3 203
97516 2 507
98507 2 741
98657 4 507
101032 1 518
102141 2 116
103445 5 341
106322 2 307
107691 2 676
108033 1 308
108720 1 503
110848 1 209
110995 2 881
112272 4 550
112525 3 315
112860 1 313
113031 1 492
113032 2 594
113118 3 466
113120 4 485
113934 1 423
114043 5 530
114325 1 259
114346 2 500
114393 1 287
114402 2 94
115055 2 167
115620 1 150
115892 1 619
116296 2 209
116439 1 391
116785 6 722
118117 2 516
118385 1 611
119238 1 478
119883 1 316
120726 1 134
121328 4 461
121349 1 610
121757 4 575
122789 3 409
124022 4 513
124451 4 478
124574 2 774
124725 3 276
125563 24 587
125835 2 753
126725 1 167
126988 2 452
127017 1 228
127270 2 657
129427 3 768
130254 2 482
131062 1 165
131327 4 376
132089 1 490
132813 1 502
133044 1 702
133907 1 289
135065 1 858
135865 22 629
136326 2 606
137651 1 727
138976 1 279
138981 1 169
141006 1 252
141238 1 179
141350 2 720
142292 1 382
142517 1 498
144388 2 758
144581 1 706
144720 1 170
144985 2 503
145448 2 471
146148 1 154
146367 1 215
147174 1 85
147292 1 397
147385 1 745
148862 1 752
150486 7 412
151486 1 843
154566 1 722
156237 16 806
156376 1 177
156546 1 686
156857 1 279
157325 1 304
158770 1 347
158869 2 314
159590 2 207
159850 1 446
160522 1 187
160528 3 492
162805 1 650
163265 1 602
163688 1 245
163855 1 497
166232 1 230
166910 2 261
167007 1 763
168579 1 357
168812 1 116
169271 1 501
170193 1 196
170338 3 337
173844 10 367
174709 1 491
175674 1 383
176248 5 442
176812 5 300
176876 1 169
177053 1 170
177058 1 242
178119 2 204
178127 1 216
179693 1 699
180025 1 280
180039 1 100
180041 2 108
181996 1 795
182396 5 531
182771 1 744
182955 1 348
183005 3 507
183862 4 322
184737 1 787
184755 3 628
184809 2 1064
185038 1 430
187372 1 780
187569 2 441
187898 1 163
189488 1 604
190591 1 225
190625 2 592
190718 1 694
191921 5 546
192403 1 537
194795 1 68
194887 1 243
194937 1 226
195171 1 247
195416 2 509
196285 3 416
196287 5 665
199985 1 625
200032 1 392
200968 2 676
201779 1 335
202045 3 435
202542 2 580
202696 2 553
203081 3 1101
203769 3 497
203948 2 430
204494 1 517
204879 1 311
204896 3 568
205449 1 591
206383 7 904
207721 1 839
209045 1 453
210071 2 735
211209 1 156
211218 1 504
211970 1 644
212211 1 326
212351 3 343
213967 1 513
214336 4 238
214539 1 612
214906 1 364
215603 3 231
216715 1 200
217149 1 619
218284 3 534
218435 2 509
218571 6 841
219111 3 735
219114 1 385
220258 3 248
220719 4 570
222889 1 106
225202 1 508
225274 1 805
226662 1 320
228777 3 202
228895 2 512
229239 1 156
229366 2 510
231223 2 478
231444 1 682
231446 1 583
231450 3 327
232262 1 675
232409 3 385
233462 2 764
233595 3 617
233774 1 126
233919 1 182
234349 1 236
235331 2 373
238177 1 190
238197 1 482
238431 5 514
239237 3 377
240974 1 533
241604 1 1037
241753 1 226
241857 2 311
241909 2 503
241911 1 492
242430 6 555
242946 1 336
243118 2 649
243528 2 576
244050 3 401
244253 1 98
245498 1 272
245502 1 164
245551 2 276
246209 2 733
246211 2 651
247596 1 447
247957 2 782
248841 5 402
248958 5 322
249504 2 682
249894 1 988
251404 3 719
252568 1 521
252834 1 331
253045 18 1199
254305 1 393
254623 5 860
254625 2 443
255270 1 770
255383 2 291
255644 1 94
256905 1 294
257677 3 499
258836 1 570
259599 1 507
264305 3 290
264650 1 1208
267033 1 2148
267362 2 1150
267367 1 240
267530 1 185
267545 1 750
267778 1 5216
267795 1 1930
268028 7 3609
268080 1 1956
268333 2 356
268340 1 266
268544 1 491
268585 2 2656
268593 1 328
268597 1 1089
268700 1 1236
268705 1 927
268726 2 747
268848 1 553
268852 1 418
269591 1 675
269686 3 1787
270482 4 1112
270544 1 791
270546 2 282
270566 1 826
270890 4 2870
271082 4 863
271151 4 561
271152 3 433
271258 2 1713
271429 7 6214
271692 1 1068
271915 1 443
272671 1 4397
272718 1 167
273002 2 957
273197 1 341
273399 1 476
274602 3 2243
276078 2 5007
276292 1 3523
276750 1 1833
277474 1 290
277614 1 185
278386 4 440
280122 1 810
280538 2 1155
280619 8 11500
284505 1 1295
284525 3 361
286117 1 966
286308 1 1038
286687 2 3175
286919 5 930
286980 4 2698
286983 4 437
287049 5 2008
287455 2 1380
287887 1 615
288871 2 954
289303 1 1364
289387 1 2845
289445 1 2374
289488 1 239
289505 1 801
289628 1 713
289698 3 757
289863 5 854
290209 1 618
290227 1 1096
290466 2 7226
291458 1 623
291914 1 467
292010 2 1541
292178 1 1517
292222 1 922
292234 1 889
292264 1 442
292269 1 646
292277 4 1911
292400 6 977
292505 2 2460
292516 1 738
292622 1 918
292725 2 902
292732 2 697
292742 3 2010
292746 5 3411
292828 1 699
293054 1 207
293307 1 4234
293610 3 544
293611 6 628
293759 1 1153
293837 4 968
293977 2 163
293991 2 1015
294098 1 1903
294295 1 208
294528 2 252
294542 1 460
294549 1 362
294967 2 7544
295235 1 436
295682 1 526
295953 1 330
297900 1 3097
297942 1 1523
298007 1 1523
298577 1 460
298680 1 473
299064 1 251
301015 1 2660
301051 2 226
301510 1 251
301865 2 18367
302123 1 855
302605 1 124
303509 1 417
303710 1 990
303734 12 25485
304203 1 623
304472 1 386
305003 4 1383
305874 4 5512
305916 4 4660
305923 6 5770
305939 1 1233
305977 1 3942
305981 2 4277
306241 3 273
306246 1 430
306417 5 885
307439 1 990
308186 40 36306
308187 8 51551
308271 1 2057
308274 3 1186
308471 1 2454
308560 1 680
308632 2 2968
308772 4 2076
308790 1 1697
308810 4 2076
308816 2 1535
308828 1 1697
308872 4 908
308873 1 507
308935 1 1352
308989 1 1352
310182 1 1284
310224 3 2678
310249 1 4923
310314 3 1266
310410 2 1146
310412 1 827
310652 1 418
310737 3 906
310834 1 797
310868 1 481
310994 1 1050
311166 3 837
311214 1 3439
311266 2 1118
311607 2 1973
311608 1 1719
311849 1 243
311865 1 1377
312022 2 863
312030 5 882
312078 2 3899
312128 1 1383
312154 3 4518
312204 1 498
312281 1 167
312308 1 707
312362 2 898
312380 2 1774
312383 2 3321
312401 2 5388
312499 1 149
312588 3 1566
312738 1 260
313246 1 624
313386 2 265
313946 1 1313
314367 1 598
314368 1 219
314501 1 228
314645 1 744
315267 1 133
316297 1 5294
316807 3 786
317184 1 2717
317185 1 3071
317188 1 176
317197 1 436
318974 3 193
319189 1 207
319382 1 329
319578 1 3245
320196 2 576
320639 1 112
320932 1 120
321467 1 218
323248 2 204
325063 1 2727
325112 6 2173
325169 1 4914
325278 1 3456
325285 5 1713
325286 1 703
325307 3 782
325537 4 4579
325539 7 6072
325542 4 3842
325610 1 1408
325624 1 4590
326129 41 67196
326496 1 435
326831 3 3858
326877 2 2195
326881 1 2766
326884 1 3401
327094 1 3381
327122 1 16929
327123 1 16927
327140 1 1174
327144 2 3260
328879 1 349
328898 10 2278
328903 1 1230
329058 1 387
329208 1 9390
329209 2 5843
329226 2 8776
329290 1 453
329304 3 543
329401 1 3738
329403 2 1808
329407 6 7463
329408 1 1286
329412 1 7792
329415 1 1582
329417 2 4601
329493 3 7227
329568 1 4961
329779 1 1120
329804 1 7586
330099 3 6898
330324 1 1971
330731 1 831
331116 1 391
331259 43 1184
331310 1 488
331432 1 8083
331454 1 439
331679 3 425
331684 2 324
331958 1 458
332181 3 7521
332298 1 266
332376 1 178
332432 5 2585
332498 1 228
332532 4 1546
332540 1 266
332714 8 4448
333128 1 1533
333308 1 493
333908 1 1219
334290 1 2680
334371 1 2079
334541 3 1069
335415 1 272
336862 2 1187
338119 1 168
338191 1 640
338201 5 1164
338738 1 158
339619 2 261
340903 2 380
344007 1 329
344091 1 852
344437 1 161
344999 1 161
345426 2 1778
345598 1 688
346412 1 680
347457 1 2912
347802 1 390
347837 2 63219
347840 1 542
347995 4 823
349580 1 906
349588 12 4254
349658 2 1312
349876 1 1184
349877 3 1995
350039 1 1010
350153 1 1027
350223 1 2099
350297 4 1172
350298 1 867
350403 2 1652
350443 1 1209
350477 1 4214
350609 1 1509
352317 1 2997
352527 1 544
352550 1 572
352624 1 388
352814 8 135
352819 1 686
352929 1 2417
352941 1 2417
353041 1 2468
353049 1 1521
353050 3 2703
353095 1 1425
353367 1 3964
353747 1 469
353750 1 259
354238 3 3820
354319 2 1758
354348 1 666
354350 1 2759
354673 1 1380
355005 1 451
356084 2 1311
356156 1 268
356243 1 100
356462 14 1242
356482 14 1242
357290 3 338
357323 3 5269
357380 1 2253
357835 1 763
358642 1 720
358730 1 178
359152 4 9815
359178 2 1091
359420 1 756
360054 1 1505
360159 2 595
360507 3 2484
360660 1 2514
361055 1 826
361413 1 839
361461 2 273
361676 2 571
361878 1 144
361880 1 1542
362539 2 378
363688 3 822
364175 1 158
365109 1 267
366589 1 268
367370 2 343
367481 1 2506
367736 1 108
368597 1 396
368876 2 214
368922 1 470
370094 2 1419
371240 2 438
371289 1 1788
371772 1 4220
372280 11 5317
372400 1 399
372917 1 1545
373121 1 230
373825 1 1849
373833 1 2448
373834 25 44460
373911 1 763
373930 1 1496
373944 1 1557
374014 3 80805
374094 1 532
374128 2 4783
374246 1 1232
374381 1 2931
374472 1 635
374489 1 1941
374962 3 795
376192 1 541
376446 1 336
376521 1 544
376526 2 1351
376566 1 354
376610 2 7750
376629 1 2261
376822 1 7531
377363 1 869
377679 1 3690
378045 2 1346
378050 1 942
378454 2 766
378544 1 356
378689 1 283
379165 1 344
379352 2 318
379683 1 173
380121 1 401
380309 1 172
380622 3 1521
380798 3 1483
380959 4 1604
382107 1 192
382206 1 297
382334 1 188
383106 1 283
383739 1 1496
384189 3 439
384552 1 456
384651 2 5256
385182 1 2730
385486 2 6673
385828 5 861
385872 6 606
387923 1 457
387958 3 620
388302 1 554
388990 1 394
390253 1 647
391299 1 177
391706 1 746
391824 1 487
393164 1 425
393526 3 8178
393597 1 1341
393629 1 327
393634 1 1259
393673 8 10585
393675 2 704
393747 2 58177
393764 4 2086
393993 1 1799
395620 1 1540
395776 5 2404
395783 1 1314
395785 2 1055
395805 1 1969
395810 4 5761
395836 1 4836
395849 4 1724
395856 1 617
395884 1 1454
395916 1 732
396253 2 881
396396 1 1010
396469 1 1636
396521 2 865
397356 2 863
397579 1 657
397916 3 892
397953 13 945
398019 2 1030
398046 1 1608
398394 1 293
398424 1 932
398457 1 193
398462 1 141
398597 1 1024
398676 1 1024
398780 4 508
398939 1 293
398984 10 446
399132 1 973
399140 1 393
399333 1 292
399549 2 536
399574 1 119
399602 2 487
399950 1 551
399990 2 318
400036 1 433
400140 2 943
400341 1 568
400574 1 113
400624 1 984
400829 2 640
400913 2 17082
400919 1 623
400922 3 610
400968 1 970
401004 1 2189
401063 1 820
401222 3 182
401436 3 893
401768 1 1929
401828 2 551
402334 1 463
402705 2 189
403186 2 471
403342 1 438
403347 1 1365
403551 1 324
403683 1 445
403741 1 1302
403759 1 340
404755 1 1052
404806 1 621
404832 5 1079
405420 1 662
405464 3 280
405494 1 687
405527 1 469
405528 1 174
405606 1 867
405647 1 573
405658 1 3015
405718 3 598
405824 1 210
406548 2 305
407791 2 412
408748 1 864
408789 3 751
409042 2 525
409073 5 1032
409471 1 233
409480 1 130
409826 1 245
410266 1 1628
410509 1 628
410654 1 264
410724 1 443
410801 2 1019
410888 1 55
410965 1 890
411022 1 880
411029 7 1123
411078 3 601
411489 1 27
411930 6 505
412072 3 160
412074 1 149
412716 1 136
412733 2 175
413748 3 98
414111 4 445
414505 2 854
415029 1 43
415203 2 435
415649 1 400
415653 1 3455
415683 3 743
415902 1 409
416220 3 1161
416905 1 188
416960 1 405
417109 2 833
417634 1 1162
417660 2 709
417792 1 415
418102 1 71
418232 2 1172
418278 1 954
418390 2 1597
418734 2 419
419074 2 833
419088 6 785
419124 9 593
419132 6 778
419448 2 554
419516 1 417
419900 2 288
421764 1 511
421946 1 286
422317 1 622
422541 1 208
422722 1 111
422782 11 805
422871 2 630
422965 1 233
423478 1 158
423610 1 982
423814 2 1284
423944 1 540
423947 1 866
423958 2 1364
423990 1 174
424104 1 1028
424258 4 751
424261 1 620
424503 2 199
424863 1 82
425323 1 446
425350 5 488
425406 1 35
425501 1 101
425594 5 622
425847 1 353
426061 3 1520
426262 1 835
427009 1 39
427151 2 339
427542 1 674
427898 6 411
428431 2 908
428464 2 613
428632 1 1472
428644 2 707
428705 4 1184
429028 1 89
429712 1 320
429716 1 55
430208 3 431
430269 1 755
430323 1 570
430630 2 447
431037 1 116
431509 1 36
432053 2 660
432063 2 534
432658 1 765
432666 1 190
432748 1 880
433846 2 417
433946 7 387
434015 1 1655
434107 2 257
434667 1 878
435058 2 1065
435297 3 566
435307 2 737
435659 1 80
436176 1 115
436867 3 473
437531 3 833
437777 1 86
438752 1 80
439327 1 84
439762 2 616
439828 1 458
439950 2 416
440294 4 734
440301 1 825
440435 1 811
441044 2 259
441533 1 5725
441581 1 99
442122 2 632
442144 10 839
442693 1 55
442808 6 815
444380 1 1481
444785 3 610
444975 1 49
445186 1 395
445544 1 531
445582 2 589
445803 1 85
445974 2 420
446193 1 356
446512 1 318
446619 4 1323
446785 2 739
447989 2 541
448888 1 68
448890 1 110
449187 1 965
449195 3 581
450049 7 1209
450405 2 53
450416 2 194
451159 1 593
451204 1 455
451356 3 459
451473 2 481
451699 1 617
451896 1 289
452687 1 419
453188 10 816
453602 2 642
454188 1 638
454258 10 1125
454264 1 817
454354 11 733
454499 1 233
454514 1 735
454639 1 564
454706 1 873
454836 1 111
454954 10 525
454977 2 61
455107 1 113
455361 2 396
456102 4 832
456267 2 138
456367 1 123
456619 9 424
456855 6 1354
457104 1 1123
458471 5 475
459358 2 448
459709 1 1102
459714 1 147
460305 1 323
460522 1 1643
460816 1 469
460999 1 130
461034 1 538
461601 2 456
461782 1 235
462060 5 1061
462067 3 97
462320 8 896
462916 1 111
462999 1 138
463452 2 38
463583 1 795
463881 3 166
463926 1 535
463954 2 131
464050 1 710
464708 2 773
465570 2 1543
465728 1 269
465913 2 439
466262 3 379
466350 1 803
466355 1 1321
466359 3 1075
466471 3 3403
466587 2 158
466594 3 718
466839 2 1047
466989 8 550
467160 1 40
467654 4 248
467682 8 668
468511 3 975
469467 1 116
469536 2 109
469543 1 488
469546 1 203
469664 2 371
469736 1 1009
470542 2 545
471074 1 147
471077 1 436
471455 10 375
471684 2 745
472236 1 1202
472975 2 640
472980 3 612
473600 2 80
474145 3 585
474391 1 122
474892 1 103
474955 2 1080
475941 3 248
476292 3 176
476471 1 694
476676 1 481
476700 2 485
476715 1 554
476763 1 620
476890 1 281
476973 1 821
477008 2 305
477055 2 203
477160 1 842
477166 1 1034
477949 1 388
477969 1 420
478083 2 599
478502 1 526
478647 1 529
478759 1 235
478904 2 2131
479012 1 545
479250 2 1193
479464 1 806
479568 1 29
479667 1 583
479791 2 763
479847 2 615
479961 1 459
481020 1 508
481024 1 631
481088 2 143
481358 3 619
481471 2 984
481678 2 791
481808 2 437
481921 1 1095
482203 3 81
482766 1 537
482874 2 917
483162 1 512
483530 1 443
483653 2 1992
483825 1 1111
485027 1 523
485403 2 561
485516 1 603
485773 2 101
485908 1 50
486578 6 759
486760 1 577
486997 1 113
487137 3 515
487399 2 393
487698 1 466
487735 8 350
488686 1 86
488724 1 1793
488772 1 544
488864 4 117
488867 1 159
489479 1 526
489488 3 759
489827 1 148
489830 2 226
490041 1 133
490182 2 1302
490677 3 1142
491069 2 443
491142 1 1095
492087 2 81
492808 1 177
493049 4 230
493287 56 1188
493303 17 293
493605 34 909
493759 2 1387
493811 11 379
494367 2 726
494539 3 388
494829 1 594
495048 2 826
495678 2 440
495926 1 141
496430 2 64
496436 2 4282
496525 1 1362
496555 14 1413
496595 2 1056
496640 1 676
496749 2 848
496824 3 234
496891 1 992
496927 1 352
497007 1 297
497055 3 360
497855 1 587
498224 1 659
498709 2 678
498748 8 246
498935 3 848
498998 1 56
499144 1 384
499313 2 1321
500076 2 468
500157 1 82
501373 2 622
501574 2 735
501840 2 469
501885 4 871
502428 2 775
503437 1 401
503841 5 405
503881 4 460
504732 3 556
505420 3 276
505474 1 126
506017 3 625
506576 1 442
506805 1 1379
506923 1 102
506983 1 972
507392 1 1088
507409 1 756
507494 1 878
507582 1 431
507717 1 43
508639 2 690
508934 2 1162
509145 1 508
509630 7 920
509822 1 39
510021 2 540
510133 1 47
510219 2 188
512245 2 587
512370 1 813
512633 1 1634
512642 3 380
512660 1 1358
513018 5 244
513767 1 373
514520 1 773
514548 7 751
514852 5 376
515393 3 387
516036 1 704
516417 1 823
516418 2 1149
516540 1 225
516590 1 887
516840 1 415
516878 1 295
517011 1 554
517046 1 548
517331 5 561
517774 1 86
518121 1 398
518965 1 699
519429 1 415
519656 1 98
519947 4 277
520086 1 674
520314 2 552
520315 3 421
520681 3 553
520734 1 411
520824 3 393
521423 2 512
522067 2 107
522491 1 176
522769 1 950
523135 2 1635
523200 1 1248
523370 1 363
523371 3 1003
524321 1 44
525020 7 366
525192 2 293
525409 1 1155
525606 1 2915
525761 2 304
526096 5 447
526254 1 380
526431 1 104
526460 4 1169
526513 1 93
527119 1 338
527185 2 444
527200 2 216
527497 1 158
527630 3 468
528077 1 840
