58093 5 599
58801 2 330
61992 2 34
64378 8 183
66066 2 276
66875 1 401
67530 10 326
68168 3 296
70996 2 233
71946 1 250
72413 1 239
72576 1 162
72997 5 230
73247 4 308
74136 2 262
74209 13 866
74357 6 335
74686 4 365
74784 6 378
74863 4 356
75072 3 329
75564 1 202
77740 2 90
77929 2 417
78454 16 922
78579 3 139
79040 9 535
79093 3 245
79245 4 107
79969 5 364
80213 12 467
84053 4 545
85817 4 187
86154 3 371
87636 3 382
89319 2 468
91159 3 393
92611 2 678
92652 3 80
92853 1 37
93661 7 236
93750 5 372
94992 2 343
95425 2 115
95785 3 275
95844 5 231
95976 12 307
96379 3 267
96754 5 472
97588 2 315
97814 2 372
100014 8 431
100616 2 93
101497 3 158
102713 3 216
102831 2 272
103521 8 549
104140 5 295
105937 5 347
106292 2 182
108077 7 224
109087 10 343
109194 3 205
110537 7 169
110825 6 292
112913 1 248
113285 3 252
116173 2 223
116425 3 270
116873 8 286
116977 7 335
118679 18 454
118752 5 103
119402 8 290
120512 4 230
120747 3 229
120952 3 67
121052 13 512
121136 3 69
121243 4 217
121309 4 160
122714 5 327
123463 2 161
123931 4 288
124796 6 206
125419 1 168
126228 6 230
126277 5 302
126507 8 294
126850 1 52
127075 3 207
131455 2 114
133048 1 640
133086 2 283
133227 4 333
134405 5 342
136030 2 325
137576 1 261
138134 5 547
138548 7 712
138731 2 275
139087 1 282
139263 7 314
139428 6 366
139619 4 249
139810 8 274
139996 1 452
140001 5 165
140527 2 296
143029 1 167
144519 1 175
144545 7 271
144689 7 267
144914 4 168
145172 6 298
145173 4 276
145392 4 297
145394 5 283
146957 2 332
147840 1 316
148138 2 291
149017 5 327
149546 1 212
150037 2 190
150255 3 298
150560 6 281
150756 15 532
151046 1 281
151047 1 354
151049 3 423
151357 12 448
151479 1 328
151599 5 409
151799 3 531
151806 2 382
151994 4 357
152299 7 344
153104 3 274
153109 3 292
154269 2 287
154399 2 326
154400 4 200
154401 3 533
155117 1 385
155780 1 270
155787 1 281
158816 1 243
159011 2 244
162367 1 246
163703 1 55
163805 2 360
165505 1 172
167502 1 370
168580 4 733
169374 1 322
169602 1 206
169603 1 233
171184 4 311
171364 1 316
171571 2 206
172109 3 98
173080 4 255
173419 2 266
173678 10 398
173926 3 233
176377 3 189
176381 5 395
177370 2 383
179665 3 632
179671 1 226
180311 2 280
183123 5 164
183657 4 331
184379 7 388
184921 2 121
186568 2 267
187723 1 145
188357 7 327
188494 5 161
188499 2 63
188634 6 215
188658 1 42
188919 1 347
191977 7 398
192161 4 345
193642 1 271
194266 2 267
195186 2 245
195357 4 426
196258 1 496
196378 1 351
196501 1 271
196852 2 484
197825 1 379
198085 3 474
198483 1 132
200303 6 319
205778 1 283
211104 3 325
212046 2 381
213826 1 122
218673 2 291
221568 8 290
223456 6 501
225249 1 211
225950 2 315
226433 5 351
231776 2 120
233261 5 253
233456 2 126
234012 4 515
234998 11 477
235376 1 116
235614 5 417
236373 11 385
237334 7 446
237511 6 294
238065 1 320
238491 2 107
238872 4 228
241512 4 299
241825 3 235
246731 1 292
248129 4 319
250188 3 348
250715 7 484
252073 10 273
254143 5 205
254413 3 361
254879 1 286
255127 1 323
256388 1 266
256623 1 195
257454 7 344
257664 5 376
261733 16 485
261985 3 258
262361 2 158
265789 8 3328
265823 4 660
273584 5 756
273592 3 105
274058 9 403
274059 2 2826
274088 3 155
274160 4 226
274161 4 163
274172 6 173
274318 1 205
274452 3 220
274512 4 185
274513 3 154
274514 5 97
274604 1 101
274691 4 185
274704 3 230
274965 3 553
275047 3 214
275048 12 478
275144 1 126
275202 6 416
275456 3 230
282263 2 150
286479 4 985
286519 3 713
286528 6 1145
286529 6 266
286564 2 871
286573 1 662
286578 6 359
286617 8 494
290420 9 1345
290433 7 289
292668 3 179
296006 5 288
296218 8 1504
296221 3 118
296393 3 96
296532 4 737
296549 2 180
296550 4 324
296568 15 1123
296692 4 125
296871 2 136
296872 2 69
297038 2 322
297134 2 112
297135 1 100
297136 1 88
297257 3 129
297263 1 143
297389 2 70
297465 1 250
297512 3 194
297613 5 233
297671 5 160
302411 3 987
302786 2 386
304992 3 191
304998 5 196
305302 5 210
305464 1 289
306090 16 1518
308925 3 480
308979 3 480
314722 3 743
314822 7 6501
314851 3 675
314977 1 284
314992 1 169
314996 2 163
315036 1 236
315117 1 290
315513 1 128
315516 5 197
315621 3 152
315636 6 221
315690 2 193
315732 7 506
315734 7 314
315758 1 537
315777 5 322
315854 4 214
315855 5 202
315856 3 108
315857 3 98
315858 6 622
316046 1 117
320817 5 1385
324378 4 89
324725 8 829
325266 5 1717
327370 6 445
327383 7 338
327387 3 438
327400 5 549
331203 1 181
334845 1 118
334875 2 875
334904 8 515
334930 3 76
334986 1 297
335002 1 1119
335062 5 341
335110 5 155
335111 1 131
335115 6 212
335136 2 282
335161 4 372
335211 7 265
335237 4 1034
335361 8 764
335572 2 175
335580 8 317
335581 8 307
335742 7 262
335859 1 84
335860 1 98
335862 3 1395
335877 2 119
335980 5 234
336002 4 322
336006 4 138
336007 6 163
336009 16 1481
336074 6 271
336075 5 314
336076 6 1071
336170 1 123
336171 17 526
336339 6 482
336501 2 203
336511 3 382
336578 4 133
336655 9 333
336656 10 496
336657 7 377
336658 3 215
336701 1 120
336708 2 541
336888 7 226
336954 2 707
336998 1 574
343731 3 118
343904 4 168
343906 4 210
343907 6 391
343908 3 78
343909 1 121
350458 1 485
350486 16 935
358181 4 140
358200 9 5800
358238 3 435
358340 4 739
358341 5 138
358490 1 869
358514 3 833
358680 16 457
358724 1 303
358747 1 712
358791 1 365
358920 1 146
358922 4 276
359012 8 223
359177 1 870
359178 4 1091
359326 4 118
359327 4 544
359437 2 251
359476 5 1356
359599 7 177
359705 13 817
359898 6 199
359899 9 1004
360043 4 235
360047 5 127
360048 8 240
374989 9 269
382200 4 238
382202 2 346
382340 1 210
382393 5 391
382451 1 2835
382803 4 163
382804 4 82
382858 8 1209
382876 7 280
382877 4 175
382878 4 80
382879 6 241
382897 1 214
382916 5 1433
382941 6 169
382942 6 152
382947 12 315
383216 4 547
383237 4 141
383277 1 5672
389934 3 125
402927 7 636
403864 2 545
454916 2 482
456749 5 778
519901 2 425
520702 6 431
521343 8 660
521408 1 169
154399 4 326
176377 1 189
176381 1 395
186568 1 267
197825 1 379
221568 1 290
223456 1 501
234998 1 477
250715 1 484
265789 1 3328
274428 1 155
274921 1 276
275376 2 201
296218 1 1504
296768 1 213
297585 1 185
306112 1 1924
314822 1 6501
334972 1 171
335076 1 338
335765 1 216
335862 1 1395
335921 1 274
336109 1 206
336123 1 238
336137 1 133
336734 1 411
358179 1 213
358340 2 739
358447 1 190
359437 1 251
359476 2 1356
359990 2 460
381881 1 223
382685 1 235
382687 1 133
383216 1 547
410005 1 496
170 1 494
55856 1 76
56582 4 164
56824 2 195
57770 6 332
57897 9 333
58527 3 249
58705 1 62
58744 1 346
58801 2 330
61299 1 472
61300 1 734
70996 2 233
74686 1 365
74863 1 356
78899 2 294
91159 1 393
105144 1 225
176377 1 189
176381 1 395
186101 1 48
221568 1 290
223456 2 501
234998 1 477
250715 2 484
252824 2 772
257454 12 344
259542 1 317
265789 1 3328
265859 4 5419
265861 4 5419
274059 1 2826
274298 2 241
274516 1 552
274627 1 274
274965 1 553
281086 1 217
281142 1 85
286479 1 985
286528 1 1145
286564 2 871
286573 3 662
286652 5 204
290256 3 30074
296218 1 1504
296435 2 226
296592 2 362
296672 3 152
296936 1 411
297245 1 171
297511 1 163
297652 1 83
303784 1 434
308167 1 695
314235 1 389
314977 1 284
315611 3 226
315676 2 220
315758 1 537
316058 2 405
322331 3 1667
322365 1 107
325262 1 457
325266 1 1717
325690 2 2398
327370 1 445
334892 1 339
334904 14 515
335048 1 316
335215 1 810
335862 2 1395
336009 1 1481
336076 2 1071
336339 1 482
358333 1 634
358340 3 739
358480 4 186
358724 3 303
358747 1 712
358791 2 365
358922 9 276
359013 1 876
359053 3 1590
359081 2 130
359209 2 446
359228 2 164
359437 1 251
359476 5 1356
359899 4 1004
381927 4 66
381986 2 3213
382185 2 463
382547 1 199
382628 2 388
382689 3 422
382858 1 1209
383216 1 547
383246 1 232
383277 4 5672
399651 14 349
401037 2 118
402730 4 92
454916 4 482
456749 1 778
457131 1 610
459844 1 703
519901 1 425
