9910 3 699
9911 3 516
9913 3 492
9915 3 439
9916 4 422
9917 3 576
9918 9 539
9919 2 321
9920 3 451
9921 4 524
9972 12 1951
17207 1 604
24544 1 548
40843 1 367
51331 1 184510
65118 1 55
65679 1 403
66651 1 99
68149 1 352
69935 1 609
72314 1 96
72681 1 824
73921 1 137
74227 1 1786
77444 2 470
77445 1 156
77979 14 480
79014 2 517
79888 2 653
80331 1 612
81829 11 327
83042 1 1179
83456 1 1243
84214 1 68
84421 1 4541
84473 1 130
84753 1 429
86979 1 487
86981 1 159
87198 1 1185
87787 1 245
87918 2 796
88448 1 1172
88916 1 23796
88943 1 314
89115 1 12804
89117 1 332
89167 1 252
89199 1 680
90048 2 700
90052 1 499
90059 1 79
90475 3 286
91366 2 396
92080 4 177
92992 1 1282
93174 2 1979
93892 2 344
97559 1 5153
98512 1 580
100018 1 320
100036 1 68
100403 4 550
100734 1 300
101135 1 508
102568 1 689
104235 1 344
104328 1 275
106856 2 240
106943 1 109
108992 1 881
109600 1 1842
109761 1 987
110244 1 264
110476 1 536
113115 1 980
113307 1 58
114044 1 280
116725 2 189
117719 1 119
121083 1 558
121619 1 223
121894 1 244
122445 1 127
122685 2 494
123185 1 444
124330 1 1081
124611 1 1129
124669 3 143
124685 1 131
125857 2 184
126247 1 217
126419 2 115
129024 1 614
129104 1 131
130803 1 1066
133094 1 252
137869 1 1487
139353 1 1030
139475 1 1191
139568 2 218
139716 2 160
140482 1 123
140798 1 356
141350 1 720
142710 1 367
143071 1 2267
143381 1 429
144447 4 490
145667 2 113
145699 1 111
147420 1 515
148144 1 476
150683 1 415
150828 1 422
152629 1 705
155690 1 179
157352 1 687
157546 1 565
159362 1 308
159445 5 246
159447 1 226
160375 1 234
164121 1 919
165270 5 266
165472 1 271
165701 1 539
169057 1 67
169068 1 118
170901 1 66
170967 1 56
172381 1 57
172639 1 467
174248 2 91
174493 2 77
174503 1 293
176334 1 615
176903 1 2255
176992 5 58
180627 1 823
181854 1 279
182985 1 446
185241 2 138
187682 1 184
187969 1 184
189962 1 182
191932 1 1032
194089 3 125
194111 1 243
195414 1 632
197702 1 367
197708 2 41
201398 1 571
201528 1 459
202066 3 40
203229 1 384
204567 1 536
206227 5 173
206242 1 224
211546 1 221
211728 6 229
213074 1 1388
215202 1 310
222566 2 64
223771 1 52
224403 2 205
224961 1 358
226668 1 312
228591 2 102
229147 2 357
229453 1 49
229600 6 225
229601 1 258
229673 3 148
234102 1 92
235764 1 234
236995 1 145
237397 3 563
237874 1 549
238648 1 143
238938 1 445
239209 3 62
240745 1 320
240837 1 305
242215 1 466
244928 1 61
246153 1 210
246988 1 2879
248312 1 127
249092 1 328
250464 1 57
251404 2 719
252758 1 1063
258941 1 184
259621 1 460
260473 1 493
261115 1 191
261168 1 216
262451 2 85
263313 1 218
264078 1 1647
264690 1 327
264898 1 307
265053 1 294
265494 1 280
265733 4 182
265742 1 287
276426 1 151
286985 1 5408
290292 3 411
306237 64 26903
337365 1 326
370110 1 163
395584 1 8890
395585 1 30629
396563 1 2512
397509 2 314
397706 1 354
398191 1 431
398716 4 1263
398851 2 852
403977 12 524
403978 2 314
408199 1 191
408741 10 1245
411467 1 112
411890 1 427
412353 2 325
413119 1 321
413205 1 324
413846 3 624
416005 1 330
417723 1 409
418621 1 73
418927 1 393
424001 2 93
424035 4 866
424360 1 296
432295 8 440
434474 2 812
436545 8 286
440938 1 747
441767 1 423
443855 11 375
443937 3 467
446034 1 211
453900 3 195
458695 3 405
463318 3 163
466009 4 576
469599 2 526
471689 2 1618
476751 3 818
477669 3 111
477827 1 842
482452 2 206
483192 3 203
485410 2 550
488322 1 664
490316 3 839
490332 3 74
490601 15 450
494072 3 77
499063 3 405
499868 3 343
501794 2 1771
502197 1 88
502355 1 87
506938 1 77
508958 7 197
510131 1 215
510544 1 636
511704 2 417
513469 3 195
513744 1 686
516735 2 658
517901 3 1061
518910 1 813
525969 2 613
526051 1 112
527430 6 137
171 2 221
422 3 1004
455 6 18030
757 1 459
786 1 376
1320 12 561
1323 11 416
2112 2 451
2602 1 430
2641 6 17392
2890 8 245
4137 11 16130
4684 30 485
4686 13 302
4687 17 337
4688 10 383
5288 3 2412
5707 4 547
5792 1 484
5842 1 270
5948 1 522
6107 1 554
6367 14 17463
6968 2 5837
7406 5 397
8148 14 17754
8443 3 639
8474 1 294
8492 14 290
8493 17 291
8494 8 233
8495 13 556
8742 2 330
8812 1 508
9905 1 412
9909 1 497
9939 2 425
9941 2 457
9956 3 541
9958 2 616
9978 2 181
9999 2 219
10879 2 5875
11051 2 403
11058 22 394
11059 20 407
11060 14 380
11061 18 433
11579 1 594
12060 7 335
12072 3 429
12372 1 451
12655 2 343
12666 3 417
12672 6 345
12709 5 20008
12752 7 325
12759 13 363
12985 12 7361
13003 1 332
13204 1 558
13347 5 3354
13782 8 262
13912 13 17501
14075 1 447
14478 1 503
14499 1 5119
15012 1 6149
15491 3 423
15687 2 218
16417 6 161
16927 4 483
16949 4 163
17010 10 423
17022 17 618
17043 16 715
17045 6 519
17063 14 867
17064 11 841
17086 26 670
17087 36 697
17088 11 715
17091 13 484
17099 2 510
17104 17 419
17105 27 491
17106 23 473
17107 17 406
17109 27 325
17110 30 346
17111 32 426
17112 20 481
17114 12 458
17115 29 467
17116 33 421
17138 8 621
17147 14 371
17148 6 552
17154 27 432
17156 14 486
17176 9 487
17186 5 569
17192 13 660
17204 11 392
17205 14 491
17206 35 518
17207 22 604
17208 30 483
17209 37 447
17215 27 489
17216 32 472
17218 30 411
17219 23 413
17220 28 405
17221 12 261
17222 5 221
17224 14 438
17225 14 480
17307 1 507
17328 2 493
17385 22 657
17390 4 482
17439 36 351
17440 35 457
17442 24 325
17444 9 373
17448 26 564
17454 19 553
17455 13 421
17462 2 408
18177 1 418
19330 20 536
19331 7 480
19505 6 426
19506 19 408
19507 14 551
19509 35 363
19511 27 496
19512 30 501
19513 38 548
19514 43 596
19515 51 608
19516 54 475
19517 40 437
19518 33 371
19519 33 535
19520 27 415
19521 40 543
19522 44 581
19524 22 382
19525 38 398
19526 41 546
19527 12 472
19528 16 327
19529 33 448
19530 13 325
19531 28 512
19532 27 484
19533 17 393
19534 28 501
19536 26 542
19537 26 459
19542 18 627
19544 34 542
19545 39 545
20521 3 663
20641 7 739
21459 3 16007
21614 13 32241
21649 3 478
21756 1 4056
22159 4 509
22273 3 352
24261 11 95
24271 9 507
24272 16 438
24273 6 364
24275 21 513
24276 23 373
24277 29 380
24278 36 268
24279 38 515
24280 58 524
24281 32 467
24282 28 373
24283 11 277
24284 12 221
24285 15 249
24286 26 634
24287 23 478
24290 23 516
24291 11 547
24292 15 492
24294 31 602
24295 51 489
24296 31 410
24297 25 525
24301 36 592
24302 16 512
24303 19 586
24304 11 236
24305 27 488
24311 2 236
24315 24 281
24316 36 563
24319 32 340
24320 14 356
24321 23 303
24322 15 446
24323 27 298
24324 23 430
24325 17 205
24326 13 422
24329 17 359
24350 28 555
24361 3 491
24368 2 170
24369 38 570
24372 29 457
24373 23 351
24374 23 438
24385 32 476
24386 25 427
24387 16 265
24388 17 324
24389 26 552
24390 22 449
24391 19 353
24392 26 435
24393 20 366
24394 17 303
24395 25 457
24396 7 334
24398 19 369
24399 13 303
24400 21 314
24402 20 436
24403 19 457
24544 1 548
24593 1 378
24780 13 1045
24834 3 490
25656 7 15042
25828 9 458
25829 8 436
25830 5 503
25903 29 344
25925 2 487
26485 12 742
26627 1 808
26637 10 510
26639 15 377
26645 11 380
27179 1 453
27424 8 13034
27823 11 362
28700 2 902
28706 1 2763
29035 20 472
29036 21 412
29037 30 412
29038 36 567
29039 9 406
29040 20 486
29041 32 534
29045 25 394
29046 19 713
29049 40 602
29050 38 492
29052 8 779
29056 19 238
29057 21 428
29379 1 299
29398 17 511
30292 33 488
30293 6 431
30295 13 327
30898 15 488
31463 12 660
31468 4 524
31591 3 296
31629 16 21435
31832 1 380
32510 2 374
32533 1 513
32552 5 410
32597 2 584
32785 6 4876
32868 1 765
33010 5 459
33979 1 725
34246 4 19523
35094 1 477
35522 1 725
35957 1 592
36137 4 446
36310 9 513
36498 13 20156
36600 26 459
36802 2 29903
37107 13 383
38104 3 554
38178 14 545
38179 12 397
38180 4 248
38211 8 439
38212 16 490
38315 4 614
38686 26 1154
39021 5 6004
39222 4 220
39223 10 529
39232 21 534
39248 15 338
39249 12 407
39250 6 239
39251 15 319
39264 11 552
39273 18 452
39274 8 266
39320 19 393
39331 16 293
39335 20 381
39336 15 441
39337 7 416
39388 6 3420
39641 14 721
39829 2 669
39831 1 367
40061 1 19463
40664 18 446
40665 12 284
40666 15 607
40667 10 229
40668 24 625
40695 24 235
40785 7 347
40786 11 656
40885 1 345
41605 3 696
42167 1 579
42917 2 320
42918 2 266
43126 1 427
43640 3 18238
43743 4 129
43747 9 629
44920 9 242
45006 1 6265
45339 10 257
45398 12 543
45872 8 15512
46262 3 581
48296 6 633
48408 5 424
48805 9 611
48991 3 553
49394 11 26545
49546 18 500
49842 15 714
50682 1 32839
50779 7 404
52214 2 64459
52678 10 15365
52959 6 420
53317 2 5949
53321 14 733
54124 14 760
54527 4 19068
55371 18 52248
55769 8 690
56324 2 701
56590 21 645
56609 2 644
56697 5 863
57000 22 284
60395 9 194
61839 4 53
62934 1 78
63270 2 112
64772 1 230
65679 1 403
66057 14 257
66899 2 839
68816 8 177
69732 17 513
70202 1 65
70343 1 110
71044 4 72
72314 1 96
73096 4 710
74112 4 130
74530 11 574
75098 4 433
77979 7 480
78045 2 68
79870 14 558
80026 10 291
81829 3 327
82359 17 186
83042 3 1179
85497 1 130
86979 2 487
87833 19 360
88448 3 1172
88528 1 727
89987 4 122
90430 1 610
91530 15 263
91587 6 448
93174 4 1979
93595 2 118
94820 25 263
95089 2 547
95565 17 469
95571 41 768
96491 17 274
97559 1 5153
100207 11 273
100403 4 550
100948 5 659
101135 1 508
101861 5 370
103031 4 145
107228 1 93
109600 2 1842
109761 2 987
112101 9 508
112102 8 580
113115 2 980
115894 11 217
116572 3 41
118873 3 120
119448 23 766
121619 1 223
123185 1 444
123545 1 531
126198 4 2638
126394 23 615
129014 1 996
129024 1 614
130803 1 1066
130927 1 528
131442 20 296
131539 20 296
132187 4 405
139353 1 1030
141350 1 720
143071 2 2267
143347 19 310
143657 2 663
143765 11 584
144132 18 695
144133 35 604
145511 12 795
146280 12 553
146718 1 546
147004 3 631
148571 12 741
149616 8 208
150486 15 412
152032 14 1055
152038 7 634
154575 1 123
154712 5 459
154964 8 622
155629 3 83
159814 1 647
161972 11 145
161973 15 184
162534 5 60
162551 6 66
163627 6 215
164121 2 919
166071 15 259
168431 2 63
169033 8 101
169286 23 382
172445 3 277
173445 4 578
175798 8 682
176903 19 2255
177707 17 789
177757 6 95
181928 4 74
185047 33 964
186904 13 167
192569 8 149
192588 5 733
195111 3 734
199149 8 82
200167 2 475
201398 2 571
203229 1 384
203465 10 178
203558 19 290
204491 34 476
204567 1 536
205609 7 141
205742 7 76
206242 1 224
206527 39 561
207246 6 196
207487 5 59
208937 1 45
209035 10 582
212809 9 537
212899 17 228
213161 1 539
215202 2 310
215444 7 528
218689 23 704
218696 3 605
219276 11 266
223173 1 764
224046 5 95
224572 1 748
225605 1 233
229601 1 258
231510 20 297
232475 33 592
232902 23 484
236988 12 170
237490 11 226
237874 1 549
239743 9 198
240745 2 320
240837 2 305
242184 2 88
242215 1 466
243788 10 643
246988 14 2879
247112 6 549
249099 8 723
250221 9 121
252410 15 396
252670 3 317
253193 12 627
259145 3 86
260108 2 169
260473 1 493
261115 1 191
261224 12 150
262672 13 243
264443 6 123
264690 2 327
264898 2 307
265028 12 614
265053 2 294
265469 12 591
265494 2 280
265691 11 173
265742 1 287
265822 12 5726
265845 16 17259
265847 2 5294
266275 2 271
266742 2 158
266803 1 287
266864 1 255
267198 3 3674
267555 2 107
267941 2 211
268150 2 1564
268303 2 6782
268604 1 605
268706 1 1374
268817 2 357
269035 3 313
269074 1 73
269107 2 112
269283 1 116
269343 1 296
269492 1 323
269895 1 235
269916 1 272
270085 1 84
270638 1 268
270768 1 178
271156 2 321
271300 1 101
271401 1 166
271623 2 159
272003 2 5868
272291 1 320
272866 1 383
272897 1 424
273467 1 78
273568 1 186
274556 1 133
274680 1 210
275185 1 144
275416 6 414
275448 1 152
275849 1 91
275870 3 372
275871 1 107
276041 1 205
276116 1 282
276394 1 2273
276741 1 143
276828 1 645
276933 1 275
277843 1 550
278564 1 479
278649 1 123
279007 2 1953
279016 2 526
279091 2 517
279097 3 699
279438 1 1283
279987 1 291
280364 2 332
280366 1 724
280587 2 250
280677 1 88
280847 1 141
281382 1 126
281424 1 361
282368 1 123
282623 2 197
282698 2 119
282927 2 785
283022 2 233
283113 1 953
283320 1 190
283329 1 322
283503 1 498
283741 1 528
283900 1 103
283944 1 283
283950 1 160
283991 2 332
284164 4 527
284274 1 625
284475 2 73
285043 6 492
285321 1 319
285837 4 1700
286249 1 237
286735 33 2545
286805 7 205
286814 15 656
286899 11 1205
286952 1 271
286985 11 5408
286998 3 342
287009 6 167
287020 7 500
287027 28 946
287143 6 2195
287278 1 122
288203 1 213
288514 4 314
288550 8 195
288551 7 393
288835 1 88
289298 4 730
289479 3 1532
289484 19 1052
289610 3 2184
290292 4 411
290435 48 8814
290441 3 2293
293084 1 284
293743 2 1605
295116 1 296
295568 4 283
295668 1 712
296864 2 456
298408 1 494
300610 2 179
301223 4 487
301388 1 397
302484 2 127
305862 7 927
305917 9 2518
306132 21 1017
306140 16 1389
306147 28 549
306161 9 715
306170 4 1782
306221 4 400
306237 88 26903
306258 7 330
306277 2 641
306282 26 4220
306294 16 1173
306296 11 159
306335 6 1832
306341 11 2643
306647 11 517
307350 1 230
307443 17 449
307875 7 291
308163 3 930
308184 1 152
308186 47 36306
308223 32 589
308230 11 1142
308246 124 20735
308760 5 2376
308763 6 1539
308771 20 8972
308801 6 1523
308809 20 8972
308830 1 731
308841 2 982
308895 4 213
308899 1 189
308947 25 16976
309001 25 16976
311380 8 1617
312828 2 904
314047 7 640
319867 1 90
323547 1 486
323835 2 99
325281 2 603
325293 6 3224
325425 1 208
325435 1 202
325437 1 455
325461 6 250
325473 1 314
325500 14 240
325509 68 2115
325510 46 3054
325537 18 4579
325539 11 6072
325543 4 2471
325558 12 184
325637 5 1151
326165 6 1159
326399 21 1027
326803 31 1039
326804 7 1949
327384 28 19585
327403 36 5903
328705 1 388
330296 1 3448
330912 1 142
332054 6 375
333249 1 314
335616 1 353
335803 2 297
336917 1 110
337691 9 1563
341559 1 326
342259 1 713
342391 1 192
342569 8 141
342982 1 249
344420 7 224
344681 1 571
346930 4 321
347114 1 125
347676 8 2857
347702 69 1518
347786 1 235
347837 155 63219
347869 230 47445
347870 12 1104
347902 11 767
347928 7 1145
347930 23 903
347931 8 1214
347983 4 1570
347986 38 1497
348002 18 441
348030 4 2240
348040 2 1458
348052 4 1399
348886 2 579
348970 1 100
349298 1 173
349539 31 599
349546 1 545
349979 1 505
349994 52 8773
350007 10 658
350019 1 311
350341 12 2807
350479 15 11696
350835 1 281
357189 1 211
357613 6 517
358567 1 200
363400 3 206
363723 1 391
367713 4 168
368050 3 75
372000 11 415
372008 28 1610
372028 10 404
372146 7 5349
372180 8 1132
372205 28 989
372210 12 462
372219 17 658
372253 10 266
372256 9 305
372257 19 3988
372261 36 720
372265 18 750
372278 34 28092
372281 36 5554
372332 9 445
373310 19 481
373834 59 44460
373890 10 149
373924 16 400
374014 217 80805
374035 1 895
374252 29 1431
374454 2 230
374930 1 163
377052 2 155
380190 41 4356
380196 2 314
380828 9 124
381991 11 6428
383204 1 112
390379 7 166
390437 1 156
391402 1 184
393550 24 30891
393643 1 2561
393673 2 10585
393677 4 3966
393701 3 228
393747 240 58177
393787 10 537
393793 15 173
393839 2 1698
393845 5 2852
393853 1 1684
393855 10 227
393858 13 432
394898 10 26758
395109 3 1486
395242 22 23266
395576 1 2131
395584 26 8890
395585 49 30629
395640 9 17885
395700 14 712
395702 32 1016
395976 9 1478
396258 2 38258
396859 7 124
397219 1 152
397233 1 537
397238 6 737
397241 2 160
400515 7 101
401761 4 85
402981 1 550
403743 4 924
403839 4 698
405808 1 2559
406259 2 401
407248 1 409
409083 1 504
409330 5 459
410644 22 3678
416679 3 648
419835 5 94
421373 14 444
421425 6 84
426398 10 681
427048 11 318
436740 6 2252
438929 13 668
441693 4 782
443280 6 118
453900 1 195
461892 1 728
465565 15 302
467254 1 94
469599 1 526
476520 74 1275
476972 4 78
477827 1 842
479250 3 1193
483911 3 2177
485619 3 1049
491994 5 87
492279 4 89
500650 2 423
501078 3 1598
501794 1 1771
504928 5 1035
511224 4 85
514027 1 1075
514537 1 608
516417 1 823
526208 29 859
527873 1 1183
527878 1 866
527894 2 653
527904 2 380
527909 1 506
527926 13 628
527930 1 1036
528067 5 145
528099 1 301
