4205 1 965
14194 1 268
28853 5 3522
34105 1 655
34107 1 535
34115 2 698
34126 1 425
34253 2 421
34254 2 670
34259 1 312
34261 1 622
34284 1 614
34291 1 85
34302 1 343
34303 1 722
34305 1 733
34307 1 757
34308 1 717
60494 2 500
62254 4 372
65649 2 340
71744 2 361
73541 2 612
78062 1 159
79497 2 31
83533 2 117
86866 4 158
86913 1 117
91096 3 126
91701 1 353
94130 3 74
102722 1 613
107440 2 741
112177 1 469
119279 1 252
120421 4 821
121069 1 739
122481 2 230
123176 8 426
126411 4 157
126572 2 48
127013 2 610
140334 1 138
141852 3 155
142483 1 81
142493 1 119
142517 1 498
147141 1 821
147738 3 118
151303 1 63
151478 1 225
151510 2 631
151551 1 266
151967 1 85
152249 1 99
155951 2 624
160803 1 509
162776 4 255
162932 3 207
163254 2 225
164388 1 159
165061 2 222
167005 3 65
170964 2 324
172911 6 771
175617 3 181
178132 1 662
179944 1 197
179948 1 233
180082 3 222
183977 2 577
190834 1 649
195006 3 247
205663 1 687
205859 3 81
206441 2 98
207950 1 384
217296 1 480
221173 2 144
221904 2 91
227086 2 540
230559 1 513
237981 1 696
243232 2 463
243251 9 648
244863 2 261
246348 3 76
247197 1 252
247838 1 158
250770 1 474
253850 1 426
254767 1 525
259601 4 311
262811 1 432
264296 8 450
267935 3 165
286228 1 2804
322864 2 284
325566 1 437
327319 1 220
327361 2 1715
329616 1 412
338088 1 1055
359062 2 330
374811 1 344
374945 2 879
380328 1 130
395025 1 409
398113 1 127
398785 2 163
399088 4 619
400047 19 600
401219 5 669
402907 2 852
407547 2 839
408483 1 43
409264 4 105
409982 2 641
410161 2 274
413252 3 780
414031 1 1210
415264 1 490
415949 1 526
424823 1 118
425007 1 621
428679 1 788
430451 1 536
431940 1 88
433404 1 394
434579 1 90
436948 3 88
436967 16 464
437388 1 158
438362 1 270
438928 2 1021
441701 1 370
445419 26 589
446915 23 515
448447 22 470
448577 1 1060
449007 1 613
449155 1 48
449191 1 636
449251 1 899
451300 1 779
451826 1 83
451873 2 80
451910 1 579
456971 9 493
458774 1 561
462678 1 750
467242 1 394
468761 1 90
469435 2 294
469626 2 169
470293 1 469
470380 1 216
470612 5 117
473283 20 616
475221 1 54
475395 2 743
476092 1 636
477360 1 138
479814 9 536
481680 3 942
482677 1 348
485037 2 1727
485370 1 99
486140 1 1108
487212 4 515
487588 1 799
487599 3 409
488144 1 116
489069 1 206
489539 6 447
492498 1 100
492764 1 168
492978 1 147
493449 1 38
494045 1 512
495304 2 66
497382 1 429
497506 1 896
497507 8 812
499607 1 101
504307 2 101
504309 1 102
505051 1 426
505530 1 300
505654 1 171
507577 2 257
508086 1 3798
511092 5 88
511237 1 522
511541 6 199
515431 2 1207
516305 1 747
517644 1 196
518158 1 395
519145 1 561
520805 5 111
523147 3 276
523306 1 682
523364 1 1120
524656 3 1114
524946 1 317
526843 1 702
33 147 19382
674 4 425
955 2 471
956 1 533
963 4 490
1646 6 55438
2019 1 1797
2160 2 418
2165 7 425
2168 2 95
3064 5 352
3071 2 154
3072 7 309
3196 2 383
3213 1 374
3293 3 173
3434 1 491
3780 1 634
4162 6 333
4184 10 372
4205 15 965
4338 9 16989
4421 6 5382
6356 1 358
7635 3 217
7998 3 323
8031 2 294
8574 1 202
9166 1 17203
10615 1 239
12223 18 809
12224 7 603
12535 3 462
13498 1 239
14194 2 268
14407 3 450
15093 2 210
15247 2 449
16249 1 382
19151 1 236
19152 5 382
19711 7 305
19872 2 552
19876 3 470
19877 2 431
19878 1 490
19880 3 415
19881 1 506
20136 3 310
20365 5 354
20389 35 589
21090 1 429
21220 8 6993
21614 22 32241
22074 1 692
22336 1 444
22354 5 444
22355 1 500
22475 2 328
23184 1 224
23240 1 472
23331 5 464
24064 4 272
24442 1 244
24500 1 353
26051 4 1453
26244 17 424
27024 5 227
27161 11 441
27164 3 368
27378 2 161
27629 3 410
27634 3 634
28076 5 226
28480 3 286
28853 31 3522
29541 2 303
29964 2 459
30964 2 1006
31205 10 168
31345 16 1570
31839 2 417
32045 1 463
32185 1 516
32186 1 765
32213 1 509
32225 3 331
32364 2 198
32365 2 334
32504 1 404
32505 2 241
32587 4 647
32706 9 352
32734 1 494
33807 4 398
34105 1 655
34107 2 535
34115 1 698
34126 1 425
34253 1 421
34254 3 670
34261 5 622
34263 3 284
34264 4 527
34284 3 614
34291 5 85
34302 1 343
34303 8 722
34305 3 733
34308 1 717
34722 1 13257
35628 3 270
35631 2 612
35642 1 277
36802 1 29903
37536 5 404
38739 4 301
40061 1 19463
40407 3 162
41437 1 392
45947 21 11759
46023 9 264
46396 1 309
46416 5 861
46428 5 935
46429 1 917
46432 4 712
46434 1 463
46435 1 367
46436 4 365
46440 1 245
46467 3 471
46470 10 462
46475 1 265
47944 2 488
47950 27 1422
49209 2 337
50682 3 32839
53096 8 6232
53801 1 480
55371 1 52248
55510 2 411
56409 1 343
56696 2 382
56769 1 952
61496 2 37
64023 4 412
66319 3 125
68887 2 261
69710 2 232
69917 10 995
72391 2 274
72392 4 495
77644 1 551
78062 1 159
78990 3 192
79497 1 31
81589 1 37
81966 4 704
82702 2 847
82703 3 334
82795 3 191
86913 1 117
88323 1 34
91672 2 139
91701 1 353
92358 4 427
92359 1 427
97179 2 103
97484 8 437
98279 2 221
98837 1 314
99211 6 747
99676 1 31
100739 1 78
102363 5 643
102706 1 123
102722 3 613
102898 4 307
103073 5 652
103328 1 152
108255 1 790
108558 1 161
110731 4 646
110767 2 189
112177 1 469
113404 1 648
114679 2 101
117703 6 139
117968 1 181
118598 12 787
119279 2 252
120720 2 652
121069 1 739
128114 2 197
130718 3 406
135894 2 67
136686 3 236
137769 3 732
140334 1 138
141523 2 134
141825 4 803
142483 1 81
142493 1 119
142517 1 498
143578 1 173
143973 5 263
146239 2 267
147141 18 821
148759 2 467
151303 1 63
151478 1 225
151551 2 266
151967 1 85
152249 1 99
153005 3 376
153780 4 621
156751 6 792
158109 2 354
159215 2 208
159216 5 625
160803 1 509
161042 2 221
161954 11 705
162340 5 207
162776 5 255
164133 2 212
164388 1 159
165322 6 364
165686 9 526
166455 8 604
169106 2 205
169775 10 765
169849 2 215
174970 11 730
176541 7 824
178132 1 662
178442 1 339
179944 1 197
179948 1 233
190414 8 887
190834 1 649
191048 1 458
196872 5 463
199082 4 757
200197 2 426
202109 1 149
205663 4 687
207950 2 384
216232 5 349
217296 1 480
218572 3 409
220156 2 522
222381 9 856
226947 2 266
226997 2 436
227811 1 77
228675 4 405
229940 5 755
230135 3 243
230559 1 513
231232 2 187
231375 1 249
231718 4 228
233929 5 256
236124 4 390
236502 9 507
237117 4 513
237304 3 319
237342 3 268
237421 1 1019
237687 3 424
237874 1 549
237929 2 276
238002 1 223
239212 2 806
239544 1 291
240834 1 322
244663 1 988
245278 5 612
246111 1 1246
246660 6 456
246911 1 551
247100 4 374
247197 1 252
247361 3 758
247620 1 201
247947 1 103
247951 2 332
250770 1 474
250990 1 272
251045 8 653
253850 1 426
254055 6 368
254637 1 110
254767 2 525
255047 4 130
256539 1 110
256753 4 264
257382 1 216
261631 6 354
262543 5 211
262791 4 1179
262811 1 432
262948 5 191
264168 4 331
264296 6 450
265816 3 25803
265822 5 5726
266676 1 399
267198 1 3674
267461 4 867
267577 1 6751
267930 2 703
267935 4 165
268303 4 6782
268712 2 280
268957 1 1697
269352 9 176
269996 4 6852
270890 1 2870
270984 1 1470
275325 1 268
275487 2 155
275706 1 168
275920 2 1233
285063 1 214
286228 1 2804
286677 10 306
287309 1 187
287455 7 1380
287906 14 5750
288061 2 1274
288260 4 135
288277 1 110
288281 2 524
288283 2 376
288296 8 178
288305 6 320
288313 39 1891
288333 3 454
288340 4 118
288342 5 144
288351 3 279
288358 3 280
288360 2 182
288362 5 245
288365 3 221
288367 1 113
288383 3 426
288422 2 102
288426 5 389
288445 10 298
288446 1 125
288450 2 114
288451 3 160
288459 2 291
288466 7 753
288480 2 234
288482 5 366
288500 3 515
289645 3 666
289852 1 3230
289964 1 219
290410 9 1149
290856 2 367
294016 1 140
299255 5 1294
301600 1 91
301865 11 18367
303546 2 377
303734 2 25485
306164 3 464
306432 1 1093
306646 1 296
307453 25 49380
307458 5 211
307485 6 315
307489 4 161
307497 20 1106
307529 2 124
307531 6 471
307577 1 119
307579 5 184
307586 2 210
307588 21 407
307590 1 124
307597 8 372
307611 6 566
308503 1 267
308783 11 2409
308821 11 2409
308859 30 5677
310271 1 259
310443 2 616
310780 2 218
315858 1 622
316563 1 251
320167 1 716
325540 35 3234
325565 1 241
325566 1 437
326123 5 14885
326129 3 67196
326185 2 126
326194 7 178
326196 4 241
326236 7 283
326286 1 138
326301 1 200
326303 1 193
326304 1 248
326312 3 150
326343 1 134
326344 1 336
326346 8 463
326349 10 409
327229 1 389
327304 3 765
327319 1 220
327349 34 8654
327356 3 1565
327361 20 1715
327365 8 1164
329616 3 412
330140 1 163
336607 1 349
338088 1 1055
338793 7 319
340207 1 151
342045 1 137
343242 2 163
347475 2 213
347710 8 307
347815 2 176
347837 41 63219
348010 4 503
348744 16 3039
349962 1 908
350252 7 315
350292 2 263
350800 1 390
351847 1 313
352626 4 7519
352920 9 261
353068 2 350
354041 1 3810
354138 1 458
354757 2 871
354990 1 221
355037 3 169
360660 14 2514
364901 1 245
365025 4 105
365899 1 180
367801 1 154
371876 3 1474
372406 7 14595
372978 1 311
373204 3 113
373207 10 156
373237 7 325
373239 1 188
373241 8 193
373248 6 625
373255 2 111
373269 2 269
373270 6 199
374014 1 80805
374531 4 317
374944 5 539
374945 6 879
374957 1 180
375030 1 86
376386 4 9418
376610 3 7750
376822 2 7531
377560 3 6597
377944 2 1923
377948 5 429
377986 1 288
378071 4 7768
378215 8 148
378424 2 1911
379397 1 1489
379845 3 108
379911 2 267
380328 1 130
386542 1 116
387749 4 172
388127 7 220
391053 4 172
392862 1 279
393771 4 1908
394411 1 286
394412 1 185
394741 2 300
394823 1 423
394837 2 131
394880 1 155
394898 4 26758
394963 4 246
394964 2 154
394966 1 66
394981 8 325
394984 1 275
395009 4 260
395025 3 409
395029 7 146
395031 8 308
395035 1 168
395050 2 234
395054 2 251
395063 8 404
395068 3 288
395076 6 156
395090 3 164
395092 3 212
395708 1 588
396258 2 38258
396259 1 714
396302 1 203
396316 1 473
396345 1 745
396471 1 730
396472 1 159
396473 1 1546
396531 2 2870
396944 1 527
396996 2 208
397234 2 249
397287 3 439
398113 1 127
398272 3 406
398467 1 984
398785 3 163
398855 6 134
399088 6 619
400829 1 640
401217 5 152
401219 4 669
401502 1 126
402664 1 323
402889 9 402
403325 9 814
403356 6 1646
403577 2 138
403805 2 572
404033 1 437
405041 1 193
405274 5 239
405661 4 525
405714 2 347
406359 1 95
406594 5 484
406811 1 586
407657 1 365
408483 1 43
408597 6 157
408670 4 203
408972 7 214
409894 1 535
410161 1 274
410214 3 867
411310 7 910
412455 3 655
413026 1 543
413252 12 780
413471 1 257
413494 3 432
413717 1 104
414031 1 1210
414636 3 252
415264 2 490
415949 3 526
416162 1 593
416337 6 152
417098 3 895
417304 1 464
417990 11 443
419094 7 660
419593 3 535
419661 3 953
419824 7 331
420008 2 750
420514 11 373
420836 17 2667
421920 3 476
421968 2 388
423443 16 1371
423934 2 124
424569 4 466
424652 3 270
424823 1 118
424966 4 476
425007 1 621
425355 9 562
428679 11 788
428967 2 109
429547 2 733
429930 1 547
430451 1 536
431266 2 252
431344 15 488
431554 7 849
431940 1 88
432061 9 297
432178 1 304
432314 27 479
433017 1 274
433615 5 362
433733 1 1456
434060 12 428
434205 1 113
434335 2 869
434527 13 1397
434579 1 90
435847 4 654
435952 20 911
436757 3 108
437388 1 158
438220 1 119
438362 1 270
438712 2 658
439012 1 494
439112 2 337
439192 1 919
439968 2 101
440075 1 77
440326 1 657
440396 2 113
440689 4 488
441282 5 510
441701 2 370
442329 7 833
443411 16 513
443804 2 1106
445125 9 263
445419 14 589
447042 1 152
447103 9 758
447557 3 225
447569 1 207
448097 2 406
448217 4 171
448577 1 1060
449007 1 613
449191 1 636
449251 3 899
449299 4 186
449300 4 175
449838 4 186
450414 1 172
450875 3 238
451300 2 779
451826 2 83
451910 1 579
452046 2 976
452235 31 945
453467 11 365
454151 3 715
455099 18 1052
455171 5 1259
455775 6 774
456331 5 191
456969 20 1081
456971 7 493
457118 3 552
458448 12 309
458756 9 719
458774 1 561
458852 1 580
459075 13 674
459281 1 305
459557 8 883
459559 3 161
460272 1 239
460507 4 411
462006 1 138
462251 2 398
462296 2 406
462443 3 594
462678 6 750
462776 6 722
463069 4 1263
464869 6 498
465275 3 542
465754 5 1153
466355 8 1321
466784 1 523
467242 1 394
468288 3 250
468761 1 90
469381 3 146
469626 3 169
469848 12 332
470237 16 479
470293 1 469
470380 1 216
470970 2 76
471751 6 123
471874 2 115
472096 2 86
472272 11 446
473283 16 616
474154 1 76
474338 9 1136
474628 4 418
475183 1 488
475221 1 54
475395 14 743
476092 1 636
476250 7 3982
476462 6 691
476615 5 1244
476668 4 170
477360 1 138
478252 11 610
478560 2 911
478645 5 645
478718 14 1216
478742 32 1205
479181 2 151
479302 1 96
479795 1 463
479915 1 356
480372 9 623
481061 11 456
481070 5 589
481680 6 942
482677 1 348
483169 6 486
483815 3 634
483882 5 556
483910 3 3011
484809 1 511
485037 18 1727
485370 1 99
486140 1 1108
486342 1 1253
486927 2 759
487373 9 439
487502 8 194
487588 7 799
487599 4 409
488144 1 116
488990 2 215
489069 1 206
489539 5 447
490097 6 130
490159 2 118
490381 3 424
491629 7 838
491766 6 2223
492097 37 1363
492136 38 1459
492325 6 88
492498 3 100
492764 1 168
492896 2 388
492978 3 147
494045 2 512
494687 1 496
495879 1 497
496554 3 2170
496596 6 2298
496597 11 1499
496601 3 479
496684 2 239
496692 20 862
496910 2 192
497382 3 429
497506 4 896
497507 37 812
498013 4 479
498056 16 653
498116 1 212
498178 3 404
499539 1 1341
499556 1 140
499557 7 718
499591 1 539
499607 1 101
499656 6 361
500018 2 466
500231 11 665
500809 7 189
502153 6 311
502619 3 130
503370 2 449
503634 2 543
504307 1 101
504567 3 868
504631 5 97
504830 1 637
505051 2 426
505530 2 300
505654 1 171
506244 1 1596
506256 9 358
506282 5 464
506370 6 246
506916 1 633
507577 5 257
507881 2 222
508086 1 3798
509218 1 117
509834 14 582
510120 1 591
510160 4 931
510481 1 886
511092 2 88
511153 1 454
511190 6 547
511237 2 522
511285 1 624
511339 5 314
511525 1 363
511541 3 199
511542 7 627
513057 4 519
513293 12 1117
513348 1 267
513358 1 111
514375 8 258
515379 9 167
515380 6 472
515431 22 1207
515485 14 1328
515512 2 330
516305 2 747
516747 10 249
516936 17 426
517644 1 196
517767 2 673
518158 2 395
519145 1 561
519164 6 890
519167 4 116
519758 2 531
520805 6 111
521745 1 343
523147 5 276
523364 9 1120
524002 7 647
524102 2 552
524612 2 1810
524659 2 2026
524946 1 317
525978 2 611
526787 1 225
526843 1 702
527102 5 975
