728 1 471
872 2 482
4404 1 159
8860 5 424
15805 1 222
19566 3 288
23534 5 1146
25789 1 625
28402 1 340
30795 1 195
30796 1 184
30797 1 255
31068 1 138
31070 1 126
31071 1 128
33549 1 147
34722 1 13257
36518 1 132
37236 1 138
42477 1 103
43247 1 93
44705 2 246
45561 1 249
47330 2 273
48234 1 645
49394 4 26545
50888 8 309
51331 34 184510
52707 1 167
52708 1 175
55508 1 661
61969 5 385
67863 9 306
68335 1 739
68563 2 278
80382 5 990
83112 7 423
83841 5 348
92897 1 927
93111 1 738
96353 1 284
98101 1 288
98657 1 507
99564 1 687
107486 1 31
115688 8 207
117633 2 258
119986 2 183
120736 4 118
120888 1 445
121364 3 1173
122292 1 95
122729 4 860
124148 2 770
124347 2 647
125785 6 122
127217 3 138
133035 5 909
140411 1 929
148902 1 1234
149603 14 243
150303 9 196
150614 1 654
156431 14 274
157334 10 499
158463 9 228
162115 1 519
163084 5 337
165343 1 50
165518 1 53
165771 1 50
166902 1 139
169648 2 281
169757 5 125
171424 1 751
173017 6 897
173842 6 493
175332 1 426
175815 1 622
184942 1 63
189402 4 678
189573 1 189
191634 7 167
195738 1 444
205330 6 231
208360 6 146
214103 5 536
215750 3 831
221057 2 179
229931 1 250
234003 1 271
236233 1 476
237558 2 124
241953 1 621
243114 1 78
243370 1 90
245164 1 418
245203 3 359
245946 2 232
246438 3 197
246988 1 2879
249666 1 89
255180 1 227
257559 1 620
258074 1 256
258650 5 259
260079 2 149
262396 2 259
263253 1 206
265659 1 666
265845 1 17259
265854 2 21100
267431 1 124
287029 3 869
287409 5 235
287906 3 5750
290414 1 1670
299375 2 263
299376 5 232
301865 1 18367
307201 7 187
307344 4 293
307453 2 49380
325541 9 2827
326040 7 185
326274 4 582
326275 1 172
337108 1 829
347837 2 63219
352355 7 159
352975 1 174
353342 1 238
354083 1 135
354134 1 287
354138 1 458
354139 1 218
354201 1 144
354254 1 216
354729 3 729
355093 14 209
360182 4 2961
372278 9 28092
372279 24 5420
372527 7 191
372982 5 165
373114 16 213
373187 7 158
373312 1 224
377585 1 471
384585 1 2617
385085 7 183
394898 4 26758
397550 12 727
400257 5 427
401315 1 43
403393 7 334
405906 1 414
407317 17 606
410444 6 500
410689 6 1106
412688 1 116
413385 8 1194
415725 1 1721
416367 1 1299
418297 1 1042
420331 1 156
420824 1 1504
420826 7 490
428894 7 131
431072 1 1260
433722 6 2969
440697 1 349
441441 1 675
441475 1 1430
443042 1 212
443338 5 118
444036 3 404
444047 2 809
446767 1 2427
452588 3 58
453444 5 688
453494 1 221
453852 5 288
454636 1 185
457303 2 63
458494 3 203
459569 1 49
460319 2 93
460781 1 85
462675 2 157
462755 1 199
463077 1 133
465338 2 464
465499 1 42
466086 1 534
467071 4 451
467471 1 717
468783 1 915
469894 1 675
471927 1 226
472162 3 337
472199 1 767
472439 2 273
473540 1 508
474396 1 519
474453 1 56
474864 2 741
475142 1 630
476441 1 384
477399 4 1051
479283 5 82
479911 1 38
480255 8 237
481175 1 189
481279 1 1513
481494 1 787
481692 2 47
481805 1 536
482206 2 76
486540 1 95
486601 1 40
488443 1 442
489421 1 98
489722 1 442
490406 1 798
490969 1 379
491098 1 40
491369 5 644
495768 1 88
496448 1 943
496693 1 436
496857 2 67
497348 1 61
497696 3 234
497837 3 162
498093 1 75
498358 1 99
498672 4 292
498787 1 100
498807 3 91
498917 1 130
499048 9 342
499089 5 2882
499232 1 964
499330 3 168
500066 1 113
501264 2 77
505385 2 171
506614 4 622
509465 3 1034
509720 3 1273
512454 6 575
514775 4 562
517896 4 404
518006 2 69
518208 1 1002
520451 2 735
520581 4 1016
521965 2 1841
525206 1 540
525379 1 104
526079 1 290
526379 1 912
526572 1 75
527925 2 416
595 1 549
728 1 471
872 1 482
1842 2 715
1844 2 550
1848 2 457
2415 1 130
2416 1 192
3379 1 113
3974 1 480
10446 3 492
11687 3 340
12035 1 157
15510 1 204
18337 1 204
18339 1 185
19672 1 228
19773 1 588
19927 1 155
20799 2 379
20841 1 970
22982 1 168
22983 1 165
25620 1 530
28911 1 204
30795 2 195
30796 2 184
30797 1 255
31068 2 138
31070 2 126
31071 2 128
33101 3 396
33411 3 411
33549 2 147
36518 2 132
36762 5 522
36763 5 314
36764 7 275
36765 10 450
36766 3 288
36802 1 29903
37236 2 138
40177 1 159
41519 1 175
42477 1 103
43247 1 93
45561 1 249
45681 1 652
45872 1 15512
46666 1 243
47330 2 273
48234 1 645
48543 1 149
50682 13 32839
51293 1 129
52708 1 175
53157 1 234
55508 5 661
58071 1 152
58883 1 205
60118 1 31
61356 1 143
64616 1 267
65156 7 731
65163 2 527
67427 2 34
67542 2 42
68563 1 278
68907 2 417
70468 1 601
71714 1 33
71732 1 33
75722 1 28
75977 1 348
76651 1 284
78012 1 65
78819 4 161
79204 5 181
79442 1 68
80382 1 990
81575 1 510
81896 1 129
82574 1 475
82954 2 720
85556 2 1072
88797 1 138
90205 1 34
91771 1 192
93034 1 1107
93185 2 640
93186 1 519
93251 1 717
94709 13 665
94710 1 633
94713 2 747
95404 1 373
95582 1 283
95812 2 26
95888 1 487
95904 3 402
96112 4 199
96150 1 149
96173 2 129
96265 2 80
96353 3 284
96425 4 367
96770 2 363
96907 2 42
97594 4 150
98657 2 507
99564 1 687
100485 1 65
101379 1 319
102614 2 31
102700 1 141
105884 1 170
105959 1 48
107486 2 31
108065 1 36
108830 2 75
109378 1 801
109708 1 609
110120 2 55
110767 1 189
110956 1 378
112219 1 58
112716 1 245
114069 1 1339
115340 2 9448
116006 2 152
116009 1 352
116137 1 442
117523 1 129
117633 2 258
118520 5 655
120115 1 84
120888 1 445
121768 1 198
122025 2 63
122729 1 860
123560 1 144
124148 1 770
124159 5 485
124305 3 46
125624 1 407
125644 8 293
125695 2 576
125929 4 202
126008 2 79
127296 1 184
127971 1 234
128355 2 350
130022 1 238
130188 10 675
130594 1 102
131139 1 455
132073 1 671
135016 1 249
135555 1 325
136648 1 284
136802 1 154
137863 3 57
138068 1 465
139092 2 347
139270 1 256
139758 1 507
139824 1 424
140032 4 141
140411 1 929
145376 1 248
147156 4 198
148972 2 303
149033 1 571
149491 1 294
150614 2 654
151663 1 347
153288 1 832
153817 1 360
155219 1 334
156825 1 76
159525 1 332
160611 2 105
162115 4 519
162116 2 605
162117 1 573
163990 1 45
165343 2 50
165518 1 53
165729 1 85
165771 2 50
166902 3 139
167848 1 169
169375 2 43
170270 1 238
171371 1 657
171424 1 751
171448 15 366
175332 3 426
175815 1 622
184942 1 63
189402 2 678
189573 1 189
195738 1 444
197873 2 126
200855 3 98
201330 2 319
202414 2 174
205929 1 305
208062 1 514
209157 1 187
209766 4 545
212564 1 246
222282 2 259
224053 1 254
226207 1 234
229931 1 250
230023 1 552
231340 1 588
234003 1 271
234982 1 237
236233 1 476
237558 1 124
241953 1 621
243114 1 78
243370 1 90
244435 5 105
245164 4 418
245203 4 359
245946 3 232
246438 4 197
249666 1 89
255172 2 707
255180 1 227
255529 2 317
256185 3 63
256914 2 54
257064 2 227
257559 2 620
258074 2 256
260079 2 149
261089 1 6821
262396 4 259
262710 1 76
262814 2 655
263253 1 206
264789 1 300
265150 5 1147
265312 5 1117
265662 1 356
267377 1 176
268758 1 315
269045 1 533
269743 1 232
273956 1 347
274564 1 711
274928 1 848
278193 1 432
279132 1 203
279162 2 258
279880 1 228
280000 2 876
284228 1 576
284631 1 394
286227 2 1796
286228 3 2804
287652 1 128
289166 1 174
290575 1 998
291471 1 284
293613 1 3261
295363 3 1498
299798 1 281
301865 1 18367
304111 1 166
305003 1 1383
305383 1 774
305469 1 93
306361 1 489
307453 4 49380
308186 5 36306
308187 1 51551
308246 1 20735
308337 1 195
308598 1 5851
309899 1 293
310916 1 1425
311263 1 130
316253 1 441
316394 3 336
320306 1 689
321282 2 68
323187 1 214
326123 2 14885
326857 6 2422
332181 3 7521
332884 4 537
333319 1 925
335096 3 344
337108 1 829
339315 1 97
340219 2 1343
341385 1 159
341591 1 170
347837 2 63219
349543 1 979
349834 1 1091
349835 1 1389
350051 1 265
350110 1 511
350637 1 136
351132 1 210
351346 1 116
352416 3 2523
352572 5 3500
352975 1 174
353132 2 155
353342 1 238
353369 5 188
354083 1 135
354134 1 287
354138 2 458
354139 1 218
354201 1 144
354479 1 189
354554 1 181
355801 1 149
357143 2 408
358497 1 162
363170 1 101
364398 1 362
365073 1 253
365144 1 524
365388 1 1152
369504 1 176
369599 1 265
371023 1 353
371199 1 562
372406 4 14595
373105 1 1607
373312 1 224
373315 1 459
377023 3 166
377585 1 471
380613 1 150
381749 1 278
385058 2 388
385658 1 266
385791 1 111
386441 1 293
386694 2 643
387945 3 430
389327 1 199
390537 3 162
390617 1 207
390861 1 186
391941 1 653
393419 1 962
393614 4 4956
393673 2 10585
393747 3 58177
394710 2 335
394898 4 26758
395640 4 17885
395690 1 1124
395698 1 265
396246 1 1323
396253 1 881
396304 1 473
396329 1 2994
396531 2 2870
396721 2 209
397142 5 300
397501 4 258
397850 4 237
397942 2 249
398046 1 1608
398061 2 46
398572 1 86
398730 5 95
398844 6 212
399174 4 108
399433 3 531
399782 2 91
400069 4 305
400849 1 283
401315 1 43
401409 5 249
401717 6 168
402059 13 859
402169 7 685
402170 4 494
402333 6 534
402346 8 640
404184 1 501
404597 6 484
405906 3 414
408078 3 98
408288 8 183
408588 2 83
410824 6 470
411159 8 292
411193 3 711
411782 3 155
412379 1 174
412688 1 116
413027 6 422
413047 7 488
413389 5 500
413394 3 239
413980 13 592
413987 5 225
414043 6 410
414518 4 285
414616 9 340
414621 7 495
415047 5 147
415323 3 255
415586 3 383
415684 4 830
415725 1 1721
415783 4 494
416050 3 311
416204 5 253
416367 1 1299
416467 4 361
418502 5 418
418961 4 120
419805 1 622
420099 9 358
420331 1 156
420419 4 320
420824 4 1504
422129 6 124
423149 4 145
425357 4 249
427689 1 732
428501 1 843
428738 8 429
433011 3 206
436199 1 347
436592 3 59
437327 2 375
438024 4 318
439112 1 337
440166 1 57
440697 1 349
441441 1 675
441997 7 503
444047 1 809
444532 2 76
445257 2 105
445426 5 405
445874 1 290
446779 3 117
448547 3 215
449634 6 245
451489 5 227
452588 4 58
453762 1 60
453861 1 98
454636 2 185
455054 4 115
455885 1 1229
457303 4 63
458494 6 203
459123 1 47
459569 2 49
460319 5 93
460781 3 85
462675 2 157
462755 1 199
463077 2 133
463502 2 39
464998 6 620
465468 7 596
465499 3 42
466086 2 534
466180 2 198
466754 5 193
466856 1 118
466857 1 102
466915 1 95
467071 2 451
467471 1 717
469060 5 493
471314 1 293
471379 11 532
471927 4 226
472162 9 337
472199 1 767
472439 6 273
472897 2 79
473540 2 508
474329 1 133
474396 1 519
474453 1 56
474455 14 526
474561 12 596
474824 2 145
474864 1 741
475142 1 630
475509 7 491
475798 6 690
476135 9 935
476338 2 187
476441 1 384
477279 8 369
477387 5 466
478431 4 203
479143 5 227
479283 4 82
479911 2 38
481175 5 189
481279 2 1513
481593 4 220
481692 3 47
481697 2 41
481805 1 536
482206 4 76
483470 1 291
483586 1 794
484110 1 54
485630 6 268
486539 2 97
486540 2 95
486601 1 40
488443 5 442
488901 1 94
489232 4 417
489421 3 98
489722 6 442
489795 4 509
489834 7 279
490238 5 1298
490252 2 510
490338 2 345
490406 12 798
490645 2 89
490969 2 379
490991 2 82
491098 2 40
492102 2 156
492104 4 450
492437 10 432
493360 2 266
494006 1 941
494313 1 96
495021 1 130
495040 2 94
495067 1 66
495360 2 394
495500 4 451
495768 1 88
496246 1 68
496448 2 943
496596 1 2298
496654 2 86
496857 4 67
497348 2 61
497603 2 174
497696 4 234
498019 4 542
498093 5 75
498358 1 99
498672 11 292
498807 5 91
499048 17 342
499232 1 964
499330 7 168
499602 1 43
499989 1 1384
500066 1 113
501264 4 77
501472 9 344
502273 3 537
502380 2 44
502661 1 93
502869 2 226
503692 3 193
503893 2 250
504034 3 194
505385 5 171
506614 1 622
506852 3 151
507063 1 1524
508103 4 422
509465 1 1034
510221 2 266
510563 1 185
511717 6 445
513557 11 293
513599 3 309
513738 2 93
515423 2 243
515506 2 1059
515648 5 593
515654 5 183
515685 4 244
516392 6 407
517896 7 404
517944 4 250
518006 3 69
518208 6 1002
518258 1 117
518975 6 584
520029 1 68
520375 6 578
521157 4 772
521172 5 834
522227 17 622
523457 4 75
526079 1 290
526886 1 852
527777 5 379
527975 1 1043
528061 2 600
528083 8 264
528112 1 499
