2676 1 561
10959 1 249
15680 1 339
15681 3 464
17346 1 456
27673 1 293
28512 1 299
30959 1 475
37720 1 164
45351 1 171
46609 4 254
48457 1 403
49351 4 148
50235 3 149
50239 3 148
55371 6 52248
55758 37 717
55762 4 825
55764 15 844
55767 1 668
55769 2 690
55816 1 227
56472 1 780
56553 2 621
56609 1 644
57342 1 671
58893 1 656
60861 1 398
61711 2 107
61943 1 129
62499 1 709
64772 1 230
65153 1 504
65467 2 400
65734 1 399
66308 3 345
66715 1 560
67251 3 183
71243 1 545
78464 2 342
78928 2 130
79348 3 622
79351 42 496
79352 1 474
79353 1 484
79356 2 514
79357 2 806
79398 4 168
79469 2 470
79515 4 167
79675 1 335
81428 1 468
82971 1 1057
83315 2 97
84212 1 140
84727 43 751
84728 2 382
85028 2 616
85312 2 453
87392 8 588
88850 1 503
90379 4 158
91259 1 191
92115 1 312
95089 28 547
95094 4 231
95716 1 331
97966 1 251
98163 6 563
101991 1 527
102563 5 376
102671 5 607
103276 2 364
103354 1 240
103768 1 770
104003 9 683
104634 1 512
106124 2 578
111936 1 560
115349 1 396
116676 1 174
116777 1 703
116996 2 486
117116 5 578
117200 2 144
118079 4 94
119420 2 348
120813 9 147
121687 1 969
124574 1 774
124575 1 285
128585 14 203
131810 3 477
133673 1 334
135532 4 313
135895 2 60
138777 2 173
141106 10 880
143280 1 528
146485 1 186
146620 4 318
148474 1 132
149532 2 197
150142 34 1056
150963 1 111
151643 1 512
153646 1 705
156091 1 126
159497 1 398
160395 1 562
161283 1 579
161777 16 173
163080 1 514
163891 1 164
164250 1 473
164325 1 212
166790 1 92
167009 2 779
170344 1 78
171857 1 505
172911 1 771
174972 1 360
175084 1 1451
176029 1 46
176799 3 304
178316 6 632
179315 1 72
179333 1 242
179356 1 630
182032 1 261
182150 3 563
182665 5 716
182799 1 204
183678 15 273
183780 12 223
183861 1 791
184392 1 228
186897 4 189
187097 2 865
189192 3 660
189200 1 510
190705 1 321
193194 1 228
194891 1 324
195111 1 734
195757 2 38
200472 5 533
205013 1 534
205309 1 549
205717 6 206
206528 33 585
207972 5 103
208760 2 765
211312 1 408
214840 8 198
215705 1 633
216989 1 541
218821 1 399
220061 1 584
220248 1 605
220808 2 438
221289 1 826
222403 1 109
223035 2 464
224166 2 115
224451 1 726
224544 6 209
225118 1 1163
225394 1 528
226758 1 193
230311 2 546
231921 3 580
232371 3 551
235330 2 802
237104 3 527
238635 23 526
238825 1 354
242942 3 551
242990 1 339
248306 1 225
249100 1 346
250059 1 203
251248 1 1175
251626 4 172
254635 3 251
258594 1 180
260180 5 526
260654 1 143
260968 3 454
260983 1 150
262493 2 374
262791 2 1179
263021 1 194
263718 20 268
265810 2 16729
265822 7 5726
265845 12 17259
265854 1 21100
267551 7 200
267587 1 95
267688 1 145
267689 6 201
267690 4 99
267859 1 395
268303 1 6782
268310 1 502
269710 5 111
270200 7 122
270545 1 91
270628 1 181
272274 1 257
286256 1 1745
286674 1 324
286675 6 1509
286710 11 357
286735 2 2545
286752 8 156
286753 6 225
286754 14 302
286808 1 784
286813 1 313
286829 1 346
286899 1 1205
286937 2 2024
286945 3 182
286955 1 502
286974 1 214
286982 1 392
286991 1 1490
287024 5 1042
287031 15 1635
289315 1 1389
289355 4 884
290250 2 2125
290296 15 1021
290440 4 15196
293005 1 1837
304168 1 102
304569 1 1335
306010 11 177
306138 1 361
306139 1 5267
306175 1 10421
306207 13 290
306242 1 872
306282 9 4220
306303 5 299
306307 38 1392
306314 9 4250
306318 11 173
306319 2 314
306320 6 304
306323 1 504
306324 1 246
306325 1 264
306326 1 276
306335 1 1832
306339 13 3745
306340 1 2518
306341 1 2643
306797 2 843
308163 1 930
308186 3 36306
308253 2 539
308309 1 117
308764 2 614
308802 2 614
308919 3 13545
308953 5 14138
308973 3 13545
309007 5 14138
310773 2 494
311912 2 180
312034 19 269
312519 3 160
314047 1 640
325042 1 1837
325287 1 753
325289 2 432
325299 10 829
325354 1 269
325364 1 921
325365 2 462
325389 2 602
325424 1 228
325425 1 208
325426 27 833
325427 3 1027
325481 13 328
325576 1 298
325577 1 1240
326827 2 1199
327384 5 19585
327407 2 18061
331524 4 156
346703 2 223
347837 27 63219
347838 1 6657
347869 2 47445
347922 1 386
347924 1 176
348017 4 3040
348019 1 189
348020 3 245
348886 1 579
350245 3 119
350299 1 253
350335 1 3129
350449 2 14072
350496 2 14081
352601 1 1491
355858 9 1555
356003 2 303
356532 4 555
357781 1 2056
359336 1 988
371974 1 216
371999 4 145
372014 2 213
372015 26 736
372025 7 159
372057 1 182
372097 1 724
372098 10 674
372099 1 574
372100 1 557
372101 1 316
372102 8 111
372103 22 275
372104 1 626
372117 1 669
372134 6 329
372151 1 578
372179 1 274
372180 22 1132
372181 1 161
372182 3 419
372189 1 1588
372209 2 692
372215 2 636
372216 2 473
372220 15 600
372269 1 1286
372278 14 28092
372280 1 5317
372281 2 5554
373834 1 44460
373848 1 2678
373944 2 1557
374974 7 12901
374978 1 4182
374994 2 13993
377937 1 323
384421 1 216
388732 1 366
393683 1 161
393684 1 156
393773 4 2486
393781 1 2275
394898 1 26758
394939 1 760
395242 1 23266
395465 1 229
395585 13 30629
395976 4 1478
398893 9 1152
399781 1 198
400545 1 417
400861 6 671
400913 4 17082
401417 1 116
403825 6 1094
407627 1 1108
407899 1 509
407932 1 234
408844 20 580
409306 1 36
409417 1 99
410164 1 951
410342 1 96
415376 2 515
418477 1 1077
418718 48 760
422282 1 645
422858 1 407
424036 1 640
428704 1 147
429002 2 132
429439 5 559
429851 2 103
430430 1 817
431913 2 257
432226 1 610
435062 1 329
435453 1 801
436955 2 139
437324 1 566
437519 1 74
437711 3 553
438937 1 619
439649 1 799
439875 1 232
439903 1 498
440621 1 659
441297 5 848
441329 1 753
442596 1 1068
442712 1 387
444466 2 137
446266 1 410
447099 1 663
448554 3 461
450663 1 635
451159 10 593
451511 1 604
451932 1 518
454258 1 1125
456256 1 78
461801 6 264
462104 2 1397
463563 1 40
466580 2 732
466881 11 1353
467766 1 1150
468174 1 840
468380 1 492
468762 1 582
469180 3 610
469190 1 400
469545 1 486
470827 1 1284
471465 1 239
473567 12 696
474087 1 327
474127 1 1077
474133 8 643
476388 1 317
476397 1 462
476440 1 211
476915 20 472
477320 1 448
478658 1 79
479735 3 894
479882 1 666
480512 4 480
480586 4 488
480666 1 184
480802 1 276
483531 1 472
484166 1 28
486104 1 1238
488193 1 315
488427 1 557
490174 11 609
490910 13 1158
491038 1 315
491102 1 456
491454 1 706
491782 1 656
492087 2 81
492149 5 152
494442 3 743
495713 1 996
496104 1 377
497317 1 302
497653 1 360
498143 1 742
499188 1 584
499201 1 504
500188 1 423
502952 1 175
504557 6 764
505455 10 337
506076 1 385
508491 1 256
508636 1 487
509891 4 1293
510128 1 812
512497 1 1672
512508 1 260
513399 9 753
514663 1 77
516649 1 667
517209 1 235
518449 2 46
520976 2 569
526208 3 859
527151 1 384
527873 1 1183
157 15 357
488 17 445
1394 2 418
1787 11 519
1791 4 393
2676 27 561
3736 35 473
6968 1 5837
7881 2 242
8812 3 508
9057 3 292
9235 17 311
9674 25 333
9754 7 330
9972 26 1951
10959 4 249
12709 15 20008
12849 11 243
13855 3 476
14339 3 5421
14786 7 402
15012 3 6149
15397 1 423
15675 5 292
15680 12 339
15681 15 464
17052 28 670
17822 2 238
18177 5 418
18250 1 289
19375 11 306
19380 13 243
20309 9 3727
20400 11 151
20403 4 229
20436 2 340
20447 8 304
21459 63 16007
21498 1 247
21745 20 490
22441 2 324
25288 6 319
26023 1 326
26969 1 205
27150 2 236
27151 1 542
28175 5 417
29921 2 241
30446 109 12899
30959 2 475
31629 3 21435
33165 48 682
33561 2 3210
33588 10 207
33746 5 288
33747 6 305
33765 4 167
34900 11 314
36137 5 446
36138 13 194
36489 21 2150
37013 9 524
37720 7 164
37834 9 525
38683 4 367
39073 10 665
39612 5 350
40368 4 242
40400 2 485
40916 1 254
41385 2 361
41390 5 468
42525 7 298
43064 5 404
43127 7 326
43201 4 568
43596 2 267
44054 8 481
44068 1 775
46266 4 244
46609 2 254
48581 5 428
49394 2 26545
51331 4 184510
52214 79 64459
52993 1 245
53165 2 418
53166 1 513
53317 1 5949
53994 1 4216
54155 6 742
54806 7 524
55371 274 52248
55372 3 100383
55375 10 40486
55758 3 717
55762 13 825
55764 12 844
55767 3 668
55768 2 700
55769 10 690
56000 3 562
56438 7 248
56472 1 780
56553 6 621
56597 11 566
56609 3 644
56618 5 772
56693 10 536
58893 3 656
60588 2 2247
61711 1 107
62499 3 709
63498 1 227
63699 4 288
64603 7 293
64772 1 230
65467 1 400
65734 8 399
66308 1 345
67251 2 183
71243 5 545
71760 2 165
74006 5 201
77370 10 587
78464 4 342
79348 2 622
79351 2 496
79352 3 474
79353 6 484
79356 3 514
79357 11 806
79398 1 168
79469 4 470
79515 1 167
79675 5 335
81428 1 468
82215 1 265
82971 3 1057
83315 1 97
84727 5 751
84728 4 382
85028 1 616
85312 12 453
85736 6 705
87392 4 588
88850 3 503
89280 13 465
90379 1 158
90426 6 578
91103 1 380
91259 2 191
91360 1 240
92115 2 312
94469 7 779
95089 1 547
95094 1 231
95716 1 331
97161 4 73
98163 6 563
98736 5 462
101991 3 527
102671 6 607
103543 3 3945
103768 15 770
104003 5 683
104634 2 512
105297 2 35
106124 1 578
111826 1 71
112845 32 727
114401 5 143
116996 6 486
117116 1 578
118703 4 3995
119397 4 257
119420 12 348
121687 2 969
123282 2 300
124574 4 774
125842 30 700
131810 1 477
135152 4 4010
136557 4 143
136565 4 211
136683 2 102
138777 1 173
139469 1 218
139560 11 192
140834 6 732
141106 12 880
141587 5 1689
142352 6 122
143264 3 3121
143280 1 528
144085 2 602
145548 3 191
146620 3 318
149532 2 197
150142 4 1056
150963 2 111
151643 23 512
153646 10 705
153810 3 85
155447 3 832
156091 2 126
158536 8 412
159497 7 398
159802 5 559
160601 1 116
161972 4 145
161973 5 184
163080 1 514
164092 3 382
164250 1 473
166790 1 92
168165 2 48
168933 1 170
169037 21 592
169578 3 117
170334 5 237
170344 1 78
170641 4 150
170748 1 235
171857 14 505
172911 6 771
174972 3 360
175084 7 1451
175209 7 172
175924 17 610
176029 1 46
176799 10 304
176903 3 2255
177707 2 789
178316 3 632
178453 3 110
179333 1 242
179356 2 630
179402 8 386
179509 15 988
182150 3 563
182665 4 716
182799 1 204
186416 1 259
187097 4 865
187912 4 738
187962 3 55
189192 1 660
189201 3 1191
189624 1 252
189709 1 192
190924 11 690
193194 2 228
194654 7 145
194656 9 640
195111 27 734
195809 1 210
198233 5 149
200472 4 533
203768 1 216
204942 1 118
205013 1 534
205309 1 549
205591 1 248
205717 2 206
206528 1 585
207972 1 103
208166 3 45
208760 16 765
209985 3 835
211312 2 408
211703 4 107
212080 7 1064
214840 1 198
215453 10 727
215456 8 886
215475 7 588
215705 7 633
216989 8 541
218045 2 126
218821 3 399
220061 1 584
220248 1 605
220720 1 517
221227 1 253
221289 4 826
222274 8 286
222403 2 109
223035 2 464
224166 1 115
224451 7 726
224874 4 236
224940 2 307
224962 3 365
224963 1 838
225039 1 239
225045 1 122
225089 3 608
225093 2 594
225094 3 587
225100 5 619
225101 11 501
225105 1 601
225107 2 382
225110 3 606
225111 1 451
225114 3 558
225118 2 1163
225121 2 1337
225139 5 1108
225140 4 533
225303 1 479
225306 1 355
225394 1 528
225414 6 485
225458 3 274
225460 1 858
225472 1 420
225493 1 159
225543 1 337
225565 1 689
225601 2 90
225602 1 87
225603 1 88
225604 13 567
225605 3 233
225644 1 238
225720 1 371
225740 1 115
230311 6 546
231219 4 124
231921 6 580
232371 1 551
232673 9 239
235330 6 802
236435 7 507
236710 11 599
236780 2 247
237104 1 527
238186 4 175
238635 1 526
239469 4 772
242942 13 551
242990 2 339
243521 5 92
243548 2 49
243789 9 460
246988 1 2879
248306 5 225
248555 12 873
249100 13 346
250059 5 203
251169 4 628
251248 11 1175
254635 1 251
256807 2 204
256905 2 294
257200 6 697
260180 1 526
260654 1 143
260892 1 113
260968 2 454
260971 1 950
260972 6 5560
261268 6 645
262493 5 374
262566 1 131
262791 4 1179
263762 3 1141
265673 1 181
265810 60 16729
265816 12 25803
265822 72 5726
265845 43 17259
265854 15 21100
267370 1 156
267375 26 507
267424 4 196
267551 3 200
267688 1 145
267690 1 99
267788 18 318
267857 23 297
267859 5 395
268146 14 220
268303 40 6782
268310 1 502
268464 10 447
268466 6 508
268789 2 141
268836 1 106
268886 2 69
268998 1 506
269035 7 313
269154 2 229
269709 2 315
269710 1 111
269733 11 201
269870 1 513
269971 2 288
269994 4 2943
270150 1 258
270560 1 122
271701 2 386
271789 1 271
272269 4 4027
272274 5 257
272769 1 137
275891 1 211
276280 1 425
277264 2 117
277645 1 161
281543 1 412
283839 5 76
286210 75 1714
286256 8 1745
286397 1 98
286400 1 145
286458 9 925
286674 5 324
286675 22 1509
286679 3 191
286685 5 2642
286686 9 462
286687 116 3175
286690 31 1015
286693 7 501
286700 2 250
286710 1 357
286712 1 186
286733 8 311
286735 74 2545
286752 3 156
286753 1 225
286754 2 302
286775 7 436
286808 5 784
286813 2 313
286829 4 346
286838 4 264
286856 7 437
286865 2 196
286876 2 377
286899 19 1205
286902 8 1566
286919 29 930
286936 7 232
286937 1 2024
286945 1 182
286946 88 4569
286955 8 502
286964 42 2222
286967 10 231
286968 6 348
286969 22 464
286974 6 214
286980 4 2698
286982 20 392
286985 125 5408
286991 81 1490
286994 30 1185
287005 1 366
287007 7 352
287008 4 225
287024 12 1042
287026 19 839
287028 10 559
287031 15 1635
287049 41 2008
288008 2 840
288138 3 261
288203 1 213
288233 4 217
288546 1 282
288553 1 551
289312 52 1618
289355 1 884
289468 1 318
289489 1 119
290250 3 2125
290271 1 181
290293 2 436
290294 1 185
290296 2 1021
290302 1 196
290312 1 161
290314 2 157
290337 1 285
290349 1 358
290373 1 201
290393 1 198
290406 1 2246
290435 53 8814
290440 65 15196
290441 48 2293
290465 56 15747
290469 35 1090
291607 9 359
291689 1 1872
291796 7 167
291797 24 425
291798 35 472
292308 22 273
292480 37 728
292482 1 113
292517 19 1172
292555 2 278
292562 24 393
292728 2 220
292791 1 1580
292843 1 459
293005 13 1837
293240 1 145
293333 1 140
293377 2 262
293405 9 170
293639 1 266
293738 3 5107
294164 2 320
295152 1 216
295768 4 141
295897 1 101
297635 8 587
300225 1 2180
301736 1 297
303803 1 345
304060 1 142
304094 1 230
304154 1 83
304294 2 330
305670 3 4400
305883 69 1238
305906 8 277
305995 3 377
305996 20 1161
306004 2 402
306010 1 177
306044 1 388
306132 9 1017
306138 1 361
306139 15 5267
306174 4 160
306175 11 10421
306207 1 290
306237 400 26903
306240 6 323
306241 3 273
306242 33 872
306243 5 246
306245 4 215
306252 1 104
306260 63 5918
306279 7 246
306282 7 4220
306284 22 21202
306303 3 299
306307 39 1392
306311 40 1983
306314 109 4250
306318 1 173
306319 1 314
306320 2 304
306323 1 504
306324 5 246
306325 8 264
306326 2 276
306335 14 1832
306337 24 2274
306338 62 4464
306339 63 3745
306340 28 2518
306341 38 2643
306432 2 1093
306548 8 1070
306797 1 843
307305 1 295
307453 60 49380
307634 2 276
307717 1 187
307871 6 327
308163 4 930
308245 1 91
308246 3 20735
308253 1 539
308293 3 1117
308309 2 117
308366 3 1160
308759 4 2244
308764 16 614
308788 4 220
308797 4 2219
308802 16 614
308817 1 1753
308830 4 731
308842 1 212
308860 1 186
308919 40 13545
308929 4 12027
308953 62 14138
308973 40 13545
308981 2 473
308983 4 12027
309007 62 14138
310193 2 152
310272 10 884
310773 10 494
310820 1 105
311036 15 202
311276 2 185
311370 2 500
311432 1 3846
311535 1 451
311690 1 216
311703 2 131
311912 6 180
312034 5 269
312035 1 344
312163 3 250
312687 6 283
314047 14 640
314181 1 200
314274 4 271
314478 30 1863
315551 1 293
316390 3 635
320226 10 2316
323727 2 845
324038 1 460
324484 1 373
325042 22 1837
325281 11 603
325287 21 753
325289 8 432
325299 5 829
325310 11 494
325331 5 170
325333 1 197
325354 2 269
325364 12 921
325365 5 462
325374 5 3698
325387 2 287
325389 2 602
325401 3 110
325408 1 215
325424 2 228
325425 2 208
325426 1 833
325427 8 1027
325456 14 326
325481 1 328
325484 19 1752
325493 23 1103
325494 13 877
325508 1 117
325533 105 1753
325534 83 2074
325535 67 6095
325537 47 4579
325538 24 1844
325539 7 6072
325540 52 3234
325541 47 2827
325542 157 3842
325543 48 2471
325544 106 2857
325553 3 234
325561 13 1668
325576 3 298
325577 3 1240
325587 42 2931
325670 6 503
325682 5 374
326027 1 421
326140 10 269
326189 1 235
326396 3 121
326399 8 1027
327044 2 1686
327193 2 703
327215 1 223
327247 1 99
327249 1 104
327260 1 185
327269 1 218
327271 1 178
327287 2 140
327328 13 548
327330 9 1125
327335 2 1074
327342 3 182
327362 2 851
327384 82 19585
327385 12 1425
327403 71 5903
327407 74 18061
328992 52 5954
329037 14 178
329064 1 153
329173 10 170
329318 11 224
329417 41 4601
329557 1 114
329617 10 176
329676 1 93
329727 5 267
329804 69 7586
329933 3 70
330099 53 6898
330410 24 475
330711 14 266
330808 1 125
330811 23 315
330852 1 182
330866 1 170
330895 4 223
331750 7 167
332286 2 161
332343 4 205
333086 1 154
333255 30 2277
333467 1 639
333592 1 204
334198 1 423
334616 9 320
334674 1 2570
335718 1 139
337323 7 2869
338293 1 53
338438 2 112
338693 1 131
339853 2 385
341194 2 739
342293 11 496
343955 1 104
344018 2 737
344791 1 195
346025 2 156
346930 2 321
347702 35 1518
347705 16 1259
347720 34 3607
347733 23 1375
347779 70 2570
347800 20 847
347801 16 1864
347802 1 390
347833 1 126
347837 2149 63219
347838 249 6657
347856 4 149
347869 570 47445
347896 14 318
347922 3 386
347924 2 176
347932 30 875
347933 9 324
347934 26 11174
347941 2 368
347948 1 295
347950 1 381
347963 1 417
347969 1 331
347975 10 240
347978 2 216
347992 7 309
347995 33 823
348017 2 3040
348019 2 189
348020 1 245
348026 4 399
348033 3 230
348036 7 216
348040 4 1458
348066 74 1623
348069 20 2571
348198 5 2945
348291 1 315
348822 4 194
348886 4 579
348915 36 1069
348936 1 214
349510 21 1757
349517 1 2893
349994 33 8773
350213 1 109
350237 1 223
350245 4 119
350251 3 208
350255 1 182
350287 1 143
350299 4 253
350335 41 3129
350374 1 224
350402 19 1417
350437 1 133
350445 2 555
350449 26 14072
350451 13 2377
350477 6 4214
350479 68 11696
350496 39 14081
350893 5 230
351789 22 1311
351826 29 873
351935 4 268
352368 3 397
352601 54 1491
352613 20 443
352672 22 426
353469 1 221
353589 1 356
354009 2 292
354206 1 181
354331 7 1997
354423 2 507
354426 1 156
354602 1 99
354972 9 165
355073 1 495
355471 20 212
357323 52 5269
357324 6 183
357602 1 274
357610 50 987
357781 13 2056
359336 1 988
370695 8 206
371851 17 1888
371910 5 123
371942 5 123
371954 1 98
371974 1 216
371999 1 145
372014 3 213
372015 5 736
372022 1 276
372025 1 159
372026 7 1195
372057 2 182
372067 2 344
372097 12 724
372098 21 674
372099 3 574
372100 4 557
372101 3 316
372102 1 111
372103 1 275
372104 1 626
372114 1 104
372117 39 669
372126 9 650
372134 4 329
372140 3 120
372147 3 180
372148 38 663
372151 19 578
372159 7 214
372166 1 244
372179 2 274
372180 15 1132
372181 3 161
372182 3 419
372189 13 1588
372209 4 692
372215 1 636
372216 2 473
372220 7 600
372232 7 1595
372244 4 155
372257 6 3988
372263 40 552
372266 8 686
372269 8 1286
372274 10 508
372275 13 364
372276 11 528
372277 14 2439
372278 346 28092
372279 67 5420
372280 127 5317
372281 80 5554
372282 17 1178
372283 6 337
372284 201 7018
372285 4 647
372977 2 413
373317 6 230
373454 5 230
373834 68 44460
373848 2 2678
373944 63 1557
374128 2 4783
374633 4 158
374655 1 220
374768 1 222
374812 1 319
374815 1 310
374821 4 564
374835 2 222
374851 2 204
374867 4 789
374877 13 1434
374886 2 460
374959 8 909
374960 27 837
374961 3 1252
374962 4 795
374967 2 4003
374974 70 12901
374976 10 1116
374978 2 4182
374994 56 13993
375001 1 950
375007 1 3958
375179 1 322
376441 1 157
376867 4 120
376917 1 102
376919 7 147
376947 6 453
377094 33 559
377253 15 334
377647 11 164
377662 2 167
377756 1 126
377937 4 323
378430 23 358
378436 10 1152
379650 12 352
379926 12 319
380190 11 4356
380546 33 1451
381258 10 142
381574 4 2965
381577 2 197
385404 4 286
385746 3 370
387225 2 241
389982 7 200
393535 49 1406
393550 66 30891
393558 8 2739
393643 32 2561
393683 5 161
393684 5 156
393693 3 229
393701 7 228
393721 4 258
393742 23 2994
393747 196 58177
393749 29 255
393764 19 2086
393773 5 2486
393777 1 242
393778 6 597
393781 7 2275
393787 9 537
393820 5 1200
393826 8 2262
393828 15 301
393847 22 2167
394898 44 26758
395242 62 23266
395585 612 30629
395976 7 1478
396122 6 456
396488 2 1498
396540 3 606
396563 2 2512
396602 1 1070
396603 1 1074
396628 3 803
396655 1 1108
396669 1 276
398893 1 1152
400861 1 671
402102 36 1433
407932 1 234
408844 1 580
409622 8 960
410164 1 951
413637 19 1255
415376 1 515
415854 10 1351
418477 3 1077
418718 6 760
419414 7 530
422282 2 645
424036 1 640
427050 7 524
432226 12 610
435062 1 329
435453 1 801
437711 3 553
439649 3 799
439651 3 4134
439784 2 107
439903 1 498
441297 8 848
442537 7 535
446266 1 410
450663 3 635
451159 2 593
454258 5 1125
459316 6 2291
462104 9 1397
466580 2 732
466881 6 1353
468762 2 582
469180 2 610
474087 2 327
474127 10 1077
474133 1 643
479735 9 894
479882 2 666
480666 2 184
481360 1 1889
482187 5 551
482855 7 304
483183 1 378
483200 1 275
483221 7 503
483328 1 1159
483361 4 363
483453 2 516
483510 3 579
483557 1 897
483653 3 1992
484046 6 1374
484192 4 703
484346 1 191
484505 1 472
484539 8 330
490174 1 609
490910 6 1158
491102 2 456
492149 2 152
494259 9 721
496980 6 990
498143 6 742
499201 7 504
499702 29 761
500188 2 423
504557 6 764
505455 4 337
507102 10 434
508627 3 564
508643 1 523
509069 3 584
509125 1 285
509145 1 508
509202 1 424
509212 1 875
509256 1 594
509593 15 708
509745 2 630
509891 21 1293
510016 9 593
510189 2 569
510203 3 1395
510328 1 761
510501 3 400
510505 2 287
510551 2 293
510673 1 604
510734 3 907
510795 2 180
510862 1 345
510940 1 274
511161 1 533
511353 1 911
511390 1 798
512497 2 1672
513399 4 753
516693 8 568
521930 1 762
522893 1 326
525472 40 2326
525787 4 2409
526208 1 859
527151 1 384
527692 1 705
527793 5 867
527873 8 1183
527875 1 955
527904 3 380
528099 1 301
528106 1 752
