44 1 354
1190 2 338
2348 6 271
2934 5 295
3560 1 440
5753 1 580
6534 1 441
6968 5 5837
9166 7 17203
9456 2 477
9517 7 521
9534 6 424
12112 2 307
13415 3 371
17992 1 477
18017 1 430
18019 2 444
18025 2 449
19187 7 360
19188 4 232
22090 7 504
22099 8 489
25992 2 230
28368 7 349
29856 1 306
29862 2 343
33703 1 506
33718 1 388
37891 5 382
39120 2 257
42668 2 282
42676 1 232
45518 3 426
45833 9 623
49394 2 26545
49778 1 475
49804 1 428
52214 9 64459
52831 2 735
52832 7 810
52845 6 680
53140 2 588
53141 3 693
53317 5 5949
53318 1 1112
57973 1 360
58168 1 685
65271 1 388
67185 1 792
67530 1 326
67721 1 163
71339 1 415
72426 1 659
77112 1 69
77545 1 171
79142 4 916
79397 1 316
81828 1 568
82519 1 355
83071 1 910
83594 1 493
84212 2 140
85510 1 88
89702 1 86
90713 1 657
92021 1 334
92092 2 82
92426 1 561
93016 1 492
94482 1 49
98331 1 379
98443 1 754
106452 1 48
106671 1 409
108099 1 190
108128 2 573
109661 1 117
112202 1 305
118575 1 368
123713 2 39
123852 1 462
126072 1 577
128732 1 74
131043 1 307
135698 2 134
136320 1 393
136477 3 185
136716 2 213
138036 1 588
138736 1 46
138742 20 519
138757 1 243
139092 1 347
139193 2 298
139208 2 204
139254 4 268
139390 1 625
139626 2 333
139851 6 264
140017 2 410
140415 1 326
141485 2 95
142484 2 85
143800 1 153
144259 1 114
146043 1 302
151029 1 217
151229 1 826
151694 1 143
153240 1 285
157289 5 576
159186 2 137
160290 1 508
161890 1 548
164203 2 42
164747 1 380
165959 2 449
168679 1 695
174203 1 497
174206 1 205
176108 4 50
180187 1 51
191482 1 136
193037 2 38
195395 1 560
197000 1 539
202456 1 1374
203030 1 490
209247 2 379
213163 2 533
216262 5 561
217866 1 513
218294 1 525
218455 1 385
218533 1 360
218613 3 474
220136 1 700
220756 1 347
222022 1 295
225406 1 70
229084 1 541
229830 1 210
240535 1 44
241529 1 61
241545 1 448
241950 1 745
241963 1 79
246236 1 2012
247490 1 47
247720 1 46
247732 1 1323
248297 1 341
251353 1 53
254173 1 529
254903 1 47
260310 2 212
264506 1 192
264534 1 1446
265030 1 478
265471 1 460
271693 3 160
278461 1 437
279511 3 442
281270 2 213
286255 1 4222
286516 2 198
287985 6 959
288117 1 330
289325 3 1118
289457 2 985
290256 2 30074
295363 1 1498
299014 1 250
299852 1 297
301950 6 805
304924 1 409
307837 1 202
307891 6 958
308293 3 1117
308919 1 13545
308973 1 13545
313632 1 196
314546 5 471
316797 3 719
325694 1 496
326157 3 260
326844 9 1145
326847 1 557
328043 1 97
331639 1 487
334160 1 464
334874 1 817
336181 3 257
339249 2 410
348305 2 358
349690 5 987
352347 4 313
366355 1 412
366784 1 904
369860 5 84
371207 1 340
371307 1 354
373024 2 380
373838 1 197
376335 1 494
378425 1 503
380099 1 531
383840 2 855
392282 1 1726
393550 1 30891
393747 5 58177
394122 2 624
394565 1 531
394898 2 26758
395176 2 364
395585 5 30629
395828 1 466
395835 1 1092
397129 1 461
397288 2 256
398425 1 884
398540 1 690
400913 2 17082
401412 9 365
401688 1 702
402894 3 378
404713 1 355
407632 2 382
408890 4 448
410057 2 322
411130 1 103
414872 1 1302
415109 1 827
415408 3 78
416209 1 404
417154 1 71
422112 1 885
423054 1 1295
426580 1 875
426714 1 741
427913 1 420
427975 1 80
430072 2 343
430166 5 787
430443 1 632
430894 1 729
431247 2 848
431372 2 937
433089 1 89
433470 1 68
435046 2 703
435308 1 1190
438617 1 1971
439804 1 100
440563 5 442
440710 5 123
440747 6 404
442821 1 234
446466 2 386
447699 5 112
447999 12 467
448475 1 660
450487 1 648
454615 3 426
454852 4 614
455174 3 497
455400 1 498
455829 1 293
456756 1 377
458476 5 346
461466 1 1140
461575 1 404
462737 1 658
464990 1 840
465582 2 833
466785 3 521
467422 1 454
467875 3 809
468310 1 611
469394 3 311
469641 1 365
470023 2 525
470078 1 492
470668 7 412
471292 1 382
472280 1 422
475620 1 70
476910 1 299
477854 1 262
478359 7 131
479085 2 288
479086 1 273
481279 1 1513
482416 1 432
483040 1 657
483289 3 197
484020 1 936
484235 1 1527
484236 1 498
487587 3 567
487823 6 289
489728 1 303
490548 1 261
493004 1 90
494039 1 259
496663 1 1036
496911 1 214
497098 1 553
498091 3 361
498929 8 705
499345 1 554
502223 1 480
502265 1 1456
504231 1 845
505240 1 484
505485 2 121
508945 1 296
509155 1 273
510028 3 341
511484 1 416
511837 1 384
511852 1 1668
513604 1 590
514561 12 358
514716 1 159
516561 10 406
516700 1 87
519320 2 419
519356 1 142
520578 1 479
520961 1 1737
521966 2 564
522728 1 1246
523777 1 256
523996 3 831
525326 1 528
525572 1 981
525621 1 340
526141 1 742
526208 1 859
526245 1 331
526295 1 181
526619 1 49
526963 1 1273
527598 1 74
528107 1 550
1411 1 238
6439 1 6333
17992 3 477
18013 1 523
18019 1 444
18025 1 449
28238 1 329
28497 1 298
28501 2 388
29189 1 282
33031 1 462
34156 1 293
41323 1 523
43046 1 254
44989 1 271
54447 1 389
64019 1 720
65377 1 591
71571 1 41
71718 1 39
71731 1 40
79142 1 916
91808 1 668
91834 1 801
93096 1 449
100707 1 409
103446 1 338
118378 1 423
119662 1 367
119672 1 586
121326 1 474
132071 3 609
132313 1 564
139254 1 268
139782 1 317
139824 1 424
139851 1 264
139972 1 768
141333 1 338
148863 1 366
165026 1 563
165959 1 449
171716 1 1102
173051 1 435
180187 1 51
211029 1 450
215800 1 653
217866 1 513
221041 1 712
223540 1 1136
250865 1 828
267860 1 267
268019 1 538
277749 1 386
284139 1 125
293593 2 240
297799 1 173
298654 1 1583
301091 1 938
303716 1 174
312871 1 270
332181 1 7521
338801 1 94
355628 1 208
375738 2 201
376333 2 375
394812 1 865
396262 1 415
396322 1 283
397390 1 398
398024 1 383
398408 1 617
405031 1 69
413107 1 134
413261 1 536
416066 1 501
417293 2 403
417611 1 107
418514 1 384
419689 1 371
420226 1 196
420793 1 1101
430014 1 1554
431162 2 409
433470 1 68
433774 1 573
434195 1 94
440710 1 123
442893 2 536
448754 1 552
448980 1 225
451561 1 448
451855 1 1041
453774 1 497
456972 2 389
461323 1 221
461466 1 1140
463673 2 144
464931 2 615
466881 1 1353
471278 1 517
471551 2 594
476616 1 416
479607 1 791
481123 1 503
481190 2 450
481279 1 1513
484091 1 747
488844 1 692
492825 1 755
492846 2 306
494039 1 259
494213 1 442
496038 1 175
498091 2 361
499223 1 692
499712 1 559
500998 1 284
501138 1 586
501966 1 1827
502211 1 546
503610 1 395
504291 1 1045
506057 1 642
507669 1 53
507766 1 1012
507930 1 69
509201 1 731
510028 2 341
510604 1 291
515138 1 487
517011 1 554
519320 2 419
519506 1 395
526054 1 295
527803 1 1821
527860 1 685
4481 3 235
6342 4 217
8189 1 188
12847 3 168
13925 1 739
17837 4 384
18002 1 418
20431 4 323
21013 1 379
21025 1 396
21372 1 439
21459 1 16007
26734 2 316
27050 1 384
27337 1 199
28380 2 202
28795 1 239
30705 2 182
33561 1 3210
34136 4 297
34571 1 429
34587 1 325
40061 1 19463
40910 1 313
41087 1 149
41443 1 317
41444 1 331
44366 7 12535
47642 1 11472
49160 4 446
49166 4 467
49178 3 610
51227 2 192
51331 53 184510
51336 2 260
51338 2 140
51342 6 242
51352 2 268
53318 1 1112
55371 2 52248
55375 4 40486
55846 1 187
58702 1 87
59107 4 530
59174 3 642
63099 1 458
63912 1 214
65764 1 347
68319 1 212
69750 3 92
71200 2 600
71365 1 108
73249 1 202
74175 1 35
74410 1 1836
76001 1 180
76220 1 761
76392 2 46
77392 2 500
77643 1 594
79020 5 728
79077 1 84
79110 2 883
79142 12 916
81699 1 801
82393 2 273
84913 1 143
86957 1 524
87771 2 333
90688 2 627
92143 2 164
92231 3 1989
93153 1 1889
94787 1 254
94837 2 626
98097 1 164
98303 2 504
98443 1 754
98866 2 186
99407 3 167
99910 1 604
100350 2 194
101018 1 77
101665 1 115
101774 3 349
103000 2 266
105478 1 981
105796 7 342
107589 1 108
108102 7 245
108135 9 389
108435 2 850
111138 1 31
112202 2 305
112291 1 426
112725 1 27
114127 2 270
114622 1 184
114872 3 146
114895 7 485
114898 5 506
114900 6 532
114901 10 777
115335 3 349
115353 4 449
116148 3 243
116561 1 163
116653 2 163
116894 1 121
117158 1 563
117286 1 129
117320 1 134
117329 1 164
117805 4 99
118250 1 126
118666 2 622
119853 1 131
121784 1 360
123105 1 41
123242 2 261
124546 1 1788
124770 2 158
126105 1 694
126139 1 555
130852 1 75
131812 3 76
132070 1 292
132313 1 564
132883 2 56
134770 1 206
135414 1 258
137530 1 363
139319 1 637
140688 2 224
140756 1 321
142325 3 706
143264 4 3121
144259 3 114
145331 1 279
146043 2 302
146164 1 52
146295 1 377
147138 5 195
147208 1 120
148031 1 73
148844 3 437
150957 2 46
151229 3 826
151241 1 42
151657 1 103
152198 1 38
153236 1 210
154472 1 342
154837 1 139
157289 1 576
157479 2 180
159124 3 156
160053 4 648
161447 1 182
161450 1 64
164381 1 68
165313 1 63
167646 2 55
167839 2 178
168275 2 164
169029 1 60
169938 1 86
173353 1 110
176702 4 102
178444 1 286
179151 3 108
180648 1 665
180761 3 271
181435 1 527
184589 1 251
184744 2 505
185703 1 526
185820 1 147
186138 3 530
186726 1 265
186727 1 664
186997 2 48
188532 3 388
190203 1 148
191271 2 57
191272 2 48
192147 7 376
192311 1 235
192407 1 780
195775 6 179
199567 1 194
200143 1 166
200468 2 603
201236 4 311
201647 1 101
201812 1 37
202314 1 46
202645 3 391
202903 2 43
204531 1 390
205437 1 47
205452 5 549
206004 2 679
211314 14 526
212803 1 49
213697 1 172
215069 5 87
217708 3 340
217768 2 297
218866 1 51
222645 1 107
223986 1 479
226101 1 48
226404 2 144
226985 1 101
227220 1 53
228340 4 85
229386 1 45
231333 1 274
232194 3 322
233682 1 93
237633 1 44
240631 2 55
241164 13 552
241545 1 448
243134 4 389
247800 1 795
247809 3 757
248074 1 527
248641 1 359
248650 1 581
250264 1 332
250865 1 828
251353 1 53
251873 14 527
251943 1 275
252907 1 524
253608 3 988
253614 4 637
253781 1 46
253837 1 108
254285 1 429
254502 2 1302
256700 9 378
256835 6 243
257293 1 278
257613 1 1270
258709 4 146
261241 1 148
262036 1 280
262126 1 426
262137 1 40
262862 1 541
263786 1 1084
264506 2 192
264514 1 213
264534 11 1446
266244 1 137
267342 1 118
267835 1 342
268504 1 972
268934 2 426
272837 1 129
277240 1 175
280460 2 304
282876 1 101
286229 1 2418
289932 3 4403
290220 1 1025
293101 1 227
295133 1 341
305951 1 1060
307453 1 49380
308186 1 36306
308617 1 812
308721 1 1938
310385 1 245
311741 1 563
311757 1 292
315840 4 249
318482 1 441
326101 1 739
326129 4 67196
326555 1 158
326569 1 139
328074 3 118
330374 1 210
331168 1 157
332181 4 7521
332700 1 177
334762 1 552
338849 4 96
339189 1 3183
347704 1 337
347837 1 63219
349651 9 358
349876 1 1184
350280 1 598
351981 1 119
353647 1 608
354326 1 239
355289 2 197
355429 2 197
355599 2 197
355678 2 278
357402 1 98
357738 4 296
358200 1 5800
361789 1 120
364233 1 1261
373928 1 991
373931 5 1009
374257 1 3016
376629 1 2261
377036 1 189
377037 1 221
377197 1 8628
377490 1 218
377491 1 233
377492 1 152
378049 1 195
378066 1 324
378362 1 158
379569 1 111
381281 1 3183
381610 3 108
384489 1 463
384651 1 5256
384798 3 3365
385141 1 148
385486 1 6673
385981 3 2546
386602 1 2264
390590 1 153
391760 5 768
392890 1 192
393550 2 30891
393610 1 1165
393747 1 58177
394898 1 26758
395707 1 1877
395776 1 2404
396296 1 349
396725 1 755
397359 1 397
397490 9 417
398046 1 1608
398113 5 127
398187 9 375
398425 1 884
398542 3 329
399149 1 1963
400081 1 111
400913 4 17082
403207 5 604
403569 3 252
403903 8 359
404479 3 160
404599 5 382
404682 2 91
404754 1 383
405310 4 1066
405658 1 3015
407078 4 254
408441 1 1097
408505 1 2987
408914 7 177
408990 1 735
410690 4 670
412008 1 1108
412242 13 386
412570 1 1304
412590 11 352
414266 1 1071
414762 1 511
415109 2 827
415653 1 3455
416318 1 84
416921 2 138
417403 1 620
417797 2 804
418213 1 3418
418432 1 650
418514 1 384
419064 7 394
419198 2 40
420159 1 101
420933 1 1099
421021 1 1530
421253 1 859
421854 1 804
422074 1 472
423373 2 674
423391 1 155
423401 2 1181
423402 3 731
423584 1 80
423662 1 278
423665 1 446
423666 3 1711
423784 1 491
424230 1 1423
426049 1 108
426209 1 1349
426278 1 857
426454 1 713
426624 1 1366
427466 2 1004
427678 3 104
428313 1 1772
428536 1 121
428729 1 193
429990 1 588
431247 3 848
431399 1 50
432250 4 266
432511 10 503
432928 1 627
433516 2 285
433651 1 810
433675 4 487
434180 1 90
434829 13 400
435265 1 536
435308 1 1190
436406 1 832
436441 4 1223
437941 3 625
438673 3 902
438705 1 49
440204 3 177
441273 1 108
441470 4 259
441551 1 1786
441823 1 100
442130 2 250
442618 1 822
442947 3 276
442977 1 648
443402 1 237
443857 3 1167
444087 2 2881
444165 1 1839
446770 1 222
446853 6 1034
448643 3 960
449114 3 346
449324 1 3154
450487 5 648
451806 1 3345
452439 7 218
452775 4 275
453018 1 411
453090 1 846
453601 9 285
453930 3 120
455102 1 102
456015 1 772
456026 5 502
456957 2 1454
457014 27 739
457334 1 1691
457438 1 1679
457495 1 40
458333 1 852
458345 1 664
458464 3 672
458627 1 992
459310 2 2447
459335 2 729
461424 1 92
461466 1 1140
462340 4 1334
463536 1 578
463975 3 117
464021 3 107
464145 1 471
464589 1 45
464931 1 615
464939 2 198
465683 1 119
466118 1 218
466266 2 96
466307 4 419
467086 1 783
468349 1 111
468838 3 389
469434 3 150
469743 13 999
470078 1 492
470335 1 911
470501 12 691
470575 2 234
470729 1 335
472478 6 521
472541 1 1307
472629 1 98
472835 6 861
472922 1 1340
472924 3 407
473310 3 507
473573 2 455
474079 1 95
475434 17 613
475620 3 70
478433 1 437
478574 1 417
478878 1 1486
480998 2 55
481121 2 1385
482102 10 312
483040 1 657
483812 1 812
484020 1 936
484076 1 97
484235 1 1527
485825 1 1275
486068 1 48
486090 1 647
486207 3 110
487272 4 582
487649 17 652
487652 3 767
487666 6 676
488484 3 450
488674 1 2039
489171 10 315
489635 2 756
490542 1 191
490548 3 261
490753 2 35
490968 2 976
491301 2 828
493288 10 1045
493642 15 480
493825 1 96
493975 1 130
493988 2 76
494890 1 1202
494928 4 220
496577 3 1218
497008 1 700
497453 9 430
498024 3 86
498038 1 235
498054 5 1429
498091 1 361
498122 3 234
498226 2 243
498286 1 710
498378 1 46
498422 1 648
498929 1 705
498993 1 83
499345 1 554
499679 1 373
500516 3 90
500998 2 284
500999 1 410
501128 1 907
501148 3 895
501439 2 117
501454 1 1275
501846 2 899
501907 1 352
501933 1 455
502018 1 857
502323 9 219
503018 3 152
504223 4 299
504291 1 1045
504558 2 77
504646 1 680
504801 2 1547
504890 2 304
505766 2 626
505859 1 981
506057 1 642
506188 4 117
506610 2 98
507118 2 1918
507127 1 482
508188 1 84
508192 3 590
508612 1 256
509341 1 46
509369 5 616
509720 1 1273
510209 1 931
510456 1 417
513369 1 779
513512 1 148
513543 7 715
513722 1 927
513921 1 632
514359 1 1310
514551 1 604
514929 1 622
514932 1 1351
514940 2 267
514967 1 556
515144 2 2782
515374 2 579
517589 1 507
518552 6 261
518936 2 38
519031 2 447
519401 1 596
519422 1 646
520128 4 221
520384 2 2192
520603 1 770
520609 1 1617
520961 3 1737
521065 1 90
521167 2 55
521312 4 272
521630 1 1021
523060 2 242
523996 3 831
526141 1 742
526339 2 2581
526340 1 642
526747 2 126
527223 1 662
528107 1 550
