1709 2 943
5096 1 204
6741 5 268
10112 1 466
16850 2 577
19175 1 213
22324 1 438
26338 2 359
35342 1 143
38011 1 408
41787 2 553
45271 1 330
46614 1 194
47295 1 279
50796 2 273
51331 3 184510
56116 1 628
56118 4 390
66557 1 112
74375 2 438
76095 1 201
76112 2 356
76322 1 330
77556 1 40
87734 3 402
90321 7 566
90795 3 310
91500 1 175
110116 2 375
133036 2 576
143871 1 138
146989 2 636
158890 2 631
174387 8 899
176235 3 807
181974 1 614
183635 5 164
189739 1 194
190730 2 468
194711 3 527
201504 4 789
204941 2 121
204952 1 183
216943 1 554
218705 1 619
223723 2 276
243756 1 895
258250 1 111
265600 1 50
265634 1 39
265798 1 873
267533 1 2478
267834 3 1920
267858 1 229
267882 2 133
268100 1 1216
268151 2 174
268184 3 383
268600 1 334
268601 3 161
268603 2 2073
268604 1 605
268609 4 424
268624 1 258
268708 1 285
268811 4 1152
268834 4 185
269278 1 3175
269302 1 375
269303 1 170
269338 6 177
269339 1 130
269498 8 218
269664 3 184
269705 1 320
269724 1 279
269875 1 297
269876 5 157
269984 1 243
270039 4 258
270040 3 435
271259 1 764
283353 2 98
283357 2 84
283476 1 88
283483 1 73
283640 1 54
283643 1 153
283727 2 206
283779 5 167
283780 3 103
286270 1 2593
286393 21 1429
286394 7 2410
286400 2 145
286402 1 155
286403 6 327
286418 1 263
286444 1 901
286447 1 305
288060 1 373
288160 1 131
291592 5 131
291593 1 255
291888 1 237
291897 1 269
292026 3 5959
292146 1 4541
292442 5 369
292705 1 338
292707 1 235
292810 1 371
293316 1 218
293381 3 166
293382 1 373
301571 1 454
307322 6 207
307453 1 49380
308187 5 51551
310329 1 287
310337 3 125
310338 3 124
310389 2 572
310519 2 164
310621 4 95
310875 26 977
310876 17 443
310992 14 464
311073 1 236
311445 6 178
311592 1 199
311603 2 132
311609 1 3999
311639 1 694
311642 1 668
311644 3 165
311679 1 443
311780 1 206
311794 5 166
311795 4 178
311796 5 234
311940 1 321
311962 1 260
312063 9 207
312177 1 228
312194 1 378
325072 1 969
325095 22 1507
328926 2 1132
328992 2 5954
329110 1 641
329208 5 9390
329225 2 7875
329292 5 138
329391 6 305
329393 1 157
329481 1 310
329520 1 262
329573 1 138
329625 1 236
329769 1 180
330118 4 295
330226 1 330
330458 1 277
330582 4 150
331096 1 351
331287 4 143
331596 1 227
331613 4 103
331627 3 194
338889 2 399
342210 2 137
342684 1 84
343156 1 63
343858 2 191
347799 2 269
347837 5 63219
348712 6 258
348777 1 296
351781 1 435
351800 1 361
351801 1 344
352541 1 1060
352739 1 502
353185 7 200
353316 1 1787
353383 1 249
353772 2 304
353895 4 176
353978 1 120
354308 1 235
354354 6 237
362518 1 203
365812 3 92
365814 4 118
365816 2 157
365848 2 157
366686 2 238
368415 2 162
371773 1 772
371781 1 2030
371883 6 3015
371918 1 426
371919 11 293
371950 1 426
371951 11 293
372972 1 190
374014 13 80805
374994 4 13993
376404 1 514
376436 1 182
376456 6 223
376563 1 180
376569 1 182
376822 4 7531
376951 5 155
377288 1 365
377626 1 209
378080 4 134
378261 1 143
378505 1 189
378619 1 326
378740 1 367
378800 1 342
389129 1 71
389930 2 220
393550 46 30891
393717 8 518
393720 24 637
393722 1 1292
394898 3 26758
396717 2 548
398969 1 31
406437 2 132
413327 5 761
423684 4 1339
423875 1 94
426107 4 188
429435 1 348
448675 1 55
461239 1 222
466010 5 766
470799 2 362
484446 1 50
497478 4 766
502008 1 66
514635 2 151
520241 3 297
455 27 18030
509 2 517
892 3 362
1050 11 410
2181 12 266
2540 53 2782
2641 23 17392
2678 27 522
3255 22 450
3998 3 347
4137 32 16130
4338 76 16989
4464 16 516
4654 1 447
5047 3 537
5050 7 402
5654 7 363
5661 5 332
5674 1 19
5884 25 996
5885 29 1068
5936 16 584
5942 12 417
5944 20 703
5956 18 562
5991 21 673
5992 21 673
5993 21 673
5994 21 673
5995 23 691
5996 22 684
5997 21 673
5998 21 673
5999 21 661
6000 24 673
6001 24 673
6002 24 673
6003 24 682
6006 4 550
6008 15 593
6009 21 669
6010 21 631
6013 20 685
6014 21 715
6015 21 715
6018 7 582
6023 19 645
6024 21 652
6025 21 652
6353 5 368
6367 29 17463
8136 6 369
8148 31 17754
8740 7 473
8742 2 330
8797 3 534
8810 2 491
8815 3 478
8816 3 434
8822 4 476
8832 4 570
9571 2 439
9717 19 311
10112 3 466
10997 9 517
11001 4 359
11002 5 329
11315 12 320
11328 9 389
11445 10 252
11819 6 339
12955 27 583
12971 1 549
13021 2 720
13203 25 602
13233 18 436
13318 11 391
13321 6 534
13573 5 201
13731 15 531
13860 2 267
13912 39 17501
14112 15 613
14117 2 408
14130 5 329
14131 1 456
14132 3 237
14134 11 765
14164 11 421
14170 9 144
14474 19 547
14476 15 604
14763 3 343
14831 15 409
14836 14 307
15388 2 260
15725 4 676
15749 1 592
15860 1 272
16603 2 478
16643 50 3816
16657 12 502
17027 1 640
17152 1 558
17591 2 259
17941 9 357
18250 13 289
18568 7 206
18723 7 278
19124 14 442
19139 24 731
19690 2 458
19699 6 456
19713 28 301
20203 3 366
20706 14 560
20707 10 663
20756 1 600
20765 2 513
21267 4 575
21526 34 316
21529 18 323
21530 29 467
21533 26 391
21536 15 470
21543 4 656
22159 12 509
22175 8 448
22189 12 431
22239 10 300
22247 13 486
22275 9 291
22324 5 438
22341 7 433
22770 3 429
22910 6 260
24185 8 310
24199 8 321
24202 8 218
24210 18 444
24309 5 535
24579 9 255
24592 11 350
24744 28 549
24747 18 553
24748 9 212
25266 14 550
25656 28 15042
26023 11 326
26026 11 344
26027 11 258
26353 14 265
26382 5 231
27280 7 367
27341 1 337
27424 24 13034
27595 11 393
27597 8 122
27604 17 354
27930 2 469
28207 15 614
28230 3 340
29542 3 243
30091 1 241
30578 6 297
30686 61 4151
30824 20 570
30886 3 732
30963 1 97
30988 2 695
31026 1 320
31412 4 248
31629 42 21435
32614 1 203
33370 1 230
33692 1 539
34059 1 418
34116 7 450
34246 37 19523
34882 15 449
34935 5 185
35128 1 313
35143 25 657
35157 11 613
35186 2 281
35491 7 366
36424 15 488
36433 1 470
36498 38 20156
36675 3 466
36735 1 419
36802 83 29903
36870 8 321
37837 3 451
38011 7 408
38941 3 303
38942 1 260
38943 1 540
38985 2 535
39476 1 268
39705 4 479
39999 5 304
41390 2 468
42508 18 593
42509 14 494
42540 17 262
42694 3 480
42916 21 476
43640 28 18238
44035 5 297
44465 2 382
44466 4 334
45065 6 374
45271 7 330
45425 4 344
45808 29 778
45872 23 15512
46657 1 367
46976 1 358
47281 5 313
47295 4 279
47546 1 526
48805 34 611
48808 5 272
49394 16 26545
49913 2 429
50121 20 613
50411 7 239
51190 3 349
51819 18 489
51820 29 467
51823 26 391
51826 15 470
52214 27 64459
52566 1 342
52678 34 15365
53004 25 198
53450 1 554
54527 34 19068
55632 1 108
55648 1 326
55720 1 233
55887 1 144
55891 1 1041
55962 1 80
56000 3 562
56038 4 386
56091 2 745
56116 2 628
56118 3 390
56127 1 414
56353 1 222
56388 1 320
56408 1 1131
56479 1 231
56577 11 581
56597 3 566
59013 12 795
66557 3 112
67738 2 46
68079 3 139
76112 3 356
76322 2 330
77040 10 277
77141 4 82
77556 2 40
82185 15 605
83197 1 115
86483 11 360
90321 11 566
90795 5 310
91500 1 175
110151 1 664
114526 9 837
123282 1 300
123759 6 106
141587 53 1689
142940 5 261
143871 3 138
146989 10 636
164092 4 382
171805 2 161
174387 1 899
175545 3 267
177169 1 675
177959 2 128
181974 1 614
183635 4 164
184409 6 598
186129 3 194
189739 5 194
194711 3 527
204941 2 121
204952 1 183
206527 1 561
206798 1 683
216943 2 554
218705 3 619
223565 8 214
223723 6 276
226623 6 195
227939 2 123
230075 1 627
231292 2 245
231700 2 633
243756 2 895
244345 3 374
248890 1 81
254636 4 84
255687 7 764
256905 2 294
258250 3 111
261717 3 72
265600 2 50
265634 2 39
265797 1 142
265798 3 873
265810 60 16729
265813 15 4655
265816 66 25803
265817 2 644
265822 9 5726
265832 1 889
265845 70 17259
265854 30 21100
265856 6 1051
265863 2 413
265869 1 1590
265968 2 235
265993 1 94
266280 1 469
266664 1 569
266719 1 589
266737 1 242
266738 2 559
266922 5 719
267367 2 240
267404 2 872
267438 4 194
267448 2 593
267454 1 1603
267469 2 542
267508 1 456
267515 1 880
267524 1 290
267532 4 401
267533 20 2478
267537 2 312
267538 1 187
267543 1 1097
267577 15 6751
267620 4 767
267631 1 2350
267633 1 1909
267634 2 1621
267637 1 507
267648 1 271
267650 1 325
267663 13 5386
267733 4 1986
267740 2 643
267770 2 825
267772 1 1719
267777 4 371
267778 16 5216
267779 1 520
267794 3 869
267826 1 272
267834 21 1920
267839 1 284
267858 1 229
267864 5 1514
267868 1 232
267879 2 226
267882 3 133
267889 1 363
268100 2 1216
268111 3 1122
268132 3 111
268151 1 174
268184 2 383
268314 6 490
268389 2 326
268522 1 799
268600 1 334
268601 4 161
268602 6 1348
268603 25 2073
268604 14 605
268609 1 424
268624 1 258
268708 2 285
268811 13 1152
268834 7 185
269278 2 3175
269284 1 136
269298 1 129
269302 3 375
269338 5 177
269339 1 130
269342 10 144
269487 2 138
269493 2 170
269498 10 218
269509 3 168
269563 7 118
269659 5 141
269664 6 184
269705 12 320
269872 2 357
269875 6 297
269924 1 239
269984 2 243
270039 4 258
270040 7 435
270117 10 383
270210 33 445
270611 2 290
271083 4 151
271086 3 179
271259 10 764
271526 1 121
272269 2 4027
272332 5 189
272575 5 199
272774 3 133
272900 2 154
273182 3 333
273837 2 147
273922 1 124
274139 2 734
275093 1 289
275661 1 486
276078 22 5007
276337 1 118
276856 18 439
278558 1 149
279096 45 5450
280123 1 152
280387 1 244
280763 3 147
281054 4 1643
282902 1 154
284170 1 419
284230 4 532
286087 1 223
286204 3 1121
286228 7 2804
286270 6 2593
286393 8 1429
286394 16 2410
286395 3 207
286396 6 168
286398 2 101
286400 1 145
286401 1 80
286402 2 155
286403 9 327
286407 2 125
286408 1 79
286409 2 93
286410 1 108
286413 6 239
286418 6 263
286442 3 345
286444 3 901
286447 3 305
286448 2 343
286452 1 86
286660 10 1065
286760 3 438
286810 3 380
286972 6 461
287024 5 1042
287119 3 118
287138 5 1054
287502 1 658
287995 1 537
288060 2 373
288097 5 209
288160 1 131
288187 1 614
288204 2 650
288216 1 692
288798 1 166
289378 2 272
290256 2 30074
290310 1 385
290435 25 8814
290440 76 15196
290441 23 2293
290465 70 15747
291592 9 131
291593 11 255
291689 1 1872
291704 2 300
291888 2 237
291897 1 269
292013 3 333
292026 55 5959
292067 2 180
292119 12 814
292146 25 4541
292251 48 1111
292305 3 151
292442 5 369
292466 5 135
292487 12 669
292551 3 312
292707 3 235
292810 2 371
292819 2 207
292886 10 2418
292917 10 2418
293044 7 202
293059 2 317
293247 1 152
293316 3 218
293381 4 166
293382 2 373
293389 3 259
293401 2 195
293419 7 157
293681 2 173
295126 1 141
295177 3 161
295314 22 370
295705 1 86
297268 1 144
297752 1 284
297787 2 375
298370 11 451
298580 1 174
298680 6 473
299778 49 5938
300131 1 1044
300622 1 318
300702 1 177
301571 1 454
301872 1 72
303734 11 25485
305931 4 349
305989 2 1612
305991 2 1188
306018 3 129
306175 145 10421
306187 1 256
306237 205 26903
306284 2 21202
306304 2 409
306341 13 2643
306538 63 2068
306624 1 342
307096 8 263
307268 7 329
307322 2 207
307357 1 383
307393 1 1352
307453 130 49380
307741 3 403
307762 6 3336
307846 1 78
308037 2 749
308246 6 20735
308721 9 1938
308772 2 2076
308810 2 2076
308907 29 13313
308919 70 13545
308929 81 12027
308947 38 16976
308953 59 14138
308961 29 13313
308973 70 13545
308983 81 12027
309001 38 16976
309007 59 14138
309244 1 188
309594 1 271
310329 4 287
310337 4 125
310338 9 124
310389 2 572
310433 3 1136
310437 1 153
310501 1 435
310503 2 145
310519 4 164
310567 7 204
310621 2 95
310840 49 4335
310844 1 97
310875 34 977
310876 25 443
310992 13 464
311169 5 832
311258 1 127
311259 1 150
311305 5 231
311436 2 356
311445 2 178
311466 1 456
311578 1 570
311592 1 199
311603 5 132
311609 7 3999
311634 3 188
311639 2 694
311642 4 668
311644 4 165
311679 3 443
311780 3 206
311794 3 166
311795 7 178
311796 7 234
311856 3 124
311915 13 691
311940 1 321
311962 2 260
311972 2 168
312031 2 173
312063 9 207
312081 1 224
312151 1 247
312177 9 228
312194 1 378
312533 2 149
312572 2 165
312617 2 313
312619 6 2636
312627 7 459
312845 3 162
313030 1 379
313442 1 144
313451 5 346
314011 6 205
314528 1 189
314631 1 512
315421 3 147
316137 1 239
317844 6 309
319040 1 162
320247 27 10051
321975 5 2794
323470 1 319
324037 2 313
324552 1 295
324903 3 405
325051 2 1863
325066 1 1983
325072 2 969
325095 45 1507
325096 12 5659
325129 5 1554
325374 2 3698
325410 29 1084
325484 40 1752
325493 48 1103
325542 49 3842
326015 7 247
326017 2 342
326129 49 67196
326725 1 605
327047 1 349
327114 4 615
327122 7 16929
327123 7 16927
327157 4 400
327384 114 19585
327394 48 22044
327407 94 18061
328926 35 1132
328992 57 5954
329036 19 3798
329110 1 641
329124 1 219
329208 40 9390
329225 36 7875
329226 71 8776
329292 2 138
329391 7 305
329393 1 157
329401 22 3738
329418 1 1604
329476 59 4825
329481 4 310
329493 28 7227
329512 55 1341
329520 9 262
329552 6 169
329569 37 7587
329573 1 138
329729 2 207
329769 1 180
329804 30 7586
329853 6 152
330118 1 295
330226 9 330
330458 7 277
330486 7 101
330582 6 150
330604 2 104
330776 4 149
330853 7 127
331096 5 351
331099 1 354
331101 7 312
331287 2 143
331432 43 8083
331596 1 227
331613 1 103
331627 4 194
331725 30 1685
332370 1 568
332573 5 139
334056 1 112
334678 1 164
334862 3 757
336719 14 6871
337267 1 470
337343 5 389
338830 8 179
338889 6 399
338978 1 221
341257 5 945
342161 1 1115
345231 1 358
345297 3 246
345618 8 300
346974 2 616
347457 10 2912
347738 26 2893
347788 1 2794
347799 4 269
347837 89 63219
347869 538 47445
347982 44 2493
348102 19 1195
348712 3 258
348721 5 216
348777 6 296
349000 5 392
349517 8 2893
349585 7 5219
349829 1 2300
350449 87 14072
350451 34 2377
350479 57 11696
350496 70 14081
351781 2 435
351800 10 361
351801 8 344
352190 8 267
352541 1 1060
352626 7 7519
352690 6 456
352739 2 502
352963 10 332
352967 15 2555
353185 8 200
353316 14 1787
353383 1 249
353467 6 209
353772 10 304
353797 6 147
353895 2 176
353905 6 552
353968 19 1334
354042 13 3333
354103 65 2929
354266 2 317
354308 9 235
354354 10 237
354415 1 103
354450 34 8639
355058 2 208
355438 2 160
357360 12 375
358396 5 3630
358562 1 388
359297 4 1752
360481 4 194
362518 1 203
364108 24 3502
365267 4 1745
371721 16 4737
371772 7 4220
371773 2 772
371781 25 2030
371783 5 788
371882 11 1923
371883 56 3015
371918 1 426
371919 8 293
371922 1 98
371950 1 426
371951 8 293
371954 1 98
372026 11 1195
372034 1 232
372088 1 566
372146 6 5349
372244 11 155
372278 21 28092
372373 7 366
372406 104 14595
372972 6 190
373834 12 44460
374014 1 80805
374045 8 2822
374224 1 326
374381 9 2931
374967 15 4003
374974 76 12901
374994 84 13993
376293 18 152
376386 45 9418
376404 2 514
376436 1 182
376456 7 223
376563 1 180
376569 1 182
376610 48 7750
376822 36 7531
376951 5 155
377072 1 153
377174 82 4120
377197 52 8628
377288 1 365
377305 8 138
377560 26 6597
377626 1 209
377648 7 159
377935 8 3616
378050 6 942
378071 55 7768
378080 6 134
378261 1 143
378322 3 594
378444 1 337
378505 6 189
378534 1 292
378619 2 326
378740 3 367
378800 6 342
378966 20 270
379611 3 132
379684 3 132
380209 4 1238
380314 5 125
380547 8 4345
381551 1 187
381991 24 6428
384311 2 245
384841 1 366
385486 19 6673
385979 49 3672
386507 1 556
387618 4 1790
389514 2 518
390259 2 206
392566 5 729
393518 1 633
393526 61 8178
393550 39 30891
393635 2 1276
393673 21 10585
393717 5 518
393719 1 448
393720 27 637
393721 2 258
393722 21 1292
393724 28 2280
393728 2 112
393729 2 93
393742 8 2994
393744 5 104
393747 74 58177
393766 1 2082
393826 6 2262
393845 17 2852
394103 23 2220
394137 4 1990
394898 84 26758
394960 5 727
395200 3 189
395242 19 23266
395257 2 252
395810 4 5761
395947 4 5473
395950 2 1711
396258 25 38258
396329 1 2994
396355 1 1338
396396 1 1010
396469 2 1636
396488 1 1498
396506 3 1581
396507 4 673
396528 1 1287
396563 1 2512
396602 7 1070
396620 1 1546
396628 3 803
396675 2 809
396717 3 548
396745 1 382
396772 1 792
397071 1 311
397166 1 411
397169 6 182
397175 2 395
397192 1 630
397208 1 671
397209 3 1046
397214 4 297
397314 5 186
397328 1 376
397369 1 110
397608 1 346
397766 1 508
397799 1 764
397862 1 1616
398767 1 729
398857 3 579
398875 3 1046
399092 2 846
399133 2 794
399305 4 1405
399356 2 699
399357 2 191
399450 8 381
399494 4 1726
399718 10 1042
399729 1 349
400150 1 803
400255 1 274
400257 1 427
400266 4 483
400267 2 410
400311 1 320
400370 1 657
400543 2 659
400545 1 417
400581 1 425
400608 3 885
400620 1 1029
400621 1 482
400670 2 463
400997 2 1415
406049 30 1791
411633 14 1316
413327 4 761
422392 3 89
423684 1 1339
423875 1 94
426296 3 139
429435 3 348
442148 3 1045
452366 1 516
456984 20 590
457078 4 274
461239 4 222
466010 9 766
470799 3 362
471683 3 1195
472715 1 707
475877 2 516
482612 2 1228
484897 2 707
485967 5 944
486524 3 349
487156 9 158
490800 3 1300
495606 1 331
495635 2 1064
495862 1 671
495880 6 579
498988 3 257
499096 4 1721
503059 2 186
511932 6 544
514728 17 298
514855 45 2107
515027 2 177
520131 1 181
520241 1 297
522434 8 246
527282 1 1014
527316 1 1613
527514 5 731
527518 2 595
527803 2 1821
528001 1 427
528147 1 223
