876 1 455
7061 9 309
7062 2 279
11771 3 386
19357 1 203
19364 1 388
19384 2 341
19387 1 377
24104 2 224
24105 2 411
24108 3 381
24110 2 611
24132 2 409
31577 1 1030
33561 1 3210
35419 1 319
44034 1 334
46935 5 367
51302 1 154
55843 14 470
58453 8 374
59700 1 104
59745 3 410
60962 2 427
69431 1 29
70773 8 153
71561 3 240
73002 2 31
73014 2 31
75728 20 388
77864 2 68
80306 9 389
80488 2 29
82977 1 2067
83099 4 627
83528 1 1189
86504 5 228
92247 6 140
94651 2 130
94704 1 225
95005 14 892
97057 1 118
97239 2 479
98356 1 361
101072 2 799
102591 5 116
103409 3 220
103530 3 239
104623 2 139
106532 2 221
108868 3 105
108906 6 169
112837 6 1020
114666 1 107
116210 2 220
117356 4 205
120453 1 403
121753 1 550
123009 1 140
123526 1 556
123543 5 322
123545 4 531
123546 2 737
123695 11 639
123698 1 464
129267 9 247
137573 1 668
142521 6 278
150212 1 141
157285 1 465
158017 10 354
158542 5 552
161560 2 733
164604 5 360
165363 1 598
165893 1 471
165913 4 94
166528 2 76
166633 1 224
168008 10 351
169606 3 434
170007 1 420
171093 9 809
171351 7 235
172125 7 304
172739 9 432
173456 3 150
174338 3 80
174528 1 206
174794 7 208
176440 1 655
178604 9 589
196281 7 617
196834 4 105
197032 3 79
200050 2 72
200171 3 638
201297 3 539
203352 2 286
203823 1 103
203856 3 411
207000 3 175
208589 1 236
211374 1 921
214958 1 567
216564 6 225
216686 5 112
217505 3 1250
217571 6 192
220581 5 186
220583 8 302
221309 2 504
221449 4 170
221906 4 628
222203 3 227
224816 4 263
224829 10 395
224830 14 664
224831 8 655
224832 9 345
224833 4 502
224834 8 600
224835 12 433
224836 5 328
224837 3 326
224838 5 317
224839 2 468
224840 7 291
224841 5 421
224842 16 771
224843 4 223
224844 10 633
225121 2 1337
226799 2 192
227121 2 172
227569 1 738
228753 13 532
228804 3 1268
229753 3 588
229754 1 571
229910 5 347
230393 1 426
231270 4 266
233107 12 476
233564 13 392
233568 11 385
233791 13 262
233795 8 358
234644 3 63
239187 5 446
239554 11 292
239771 6 133
240015 2 111
240183 14 569
241036 3 229
241292 1 111
242172 14 300
242279 5 146
243187 5 229
243882 7 295
244101 5 174
247708 15 535
247720 1 46
251578 2 45
253076 1 729
253078 4 705
254903 1 47
255021 2 1027
256955 1 732
258492 3 125
260283 1 623
260354 2 200
260573 2 53
261245 2 52
262240 2 511
262264 1 798
263203 4 153
263481 4 181
264022 9 345
264115 7 280
264242 10 500
264245 13 406
264398 10 668
264400 6 319
265854 1 21100
268989 1 106
274352 1 125
280538 23 1155
280539 2 106
280540 3 163
280663 6 153
280664 14 344
280691 5 237
280693 9 201
280694 5 127
280814 5 196
280815 7 142
280923 11 205
280924 3 62
280925 6 166
280927 9 271
280928 3 184
280929 8 226
280930 1 85
281004 8 178
281117 2 194
281119 4 175
281120 2 162
281121 16 328
281122 4 190
281125 4 219
281126 3 132
281133 5 117
281208 6 155
281210 8 197
281212 4 136
281213 3 93
281214 17 584
281320 2 160
281321 2 73
281327 1 93
281359 9 289
281393 7 154
281414 3 212
281476 3 203
281482 1 202
281483 8 588
281484 21 1561
281615 6 211
281616 5 146
281617 3 121
281619 7 235
281620 5 118
281621 12 175
281729 1 121
281731 6 195
281732 9 475
281733 3 145
281829 1 155
281844 3 183
281845 4 181
281846 3 234
281848 7 125
281849 6 132
281856 5 129
281926 2 122
281964 3 105
281969 1 225
282053 8 430
282056 1 115
282174 2 86
282175 5 190
282176 6 227
282177 4 156
282178 6 234
282179 11 256
282301 5 119
282390 6 156
282391 5 209
282436 5 271
282468 2 276
282469 3 203
282588 6 170
282589 11 241
282590 2 165
282592 4 150
282596 1 110
282597 8 168
282600 1 169
282605 1 133
282676 3 105
282687 7 308
282688 4 384
282689 1 121
282690 3 316
282814 1 188
282836 8 166
282838 8 239
282839 12 397
282840 5 341
282841 5 200
282842 7 161
282932 7 153
282943 9 368
282952 2 157
282953 3 143
282956 8 284
283147 6 163
283148 4 140
283233 3 106
283235 4 429
283236 2 209
283260 10 241
283263 10 264
283457 5 254
283458 4 197
283462 1 193
283570 3 212
283571 5 252
283604 1 259
283621 3 102
283623 3 330
283624 2 270
283628 2 92
283629 3 107
283630 6 359
283783 7 269
283784 9 262
283785 5 147
283789 2 151
284471 4 775
284482 2 121
284612 10 473
284647 5 107
284703 4 152
284820 4 106
287888 15 879
288012 2 133
288129 3 214
288220 1 195
288221 4 174
288222 3 337
288475 11 482
289348 4 18428
289416 1 1376
289562 5 761
289564 12 512
289565 18 734
289566 2 115
289567 3 148
289568 6 523
289569 4 553
289575 1 720
289782 1 2632
289827 3 566
289828 11 490
289935 14 628
289956 11 204
289958 1 344
289959 1 198
289960 4 177
290047 1 2728
290105 16 882
290106 3 594
290107 5 335
290108 23 967
290109 8 183
290110 4 617
290111 10 563
290112 9 426
290148 2 3390
296490 1 89
296560 1 140
297051 1 603
297604 2 1696
301380 10 220
301396 1 213
301456 2 99
301457 6 180
301459 4 152
301554 2 250
301555 2 128
301590 4 733
301690 5 278
301693 8 188
301694 7 154
301695 5 233
301845 3 201
301862 6 115
301902 5 171
301903 3 236
301904 5 189
301980 4 109
301981 6 192
301982 4 162
301983 9 214
302006 6 136
302023 3 128
302024 5 272
302025 3 162
302026 6 151
302027 10 198
302028 8 244
302029 10 205
302030 7 355
302129 7 185
302130 3 183
302132 3 202
302257 7 188
302258 3 211
302259 4 169
302260 11 235
302402 1 82
302403 1 156
302405 3 214
302429 6 289
302468 6 677
302525 7 134
302526 6 153
302530 7 171
302531 4 201
302641 7 246
302642 5 175
302644 4 131
302679 3 138
302869 6 310
302870 2 135
302871 3 166
302872 3 220
303268 5 273
303269 3 346
303325 6 192
303370 8 219
303425 4 121
303427 2 189
303555 8 281
303556 8 208
303557 2 177
303558 7 217
303653 3 178
303656 2 109
303734 11 25485
303785 9 425
304007 1 103
304177 6 229
304371 7 311
305079 8 752
307275 5 271
307294 7 313
307937 6 165
308419 34 1368
308540 4 542
308541 4 276
308546 4 629
308553 7 8271
308638 4 645
308639 5 209
308640 8 422
308641 24 994
308642 1 383
308649 1 658
308740 11 615
308747 3 378
308748 5 264
308749 6 281
308750 4 543
308785 2 4454
308823 2 4454
308929 2 12027
308947 1 16976
308983 2 12027
309001 1 16976
320450 2 108
320456 2 190
320567 4 181
320613 1 157
320614 1 129
320615 4 260
320616 7 114
320617 5 167
320618 2 233
320619 3 189
320792 1 157
320950 2 121
321133 2 234
321134 1 150
321135 1 151
321136 1 125
321137 1 273
321138 1 131
321140 7 212
321141 8 206
321233 3 216
321234 6 226
321236 4 266
321238 5 150
321370 2 209
321453 2 134
321454 6 393
321455 1 71
321456 3 136
321457 1 156
321459 1 138
321461 8 155
321462 1 155
321588 11 452
321589 3 172
321590 4 191
321591 3 200
321592 8 358
321595 4 108
321598 2 129
321599 2 137
321751 4 522
321770 1 106
321977 5 87
321980 5 150
322140 3 196
322304 5 186
322305 5 160
322306 11 362
322338 6 173
322371 4 140
322615 3 191
322622 4 140
322623 2 137
322636 1 163
322844 7 258
322849 2 124
322981 4 100
323051 6 183
323053 3 132
323055 5 128
323093 12 641
323094 1 77
323174 2 167
323176 7 162
323184 1 118
323293 5 611
323355 3 173
323357 5 186
323473 3 165
323479 3 164
323482 2 72
323483 1 168
324754 1 702
326116 3 409
326129 21 67196
326264 5 86
326815 1 842
326896 2 1203
326951 17 619
326952 23 1489
326954 2 229
326955 3 295
326956 14 743
326957 1 360
326958 11 468
326959 7 564
327007 2 468
327036 1 1566
327037 6 296
327045 14 1271
327046 2 382
327048 12 966
327064 1 1208
327085 1 2494
327155 1 1572
327156 1 1597
327178 5 275
327179 17 1735
327180 20 1014
327182 1 209
327188 3 662
327189 2 901
334074 1 112
336404 1 429
341901 2 152
341902 9 210
342185 8 170
342186 6 157
342187 11 165
342188 3 467
342255 2 85
342349 8 202
342352 3 145
342354 2 121
342355 2 91
342356 2 201
342358 3 152
342419 12 305
342498 5 126
342499 9 340
342501 14 423
342502 3 127
342504 6 161
342505 5 109
342507 5 132
342563 1 195
342565 4 178
342589 13 469
342641 2 996
342693 2 294
342720 15 452
342721 11 360
342723 10 540
342724 5 248
342725 6 242
342729 5 187
342732 4 383
342823 3 154
342859 6 194
343030 5 159
343033 4 135
343036 2 124
343038 3 205
343079 8 151
343185 7 204
343186 3 133
343187 8 160
343191 1 140
343192 5 381
343348 2 77
343350 1 86
343352 5 141
343354 4 147
343388 2 339
343474 2 187
343478 5 129
343479 6 119
343649 8 175
343651 4 222
343770 1 180
343771 4 124
343772 4 211
343947 2 2644
344067 7 160
344231 7 211
344232 6 215
344234 5 275
344402 4 142
344403 5 161
344404 4 285
344405 7 144
344408 8 148
344409 4 98
344410 5 144
344411 5 147
344412 5 200
344504 2 156
344617 3 198
344618 1 154
344619 2 135
344620 7 371
344627 2 149
344637 5 210
344638 11 229
344788 5 202
344789 5 196
344791 4 195
344898 3 95
344922 3 174
344924 1 169
345017 3 151
345069 9 221
345286 3 126
345287 2 152
345303 10 223
345305 6 253
345368 5 91
346660 6 199
348186 4 433
348270 5 108
348867 5 612
349035 5 112
349600 15 879
349601 9 424
349602 7 449
349746 1 797
349777 8 548
349778 29 963
349780 9 414
349781 3 863
349782 2 841
349783 18 442
349784 3 794
349932 17 597
349934 3 1580
350094 3 457
352772 6 193
353154 13 539
353155 12 334
353234 4 296
353235 9 213
353456 1 95
353492 6 302
353493 5 312
353868 1 142
365838 3 115
365891 2 148
365892 5 127
365923 6 166
365924 4 128
366011 21 503
366030 2 113
366031 4 236
366183 4 140
366273 10 371
366274 8 170
366275 9 200
366276 7 235
366277 7 373
366278 2 118
366279 5 210
366280 4 143
366281 1 99
366282 10 287
366345 7 195
366483 15 567
366484 4 169
366579 4 105
366580 4 328
366582 9 207
366584 1 156
366585 4 169
366745 7 263
366914 7 162
366915 1 119
366916 3 113
366920 1 130
367032 5 223
367089 4 451
367091 3 243
367092 1 265
367253 1 265
367508 4 158
367509 2 388
367510 3 164
367545 14 726
367608 4 109
367718 4 282
367719 7 185
367895 3 401
368056 1 141
368231 9 321
368232 2 97
368233 6 137
368234 3 130
368240 1 117
368242 3 149
368281 2 176
368355 5 108
368453 16 318
368454 3 104
368456 3 158
368488 4 189
368505 4 187
368652 4 124
368698 4 169
369091 4 366
369098 1 116
369184 1 90
369310 2 91
369311 2 103
369312 2 117
370026 17 323
370252 11 245
371655 1 322
371721 1 4737
374081 4 315
374082 1 297
374083 11 331
374084 3 604
374087 5 454
374155 1 1768
374176 24 560
374178 1 995
374181 6 173
374249 6 1370
374250 10 363
374356 28 1219
374361 6 1235
374365 9 696
374455 8 434
374456 10 190
374457 10 363
374458 7 614
374459 3 390
374460 8 290
374467 15 332
374488 5 650
374550 15 332
388130 7 176
388133 8 153
388134 5 355
388378 4 130
388379 2 112
388492 5 222
388494 2 143
388495 1 77
388496 4 105
388546 16 594
388650 8 171
388674 2 126
388680 2 83
388681 7 232
388710 4 133
388865 3 208
388869 8 243
388890 3 248
388895 5 370
389150 4 383
389160 9 177
389170 1 104
389173 6 114
389174 4 199
389175 5 286
389176 5 121
389177 3 104
389179 4 145
389180 7 193
389181 7 225
389182 1 122
389183 11 650
389185 4 197
389203 8 200
389204 5 99
389257 1 230
389260 10 248
389261 10 254
389265 2 110
389360 4 105
389363 3 196
389504 3 190
389506 1 171
389624 2 200
389649 5 191
389968 7 176
389970 6 157
389973 6 166
389974 3 172
389975 2 109
390076 1 455
390088 5 132
390099 23 896
390100 7 181
390101 1 136
390105 7 173
390106 3 150
390107 3 175
390108 3 155
390242 3 97
390265 2 104
390268 5 137
390269 4 173
390270 3 126
390271 3 139
390315 1 257
390361 1 257
390640 1 1705
390654 2 89
390658 2 203
390694 2 91
390695 4 179
390696 4 171
390697 1 141
390700 1 76
390914 5 292
391039 1 163
391042 4 201
391165 5 196
391166 7 129
391167 2 255
391197 5 125
391198 1 196
391226 4 300
391235 4 354
391236 4 274
391237 2 187
391255 4 202
391304 11 376
391335 2 304
391339 3 206
391341 2 169
391484 4 127
391485 7 155
391489 3 265
391504 8 587
391537 7 135
391538 5 78
391539 5 108
391540 5 396
391542 1 120
392372 8 312
392735 3 185
392849 1 1115
394898 6 26758
395129 1 3410
395242 2 23266
395640 1 17885
396014 12 959
396015 9 318
396018 3 620
396125 28 1193
396126 7 615
396127 1 326
396128 11 522
396130 4 188
396131 12 701
396147 10 5877
396299 1 217
408579 1 811
412572 1 529
414497 17 423
421634 1 641
421718 2 229
423558 2 364
423955 8 750
424229 3 767
427040 1 508
427947 5 124
428994 2 276
430785 3 499
432925 6 645
435477 4 777
437764 3 187
438432 1 108
440331 1 626
441143 1 699
442511 16 480
442814 1 644
443304 8 498
443714 5 296
444115 1 552
444116 11 766
444563 1 86
444874 1 442
445095 1 747
445143 2 258
445421 1 210
447686 6 341
450490 1 937
450869 2 120
451166 2 109
455559 3 565
459465 1 561
468891 2 204
469739 3 619
470337 1 356
470584 1 95
470831 6 586
471041 4 284
471126 2 240
471342 3 385
472067 1 458
475512 17 343
476788 12 557
478254 5 523
486888 1 114
488061 2 96
495853 4 269
500044 1 140
515590 2 104
515879 1 836
526108 1 516
33 2 19382
4338 2 16989
12671 1 694
12709 4 20008
19784 1 482
21614 2 32241
36802 3 29903
39535 1 377
42172 1 280
43185 1 451
49394 9 26545
50682 2 32839
50683 2 9266
51331 48 184510
52214 5 64459
55371 1 52248
55375 1 40486
55957 4 568
56125 3 679
58453 2 374
58725 1 94
59745 1 410
59820 3 357
59851 1 207
59884 2 439
60129 3 736
60962 1 427
63787 1 145
64119 1 249
64141 1 254
64612 4 396
65973 1 256
66880 4 387
67202 1 339
68262 1 376
70012 1 572
70470 4 589
71257 3 461
71438 3 774
71561 1 240
71781 1 669
71972 2 332
74895 1 408
75109 1 286
75154 1 218
76022 1 542
76583 1 100
76663 2 2219
76772 2 371
77415 12 840
77520 2 461
78796 1 110
80306 2 389
80697 1 592
81200 1 531
81385 1 372
82489 5 512
83528 4 1189
84829 1 593
85230 1 372
86504 2 228
87096 1 217
87878 4 722
89435 1 96
90598 4 810
91679 2 169
92130 4 281
92244 1 70
92300 1 233
92889 5 589
93714 1 1106
94704 1 225
95279 1 546
96079 2 408
96466 4 158
96810 1 203
97239 2 479
97356 1 222
98356 1 361
98491 1 177
100686 1 517
101125 4 605
101471 1 455
101671 1 203
102318 2 456
103409 1 220
103530 1 239
104843 1 403
105905 2 229
105927 2 250
106532 2 221
106673 2 558
107093 1 170
107979 1 695
108906 1 169
109146 1 153
109179 3 222
109313 3 419
110132 1 681
110227 5 100
110337 3 217
110341 1 340
110365 1 99
111510 1 273
112326 1 550
112417 1 228
112837 1 1020
112858 4 746
118513 3 207
119612 1 201
119685 3 265
119760 1 372
119818 4 275
120345 1 443
120695 4 56
121465 1 261
122227 1 192
123526 2 556
123543 2 322
123546 6 737
123695 3 639
123698 1 464
123706 2 320
124616 2 442
124891 1 462
126514 2 158
127845 1 98
128211 5 643
129974 1 195
131656 2 417
132264 1 213
132973 2 275
132974 3 575
133577 2 250
133579 2 286
133588 1 291
133605 2 713
133608 2 866
133611 1 540
133613 1 683
133615 1 1258
133625 1 230
133655 2 428
133703 1 721
133729 1 333
133772 1 625
133852 1 152
133865 1 538
133938 1 345
133989 1 490
133992 1 238
134131 1 229
134145 2 493
134207 1 235
134297 1 703
134368 2 275
134385 1 230
134405 4 342
134496 2 179
134505 1 268
134523 2 290
134530 1 194
134561 3 306
134611 1 237
134638 2 504
134736 1 194
134750 1 214
134777 1 492
134822 3 399
134992 2 439
135762 1 112
136290 1 241
136400 1 214
137573 1 668
138539 1 383
138829 1 476
139022 1 111
139132 2 357
141444 1 173
142224 1 344
142776 1 308
142964 2 566
144184 1 230
145677 1 270
146320 1 527
146550 1 777
148146 1 141
148705 1 189
149799 1 88
150026 8 564
150212 1 141
150993 1 52
151392 3 307
151644 9 745
151653 2 197
153299 3 366
158017 1 354
158542 1 552
159269 1 281
159946 4 820
160709 1 527
162847 1 357
165363 3 598
168008 1 351
169529 1 659
169606 1 434
169873 1 387
170603 1 141
171093 2 809
172739 2 432
173250 1 185
174949 1 528
176145 1 564
176440 4 655
179250 6 849
183661 1 260
185534 6 314
185887 1 237
186115 1 453
187080 1 255
194488 1 150
194566 3 733
195442 2 487
198139 4 1082
201230 1 243
201297 2 539
203352 2 286
203823 1 103
203856 1 411
208901 1 376
211374 4 921
212187 2 725
214958 4 567
216564 1 225
217505 1 1250
221906 12 628
224816 1 263
224831 2 655
224833 1 502
224835 2 433
224836 1 328
224837 1 326
224839 5 468
224841 1 421
224844 7 633
225049 1 424
225121 1 1337
227121 1 172
227569 1 738
228753 1 532
228804 1 1268
229753 9 588
229754 6 571
229760 5 639
229802 1 172
230393 1 426
231270 1 266
231657 1 301
233791 1 262
237734 3 863
239554 1 292
242172 3 300
247708 1 535
250423 6 767
251214 2 503
253076 6 729
253078 1 705
255021 11 1027
255742 3 737
260283 4 623
260354 1 200
262264 7 798
262460 2 274
264242 1 500
264398 1 668
265049 1 174
265810 15 16729
265816 28 25803
265854 25 21100
266738 1 559
267783 4 286
268080 13 1956
268082 27 1437
268471 7 888
269203 10 928
269705 1 320
270262 68 1403
271792 1 140
274348 3 533
274590 3 1117
275513 2 537
276693 1 94
276862 2 475
278626 5 946
280387 1 244
280538 4 1155
280540 1 163
280619 38 11500
280932 1 76
281125 1 219
281126 1 132
281214 2 584
281482 1 202
281483 4 588
281484 1 1561
281733 1 145
281829 1 155
281844 1 183
281969 1 225
282053 1 430
282174 1 86
282468 3 276
282605 1 133
282740 1 239
282952 2 157
283141 33 4279
283235 1 429
283243 1 65
283263 1 264
283458 1 197
283624 1 270
284126 1 167
284612 2 473
284748 2 345
285064 1 718
285244 4 245
286203 6 1398
286311 8 2409
286583 11 19748
286687 15 3175
287134 15 1199
287176 1 348
289348 10 18428
289416 5 1376
289564 7 512
289566 3 115
289568 1 523
289569 1 553
289612 11 1277
289631 1 160
289732 29 4132
289734 35 4107
289735 8 1633
289782 1 2632
289827 4 566
289828 1 490
290047 1 2728
290110 1 617
290148 3 3390
290440 6 15196
290465 20 15747
291851 73 6502
291942 13 936
292146 23 4541
292277 16 1911
292298 14 2887
292539 3 356
292616 1 482
292620 38 2829
292646 3 592
292694 1 491
292698 1 984
292716 1 1236
292727 16 1491
292729 4 674
292733 10 2116
292742 22 2010
292745 10 1118
292773 2 472
292803 38 3857
292830 3 979
292844 1 795
292890 1 237
293005 31 1837
293116 4 784
293123 1 288
293171 6 564
293261 9 2224
293266 1 558
293270 1 164
293272 1 470
293307 51 4234
293323 1 198
293337 1 222
293341 3 357
293365 1 705
293368 13 1220
293369 37 1092
293371 2 211
293424 3 638
293425 5 288
293468 1 394
293479 11 544
293743 1 1605
293787 1 396
293831 2 205
294031 1 596
294064 2 550
294071 1 2417
294082 6 1224
294085 1 291
294090 5 3338
294127 1 481
294167 5 320
294476 1 265
294494 2 214
294516 4 847
294525 11 1988
294564 4 851
294594 9 1123
294601 1 399
294696 4 434
294698 1 1294
294700 1 1037
294950 4 533
294967 34 7544
296005 7 465
296950 1 167
297459 35 4676
297604 3 1696
298293 1 142
299983 1 214
301186 1 207
301396 1 213
301415 1 1123
301554 2 250
301590 4 733
301865 14 18367
301887 1 208
301904 5 189
301935 1 351
302094 1 155
302132 1 202
302141 3 248
302403 1 156
303514 1 1138
303543 1 111
303731 15 3106
303734 92 25485
303997 2 364
305878 8 1800
305953 43 3655
306237 6 26903
306284 5 21202
307259 2 898
307453 34 49380
308192 1 3979
308419 5 1368
308513 72 8438
308553 5 8271
308638 3 645
308639 5 209
308640 1 422
308641 4 994
308642 1 383
308649 4 658
308747 3 378
308750 1 543
308907 12 13313
308919 13 13545
308929 10 12027
308947 17 16976
308961 12 13313
308973 13 13545
308983 10 12027
309001 17 16976
310840 36 4335
310963 85 3666
310990 31 2799
311214 17 3439
311584 1 131
311585 1 94
311607 26 1973
311609 35 3999
311929 1 9534
312314 20 2674
312332 1 259
312401 22 5388
312416 9 1563
312619 19 2636
313757 6 777
314334 2 392
316982 2 247
317823 3 1270
318435 3 137
320616 1 114
320617 1 167
320618 2 233
320704 1 281
320792 1 157
321133 1 234
321140 1 212
321181 1 204
321370 2 209
321453 1 134
321454 1 393
321459 2 138
321565 2 267
321588 3 452
321589 1 172
321591 1 200
321599 1 137
321843 1 329
322306 2 362
322351 2 231
322667 1 148
323174 1 167
323184 1 118
323293 1 611
323416 1 373
323474 4 206
324096 1 328
324199 9 1391
324262 2 898
324998 3 464
325063 30 2727
325096 30 5659
325105 3 111
325121 28 3700
325141 64 1173
326123 15 14885
326129 8 67196
326896 2 1203
326952 1 1489
326959 1 564
326980 14 5042
327007 2 468
327036 3 1566
327045 4 1271
327046 1 382
327122 7 16929
327123 7 16927
327155 6 1572
327156 3 1597
327174 2 901
327179 14 1735
327180 3 1014
327182 1 209
327384 17 19585
327394 37 22044
327407 4 18061
328107 2 353
328928 38 3381
328992 29 5954
329209 25 5843
329226 55 8776
329227 32 3765
329231 48 7437
329381 11 846
329407 60 7463
329412 94 7792
329417 21 4601
329476 20 4825
329493 43 7227
329569 42 7587
329576 5 1089
329804 39 7586
330099 30 6898
330767 11 2668
330940 3 207
330961 13 2274
332714 28 4448
334020 3 107
336719 33 6871
337010 1 213
337028 8 862
337131 5 422
337323 2 2869
338162 2 326
338751 1 228
342224 4 660
342641 5 996
342693 1 294
342723 1 540
343186 2 133
343348 2 77
343770 1 180
343947 2 2644
343954 1 133
344232 1 215
344412 1 200
344504 1 156
344617 3 198
344637 2 210
344638 1 229
344644 6 1302
344680 2 283
344789 1 196
344902 23 3914
345066 1 160
346024 4 1920
346062 1 82
346219 2 203
346596 3 700
347738 11 2893
347759 23 1805
347837 131 63219
347869 29 47445
348186 1 433
348428 5 302
349601 1 424
349746 2 797
349777 1 548
349781 3 863
349783 2 442
349902 24 3417
349932 2 597
349934 1 1580
349994 31 8773
350021 9 6267
350094 1 457
350138 2 2976
350177 8 1689
350449 11 14072
352213 1 185
352488 15 1108
352608 2 184
352772 2 193
352961 7 1278
353154 2 539
353234 3 296
353344 3 1244
353492 1 302
353493 1 312
353682 5 120
353868 1 142
353943 2 406
353975 1 3081
354351 68 2346
355072 7 6755
355711 1 236
357018 1 199
357578 1 216
357851 3 595
358048 3 669
358485 1 220
358642 5 720
359152 52 9815
359380 2 144
360719 1 303
361008 2 166
365756 2 359
365924 1 128
366011 1 503
366031 2 236
366276 1 235
366379 1 142
366920 1 130
367508 1 158
367791 25 2239
367879 42 2971
367895 5 401
368119 6 319
368240 1 117
370031 7 314
371041 2 245
371531 2 841
371553 2 246
371721 8 4737
371772 39 4220
372363 11 1420
372406 8 14595
373834 1 44460
374094 1 532
374155 16 1768
374176 1 560
374178 1 995
374188 8 1554
374249 9 1370
374254 34 5056
374356 2 1219
374455 1 434
374458 7 614
374483 1 1695
376472 15 3670
376522 1 214
376608 1 230
376630 6 1363
376780 9 1118
376822 52 7531
377062 3 749
377498 41 4385
377521 8 1016
377560 30 6597
378115 1 995
378276 32 2991
378314 3 255
378440 3 363
378556 70 2479
378787 4 369
378965 1 207
382385 9 1334
384059 6 554
384671 1 264
387465 4 746
388151 1 108
388681 2 232
389150 1 383
389182 1 122
389363 1 196
389495 1 130
389843 1 365
389968 1 176
390033 1 66
390076 3 455
390099 1 896
390101 1 136
390107 1 175
390315 1 257
390352 1 499
390361 1 257
390640 4 1705
390697 1 141
390778 5 128
391042 2 201
391255 1 202
391542 1 120
391976 6 81
392358 1 135
392372 1 312
392699 2 184
393232 1 392
393550 11 30891
393560 21 1516
393598 35 2116
393614 60 4956
393643 17 2561
393673 53 10585
393747 12 58177
393951 9 1337
394898 9 26758
395242 1 23266
395640 8 17885
395836 1 4836
395930 1 163
395947 85 5473
396015 1 318
396076 12 953
396126 2 615
396147 5 5877
396228 8 920
396258 147 38258
396259 1 714
396290 2 674
396298 2 639
396306 1 418
396367 4 536
396368 1 1061
396370 1 508
396453 2 123
408135 1 223
408165 2 1025
408269 1 940
408271 2 623
408378 2 852
408452 1 743
408579 1 811
408583 1 537
408647 3 820
408741 1 1245
408806 1 468
408939 1 143
408940 1 390
409083 6 504
409217 9 677
409366 3 604
409374 1 828
409430 1 1191
409537 1 540
409578 2 388
412572 8 529
421634 2 641
423558 1 364
424229 7 767
427040 11 508
432925 2 645
437764 1 187
438432 1 108
438474 2 221
442814 1 644
443304 5 498
443714 1 296
444115 1 552
444116 4 766
447686 2 341
450490 3 937
455559 1 565
459465 3 561
469842 1 670
470584 1 95
470831 1 586
471342 1 385
476788 1 557
486426 10 868
500044 1 140
510521 2 429
515879 4 836
522974 2 126
526550 7 94
527931 1 1337
527999 2 353
528005 4 340
528022 1 144
528037 1 486
528061 1 600
528098 1 607
528108 1 670
528112 2 499
