455 4 18030
801 4 494
1646 1 55438
2641 2 17392
2978 4 440
3245 12 406
3246 10 399
3247 10 472
3640 5 252
3650 2 421
3652 3 247
3655 1 283
4872 6 4703
5485 2 317
6367 3 17463
6869 20 526
6968 8 5837
7162 12 391
7455 7 362
7472 12 25628
7872 10 332
7873 11 183
8495 10 556
8714 9 647
8716 3 330
8950 2 324
9214 17 587
9216 16 418
9217 5 246
11259 1 389
11261 8 425
11650 3 8848
12337 3 229
12338 3 233
12709 2 20008
12889 15 405
12985 12 7361
13872 1 211
13912 4 17501
14399 3 229
14426 14 364
14427 6 242
14433 7 359
14437 7 220
14442 18 397
15012 1 6149
15038 11 395
16799 12 460
17712 1 702
18069 8 388
20309 9 3727
20940 3 806
21459 5 16007
21614 5 32241
21812 6 280
22464 6 315
22467 9 495
23260 12 360
24930 6 11103
25656 8 15042
26688 1 4178
27017 2 1227
27248 6 431
27251 4 543
29506 5 530
30470 2 828
30953 7 783
31577 34 1030
31649 4 4608
32618 2 200
32619 2 197
34246 1 19523
36486 13 224
36498 2 20156
36802 32 29903
38682 8 266
39758 8 282
39761 12 628
40061 1 19463
40890 1 641
41730 6 435
41736 1 375
41737 5 435
43361 5 520
43640 1 18238
44940 9 478
44946 4 416
45244 2 5086
45872 1 15512
46576 1 198
47163 6 393
47738 1 348
48456 17 232
50029 1 7097
50388 3 365
50682 3 32839
51203 2 512
51206 13 434
52214 7 64459
52642 2 6414
53317 8 5949
53788 10 553
54799 6 6492
55371 23 52248
55762 1 825
55771 1 148
55908 4 48
56643 11 366
56918 2 86
57091 8 194
57642 2 349
57841 3 133
58038 26 651
59514 3 212
60154 3 159
63646 13 176
63762 17 263
64142 7 203
64320 13 234
66791 3 196
66939 4 228
67021 7 240
67167 1 61
67917 4 701
68003 3 345
68238 15 563
68557 1 614
68912 23 620
69014 5 229
69168 18 835
69658 9 120
69760 9 163
70235 16 599
70243 5 634
70398 8 247
71052 4 153
71155 3 470
71396 1 493
71553 9 158
72349 5 201
72505 3 121
72564 4 55
73240 1 331
73310 10 176
73460 15 644
73876 1 79
74343 4 58
74732 32 664
74791 12 394
74817 9 246
74981 12 261
76131 4 219
77125 2 163
77748 12 256
77792 10 375
77797 15 274
77799 23 490
78830 16 542
78899 7 294
79353 1 484
79356 5 514
79357 5 806
79677 21 387
79787 5 82
79907 5 116
80084 1 58
80253 13 302
80813 1 536
80864 7 91
81985 11 233
82036 4 601
82657 10 213
82905 8 235
83350 3 759
84039 14 204
84436 1 435
85457 6 213
85577 5 716
85715 12 477
86316 11 320
86426 7 153
86635 1 416
86919 7 166
87062 7 199
87135 6 113
87306 7 150
87413 19 490
87677 4 181
87783 2 94
87798 4 72
87872 9 621
88298 5 206
88662 8 137
88700 11 282
88847 3 33
88896 3 303
88935 4 87
89135 1 79
90367 21 565
90592 9 1449
91187 2 161
91403 7 194
91442 13 232
91551 8 191
91668 1 598
91951 18 660
92052 15 301
92829 18 561
92949 1 57
93529 3 107
93592 4 60
93725 13 307
94340 19 592
94521 1 588
94539 6 181
96432 24 625
97967 2 429
99035 5 187
99708 49 976
99983 17 244
100886 8 127
101094 6 101
101232 10 192
101524 3 55
101539 27 708
101871 3 120
101991 7 527
102629 3 134
102755 2 184
102804 7 73
102907 16 458
103036 3 198
103141 3 244
103565 1 74
103738 1 74
104178 3 118
104179 10 146
104345 4 88
104560 8 253
104687 4 41
105632 5 159
105635 9 904
105668 11 188
107018 13 211
107058 11 168
107735 5 157
108668 9 202
110311 6 203
110534 12 247
110708 21 324
111216 1 100
111325 8 137
111698 3 110
111759 13 272
111832 4 148
111962 27 921
112061 7 165
112098 1 694
112658 13 524
113615 3 707
113764 3 228
113827 15 248
113831 16 259
114091 15 308
114154 7 191
114614 3 134
114718 15 566
114725 4 92
115561 3 182
115783 8 257
116056 14 608
116188 7 116
117168 6 194
117433 7 201
117627 5 742
117748 8 125
117913 12 248
118017 9 452
118626 6 224
118932 8 204
119245 2 716
119264 7 260
119479 1 160
119921 16 534
120522 7 220
120660 6 251
121620 16 719
121745 2 195
121844 2 281
122275 4 210
122422 1 148
122814 6 111
123436 27 577
123549 4 243
123797 11 327
123994 16 704
125154 6 246
125738 6 209
126253 4 80
126255 5 134
126332 5 237
126547 8 236
126629 8 174
126810 12 231
127615 2 230
127955 12 260
127974 12 264
128115 4 423
128474 11 160
128563 12 651
128601 7 246
128802 7 246
129158 9 173
129159 5 154
129935 37 884
129936 13 424
130020 21 693
130023 7 136
130242 20 479
130388 12 282
130580 13 297
130628 1 469
130687 10 389
130920 19 293
131167 19 293
131168 28 671
131188 13 229
131193 12 277
131233 13 229
131308 27 905
131417 12 277
131432 13 335
131526 10 205
131647 7 296
131654 3 69
131948 3 801
131956 3 798
132355 5 88
132359 9 109
132385 11 254
132400 2 48
132456 12 317
132522 12 315
132690 8 250
132714 8 197
133178 9 216
133216 3 60
133377 3 73
133575 8 255
133628 5 161
133985 12 299
133990 15 402
134454 8 147
134457 3 152
134589 14 497
134709 11 396
135015 9 120
135247 12 318
135250 13 327
135251 16 163
135252 15 396
135253 18 331
135342 31 806
135440 23 401
136003 9 214
136102 5 213
136510 8 214
136511 10 250
136614 8 213
136647 10 249
136748 3 193
136798 5 208
137004 6 234
137025 4 53
137461 9 187
137468 11 310
137692 10 191
137939 9 358
138149 7 70
138223 6 310
138226 1 122
138352 4 74
138367 4 71
138610 7 486
138645 17 271
138687 8 198
139148 5 198
139560 1 192
139871 1 297
140179 8 284
140721 19 624
140872 4 343
140989 15 334
141301 13 249
141409 7 134
142359 6 146
142543 7 104
142551 2 91
143874 1 125
143881 18 649
143884 8 757
143979 9 310
144182 7 209
144188 10 321
144230 3 166
144510 13 384
144694 5 214
144696 5 131
144709 2 713
144925 7 373
144952 3 50
144985 18 503
145103 16 166
145225 9 411
145264 7 210
145488 13 207
145803 6 141
146077 2 75
146089 2 91
146674 9 222
147561 9 200
147846 17 461
147973 9 266
148079 4 132
148096 11 375
148100 5 96
148393 7 277
149357 6 131
149868 10 245
150213 19 567
150554 1 246
151157 6 232
151687 9 245
151754 22 448
152291 11 182
152298 9 425
152304 6 283
152530 7 161
152575 9 325
152660 7 151
152832 6 150
152841 8 204
153552 8 189
153701 6 192
153925 9 231
154211 5 143
154377 4 168
154427 7 165
154482 6 164
155454 1 172
155515 12 202
155640 34 559
155890 1 133
156147 5 109
156350 3 445
156444 5 92
156670 5 652
156822 7 235
157308 2 35
157753 4 83
157754 12 236
157756 6 142
157757 12 508
157915 17 320
157990 8 249
157996 17 487
158491 7 151
158517 14 375
158655 15 310
158907 3 239
159284 11 279
159792 39 722
159796 3 550
159804 18 537
160007 10 228
160120 11 258
160597 4 178
160657 2 151
160675 11 272
160681 8 202
160901 9 225
161182 5 66
161522 5 157
161543 12 214
161691 23 450
161692 6 140
162578 4 149
163630 6 302
163645 2 216
163872 1 762
165259 4 580
165584 3 92
166142 4 180
166222 1 311
166392 4 92
167393 13 287
167424 1 361
167486 8 160
167558 7 162
167561 8 216
167826 4 243
167850 13 199
167893 9 318
168080 12 260
168115 18 428
168489 10 224
169147 11 225
169325 10 151
169328 18 493
169331 6 273
169409 4 152
169411 13 243
169425 5 146
169573 8 234
169621 6 55
169847 3 110
169883 8 159
170288 3 209
170679 27 616
171019 7 156
171020 13 493
171809 13 185
171854 28 581
172181 1 107
172441 3 128
172583 15 372
173103 9 185
173233 1 525
173392 4 775
173495 13 190
173624 5 363
173688 10 196
173774 10 285
174172 8 218
174555 10 205
175033 3 521
175358 3 121
175695 5 69
175740 4 213
175901 17 767
176161 10 181
176429 6 238
176809 9 718
177046 8 167
177696 8 152
177707 9 789
177933 7 294
178021 4 218
178318 21 586
178326 2 918
178891 5 165
179453 5 91
180095 6 147
180101 7 252
180460 6 105
180467 9 174
180978 6 203
181194 10 214
181607 10 266
181914 9 276
181923 5 274
181930 4 65
181943 16 584
182639 9 176
182685 1 186
183056 23 382
183171 12 168
183295 13 648
183405 5 79
183478 7 219
183666 8 280
183684 2 193
183718 5 267
183923 1 263
184225 27 788
184813 16 311
185664 8 296
185784 8 290
185910 6 182
186073 8 119
186345 7 267
186607 7 291
186916 8 227
186990 22 740
187183 6 108
187810 5 92
187880 1 201
187912 11 738
188004 1 426
188030 3 97
188067 9 197
188074 11 237
188500 5 329
188503 7 397
188928 14 729
189611 15 261
189808 1 649
189862 10 275
190100 13 589
190102 4 690
190261 17 261
190532 4 163
190573 1 122
190893 12 287
191560 21 337
192046 11 320
192160 16 282
192215 6 152
192482 8 175
192812 4 101
192878 4 213
194093 9 149
194561 14 470
194695 1 751
194715 7 229
194722 8 222
196343 28 524
196610 3 95
196653 8 64
196816 12 149
197580 2 748
197792 2 83
198507 4 86
200061 14 223
200685 7 195
200799 12 308
200844 8 458
201059 11 304
201122 5 147
201183 21 810
201312 8 247
201649 7 128
201723 17 476
202187 2 208
202230 32 677
202404 4 225
203408 22 553
203601 12 212
203855 9 260
203928 9 248
204796 13 210
205056 13 212
205057 6 161
205080 18 586
205158 9 96
205339 4 96
205841 17 249
206637 7 270
206832 1 113
206838 9 253
207608 5 169
208069 9 244
208327 6 194
208425 18 555
208621 3 60
208639 21 569
208838 12 277
209184 13 241
209432 2 752
209799 9 227
209847 8 116
209956 1 248
210757 1 41
210846 8 164
211521 18 474
211870 8 167
212067 14 741
212124 5 137
212707 34 663
212998 9 278
213000 12 343
213003 8 175
213128 8 609
213132 5 127
213788 6 150
214167 24 821
214342 12 142
214904 9 193
215007 2 151
215012 2 173
215237 8 109
215350 4 243
215467 20 439
215608 5 111
216683 9 353
217669 15 293
217866 20 513
218217 14 463
218670 7 306
218938 6 194
221580 2 198
221600 2 642
222127 4 180
222261 6 616
222444 6 150
222678 2 95
223157 6 378
223533 15 400
223644 3 297
223873 1 334
223959 7 142
224032 11 159
224258 1 323
224505 9 254
224634 6 133
225214 13 346
225525 10 226
227024 7 105
227029 10 156
227411 15 267
227527 1 115
228205 1 158
228457 6 287
228540 3 616
228568 11 645
228578 17 364
228602 38 566
228614 11 289
228618 18 320
229477 1 445
229547 6 180
229608 11 296
229729 9 262
229981 11 226
230278 15 343
231347 10 258
231692 1 573
232598 1 106
232779 4 60
233340 14 181
233410 6 1013
234505 4 108
234683 5 271
234704 3 199
234877 5 204
236969 5 565
237784 6 170
238562 11 229
238637 25 446
238860 8 134
239170 7 212
239320 6 92
239523 4 99
240353 3 106
240565 6 80
240675 12 189
240702 20 468
240704 6 98
240774 10 147
240919 4 223
241184 7 869
241230 1 272
241383 17 303
242269 10 171
242423 4 35
243774 1 38
243937 6 86
244834 13 317
245002 8 137
245048 6 85
245305 2 477
245339 12 219
245438 4 207
245467 13 193
245604 8 102
246309 6 81
246546 10 604
247266 5 827
247297 5 177
247301 5 216
247530 10 208
247764 8 575
248270 11 189
248401 4 144
248723 8 258
248965 16 682
249564 7 117
249618 11 249
249644 8 174
249648 9 236
249676 4 168
250028 1 562
250215 6 223
250696 16 317
251169 9 628
251638 3 169
251844 8 265
252282 1 400
253414 1 294
253617 1 597
253945 4 225
254115 6 133
254217 11 354
254240 17 489
254445 3 583
254635 4 251
254658 14 132
254803 5 78
254956 2 586
255021 1 1027
255179 1 277
255650 7 355
255659 10 320
255697 2 613
255698 41 566
255967 11 92
256431 2 547
256434 4 149
256582 1 460
256740 9 207
256991 1 581
257381 1 378
257524 9 262
257572 1 436
257919 16 667
258155 1 774
258498 4 116
258579 6 314
258615 5 167
258854 10 718
258860 1 789
258909 6 98
258952 5 166
258967 22 817
259066 11 282
259082 7 230
259099 4 186
259122 14 627
259164 12 243
259219 11 275
259345 9 231
259400 16 270
259558 7 222
260194 25 431
260195 44 684
260196 19 473
260197 24 496
260313 7 504
260317 1 822
260391 4 160
260530 6 100
260534 5 211
260554 3 142
260918 9 180
260922 3 1149
261283 7 123
261289 1 607
261315 13 229
262095 16 264
262173 10 192
262175 13 277
262252 20 631
262980 9 164
263111 13 316
263280 7 167
263498 3 719
263665 15 181
263732 12 309
263763 1 610
264221 2 66
264246 17 379
264534 1 1446
264673 1 547
265031 12 700
265032 5 242
265048 2 732
265089 5 230
265472 10 675
265473 3 217
265810 37 16729
265816 1 25803
265845 32 17259
265854 6 21100
267416 2 383
267577 3 6751
267637 1 507
267792 5 163
267802 1 217
268273 13 193
269039 6 144
269679 9 224
269726 66 906
271087 4 161
271156 4 321
271320 3 467
271569 9 212
272274 1 257
272501 1 206
272671 5 4397
272866 6 383
272941 6 321
273486 19 345
274084 8 489
276078 1 5007
276437 1 430
276976 3 513
279096 3 5450
279313 10 150
285956 4 300
286205 8 164
286313 4 480
286331 16 4171
286352 8 175
286454 1 712
286751 3 479
286848 1 785
286901 6 271
286921 1 330
286980 4 2698
286998 2 342
287000 17 329
287006 8 287
287010 1 293
287049 3 2008
287050 15 3596
287051 25 3048
287054 1 2862
287056 14 3996
287122 7 169
287143 2 2195
289754 3 3207
289920 5 7272
290047 3 2728
290159 3 640
290250 2 2125
290344 41 931
290435 6 8814
290440 24 15196
290441 3 2293
290465 43 15747
291602 3 346
291688 2 2710
291689 1 1872
291948 2 531
292039 4 250
292261 12 259
292404 17 1076
292892 36 460
293627 6 181
293720 51 7581
295654 7 148
295908 4 204
303734 1 25485
304150 2 99
304234 10 307
305116 11 288
305119 12 283
305855 10 920
305880 6 1062
305918 1 776
306127 4 548
306237 21 26903
306282 16 4220
306487 1 622
306648 9 158
307437 3 644
307449 2 453
307453 3 49380
308187 1 51551
308246 4 20735
308407 3 649
308412 4 2029
308605 4 373
308758 3 1550
308759 26 2244
308760 18 2376
308761 3 1758
308762 5 1845
308763 8 1539
308789 5 3638
308796 3 1550
308797 26 2219
308798 18 2343
308799 3 1758
308800 5 1845
308801 8 1523
308827 5 3641
308855 3 3415
308872 1 908
308903 1 5575
308907 1 13313
308919 10 13545
308923 3 3318
308947 9 16976
308953 16 14138
308957 1 5575
308961 1 13313
308973 10 13545
308977 3 3318
309001 9 16976
309007 16 14138
310343 5 114
310344 5 138
310438 9 191
310439 6 119
310544 12 582
310562 8 158
310777 1 1041
310840 1 4335
310843 18 325
311034 3 203
311222 7 121
311432 20 3846
311550 8 142
311606 18 508
312619 2 2636
312688 21 219
313055 4 188
313056 10 201
313298 3 166
313997 2 125
321734 2 385
325095 2 1507
325102 4 599
325130 1 2645
325144 2 754
325402 1 941
325422 2 458
325556 1 279
325578 4 2828
326123 2 14885
326130 1 292
326139 8 118
326902 1 840
327036 2 1566
327156 2 1597
327384 14 19585
327394 12 22044
327403 1 5903
327407 74 18061
327409 7 3377
328929 6 1182
329029 1 598
329209 6 5843
329231 1 7437
329417 3 4601
329459 6 235
329476 6 4825
329687 3 4905
330135 1 210
330465 6 147
330466 18 322
330609 9 135
330707 16 282
330716 8 1157
331432 2 8083
331485 4 113
332229 16 166
332661 13 232
332714 7 4448
332955 12 233
333178 9 151
333225 11 4023
335296 21 691
336883 1 628
347667 1 1375
347779 1 2570
347837 79 63219
347838 4 6657
347869 28 47445
347934 14 11174
348013 18 606
348045 1 1451
348068 12 1642
348069 3 2571
348127 4 690
348159 1 671
348852 1 851
348870 2 307
349716 1 469
349883 7 1144
349907 2 490
349997 4 3244
350192 8 291
350199 2 263
350449 11 14072
350479 21 11696
350496 3 14081
351801 1 344
352025 1 609
352026 20 295
352028 19 511
352150 1 1201
352601 2 1491
352818 1 2195
352893 1 619
352972 4 100
353012 7 326
353045 3 974
353787 7 145
354906 13 121
355162 59 2615
355680 2 722
356141 27 289
356953 8 147
357850 47 932
358393 4 6679
359111 4 569
359631 5 853
369445 11 287
371559 18 197
371780 2 200
372137 1 287
372142 1 413
372198 2 176
372258 30 4260
372271 3 3535
372278 4 28092
372281 14 5554
372282 4 1178
372396 10 138
372406 1 14595
372485 1 1458
373055 1 752
373146 1 1583
373159 3 821
374014 1 80805
374046 2 1110
374049 2 1713
374063 4 351
374695 3 652
374806 2 492
374967 3 4003
374970 8 169
374974 12 12901
374994 14 13993
376563 13 180
376610 7 7750
376785 12 218
376822 9 7531
376945 1 368
377197 6 8628
377884 9 422
378132 3 305
378266 2 7092
378367 3 253
378500 19 234
378559 4 909
379245 6 184
379878 6 206
380800 6 91
380801 9 124
381234 74 867
381235 56 758
381236 25 491
381237 8 175
381238 8 141
381528 17 573
381656 8 228
381989 1 4051
381991 8 6428
385663 1 196
385974 2 2977
386105 2 230
386780 3 156
387618 2 1790
388558 6 3040
391676 7 255
393524 2 1659
393525 7 3836
393550 3 30891
393560 1 1516
393561 2 2759
393570 1 2455
393575 1 2742
393580 6 2702
393584 8 1199
393599 2 953
393620 6 1674
393622 1 583
393634 2 1259
393643 2 2561
393646 8 2442
393663 2 2055
393747 32 58177
393764 2 2086
393796 4 219
393801 7 160
393807 1 320
393846 3 1228
393976 1 672
394099 3 2213
394753 2 487
394758 1 360
394765 3 348
394863 1 1204
394898 3 26758
394959 1 262
395109 1 1486
395242 1 23266
395585 5 30629
395640 1 17885
395702 3 1016
395750 3 1399
395800 3 3030
395852 1 1435
395958 1 780
395976 1 1478
396016 1 3671
396067 5 1672
396106 1 542
396361 2 809
397211 6 580
397492 3 605
398347 1 876
398883 1 721
398992 17 432
399688 6 663
400061 2 2797
400216 1 281
400345 1 113
400431 4 536
400503 2 728
400770 1 733
400792 1 551
400826 1 864
400864 4 2397
400898 1 910
400913 4 17082
401436 1 893
401619 6 87
401954 1 425
402288 1 450
404281 1 1137
404854 22 320
406249 8 112
411706 5 103
413212 1 1143
413231 1 193
413326 1 610
413359 1 711
413429 4 1512
413825 4 97
413829 1 980
414809 1 511
415078 1 594
418477 21 1077
421458 7 144
423386 1 99
426368 3 542
426610 5 95
429514 1 257
431333 28 560
436727 8 95
438887 27 817
441302 5 92
441795 10 395
445818 1 800
452402 2 1320
454257 1 509
454946 3 76
460641 4 124
462158 20 515
467986 5 100
469351 1 92
470806 3 195
472711 2 640
474380 6 122
484089 5 70
502164 24 985
503327 1 75
511521 25 1168
513042 23 761
514232 5 71
515540 2 631
518424 2 632
518468 1 420
518653 1 1007
518719 1 93
519402 1 960
519595 1 540
520609 1 1617
521208 14 309
521835 1 1987
522426 1 405
523368 2 1338
523869 3 297
524278 2 604
525677 1 1327
526596 1 483
526955 1 779
527092 1 191
527225 1 609
527306 1 1501
527420 1 747
527820 2 602
33 121 19382
801 5 494
1646 35 55438
2013 7 10046
2232 75 3252
2476 37 1666
2978 2 440
3245 6 406
3246 1 399
3597 6 525
3605 3 258
3640 2 252
3650 9 421
3652 6 247
3655 1 283
3785 1 468
4338 1 16989
4421 174 5382
4696 7 4744
5131 2 276
5485 4 317
6367 1 17463
6869 1 526
6968 10 5837
7095 108 2164
7162 5 391
7455 7 362
7472 9 25628
7872 5 332
7873 4 183
8148 1 17754
8495 1 556
8714 1 647
8950 1 324
9214 5 587
9216 3 418
9217 1 246
9677 14 699
9954 2 638
10879 171 5875
11259 9 389
11261 2 425
11650 5 8848
12709 44 20008
12889 1 405
12985 78 7361
13594 63 3653
13912 4 17501
14250 3 603
14426 3 364
14427 5 242
14437 3 220
14442 1 397
14496 103 3173
14499 163 5119
15012 2 6149
15038 2 395
15305 13 557
16487 11 4174
16799 2 460
17194 2 524
17226 2 274
17712 8 702
18069 1 388
18408 2 521
18592 7 1301
18886 4 761
18924 3 373
19385 4 349
19500 1 398
19861 11 432
20309 1 3727
20462 2 168
20814 23 13056
21377 151 4381
21459 18 16007
21614 19 32241
21756 132 4056
22464 4 315
22467 3 495
23260 2 360
23494 42 5641
23687 3 535
24544 1 548
24930 97 11103
25248 14 510
25656 1 15042
25862 4 415
26246 1 695
26686 1 6448
26688 121 4178
27017 1 1227
27248 1 431
27251 6 543
27344 86 4421
28126 4 7816
29506 4 530
29949 192 4750
29950 3 264
30425 4 648
30446 98 12899
30470 33 828
30953 5 783
31202 2 549
31577 11 1030
31846 42 5130
32618 4 200
32619 4 197
33957 4 8237
34131 18 2681
34246 1 19523
34388 1 394
34389 1 771
34722 150 13257
34744 15 1778
34995 1 371
35099 1 332
35488 1 334
36363 1 5701
36391 17 10294
36395 4 462
36486 2 224
36498 5 20156
36556 23 13014
36802 4 29903
38682 5 266
39388 140 3420
39711 16 2291
39712 12 5030
39713 72 3484
39718 3 436
39828 4 732
39830 2 643
40061 13 19463
40359 58 4913
40890 9 641
41341 8 654
41730 4 435
41736 1 375
41737 6 435
42189 4 9638
42844 2 336
44366 26 12535
44605 2 443
44946 1 416
45006 2 6265
45244 4 5086
45538 2 250
45560 3 454
45917 175 6305
45947 129 11759
46243 3 625
46576 1 198
46588 2 767
46917 5 10490
46971 30 1017
47163 1 393
47738 3 348
48456 3 232
48479 10 960
49394 14 26545
50388 3 365
50560 55 3018
50682 31 32839
51183 6 1147
51203 3 512
51206 1 434
51638 12 2372
52214 59 64459
52642 10 6414
52678 2 15365
53044 3 352
53096 75 6232
53317 10 5949
53856 100 12327
53994 1 4216
54527 3 19068
54799 2 6492
55371 102 52248
55372 2 100383
55375 3 40486
55762 8 825
55771 1 148
55908 2 48
56643 2 366
57091 2 194
57497 3 435
57595 2 119
57642 2 349
57955 3 132
58038 3 651
60154 1 159
62984 1 644
63646 1 176
63762 3 263
64320 1 234
66791 5 196
67021 1 240
67917 3 701
68003 6 345
68238 1 563
68557 1 614
68912 5 620
69014 4 229
69168 4 835
69760 2 163
70235 13 599
70243 3 634
70398 2 247
71052 1 153
71155 4 470
71396 1 493
71553 1 158
72349 1 201
72564 1 55
73192 4 149
73240 2 331
73310 4 176
73460 2 644
74343 2 58
74732 3 664
76131 1 219
77125 2 163
77748 1 256
77792 4 375
77797 5 274
78609 7 538
78830 6 542
78899 3 294
79353 8 484
79356 4 514
79357 15 806
79677 1 387
80253 3 302
80813 11 536
80864 1 91
80909 4 153
81361 1 499
81633 1 368
81985 2 233
82036 5 601
82657 2 213
82905 2 235
83350 2 759
84039 1 204
84436 4 435
85457 1 213
85577 5 716
85871 4 152
86316 1 320
86426 3 153
86635 1 416
86919 3 166
87062 4 199
87413 1 490
87677 1 181
87783 1 94
87798 1 72
87872 2 621
88662 3 137
88700 3 282
88935 1 87
90367 5 565
90592 6 1449
91187 1 161
91383 2 241
91403 1 194
91442 1 232
91551 3 191
91553 4 418
91668 11 598
91951 11 660
92052 2 301
92829 7 561
93529 2 107
93592 2 60
93725 3 307
94340 5 592
94521 5 588
96353 1 284
96432 4 625
97967 10 429
98495 1 472
99035 5 187
99708 7 976
99983 1 244
101232 1 192
101383 2 287
101539 10 708
101991 6 527
102804 2 73
102907 4 458
103036 1 198
103141 1 244
104087 5 569
104178 2 118
104179 1 146
104345 1 88
104560 4 253
104687 1 41
105632 2 159
105635 11 904
107018 2 211
107058 1 168
107409 1 223
107735 3 157
108005 4 149
108668 3 202
110311 1 203
110534 1 247
110708 4 324
111216 2 100
111698 1 110
111759 1 272
111896 5 285
111962 4 921
112061 1 165
112468 1 175
112533 2 100
112543 5 176
112658 4 524
113494 1 714
113615 9 707
114091 3 308
114149 2 202
114614 1 134
114718 4 566
114725 2 92
114851 1 489
114922 1 659
115561 2 182
115783 5 257
116056 3 608
116188 4 116
117168 1 194
117237 3 1036
117433 1 201
117627 3 742
117913 6 248
118017 1 452
118626 5 224
119245 1 716
119264 3 260
119465 1 223
119479 5 160
119921 6 534
120522 3 220
120600 3 489
120660 1 251
121620 7 719
121745 1 195
121844 1 281
122628 1 103
122722 2 383
122814 1 111
123436 5 577
123549 1 243
123797 1 327
123994 5 704
125154 1 246
125738 3 209
126255 3 134
126311 2 112
126332 1 237
126547 3 236
126629 1 174
126810 6 231
127255 1 61
127615 3 230
127955 9 260
127974 9 264
128115 7 423
128474 2 160
128601 1 246
128802 1 246
129158 1 173
129159 1 154
129374 1 312
129647 1 83
129935 16 884
129936 1 424
130020 27 693
130023 2 136
130242 5 479
130350 1 110
130388 2 282
130580 2 297
130628 2 469
130687 4 389
130920 3 293
131167 3 293
131168 2 671
131188 3 229
131193 5 277
131233 3 229
131308 5 905
131417 5 277
131432 3 335
131526 3 205
131647 1 296
131654 1 69
131948 1 801
131956 1 798
132359 2 109
132374 1 519
132385 2 254
132400 1 48
132456 3 317
132522 3 315
132690 5 250
132714 2 197
133178 2 216
133216 2 60
133377 3 73
133575 2 255
133606 1 639
133628 1 161
133838 1 86
133985 4 299
133990 5 402
134454 3 147
134589 3 497
134709 3 396
135015 3 120
135247 3 318
135251 1 163
135252 2 396
135253 2 331
135342 12 806
135440 2 401
136003 2 214
136102 4 213
136510 1 214
136511 4 250
136614 1 213
136647 4 249
136748 1 193
136798 1 208
137004 3 234
137255 1 536
137461 2 187
137468 8 310
137692 2 191
137939 6 358
138223 3 310
138226 1 122
138352 1 74
138367 1 71
138610 2 486
138645 7 271
139112 3 360
139148 1 198
139560 4 192
139871 7 297
140179 4 284
140721 10 624
140872 2 343
141054 2 162
141301 4 249
141409 7 134
142359 1 146
142568 8 643
143874 1 125
143881 8 649
143884 3 757
143979 1 310
144182 3 209
144188 2 321
144230 1 166
144510 5 384
144696 3 131
144709 4 713
144925 4 373
144952 1 50
144985 1 503
145103 3 166
145225 6 411
145264 1 210
145488 1 207
145803 2 141
146674 3 222
147561 2 200
147846 4 461
147973 2 266
148079 2 132
148096 4 375
148393 3 277
149357 1 131
149868 5 245
150213 2 567
150554 1 246
151157 1 232
151687 1 245
151754 9 448
152291 6 182
152304 1 283
152530 2 161
152575 3 325
152660 1 151
153552 1 189
153701 2 192
153925 2 231
154377 1 168
154427 1 165
154482 2 164
155454 1 172
155515 6 202
155640 6 559
156147 3 109
156670 1 652
156822 2 235
157753 1 83
157754 3 236
157756 5 142
157757 11 508
157915 2 320
157990 3 249
157996 6 487
158491 2 151
158517 4 375
158907 1 239
159284 4 279
159792 12 722
159796 2 550
159804 3 537
160007 2 228
160120 2 258
160675 5 272
160681 2 202
161182 2 66
161522 2 157
161691 5 450
163630 3 302
163872 1 762
165259 7 580
166142 8 180
166222 2 311
166335 1 69
166353 5 299
166392 4 92
167393 2 287
167424 4 361
167486 1 160
167558 1 162
167561 2 216
167826 2 243
167850 9 199
167893 1 318
168080 3 260
168115 3 428
168489 1 224
169147 3 225
169325 3 151
169328 4 493
169331 2 273
169411 1 243
169573 1 234
169847 1 110
169883 2 159
170288 2 209
170679 10 616
171019 1 156
171020 3 493
171809 1 185
171854 21 581
172441 4 128
172583 8 372
173233 2 525
173392 6 775
173495 3 190
173624 3 363
173688 2 196
173774 1 285
175033 1 521
175358 1 121
175740 1 213
175901 3 767
176161 2 181
176429 1 238
176809 2 718
177046 1 167
177696 6 152
177707 5 789
177933 5 294
178021 1 218
178318 4 586
178326 5 918
179453 3 91
180095 2 147
180101 2 252
180467 3 174
180978 1 203
181194 2 214
181607 6 266
181914 2 276
181930 2 65
181943 5 584
182685 3 186
183056 1 382
183295 7 648
183478 3 219
183666 3 280
183718 2 267
183923 3 263
184225 3 788
184813 5 311
185784 4 290
185910 2 182
186073 1 119
186345 7 267
186607 4 291
186916 3 227
186990 5 740
187880 8 201
187912 6 738
188004 17 426
188067 3 197
188074 3 237
188503 4 397
188928 7 729
189611 1 261
189808 1 649
190100 4 589
190102 12 690
190261 3 261
190532 1 163
190573 2 122
190893 1 287
191560 2 337
192046 3 320
192160 3 282
192215 3 152
192482 2 175
192812 1 101
192878 5 213
194093 1 149
194561 8 470
194695 1 751
194715 6 229
194722 3 222
194915 1 353
196343 12 524
197792 2 83
200685 8 195
200799 3 308
200844 1 458
201122 1 147
201183 16 810
201312 4 247
201649 4 128
201723 2 476
202187 1 208
202230 2 677
202404 3 225
203408 7 553
203601 3 212
203855 8 260
203928 1 248
205057 3 161
205080 2 586
205339 2 96
205841 1 249
206637 2 270
206832 1 113
206838 4 253
207608 3 169
208069 2 244
208327 2 194
208425 1 555
208621 3 60
208639 5 569
208838 2 277
209184 5 241
209799 4 227
209847 2 116
209956 2 248
210846 1 164
211521 8 474
211870 2 167
212067 9 741
212124 1 137
212707 3 663
212998 3 278
213000 4 343
213003 2 175
213128 3 609
213788 1 150
214167 4 821
215007 1 151
215012 1 173
215350 7 243
215467 3 439
215608 2 111
216683 2 353
217866 7 513
218217 1 463
221580 3 198
221600 1 642
222127 1 180
222261 1 616
222444 2 150
222678 3 95
223157 4 378
223644 4 297
223959 1 142
224032 1 159
224505 3 254
224634 2 133
225525 3 226
227411 1 267
227527 1 115
228457 2 287
228578 7 364
228602 13 566
228614 2 289
229547 1 180
229608 2 296
229729 4 262
229981 1 226
231692 2 573
232598 2 106
233340 2 181
233410 5 1013
234683 1 271
234704 3 199
234877 1 204
236969 1 565
238562 1 229
238637 4 446
238860 2 134
239523 1 99
240675 8 189
240702 3 468
240774 5 147
240919 1 223
241184 19 869
241230 2 272
241383 3 303
242269 3 171
243774 1 38
243937 1 86
244834 2 317
245002 3 137
245305 2 477
245339 7 219
245467 1 193
246309 4 81
246546 16 604
247266 1 827
247764 3 575
248270 1 189
248442 4 149
248723 3 258
248965 10 682
249564 3 117
249618 1 249
249676 2 168
249900 3 795
250215 1 223
250325 3 6286
250696 14 317
251169 3 628
251638 2 169
251844 2 265
252282 3 400
253414 2 294
253945 4 225
254115 3 133
254240 1 489
254445 3 583
254635 3 251
254658 2 132
254956 2 586
255021 4 1027
255179 2 277
255650 3 355
255659 2 320
255697 3 613
255698 7 566
255967 1 92
256431 3 547
256434 4 149
256991 1 581
257381 4 378
257524 3 262
257572 6 436
257919 7 667
258155 1 774
258370 1 1077
258498 2 116
258579 7 314
258615 2 167
258854 4 718
258860 2 789
258909 1 98
258952 1 166
258967 9 817
259066 3 282
259082 3 230
259122 6 627
259219 3 275
259400 1 270
259558 2 222
260194 3 431
260195 9 684
260196 5 473
260197 3 496
260313 1 504
260317 1 822
260391 1 160
260534 1 211
260922 9 1149
261283 1 123
261289 4 607
261315 1 229
262095 4 264
262129 2 377
262173 1 192
262175 1 277
262252 13 631
262980 2 164
263280 4 167
263498 1 719
263665 4 181
263763 3 610
264221 1 66
264246 3 379
264534 1 1446
264673 6 547
265031 2 700
265048 1 732
265089 2 230
265472 2 675
265810 113 16729
265816 101 25803
265845 94 17259
265854 113 21100
267416 7 383
267462 5 263
267577 33 6751
267637 2 507
267751 7 564
267792 4 163
267802 1 217
268273 1 193
268425 4 89
269039 6 144
269679 3 224
269726 8 906
269852 13 1554
271156 6 321
271320 7 467
271569 4 212
272274 3 257
272671 33 4397
272941 3 321
273486 18 345
274084 6 489
275671 15 597
276078 23 5007
276237 1 516
276437 1 430
276976 1 513
279096 20 5450
279313 1 150
280619 19 11500
285956 3 300
286298 61 5354
286313 6 480
286331 101 4171
286425 3 186
286454 13 712
286584 1 9180
286848 4 785
286921 1 330
286980 12 2698
286990 4 1793
286998 3 342
287000 2 329
287010 2 293
287042 5 142
287049 2 2008
287050 6 3596
287051 4 3048
287052 15 2922
287054 8 2862
287056 5 3996
287122 4 169
287143 46 2195
288050 1 224
288122 1 109
288486 1 640
288711 1 139
289348 19 18428
289390 16 2195
289628 19 713
289732 26 4132
289754 56 3207
289920 115 7272
290047 24 2728
290052 3 1244
290159 24 640
290250 22 2125
290435 30 8814
290440 81 15196
290441 1 2293
290465 74 15747
291602 5 346
291688 5 2710
291689 3 1872
291948 2 531
292039 6 250
292404 3 1076
292807 6 309
292892 13 460
293370 2 265
293627 1 181
293720 98 7581
295235 1 436
295611 2 164
295654 2 148
297506 1 147
299699 1 236
299778 31 5938
301865 6 18367
303734 118 25485
304150 1 99
304234 9 307
305116 4 288
305119 5 283
305855 18 920
305880 14 1062
305918 4 776
305923 82 5770
306115 7 1296
306127 1 548
306237 181 26903
306282 30 4220
306338 27 4464
306487 3 622
306492 3 5234
306648 9 158
306913 1 96
307437 1 644
307453 279 49380
307512 5 850
308186 2 36306
308246 48 20735
308306 6 849
308407 14 649
308412 42 2029
308513 90 8438
308605 5 373
308758 27 1550
308759 74 2244
308760 86 2376
308761 33 1758
308762 50 1845
308763 48 1539
308789 47 3638
308796 27 1550
308797 73 2219
308798 86 2343
308799 33 1758
308800 50 1845
308801 48 1523
308827 46 3641
308855 102 3415
308872 8 908
308903 36 5575
308907 59 13313
308919 88 13545
308923 8 3318
308947 62 16976
308953 120 14138
308957 36 5575
308961 59 13313
308973 88 13545
308977 8 3318
309001 62 16976
309007 120 14138
310343 3 114
310344 2 138
310438 4 191
310439 3 119
310544 2 582
310562 3 158
310760 1 215
310777 3 1041
310840 7 4335
310843 4 325
311222 4 121
311432 28 3846
311550 1 142
311606 4 508
311929 19 9534
312401 43 5388
312619 10 2636
312688 7 219
313055 4 188
313056 8 201
313298 3 166
313997 1 125
316758 13 2636
320247 42 10051
320248 20 13098
320748 4 247
321734 10 385
322497 1 122
322560 3 246
325095 2 1507
325102 10 599
325130 32 2645
325144 8 754
325188 11 964
325402 35 941
325556 1 279
325578 15 2828
326123 110 14885
326127 16 1789
326129 113 67196
326130 1 292
326214 1 82
326871 19 2756
326902 6 840
327015 23 1912
327036 26 1566
327044 27 1686
327087 19 2792
327122 54 16929
327123 54 16927
327156 26 1597
327384 115 19585
327394 135 22044
327403 5 5903
327407 86 18061
327409 7 3377
328929 3 1182
329029 1 598
329209 32 5843
329227 29 3765
329231 47 7437
329417 23 4601
329459 2 235
329476 64 4825
329687 46 4905
330135 3 210
330465 2 147
330466 5 322
330609 3 135
330707 6 282
330716 27 1157
331432 57 8083
331485 1 113
332229 1 166
332661 3 232
332714 31 4448
332955 1 233
333178 5 151
333225 3 4023
334371 13 2079
335296 5 691
336883 8 628
337106 9 1458
342778 1 344
344702 18 247
347667 7 1375
347779 71 2570
347837 902 63219
347838 257 6657
347842 2 1557
347869 342 47445
347934 14 11174
348013 9 606
348045 11 1451
348127 15 690
348159 3 671
348744 14 3039
348852 20 851
348870 3 307
349661 14 1805
349716 9 469
349883 23 1144
349907 1 490
349994 113 8773
349997 50 3244
350199 1 263
350262 2 254
350449 100 14072
350479 86 11696
350496 65 14081
351801 1 344
352025 8 609
352026 8 295
352028 3 511
352150 1 1201
352172 32 403
352173 6 303
352450 56 5502
352601 15 1491
352689 2 526
352818 3 2195
352877 1 1129
352893 2 619
352972 1 100
353012 2 326
353045 5 974
353787 1 145
354665 22 2722
354906 6 121
355162 68 2615
355680 4 722
356140 3 613
356141 3 289
356953 2 147
357850 4 932
358393 37 6679
358397 27 4529
359111 10 569
359631 5 853
360660 35 2514
361105 42 4143
361157 1 101
366328 1 225
367019 4 440
369445 3 287
369535 1 704
371280 1 202
371559 1 197
371780 2 200
372137 2 287
372142 11 413
372257 43 3988
372258 16 4260
372271 6 3535
372278 55 28092
372281 15 5554
372282 4 1178
372396 1 138
372406 29 14595
372485 7 1458
373055 7 752
373146 2 1583
373159 2 821
373834 3 44460
374014 2 80805
374046 42 1110
374049 42 1713
374063 4 351
374117 9 1026
374212 5 532
374381 36 2931
374695 1 652
374806 1 492
374964 1 458
374967 3 4003
374970 1 169
374974 83 12901
374994 86 13993
376610 68 7750
376779 2 990
376785 6 218
376822 55 7531
376945 4 368
377197 82 8628
377560 45 6597
377587 5 1056
377884 7 422
378132 3 305
378266 70 7092
378367 1 253
378500 16 234
378559 5 909
378625 1 228
379138 14 1210
379245 4 184
380800 1 91
380801 2 124
381234 10 867
381235 2 758
381236 6 491
381237 1 175
381238 1 141
381528 9 573
381656 1 228
381989 19 4051
381991 42 6428
383691 1 653
383933 16 2880
384798 5 3365
385486 54 6673
385663 2 196
385974 11 2977
386105 3 230
386780 4 156
387618 4 1790
388262 1 259
388558 45 3040
390719 1 490
391560 2 227
391676 2 255
393523 26 1343
393524 10 1659
393525 34 3836
393550 21 30891
393552 9 2385
393553 9 2021
393560 5 1516
393561 26 2759
393570 10 2455
393575 6 2742
393580 51 2702
393584 1 1199
393599 17 953
393620 20 1674
393622 8 583
393623 135 2752
393634 21 1259
393643 27 2561
393646 22 2442
393663 10 2055
393747 209 58177
393764 3 2086
393766 14 2082
393769 6 3316
393791 1 293
393807 1 320
393825 2 1040
393846 1 1228
393952 11 1664
393976 3 672
394099 18 2213
394247 1 134
394753 1 487
394758 2 360
394863 7 1204
394898 24 26758
394959 4 262
395024 2 171
395109 4 1486
395242 22 23266
395584 46 8890
395585 156 30629
395640 5 17885
395702 13 1016
395714 10 4780
395750 14 1399
395800 62 3030
395852 37 1435
395947 38 5473
395958 6 780
395971 2 1280
395976 32 1478
396016 38 3671
396067 4 1672
396083 2 1301
396106 6 542
396126 4 615
396138 1 2729
396192 4 1194
396258 133 38258
396361 5 809
396932 1 801
397211 1 580
397329 3 198
397449 1 835
397492 3 605
398347 1 876
398883 4 721
398992 3 432
399609 1 750
399688 1 663
399718 1 1042
400061 1 2797
400216 1 281
400431 2 536
400503 2 728
400564 2 1014
400640 1 1197
400826 1 864
400913 22 17082
401436 1 893
401619 3 87
404281 9 1137
404854 5 320
411706 3 103
413252 2 780
413307 1 726
413344 6 554
413373 10 1080
413384 7 1154
413385 3 1194
413387 2 1110
413485 1 435
413520 2 558
413637 24 1255
413757 2 1489
413829 1 980
413923 1 90
414809 1 511
415078 3 594
421458 1 144
423386 2 99
426610 1 95
431333 3 560
436727 1 95
441795 1 395
445818 5 800
452402 9 1320
454257 1 509
454946 1 76
460641 1 124
462158 2 515
466778 1 266
469351 1 92
470806 1 195
472711 1 640
503327 1 75
511521 18 1168
513042 9 761
515540 4 631
518429 3 949
518468 1 420
518653 11 1007
519402 1 960
519595 2 540
520609 1 1617
521208 1 309
521835 2 1987
522426 1 405
523262 2 870
523368 2 1338
524278 1 604
525666 2 394
525677 2 1327
526534 3 455
526613 3 1167
526629 2 474
526955 4 779
527092 3 191
527306 5 1501
527420 2 747
