168 3 470
488 4 445
489 1 415
490 5 373
498 2 464
2040 2 282
2864 3 241
4836 5 284
4837 5 246
4838 5 223
4839 5 241
5470 2 232
6569 1 144
11799 3 335
12334 6 185
12818 3 119
12819 3 113
13181 3 353
13477 3 269
13622 1 180
14194 2 268
14786 6 402
14797 3 660
15109 6 588
16190 11 450
17806 3 192
18563 3 117
20446 2 631
20448 3 347
21076 3 497
21078 2 1560
21354 5 255
21459 1 16007
24553 3 206
25261 6 224
25316 2 471
25602 3 198
26053 9 572
26054 2 293
26055 13 655
26056 9 488
26057 8 235
26062 3 231
26063 2 264
26328 3 419
26611 2 630
26767 3 252
27264 3 500
27314 1 196
27374 1 449
27907 4 319
27986 3 423
27987 7 369
28175 10 417
28322 3 264
28425 2 264
29151 2 179
30373 2 412
30562 3 318
30968 1 164
31394 3 378
31616 2 268
32866 3 458
33161 3 701
33278 1 589
33746 6 288
33747 6 305
33801 1 723
33807 2 398
33808 3 392
33810 1 158
33811 2 282
34048 1 135
34051 3 117
34052 3 132
34926 4 271
35009 2 1695
35038 3 331
35046 3 361
35474 3 542
36463 2 275
36464 4 261
37915 3 692
38257 1 458
38374 3 115
38375 3 125
38416 2 295
38683 8 367
40230 1 414
40367 5 288
40368 6 242
40801 15 496
40802 13 413
41144 1 397
41150 1 518
41250 1 624
41251 1 491
41254 6 688
41258 5 559
41263 3 222
41264 5 452
41265 8 416
41266 3 549
41268 1 495
41269 20 417
41270 3 606
41275 1 350
41277 3 391
41280 2 488
41281 2 345
42149 1 542
42163 1 314
42553 4 276
43127 8 326
45048 3 312
45804 9 326
46266 12 244
46274 2 155
46275 2 202
46320 1 361
46373 1 167
48304 1 572
48889 6 307
49649 2 210
50397 3 288
50398 5 240
51709 5 224
52240 7 266
52894 2 485
52897 1 275
52901 6 447
52902 1 681
52903 2 347
52905 2 308
52907 4 299
52908 1 573
52912 6 253
52913 8 623
52916 2 238
54219 7 266
54441 2 350
54784 7 305
54827 3 433
54828 5 415
54829 2 252
54830 4 467
55159 2 241
55188 3 257
55317 1 237
55829 17 701
56439 1 459
59792 2 588
60236 1 869
61332 1 671
62619 1 215
62628 1 570
63377 1 688
64005 5 404
64877 1 124
64882 1 665
65378 1 310
66029 1 466
66356 1 125
66577 1 112
66902 1 890
67083 1 750
71356 1 841
75929 1 203
77351 1 184
77661 1 119
77776 1 162
78072 1 119
78218 1 85
79112 1 407
79534 2 526
79881 5 946
80476 1 232
83912 1 184
86859 1 172
86895 2 488
88135 2 395
88429 1 471
89404 4 463
91176 2 242
91247 1 264
94593 2 196
95848 1 598
97287 1 203
97476 1 431
98690 10 678
98737 4 557
100682 3 396
101003 1 420
110973 1 419
112280 1 428
112989 3 544
115252 1 253
115357 5 313
116310 3 195
119906 1 98
120284 2 188
120403 1 237
122042 1 208
122709 3 279
122783 1 103
122786 1 574
123733 2 98
123789 1 165
123873 1 523
132164 1 611
134842 2 275
135183 3 471
136377 1 1043
137089 9 771
137269 1 546
139001 1 135
141105 1 586
145712 2 523
146620 1 318
152342 1 559
152754 2 601
153806 2 82
154588 1 640
156546 3 686
158080 1 333
158301 5 389
158308 7 843
159497 3 398
160645 2 694
160833 1 423
161424 1 144
171857 3 505
178727 3 513
179435 4 531
179486 1 274
179739 6 432
181403 1 802
181441 1 555
182275 1 187
184301 2 226
186462 2 94
188431 1 691
190317 2 407
190466 1 48
193103 4 330
197727 2 394
197729 1 597
200132 1 731
203185 1 495
203948 1 430
204655 1 71
206518 1 720
207721 6 839
208140 1 178
209297 1 229
210589 1 274
212334 2 392
213055 4 597
218571 1 841
220840 2 696
221184 2 99
224832 2 345
229032 1 519
230771 2 143
232172 1 361
232814 3 317
235035 3 669
236240 1 634
237167 2 550
238909 2 406
242784 2 412
242892 1 255
248147 1 517
251045 1 653
251364 1 745
254316 1 601
254581 2 133
254588 2 161
257381 1 378
257712 2 430
259451 1 270
261267 2 532
261623 1 234
262496 2 763
262688 1 416
262791 1 1179
264502 3 818
264635 1 1187
265039 1 419
265480 1 398
265810 1 16729
267567 1 3974
267706 1 289
268146 1 220
268149 1 663
268150 1 1564
269752 1 254
269902 1 383
270116 1 247
270154 2 385
271612 2 169
271731 3 296
271754 1 142
272274 3 257
286210 1 1714
286687 1 3175
286691 3 186
286751 2 479
286761 1 310
286937 1 2024
286967 2 231
286979 2 417
286980 5 2698
287045 4 378
287135 1 2433
287301 1 1184
288440 1 114
288498 1 147
289349 1 786
289457 5 985
289596 1 328
290007 1 1726
290256 1 30074
290307 1 1222
291851 1 6502
292480 1 728
293150 1 142
293391 2 175
293560 2 141
294967 2 7544
297995 1 213
299146 1 161
303784 1 434
306009 1 134
306126 1 1279
306130 1 614
306237 3 26903
306244 11 347
306438 2 1008
306465 8 851
306468 2 261
308186 2 36306
308192 1 3979
311532 1 835
311978 1 142
312031 1 173
312078 1 3899
313397 2 231
314168 1 144
314478 2 1863
317184 2 2717
319078 1 368
323762 1 1034
325042 1 1837
325636 1 460
325690 1 2398
326129 4 67196
327193 5 703
327320 1 1722
327328 1 548
327329 4 544
327384 2 19585
328927 1 1101
329034 1 4775
329058 1 387
329118 1 189
329119 1 368
329405 1 3218
329685 1 4983
329686 1 4384
329687 1 4905
329689 1 3506
329723 1 547
330410 1 475
330579 4 366
330701 1 435
330884 1 3321
332532 1 1546
332658 1 317
333236 6 1529
337107 1 350
337482 2 494
342565 1 178
344664 1 562
345532 3 913
347683 2 857
347837 2 63219
347869 1 47445
347990 3 318
347991 7 556
350292 1 263
350405 3 796
350479 7 11696
352621 8 196
352814 1 135
353050 2 2703
353317 1 452
353367 10 3964
353418 5 1453
353751 1 221
354042 1 3333
354045 1 3330
354679 2 275
355136 2 3136
355681 10 262
357007 1 216
359152 1 9815
362336 2 1390
362491 1 408
368039 1 189
371776 1 259
372278 3 28092
372499 4 127
373075 1 451
373834 1 44460
373874 1 709
373936 1 2411
373943 1 1329
374027 1 779
374497 1 1769
374619 1 1072
374637 1 255
374771 1 462
374935 2 530
374960 1 837
374962 2 795
376442 1 449
376689 1 431
377200 5 138
377220 12 283
377294 19 307
377677 1 647
378856 1 97
379248 4 145
379300 4 319
379583 2 107
380423 6 347
380622 2 1521
380783 4 114
381013 1 180
381437 1 171
381689 3 155
383723 4 297
385977 2 2559
388582 1 1240
388591 1 165
388779 1 211
393527 1 4576
393639 1 4255
394140 2 626
394209 3 697
395810 2 5761
395947 2 5473
396258 1 38258
396297 1 604
396432 1 376
397688 1 962
397930 1 695
398269 1 131
398712 1 899
398984 2 446
400772 1 823
400913 1 17082
400920 2 256
400969 1 351
403626 3 122
403743 2 924
405790 2 2995
405799 1 364
406407 2 188
407296 1 631
407899 5 509
407900 2 257
413375 1 684
414816 4 471
417098 2 895
417233 3 171
417675 3 634
420384 3 437
421025 3 699
421540 1 924
424077 4 527
427690 4 315
428731 1 228
429900 1 360
434244 2 813
435354 1 469
438929 10 668
441394 1 100
441533 2 5725
441678 2 68
442348 1 581
444841 6 445
445761 2 513
446575 1 93
448564 2 439
449174 5 215
449640 1 129
451687 1 344
451970 1 884
453076 1 1010
454258 1 1125
457047 1 937
459682 1 157
461660 1 588
464615 12 267
466635 2 1232
473389 1 293
479250 1 1193
480136 2 654
482204 2 237
482674 9 373
483080 2 419
483221 5 503
483653 2 1992
486115 2 767
486757 4 195
487085 1 177
488598 4 990
491168 1 288
491326 3 574
493303 1 293
495417 1 378
496437 1 151
496439 1 68
497055 1 360
498276 1 270
498341 1 258
501127 1 564
501131 2 78
501778 9 1123
501788 10 347
504282 1 1149
508375 1 559
509697 1 357
511226 2 361
511958 1 533
513995 1 943
514852 9 376
516090 2 322
516420 6 398
518906 6 1075
519164 1 890
520833 1 182
520895 1 303
521152 1 403
521883 1 597
523108 1 808
523149 1 218
523197 3 1083
523667 1 722
526043 4 93
526382 2 969
526596 1 483
527638 2 88
527693 5 936
527870 1 333
527871 1 769
527873 2 1183
527878 1 866
527948 1 457
528077 1 840
31 7 12233
32 3 9957
33 160 19382
148 5 3578
160 4 276
489 3 415
1398 3 383
1646 2 55438
2255 1 554
2581 4 143
2919 2 215
3250 3 174
3320 5 340
3606 3 348
3683 4 140
3684 4 137
4421 6 5382
4740 3 277
5014 1 185
5015 3 278
5235 2 331
6563 3 363
6867 2 355
6968 1 5837
7877 3 230
7878 3 96
7880 3 83
8877 3 239
8912 1 297
9225 5 350
9623 10 462
10080 3 94
10081 3 96
10082 3 98
10083 3 93
10084 3 100
10556 3 497
10560 3 181
10854 5 139
10879 1 5875
11737 13 3608
11799 1 335
12351 2 241
12709 1 20008
12816 8 625
13574 3 188
14788 3 241
14789 3 300
14791 2 233
14793 3 263
14819 4 152
14820 2 237
15044 3 159
16187 7 539
18372 1 232
18392 3 448
19579 3 85
19580 3 95
19581 3 102
19715 1 214
20290 1 307
20663 2 457
20895 2 403
21341 3 164
21377 1 4381
21387 1 239
21459 2 16007
21770 4 297
21793 2 474
21972 1 628
22444 2 366
23269 2 204
23732 2 208
24234 4 370
24239 5 487
24542 1 57
25060 3 99
25061 3 95
25100 1 392
25218 3 9144
25506 5 352
26053 1 572
26055 4 655
26056 1 488
26057 3 235
26260 1 550
26261 1 274
27264 1 500
27374 2 449
27950 2 455
28008 1 180
28322 2 264
28853 1 3522
30446 3 12899
30562 1 318
30727 3 278
31287 3 188
31288 4 194
31846 2 5130
33757 4 135
33801 3 723
33915 1 621
35038 1 331
35474 1 542
36363 1 5701
36802 2 29903
36884 4 170
37802 3 572
37915 1 692
39403 9 365
39577 1 485
39712 4 5030
39713 6 3484
39879 4 166
40061 3 19463
40410 9 362
40806 1 403
41147 2 462
41184 14 614
41185 7 285
41186 11 604
41188 11 292
41190 9 499
41191 7 456
41348 4 131
41985 4 95
42149 4 542
42162 4 430
42163 4 314
42181 1 422
43613 1 200
43909 5 137
44525 9 324
44993 2 277
44995 2 277
45006 1 6265
45048 1 312
45303 5 329
45917 15 6305
45947 4 11759
46020 8 329
46065 1 316
46320 1 361
46337 1 488
46579 4 142
47950 1 1422
48839 5 377
48881 5 139
49642 8 335
49768 6 542
49908 3 91
50420 4 720
50560 3 3018
50682 9 32839
52214 23 64459
53317 1 5949
53908 4 249
54048 6 357
54441 1 350
54787 4 472
54792 3 87
54827 1 433
55086 3 257
55165 3 365
55167 2 420
55371 20 52248
55382 1 344
55491 3 84
56004 1 593
56439 1 459
57931 3 1011
58663 4 488
59792 1 588
60236 1 869
61307 2 5152
61332 1 671
62619 1 215
62628 1 570
63766 3 233
64882 3 665
65732 2 395
66902 1 890
67083 4 750
67148 1 534
69399 2 218
69401 1 97
71356 3 841
71966 1 29
73453 1 733
75867 3 342
78072 1 119
79112 1 407
79534 2 526
81224 1 457
81966 1 704
82458 1 640
82703 2 334
83349 1 704
83912 2 184
85318 1 467
85407 1 560
85702 1 223
86859 1 172
87058 1 514
87920 4 931
88429 1 471
91176 3 242
91247 1 264
95848 4 598
96075 1 465
97476 1 431
98437 2 420
103445 4 341
104955 1 175
105031 1 25
107548 1 37
109705 4 365
115052 6 677
121344 3 831
121481 3 565
122786 3 574
129847 1 311
132164 2 611
133751 1 161
135070 2 588
136377 8 1043
137089 1 771
141105 1 586
141320 4 557
143633 1 189
145712 2 523
146620 1 318
146621 2 337
146622 1 326
152342 1 559
153775 2 652
153777 6 581
154588 1 640
156271 4 873
156546 3 686
160833 1 423
161424 2 144
164092 3 382
165790 1 596
169958 1 774
170624 7 118
173045 2 792
178094 1 398
179356 2 630
179739 1 432
180642 1 459
181076 1 164
181403 7 802
181441 2 555
182275 1 187
182671 1 518
183152 2 208
185619 1 175
187569 2 441
190317 1 407
192733 2 80
195382 2 742
196026 1 198
196244 1 589
197729 3 597
198525 2 208
200132 3 731
202390 2 264
203185 1 495
207721 1 839
208760 1 765
210589 1 274
210590 2 995
210592 1 609
212334 1 392
213156 5 392
216879 5 787
217696 2 336
218571 3 841
220721 1 539
220838 1 510
221313 1 430
221447 5 560
223597 6 237
224832 3 345
225839 2 723
226236 2 461
229032 1 519
230135 1 243
231011 5 263
231464 3 176
232465 3 711
234160 1 112
235042 3 456
235060 2 520
235818 1 306
240934 3 476
242429 1 507
242784 4 412
242892 2 255
244663 2 988
246211 7 651
251045 1 653
251364 2 745
252438 1 471
254316 2 601
257712 1 430
257887 4 409
261623 1 234
262791 1 1179
262917 2 661
263490 1 819
264172 5 282
265801 2 1943
265810 6 16729
265816 1 25803
265822 6 5726
265845 5 17259
265854 3 21100
266652 1 218
267362 1 1150
267367 7 240
267372 3 179
267375 11 507
267432 2 217
267534 7 1535
267540 1 786
267541 2 1130
267542 1 795
267560 1 195
267567 7 3974
267634 2 1621
267663 10 5386
267741 1 535
267778 12 5216
267834 1 1920
267857 2 297
267863 9 444
267909 1 680
267964 1 125
267980 1 175
268052 1 84
268146 6 220
268149 7 663
268150 28 1564
268173 4 130
268239 1 289
268279 2 321
268303 17 6782
268416 1 238
268500 8 484
268524 1 315
268544 1 491
268634 1 373
268726 1 747
268749 1 484
268833 4 323
268930 1 716
268951 9 1563
269022 1 476
269029 1 2154
269035 1 313
269278 2 3175
269318 5 138
269360 8 168
269662 3 165
269697 1 751
269733 1 201
269752 3 254
269902 4 383
270038 1 604
270103 5 3182
270109 4 2134
270234 1 425
270990 1 196
271102 1 335
271104 2 265
271156 2 321
271349 1 289
271353 1 156
271429 7 6214
271612 5 169
271754 1 142
272059 2 515
272269 2 4027
272274 5 257
272997 2 280
273253 1 205
273320 2 501
273346 2 494
273415 1 240
274036 2 2768
274602 3 2243
274806 1 166
275023 4 113
275098 1 221
275263 1 273
276722 1 241
276787 2 280
277047 1 156
277230 1 350
277264 1 117
277381 3 103
279008 2 2399
282808 1 284
286210 37 1714
286233 4 1753
286354 4 1664
286583 3 19748
286687 2 3175
286741 4 168
286868 10 904
286937 1 2024
287135 1 2433
287239 2 898
288102 1 263
288498 1 147
289348 6 18428
289349 9 786
289457 9 985
289478 7 2380
289596 3 328
289649 15 271
289912 1 1245
289920 3 7272
290007 2 1726
290256 13 30074
290307 8 1222
290309 13 856
290335 1 446
290339 3 255
290388 1 205
290398 1 192
290405 5 1244
290415 2 183
290435 1 8814
290440 1 15196
290465 2 15747
290764 1 2010
291660 1 170
291693 10 350
291697 1 164
291851 8 6502
291877 4 636
292011 5 182
292026 25 5959
292034 10 550
292146 8 4541
292241 2 119
292298 1 2887
292308 12 273
292480 14 728
292569 1 487
292594 2 169
292901 9 297
293035 2 223
293150 1 142
293391 1 175
293720 3 7581
293759 1 1153
294413 8 1100
294967 13 7544
295954 1 1610
295955 1 278
298326 1 1118
299778 6 5938
301016 2 1779
301489 7 111
302124 1 572
302131 4 131
302955 2 188
303651 20 540
303734 57 25485
303784 1 434
305864 1 521
305887 5 1373
305953 2 3655
305961 3 2264
305981 2 4277
306139 21 5267
306175 68 10421
306212 1 391
306224 13 652
306237 4 26903
306866 1 121
307453 73 49380
308178 5 2199
308180 1 1806
308186 27 36306
308187 2 51551
308192 4 3979
308246 16 20735
308257 4 12090
308296 3 525
308415 2 814
308513 12 8438
308755 7 813
308759 5 2244
308774 3 2539
308793 7 813
308797 5 2219
308812 3 2539
308849 1 277
308872 19 908
308873 1 507
308953 1 14138
309007 1 14138
310224 4 2678
310283 6 2491
310490 3 1694
310607 5 147
310777 1 1041
310868 1 481
311032 5 174
311214 4 3439
311264 3 111
311532 1 835
311559 7 159
311609 3 3999
311978 2 142
312031 1 173
312032 3 245
312078 35 3899
313145 1 140
313758 2 1412
314168 5 144
314169 1 124
317184 2 2717
318667 1 214
319078 2 368
320987 1 570
321346 13 337
321437 2 1008
321442 1 234
321448 14 516
325042 5 1837
325112 6 2173
325354 1 269
325534 12 2074
325536 23 707
325539 98 6072
325636 6 460
325690 10 2398
326123 36 14885
326127 10 1789
326129 101 67196
326163 4 1572
326449 1 155
326804 7 1949
326878 10 1554
327105 2 693
327122 24 16929
327123 24 16927
327190 13 605
327191 24 1029
327194 24 964
327304 5 765
327320 34 1722
327323 3 443
327330 14 1125
327384 5 19585
327403 5 5903
328927 4 1101
328992 10 5954
329034 9 4775
329037 6 178
329058 1 387
329118 1 189
329119 4 368
329208 36 9390
329209 12 5843
329225 16 7875
329226 27 8776
329227 11 3765
329228 1 2701
329231 21 7437
329380 13 375
329405 3 3218
329407 26 7463
329412 14 7792
329476 5 4825
329480 6 4513
329493 21 7227
329569 23 7587
329685 12 4983
329686 6 4384
329687 10 4905
329689 5 3506
329723 3 547
329804 24 7586
329889 4 132
329979 15 312
330099 20 6898
330239 21 458
330319 4 4031
330410 23 475
330579 1 366
330608 2 238
330701 1 435
330767 7 2668
330884 3 3321
331306 1 619
331432 21 8083
332532 2 1546
332562 4 117
332836 3 68
332923 6 194
333956 7 128
338651 3 100
339047 1 281
339210 1 199
342367 4 1475
343414 5 1161
344648 9 2183
344664 5 562
345532 2 913
347677 6 874
347681 1 1393
347683 1 857
347702 31 1518
347761 3 3747
347779 15 2570
347837 204 63219
347840 9 542
347869 45 47445
347874 11 257
348064 1 1440
348066 1 1623
348875 1 378
349517 2 2893
349901 5 1708
349952 3 814
349994 23 8773
350144 6 2979
350255 2 182
350296 16 870
350297 22 1172
350298 30 867
350299 10 253
350329 10 872
350335 45 3129
350402 67 1417
350403 42 1652
350404 33 1244
350405 5 796
350454 2 4709
352326 1 101
352450 2 5502
352499 4 128
352575 21 679
352613 16 443
352626 8 7519
352672 11 426
352675 7 391
352676 5 298
352678 5 398
352890 8 177
353050 3 2703
353097 15 417
353317 2 452
353367 4 3964
353417 4 640
353418 2 1453
353751 6 221
353963 3 1764
354040 6 3576
354042 8 3333
354045 10 3330
354046 11 3673
354048 9 3345
354050 2 4508
354103 7 2929
354115 3 607
354238 5 3820
354341 7 152
354450 14 8639
354601 1 207
354777 1 195
355681 4 262
357007 3 216
357781 1 2056
358337 2 2826
358396 4 3630
358658 9 212
359152 8 9815
359297 3 1752
360302 6 148
362489 11 338
362491 4 408
363354 4 113
364326 2 2370
365775 3 1763
367577 5 117
368039 1 189
369225 1 690
371812 1 1764
372027 8 624
372199 1 148
372278 2 28092
373142 1 379
373828 49 1061
373833 3 2448
373834 12 44460
373837 24 1760
373936 3 2411
373943 5 1329
374006 2 2267
374014 2 80805
374025 4 260
374027 7 779
374037 4 333
374067 2 1501
374260 1 760
374497 1 1769
374611 2 2265
374612 13 336
374614 3 851
374616 16 535
374617 18 1084
374619 7 1072
374621 7 512
374637 1 255
374719 7 409
374724 1 214
374771 3 462
374809 6 503
374886 6 460
374935 1 530
374960 18 837
374962 18 795
374963 13 503
374978 1 4182
374994 3 13993
375009 2 2624
376281 1 1851
376386 32 9418
376442 12 449
376477 18 808
376610 17 7750
376689 2 431
376822 14 7531
377094 22 559
377174 9 4120
377200 2 138
377220 4 283
377227 1 3039
377294 3 307
377382 6 157
377402 4 181
377560 12 6597
377645 10 295
377677 15 647
377679 6 3690
377690 3 108
377880 4 678
378071 18 7768
378083 6 155
378182 1 202
378430 19 358
378713 1 1560
378856 2 97
379683 7 173
380622 3 1521
381689 1 155
382678 1 1772
383155 3 102
383514 1 127
384532 3 100
385977 3 2559
388582 2 1240
388779 2 211
389565 4 1929
392913 3 748
392979 1 365
393526 18 8178
393527 7 4576
393550 15 30891
393639 7 4255
393677 1 3966
393746 2 648
393747 22 58177
393993 3 1799
394140 3 626
394883 1 285
394898 3 26758
395094 1 170
395179 1 160
395242 2 23266
395640 2 17885
395697 6 586
395810 28 5761
395947 3 5473
395959 3 1755
395969 3 852
396012 3 1978
396147 3 5877
396258 9 38258
396340 1 458
396531 1 2870
396944 1 527
397094 4 221
397550 1 727
397930 3 695
398117 2 465
398170 1 1845
398269 1 131
398712 5 899
398982 2 975
398984 2 446
399647 1 312
400913 2 17082
400921 1 54
400952 4 646
401201 3 453
401210 4 342
401706 1 403
402059 1 859
402837 1 311
403743 2 924
405257 2 411
405605 1 497
406285 1 554
406950 4 676
406972 2 612
407341 6 144
408625 1 650
409910 1 372
410937 1 551
411392 3 409
413982 1 486
414816 1 471
415760 1 524
417098 1 895
418090 1 227
418173 1 357
419355 5 719
421540 1 924
421855 1 502
423799 1 555
425323 6 446
425551 3 519
425927 1 1166
427690 1 315
427745 16 797
428318 4 897
428636 1 222
428677 1 687
429108 1 1097
432700 2 766
433453 11 1008
433811 1 281
434530 4 437
435354 1 469
435422 1 104
437324 1 566
438079 1 461
438571 5 119
439995 1 1176
440321 1 572
440956 1 238
441810 1 66
442120 3 362
442348 1 581
442619 5 757
444580 1 195
444841 1 445
446448 1 265
446575 2 93
446759 1 488
447265 4 421
448564 1 439
449622 1 1046
450025 6 961
450026 2 153
450192 1 486
450487 1 648
453674 1 429
454202 1 513
454258 2 1125
454505 1 1697
457476 1 146
457990 5 445
458694 2 588
458748 1 199
459493 4 1149
459682 1 157
460129 7 2744
460302 1 364
462004 1 149
462214 1 830
464592 2 657
465238 1 549
466048 1 403
466207 1 467
466354 7 700
466881 2 1353
467137 1 616
467192 2 333
468658 2 502
472473 1 185
472609 1 338
474047 1 892
474493 2 799
475787 2 1084
476757 1 315
478221 1 518
479250 4 1193
481399 1 672
483510 1 579
483653 2 1992
484046 12 1374
486115 1 767
486655 4 473
487085 2 177
487732 1 437
489549 1 448
493303 1 293
494214 1 695
495417 2 378
495868 1 371
497055 4 360
497100 2 491
498811 4 252
501573 3 908
501924 1 1126
502503 2 432
502504 3 376
503033 1 123
503107 1 534
503155 1 91
503673 1 440
506772 1 253
507335 2 897
508158 6 509
508955 2 623
509697 1 357
511958 2 533
514204 4 521
514732 1 335
515512 1 330
516263 1 607
516420 1 398
516936 1 426
517294 1 1860
518133 1 205
518739 1 400
518861 1 269
519164 4 890
519506 1 395
520966 1 405
520976 1 569
520998 1 513
523178 1 1344
525279 1 646
525801 1 274
525999 3 1690
526033 3 910
526596 2 483
527693 1 936
33 3 19382
455 2 18030
2254 8 413
4872 4 4703
7024 7 418
7026 4 284
7089 4 210
11656 4 227
11737 1 3608
13861 5 4246
18438 4 314
18439 19 549
24234 2 370
24239 1 487
26055 1 655
26260 1 550
27196 8 479
27197 3 420
27208 10 466
27209 9 234
27496 2 614
27950 2 455
27987 1 369
28853 69 3522
30101 8 325
31629 4 21435
31649 4 4608
32378 5 321
33278 1 589
34246 1 19523
34601 2 100
34926 2 271
37802 4 572
41251 2 491
41257 1 514
41268 1 495
41270 2 606
41277 1 391
41281 1 345
41321 1 249
42149 1 542
42163 1 314
42181 2 422
42553 2 276
44993 2 277
44995 2 277
48524 5 247
48839 1 377
49768 1 542
50972 3 346
51331 1 184510
52214 8 64459
52478 16 485
52479 19 466
55371 2 52248
55372 3 100383
55375 3 40486
56369 1 31
58164 2 573
58663 1 488
59618 7 203
59704 8 212
60283 1 26
60459 1 734
62628 2 570
63766 2 233
64877 1 124
65378 1 310
66029 1 466
66356 2 125
66577 2 112
67067 1 27
67083 1 750
69399 2 218
71356 1 841
71966 1 29
73453 1 733
73598 1 1140
75929 1 203
80476 1 232
81224 1 457
81740 1 1066
81828 1 568
81966 2 704
82458 1 640
82703 1 334
83349 2 704
85318 1 467
85407 1 560
87058 3 514
87281 1 378
87920 4 931
88429 3 471
89300 1 476
91019 3 82
95848 1 598
97476 1 431
98437 1 420
98690 10 678
98737 1 557
101003 1 420
102706 1 123
103445 1 341
109705 2 365
110309 2 56
110352 1 42
110973 1 419
115252 1 253
120284 1 188
121481 3 565
122786 1 574
123873 1 523
126801 1 49
127660 1 58
127834 6 238
132164 1 611
134842 1 275
135070 1 588
136577 4 196
137089 1 771
140082 10 657
140163 2 131
141105 1 586
143633 2 189
145712 4 523
146183 11 502
149934 4 1196
152754 1 601
153544 3 285
153775 3 652
153777 1 581
156271 1 873
156546 1 686
158080 1 333
160785 1 50
160833 1 423
161534 1 48
165790 2 596
166359 12 750
169037 3 592
169958 1 774
170646 5 185
173045 1 792
176029 1 46
176910 4 207
179435 2 531
180642 1 459
181076 1 164
181403 1 802
181441 3 555
182275 1 187
182671 1 518
183152 1 208
188557 11 552
195382 3 742
196244 1 589
196974 1 679
197729 1 597
197904 5 335
198525 1 208
199269 5 177
200132 1 731
200167 2 475
202390 1 264
203385 5 404
203711 6 142
204655 2 71
206518 1 720
207040 6 512
208760 1 765
209960 4 178
210590 5 995
210592 1 609
212053 2 882
215223 4 184
215266 7 292
216879 2 787
217696 2 336
218739 3 268
219417 3 98
219624 3 483
220718 2 554
220721 1 539
220838 5 510
221184 1 99
221447 1 560
223671 7 642
224832 2 345
229032 1 519
230135 2 243
230169 1 48
230559 1 513
231921 5 580
232161 1 873
232172 1 361
232465 1 711
235042 1 456
235342 4 569
235818 1 306
236240 1 634
238909 2 406
240262 3 275
240934 1 476
241552 1 490
242667 13 487
244663 4 988
246211 1 651
248147 1 517
250537 2 114
250749 3 59
251045 2 653
254316 2 601
257598 1 155
257887 1 409
259809 5 124
260583 1 347
262105 1 258
262917 7 661
263768 2 1358
265845 2 17259
267567 1 3974
267636 2 2539
268149 1 663
272633 1 129
275487 3 155
286813 1 313
286868 2 904
286937 3 2024
287135 1 2433
287798 3 162
288451 3 160
289349 2 786
289478 1 2380
289856 3 707
289912 1 1245
290007 1 1726
290256 1 30074
290335 1 446
290339 1 255
290388 1 205
290440 4 15196
292594 1 169
294413 1 1100
302365 2 129
302955 2 188
302956 3 213
303734 1 25485
303784 1 434
306130 1 614
306175 1 10421
306212 1 391
306237 1 26903
306438 2 1008
306468 1 261
307649 1 141
308178 1 2199
308186 2 36306
308192 1 3979
308415 1 814
308849 1 277
308872 3 908
308873 1 507
313034 1 249
313145 1 140
314169 1 124
314478 2 1863
325354 1 269
325690 1 2398
326127 1 1789
326449 2 155
327190 1 605
327193 1 703
327328 1 548
339047 1 281
347677 1 874
347837 5 63219
348082 11 366
349157 1 73
349901 1 1708
350292 1 263
350297 1 1172
350404 1 1244
350449 2 14072
352030 6 254
352613 1 443
352814 1 135
354050 1 4508
354450 1 8639
354601 2 207
355136 1 3136
373075 1 451
373833 1 2448
373834 1 44460
373874 3 709
373943 1 1329
374014 2 80805
374025 4 260
374260 1 760
374935 1 530
374978 1 4182
379933 2 97
380069 2 93
381013 2 180
388582 1 1240
388591 1 165
390781 1 106
393677 1 3966
393746 3 648
393747 1 58177
393993 1 1799
394883 1 285
394898 1 26758
395094 1 170
395179 1 160
395810 2 5761
396359 1 1012
396394 1 582
396531 1 2870
397506 2 49
397922 1 1314
397930 1 695
398117 1 465
398710 2 550
398712 1 899
398984 2 446
400920 1 256
400921 2 54
402837 1 311
402935 2 116
405257 2 411
405605 1 497
406285 1 554
406972 2 612
407900 1 257
408625 1 650
408699 4 93
409910 2 372
410937 1 551
411163 4 555
411392 6 409
413375 1 684
414816 2 471
415760 1 524
417233 2 171
418173 2 357
418257 2 112
419250 1 62
419355 2 719
421540 1 924
421553 10 316
421855 2 502
421957 2 1124
422200 3 187
422684 3 92
423059 3 91
423799 11 555
424069 7 182
425323 1 446
425551 3 519
425927 6 1166
426675 2 89
427745 1 797
427847 3 209
428318 1 897
428636 6 222
428677 1 687
429108 2 1097
430085 2 78
432088 6 282
432700 1 766
433331 5 245
433453 1 1008
433730 4 217
433811 2 281
434053 6 193
434530 2 437
435081 4 159
436259 6 203
436588 6 229
436607 2 84
437324 8 566
437341 5 316
438079 3 461
439995 1 1176
440321 2 572
440955 3 273
440956 1 238
441533 2 5725
441810 1 66
441997 1 503
442120 1 362
442619 2 757
443843 2 171
446759 2 488
449128 1 237
449622 2 1046
450025 1 961
450487 1 648
451381 1 338
451687 1 344
453674 3 429
454202 1 513
454258 1 1125
454505 1 1697
455564 3 568
456198 1 364
457476 1 146
457990 1 445
458552 2 72
458694 2 588
458748 1 199
459493 1 1149
460129 1 2744
460302 3 364
461660 1 588
462004 2 149
462214 4 830
464299 1 926
465238 6 549
466048 3 403
466207 1 467
466354 1 700
466881 7 1353
466907 2 59
467137 1 616
468840 3 860
472473 1 185
472609 1 338
474047 1 892
474493 1 799
475628 1 220
475787 1 1084
476811 2 135
476812 7 883
478221 1 518
478580 4 362
481399 2 672
483510 4 579
483653 3 1992
486115 1 767
486655 1 473
487732 1 437
488633 1 268
489549 1 448
489908 1 309
491326 1 574
492264 7 169
493303 1 293
494125 2 82
494214 1 695
495417 16 378
497100 1 491
497105 7 301
497311 8 668
498811 2 252
499051 1 96
499828 1 363
500122 1 277
501127 1 564
501131 2 78
501573 1 908
502504 1 376
503033 1 123
503107 3 534
503155 1 91
503673 1 440
504193 4 70
506283 1 502
506772 2 253
506813 1 36
507335 1 897
508158 2 509
508955 1 623
511979 3 366
512757 2 84
513051 1 154
513293 15 1117
514204 2 521
514732 3 335
514784 1 289
514852 1 376
515512 1 330
516263 1 607
516420 1 398
516936 1 426
517294 2 1860
518861 2 269
519164 1 890
519506 3 395
519899 1 727
520320 2 630
520833 1 182
521883 1 597
523089 2 67
524322 1 479
525279 1 646
525801 1 274
525999 5 1690
526033 1 910
527868 1 958
527875 1 955
528000 1 275
528143 1 242
