8625 1 421
12194 1 273
24909 37 515
24910 34 685
24920 16 478
24921 36 731
42130 1 464
52214 11 64459
56087 1 582
56630 1 259
58984 1 495
59059 3 156
60520 1 105
60934 1 386
61219 1 188
62241 1 494
62333 1 768
63813 2 965
64363 1 236
65417 2 678
67860 1 204
68122 1 575
68180 1 488
69177 1 207
70469 1 641
73171 2 473
73828 5 428
74685 2 87
75925 1 412
77398 1 763
80041 1 528
82794 3 687
83597 4 455
86729 1 493
86804 1 213
86862 1 1043
87279 1 1131
91583 1 371
93022 2 706
94629 1 506
95176 2 302
95206 1 224
97593 2 278
97984 1 555
98098 2 404
101180 1 326
101280 1 162
101385 2 503
105876 1 255
106748 1 945
106803 1 397
113284 1 265
114526 4 837
115307 2 42
116239 2 498
116937 2 140
117195 1 186
117929 1 995
119684 1 255
120220 4 600
124782 1 142
125936 1 390
125937 1 360
127232 3 654
127342 2 102
128478 1 509
129119 2 965
129945 1 544
130261 1 619
130524 1 572
130787 1 391
131464 1 703
131584 1 169
131782 1 881
131843 2 455
132372 3 510
132975 1 348
132977 1 737
133078 1 1158
133135 1 577
133557 1 173
134076 1 792
134150 1 47
134160 1 67
135263 1 215
135471 5 762
135699 1 251
136980 2 699
136984 2 772
137510 2 421
138783 1 187
139543 1 733
139802 1 372
139803 2 428
139923 1 278
139979 1 380
140895 1 366
141810 1 770
142573 2 522
142901 1 309
144146 1 593
144986 2 664
147235 1 602
147349 2 238
150549 3 422
152263 1 401
152265 1 439
152809 3 473
153696 1 58
154899 3 246
156023 3 528
157922 4 750
159847 3 829
160324 1 411
160509 2 428
161783 3 240
162851 1 488
163599 1 1151
165742 2 217
166303 2 303
167621 5 1145
168861 1 422
169051 1 633
169788 2 159
170840 2 369
171251 1 508
171860 1 610
173185 1 650
174068 1 669
175191 1 1160
175399 3 244
176518 1 389
177709 1 432
178996 1 5818
179455 3 615
180204 1 903
180678 2 335
181951 2 566
181974 3 614
181977 1 389
182124 1 751
183726 1 802
183869 3 248
184224 2 679
187346 2 57
187431 1 1064
191023 1 663
191502 1 406
191724 1 425
191818 1 102
195164 1 622
195543 1 834
196008 3 734
196376 2 221
196417 1 498
196764 2 280
202397 1 238
202699 1 65
202703 2 192
203126 1 168
203938 2 802
204332 2 553
204503 2 555
206988 1 333
208834 1 338
209375 1 272
209590 2 329
211199 3 284
211686 6 549
212031 3 483
213476 1 178
216556 2 407
217112 3 303
217815 1 777
218440 1 631
219352 1 536
220136 1 700
220470 1 280
220628 1 597
220631 3 1020
222206 3 477
224184 2 82
228801 1 777
228959 1 102
229725 1 167
229744 2 693
229756 1 731
229769 2 597
229778 1 611
230289 1 306
231745 1 309
232372 3 656
232664 1 475
232916 1 530
233095 1 159
233376 5 376
233746 1 1041
234680 1 220
235003 2 198
235402 2 253
235585 1 250
235604 1 63
236591 1 517
236972 2 192
238287 1 228
243759 3 743
243829 1 106
246722 1 114
248666 2 454
248975 2 598
250472 2 303
251163 1 678
251170 1 524
255862 2 677
256792 1 846
257436 2 290
259315 1 280
259473 1 474
259899 2 253
260437 4 250
260604 2 446
262338 1 536
264426 2 396
265816 2 25803
265845 1 17259
265854 1 21100
267519 2 243
267785 1 298
267834 1 1920
267995 2 188
268408 1 586
268671 1 612
268694 3 729
269031 1 2100
269173 1 377
269192 1 309
269256 1 558
269753 1 1864
269861 1 419
269992 13 775
270065 1 412
270114 2 2219
272598 1 615
272822 3 746
273129 1 190
274036 1 2768
276078 1 5007
277621 1 150
278626 1 946
279166 3 134
280619 2 11500
281712 2 223
283141 1 4279
285583 3 301
288174 1 235
288384 1 430
288389 1 168
288486 1 640
289538 2 4464
289875 1 3644
290440 1 15196
290465 1 15747
290466 3 7226
291823 1 1219
291942 2 936
292221 2 304
292298 1 2887
292630 2 764
292700 2 3396
293255 1 429
293746 2 282
294967 4 7544
295112 12 454
296916 1 603
302310 1 833
303734 6 25485
305953 1 3655
306425 2 1403
307910 2 470
308746 1 988
308947 1 16976
309001 1 16976
309389 1 3655
310224 1 2678
310261 1 211
310266 6 996
310580 1 256
310779 5 3706
310871 2 112
311111 1 300
311421 1 199
311427 1 825
311432 1 3846
311679 1 443
312401 1 5388
312693 1 1321
312916 1 1637
312983 1 1180
314077 3 1307
315851 1 131
316297 1 5294
316691 1 540
321640 2 187
325059 1 2244
325079 4 1391
325143 4 2591
325864 2 112
326044 1 427
326046 1 200
326066 1 347
326194 1 178
327179 1 1735
328991 1 1027
329028 1 1112
329036 1 3798
329082 1 802
329208 2 9390
329209 1 5843
329226 1 8776
329280 4 228
329311 2 268
329313 3 398
329760 1 285
329809 2 415
329839 1 254
330099 2 6898
330316 1 306
330324 24 1971
331016 1 552
331411 1 1632
331425 4 262
331598 4 583
331600 7 305
331608 1 231
331614 1 1086
333255 1 2277
333662 1 467
335176 2 1105
336329 2 658
336526 1 817
337031 3 178
338107 2 482
338978 1 221
342944 1 81
344038 3 862
344316 1 1235
344658 2 300
345048 1 345
347381 1 355
347711 1 3994
347713 3 1363
347837 1 63219
348700 1 352
348894 6 538
349347 2 833
350144 1 2979
351998 3 3051
351999 4 212
352008 3 305
352395 2 226
352450 2 5502
352485 1 272
352488 1 1108
352522 3 1753
352576 4 309
352604 3 304
352948 9 974
353320 4 2590
353345 1 237
353946 10 1032
354347 1 281
355180 1 352
358392 1 877
360365 1 1408
363453 1 3056
364143 2 766
364147 1 955
365644 1 997
365829 1 225
365912 1 168
366090 1 309
366942 2 446
367610 1 434
367724 2 182
367791 1 2239
368116 1 90
368904 2 107
370017 1 325
370104 1 834
370185 1 452
371096 1 1073
371833 2 4625
371839 1 4897
371882 1 1923
371899 1 2226
373102 2 225
373106 2 991
374234 4 1340
374380 1 2265
374998 1 893
376281 1 1851
376461 1 241
376543 1 127
376610 3 7750
376629 1 2261
377172 1 208
377174 1 4120
377409 1 4687
377415 1 603
377547 9 310
377611 1 322
377799 4 573
377843 2 365
377946 6 764
378266 1 7092
378421 4 213
378438 1 130
378531 1 231
378627 3 286
378799 1 3228
379884 2 343
380679 2 439
380684 1 167
380883 5 266
381672 1 274
383538 1 295
383920 1 923
384527 2 256
385182 3 2730
385486 1 6673
391515 1 225
393524 4 1659
393561 4 2759
393564 2 3222
393612 1 743
393662 2 1818
394063 1 1487
394898 13 26758
395714 2 4780
395802 1 1096
395831 4 906
395959 1 1755
396103 1 798
396146 1 3305
396148 1 1500
396251 1 654
396258 1 38258
396474 1 1209
396932 1 801
398291 1 503
398590 6 580
399697 1 89
402311 1 303
410221 1 852
411772 4 551
414070 1 318
417633 1 407
417859 1 427
421209 1 111
422358 1 281
427438 2 298
428492 1 497
428643 1 1126
432795 2 391
433722 1 2969
434102 1 1981
435514 2 326
440333 1 164
440839 1 257
443103 1 427
444651 1 88
446338 2 130
446917 4 452
447149 2 102
447351 1 1951
449567 1 1057
450504 1 559
453444 1 688
459432 2 872
464244 1 286
471188 1 1068
471335 1 1239
472475 3 157
479342 1 83
483813 1 342
483911 1 2177
485690 1 121
486173 1 340
486216 1 1517
494358 3 224
494630 1 357
497852 1 137
499098 1 1363
499989 1 1384
501808 1 930
502413 1 1028
503333 2 352
503445 1 739
504331 1 1314
505480 3 164
505832 3 166
505841 3 173
507062 3 181
507075 1 1772
507154 3 168
510957 1 497
517469 1 523
518494 1 316
520410 1 898
522430 1 61
523530 1 2257
523663 1 2999
525177 1 2500
525547 1 636
525606 1 2915
526959 1 479
527079 1 1032
527729 1 236
527763 2 1921
33 21 19382
38 11 617
148 6 3578
1646 7 55438
1789 10 459
1791 10 393
2203 12 401
2220 5 278
2221 10 329
2641 3 17392
3569 3 321
3583 1 409
3822 3 441
4137 4 16130
5294 8 347
8625 14 421
9163 1 311
9619 4 496
9622 4 403
9761 5 251
10438 2 448
10893 1 346
10930 2 212
10931 3 297
11737 23 3608
12223 1 809
12228 1 801
12281 2 443
12392 1 321
12398 3 238
12709 10 20008
12838 1 573
12857 1 475
13597 1 611
13823 4 3071
14339 2 5421
14408 7 555
14831 2 409
15112 2 433
15113 1 469
17050 1 868
17470 1 375
18112 14 438
19122 1 249
19142 1 403
20140 2 333
20372 1 592
20375 2 476
20389 1 589
21614 11 32241
22339 5 389
22917 1 300
23248 3 511
23249 2 430
24740 1 375
25218 1 9144
25793 8 472
26012 6 426
26150 1 1227
27164 1 368
27424 1 13034
27875 6 265
27981 1 341
28167 1 57
30446 2 12899
31026 1 320
31187 1 312
31205 2 168
31953 1 307
32582 1 719
32715 1 690
32929 4 356
33658 1 237
33690 16 390
33691 10 591
33692 13 539
33693 6 506
33694 8 406
33695 6 487
33696 37 509
33697 9 384
33698 7 533
33701 7 411
33702 8 430
33703 8 506
33704 6 187
33705 18 498
33707 16 670
33708 7 476
33709 6 449
33710 32 407
33711 12 400
33712 6 413
33713 4 457
33716 7 411
33717 8 430
33718 7 388
33719 1 109
34270 8 541
34722 16 13257
36802 6 29903
40061 72 19463
40359 2 4913
41001 7 324
41640 29 526
41923 7 496
42181 11 422
42342 1 554
43004 3 374
43005 3 347
43295 1 5265
44117 4 389
44121 6 450
45304 1 190
46506 1 663
46841 1 432
47466 5 586
47467 9 548
48240 6 377
48689 17 506
49759 8 496
49760 11 361
49761 4 606
49762 7 416
49763 9 961
49764 19 502
49765 13 347
49766 8 623
49767 4 467
49768 16 542
49769 4 488
49770 9 517
49771 8 313
49772 11 252
49773 21 461
49774 4 311
49775 2 338
49777 10 628
49778 15 475
49779 4 369
49780 12 524
49781 10 406
49783 6 516
49784 1 280
49785 10 629
49786 11 379
49787 22 401
49788 6 327
49789 5 268
49791 4 286
49792 11 236
49793 9 483
49794 2 313
49795 9 517
49796 8 312
49797 12 257
49798 22 362
49799 4 427
49800 2 346
49802 5 417
49803 9 427
49804 12 428
49805 5 243
50682 7 32839
50910 3 678
52214 12 64459
53096 81 6232
53803 7 507
54548 29 423
55633 2 31
55758 2 717
55850 1 196
58984 1 495
59828 3 41
60133 1 735
61752 2 216
62225 3 611
62241 1 494
62333 3 768
62910 3 730
63318 2 146
64127 4 466
64363 1 236
65417 2 678
65720 7 412
67860 3 204
68122 1 575
68180 1 488
69745 2 378
70469 3 641
71224 1 127
72424 1 543
72703 1 544
75094 3 744
77398 3 763
77811 5 1012
79362 6 833
79874 6 611
80040 11 322
80045 3 597
80181 4 110
81616 1 170
81877 5 262
81957 1 467
82793 5 160
82794 3 687
83455 3 260
84364 1 681
85987 8 465
86152 12 186
86862 1 1043
87317 5 98
87404 6 184
88196 4 690
89102 2 248
89645 2 547
89647 1 624
89846 1 750
95792 1 278
97984 1 555
98098 1 404
98379 1 88
106125 1 48
106748 1 945
108144 2 286
111643 4 120
113376 1 676
113614 8 711
116413 3 533
117342 1 219
117479 1 217
117869 4 283
117929 1 995
122668 1 432
123849 2 731
124341 4 268
125136 1 920
125936 1 390
126433 1 583
127217 2 138
128478 1 509
129945 9 544
130261 2 619
131464 1 703
131782 1 881
132055 8 417
132815 2 368
132975 1 348
133078 9 1158
133135 15 577
133603 13 421
133669 7 403
134076 3 792
135263 1 215
136980 1 699
136984 4 772
137510 1 421
138016 10 718
139543 2 733
139803 1 428
139923 1 278
140895 9 366
142170 4 789
142563 8 870
142901 4 309
142954 1 568
144394 1 535
145231 5 424
146272 8 898
147235 1 602
152263 1 401
152265 1 439
153158 1 614
154151 9 605
156023 1 528
157922 1 750
160509 1 428
160926 1 608
161197 1 56
162851 1 488
163561 1 720
163599 1 1151
164807 2 991
167394 1 415
168861 1 422
169051 1 633
170603 1 141
170840 1 369
170983 1 51
171001 4 251
171251 2 508
171544 1 559
171860 1 610
172944 1 189
173181 3 313
173185 1 650
173692 2 367
173894 6 254
174068 1 669
175191 2 1160
175506 1 667
176518 1 389
177311 1 202
177709 1 432
177711 1 534
178996 2 5818
179455 4 615
180204 1 903
181263 1 1082
181264 5 527
181951 1 566
181974 1 614
181977 9 389
181979 9 554
182107 2 158
182124 2 751
183125 3 206
183308 3 748
183726 1 802
185871 3 203
187373 21 772
187431 7 1064
191023 2 663
191502 2 406
193733 7 758
193773 5 79
193931 1 211
195164 1 622
195543 1 834
196008 1 734
196376 2 221
196563 6 383
199010 1 402
201193 3 475
203938 1 802
204503 14 555
204518 2 738
209146 4 462
211686 1 549
214026 1 293
214354 1 200
216435 16 953
217815 1 777
218440 2 631
220136 1 700
220356 1 223
220628 1 597
220631 1 1020
220649 1 553
220686 1 89
221598 3 1404
223688 1 182
223982 10 488
223988 3 584
224138 2 414
225110 2 606
225171 1 909
225470 4 608
226486 1 530
226696 1 1219
228801 1 777
228959 1 102
229741 1 585
229744 2 693
229756 3 731
229768 19 603
229769 1 597
229778 2 611
229801 1 1448
229802 8 172
229925 1 164
230063 12 361
230073 1 125
230289 6 306
230362 11 592
230371 3 199
230431 5 482
230536 8 260
230666 3 503
230674 11 444
230877 5 345
230912 1 330
230991 2 152
231021 4 304
231179 2 61
231278 3 242
231490 3 311
231494 5 407
231669 7 498
231745 1 309
232008 2 389
232141 3 258
232224 15 530
232225 3 205
232372 12 656
232660 10 391
232664 10 475
232728 1 356
232916 4 530
232917 18 563
233095 3 159
233244 4 123
233245 3 239
233298 4 1202
234186 2 441
234217 5 302
234376 2 402
235143 4 136
235172 4 428
235402 9 253
235503 12 369
235585 1 250
235588 17 431
235604 3 63
236194 4 184
236490 6 734
236591 5 517
237076 2 304
237732 3 99
237735 5 666
238287 1 228
238476 1 148
239737 3 47
243424 3 431
246316 1 781
248711 3 520
248975 1 598
249222 6 290
250325 1 6286
251163 7 678
251170 1 524
253078 4 705
255352 1 354
255999 5 1147
256792 1 846
257782 1 247
258142 1 623
259315 4 280
259473 1 474
260537 1 111
263989 1 290
265646 1 574
265816 7 25803
265847 3 5294
265854 8 21100
266023 1 262
266499 1 429
266527 3 191
266661 2 381
266683 1 170
266888 1 162
267135 2 234
267205 1 117
267241 1 290
267426 3 142
267442 6 178
267519 1 243
267524 3 290
267567 2 3974
267577 1 6751
267720 25 426
267785 1 298
267806 12 241
267807 15 349
267840 3 137
267841 1 379
267842 3 371
267944 12 208
268189 1 196
268211 2 457
268303 3 6782
268350 2 457
268372 3 355
268463 1 243
268481 1 291
268486 1 317
268551 1 400
268603 4 2073
268604 1 605
268649 7 162
268671 1 612
268733 1 566
268818 1 131
268927 2 432
268950 1 272
269012 1 726
269017 1 245
269047 1 172
269163 1 215
269173 1 377
269197 5 1281
269254 1 416
269322 1 121
269351 1 111
269368 2 208
269458 1 179
269519 1 238
269538 1 523
269576 1 221
269598 13 298
269599 6 340
269600 3 281
269705 1 320
269736 1 132
269753 2 1864
269854 2 1350
269861 1 419
269892 3 419
269906 1 170
269980 3 212
269983 10 276
269996 4 6852
270052 8 194
270053 1 320
270065 5 412
270114 1 2219
270164 3 203
270370 3 296
271174 14 283
271229 1 133
271258 2 1713
271580 1 187
271650 1 280
271755 2 172
271797 1 309
272137 1 246
272444 1 300
272472 1 481
272598 1 615
272630 3 152
272671 8 4397
272822 1 746
273257 2 294
273518 1 202
273572 2 224
273595 1 176
273639 1 342
273658 1 354
273678 1 142
273687 1 179
273774 2 364
273797 1 340
273803 2 364
273866 1 341
273914 1 100
273918 1 440
273922 1 124
273930 1 161
273932 1 136
273990 1 173
273997 1 394
274001 1 314
274009 1 128
274011 1 135
274031 1 369
274036 5 2768
274210 2 173
274225 1 129
274252 1 192
274259 2 300
274268 1 374
274384 1 89
274416 1 137
274448 3 121
274483 1 148
274564 1 711
274572 1 120
274670 3 443
274698 1 107
274775 2 127
274843 3 243
274882 1 239
274891 1 194
274936 3 384
275021 1 127
275056 1 183
275069 1 180
275080 1 226
275146 1 508
275154 1 534
275164 1 117
275167 1 209
275176 3 345
275207 2 250
275222 1 292
275229 1 203
275252 1 198
275326 1 272
276078 5 5007
277184 8 450
278626 4 946
279096 3 5450
279105 3 191
280619 19 11500
281423 2 436
283141 14 4279
284177 1 711
284649 3 232
284697 1 1025
285018 3 110
285321 1 319
286221 14 1494
286222 14 1825
286326 10 1953
286334 1 2720
286583 3 19748
287031 4 1635
287269 1 659
287906 33 5750
287973 3 229
288174 8 235
288230 1 933
288236 3 234
288242 3 111
288295 1 454
288384 1 430
288389 2 168
288475 3 482
288486 1 640
289330 3 1036
289348 9 18428
289538 3 4464
289539 13 1450
289732 3 4132
289734 2 4107
289825 6 1411
289875 12 3644
289917 1 1112
289920 47 7272
289932 8 4403
290042 1 1343
290440 5 15196
290465 1 15747
290466 1 7226
291577 12 451
291823 3 1219
291835 8 583
291851 1 6502
292187 15 237
292339 1 310
292368 3 1504
292505 4 2460
292523 12 1050
292537 2 464
292810 1 371
293045 6 116
293251 4 745
293255 1 429
293285 1 2598
293720 1 7581
293746 14 282
294090 1 3338
294967 12 7544
296513 5 1864
297980 4 2523
300982 10 3200
301865 25 18367
302310 5 833
303734 106 25485
304321 2 352
305916 1 4660
305953 4 3655
306071 9 703
306173 1 620
306237 2 26903
306284 1 21202
306421 3 513
306425 1 1403
306588 33 834
307298 2 610
307396 2 386
307453 75 49380
307510 2 105
307910 1 470
308186 5 36306
308187 16 51551
308246 1 20735
308383 10 2189
308433 1 768
308513 17 8438
308553 38 8271
308598 76 5851
308699 10 731
308727 9 1375
308746 8 988
308772 4 2076
308773 10 1955
308784 6 1114
308810 4 2076
308811 10 1955
308822 6 1114
308859 10 5677
308862 7 834
308907 7 13313
308919 1 13545
308947 6 16976
308953 1 14138
308961 7 13313
308973 1 13545
309001 6 16976
309007 1 14138
310151 3 1107
310165 8 242
310252 2 256
310266 3 996
310509 2 562
310990 1 2799
311076 9 308
311269 4 183
311432 1 3846
311679 1 443
311685 15 507
311712 8 345
312036 2 1012
312285 1 296
312383 8 3321
312485 2 271
312693 9 1321
312916 2 1637
312964 6 2366
312997 6 178
313361 10 228
313758 2 1412
314535 10 698
316236 1 508
316691 1 540
316776 1 322
317184 8 2717
319137 2 321
320223 1 161
321210 3 1728
321640 2 187
325051 17 1863
325079 1 1391
325083 3 3507
325087 5 936
325096 1 5659
325101 16 308
325130 143 2645
325132 18 768
325185 14 1829
325624 4 4590
326044 1 427
326046 1 200
326123 20 14885
326129 54 67196
326194 2 178
326221 2 125
326231 1 208
326308 3 288
327015 9 1912
327040 2 1144
327094 6 3381
327122 19 16929
327123 19 16927
327179 7 1735
327230 3 550
327349 7 8654
327394 10 22044
327407 2 18061
327882 15 351
328506 4 4280
328594 1 693
328898 1 2278
328991 1 1027
328992 4 5954
329031 2 887
329034 7 4775
329035 3 1672
329036 3 3798
329120 5 433
329162 5 302
329208 3 9390
329209 1 5843
329225 5 7875
329226 4 8776
329227 2 3765
329231 7 7437
329294 2 301
329400 4 2036
329406 2 984
329407 3 7463
329412 4 7792
329476 2 4825
329569 4 7587
329578 25 589
329682 7 4492
329684 5 4343
329685 5 4983
329687 2 4905
329688 2 4330
329721 10 1477
329778 8 709
329804 6 7586
329833 13 242
329839 1 254
329852 3 203
329866 5 156
329989 1 280
330099 4 6898
330155 7 597
330292 4 148
330316 7 306
330573 2 506
330767 3 2668
330884 4 3321
330934 1 839
331016 9 552
331325 5 209
331432 8 8083
331495 3 259
331608 2 231
331614 1 1086
332841 2 277
333451 1 1644
335176 1 1105
336030 5 2998
336329 1 658
336526 1 817
336719 9 6871
337185 5 2433
337422 5 633
338408 3 425
338430 17 371
338649 25 7414
338816 3 1000
338978 1 221
340099 17 2202
342388 2 186
344038 6 862
344316 1 1235
344648 5 2183
344658 3 300
345048 3 345
345845 1 301
346175 2 332
346759 2 666
347496 4 198
347673 1 1142
347837 35 63219
348856 15 286
348894 1 538
349688 2 466
349786 15 1038
349849 10 1837
350066 8 3165
350144 16 2979
350317 14 894
350724 1 786
351470 1 3052
352261 14 430
352416 11 2523
352450 2 5502
352463 1 499
352488 2 1108
352626 5 7519
352951 2 628
352961 1 1278
353084 4 132
353101 23 817
353664 4 610
353761 2 193
354040 3 3576
354041 5 3810
354042 4 3333
354043 5 3871
354044 5 4950
354045 9 3330
354046 2 3673
354048 5 3345
354049 4 3732
354114 1 386
354757 2 871
356137 1 1150
356616 2 529
357007 3 216
358392 6 877
358492 22 285
358656 4 215
359152 5 9815
360182 12 2961
360365 1 1408
361105 11 4143
362338 12 237
363008 5 950
364108 8 3502
364698 1 86
365372 1 870
365644 9 997
365829 2 225
366337 3 131
366613 2 491
367610 1 434
367724 1 182
367791 3 2239
367879 5 2971
368696 2 143
369766 3 587
369881 2 2118
370017 4 325
370104 1 834
371096 2 1073
371786 18 688
371789 4 1662
371833 1 4625
371839 13 4897
371840 6 852
371842 9 1073
371888 48 1732
371899 4 2226
372279 2 5420
372406 3 14595
372431 6 528
372978 2 311
373097 1 243
373105 11 1607
373106 7 991
373937 3 4632
374014 1 80805
374052 8 1524
374254 5 5056
374300 5 3673
374380 6 2265
374381 7 2931
374463 16 1239
374507 30 1194
374508 13 766
374994 8 13993
375206 20 701
376281 2 1851
376283 11 206
376290 7 231
376386 2 9418
376610 5 7750
376822 2 7531
377080 5 74
377174 4 4120
377197 5 8628
377321 19 692
377401 2 562
377409 15 4687
377482 7 352
377560 8 6597
377711 1 390
377883 4 372
378071 13 7768
378078 12 631
378266 6 7092
378278 16 2012
378421 1 213
378463 3 121
378893 3 638
381574 7 2965
382183 3 1109
383538 2 295
383754 3 5970
383920 1 923
383933 8 2880
384585 3 2617
385486 19 6673
389419 4 245
390160 1 223
391515 2 225
393035 2 523
393525 1 3836
393527 6 4576
393537 125 2637
393550 4 30891
393567 6 777
393577 19 271
393614 1 4956
393621 11 1782
393638 2 1416
393648 79 1548
393662 2 1818
393673 12 10585
393677 5 3966
393747 3 58177
393876 10 1010
394063 57 1487
394092 24 606
394716 4 2905
394898 10 26758
394942 4 247
395021 2 231
395029 2 146
395069 2 114
395591 1 1288
395611 1 1556
395640 5 17885
395714 12 4780
395721 4 1286
395722 6 1847
395726 4 1391
395784 3 1461
395795 2 943
395800 22 3030
395810 9 5761
395816 2 885
395830 14 407
395831 1 906
395859 15 3099
395872 1 1459
395932 6 950
395944 3 2593
395947 3 5473
395950 5 1711
395956 1 2366
395959 3 1755
395976 1 1478
396097 3 737
396103 4 798
396139 2 3722
396146 3 3305
396147 1 5877
396148 2 1500
396149 1 3367
396199 2 785
396251 1 654
396255 1 788
396258 16 38258
396469 3 1636
396471 2 730
396474 1 1209
396506 12 1581
396507 1 673
396531 3 2870
396550 1 446
396675 6 809
396801 1 659
397192 1 630
397449 1 835
397731 1 778
397742 1 991
397930 2 695
398291 18 503
402070 14 481
402311 1 303
406356 1 409
407798 2 450
408355 5 327
409708 1 692
409710 1 603
410110 1 764
410112 1 444
410377 1 525
410742 5 385
410752 1 380
414070 2 318
416129 11 239
417305 2 548
417633 1 407
419224 1 667
419994 6 260
421142 1 447
422358 1 281
422669 2 1921
424260 1 873
427438 2 298
427626 17 579
428503 1 406
428553 4 1150
428700 4 645
428937 3 629
429382 5 104
429576 16 476
433722 13 2969
434102 1 1981
439017 1 345
440333 1 164
440839 1 257
441155 11 230
441311 1 880
441473 2 2025
441576 3 2819
441578 3 2452
441722 1 1653
441992 5 736
442174 1 863
442366 1 1043
442963 18 775
443103 5 427
443117 1 779
443310 8 431
443830 7 1113
444224 3 112
444566 1 1156
444651 1 88
444707 6 1891
444888 1 156
445044 2 551
445602 1 345
445758 5 997
446040 1 317
446197 3 933
446632 1 465
446903 2 1194
446905 1 1153
446993 4 1820
447190 1 894
447351 1 1951
447648 3 471
449013 1 403
449278 2 1143
449567 1 1057
449747 2 944
450532 1 241
451913 2 581
452239 1 520
452271 1 1200
452699 1 676
453033 1 935
453444 1 688
454416 3 54
456557 3 66
456840 2 609
463725 4 72
463917 2 308
466779 2 510
467691 1 1772
467798 1 705
469191 1 449
469473 6 824
471211 2 749
471283 3 566
471335 1 1239
471605 2 387
472956 1 286
473243 2 318
473730 5 104
474695 2 765
478564 2 681
478852 6 3420
478924 3 1672
478938 1 1206
478967 1 723
479295 1 773
479297 1 1308
479342 2 83
479456 2 562
479482 1 226
482849 1 501
482873 1 450
482949 16 544
483813 2 342
485412 5 209
485690 1 121
486173 1 340
486216 2 1517
487780 6 87
491119 4 644
491635 2 360
494630 2 357
495388 7 1181
495545 12 1604
496302 2 613
496375 3 431
497314 1 511
497507 1 812
498058 11 409
498127 14 474
498553 3 100
499087 1 822
499231 2 874
499557 2 718
499656 2 361
499989 2 1384
501209 2 714
501383 4 703
501494 4 1078
501623 2 720
501808 2 930
501913 2 86
502413 1 1028
503333 6 352
503445 1 739
504331 4 1314
508909 1 87
510957 6 497
512922 3 567
513028 3 381
513307 6 495
514562 7 662
514786 7 226
514933 2 249
515030 1 176
517484 2 485
518009 3 78
518494 3 316
520410 2 898
520606 8 1434
520610 2 272
520998 6 513
522430 3 61
523159 4 91
523530 5 2257
523663 4 2999
523666 10 857
524178 1 983
524399 1 541
524496 1 290
524508 3 85
525177 1 2500
525431 2 114
525606 3 2915
525845 1 1632
526690 3 295
526737 2 162
526959 1 479
527079 6 1032
527324 4 79
527662 3 978
527694 3 981
527763 2 1921
527770 3 652
527898 3 65
33 3 19382
455 7 18030
1646 32 55438
2641 1 17392
3569 2 321
5294 3 347
9163 1 311
12194 15 273
12231 1 693
12838 1 573
13823 1 3071
17034 8 759
17050 1 868
22917 6 300
26150 1 1227
30446 1 12899
31846 1 5130
32582 1 719
32715 1 690
33658 1 237
33696 1 509
33710 1 407
34246 21 19523
36498 1 20156
40061 5 19463
40359 3 4913
41001 1 324
41640 1 526
41923 5 496
42130 16 464
42342 1 554
42686 1 359
43295 4 5265
46506 1 663
46840 10 451
46841 4 432
47467 1 548
49763 1 961
49764 1 502
49767 1 467
49768 3 542
49771 1 313
49772 1 252
49773 6 461
49778 2 475
49779 2 369
49785 1 629
49787 1 401
49791 1 286
49793 3 483
49796 1 312
49797 1 257
49798 7 362
49804 2 428
49805 2 243
50682 5 32839
50910 2 678
52214 1 64459
52678 2 15365
53042 1 515
55371 72 52248
55372 87 100383
55375 177 40486
55758 3 717
55850 4 196
56058 1 156
56087 3 582
56630 4 259
58984 1 495
59059 3 156
60133 4 735
60520 1 105
60934 5 386
61752 1 216
62047 44 3896
62241 1 494
62333 3 768
62910 1 730
63318 1 146
63813 3 965
64363 6 236
65417 1 678
65720 4 412
67861 2 235
68122 20 575
68180 4 488
70469 11 641
71224 1 127
72703 8 544
73171 1 473
73828 2 428
75094 3 744
75925 1 412
77398 5 763
77811 9 1012
79362 5 833
79748 1 236
79874 4 611
80037 5 573
80040 5 322
80045 2 597
80181 1 110
81616 3 170
81877 3 262
81957 1 467
82793 3 160
82794 9 687
83455 3 260
83946 1 637
84364 5 681
85987 6 465
86152 5 186
86729 12 493
86804 9 213
86862 6 1043
87279 18 1131
87317 2 98
87404 4 184
88196 5 690
89102 6 248
89645 4 547
89846 3 750
93022 1 706
94629 4 506
95206 2 224
95792 1 278
97593 1 278
97984 1 555
98098 2 404
101180 7 326
101280 5 162
101385 5 503
105876 1 255
106748 4 945
106803 6 397
108144 4 286
111643 1 120
112513 1 114
113284 2 265
113376 1 676
113614 4 711
114328 48 4030
114526 8 837
116413 11 533
116937 4 140
117195 2 186
117479 1 217
117869 4 283
117929 4 995
119684 2 255
120220 2 600
121212 2 159
122668 1 432
123849 5 731
124341 2 268
125136 1 920
125936 1 390
125937 3 360
126433 3 583
127217 1 138
127232 5 654
128478 3 509
129119 8 965
129945 3 544
130261 4 619
130787 11 391
131464 6 703
131584 1 169
131782 2 881
131843 5 455
132055 3 417
132372 6 510
132815 2 368
132975 2 348
132977 6 737
133078 1 1158
133135 4 577
133557 3 173
133603 6 421
133669 5 403
134076 1 792
135263 6 215
135471 4 762
135699 4 251
136980 5 699
136984 3 772
137510 5 421
138016 1 718
138783 1 187
139543 1 733
139802 2 372
139803 4 428
139923 3 278
139979 7 380
140895 1 366
141810 12 770
142140 52 4381
142141 19 7912
142170 5 789
142563 7 870
142901 2 309
142954 2 568
144146 3 593
144394 7 535
145231 3 424
146272 7 898
147235 5 602
147349 4 238
150549 6 422
152263 3 401
152265 13 439
152809 3 473
153158 1 614
154151 1 605
154899 4 246
156023 1 528
157586 2 545
157922 1 750
159847 1 829
160324 3 411
160509 4 428
160926 3 608
161197 1 56
161783 1 240
162851 4 488
163561 1 720
163599 2 1151
166303 3 303
167394 2 415
167621 2 1145
168861 1 422
169051 14 633
169788 1 159
170603 1 141
170840 1 369
171001 4 251
171251 2 508
171544 1 559
171860 5 610
172944 2 189
173181 5 313
173185 12 650
173692 8 367
173894 4 254
174068 7 669
175191 5 1160
175506 11 667
176518 2 389
177709 2 432
177711 3 534
178991 67 3916
178996 14 5818
179455 2 615
180204 3 903
180678 8 335
181263 6 1082
181264 2 527
181951 7 566
181974 3 614
181977 1 389
181979 4 554
182107 1 158
182124 1 751
183125 2 206
183726 16 802
183869 2 248
184224 5 679
185871 1 203
187373 1 772
187431 8 1064
191023 2 663
191502 3 406
191724 1 425
191818 4 102
193733 13 758
193773 2 79
195164 5 622
195543 22 834
196008 3 734
196417 2 498
196563 1 383
199010 3 402
201193 3 475
202699 1 65
202703 1 192
203126 1 168
203938 11 802
204332 4 553
204503 6 555
204518 3 738
206988 6 333
208834 7 338
209146 3 462
209590 4 329
211199 3 284
211686 1 549
212031 1 483
214026 9 293
214354 1 200
216435 1 953
216556 3 407
217815 10 777
218440 1 631
219352 1 536
220136 2 700
220356 2 223
220470 1 280
220628 2 597
220631 3 1020
220649 4 553
221598 3 1404
222206 1 477
222701 2 519
223688 3 182
223982 1 488
223988 2 584
224138 3 414
225110 11 606
225171 2 909
225470 3 608
226486 8 530
226696 4 1219
228801 3 777
229725 1 167
229741 10 585
229744 6 693
229756 4 731
229768 9 603
229769 1 597
229778 2 611
229797 4 650
229801 10 1448
229802 4 172
230063 1 361
230289 2 306
230362 4 592
230371 1 199
230431 8 482
230536 3 260
230666 1 503
230674 7 444
230877 1 345
230991 2 152
231021 1 304
231179 1 61
231669 4 498
231745 1 309
232008 3 389
232224 4 530
232225 3 205
232372 4 656
232660 10 391
232664 5 475
232728 1 356
232916 1 530
232917 9 563
233078 3 203
233095 1 159
233244 2 123
233245 1 239
233298 1 1202
233376 2 376
233746 9 1041
234186 4 441
234217 2 302
234376 1 402
234680 1 220
235143 1 136
235402 2 253
235503 8 369
235585 1 250
235588 6 431
236194 2 184
236591 3 517
237076 1 304
237732 1 99
237735 2 666
238476 2 148
243424 1 431
243759 2 743
243829 1 106
246316 2 781
248711 1 520
248975 6 598
249222 2 290
250318 62 5290
250325 26 6286
250472 5 303
251163 4 678
251170 1 524
253078 1 705
255352 1 354
255999 14 1147
256792 2 846
257436 5 290
257782 1 247
258142 7 623
259315 3 280
259473 1 474
260437 2 250
260537 2 111
260604 1 446
262338 1 536
263989 2 290
264426 2 396
265646 1 574
265810 9 16729
265816 9 25803
265845 19 17259
265847 21 5294
265854 12 21100
267135 3 234
267426 2 142
267524 1 290
267567 14 3974
267663 7 5386
267720 8 426
267785 2 298
267806 4 241
267807 2 349
267834 6 1920
267840 2 137
267842 1 371
267944 1 208
268303 15 6782
268408 2 586
268463 1 243
268603 11 2073
268604 1 605
268649 5 162
268671 9 612
268694 1 729
268733 1 566
269031 14 2100
269173 1 377
269197 7 1281
269202 3 401
269209 4 847
269256 2 558
269368 1 208
269458 1 179
269598 5 298
269599 3 340
269753 3 1864
269854 10 1350
269861 6 419
269980 5 212
269983 3 276
269992 7 775
269996 15 6852
270052 1 194
270114 12 2219
271174 1 283
271258 2 1713
272472 2 481
272598 1 615
272671 1 4397
272998 2 1472
273257 1 294
274036 5 2768
276078 9 5007
277184 2 450
277621 1 150
278626 6 946
279096 11 5450
280619 8 11500
281423 1 436
283141 4 4279
284177 1 711
284697 7 1025
285018 1 110
285321 7 319
285583 3 301
286221 1 1494
286244 12 1085
286326 3 1953
286334 7 2720
287031 4 1635
287269 2 659
287906 19 5750
287973 1 229
288174 4 235
288230 2 933
288242 1 111
288389 1 168
288475 2 482
289348 13 18428
289538 9 4464
289539 3 1450
289732 2 4132
289734 8 4107
289825 6 1411
289875 3 3644
289917 2 1112
289920 5 7272
289932 4 4403
290042 6 1343
290256 6 30074
290440 10 15196
290443 7 4140
290465 26 15747
290466 19 7226
291577 4 451
291823 3 1219
291835 2 583
291851 2 6502
291942 10 936
291950 1 888
292146 12 4541
292187 1 237
292298 10 2887
292339 1 310
292368 5 1504
292505 20 2460
292523 2 1050
292537 3 464
292630 11 764
292727 3 1491
292803 6 3857
292810 3 371
293045 4 116
293251 4 745
293720 41 7581
293746 4 282
294090 1 3338
294967 14 7544
295112 4 454
296916 1 603
297980 4 2523
300982 7 3200
301865 1 18367
302310 1 833
303734 27 25485
304321 3 352
305916 6 4660
305953 21 3655
305977 16 3942
306173 4 620
306237 31 26903
306284 1 21202
306421 1 513
306425 3 1403
306588 9 834
307298 1 610
307453 18 49380
307910 3 470
308186 2 36306
308433 1 768
308513 6 8438
308553 2 8271
308598 1 5851
308699 3 731
308727 4 1375
308746 3 988
308773 3 1955
308811 3 1955
308862 7 834
308903 8 5575
308907 6 13313
308919 35 13545
308923 5 3318
308947 14 16976
308953 28 14138
308957 8 5575
308961 6 13313
308973 35 13545
308977 5 3318
309001 14 16976
309007 28 14138
309389 8 3655
310151 12 1107
310165 2 242
310224 6 2678
310252 3 256
310261 2 211
310490 5 1694
310779 109 3706
310963 10 3666
310990 7 2799
311076 8 308
311093 2 459
311111 1 300
311269 2 183
311421 4 199
311427 2 825
311432 63 3846
311679 4 443
311685 3 507
311712 2 345
312036 1 1012
312285 2 296
312383 2 3321
312401 10 5388
312632 4 505
312693 2 1321
312916 2 1637
312964 13 2366
312983 4 1180
313361 2 228
313758 1 1412
314077 6 1307
314535 13 698
316236 1 508
316691 4 540
319137 1 321
320223 1 161
321210 1 1728
324628 6 2079
325059 7 2244
325083 5 3507
325096 11 5659
325101 4 308
325130 36 2645
325132 1 768
325143 35 2591
325185 19 1829
325560 61 1921
325624 7 4590
326044 3 427
326046 1 200
326123 1 14885
326129 2 67196
327015 7 1912
327040 1 1144
327094 6 3381
327179 18 1735
327230 1 550
327384 12 19585
327394 14 22044
327407 6 18061
327882 4 351
328506 1 4280
328594 1 693
328898 1 2278
328991 1 1027
328992 25 5954
329028 14 1112
329031 5 887
329034 7 4775
329082 1 802
329120 3 433
329162 2 302
329208 22 9390
329209 6 5843
329225 20 7875
329226 7 8776
329227 9 3765
329231 12 7437
329294 1 301
329400 2 2036
329406 4 984
329407 14 7463
329412 3 7792
329417 5 4601
329476 11 4825
329493 4 7227
329569 12 7587
329578 9 589
329682 8 4492
329684 5 4343
329685 7 4983
329687 16 4905
329688 6 4330
329760 6 285
329778 5 709
329804 8 7586
329833 4 242
329839 1 254
329866 3 156
329989 2 280
330099 4 6898
330324 1 1971
330573 9 506
330767 4 2668
330816 4 181
330884 14 3321
330934 3 839
331016 7 552
331425 4 262
331432 12 8083
331495 1 259
331598 2 583
331608 2 231
331614 2 1086
332841 1 277
333255 12 2277
333451 16 1644
336030 10 2998
336329 2 658
336526 11 817
336719 16 6871
337185 10 2433
337422 4 633
338107 2 482
338408 3 425
338430 3 371
338816 5 1000
340099 12 2202
342388 1 186
344038 5 862
344316 2 1235
344658 1 300
345048 1 345
345845 4 301
346175 3 332
346759 1 666
347496 3 198
347510 8 562
347673 6 1142
347711 138 3994
347713 19 1363
347716 2 1283
347759 39 1805
347837 33 63219
347869 36 47445
347934 25 11174
348856 1 286
348894 1 538
349688 6 466
349693 7 2709
349786 9 1038
349849 6 1837
350144 9 2979
350317 6 894
350449 6 14072
350454 7 4709
350479 10 11696
350496 6 14081
350724 1 786
351470 9 3052
352261 3 430
352395 2 226
352416 8 2523
352450 14 5502
352463 5 499
352485 2 272
352488 11 1108
352522 5 1753
352604 5 304
352626 3 7519
352947 39 1791
352948 1 974
352951 3 628
352961 12 1278
353320 1 2590
353664 3 610
353946 1 1032
354040 11 3576
354041 10 3810
354042 4 3333
354043 30 3871
354044 17 4950
354045 18 3330
354046 8 3673
354048 11 3345
354049 11 3732
354114 1 386
354347 3 281
355180 2 352
356137 5 1150
356616 1 529
357007 3 216
357852 1 568
358392 3 877
358492 7 285
359152 39 9815
360182 5 2961
360365 4 1408
361105 43 4143
363008 5 950
363453 1 3056
363965 5 6146
364108 30 3502
364147 9 955
365372 1 870
365644 5 997
365912 1 168
366337 2 131
367610 1 434
367791 1 2239
367879 2 2971
369766 2 587
369881 23 2118
370017 2 325
370104 1 834
370185 2 452
370685 2 563
371096 1 1073
371789 8 1662
371833 1 4625
371839 35 4897
371840 11 852
371842 1 1073
371850 4 1754
371882 12 1923
371888 12 1732
371899 1 2226
372278 7 28092
372279 7 5420
372406 38 14595
372431 6 528
372978 2 311
373102 2 225
373105 8 1607
373106 13 991
373834 11 44460
374014 3 80805
374052 4 1524
374254 2 5056
374300 2 3673
374381 6 2931
374463 5 1239
374507 4 1194
374508 2 766
374978 6 4182
374994 13 13993
374995 2 4000
374998 4 893
375206 10 701
376281 5 1851
376283 1 206
376290 1 231
376386 4 9418
376461 6 241
376543 1 127
376610 16 7750
376629 11 2261
376822 10 7531
377172 2 208
377174 14 4120
377197 20 8628
377321 5 692
377409 71 4687
377415 11 603
377482 4 352
377560 14 6597
377711 2 390
377799 2 573
377946 16 764
378071 9 7768
378078 8 631
378266 4 7092
378276 79 2991
378278 46 2012
378463 5 121
378556 41 2479
378799 11 3228
379884 1 343
380679 3 439
380684 2 167
381574 8 2965
381672 3 274
382183 5 1109
383754 3 5970
383933 2 2880
384527 1 256
384585 6 2617
385182 11 2730
385486 11 6673
390160 1 223
393035 11 523
393524 4 1659
393525 34 3836
393527 16 4576
393537 49 2637
393550 1 30891
393561 26 2759
393564 56 3222
393574 6 2047
393577 7 271
393612 36 743
393614 15 4956
393621 2 1782
393638 9 1416
393648 1 1548
393653 4 1991
393662 9 1818
393673 6 10585
393677 8 3966
393747 1 58177
393876 5 1010
394063 11 1487
394092 7 606
394716 4 2905
394898 3 26758
395585 5 30629
395591 1 1288
395611 1 1556
395714 4 4780
395721 3 1286
395722 5 1847
395726 1 1391
395784 3 1461
395795 1 943
395800 1 3030
395802 1 1096
395810 3 5761
395816 1 885
395859 4 3099
395872 7 1459
395932 5 950
395944 1 2593
395950 2 1711
395956 2 2366
395959 3 1755
395976 1 1478
396097 2 737
396113 19 1968
396139 1 3722
396146 12 3305
396149 2 3367
396199 1 785
396255 2 788
396258 3 38258
396390 10 1672
396469 3 1636
396471 22 730
396474 1 1209
396506 11 1581
396507 5 673
396550 1 446
396675 1 809
396932 1 801
397192 1 630
397449 1 835
398291 3 503
402070 8 481
402311 1 303
407798 3 450
410112 1 444
410223 1 662
410742 5 385
410752 3 380
414070 2 318
416129 1 239
417305 1 548
417633 2 407
417859 8 427
419224 1 667
419994 3 260
421142 3 447
422358 5 281
422669 1 1921
424260 1 873
427438 3 298
427626 14 579
428492 1 497
428503 2 406
428553 2 1150
428643 1 1126
428700 3 645
428937 8 629
429382 1 104
429576 2 476
432795 6 391
433722 7 2969
434102 10 1981
440839 6 257
441155 2 230
441311 9 880
441473 1 2025
441722 2 1653
441992 1 736
442366 6 1043
442963 13 775
443103 8 427
443117 1 779
443310 3 431
444224 1 112
444651 2 88
444707 1 1891
444888 1 156
445044 1 551
445602 1 345
445758 9 997
445781 211 3878
446040 1 317
446197 22 933
446460 360 6151
446632 1 465
446767 1 2427
446768 1 702
446903 5 1194
446917 3 452
446993 1 1820
447277 1 779
447351 4 1951
447648 6 471
449013 1 403
449278 1 1143
449747 4 944
450546 1 510
452271 6 1200
452699 1 676
453033 2 935
454416 1 54
456840 2 609
459432 22 872
463725 1 72
466779 7 510
467691 1 1772
469183 15 528
469191 1 449
469473 1 824
470449 2 129
471188 1 1068
471221 4 341
471265 3 885
471280 7 577
471315 3 925
471335 3 1239
471605 1 387
472956 2 286
473730 3 104
474695 1 765
478564 4 681
478852 1 3420
478924 2 1672
478938 3 1206
478967 1 723
479049 2 1953
479295 1 773
479297 3 1308
479342 1 83
479456 3 562
482849 1 501
482873 1 450
482949 5 544
483813 2 342
484816 1 628
485412 2 209
485690 1 121
486216 4 1517
487780 1 87
491119 1 644
495388 9 1181
495545 12 1604
496302 2 613
496375 1 431
497314 1 511
497852 2 137
498058 1 409
498127 1 474
498526 2 163
498553 2 100
499087 2 822
499231 24 874
499557 2 718
499989 3 1384
501209 8 714
501383 18 703
501494 2 1078
501808 8 930
501913 1 86
502043 1 1345
502413 2 1028
503333 2 352
503445 1 739
504331 16 1314
504961 4 1000
505480 2 164
505832 2 166
505841 2 173
507062 2 181
507075 14 1772
507154 2 168
514562 4 662
514786 1 226
514933 1 249
515030 4 176
517294 3 1860
517484 1 485
518009 1 78
518494 8 316
520410 13 898
520606 10 1434
520610 2 272
520998 2 513
522430 1 61
523159 1 91
523530 8 2257
523663 3 2999
523666 5 857
524178 2 983
524496 1 290
524508 2 85
525177 1 2500
525431 2 114
525547 5 636
525606 3 2915
525806 1 1391
526690 3 295
527079 2 1032
527324 3 79
527662 4 978
527694 4 981
527729 1 236
527763 1 1921
527770 1 652
527898 3 65
