1451 2 287
1452 2 341
1453 3 330
2084 14 358
2352 4 321
2881 7 756
2883 2 396
3301 2 219
4828 2 227
7968 1 456
9905 1 412
12016 1 117
12916 3 339
15125 2 202
16236 7 290
16859 3 154
17584 3 182
18345 1 458
18346 1 464
18605 7 400
18877 2 775
23520 8 493
23792 2 121
23869 2 323
25104 4 598
25646 1 178
26396 5 218
28239 8 373
31296 3 261
32934 4 297
34483 1 785
34494 1 691
34712 1 537
36939 8 457
36940 6 307
38275 1 407
38805 6 221
38806 6 323
40061 2 19463
40189 2 510
40190 2 287
40725 1 483
44546 3 229
46359 5 238
46361 3 215
47339 5 242
47341 4 205
47342 1 306
48519 5 363
49394 2 26545
52214 1 64459
52354 4 471
53994 1 4216
55371 5 52248
55524 7 347
56878 1 379
57449 3 466
57567 1 27
57867 2 715
58041 1 227
59125 1 28
59338 1 574
59633 1 564
60049 1 768
60441 2 62
60484 11 491
60987 1 446
62097 1 117
63163 2 611
63399 2 268
63427 2 278
63761 1 206
64070 33 1025
64896 5 177
65265 1 444
65267 2 627
65730 1 309
68123 1 697
68325 1 631
69047 11 482
69950 4 104
70160 1 213
70682 13 811
71630 10 204
72438 1 34
72447 1 136
73818 1 590
73826 2 416
74132 6 176
74570 5 175
74690 1 372
75487 2 852
76148 11 529
76551 2 143
79154 8 529
81556 2 160
82573 9 371
82977 1 2067
83811 12 703
84084 10 495
84763 6 401
85989 5 206
86044 5 779
86115 1 187
86904 1 999
87779 3 207
87960 5 96
88196 8 690
88748 1 161
90512 5 502
90514 12 582
90515 3 623
90517 6 756
90518 5 722
90690 1 284
91314 1 102
95240 2 229
95402 2 286
95702 7 638
96156 6 281
96947 5 554
97072 1 209
97474 3 96
97510 1 38
98696 1 207
99260 6 154
103462 10 573
103603 12 425
104099 12 421
104102 2 287
104103 1 253
104223 8 369
104574 4 235
104777 1 198
105325 1 47
106449 7 249
106481 12 700
106864 6 313
106967 12 831
107237 1 25
109270 8 181
110513 5 169
110806 2 94
111347 1 631
111826 2 71
111857 2 32
112402 2 186
112520 8 946
112650 1 138
113745 2 378
115225 3 251
116718 8 423
116892 5 362
117074 5 198
117198 5 139
117710 4 256
118737 1 31
118749 1 41
119397 4 257
122065 8 887
123239 5 188
124480 1 204
125025 4 259
125299 12 814
125529 13 247
125675 8 221
125973 9 288
126257 9 186
127041 2 203
128722 4 62
128951 13 229
130475 2 130
131099 2 65
131114 2 62
131420 9 256
131963 6 648
132171 3 945
132843 3 237
133333 3 281
133581 6 341
133972 4 210
133978 5 244
134424 5 263
135208 2 265
135356 8 265
135523 3 289
135890 3 118
135897 2 83
135955 4 389
136044 9 370
136380 6 287
136383 4 175
136449 13 878
136452 7 412
136462 3 328
136650 9 364
137309 2 238
137807 3 248
138150 3 79
138752 4 134
138755 4 309
139025 3 202
139559 2 524
140215 4 223
140267 8 326
140933 5 238
141216 1 538
142046 2 168
142173 18 528
142213 2 112
142940 2 261
145321 2 381
145325 6 187
145398 5 273
146371 7 6543
147273 9 378
147524 4 196
147799 3 319
147990 19 727
148598 5 255
149214 5 246
149805 3 215
150663 12 1180
151040 1 218
151626 1 43
152762 4 281
154694 3 412
155483 8 410
155617 11 498
155802 4 340
156084 2 183
157653 2 97
157765 1 217
158049 8 257
158890 4 631
158891 5 456
160405 6 679
160734 1 249
162036 1 58
162968 3 158
163909 5 115
164850 10 233
166456 1 218
168813 10 748
169578 2 117
170005 1 120
170962 3 304
171136 4 94
171287 3 1744
171434 4 918
171646 11 741
173021 1 376
173847 5 417
174620 4 593
175276 14 548
175971 2 264
176052 1 216
176985 1 623
177599 2 75
178006 7 248
179635 2 281
179842 2 718
180090 11 632
180529 4 115
181971 10 733
182058 8 279
182124 5 751
182540 2 418
182938 6 8475
183158 1 245
184666 1 179
188157 3 397
188936 1 699
189059 5 238
190322 2 462
192117 4 280
192798 1 331
194853 5 216
196013 5 173
196076 2 304
196728 13 1152
197291 7 405
197447 3 327
198879 2 176
198883 3 262
199627 9 396
199712 5 152
202051 6 239
202549 1 64
202646 1 763
204000 5 220
204659 15 721
206089 3 102
206459 1 201
208996 7 262
210722 8 488
212162 4 217
212311 5 266
212474 9 265
212562 5 335
215699 2 77
216427 4 821
219736 2 99
221021 2 688
221032 6 652
223472 1 381
223777 1 77
223816 1 493
225467 7 321
225791 4 67
228114 2 136
228194 10 1185
228195 8 611
228769 6 299
228940 7 192
229146 7 565
229801 1 1448
230511 2 291
231238 2 220
231590 6 147
231725 4 89
233223 2 448
233738 6 436
235998 3 312
236151 2 66
236729 5 399
237722 3 468
237850 1 439
240017 3 296
240323 13 250
240608 2 56
243736 29 561
244068 2 250
245536 4 228
245546 2 179
247112 3 549
247483 7 312
247631 1 240
247660 2 317
248601 3 241
248950 4 140
249787 8 177
249903 3 612
250353 2 410
251054 3 220
251339 18 548
251742 6 570
252752 4 493
252987 4 264
253721 1 246
253736 9 750
255682 21 680
255906 2 97
256235 1 725
258749 7 311
259032 2 50
259473 1 474
259552 1 48
260230 4 279
260993 1 163
261305 13 507
262174 6 205
262968 8 148
263073 13 373
263136 3 177
265816 8 25803
265845 1 17259
265854 4 21100
266313 1 85
267438 3 194
267533 1 2478
267636 3 2539
268303 1 6782
268361 1 269
268547 6 160
268714 8 244
268955 5 362
269723 9 288
269892 2 419
269996 1 6852
270284 4 109
270481 3 4619
270501 1 3763
271749 1 109
272003 1 5868
272269 1 4027
272810 1 102
272845 7 104
273108 7 184
273152 4 597
275426 1 254
276078 1 5007
276543 1 1318
277355 3 147
277769 9 494
279472 1 576
279583 1 575
280537 5 248
281497 7 413
282176 1 227
282282 1 352
283093 1 189
284756 15 627
286356 33 1182
286357 4 1346
286583 1 19748
286746 1 273
287906 1 5750
289817 1 507
290253 4 831
290652 3 183
291608 11 399
291688 7 2710
291689 2 1872
291793 2 2238
292355 17 551
292363 9 256
292653 11 267
292700 7 3396
292817 5 75
292902 3 107
292997 2 177
293001 3 127
293046 1 119
293072 24 406
293239 11 356
293721 21 4942
295258 1 123
295612 3 95
298582 1 239
299111 1 573
301854 2 97
303030 1 355
306161 25 715
306731 1 284
307453 2 49380
308575 1 1331
308919 5 13545
308973 5 13545
310139 3 130
310255 8 150
310833 3 207
311182 7 152
311308 6 625
311440 8 210
311441 18 315
312067 39 469
312461 4 138
313900 7 160
314822 2 6501
315351 2 117
325102 9 599
325442 15 1076
325443 12 632
325543 5 2471
326123 1 14885
326179 1 407
326934 7 323
326997 7 323
327175 9 606
327177 2 662
327384 3 19585
327394 3 22044
327407 2 18061
329017 11 275
329047 2 174
329225 5 7875
329768 1 135
330086 6 3800
330462 8 421
330600 8 167
330718 15 179
330767 2 2668
331612 20 270
332159 5 81
332714 18 4448
332824 6 911
334185 4 376
334315 3 133
338652 1 116
343044 6 198
347837 6 63219
349428 4 377
349893 2 441
349895 2 747
349922 12 846
349994 1 8773
350165 2 700
350166 2 624
350479 9 11696
350496 1 14081
351823 14 186
351998 9 3051
352002 2 2997
352012 6 199
352032 10 303
352047 18 219
352223 1 321
352963 33 332
353176 12 342
353405 3 824
353465 2 153
353784 11 132
354021 16 259
354132 4 544
354135 1 427
355680 45 722
355867 3 414
356314 1 84
356615 5 145
357143 6 408
357900 4 85
371781 19 2030
371785 1 1358
371890 3 992
372126 20 650
372406 2 14595
374034 1 304
374123 8 268
374166 7 2488
374190 10 474
374199 1 641
374346 2 490
374369 4 1007
374378 5 459
374489 6 1941
374522 1 619
376464 10 230
377174 3 4120
377370 1 75
377726 10 519
377954 8 154
378071 4 7768
378082 10 163
378496 17 323
378504 2 311
378969 2 335
379810 10 143
379922 9 226
381157 14 433
382993 12 226
389031 16 268
389240 4 98
390123 1 215
392215 5 819
393550 2 30891
393677 2 3966
393747 9 58177
393978 10 605
394716 2 2905
395242 1 23266
395810 9 5761
395811 3 2673
395812 3 749
395813 4 704
395929 3 408
395974 9 833
396112 6 1745
396114 1 4324
396258 1 38258
396655 3 1108
400295 1 285
403401 3 535
408196 7 601
408430 1 593
410386 1 43
414543 1 372
415725 4 1721
415842 3 440
415853 1 1082
415964 1 549
416693 2 292
417045 1 279
418298 1 924
418635 1 409
420644 2 78
423689 2 905
424679 1 562
424680 7 880
425397 1 680
425518 8 506
425844 2 182
427629 1 583
429757 1 81
431250 1 3314
433602 1 542
436912 2 71
441723 1 645
441727 4 385
442271 2 79
442915 1 54
447561 1 81
449447 1 1249
452872 1 84
452882 1 1692
452967 1 128
454516 2 155
456201 3 794
456482 17 797
457308 4 199
457553 3 527
459503 2 1593
461570 1 414
463609 5 144
466742 1 465
474419 4 108
475812 1 278
480007 3 453
481186 3 362
481706 1 99
482809 1 55
483627 16 559
492321 1 223
492684 5 776
495664 4 478
496681 16 530
497370 1 373
499423 1 103
500118 1 153
500525 1 385
505540 1 48
508223 3 204
508959 3 202
509460 1 66
509915 1 1487
511281 4 259
515406 2 48
517043 1 115
519146 1 1072
520776 2 504
522110 1 923
527657 1 281
135 2 576
136 5 524
137 5 478
138 2 438
455 171 18030
894 1 748
1646 1 55438
1848 1 457
1882 3 563
1883 1 403
1898 2 349
1900 1 308
1913 1 641
1917 3 425
2391 5 431
2396 6 426
2544 7 467
2559 1 392
2641 243 17392
3698 4 215
3846 6 594
4137 243 16130
6367 208 17463
7020 7 526
7283 1 360
8148 227 17754
8169 2 510
9010 12 805
9484 1 487
9732 2 455
9905 2 412
10857 5 5056
12502 1 88
12709 25 20008
12985 1 7361
13626 2 607
13911 3 604
13912 276 17501
14222 3 317
15053 13 415
15599 2 517
15742 3 682
15743 13 701
15746 17 618
15752 8 637
15760 11 720
18185 7 280
18345 1 458
18662 3 683
18669 6 616
18671 8 643
19187 1 360
20001 7 507
20493 3 683
20496 6 424
20498 14 735
20502 6 579
20503 8 495
20504 10 503
20510 11 617
20575 1 622
21614 57 32241
22200 1 398
22941 5 513
25353 8 792
25656 146 15042
26107 12 317
26206 11 444
26281 2 281
26282 1 232
26283 2 553
26285 1 250
26286 3 372
26287 3 464
26289 18 531
26292 11 504
26294 9 339
26295 17 533
27118 2 579
27179 1 453
27424 183 13034
27684 3 866
28012 4 597
28082 1 486
29206 3 680
29208 22 840
29209 22 1115
29214 12 546
29215 16 783
29220 13 694
29223 14 877
29231 33 996
29232 10 376
29236 19 856
29883 9 556
29992 11 498
30015 2 218
31298 1 502
31436 1 481
31437 1 410
31516 11 414
31534 10 520
31535 2 537
31539 6 578
31629 318 21435
34246 152 19523
34479 9 383
34480 32 762
34481 8 233
34482 13 668
34483 14 785
34484 5 541
34485 4 347
34486 7 364
34487 3 335
34490 19 635
34491 6 734
34492 20 504
34493 12 578
34494 13 691
34495 9 631
34496 5 538
34497 1 414
34498 7 376
34499 8 242
34500 8 467
34501 4 454
34503 6 277
34506 1 339
34508 3 245
34712 4 537
36498 281 20156
36499 1 162
37269 1 560
37274 5 366
37689 1 160
38253 1 438
38254 3 476
38256 1 523
38261 1 579
38262 1 565
38263 1 218
38264 1 564
38266 1 660
38273 1 619
38282 1 565
38284 1 571
38285 1 548
38301 2 636
38306 9 450
38444 10 561
38647 3 468
38648 1 625
38687 16 1007
38833 6 335
38834 3 649
39127 1 679
39432 5 809
39699 3 447
39788 9 388
39793 14 422
39795 9 454
39796 5 464
40188 2 466
40335 1 150
40450 6 492
40467 16 470
40468 18 496
40469 11 421
40470 10 633
40476 12 783
40723 1 554
40725 1 483
40750 2 349
40751 6 526
40753 1 235
41197 16 512
42005 12 945
42251 16 408
42719 2 521
43303 2 213
43306 12 520
43307 8 165
43308 5 105
43315 8 219
43317 4 104
43318 12 510
43332 1 316
43382 4 333
43405 4 382
43460 4 356
43507 2 372
43511 5 319
43637 10 668
43640 187 18238
44375 6 423
45199 10 404
45200 13 463
45201 6 402
45757 3 421
45872 152 15512
46070 5 549
47158 6 293
47860 1 436
49027 11 643
49029 11 496
51067 3 403
51087 20 490
51331 1 184510
52214 2 64459
52678 266 15365
52838 1 602
53018 1 648
53019 4 310
53024 1 206
53124 2 397
53125 1 575
53129 9 729
53130 22 397
53400 1 704
53455 1 453
53476 2 488
54289 2 380
54527 335 19068
54577 1 502
54604 1 721
55051 3 243
55052 5 396
55054 2 218
55055 12 357
55056 3 264
55057 16 462
55058 1 204
55326 6 405
55327 22 471
55375 2 40486
55508 3 661
55590 13 498
56323 1 471
56464 1 493
57235 1 557
57718 2 593
57867 9 715
58033 1 547
58240 1 90
58241 1 94
59150 1 361
59327 1 481
59597 1 141
61362 1 165
63761 2 206
64021 1 455
64070 1 1025
65703 1 405
66040 1 152
66216 23 681
67205 1 1306
67274 7 198
69791 1 749
70160 1 213
70415 1 445
70682 1 811
72447 1 136
74916 1 215
75487 1 852
80434 1 351
80928 1 30
81352 1 33
84490 1 107
85135 1 165
87779 2 207
88087 1 58
89611 1 131
90507 1 46
90513 1 532
90690 1 284
91057 2 33
91483 2 586
91978 5 1171
93759 2 34
93801 1 157
95240 1 229
95402 5 286
96698 1 528
96935 1 442
97401 2 227
98299 1 466
98671 1 40
101185 2 212
101757 2 39
102258 1 166
104103 1 253
104777 1 198
105858 1 60
110806 2 94
111347 1 631
111552 1 109
111997 3 51
112532 4 69
112650 1 138
113745 1 378
114134 1 91
115738 1 26
116632 1 215
116980 2 163
118616 1 144
119286 1 646
119641 1 38
119827 1 36
121780 3 265
121808 1 872
122124 4 547
122352 2 175
122409 4 178
122465 2 612
124474 1 95
124480 1 204
125896 8 202
129426 9 382
129657 1 442
132171 3 945
135890 2 118
135897 2 83
136029 10 288
138150 1 79
138752 2 134
139326 2 850
139390 4 625
140432 1 433
143509 1 237
144956 2 47
145321 1 381
146371 2 6543
146525 1 209
151040 1 218
154634 1 88
154864 1 247
154882 1 199
155467 1 502
156869 4 132
157112 3 90
157653 1 97
157765 1 217
158397 2 155
158890 1 631
160302 4 111
160360 3 276
162278 3 518
162768 3 136
163909 1 115
165128 2 74
165260 1 167
166456 1 218
168235 1 153
169980 2 210
171434 1 918
173021 1 376
175194 1 142
175971 1 264
176052 1 216
176985 1 623
177289 9 797
177571 1 44
179842 1 718
180895 6 191
181346 1 113
181552 1 138
182540 1 418
183064 1 254
185075 2 588
189366 2 43
195192 1 51
198879 5 176
198883 6 262
200058 1 571
200313 1 50
200497 1 348
200991 3 78
201311 1 85
201766 5 271
201809 1 42
201842 3 161
202075 14 345
202646 1 763
204000 2 220
204728 1 516
206459 1 201
208002 1 185
208029 1 182
208941 4 149
210722 1 488
212443 1 211
212926 1 56
217435 4 71
217630 2 116
219063 1 64
221020 3 465
222825 1 270
223777 4 77
223816 2 493
226822 1 72
226838 1 850
227955 1 62
227980 1 76
229716 3 173
230162 2 100
231022 4 335
231238 1 220
233270 3 55
236151 1 66
236179 2 137
236351 1 288
236585 1 54
236860 1 204
237722 1 468
237850 1 439
238078 2 412
240765 1 391
243366 5 231
244079 3 53
244090 5 76
247483 1 312
247660 1 317
249317 4 71
249787 1 177
250353 1 410
250577 1 40
251750 6 218
251758 3 101
251990 7 390
252639 3 787
253649 2 340
253721 1 246
255682 1 680
256235 1 725
257587 5 286
259473 3 474
259607 1 670
260732 2 130
262940 1 50
264516 3 81
265050 1 497
265265 7 345
265368 7 322
265491 1 478
266250 2 124
266314 1 109
267663 1 5386
267735 1 397
268303 1 6782
268407 3 132
268549 6 223
268859 7 278
269996 1 6852
270481 1 4619
270501 1 3763
272003 5 5868
272723 1 3135
272810 1 102
273335 2 133
275140 4 213
277355 4 147
280537 1 248
280619 1 11500
282176 1 227
282843 2 1512
283093 1 189
285418 4 207
286509 6 998
286583 29 19748
286768 1 720
287013 1 499
287903 7 171
287906 4 5750
288353 3 264
288355 3 307
288670 4 213
289348 1 18428
289678 1 738
289817 1 507
290256 140 30074
290293 2 436
290406 1 2246
290440 1 15196
290450 1 3129
292262 6 176
292891 6 168
293001 1 127
293072 9 406
296475 7 166
297160 1 183
297223 4 122
298208 3 526
298582 6 239
301854 1 97
301865 2 18367
302893 2 76
303514 1 1138
303734 4 25485
305223 5 276
305988 1 1574
305992 1 869
306266 7 385
306673 10 409
306731 1 284
307398 10 598
307404 9 386
307453 82 49380
308186 1 36306
308246 5 20735
308417 9 771
308553 3 8271
308585 1 1580
308681 1 1716
308771 33 8972
308772 30 2076
308809 33 8972
308810 30 2076
308830 12 731
308831 12 731
308900 10 540
308901 12 731
310497 8 650
310926 5 448
312298 4 92
312301 9 181
312809 1 312
313900 1 160
315351 1 117
315386 1 162
317193 1 233
319792 1 288
320025 11 487
321357 1 2299
322670 1 203
323411 1 273
325372 1 284
325418 1 314
325472 3 694
325533 2 1753
325542 4 3842
325543 1 2471
326091 1 159
326123 10 14885
326129 32 67196
326147 1 168
326168 3 318
326179 1 407
326694 1 863
326791 12 809
326802 13 882
327177 5 662
327311 3 252
327394 1 22044
327407 3 18061
328904 1 910
329225 2 7875
329480 1 4513
329632 11 217
329633 7 213
329814 10 252
330101 4 343
330767 1 2668
330814 5 467
331261 5 253
332038 13 217
332079 6 246
332206 10 250
332642 14 302
332643 4 287
332824 1 911
333420 5 171
336055 1 502
339249 2 410
342456 2 177
344115 1 378
344288 3 80
345648 7 407
346151 4 162
346876 15 281
347081 4 331
347676 12 2857
347837 40 63219
347982 10 2493
348063 8 1554
348107 11 2277
348198 5 2945
348884 2 229
349040 7 412
349572 10 837
349889 8 1663
349895 11 747
349922 2 846
349994 2 8773
350021 1 6267
350166 5 624
350237 3 223
350324 14 2190
351998 1 3051
352002 2 2997
352080 3 116
352387 1 120
352515 1 230
352516 2 192
352519 1 114
352520 2 141
352548 2 159
353341 4 299
355680 1 722
355867 1 414
356615 1 145
359058 1 513
359083 2 231
360098 5 486
361838 4 1062
363621 1 882
366803 1 287
367312 1 61
368246 2 1937
371785 7 1358
371850 1 1754
371890 22 992
372118 1 611
372271 19 3535
372278 2 28092
372754 1 85
373174 1 194
373834 11 44460
373903 5 1933
374034 1 304
374087 1 454
374116 3 131
374346 6 490
374378 1 459
374522 9 619
374779 5 389
374804 1 497
374805 3 564
376591 1 515
376949 3 344
377174 1 4120
377448 1 4232
377538 1 755
377680 5 192
378071 2 7768
378170 2 155
378428 19 1082
379017 5 229
379896 16 1174
381842 1 189
383194 1 1014
383291 8 254
385058 1 388
389754 3 142
389839 1 352
390123 1 215
390563 5 546
393526 1 8178
393747 10 58177
393978 1 605
394611 1 454
394716 1 2905
394898 36 26758
395027 3 184
395242 2 23266
395640 4 17885
395654 2 947
395685 9 513
395713 1 1651
395806 1 783
395809 27 581
395811 37 2673
395813 1 704
395960 1 394
395974 1 833
396112 1 1745
396149 1 3367
396258 3 38258
396259 5 714
396351 1 72
396382 1 225
396623 3 342
396655 7 1108
396794 13 532
397031 1 81
397241 4 160
397889 3 105
398237 1 97
398655 1 509
398669 6 181
399310 2 110
399754 1 50
399893 2 454
400103 4 185
400161 23 1415
400295 3 285
400582 13 234
400854 2 91
400865 1 639
400913 2 17082
401012 1 75
401525 1 588
401803 8 190
401888 3 78
402071 8 236
402116 11 169
402783 2 642
402936 2 231
403241 1 695
403537 2 182
403595 1 91
404035 1 785
404400 1 714
404816 1 94
404878 5 243
406051 2 300
406870 1 1503
407638 2 299
407973 7 142
408430 1 593
410386 1 43
411407 2 184
411540 3 300
411986 9 1066
412847 1 575
413027 1 422
413063 1 607
413254 2 490
413265 1 624
413287 5 571
413298 5 728
413379 3 105
413420 11 359
413640 1 1359
413726 1 821
413776 1 112
413818 1 376
413829 1 980
414543 4 372
415635 4 363
415753 2 712
415836 1 1995
415852 1 1287
415878 3 532
415887 1 370
415889 1 2057
415949 1 526
415989 5 903
416009 2 886
416013 1 283
416108 1 73
416120 2 1146
416269 1 1228
416305 3 647
416438 1 740
416510 1 110
416611 3 95
416657 2 815
416857 1 111
416997 4 467
417058 2 554
417059 8 502
417332 2 90
417399 1 67
417524 1 821
418218 2 769
418262 13 925
418390 1 1597
418635 8 409
418638 3 115
418866 5 414
419248 3 93
419689 3 371
419786 1 767
420203 1 90
420742 1 56
420997 2 542
421217 15 1644
421527 1 46
421947 18 897
421969 1 76
421978 2 131
422377 8 504
422655 14 382
424008 4 628
424679 11 562
424680 7 880
424934 1 504
425844 1 182
426457 3 620
426547 6 534
426563 2 216
426580 4 875
426676 1 101
426695 1 416
426936 3 466
427024 1 513
427066 7 703
427099 2 151
427247 3 462
427583 3 492
427995 1 139
428328 1 50
428436 19 1036
428759 1 72
429757 1 81
429828 12 535
429891 2 266
429961 4 130
430014 2 1554
430047 3 125
430469 4 129
430847 4 462
431187 9 517
431278 3 496
431340 1 1030
431390 2 54
431429 1 683
431774 1 918
432577 2 53
432670 1 490
432690 2 323
432958 8 152
433159 1 71
433194 1 1353
433760 3 620
433810 1 742
433948 4 314
434152 1 106
434175 1 606
434611 3 246
434965 2 199
435151 3 204
435346 3 379
436511 7 229
436615 1 154
436976 1 95
437467 3 132
438384 4 253
438570 4 156
438676 2 788
439315 1 253
439346 3 99
441110 5 523
441175 10 272
441264 3 362
441723 4 645
441839 1 66
442059 2 408
442664 2 120
443516 1 272
443621 1 318
443829 2 771
443852 10 283
444453 1 525
445295 2 373
445714 1 120
445970 1 1301
445972 10 295
447561 1 81
447860 9 491
447877 4 247
448196 1 278
448457 1 326
448601 10 523
448694 2 114
448769 3 485
448808 1 494
448946 3 97
448992 6 372
449064 1 759
449590 1 163
449785 1 872
449916 2 748
450294 1 503
450838 2 129
450929 4 118
450936 3 358
451048 1 71
451379 4 234
451629 1 158
452872 1 84
452882 7 1692
452938 11 440
453391 1 51
453993 1 57
454213 1 136
454516 3 155
454620 10 468
455368 6 151
456201 4 794
456214 3 72
456983 13 1042
457308 1 199
457553 3 527
457691 11 521
458701 1 64
459848 2 54
460327 2 111
460543 1 123
461570 1 414
461872 3 68
462583 7 308
462678 10 750
463205 2 58
464094 5 517
464171 5 209
464455 1 73
464555 1 127
464899 1 46
465346 3 269
465370 1 120
465504 1 126
465685 1 45
465841 3 253
466610 1 934
466665 2 964
466742 1 465
467408 4 219
468009 5 1190
468378 7 187
468438 2 211
468682 2 87
469151 1 77
470725 1 370
471989 8 558
472171 1 93
472347 6 352
472350 4 252
472541 2 1307
472934 4 206
473620 3 78
474099 2 85
475171 2 410
475533 4 213
475661 1 529
475812 3 278
476517 4 98
476793 1 123
479144 1 597
479433 3 377
481759 2 375
481937 2 427
482794 1 2136
482809 1 55
484107 5 363
484149 3 378
484302 1 66
484499 1 1371
484633 1 95
484673 1 189
485150 7 118
485254 7 369
486703 5 507
486892 2 383
487148 5 202
487653 1 73
487831 1 281
488228 1 91
489106 5 184
489477 1 130
489728 2 303
490075 2 303
490093 1 102
490122 2 147
490428 6 426
490829 4 294
491654 3 360
492206 6 352
492221 2 205
492321 1 223
492363 2 73
492429 9 441
492460 31 643
492684 7 776
493291 2 159
493934 10 926
494229 1 145
495305 1 900
495572 3 89
495626 8 351
495659 7 360
495664 3 478
495791 4 411
496465 4 120
497025 3 103
497156 7 303
497370 9 373
497455 6 129
497907 5 326
498263 6 222
498328 2 920
498425 1 907
498445 3 157
498820 3 419
499423 1 103
500033 1 38
500118 2 153
500258 9 529
500380 1 948
500853 4 748
501622 17 652
501736 4 151
502201 3 87
502333 3 424
502344 2 282
502397 1 121
502787 7 867
503063 2 177
503935 1 126
503988 3 399
504559 7 528
504573 8 446
504935 2 85
504938 3 188
505356 16 732
506184 3 146
506185 4 301
506433 1 95
506487 3 79
507063 4 1524
507071 4 995
507072 1 501
507844 5 283
508223 1 204
508827 4 78
508959 2 202
509380 2 99
509460 1 66
509865 3 56
510267 1 105
510298 5 413
510378 3 85
510670 9 380
510736 18 753
510945 13 790
512617 5 253
513487 1 112
513599 4 309
514328 2 69
515406 1 48
515891 3 178
516055 7 963
517049 5 465
517477 3 100
518590 2 133
518738 1 42
518758 8 312
519146 4 1072
519148 1 401
519159 5 518
520912 1 152
521341 4 291
521406 1 57
522110 3 923
522687 12 319
522717 3 99
523466 2 107
524099 9 414
524611 5 390
524656 1 1114
524780 2 57
525156 1 815
525483 2 141
525866 1 1007
526118 4 123
526302 4 353
527308 1 1325
527413 1 605
527419 3 200
527485 1 829
527769 2 202
