3738 1 251
9934 3 467
9936 2 439
9937 4 486
9977 3 346
17051 1 652
22789 1 421
22794 1 597
29527 1 191
146994 4 845
172085 1 167
231221 2 113
289286 1 613
305990 1 1340
306288 8 1178
308171 3 697
347837 4 63219
369435 1 663
372095 1 547
372106 2 182
372112 3 214
372278 6 28092
373168 18 680
393815 3 245
102 2 588
170 1 494
667 1 532
671 1 145
686 1 490
956 1 533
1005 2 308
1405 2 308
1581 4 230
1582 10 444
1591 1 225
1594 2 542
1596 9 603
1598 3 517
1745 1 141
2355 8 285
2358 5 316
2359 22 407
2361 8 301
2365 9 552
2367 7 343
2368 10 439
2369 8 533
2370 10 456
2545 1 429
2621 1 514
2622 2 524
3635 1 431
4166 3 592
4167 1 802
4170 2 599
4171 2 599
4181 4 431
4182 1 321
4191 2 247
4696 1 4744
4757 2 435
4838 2 223
5329 1 387
5628 4 450
5727 1 587
5762 1 471
6367 1 17463
6986 2 509
6988 4 441
6989 5 359
6990 4 432
6991 4 399
6993 3 231
6995 3 414
7000 8 375
7008 4 289
7033 1 784
8660 2 459
9298 1 478
9904 1 489
9906 2 507
9914 3 415
9934 3 467
9937 4 486
9938 2 661
9959 2 608
9960 2 393
9977 3 346
10030 1 705
10681 7 470
10879 2 5875
12238 1 263
12240 1 154
12261 3 238
12262 5 508
12263 1 609
12837 2 552
12838 1 573
12985 5 7361
13211 1 647
13299 12 318
13300 7 352
13593 1 923
13982 3 1636
14395 4 300
14496 1 3173
14499 1 5119
14818 78 2367
14884 1 278
15048 1 423
15062 1 247
15763 2 496
16605 3 758
16866 1 228
17228 1 519
17313 5 388
17314 1 427
17315 1 357
17316 1 367
17329 2 385
17346 1 456
17356 2 496
17360 2 286
17375 2 683
17377 5 569
17405 2 565
17408 5 443
17410 1 573
17416 1 428
18108 1 477
18178 1 368
18291 2 356
18445 1 329
18446 2 530
18447 1 317
19052 3 519
19467 1 490
19470 1 193
19757 2 445
19761 2 414
19795 11 546
19796 4 440
19797 3 524
19799 1 344
20047 1 358
20426 1 512
20427 1 510
20815 4 3591
21756 2 4056
22557 2 376
22575 1 369
22881 2 732
23215 1 542
23232 3 428
23234 1 454
23243 2 659
24511 4 720
24544 1 548
24556 7 442
24576 2 471
25091 2 2607
25624 1 496
25625 1 535
25626 1 478
25886 1 383
26152 14 1881
26637 2 510
26645 2 380
26688 6 4178
26689 2 911
27004 1 408
27094 2 554
27097 2 318
27102 2 457
27137 2 410
27140 3 578
27142 2 387
27152 2 225
27153 6 474
27154 3 444
27157 1 333
27179 2 453
27182 2 320
27186 2 454
27754 3 253
28175 3 417
28461 1 5536
28853 2 3522
29138 1 303
29364 4 483
29365 2 593
29949 1 4750
30469 1 458
30697 1 638
31010 1 284
31321 4 403
31323 4 373
31324 4 555
31330 10 526
31331 3 398
32869 2 753
34268 1 458
34299 2 761
34307 1 757
35521 2 477
35528 2 452
36033 3 492
36557 4 3638
37296 4 490
37899 1 3409
38244 5 265
39082 3 507
39083 3 335
39085 3 392
39086 2 170
39087 9 427
39088 4 492
39092 12 605
39366 2 283
39829 2 669
39830 2 643
39832 1 455
40198 8 457
40199 9 372
40200 5 407
40257 1 875
40472 6 584
40836 2 537
41184 2 614
41189 1 359
41744 2 401
42298 1 260
45846 1 139
46243 5 625
46244 8 495
46246 3 431
46248 3 355
46470 2 462
46847 1 1819
46866 3 425
46887 4 304
46893 4 330
46899 4 204
46905 4 308
46911 4 328
47173 1 569
47225 18 372
47226 30 481
47937 12 725
47938 4 570
47941 2 368
47943 2 443
47945 7 542
48409 1 685
48873 1 613
49557 1 521
49561 5 285
50350 1 626
50386 1 553
50901 2 663
51310 4 223
52214 77 64459
52357 14 484
52358 8 253
54404 1 562
61554 1 161
62769 2 506
63521 1 183
63718 1 217
68063 1 316
69242 1 259
69403 1 110
70553 1 125
71473 1 69
75853 1 64
79347 2 422
82415 2 122
83008 1 388
85996 1 89
87296 2 93
91572 1 422
93850 3 79
96486 1 218
97179 1 103
103537 2 165
104236 2 569
105850 2 207
106719 2 102
106846 2 101
109165 1 127
111863 1 182
116858 5 229
117119 1 104
118385 3 611
125759 3 341
128687 1 524
132159 1 291
136066 2 579
138328 3 93
139652 1 464
141525 1 79
146994 1 845
147004 4 631
148303 1 40
148571 1 741
150963 1 111
154584 2 819
154980 1 128
155852 2 144
156461 1 80
160400 2 543
161633 4 301
162633 2 276
163124 1 113
163160 1 448
163712 1 190
165094 1 567
166028 2 128
166253 1 107
168246 2 492
169348 1 124
169775 1 765
172014 1 88
172468 2 161
172558 1 200
173529 2 106
173778 2 114
174701 2 42
177727 2 625
183311 1 92
185072 1 74
188226 1 49
188235 7 131
189032 1 195
191573 2 70
192300 1 92
192961 1 53
196891 1 504
201819 1 42
204547 2 158
206380 1 575
206611 4 164
208190 2 69
208758 1 542
209307 1 90
210756 2 42
212204 2 40
213337 3 77
213595 1 643
216571 2 764
222403 1 109
225750 1 190
226974 2 96
228373 1 289
229339 1 194
229882 1 205
230263 3 301
231221 1 113
231445 2 628
234707 3 81
234738 1 181
236307 2 168
237362 2 535
238179 1 78
238482 1 559
239211 1 166
240115 1 760
240500 1 126
242429 2 507
243788 2 643
244612 1 650
250036 2 47
250857 4 444
252675 1 136
252698 1 48
255231 1 177
256472 1 87
257107 1 275
259269 1 42
259402 1 193
261564 2 72
261902 2 45
263404 1 232
265822 1 5726
265845 3 17259
265919 2 183
275438 1 181
276012 2 1081
276078 2 5007
276085 1 258
276195 1 376
276814 5 2088
277249 1 160
277660 1 653
286457 5 1569
286735 1 2545
286793 1 591
286816 2 628
286837 4 119
286868 11 904
287022 1 232
287051 1 3048
287087 3 1458
287906 1 5750
287971 1 162
287985 1 959
288038 4 113
288149 1 535
289289 2 887
289361 11 1227
289406 2 238
290256 1 30074
290300 2 197
290301 6 186
290302 7 196
290303 3 187
290330 1 123
290333 4 146
290388 1 205
290394 2 1515
290469 1 1090
290739 1 291
291482 1 151
297630 1 5192
298114 1 673
305724 1 849
306063 1 853
306121 1 211
306126 2 1279
306132 1 1017
306139 34 5267
306222 1 1038
306227 1 1048
306237 4 26903
306266 1 385
306285 4 634
306287 1 1002
306288 3 1178
306290 4 1685
306294 1 1173
306304 1 409
306317 7 277
306335 5 1832
306336 4 1927
306337 6 2274
306339 2 3745
307440 1 568
307453 7 49380
307795 1 183
307891 1 958
308767 3 606
308789 5 3638
308805 3 606
308827 5 3641
308841 6 982
308953 1 14138
308990 1 2143
309007 1 14138
312101 1 238
312645 1 412
312823 1 284
313338 1 460
313797 1 289
316908 1 226
317676 1 575
323704 1 396
325009 1 451
325336 1 277
325413 2 320
325496 1 955
325515 2 1928
325537 4 4579
325560 2 1921
325561 16 1668
325566 1 437
326036 1 170
326356 1 306
326399 1 1027
327080 1 938
327318 1 285
327403 2 5903
337495 1 278
338679 1 342
338691 1 324
347717 1 1300
347802 3 390
347837 3 63219
347838 2 6657
347869 1 47445
347930 4 903
347931 9 1214
347947 1 263
347968 13 549
348003 14 2348
348020 2 245
348038 5 1846
348792 3 205
348915 1 1069
350292 2 263
350357 2 4293
350361 1 267
350385 1 687
350386 9 744
350426 9 305
354349 1 276
356082 2 1194
356455 1 1603
356841 1 376
360143 1 199
360146 1 596
360155 1 246
360786 1 353
360811 1 107
361560 1 555
371590 1 475
372026 1 1195
372028 1 404
372097 1 724
372112 3 214
372180 1 1132
372198 1 176
372229 1 139
372248 5 365
372258 1 4260
372278 18 28092
372280 1 5317
372281 2 5554
373025 2 195
373031 1 135
373162 1 426
373164 1 693
373168 6 680
373834 3 44460
374166 2 2488
374645 2 294
374959 3 909
374994 1 13993
379395 2 2563
379650 1 352
380190 2 4356
381233 1 266
381367 1 759
381888 1 1350
383168 1 540
383628 1 373
387927 3 253
393575 1 2742
393747 11 58177
393781 139 2275
393825 3 1040
395017 1 182
395584 5 8890
395585 4 30629
397216 1 573
398252 2 542
399154 5 216
399976 1 171
401631 2 643
402361 1 844
402425 3 540
403516 1 628
403674 1 765
403805 2 572
404448 4 876
406093 1 611
408880 1 709
411310 1 910
415014 1 122
416162 2 593
416367 5 1299
417379 1 519
417590 2 564
418176 1 203
418213 1 3418
419268 2 38
419593 1 535
419982 3 372
421109 6 163
421373 1 444
423881 1 108
424587 1 649
425130 2 784
426270 1 446
427099 2 151
427661 4 274
429962 1 106
431154 2 734
431371 1 2237
433903 3 292
433999 1 88
436740 9 2252
436885 1 811
442836 4 328
443274 2 483
443329 1 447
443559 1 405
447858 1 296
449503 2 855
450199 1 48
450663 1 635
451560 1 554
451809 6 492
452238 1 142
452423 1 47
453239 1 76
454160 1 411
456772 3 999
457118 4 552
460342 4 328
460407 4 345
460570 4 351
461217 1 557
464435 1 278
466459 4 1274
468611 3 747
473112 1 263
479904 4 135
484745 7 271
485560 5 137
485824 12 637
487136 1 673
488252 2 108
488527 1 344
489251 1 147
491264 1 2438
491416 2 178
492702 1 102
493116 1 218
494446 1 245
496090 17 699
496106 7 313
497061 15 436
497443 12 682
498181 2 74
498184 2 100
498496 1 626
498686 3 332
499374 1 330
499972 1 579
500501 2 85
500893 1 99
505641 1 86
508489 3 789
508856 1 449
509019 4 124
511412 1 929
513924 6 390
515737 1 91
517840 2 379
519160 1 86
520602 2 1196
521893 17 356
523159 1 91
524550 6 441
