464 12 354
465 10 392
466 12 538
469 12 428
903 17 478
904 8 238
1191 13 475
1249 2 298
1474 14 425
1610 15 559
1611 9 507
1612 13 551
1778 1 174
2512 11 372
2540 5 2782
2663 11 342
2664 15 386
2665 11 450
2666 10 497
2667 6 626
2668 9 388
3862 13 408
3863 6 287
4338 2 16989
4865 13 400
4866 15 438
4868 13 372
4872 61 4703
4907 12 282
5721 20 620
6681 11 522
6712 10 292
6713 6 360
6899 14 411
6901 9 391
6902 13 372
7013 7 739
7014 13 676
7961 16 469
8060 11 661
8061 8 491
8063 3 413
8202 1 393
8240 17 414
8242 9 303
8467 15 307
8468 16 424
8927 1 413
8937 1 320
9592 2 414
10679 10 349
10729 13 425
10824 3 375
10968 11 402
10969 10 261
10970 10 397
10971 9 365
10972 7 348
10974 7 466
10975 7 335
11873 13 661
12576 10 564
12578 2 191
12915 13 401
13861 1 4246
14283 2 297
14917 14 628
16218 7 268
16275 14 459
16276 7 242
16277 15 399
16278 9 297
16281 62 4468
16289 11 415
16290 11 643
16341 15 531
16673 18 552
17049 2 741
17088 9 715
17118 5 364
17129 3 423
17131 7 493
17138 2 621
17140 4 469
17141 8 416
17676 45 1012
17709 10 721
17939 12 352
17953 8 299
17955 15 544
17958 18 452
17959 20 483
17960 20 552
17961 28 522
17962 27 622
17963 22 499
18063 4 212
18343 24 733
18790 13 449
18791 15 613
18792 22 469
18794 21 364
18795 15 412
18796 21 382
18798 11 295
18800 16 290
18801 29 476
18803 28 555
18804 7 328
19677 20 513
19678 17 516
19679 14 382
19680 13 393
19739 11 349
19740 6 256
19742 19 361
19743 23 504
19938 19 506
19939 9 431
20570 13 323
20571 11 389
20776 14 368
20906 15 494
20908 16 501
20916 17 472
20917 22 638
21065 8 634
21418 2 317
21600 12 235
22386 15 575
22479 3 464
22544 12 497
23020 26 639
23022 20 479
23023 20 627
23028 8 530
23427 21 481
23429 13 535
23430 25 623
23436 6 453
23437 13 530
23438 4 186
23806 8 364
24609 3 565
24846 2 743
24860 4 719
25116 4 299
25137 10 478
25387 9 430
25388 33 562
26111 2 201
26112 14 666
26114 10 395
26489 5 367
26490 6 277
26809 17 490
27293 3 515
27294 5 196
27463 6 502
27720 9 378
28033 12 470
28276 11 417
29313 6 361
29628 14 323
29629 12 441
29632 12 580
29635 9 353
30010 8 352
30051 21 675
30052 16 793
30433 10 360
30838 11 574
30839 11 206
30907 2 625
31075 2 174
31077 11 327
31316 2 348
31384 9 412
31649 61 4608
32452 11 560
33440 1 391
33446 1 349
33449 7 329
33450 6 339
33451 4 394
33457 2 343
33460 2 309
33462 4 324
33467 2 341
33470 2 299
33471 6 345
33478 1 338
33479 1 306
33594 12 310
33595 27 1768
33870 13 399
35229 17 650
35230 103 854
35231 12 365
35232 17 574
35234 49 596
35235 110 864
35236 32 270
35237 33 270
35238 22 195
35239 25 218
35240 23 205
35241 65 593
35408 14 380
35409 11 344
35553 7 339
35556 1 518
35847 10 351
35848 11 355
36276 13 374
36522 14 484
36523 4 212
36524 16 431
36525 26 731
36528 16 391
36529 13 397
36802 2 29903
36916 1 315
37307 49 984
37308 35 613
37352 3 508
37353 14 507
37354 8 524
37507 2 214
37508 10 619
37509 11 575
37576 13 394
37885 7 590
38474 10 247
38475 14 502
38478 12 368
39156 14 383
40507 1 180
40541 2 271
40988 2 267
40996 1 272
42487 10 281
42488 6 153
43249 11 392
43251 3 196
43254 14 522
43733 21 327
43734 22 326
43736 16 423
43758 8 288
43759 7 496
44019 9 278
44020 9 508
44263 14 406
44264 5 402
44265 13 471
44266 7 387
44267 7 394
44268 15 586
44923 11 427
45754 23 409
46397 8 232
46398 13 375
46671 20 655
46673 25 549
46674 10 558
46675 24 514
46676 11 193
46677 7 254
46678 17 744
47371 13 379
47372 13 389
49394 16 26545
50014 1 181
50196 3 304
50728 10 457
50729 17 445
51331 407 184510
51781 14 388
51782 11 375
51785 11 356
51787 6 291
51788 5 266
51789 7 220
52214 2 64459
52215 1 119
52216 9 567
52217 7 402
52218 2 330
52219 3 368
52220 8 547
52221 4 350
52222 3 340
52223 1 324
52224 5 434
52353 14 374
52551 5 417
52878 25 909
52989 13 463
52991 1 200
53668 11 266
53669 16 487
53670 14 467
53671 19 704
53673 2 654
53994 1 4216
55233 12 277
55234 11 417
55285 18 259
55286 31 242
55287 14 218
55288 27 217
56078 1 541
56114 7 426
56131 1 750
56479 1 231
56577 11 581
57755 4 46
58329 9 251
58335 10 139
58435 10 318
58475 17 530
58717 1 1215
59035 3 43
59045 2 1495
59592 2 137
59735 5 253
60123 6 286
60133 1 735
61713 7 206
63194 3 216
66438 4 87
67275 9 195
68123 19 697
68709 27 460
68712 5 116
69780 6 81
69942 9 179
70435 13 212
70717 14 246
71107 9 312
72057 4 180
73315 10 244
73353 3 73
73548 3 281
74529 2 553
77187 1 1202
77683 9 273
78092 2 41
78733 3 162
78839 21 374
78856 4 293
78902 5 299
80345 3 40
81671 6 370
81786 2 307
82505 6 634
82913 5 59
83599 3 553
83687 12 484
83799 7 384
84170 3 131
85395 4 533
86044 9 779
88641 2 108
88752 5 223
90175 12 503
91332 4 246
91979 5 1997
92722 7 298
92925 5 284
94396 8 277
94676 4 194
94731 5 258
95563 19 673
95574 4 689
97376 5 198
97959 2 29
98771 9 211
99228 1 332
101345 1 302
101384 2 538
101891 4 676
102562 3 90
102764 3 152
104101 4 455
104276 2 32
104368 3 288
104904 11 182
105248 13 242
105295 4 133
106023 13 638
106813 5 293
107604 3 257
108760 3 87
108800 3 87
109079 2 42
109616 6 220
109630 1 509
110364 1 308
112416 7 488
112625 3 54
113994 5 271
114321 4 324
115030 1 167
115179 8 328
115225 7 251
118928 6 120
120051 6 194
120636 3 134
121165 1 213
121232 3 38
121240 1 26
122565 2 271
122840 3 1065
123250 2 184
123664 8 308
123879 2 31
123921 3 476
124268 1 236
124499 2 80
124690 5 287
125096 3 186
126403 3 223
127724 29 600
127725 15 693
127726 25 791
127727 7 266
127729 18 346
127730 25 505
127731 6 454
127733 23 786
128130 6 63
129131 7 191
129397 1 42
131601 5 209
132122 5 288
132467 1 202
132577 5 105
133247 3 65
133946 5 44
135533 4 237
136925 6 179
137119 4 58
141204 8 339
141761 3 47
142141 1 7912
142924 3 282
143996 2 86
144134 19 490
144144 21 724
144231 2 178
144298 3 193
144614 15 280
145674 1 509
147206 5 148
151631 1 754
151637 14 535
151738 3 88
151749 2 1469
151768 5 70
153680 4 51
154334 6 135
154862 3 57
154948 13 672
154949 11 739
154962 7 574
155745 1 370
157805 22 637
158929 2 496
159789 3 533
159989 12 323
160051 4 729
160562 6 207
160938 5 76
161233 2 676
163128 6 273
163174 2 137
163365 1 732
163420 12 236
163998 3 49
165694 2 49
166301 6 593
166306 1 234
166466 4 84
166605 8 168
167031 1 68
167230 1 692
167249 18 547
168688 3 144
168842 2 115
169501 5 179
170405 8 253
170731 2 45
171136 1 94
172686 10 122
172940 26 532
173863 8 247
173888 4 89
176176 1 50
178026 4 484
178862 3 160
178986 3 1910
178996 2 5818
179296 4 73
179633 2 235
180855 3 125
182366 4 160
182628 19 255
183468 2 119
183961 1 593
183967 15 676
183968 15 588
183970 3 295
184864 1 738
186677 3 510
186811 3 242
188893 4 113
192121 2 88
192125 4 227
192135 2 109
192824 1 132
193606 3 210
195129 9 229
195216 5 323
195372 6 346
195511 2 549
195528 13 275
195564 6 266
195782 5 271
195843 5 429
196050 2 110
196077 12 271
196126 5 403
196168 4 169
199111 7 101
200344 19 635
200350 3 665
200502 7 163
201256 5 75
201787 5 200
203325 8 109
203611 1 54
205560 4 55
206701 21 505
207403 6 184
207602 1 72
208269 2 74
208934 4 323
208938 3 55
209682 1 1045
209971 7 245
211198 2 272
212577 2 102
213035 1 81
213037 5 91
213150 3 47
214152 7 175
214157 10 321
214166 6 178
214253 1 258
214361 3 63
214401 16 287
215364 2 202
215706 6 152
217160 4 175
217543 5 67
217599 1 88
218424 2 795
219039 7 160
219185 8 333
220238 6 189
224241 1 174
224549 6 152
224561 5 230
224567 32 602
224570 6 606
224573 36 692
225302 1 1037
226584 5 126
229666 7 163
232195 4 374
232216 14 178
232446 1 46
232457 5 590
232464 23 509
232729 30 652
233298 5 1202
233405 6 77
234795 7 122
234969 2 71
235647 1 286
236153 5 60
236514 5 96
237324 1 238
237686 12 205
237688 3 199
238892 1 133
239052 2 505
241676 6 184
242471 5 148
243662 1 765
243800 3 225
245631 1 257
247368 8 213
247468 6 126
247797 20 432
247829 14 384
248180 1 756
249791 10 243
251415 6 1096
252119 1 324
252744 4 82
253798 8 149
253809 6 58
253863 3 303
253900 17 533
253905 17 470
253912 12 277
253913 23 534
253915 25 551
253916 12 238
253918 32 829
254758 2 197
255810 3 316
255817 2 189
256138 6 190
257230 1 728
257582 3 137
257634 6 147
257813 2 166
257871 1 842
259023 7 243
259465 5 100
261185 1 106
261471 2 481
261672 5 267
262146 10 347
262599 1 553
262606 5 440
262611 11 664
262961 8 171
264495 17 783
264739 4 142
264781 1 300
264949 3 121
264994 1 269
265816 3 25803
265845 5 17259
265854 12 21100
266277 3 102
266728 4 90
267445 2 6726
267474 1 213
267585 12 242
267608 22 610
267620 22 767
267633 1 1909
267834 1 1920
267854 4 270
267914 12 1602
267915 1 508
268207 22 447
268208 22 626
268508 2 924
268871 1 322
268976 2 1418
268977 1 1714
269333 8 121
269951 17 230
272663 1 438
273363 2 187
273542 1 307
273724 1 181
273743 32 807
273851 4 340
274042 5 344
274129 1 394
274155 1 101
274265 1 220
274304 2 362
274544 2 84
274608 2 168
274962 22 425
275078 3 127
275180 1 118
275794 2 125
277077 7 265
277916 2 82
278154 2 99
278467 3 148
278480 2 156
279099 4 2004
280032 1 241
280964 2 163
283923 6 1958
284062 4 90
284093 4 98
284757 11 325
284785 3 359
284814 1 434
284853 2 118
284906 5 361
284907 10 207
284945 4 114
285152 3 120
285412 3 96
285512 1 96
286230 3 2459
286299 1 940
287268 7 1599
287270 1 4819
287437 4 166
287724 2 225
287732 8 1246
287778 7 274
288694 1 1134
288807 7 223
288852 1 122
288862 4 121
288863 4 101
288865 2 107
288866 4 155
288981 2 103
288987 2 127
289119 3 293
289122 11 286
289123 7 225
289124 6 154
289337 26 712
289830 6 3054
289932 2 4403
290440 5 15196
290465 3 15747
290466 1 7226
291050 4 151
291454 1 1919
291687 11 2481
291766 12 401
292474 7 181
292780 7 250
292879 4 245
292881 1 222
292882 2 171
292883 2 378
292885 3 340
292910 4 245
292912 1 222
292913 2 171
292914 2 378
292916 3 340
293084 9 284
293118 1 207
293244 3 164
293310 6 187
293439 3 1793
294421 1 131
296244 2 121
296967 1 395
297080 1 203
297350 3 252
297618 2 109
297619 1 102
297630 8 5192
298531 1 139
298874 5 268
299920 6 97
300053 7 152
300054 2 177
300609 1 160
300697 2 345
301865 2 18367
302590 3 241
302688 1 1782
303734 3 25485
303935 10 825
304695 5 227
304935 1 235
305103 1 215
305528 3 543
305708 1 219
305917 11 2518
306284 1 21202
306341 13 2643
306953 5 664
307453 6 49380
307665 1 215
307960 1 262
308031 5 493
308057 1 131
308418 1 407
308907 1 13313
308919 3 13545
308947 5 16976
308953 2 14138
308961 1 13313
308973 3 13545
309001 5 16976
309007 2 14138
309777 4 126
310006 3 294
310284 8 114
310529 33 740
310594 10 167
311049 10 330
311172 5 853
311515 19 483
311748 6 100
311886 5 168
311915 18 691
311923 5 1858
312042 12 391
312178 12 391
312246 23 432
314423 10 158
314821 3 1975
314822 1 6501
314823 1 133
315916 1 683
315918 2 325
316679 3 247
318768 3 105
319770 2 222
324028 2 170
324164 3 211
324700 3 337
324943 2 311
325013 2 292
325014 3 270
326550 4 172
326551 3 220
326554 8 223
326628 1 102
326635 1 89
326636 1 86
326642 2 132
326644 1 94
326646 1 114
326647 1 123
326648 3 111
326650 1 89
326651 1 102
326656 1 107
326667 1 161
326690 4 142
327122 4 16929
327123 4 16927
327384 19 19585
327386 1 3284
327394 7 22044
327407 23 18061
327659 2 121
327661 3 192
327789 2 209
327803 2 239
327804 3 72
327805 3 408
327935 4 91
327936 6 145
328091 11 395
328289 3 703
328754 1 65
328758 5 163
328761 2 207
328833 7 120
329161 1 1719
329208 5 9390
329476 2 4825
329569 1 7587
329627 9 474
329804 2 7586
330099 1 6898
330296 1 3448
330564 3 340
330632 12 154
330735 1 1778
330871 12 281
331432 2 8083
331589 1 553
331703 1 110
332550 2 321
335203 4 579
337208 1 329
339522 4 94
339614 2 108
339623 2 434
340631 1 180
340668 1 1454
340853 2 127
341172 1 244
344140 9 1253
344250 1 1101
344777 8 120
344998 1 1235
345935 1 123
345939 12 659
346068 2 162
346331 11 841
347035 7 180
347359 8 294
347652 1 320
347676 14 2857
347837 7 63219
348098 11 1377
348099 3 325
348101 20 2079
348331 1 333
348974 5 321
349069 14 373
349232 2 96
349235 2 107
349325 3 340
349392 2 2027
349505 8 310
350128 9 3081
350310 1 3011
350479 3 11696
350496 2 14081
351358 4 89
351998 2 3051
352455 3 141
352556 5 160
352557 4 288
353240 14 708
353241 5 346
353700 3 2489
354043 2 3871
354050 1 4508
354052 25 767
354103 1 2929
354248 3 473
354255 9 212
354450 3 8639
355331 3 443
355432 1 116
355604 1 116
355635 1 445
356001 1 177
357848 19 299
357871 6 107
358539 1 159
361167 1 196
362645 1 177
363148 1 272
364520 1 326
364904 10 126
365599 1 135
367513 1 230
369446 1 305
369654 1 311
370153 11 262
371469 4 747
371721 1 4737
371823 1 2221
372377 1 802
372393 6 201
372523 4 942
372768 2 292
373706 2 117
373707 3 240
373708 2 96
374014 1 80805
374045 99 2822
374131 1 3358
374974 16 12901
374978 1 4182
374994 7 13993
375379 6 302
376030 7 109
376386 1 9418
376610 1 7750
376822 3 7531
377197 3 8628
377560 4 6597
377878 1 1428
377894 4 87
378010 9 253
378071 4 7768
378375 11 267
378606 5 122
378701 10 132
380208 67 1807
380209 43 1238
380535 6 216
380668 8 1993
381152 1 298
381652 2 2111
383103 13 222
385581 2 698
385806 3 188
385981 5 2546
386041 7 247
386061 2 167
386062 2 111
386484 1 77
386972 1 2852
387010 2 184
387204 3 130
387272 5 70
387622 1 2512
387677 2 150
387690 3 93
388350 3 146
388642 1 543
389166 3 226
390189 1 417
390222 1 223
390334 1 223
390497 2 189
391729 8 256
392633 1 268
392794 1 132
393329 2 341
393526 2 8178
393550 2 30891
393673 4 10585
393747 4 58177
394308 2 471
394534 1 677
394898 1 26758
395473 2 191
395528 1 230
395559 5 276
395560 9 213
395562 3 265
395790 3 975
396390 4 1672
396480 6 329
396531 4 2870
396569 1 338
396785 2 106
396787 3 398
396889 1 120
397415 1 705
397477 3 188
397515 4 99
397596 3 77
397854 1 128
397961 1 90
398189 1 145
398915 2 1109
398966 1 499
399444 3 108
399777 8 166
399905 2 752
400671 3 890
400869 2 496
401057 16 737
401121 2 215
401391 9 271
401661 1 116
402194 1 828
402834 7 271
402955 5 100
403436 7 256
403754 2 132
404031 4 417
404813 1 228
405082 2 1544
405362 1 1383
405365 1 617
405863 9 785
406625 2 97
407975 1 126
408511 3 414
408646 4 73
408706 2 392
409086 1 481
409114 1 83
409848 1 1037
410156 16 429
410644 1 3678
410686 2 738
410688 1 623
411002 1 130
411572 11 282
411613 9 128
411617 7 134
411670 15 348
411863 6 276
412406 1 87
412765 2 365
413015 5 115
413592 2 92
415989 2 903
417367 4 595
418075 4 347
418266 15 183
418299 4 471
418633 1 1171
419238 1 158
420021 6 590
420433 6 156
420812 13 569
421022 1 764
421261 13 648
421571 1 110
422690 3 202
423717 3 81
424180 5 138
424692 5 66
425277 2 148
425686 8 192
425688 1 223
425842 3 1112
426697 7 214
427672 4 277
427754 2 134
427855 2 423
428073 3 187
428503 17 406
428788 4 368
429161 1 99
429164 3 145
429827 3 357
430415 5 124
431048 5 114
432087 2 871
432125 9 295
433314 12 192
433910 1 440
434028 6 161
434322 47 940
434737 4 44
435107 16 397
435150 4 180
436451 1 2630
437413 14 249
438211 2 163
438896 1 972
438948 1 1521
439150 1 860
439344 2 98
440914 4 297
443073 2 108
443345 2 110
444036 4 404
445094 6 554
445104 2 140
445226 2 447
445244 6 339
445727 1 618
446090 4 63
446304 1 373
447751 5 426
448161 23 589
448991 31 864
449573 6 275
451640 3 870
452239 1 520
452672 16 325
452679 1 84
452920 12 250
453033 34 935
453733 2 58
453846 3 101
454335 20 967
454747 22 666
454749 22 658
454778 32 1200
454991 2 115
455036 24 1179
455211 19 321
455213 11 226
455301 20 433
456200 27 846
457081 37 763
457408 18 767
457527 5 734
458699 6 155
459215 7 599
459252 3 86
460364 6 430
460804 3 363
461391 13 1044
462340 24 1334
463742 4 74
464396 21 377
464430 3 229
464621 23 372
465174 27 486
465229 6 160
465524 21 379
466071 6 616
466321 15 399
467366 25 854
467870 35 769
468009 10 1190
468378 2 187
468524 16 508
469373 30 802
469943 2 89
470198 4 145
471944 1 173
472454 16 202
473624 2 211
473767 10 729
474022 11 178
476520 2 1275
478209 69 1122
479201 3 82
480488 16 308
481102 8 149
481167 80 2153
481972 6 210
482317 5 710
483134 2 115
483210 34 665
483388 4 187
484285 31 789
484286 15 997
484287 9 246
484290 9 704
484641 3 38
484783 14 756
486690 27 401
487203 4 106
488111 22 472
488112 3 341
488281 18 672
488375 7 515
488441 6 139
488662 18 552
488663 5 74
488665 9 341
488916 49 1459
488977 15 1012
488978 6 385
489264 9 384
489583 2 125
490236 5 819
490250 1 199
490522 3 120
491282 9 311
492070 6 152
492208 16 281
492262 1 378
492263 1 350
492590 11 219
492683 9 381
492773 22 453
493145 8 362
493321 27 1006
493789 6 591
493914 2 1065
494027 36 1043
494034 6 295
494971 32 986
495457 6 286
496264 6 254
496436 3 4282
497320 1 291
497928 2 215
498453 1 134
498454 1 89
499216 2 1280
500278 7 109
500297 6 90
501277 5 1075
501662 6 59
501804 24 857
502760 26 608
503296 12 475
504149 24 516
504920 6 234
505645 25 495
506993 10 202
508371 28 621
508697 1 1092
509177 9 158
509296 17 397
510109 31 596
510842 2 151
511055 1 683
511282 46 847
512040 14 263
513088 32 877
513758 4 151
513805 18 453
514208 11 397
514865 2 134
515086 4 181
515143 2 3321
516222 5 222
516377 1 1412
517021 6 780
517096 1 1650
517158 1 920
517179 1 265
518652 18 1029
518686 9 118
519225 4 1369
519249 21 629
519815 8 352
520433 6 247
520800 3 87
521803 6 473
522555 1 470
522589 8 101
522735 2 500
523213 32 918
524405 1 103
524697 3 252
524965 12 257
525012 1 187
526248 2 132
526800 3 220
527231 2 212
527545 9 326
527570 1 413
528010 12 195
33 2 19382
1778 1 174
2663 1 342
2666 3 497
2667 3 626
2668 3 388
4137 3 16130
4338 2 16989
4665 3 480
4865 2 400
4866 1 438
4868 1 372
4872 3 4703
5721 1 620
6367 4 17463
6901 1 391
7055 4 308
7837 4 406
8148 1 17754
8202 1 393
8242 1 303
8927 2 413
8937 8 320
9166 19 17203
10454 1 439
10968 1 402
10974 1 466
10975 1 335
11148 5 286
11149 12 537
11151 12 416
11155 9 335
11170 6 349
11171 24 429
11245 2 278
12576 1 564
12578 1 191
13310 1 327
13861 3 4246
14236 9 513
14283 4 297
14546 13 315
14917 1 628
15203 6 381
15204 10 421
15800 5 264
15801 6 316
16218 9 268
16281 3 4468
16290 1 643
16363 5 411
17138 1 621
17938 5 198
17939 1 352
18242 1 458
19213 11 590
19444 1 465
19680 1 393
19938 2 506
19939 2 431
21418 4 317
21614 42 32241
23436 2 453
23437 2 530
23438 2 186
23703 4 269
24192 1 322
24676 25 487
24677 19 365
24678 38 559
24679 13 434
24680 20 317
24846 1 743
24860 7 719
25116 2 299
25137 2 478
26111 1 201
26406 1 196
27058 3 307
27720 2 378
28033 2 470
28906 9 366
29632 1 580
29676 3 432
30433 1 360
30446 37 12899
30532 1 390
31075 2 174
31077 8 327
31316 3 348
31629 1 21435
31649 3 4608
33119 4 605
33276 1 529
33440 15 391
33446 12 349
33449 13 329
33450 14 339
33451 9 394
33457 15 343
33460 10 309
33462 7 324
33467 11 341
33470 15 299
33471 15 345
33478 6 338
33479 7 306
33870 1 399
34246 2 19523
35553 3 339
35556 3 518
35922 4 615
36194 1 220
36391 67 10294
36529 1 397
36802 5 29903
36916 4 315
37007 5 197
37508 2 619
37509 3 575
38516 3 562
40061 1 19463
40507 1 180
40988 8 267
40996 7 272
42488 1 153
43254 2 522
43640 6 18238
44210 2 227
44264 2 402
44265 1 471
44266 1 387
44267 2 394
44268 1 586
44923 1 427
45379 32 476
45949 4 307
46397 1 232
46673 1 549
46674 1 558
46676 2 193
46677 1 254
46802 2 440
46917 3 10490
47351 1 249
47642 14 11472
47687 2 464
50014 1 181
50196 13 304
50504 1 188
51331 2 184510
51788 1 266
51789 1 220
52214 10 64459
52215 5 119
52216 17 567
52217 21 402
52218 18 330
52219 12 368
52220 24 547
52221 11 350
52222 6 340
52223 21 324
52224 18 434
52678 2 15365
52991 5 200
53650 16 261
53673 5 654
53994 4 4216
54506 1 283
54527 4 19068
55161 8 168
55371 101 52248
55372 727 100383
55375 161 40486
56078 1 541
56125 1 679
56128 1 723
56131 2 750
56176 1 548
56479 1 231
56692 1 1065
57256 1 567
57320 1 306
57330 1 484
57435 10 2313
57797 5 525
58007 11 644
58076 2 1192
58113 1 615
58179 1 689
58231 1 586
58329 3 251
58435 3 318
58717 1 1215
58981 2 995
59045 3 1495
59326 1 776
59592 1 137
59735 1 253
59977 3 269
60050 2 543
60133 1 735
60590 3 1183
61008 2 1058
61307 2 5152
61371 1 697
61491 2 299
61993 2 244
62033 3 1182
62045 2 1756
62047 1 3896
62063 4 890
62329 1 263
62564 1 474
62861 2 1112
63825 3 85
69942 1 179
71107 1 312
73899 9 597
74347 8 372
74529 2 553
77187 2 1202
77683 4 273
78902 2 299
81386 1 548
81671 8 370
81786 4 307
82505 20 634
83599 1 553
83795 1 158
85395 2 533
86044 2 779
86915 5 193
90175 2 503
91332 1 246
91979 2 1997
92722 2 298
92925 3 284
94676 1 194
94731 1 258
95574 1 689
99228 4 332
99906 4 467
101345 1 302
101384 7 538
101604 1 660
101891 2 676
104368 2 288
104705 1 256
104830 1 49
106813 1 293
107604 2 257
109079 1 42
109616 2 220
109630 4 509
110364 4 308
112416 1 488
113100 2 278
114321 2 324
115225 1 251
118928 1 120
121165 2 213
122565 1 271
122840 2 1065
123664 2 308
123921 7 476
124268 1 236
124690 4 287
125996 3 82
127730 1 505
127743 1 681
129131 5 191
130538 11 489
131601 2 209
132467 5 202
139926 3 609
141204 1 339
142141 15 7912
142924 1 282
144298 1 193
144312 5 386
144617 1 597
145674 1 509
148749 5 1986
151631 1 754
151749 3 1469
152501 5 137
153170 4 372
154561 2 470
154949 1 739
154962 1 574
155319 3 511
155745 1 370
158929 3 496
159789 2 533
160051 1 729
161318 1 63
163128 2 273
163365 2 732
163998 3 49
166306 1 234
168215 5 261
168625 10 307
171136 2 94
172940 1 532
174660 4 203
174740 11 602
174747 9 302
175065 5 197
175899 10 234
177427 1 656
178026 1 484
178044 6 264
178986 1 1910
178996 18 5818
183468 2 119
183968 1 588
183970 1 295
184864 1 738
186677 2 510
192618 8 185
195216 7 323
195372 6 346
195511 13 549
195528 10 275
195564 9 266
195732 9 188
195782 3 271
195843 3 429
196077 3 271
196126 3 403
196168 1 169
198940 1 651
200350 1 665
203611 1 54
207602 1 72
208269 3 74
209682 3 1045
211198 1 272
215364 5 202
216594 4 35
217160 1 175
217599 1 88
218424 3 795
219185 1 333
219200 1 338
220794 1 667
224561 1 230
224567 3 602
225908 6 308
225914 7 344
230575 6 420
232195 16 374
232457 3 590
232464 2 509
233298 3 1202
235647 3 286
236153 1 60
237324 3 238
237686 1 205
238612 5 501
238791 1 246
238892 1 133
239052 1 505
239695 5 487
243662 1 765
243800 2 225
245658 8 640
247368 1 213
248180 1 756
248318 2 214
250309 11 163
250325 12 6286
250844 5 340
252119 1 324
253915 1 551
257230 4 728
257871 2 842
258091 4 136
259714 4 204
261185 1 106
261471 2 481
262599 1 553
262606 2 440
264781 1 300
264994 1 269
265037 1 246
265044 2 188
265478 1 230
265485 1 167
265801 19 1943
265810 24 16729
265813 3 4655
265816 32 25803
265845 5 17259
265854 7 21100
266258 7 709
266728 3 90
266879 1 561
266924 5 146
267033 3 2148
267297 1 1321
267445 6 6726
267585 2 242
267620 1 767
267633 1 1909
267663 10 5386
267734 2 70
267778 15 5216
267834 3 1920
267854 5 270
267914 1 1602
267915 1 508
268303 9 6782
268508 1 924
268706 1 1374
268871 3 322
268976 11 1418
268977 55 1714
269753 3 1864
269996 10 6852
269997 4 5054
270065 3 412
270481 5 4619
270863 2 1098
270865 1 564
270890 8 2870
271081 9 990
271179 18 2344
272003 10 5868
272357 3 608
272663 4 438
272671 4 4397
273025 4 430
273263 2 243
273354 3 2901
273363 1 187
273437 3 2648
274042 3 344
274129 1 394
274403 2 301
274544 1 84
274608 1 168
275368 2 155
275407 1 253
275956 4 1514
276078 9 5007
277077 3 265
277170 1 208
277798 1 172
277916 2 82
277917 4 62
277952 2 211
278008 1 167
278154 1 99
278190 4 401
278243 3 275
278353 2 208
278402 2 96
278467 7 148
278480 1 156
278902 2 1403
278956 1 206
279096 2 5450
279099 6 2004
279166 9 134
279194 7 106
279217 10 182
279316 4 260
279328 23 400
279329 9 211
279493 12 403
279586 4 143
279947 1 100
280004 7 99
280032 1 241
280443 5 299
280619 30 11500
280964 1 163
280995 5 114
281005 5 2216
282988 1 285
283923 12 1958
284665 3 97
284670 1 90
284785 2 359
284814 2 434
284821 10 621
284906 2 361
284907 3 207
285152 1 120
285345 1 73
285412 1 96
285512 1 96
285750 29 720
286299 3 940
286583 40 19748
287032 1 1989
287270 1 4819
287437 5 166
287549 1 259
287708 4 382
287724 3 225
287732 1 1246
287778 3 274
287887 5 615
287888 3 879
288512 2 494
288650 1 102
288694 1 1134
288786 1 111
288807 5 223
288852 7 122
288853 3 109
288860 1 117
288865 1 107
288948 7 209
289051 1 78
289119 11 293
289123 2 225
289311 2 3214
289337 3 712
289348 187 18428
289732 4 4132
289734 1 4107
289830 72 3054
289932 7 4403
290209 5 618
290256 10 30074
290440 1 15196
290465 14 15747
290466 13 7226
291099 4 389
291454 2 1919
291687 2 2481
291766 2 401
292881 1 222
292884 3 213
292885 1 340
292912 1 222
292915 3 213
292916 1 340
293058 3 206
293084 2 284
293118 5 207
293244 5 164
293406 37 1397
293429 2 366
293439 5 1793
293741 1 1380
293769 4 257
294421 1 131
294490 1 123
294659 2 74
294782 4 277
294967 25 7544
295698 2 133
296244 2 121
296266 2 361
296815 1 133
296967 2 395
297441 3 147
297630 6 5192
297632 1 391
297980 5 2523
298874 2 268
299496 1 201
299892 1 84
300053 1 152
300078 2 369
300609 2 160
300697 2 345
300982 5 3200
301804 1 235
301846 10 136
301865 12 18367
302038 2 194
302590 8 241
302617 2 247
302688 8 1782
303206 6 167
303731 9 3106
303734 60 25485
303935 13 825
304006 3 164
304077 5 380
304170 1 255
304387 2 120
304695 4 227
305103 1 215
305332 1 225
305528 3 543
305708 1 219
305875 6 1053
305916 7 4660
305917 2 2518
305949 136 3411
306052 6 3462
306237 3 26903
306255 57 3178
306284 7 21202
306341 2 2643
306659 7 1141
306953 2 664
307306 1 235
307453 57 49380
307665 3 215
307709 1 155
307725 1 146
307762 17 3336
308031 3 493
308049 4 131
308057 2 131
308186 13 36306
308187 49 51551
308192 22 3979
308418 1 407
308513 5 8438
308608 1 3120
308632 10 2968
308655 18 2944
308907 10 13313
308919 10 13545
308929 6 12027
308947 17 16976
308953 19 14138
308961 10 13313
308973 10 13545
308983 6 12027
309001 17 16976
309007 19 14138
309054 3 764
309349 1 354
309352 2 354
309389 2 3655
309603 2 286
309707 1 169
309777 4 126
310006 6 294
310249 7 4923
310490 3 1694
310651 12 376
311049 2 330
311172 16 853
311859 1 223
311886 3 168
311915 1 691
311923 6 1858
311962 1 260
312042 1 391
312178 1 391
312383 11 3321
312665 4 1508
312916 6 1637
313301 2 742
314821 10 1975
314822 12 6501
314823 1 133
315916 5 683
315918 5 325
316284 3 132
316675 4 199
316679 3 247
317016 7 1013
317092 2 212
317327 7 266
317505 2 355
318357 1 219
318390 2 563
318768 5 105
319699 4 229
319770 2 222
320494 5 157
320725 2 1378
321285 4 201
322820 1 431
323363 1 400
324004 4 240
324028 1 170
324136 6 971
324164 2 211
324310 1 545
324365 3 124
324404 7 1013
324700 4 337
324943 3 311
325013 6 292
325014 4 270
325059 1 2244
325537 4 4579
325539 2 6072
326096 17 1585
326123 2 14885
326129 9 67196
326551 1 220
326554 6 223
326642 1 132
326647 3 123
326667 5 161
326690 2 142
326785 4 653
326828 9 2534
326831 7 3858
327122 14 16929
327123 14 16927
327384 42 19585
327386 1 3284
327394 12 22044
327403 2 5903
327407 16 18061
327661 1 192
327935 3 91
327936 5 145
328091 1 395
328289 7 703
328758 3 163
328761 1 207
328833 6 120
329161 17 1719
329208 10 9390
329225 9 7875
329226 8 8776
329404 4 2547
329413 9 2385
329476 4 4825
329493 7 7227
329569 12 7587
329627 4 474
329804 11 7586
330005 2 443
330099 9 6898
330296 43 3448
330564 7 340
330632 1 154
330735 34 1778
331428 15 2727
331432 10 8083
331494 1 300
331589 22 553
331640 2 222
331703 1 110
332550 3 321
333018 2 122
333878 1 210
334042 2 153
335203 1 579
336048 17 1358
336719 24 6871
337043 4 1607
337208 1 329
338417 1 548
338740 2 338
338961 1 205
339043 1 284
339450 5 166
339750 1 157
340088 3 242
340297 9 1300
340631 1 180
340668 14 1454
340853 3 127
340919 1 187
340922 1 274
341172 1 244
341344 3 103
344140 2 1253
344250 4 1101
344611 1 220
344647 2 467
344856 1 222
344998 4 1235
345393 6 1028
345530 1 487
345935 1 123
345939 3 659
346068 1 162
346331 2 841
346393 1 174
346489 1 214
346603 1 254
347035 3 180
347359 11 294
347652 3 320
347676 2 2857
347837 101 63219
347869 7 47445
348098 10 1377
348101 2 2079
348166 2 840
348331 1 333
348974 1 321
349069 17 373
349298 5 173
349310 1 179
349325 7 340
349392 6 2027
349444 3 832
349505 11 310
349540 9 2170
349672 16 1947
349994 1 8773
350013 9 2165
350021 2 6267
350128 1 3081
350138 12 2976
350310 2 3011
350452 1 823
350479 12 11696
350496 14 14081
351358 2 89
351998 20 3051
352557 1 288
352626 3 7519
353240 2 708
353241 5 346
353403 40 1694
353700 23 2489
354043 2 3871
354050 3 4508
354103 1 2929
354248 6 473
354255 1 212
354450 16 8639
354696 4 1416
354711 1 245
354872 1 103
355286 1 79
355331 3 443
355432 1 116
355604 1 116
355635 3 445
355867 39 414
355972 2 133
356001 1 177
356012 1 139
356077 8 3908
356546 1 326
356873 1 172
357043 3 479
357323 13 5269
357958 1 471
358395 2 3176
358539 3 159
359152 32 9815
360049 1 343
360628 1 145
360725 1 371
361105 7 4143
361167 1 196
361996 2 363
362090 1 92
362645 1 177
362834 2 114
363148 3 272
363453 25 3056
363477 3 355
363607 2 228
364520 6 326
364581 1 162
364636 1 189
365254 6 176
365350 1 146
365599 3 135
366275 1 200
366793 1 146
367124 40 2991
367513 3 230
367516 1 123
367539 1 153
369446 1 305
369652 1 414
369654 7 311
369958 2 587
370153 2 262
370797 1 817
371059 2 317
371469 3 747
371494 3 321
371601 5 132
371721 12 4737
371823 2 2221
372377 1 802
372393 1 201
372406 22 14595
372505 9 2165
373014 63 3572
373050 1 208
373707 1 240
373834 3 44460
373835 2 2657
373937 32 4632
374014 347 80805
374045 3 2822
374095 146 1785
374131 31 3358
374145 3 1450
374211 5 1277
374254 4 5056
374300 17 3673
374373 17 3397
374974 17 12901
374978 1 4182
374994 19 13993
375050 1 752
375379 2 302
375851 1 171
376336 2 221
376386 14 9418
376610 8 7750
376796 24 1214
376822 10 7531
376986 8 206
377197 8 8628
377448 18 4232
377560 6 6597
377878 10 1428
378071 8 7768
378266 10 7092
378375 1 267
378466 1 130
378626 1 111
379952 4 3817
380443 1 289
380668 4 1993
381152 2 298
381652 13 2111
382774 1 286
383103 1 222
383933 3 2880
384400 2 311
384651 6 5256
385573 5 111
385581 4 698
385981 2 2546
386041 2 247
386061 5 167
386062 1 111
386484 4 77
386972 5 2852
387010 2 184
387204 1 130
387622 4 2512
387656 1 176
387677 3 150
387690 1 93
388017 2 188
388350 3 146
388642 1 543
389166 4 226
390189 1 417
390222 3 223
390334 3 223
390497 4 189
391729 5 256
392379 1 147
392633 3 268
393329 2 341
393526 5 8178
393550 21 30891
393653 4 1991
393673 17 10585
393747 35 58177
393967 2 184
394518 2 315
394534 4 677
394898 10 26758
395193 1 97
395207 1 171
395242 29 23266
395420 1 59
395473 2 191
395528 3 230
395560 1 213
395562 1 265
395591 2 1288
395640 10 17885
395714 26 4780
395790 2 975
395944 2 2593
396258 68 38258
396469 1 1636
396473 1 1546
396531 1 2870
396657 1 663
396785 1 106
396787 9 398
396889 1 120
397477 1 188
397505 1 497
397515 3 99
398634 1 499
398698 1 518
398875 4 1046
398915 2 1109
398966 3 499
399329 1 708
400035 14 498
400638 1 779
400671 6 890
400864 3 2397
400913 4 17082
401039 1 735
401331 2 1017
401533 8 663
402052 1 582
402101 1 761
402194 1 828
402631 5 104
402834 1 271
402955 2 100
403208 1 1367
403436 3 256
404197 12 437
405082 1 1544
405097 2 97
405362 1 1383
405659 5 479
405739 1 422
405749 1 516
408511 1 414
408706 1 392
409086 4 481
409114 1 83
409848 1 1037
410189 1 375
410215 1 940
410645 1 1445
410672 6 1044
410699 1 640
411002 5 130
411572 9 282
411617 8 134
412406 2 87
412765 2 365
413015 6 115
413592 3 92
418075 4 347
418299 5 471
418633 1 1171
419238 4 158
420021 1 590
421261 13 648
422690 1 202
422974 2 457
423717 1 81
424070 3 221
425055 1 200
425277 2 148
425688 2 223
427754 1 134
427855 1 423
428073 5 187
428788 7 368
429161 1 99
429827 2 357
432125 1 295
433314 1 192
433910 1 440
434322 5 940
434737 3 44
436467 1 1136
436468 1 669
436559 4 363
436700 1 1156
436745 1 467
436774 2 1058
436933 1 709
437112 1 1728
437490 5 441
438312 1 1734
438767 4 854
438887 2 817
439245 1 411
439344 3 98
440914 3 297
442807 2 3101
444036 2 404
445094 8 554
445104 6 140
445226 1 447
445727 1 618
446304 1 373
447751 2 426
449514 3 398
449573 2 275
451640 11 870
453733 1 58
454991 2 115
457527 4 734
459215 5 599
460362 6 305
460364 6 430
461391 1 1044
461515 1 499
463748 1 744
464430 1 229
466071 4 616
468043 1 738
468378 2 187
468524 1 508
469943 2 89
470198 1 145
473624 6 211
473767 2 729
477328 7 541
478209 1 1122
482317 1 710
484286 1 997
484287 8 246
484290 2 704
484783 2 756
488112 4 341
488281 1 672
488375 4 515
488441 5 139
488662 1 552
488977 6 1012
488978 1 385
489264 1 384
489583 3 125
490236 3 819
490250 5 199
490522 2 120
490902 4 731
491282 1 311
491313 1 523
491429 2 1242
491510 2 559
491832 1 302
491935 1 638
492020 5 93
492094 1 681
492099 1 642
492262 3 378
493321 1 1006
493458 6 824
493789 7 591
493914 1 1065
494034 4 295
495457 4 286
496264 1 254
496436 3 4282
499216 2 1280
501277 2 1075
504920 3 234
505498 1 152
508697 2 1092
509847 4 1599
510842 5 151
511055 1 683
511282 1 847
513716 1 86
513805 3 453
514865 3 134
515086 6 181
515143 9 3321
516182 5 972
516377 1 1412
516597 1 947
517021 2 780
517033 2 962
517096 1 1650
517158 1 920
517178 3 926
517179 1 265
517479 13 536
519225 2 1369
520433 1 247
521529 1 461
522553 12 459
522555 1 470
522563 4 527
522649 1 1239
522745 1 526
523213 3 918
524405 2 103
524965 2 257
525012 3 187
527231 5 212
527545 6 326
527570 5 413
