31 4 12233
32 1 9957
170 1 494
1646 1 55438
4137 3 16130
4176 1 777
5812 1 383
5813 1 403
8125 1 400
8489 1 443
9283 2 168
9284 4 308
9285 14 389
9286 7 244
9287 6 229
9288 1 216
9290 2 429
9292 2 445
9294 6 338
9295 1 409
9296 1 475
9680 8 586
10883 1 475
12709 3 20008
12985 2 7361
13311 1 338
16008 2 813
17802 1 384
20801 9 213
20804 7 644
21614 6 32241
23600 1 306
24360 2 444
27424 1 13034
28230 1 340
29949 2 4750
30446 3 12899
31462 1 323
31629 1 21435
32361 1 1281
32617 1 343
32883 1 2700
33135 3 433
33137 1 303
34246 1 19523
34265 1 61
34266 1 308
34269 1 438
34722 1 13257
35314 1 331
35315 1 324
35359 2 434
36498 3 20156
36547 9 491
36950 2 148
36951 12 540
36952 8 529
36953 15 600
36954 2 224
36955 2 614
36956 6 393
38570 2 408
39124 1 204
39711 11 2291
39712 1 5030
39807 1 513
45947 3 11759
46917 4 10490
50359 5 448
50682 1 32839
52218 1 330
52224 1 434
53023 1 574
56375 1 1264
56591 2 515
56873 1 585
60333 1 216
61254 1 148
61392 1 441
65152 3 279
66213 1 475
66222 1 470
66997 2 299
70017 1 83
79349 1 574
82376 1 503
82520 2 496
85022 1 779
85829 2 559
86527 2 410
87057 1 170
88191 1 487
89355 1 364
90553 1 44
100561 1 120
100709 1 254
101251 1 479
102115 1 784
102157 1 238
105279 1 410
105624 1 101
109029 2 290
109711 1 355
112099 1 510
113002 2 470
114995 1 670
116715 1 508
118323 1 177
119013 1 531
119230 1 544
120809 1 153
120818 1 214
122721 5 389
122761 1 200
122765 2 782
122789 1 409
122791 1 218
122825 2 208
122826 2 741
124562 7 847
125608 1 253
127446 1 432
128621 1 698
129481 1 509
129657 1 442
129729 2 618
130049 1 563
130089 1 563
130733 1 547
132498 4 180
132545 1 174
132684 1 323
132685 1 577
132741 1 819
133687 1 286
133788 1 407
134132 1 366
134545 1 520
134924 1 583
135396 1 1348
135455 1 1348
136146 1 657
136301 1 480
137450 1 520
137595 1 628
137734 1 627
137947 1 412
139248 1 495
139841 1 816
139881 1 575
141341 2 427
143370 1 510
144101 1 381
144387 1 477
144937 1 661
145655 2 472
145812 1 629
145821 1 620
145826 1 867
145940 1 501
146009 1 292
146052 1 545
146176 2 217
146286 1 947
146287 2 516
147424 1 425
149179 1 562
150414 1 182
150422 1 612
150624 1 478
152224 1 292
152228 2 388
159048 1 523
159794 1 564
161863 1 349
163441 1 754
166259 1 712
167441 1 378
167936 1 142
170266 1 132
173045 3 792
173868 1 220
175030 1 471
177198 1 229
178386 1 189
179963 1 268
181806 3 665
182399 1 875
186042 1 580
186603 1 627
187385 2 790
187589 1 572
188253 1 241
188763 1 254
190485 1 259
191930 1 187
193856 2 269
194559 1 509
198855 1 107
201014 1 202
201538 1 521
201949 1 144
202458 1 626
203185 11 495
204202 2 278
204918 1 254
206678 1 183
213168 1 767
216224 1 385
217351 2 243
218438 1 482
219153 4 285
220129 1 552
221290 2 311
222944 1 180
225099 1 319
227464 1 750
229077 1 47
233250 1 140
236775 1 375
237095 1 572
238196 1 126
239316 1 208
241985 1 211
242799 1 616
245467 10 193
246309 3 81
247819 1 133
248039 1 260
248329 1 1039
249451 1 397
251166 1 316
254664 2 544
255992 1 475
257616 1 230
257888 1 964
258536 1 113
259477 2 951
259600 1 486
260810 1 252
261640 1 194
262234 1 512
263765 1 521
264523 2 236
265810 1 16729
265816 5 25803
273334 1 232
284075 3 716
286643 1 612
286843 3 282
287666 1 694
289119 1 293
289513 2 193
292277 1 1911
304012 3 457
305179 4 309
306237 3 26903
307191 1 245
308187 1 51551
308929 4 12027
308983 4 12027
313847 2 177
322125 1 505
323794 1 435
323824 1 435
324961 1 93
325873 3 217
326909 1 644
335907 1 848
342225 1 1438
347837 3 63219
347869 34 47445
349069 2 373
358393 2 6679
369917 2 536
373685 1 438
373834 3 44460
374014 1 80805
384347 1 506
388227 3 99
391557 4 871
392456 5 1043
392577 1 801
393550 1 30891
393747 27 58177
394316 1 1558
394437 1 506
394552 2 1131
394898 3 26758
395242 2 23266
395585 4 30629
396317 1 576
396355 1 1338
396390 2 1672
396396 4 1010
396435 1 1054
396448 1 1141
396473 1 1546
396506 4 1581
397102 2 527
397316 1 802
399660 1 698
404044 1 816
405892 1 233
407899 1 509
408606 1 78
410739 1 472
411344 2 917
412210 1 748
412796 1 150
412799 2 348
413521 1 1228
414668 2 575
416404 1 104
418805 1 234
420395 5 1540
421202 1 842
422315 1 591
422989 1 147
423025 1 187
423559 1 425
424032 1 847
425038 2 730
425192 1 575
426526 2 100
429166 5 287
429425 3 802
431228 2 83
431229 2 114
431230 2 98
431231 2 137
432089 3 1811
432726 1 748
433366 1 381
434206 4 427
435378 1 359
435600 1 793
438312 1 1734
439150 2 860
441935 1 863
444059 2 466
444755 3 843
445745 1 498
446431 1 1569
446440 1 216
446534 1 692
446667 1 438
447192 1 1722
447350 1 675
447893 1 1551
448345 2 1666
449249 1 435
449354 1 3025
449389 2 841
449741 1 656
449832 3 973
449908 1 1109
450628 2 676
451414 1 664
451828 1 156
452733 5 517
456810 1 498
457114 1 421
458214 1 1073
458265 1 441
460294 1 428
461761 2 485
462123 1 108
462173 1 476
463104 1 589
464343 1 843
466284 2 650
469933 2 789
470054 1 362
470369 2 1611
470457 1 654
470852 1 417
471233 1 418
471490 1 736
474130 3 2483
474539 8 734
475950 8 719
477840 2 851
482841 1 257
484730 1 274
485396 2 2036
485478 1 1138
485580 2 1636
486031 1 298
486117 2 520
486297 1 788
486405 1 136
486430 1 466
486925 2 1440
488099 1 956
488943 1 1121
489741 1 307
490339 1 290
490793 1 68
490855 1 459
492213 1 268
494783 1 210
495739 2 322
496994 2 825
497275 1 328
497325 1 366
497459 1 581
498071 1 478
498121 3 321
499314 1 981
499665 1 410
499667 1 468
502147 2 649
502905 1 319
503512 1 1167
505083 5 746
505953 1 580
506515 1 910
509702 1 387
510511 3 705
514249 1 1291
514301 1 122
515801 1 332
516177 1 585
517994 2 1305
518658 1 435
520554 2 429
520850 1 351
524556 1 727
527284 1 935
527536 1 851
527637 1 113
528060 1 1396
1882 1 563
1885 2 395
1902 1 380
1908 1 295
1914 3 531
9553 3 574
17098 8 668
18877 2 775
24917 7 448
25080 2 786
26620 1 435
27241 5 380
27242 1 671
40727 5 431
40731 3 477
42718 1 254
43058 4 307
47118 4 360
47120 2 221
52857 3 999
53020 2 529
53023 2 574
55057 6 462
56035 1 61
56232 1 60
56665 3 513
57921 4 261
58026 1 57
58908 2 28
59112 1 449
59484 1 34
59986 1 37
63761 4 206
65146 2 615
65995 1 223
68415 2 108
70410 3 266
71157 1 76
71324 1 706
74855 2 111
76411 1 40
76516 1 270
77685 1 67
78023 1 323
78095 1 52
78235 1 84
78499 1 81
79127 6 460
81381 2 642
82109 1 90
83394 1 76
84507 1 250
85351 2 507
85369 1 531
85483 1 356
85556 1 1072
85924 1 438
86162 1 24
86978 2 207
87909 1 61
93106 2 646
94898 3 542
95880 2 515
98004 1 168
99438 2 594
99710 4 298
99921 1 32
102258 2 166
102610 2 151
103674 1 33
104545 1 133
105290 1 287
105581 2 213
106182 1 294
106355 2 468
106420 2 543
106511 1 316
109711 2 355
110257 2 619
112723 3 167
112815 1 602
112887 5 266
113326 1 33
114042 1 424
115625 1 720
116715 1 508
119445 2 642
120913 1 41
122687 1 448
127957 1 265
128621 1 698
128667 1 553
130191 4 181
130523 1 580
130733 2 547
131310 4 183
132171 8 945
132392 1 301
132609 4 226
132818 5 244
133392 1 50
134387 1 111
138733 1 62
139248 1 495
140893 1 273
141341 1 427
141720 4 327
142285 5 269
142407 1 253
144113 1 281
145321 2 381
146496 3 513
146638 4 603
146646 2 266
146696 1 333
146815 1 288
147324 6 282
148974 1 220
149179 7 562
149680 2 265
150122 1 318
150510 1 158
150790 1 50
150933 6 738
151070 5 182
151266 4 118
151291 1 169
151358 1 322
152029 1 516
153929 2 225
154130 1 195
155106 2 318
155140 1 57
155757 1 76
156164 1 214
156604 1 233
157671 1 448
157765 2 217
161435 3 401
161604 1 353
162609 1 207
164340 5 175
164789 2 401
166172 1 348
166749 2 46
167156 2 534
167441 1 378
167487 1 193
168060 1 117
169079 1 62
170000 1 164
170399 1 80
170410 1 136
174235 1 200
174293 2 215
174306 1 240
174678 8 619
174806 1 301
175030 1 471
175657 6 700
178228 3 171
178499 1 290
178755 2 281
178996 1 5818
179043 4 405
179771 1 165
179988 3 440
179998 1 194
180131 2 279
182399 2 875
182973 3 312
183674 1 81
187589 1 572
189147 1 134
189403 3 495
189945 4 109
190039 1 40
190322 3 462
190581 2 155
191938 1 73
191942 2 135
192162 1 48
192170 1 57
193822 3 577
195148 1 72
196894 1 586
197412 1 530
197658 1 264
198746 3 438
199386 3 288
200817 1 46
201837 1 86
204499 1 315
204541 2 207
204691 1 141
207169 2 224
209068 1 480
209139 3 719
210680 1 152
215345 5 196
220861 1 455
221491 2 85
222944 1 180
223816 2 493
223840 5 507
224805 1 57
225095 1 580
232577 1 45
234270 2 93
234277 2 106
234776 1 260
235733 3 158
235769 3 218
236351 1 288
237095 1 572
237523 6 416
238936 4 698
238937 1 224
239160 1 207
240942 1 96
241533 1 49
244522 2 215
244529 2 100
245134 1 52
246340 3 165
247360 2 420
248329 2 1039
248555 1 873
248972 1 674
249451 2 397
249698 2 225
250367 5 356
250663 1 96
250680 1 133
250783 1 199
251106 1 490
251703 2 790
251851 1 532
254315 1 496
254840 3 1028
257046 1 100
257073 2 154
258175 8 543
258368 2 328
260457 3 700
261280 2 107
261640 1 194
263817 3 729
264184 1 187
266386 1 83
266466 1 146
267179 1 186
270333 1 227
289120 2 416
291390 1 203
293885 1 335
304913 2 295
306160 1 293
309136 1 103
326000 1 197
328718 5 239
348771 2 354
351998 1 3051
375040 3 134
386470 2 103
393944 1 356
396356 2 362
396531 1 2870
396714 3 485
396798 1 866
397119 1 711
397212 1 1018
397217 1 940
397901 1 109
397942 1 249
398028 1 868
398198 1 207
398633 1 121
398718 8 591
398845 1 114
399873 2 304
399904 2 584
400161 7 1415
400241 1 704
400258 1 210
400442 1 504
400582 1 234
401236 1 51
401253 1 183
401450 3 190
401830 1 879
402413 2 130
402736 1 1136
403215 1 109
403425 5 410
404595 1 880
404855 1 1258
405120 1 33
405391 1 327
405884 4 527
406183 1 1090
407183 6 330
407386 1 474
407812 2 109
408290 2 245
408626 7 660
408796 1 83
409813 2 160
410320 1 162
410474 3 333
411021 3 563
411027 2 472
411080 1 135
411623 1 128
411699 1 89
412209 2 111
412210 1 748
412624 2 215
413047 1 488
413127 1 258
413166 1 86
414330 2 364
414366 2 72
414424 1 58
414512 1 1107
415290 2 127
416178 1 72
416209 2 404
416329 1 534
416510 1 110
416939 2 88
417441 1 140
417492 1 98
418730 6 498
418805 1 234
420868 1 372
420884 1 75
421036 1 68
421202 2 842
421756 2 252
421861 2 311
421947 4 897
421978 2 131
422365 5 897
422377 3 504
422989 1 147
423025 1 187
423559 1 425
424008 4 628
424032 1 847
425452 1 103
427075 1 48
427704 1 117
428245 3 395
428297 1 141
428955 2 121
429003 6 410
429572 1 244
431534 1 575
432616 1 96
433086 1 391
433101 1 351
433366 1 381
433486 1 124
433852 3 371
434256 1 95
434551 4 767
435378 1 359
435432 1 86
436086 2 132
436540 2 241
436611 2 356
436615 2 154
436937 1 209
437045 1 158
437576 1 65
438231 2 130
439040 1 62
439479 1 122
440580 1 124
441110 4 523
441115 1 98
441357 1 52
441935 1 863
442168 2 87
442747 1 252
443561 2 98
443592 2 626
444687 2 319
444695 1 101
444795 2 232
444949 1 141
444958 1 189
445597 1 37
445860 1 83
445949 1 352
446048 1 216
446456 2 385
446463 1 99
446489 2 524
446761 1 2497
446818 3 1193
446906 1 103
447060 1 1161
447176 5 128
447452 5 450
448054 4 330
448161 8 589
448553 1 57
448767 2 286
448877 3 472
449354 2 3025
449741 2 656
449894 1 142
449935 3 727
449941 1 95
450007 2 589
451467 2 55
451679 1 118
451754 1 770
451871 1 518
451874 1 66
452097 3 222
452277 2 313
453481 1 322
453499 1 64
454668 1 568
455206 2 564
455215 2 296
456314 2 111
456700 1 906
457163 2 250
457372 1 153
460249 1 109
460325 3 375
460545 3 245
460554 1 128
461667 3 1320
462033 6 373
462503 1 156
463094 1 395
463104 1 589
463285 1 89
463527 1 309
463541 1 90
464003 2 1357
464049 1 306
464340 1 869
464343 1 843
464463 3 485
464742 4 356
464774 2 295
465733 1 206
466455 1 79
467407 1 683
467644 9 315
468365 5 2035
468977 2 382
469308 2 235
469392 1 53
469433 1 104
469507 1 181
469689 3 365
469758 1 118
470054 1 362
470395 3 389
471371 1 107
471941 2 435
471989 1 558
472688 1 191
473065 1 378
473692 1 906
474107 2 749
474133 1 643
474830 1 502
475055 2 146
475077 1 369
475515 1 174
475826 2 224
478636 1 258
478749 1 839
478883 1 247
478910 8 1718
478996 1 74
479303 1 123
479528 2 255
479560 4 431
479657 3 179
479709 1 115
481538 1 93
482321 2 276
482866 1 422
482910 1 301
482915 1 168
482940 1 1009
483060 1 159
483287 8 435
483608 2 290
483707 3 253
483727 1 258
483870 1 187
484116 1 272
484127 2 473
484260 1 143
484263 3 200
484426 1 163
484525 2 322
484730 1 274
485113 2 426
486042 1 109
486297 1 788
486397 4 455
486430 1 466
486580 2 350
486742 1 497
487269 2 90
487998 1 251
489002 1 199
489998 4 121
490357 2 266
490931 3 289
491053 1 564
491610 8 707
492759 1 125
493868 1 515
494081 1 163
494169 1 87
494217 3 297
494487 1 268
494558 1 451
494569 1 435
494688 2 646
494779 5 146
494783 1 210
494953 2 352
495265 1 95
495626 3 351
495659 3 360
495664 2 478
496968 1 445
497010 1 596
497153 2 388
497459 1 581
497544 1 106
497658 3 192
497907 1 326
497967 2 123
498048 1 67
498335 3 273
498692 2 630
499332 2 224
499579 3 123
500144 1 30
500258 2 529
500441 1 119
500470 1 137
501489 4 148
501736 2 151
501805 1 107
502399 1 69
502477 1 265
503167 4 405
504470 1 197
504672 1 58
504818 1 265
504908 1 104
505049 5 260
505131 3 366
505753 3 458
505823 1 81
506118 3 126
506515 1 910
507064 2 673
507531 5 497
508113 8 843
508392 1 117
509083 3 256
509528 2 330
510036 2 257
512659 4 231
513175 1 506
513196 3 255
513263 1 335
514069 1 121
514106 1 90
514212 1 989
514402 4 765
515075 3 803
516177 1 585
516680 2 384
516682 4 346
516849 2 73
517723 3 320
518043 2 1039
518213 4 702
518333 4 346
518435 1 34
519282 7 357
520467 4 185
520770 5 473
520850 2 351
520873 3 498
521157 1 772
521172 1 834
521228 2 119
521319 1 232
521758 1 273
522154 1 96
523009 1 118
523519 4 476
523598 2 186
523681 1 160
523859 1 87
524770 1 476
524851 1 241
525194 3 317
525705 1 323
525800 1 202
525894 7 558
526383 2 511
527023 3 246
527296 3 175
527615 1 132
528013 1 1503
528111 1 233
1882 4 563
1885 1 395
1887 6 490
1891 3 389
1902 2 380
1908 1 295
1913 2 641
1914 1 531
8422 2 435
9553 2 574
10857 3 5056
11500 5 159
20161 3 477
24870 1 582
24881 2 575
24917 1 448
26456 35 635
26457 23 472
27978 2 373
29039 1 406
30024 14 422
30025 17 260
30026 25 243
30265 1 389
30901 6 6266
31177 10 381
32170 3 561
32191 1 551
34164 4 371
39813 2 609
40727 4 431
40731 6 477
40733 6 447
45006 5 6265
46070 1 549
47642 2 11472
49029 4 496
49394 3 26545
50223 3 514
52857 2 999
53018 2 648
53019 2 310
53020 1 529
53022 1 421
53023 3 574
55057 1 462
56665 1 513
58231 12 586
58342 3 232
58590 1 47
59325 2 321
61392 1 441
61793 1 839
64900 2 125
67282 3 127
67638 3 148
67750 4 69
70410 6 266
70591 2 47
72797 2 239
73647 3 61
75402 1 504
78095 3 52
78220 1 105
78235 5 84
78498 3 202
78499 2 81
79113 5 358
79127 7 460
79966 1 131
82109 2 90
83939 1 32
84507 4 250
85351 13 507
85369 5 531
85483 21 356
85924 6 438
86463 2 126
86978 2 207
87961 2 95
89446 1 63
93106 1 646
96086 10 293
96372 15 230
99921 1 32
101079 6 152
101123 1 216
101274 6 124
101526 2 464
102089 5 121
102388 3 96
103674 1 33
104551 4 54
106182 2 294
106420 2 543
106511 2 316
108763 3 321
110257 1 619
113810 1 252
118323 7 177
122687 1 448
122765 1 782
125874 3 205
128667 9 553
130012 4 214
132171 2 945
132609 1 226
134154 3 136
134311 8 200
134387 4 111
141720 1 327
142407 3 253
143370 2 510
144113 2 281
144397 1 1991
144564 1 835
145150 10 284
145377 1 248
145625 2 684
145655 1 472
145940 1 501
145987 2 265
150122 1 318
150414 3 182
150790 2 50
152776 13 288
154359 5 69
155106 3 318
155140 2 57
155800 11 420
156164 6 214
156524 1 794
156604 5 233
157961 5 74
157988 5 72
158278 1 334
158412 1 321
161435 2 401
162609 1 207
163441 2 754
167156 1 534
167487 3 193
167936 1 142
168060 3 117
170466 1 149
170686 3 241
170935 5 273
173045 6 792
173868 9 220
174235 4 200
174293 3 215
174306 4 240
174678 6 619
174747 4 302
174988 9 102
175030 14 471
176315 1 229
176653 3 462
178073 2 194
178173 1 1110
178996 2 5818
181419 1 507
182973 5 312
185084 1 450
186603 1 627
187489 11 175
187700 1 66
187710 3 123
189147 1 134
190039 2 40
191317 6 327
191938 1 73
191942 1 135
203185 2 495
204691 4 141
206503 3 50
211303 9 280
211378 9 260
212894 1 287
214275 1 326
215306 1 134
215345 3 196
215417 1 280
216011 1 582
220861 5 455
224741 8 188
224805 1 57
225095 1 580
230906 2 583
231018 1 174
232236 1 541
232577 1 45
234209 1 567
234422 1 381
234441 1 169
234776 1 260
235095 4 245
237095 1 572
241533 2 49
242972 2 133
244358 1 187
244374 1 531
244522 5 215
245134 1 52
246246 4 74
246988 2 2879
248329 1 1039
248555 1 873
249383 2 339
250367 1 356
250680 1 133
251106 18 490
254315 16 496
254664 2 544
258175 3 543
263938 8 132
263942 6 92
265816 1 25803
265854 1 21100
266112 1 77
266365 1 82
266454 2 212
266466 5 146
266898 5 161
266977 1 315
267039 1 130
267119 6 2283
267179 3 186
267291 4 114
267831 5 447
267866 1 394
267902 6 892
268977 25 1714
269073 3 200
270333 3 227
271562 57 906
272423 3 438
272663 2 438
272740 18 253
273039 4 130
273334 4 232
274792 3 2434
275734 3 355
279843 1 139
283141 1 4279
284520 22 674
286583 14 19748
286631 1 82
287522 3 251
287666 1 694
287755 2 143
287855 2 142
289120 1 416
289830 4 3054
289932 1 4403
290146 1 1466
290526 54 1039
290944 1 83
291390 2 203
293239 3 356
293261 8 2224
300350 6 938
301015 3 2660
301016 3 1779
301865 1 18367
304012 15 457
304913 2 295
306237 3 26903
306492 3 5234
307175 3 138
307191 7 245
307746 14 403
308953 3 14138
309007 3 14138
309046 21 432
309136 2 103
309725 1 187
309843 1 164
312765 2 150
313681 2 197
313847 2 177
314821 3 1975
315184 11 252
315194 25 1323
316825 1 176
319509 3 892
320131 1 222
320351 2 81
322125 5 505
322126 1 443
322147 2 490
323608 1 125
323794 2 435
323824 2 435
325767 1 145
325831 7 294
325839 8 127
325848 7 599
325892 8 127
325896 15 1497
325897 2 494
325935 2 181
325965 3 571
325969 9 572
325978 6 211
325988 5 154
326000 4 197
326129 2 67196
326663 19 262
327394 7 22044
327407 1 18061
327438 1 111
327486 4 1399
327525 4 123
327529 2 126
327531 2 96
327582 4 106
327645 5 119
327868 7 122
328056 2 121
328365 7 237
328454 1 121
328993 3 5082
329085 18 396
329230 10 2543
329500 5 212
329721 1 1477
329804 4 7586
330099 3 6898
330735 3 1778
331432 4 8083
332128 6 155
332131 15 387
332397 12 357
334711 3 254
335907 1 848
336523 12 553
337201 7 177
337783 10 610
337850 4 127
339054 11 166
342225 1 1438
346035 9 937
347837 14 63219
348172 1 352
348476 9 943
348651 2 184
348672 5 215
348771 3 354
349069 2 373
349150 1 370
349420 4 130
349933 29 1504
350133 1 2654
350791 2 287
351998 29 3051
352190 1 267
353696 30 506
354450 9 8639
354762 2 116
357831 2 1324
358200 3 5800
358393 3 6679
359010 7 357
359152 1 9815
359910 64 1641
362460 2 132
363494 15 467
364212 2 1039
364326 8 2370
364715 3 2120
365514 8 126
369647 1 543
370108 1 341
371166 5 499
371530 1 290
372406 17 14595
372556 8 323
372639 13 246
372640 6 313
372663 8 595
372718 2 158
372719 1 190
372746 8 332
372778 9 406
372819 14 632
372834 7 361
372842 5 497
372933 14 848
372941 1 250
373502 3 98
373704 2 292
374085 1 1065
374098 1 745
374277 1 360
375040 4 134
375108 3 156
375315 5 125
375510 7 111
376440 8 1977
376473 4 3399
376610 3 7750
376675 1 340
376822 3 7531
377878 20 1428
378484 34 777
380808 7 145
381816 7 117
383277 4 5672
383486 2 240
383754 3 5970
384098 7 193
384347 11 506
384818 8 805
385976 11 1787
385979 3 3672
387008 7 152
387483 1 93
388028 3 361
388227 2 99
392456 3 1043
393550 6 30891
393747 2 58177
394304 2 492
394316 9 1558
394437 11 506
394542 8 813
394552 1 1131
394669 7 128
394673 13 179
394701 21 638
394898 3 26758
395242 13 23266
395537 7 156
395781 5 1444
396213 1 728
396317 13 576
396329 20 2994
396355 6 1338
396356 8 362
396390 6 1672
396396 1 1010
396435 1 1054
396458 4 185
396473 1 1546
396506 1 1581
396512 20 586
396531 12 2870
396652 17 645
396714 20 485
396798 6 866
396883 7 329
396889 3 120
396994 4 97
397102 2 527
397119 6 711
397212 2 1018
397217 1 940
397236 1 285
397237 19 377
397283 3 861
397608 7 346
397619 4 167
397679 11 378
397691 1 669
397703 1 384
397848 9 578
397901 2 109
398028 10 868
398035 1 578
398079 21 403
398105 12 541
398633 2 121
398665 6 162
398715 43 1451
398718 3 591
398749 46 1090
398921 5 880
399617 8 290
399660 25 698
399778 2 104
399873 5 304
399904 2 584
400161 4 1415
400241 1 704
400258 12 210
400274 5 164
400442 2 504
400563 34 1006
400582 7 234
400656 3 152
400748 8 290
400869 23 496
400913 15 17082
401253 4 183
401262 24 622
401414 3 343
401450 8 190
401599 15 372
401603 3 336
401830 18 879
401894 24 659
402069 9 416
402151 7 332
402234 8 427
402240 6 324
402270 10 360
402547 11 347
402570 1 376
402681 14 411
402736 34 1136
403215 2 109
403425 3 410
403441 8 1208
403818 1 279
404044 27 816
404055 13 387
404076 7 383
404225 1 616
404466 9 346
404516 26 754
404595 3 880
404720 8 673
404924 3 510
405046 5 171
405196 16 445
405271 5 166
405391 2 327
405507 2 183
405884 1 527
405892 5 233
406183 5 1090
406286 15 290
406624 5 115
407076 4 106
407265 17 503
407386 7 474
407506 13 355
407753 2 450
407997 6 370
408796 6 83
408810 2 44
409633 33 748
409813 1 160
409854 4 451
410287 1 179
410320 2 162
410474 2 333
410608 1 334
410967 13 379
411021 12 563
411024 10 436
411027 9 472
411034 46 1569
411344 27 917
411492 29 602
411623 1 128
411699 2 89
412123 10 803
412209 1 111
412210 18 748
412521 20 650
412624 1 215
412796 2 150
412799 6 348
412811 5 150
412960 18 579
413316 9 257
413521 26 1228
413724 3 80
413997 3 93
414128 2 161
414155 7 406
414269 8 458
414330 5 364
414366 1 72
414424 1 58
414512 11 1107
414611 9 141
414840 7 118
414896 10 695
415007 12 379
415290 1 127
415406 8 807
416209 4 404
416329 22 534
416404 2 104
416510 6 110
416639 1 421
416644 1 129
416823 8 234
416976 13 347
417102 12 525
417441 6 140
417492 1 98
417854 13 249
417977 15 1173
418126 21 647
418805 1 234
418827 9 381
418934 9 137
419510 6 439
420395 3 1540
420483 9 1097
420710 8 236
420884 3 75
420957 19 992
421036 2 68
421202 2 842
421217 7 1644
421569 16 565
421896 16 588
421947 6 897
421956 39 1207
422153 6 115
422315 4 591
422365 1 897
422377 5 504
423505 25 1174
424032 1 847
424164 21 716
424168 1 129
424288 1 211
424800 10 203
425038 9 730
425169 23 653
426442 3 897
426526 3 100
427075 1 48
427284 1 91
427354 4 137
427595 1 356
427704 4 117
428077 1 467
428245 2 395
428297 4 141
428370 2 95
428438 3 350
428522 1 375
428955 2 121
429425 1 802
429441 5 164
429763 1 123
430276 13 840
430718 3 141
430943 4 271
431299 19 451
431528 9 211
431534 9 575
431555 5 1614
432345 8 447
432379 14 575
432592 4 664
432726 24 748
433086 2 391
433101 9 351
433324 5 125
433360 15 461
433486 3 124
433852 2 371
433853 23 862
433935 1 74
434206 4 427
434295 3 90
434322 49 940
434551 9 767
434745 3 335
435019 15 416
435099 5 125
435255 4 159
435257 3 168
435432 4 86
435600 3 793
435717 5 730
435857 5 228
436035 6 96
436086 4 132
436540 7 241
436611 3 356
436613 9 204
436615 6 154
436955 8 139
437045 4 158
437124 21 293
437371 1 485
437394 16 597
437457 2 683
437551 4 257
437576 2 65
437945 1 375
438119 11 480
438312 38 1734
438747 9 706
439040 2 62
440183 9 350
440427 10 257
440909 3 143
441110 4 523
441445 1 681
441576 10 2819
441648 1 41
441840 1 60
441935 2 863
442017 22 589
442168 2 87
442713 1 157
442848 21 594
443106 10 299
443147 2 110
443462 5 188
443561 3 98
443562 10 409
443592 14 626
444236 9 585
444685 1 290
444695 1 101
444795 5 232
444949 5 141
444958 3 189
445245 8 397
445491 16 551
445745 7 498
445765 5 145
445860 2 83
445871 22 440
445949 10 352
446013 1 1307
446135 5 300
446264 2 657
446274 1 439
446431 5 1569
446443 3 387
446456 8 385
446463 2 99
446488 4 534
446489 20 524
446534 1 692
446637 14 572
446643 1 1399
446667 4 438
446761 5 2497
446859 12 588
447007 1 326
447060 1 1161
447177 3 95
447192 25 1722
447685 4 875
447883 18 644
447893 3 1551
447952 3 104
447997 10 514
448054 5 330
448323 17 450
448329 5 172
448345 18 1666
448409 4 298
448553 1 57
448685 17 750
448690 4 593
448765 1 879
448767 4 286
448877 1 472
448881 3 632
449249 1 435
449354 18 3025
449389 6 841
449688 5 123
449731 1 1510
449812 1 179
449832 1 973
449894 1 142
449908 5 1109
449935 1 727
450007 3 589
450011 1 543
450102 2 96
450126 3 225
450293 4 473
450307 11 597
450374 7 192
450546 20 510
450628 2 676
451277 1 105
451414 1 664
451467 1 55
451679 4 118
451754 11 770
451871 4 518
451940 13 273
452240 2 1138
452277 12 313
452733 2 517
452940 2 254
453040 3 175
453044 13 511
453472 1 326
453481 5 322
453771 7 325
454501 2 128
454668 5 568
454670 9 237
455184 17 371
455206 3 564
455215 2 296
455243 13 540
455393 58 1828
455689 16 414
455848 22 688
455882 5 253
456214 1 72
456238 7 261
456700 8 906
456810 5 498
456936 2 88
456939 2 99
457114 7 421
457163 2 250
457227 31 680
457341 5 633
457890 6 141
458265 2 441
458686 1 55
458781 3 129
458871 2 313
458917 18 813
459061 5 302
459401 8 169
460139 8 271
460211 12 273
460249 1 109
460508 12 707
460530 9 405
460545 1 245
461667 7 1320
461811 20 741
462173 5 476
462220 8 417
462503 1 156
462793 8 666
462850 3 193
463094 1 395
463104 5 589
463285 2 89
463527 2 309
463541 3 90
463950 17 452
464003 11 1357
464016 6 336
464204 12 330
464340 13 869
464343 7 843
464463 11 485
464742 7 356
464774 6 295
465051 16 443
465398 12 458
465622 14 352
465625 1 110
465720 3 335
466033 1 82
466312 34 935
466455 2 79
467150 19 488
467299 3 240
467303 23 584
467407 1 683
467947 2 477
467952 13 365
468112 6 190
468365 25 2035
468637 4 72
468889 2 95
469080 2 320
469392 2 53
469433 2 104
469549 2 71
469758 2 118
469827 6 142
470019 2 97
470131 1 44
470343 3 205
470369 16 1611
470502 6 131
470557 3 77
470560 19 440
470749 1 242
470852 11 417
470893 14 456
471201 1 814
471233 11 418
471355 2 199
471490 1 736
471629 2 683
471654 3 70
471803 2 138
471989 1 558
472688 6 191
472689 9 238
472710 15 530
472766 6 289
472777 2 47
472790 2 107
473065 9 378
473075 2 534
473080 11 519
473170 4 138
473262 3 80
473692 39 906
473868 9 251
474107 18 749
474130 3 2483
474133 1 643
474251 6 826
474353 1 172
474539 11 734
474547 2 473
474586 1 136
474699 1 379
474830 18 502
475055 4 146
475076 14 376
475077 2 369
475475 2 199
475950 9 719
476574 9 327
477000 6 139
477158 6 248
477495 1 94
477840 26 851
477842 14 367
478132 16 482
478256 2 417
478544 5 277
478636 4 258
478749 9 839
478883 1 247
478910 2 1718
479095 19 515
479303 5 123
479528 2 255
479886 6 769
479951 8 230
481538 1 93
481685 15 468
482265 2 528
482321 2 276
482698 25 689
482841 4 257
482866 1 422
482910 6 301
482915 1 168
482940 6 1009
482963 2 165
483176 5 874
483518 1 77
483605 5 838
483707 1 253
483727 1 258
483730 23 622
483970 54 1286
484116 3 272
484127 1 473
484260 6 143
484263 1 200
484525 6 322
484595 1 507
484644 10 680
484657 4 184
484713 6 145
484756 1 160
484788 8 252
485113 7 426
485478 2 1138
485615 10 536
486031 11 298
486106 9 371
486297 1 788
486397 4 455
486405 4 136
486537 18 1223
486580 3 350
486623 10 411
486702 1 364
486742 4 497
486893 3 474
486925 5 1440
487150 3 339
487363 5 714
487685 4 239
487758 18 773
488099 6 956
488219 7 167
488228 1 91
488438 12 484
488673 22 3792
488829 1 219
488943 10 1121
489002 5 199
489540 6 192
489644 4 593
489741 8 307
489832 8 193
490265 5 610
490268 6 148
490304 14 412
490427 28 703
490757 15 395
490793 2 68
490855 11 459
490891 3 539
490931 2 289
491016 2 452
491018 7 359
491053 10 564
491293 19 995
491316 6 588
491972 6 942
492038 10 341
492213 8 268
492643 6 143
492759 2 125
492776 8 377
492938 20 385
493333 2 103
494079 19 547
494081 1 163
494169 3 87
494215 14 506
494217 5 297
494487 11 268
494558 6 451
494569 9 435
494688 3 646
494840 7 605
494953 2 352
494979 9 149
495197 3 173
495206 3 417
495260 7 340
495265 4 95
495276 4 359
495517 1 355
495619 22 508
496050 1 164
496350 2 67
496855 1 183
496968 1 445
496994 26 825
497010 3 596
497011 12 495
497153 4 388
497221 2 63
497325 9 366
497459 7 581
497546 2 81
497590 40 1256
497742 5 109
497748 22 549
497907 5 326
497967 1 123
498071 9 478
498121 1 321
498157 14 486
498257 6 567
498740 6 214
498818 1 227
499317 30 820
499332 6 224
499443 13 356
499504 7 824
499538 4 1354
499579 5 123
499665 11 410
499667 14 468
499715 12 614
499971 2 495
499977 3 241
499982 3 218
500258 2 529
500441 2 119
500885 2 641
500886 3 728
500969 9 195
501266 21 664
501489 2 148
501513 14 374
501736 5 151
501805 1 107
501936 3 673
502143 29 879
502147 25 649
502334 11 347
502366 46 1674
502477 3 265
502718 2 538
502905 1 319
503057 1 446
503626 2 444
504470 8 197
504577 27 1207
504908 3 104
505049 2 260
505063 9 385
505131 3 366
505205 16 419
505438 12 718
505753 1 458
505823 2 81
505913 2 277
506078 4 178
506118 4 126
506515 4 910
506617 18 600
507531 1 497
507643 4 317
508113 2 843
508392 3 117
508656 1 86
509079 1 157
509083 1 256
509471 3 323
509528 6 330
509702 11 387
509769 31 690
510036 7 257
510476 4 464
510511 13 705
511523 5 1090
512136 4 367
512308 12 490
513048 13 475
513196 1 255
513567 13 353
513689 4 619
513748 8 128
514010 4 339
514106 1 90
514212 11 989
514249 5 1291
514334 3 284
514402 1 765
514540 3 663
514895 6 326
514899 10 469
515075 1 803
515573 3 170
515801 9 332
515925 2 338
516039 2 400
516040 7 379
516041 5 317
516680 15 384
516682 1 346
516751 3 94
516811 6 521
516849 1 73
516871 27 495
517309 11 209
518001 7 195
518043 1 1039
518304 4 360
518333 1 346
518675 1 130
518684 9 305
518970 21 419
519821 4 101
520106 6 224
520351 4 173
520587 2 735
520983 2 1010
521157 1 772
521176 8 735
521319 4 232
521758 7 273
522154 4 96
522177 21 456
522300 3 109
522438 7 366
522549 4 335
523003 36 1165
523009 4 118
523586 8 412
523625 17 1950
523681 3 160
523963 30 644
524304 1 59
524556 7 727
524561 16 615
524833 17 443
524851 5 241
524852 4 159
525083 6 374
525173 6 182
525194 1 317
525577 6 385
525602 3 129
525703 24 853
525704 17 402
525705 12 323
525800 13 202
525853 1 132
526272 1 80
526327 1 85
526738 7 603
526845 7 1077
526899 9 569
526904 8 873
526974 3 122
527023 3 246
527052 16 500
527094 12 436
527227 1 366
527239 1 261
527284 1 935
527296 3 175
527308 1 1325
527449 2 177
527536 1 851
527546 19 565
527615 4 132
527807 10 1094
527848 6 1191
528060 42 1396
528111 4 233
528125 1 150
