7445 1 240
11772 2 227
13638 1 91
17536 18 536
19363 1 195
33890 1 512
35993 43 1632
35994 4 278
42646 1 237
49394 507 26545
51331 7 184510
61632 5 516
64666 1 397
64668 1 516
66239 1 134
66484 2 177
66619 2 146
68002 12 332
71871 2 172
73387 1 80
77269 1 113
83745 1 151
86659 3 109
88209 1 188
88459 4 138
90592 1 1449
94044 1 214
97801 4 77
99564 13 687
101197 1 145
101483 13 429
104364 19 644
105770 3 92
111204 4 491
113483 1 1094
113662 3 160
116205 4 207
116959 8 282
121364 3 1173
122392 5 179
125551 1 144
125713 3 157
126884 2 78
130818 1 632
131218 2 229
131508 1 140
133128 1 624
140465 1 1574
141413 2 635
141945 1 520
143662 1 306
144173 1 162
144636 1 630
146464 4 168
147341 3 88
147612 1 234
147816 1 527
153700 2 60
153706 3 119
154592 1 480
154643 14 277
155834 1 240
165498 16 470
166626 3 154
166720 1 450
167514 7 275
168057 2 95
168068 3 134
169509 1 594
169585 8 222
170453 5 483
171563 16 382
172987 21 439
173415 6 114
175332 3 426
176973 2 100
178517 10 489
179493 3 75
179916 1 400
180821 1 163
184174 6 136
191881 7 134
193164 6 278
193340 7 181
195404 7 412
198114 3 458
201686 1 149
205422 9 431
209225 12 435
216622 3 41
221774 2 300
222709 4 236
223714 1 471
224503 2 165
226865 7 159
229697 18 497
230628 10 194
233586 2 123
233593 2 159
233965 17 677
235637 4 112
237144 5 261
237933 9 583
239104 3 192
242989 12 167
244353 2 219
245594 11 317
246272 5 289
246697 11 217
246871 2 452
249527 22 1420
250865 11 828
255098 23 545
256691 12 565
257134 7 175
257445 8 223
257649 3 49
258239 3 221
265253 1 344
265460 1 319
271935 1 143
272728 25 468
273799 1 827
275686 9 215
275813 7 265
275816 5 202
275820 25 958
275821 15 391
275888 7 128
275889 6 151
276031 4 135
276035 4 162
276041 4 205
276093 27 749
276230 23 701
276233 6 377
276247 4 297
276261 23 701
276264 6 377
276387 3 86
276456 1 148
276566 6 390
276665 9 859
276765 3 126
276877 27 636
276906 3 215
276923 2 141
276929 12 543
277049 6 176
277119 4 158
277202 8 269
277317 1 110
277441 2 89
277489 21 486
277504 4 189
277550 6 133
277562 5 155
277564 7 166
277567 13 396
277637 5 207
277703 1 128
277808 18 770
277833 3 107
277837 3 109
277840 5 100
277843 8 550
277902 5 155
283555 2 114
284091 2 476
288415 4 145
290442 19 815
290465 1 15747
294795 1 88
297868 3 257
297871 15 705
297927 2 145
297937 1 99
297986 8 428
297989 7 275
297998 1 99
298101 3 102
298170 3 84
298192 9 174
298195 4 137
298206 15 375
298208 9 526
298259 3 396
298262 1 141
298266 4 175
298267 6 338
298274 4 134
298292 4 158
298293 6 142
298294 5 172
298296 4 875
298323 1 1495
298363 2 132
298367 3 108
298428 3 89
298544 2 167
298565 17 273
298573 7 286
298574 4 155
298581 10 615
298665 15 400
298666 6 214
298668 14 338
298671 8 230
298677 2 63
298695 9 435
298774 2 146
298780 5 235
298781 4 251
298782 3 237
298881 4 105
298886 5 293
298970 5 1060
299097 2 127
299101 6 358
299111 9 573
299321 3 213
299328 2 113
299361 5 162
301998 3 184
308246 3 20735
316297 3 5294
316320 23 1885
316331 21 442
316351 15 4224
316397 17 906
316399 11 607
316511 26 854
316527 18 619
316626 2 251
316804 2 120
316848 4 340
316884 11 595
316899 9 1693
316921 6 397
316926 4 313
317185 9 3071
317187 6 473
317189 15 610
317243 2 192
317258 21 453
317403 3 119
317408 14 963
317533 4 220
317534 3 141
317588 8 599
317706 1 121
317761 2 108
317767 7 528
317841 13 760
327086 12 615
328049 1 391
329114 5 122
337119 5 1420
337141 4 223
337148 8 159
337150 5 132
337230 4 348
337231 1 137
337233 4 245
337246 9 164
337252 6 429
337387 4 371
337389 4 246
337390 6 191
337391 10 374
337398 7 264
337399 6 236
337461 4 229
337478 4 229
337512 4 383
337587 11 274
337594 6 170
337690 3 205
337691 22 1563
337738 13 302
337792 2 221
337793 3 181
337807 1 85
337888 1 117
338027 4 92
338031 7 604
338033 4 882
338056 1 151
338057 1 320
338058 4 196
338117 22 1664
338162 12 326
338188 10 276
338194 11 314
338199 3 232
338202 4 171
338327 21 709
338348 7 618
338349 6 119
338426 9 372
338488 30 631
338489 3 128
338494 5 114
338521 6 293
338530 3 307
338531 5 554
338644 7 361
338648 3 148
338649 18 7414
338663 4 230
338669 2 225
338677 7 374
338681 1 146
338682 5 244
338683 1 127
338690 5 434
338693 2 131
338694 4 256
338704 3 402
338782 4 131
338788 2 224
338792 2 569
338803 16 388
338895 12 361
338906 2 120
338908 8 214
338913 2 76
358396 2 3630
360147 7 197
360155 4 246
360160 4 146
360182 51 2961
360303 4 61
360308 3 272
360310 6 1298
360390 4 188
360441 19 882
360532 5 349
360547 7 165
360644 11 115
360656 1 78
360660 30 2514
360765 3 231
360802 5 338
361055 2 826
361120 8 253
361122 26 785
361124 6 308
361266 5 75
361327 8 271
361339 8 271
361349 4 150
361386 18 632
361396 8 180
361598 21 573
361606 4 329
361680 22 2032
361682 23 955
361688 5 177
361689 6 184
361691 5 133
361697 3 129
361825 2 154
361840 7 200
362007 7 158
362008 10 198
362028 2 212
362086 32 2412
362109 9 326
362122 20 2670
362124 34 1658
362231 14 600
362325 19 476
362327 7 196
362336 26 1390
362438 2 224
362533 9 125
362537 4 72
363701 3 282
365992 2 165
365993 2 85
365994 7 225
367129 1 429
367431 1 683
371614 8 122
374424 7 389
374521 1 1273
383109 1 946
383543 3 211
383545 2 249
383570 3 324
383720 2 206
383727 8 595
383778 3 330
383782 7 214
383783 3 180
383934 18 1779
384128 6 280
384135 4 189
384136 6 282
384143 3 256
384153 28 2310
384159 12 552
384454 4 237
384456 1 205
384460 3 237
384540 6 187
384541 2 100
384734 1 106
384761 23 1262
384769 3 117
384863 4 283
384865 3 592
384868 3 134
384961 6 284
384962 7 492
384963 14 577
385179 3 331
385272 3 206
385280 3 229
385284 10 314
385285 8 333
385286 6 216
390169 1 188
393613 1 1147
394898 1 26758
395242 2 23266
396141 1 768
396147 1 5877
396258 1 38258
396488 1 1498
396642 1 436
397042 2 72
398525 1 537
399389 1 180
401041 18 654
405941 18 792
416463 1 586
419817 6 95
421996 1 985
425373 3 79
430087 5 86
433604 1 557
435571 1 218
436192 1 686
437008 1 1646
441101 1 45
441456 26 844
448661 6 165
450768 5 52
453747 1 627
457181 2 72
461948 5 226
463820 1 610
464262 1 329
464357 1 302
466471 1 3403
467233 1 390
470354 2 90
473620 2 78
474200 1 973
474342 7 374
489053 3 127
493884 8 182
500298 8 112
508348 1 750
512716 18 696
520428 1 561
32 85 9957
503 1 406
11023 2 452
16725 24 558
20004 1 540
33000 27 757
33001 44 442
33002 25 619
39388 1 3420
44145 29 578
44146 21 350
44147 29 387
44149 14 254
44150 43 527
46974 5 797
47196 1 278
51331 10 184510
52736 2 1275
57352 8 143
57354 3 100
58502 7 215
59339 1 226
59396 7 242
59667 11 194
59890 4 99
61632 11 516
63902 1 421
64027 7 583
64666 15 397
64668 5 516
65264 6 529
66239 3 134
66484 11 177
66619 5 146
67358 2 93
67780 8 100
68002 15 332
69067 10 359
71021 11 273
71871 10 172
72774 2 58
73387 4 80
73737 3 78
73795 13 143
74806 8 115
74993 4 115
75489 1 487
75585 3 384
77269 3 113
78407 5 106
81612 19 658
81700 1 426
83110 11 561
83463 7 116
83745 4 151
83951 16 198
84678 12 141
84845 1 122
85941 1 163
86301 4 622
86659 1 109
88209 5 188
88459 7 138
88690 1 550
90346 14 243
90592 9 1449
93457 32 664
94044 16 214
94510 7 539
94516 2 76
95285 1 228
96506 5 461
96562 34 470
97030 1 338
97074 4 193
98139 1 146
98504 1 76
98790 3 262
99564 1 687
100148 10 207
101197 3 145
101413 7 152
101483 2 429
102494 11 184
104577 2 205
105042 3 655
105770 5 92
106017 7 158
107453 1 211
107762 1 633
108957 26 605
108958 11 566
108968 1 91
109799 3 33
111204 10 491
111444 1 660
113460 11 351
113462 4 84
113483 1 1094
115782 7 176
116205 1 207
117638 4 491
119006 4 101
119985 7 563
119987 6 96
120503 1 522
121364 1 1173
122039 9 171
124896 5 100
125551 2 144
125713 5 157
126313 11 129
126607 1 180
126639 1 136
126884 2 78
126903 2 143
127757 8 210
130303 5 67
130818 8 632
131218 8 229
131385 2 101
131508 4 140
132132 1 681
133128 3 624
133412 6 253
134214 1 320
136981 1 311
138875 1 331
138964 11 115
139362 2 82
139888 2 219
140465 7 1574
141413 5 635
141945 5 520
143478 9 294
143662 17 306
143667 13 252
144173 2 162
144636 6 630
144758 8 140
145240 2 174
145306 8 209
146464 5 168
147022 6 163
147341 2 88
147612 6 234
147816 1 527
148187 2 407
148662 6 150
148840 2 433
149320 1 716
149467 1 383
149520 2 261
149588 3 599
149602 8 106
149851 1 600
151708 1 660
151817 4 296
153543 10 185
153700 1 60
153706 4 119
153725 1 427
154592 1 480
154643 2 277
154755 5 112
155359 3 151
155685 1 133
155834 10 240
156302 3 647
156426 12 259
156681 5 186
158170 2 165
159379 7 147
160057 3 690
160494 2 265
162062 2 281
162627 13 176
163460 7 248
163877 15 606
164018 5 179
165498 1 470
166143 6 91
166249 2 87
166626 2 154
166720 14 450
166738 13 155
167514 6 275
168057 1 95
168068 2 134
169509 2 594
169585 2 222
170453 1 483
171861 1 604
172145 5 604
172692 3 194
173222 4 456
173415 6 114
173473 14 231
174229 8 166
175332 9 426
176674 7 131
176898 1 216
176973 4 100
178517 2 489
179493 1 75
179916 21 400
180439 9 110
180821 5 163
181018 26 507
181324 2 649
181663 12 242
182055 12 198
184174 1 136
185189 19 463
185708 19 318
186012 1 135
189005 1 178
190939 2 180
191397 6 217
191470 4 342
191476 5 185
192607 11 208
193340 2 181
193427 4 63
195404 1 412
197592 6 93
198114 1 458
198116 5 500
198120 1 647
200842 21 364
200846 3 122
201686 6 149
203761 2 57
205422 1 431
206278 4 115
209201 1 437
209225 7 435
209226 16 193
212671 14 315
212930 7 286
213450 1 331
213772 23 360
214189 1 416
214714 9 154
215812 12 187
215983 1 205
217927 5 149
218627 2 421
219346 22 399
219479 3 236
220369 3 464
221774 1 300
222709 1 236
222979 3 310
223508 2 248
223710 3 51
223714 10 471
224014 1 196
225987 10 537
226865 4 159
226867 15 241
227016 1 392
228077 3 824
229413 10 288
233586 4 123
233593 5 159
233841 6 225
234475 3 76
235637 1 112
236254 3 715
236621 1 527
236811 2 514
237144 1 261
237727 25 391
237754 27 570
237933 18 583
239104 15 192
240286 3 237
240848 7 140
241063 10 121
244836 4 191
245417 16 253
246272 1 289
246697 2 217
246871 1 452
247269 11 219
248188 10 218
249527 5 1420
250865 3 828
252132 3 105
252922 3 431
253327 7 142
254931 14 194
255098 3 545
255178 1 195
255459 3 321
255461 16 249
256691 15 565
256751 3 58
257044 7 117
257134 7 175
257445 6 223
257649 1 49
257881 8 229
258239 3 221
260345 6 190
261973 1 350
263074 1 473
263501 1 481
264097 1 106
265277 19 518
265380 17 485
265816 9 25803
265854 10 21100
265866 2 1499
267567 3 3974
267577 1 6751
269313 3 197
271935 2 143
275813 1 265
275888 1 128
275889 4 151
276035 1 162
276233 3 377
276247 2 297
276264 3 377
276327 3 306
276387 2 86
276456 1 148
276566 1 390
276665 11 859
276765 5 126
276923 1 141
276929 2 543
277049 1 176
277119 1 158
277202 1 269
277233 17 240
277504 2 189
277562 3 155
277564 2 166
277567 1 396
277637 2 207
277685 2 204
277833 3 107
277837 1 109
277840 1 100
277843 2 550
277902 3 155
283212 1 918
283555 2 114
284091 1 476
286182 4 606
286208 9 1598
286212 11 195
286571 6 287
289565 1 734
289679 1 217
289782 8 2632
289920 9 7272
290004 2 1456
290391 1 186
290440 3 15196
290442 4 815
292026 10 5959
292364 1 541
297692 1 436
297868 1 257
297871 1 705
297937 1 99
297986 1 428
297998 1 99
298049 1 211
298192 1 174
298208 3 526
298262 2 141
298267 2 338
298274 1 134
298296 2 875
298323 1 1495
298544 1 167
298581 3 615
298665 1 400
298668 1 338
298695 3 435
298886 1 293
298970 1 1060
299101 1 358
299111 1 573
299328 2 113
301998 4 184
303734 1 25485
305935 22 938
305936 25 730
305972 6 90
308450 2 490
308556 2 670
308597 4 3201
308656 3 1801
308711 1 182
308902 5 2435
308903 25 5575
308907 9 13313
308947 6 16976
308956 5 2431
308957 25 5575
308961 9 13313
309001 6 16976
316297 18 5294
316320 3 1885
316351 4 4224
316383 1 232
316399 4 607
316511 2 854
316626 3 251
316804 1 120
316884 4 595
316899 1 1693
316921 1 397
316926 1 313
317185 11 3071
317187 2 473
317189 1 610
317243 3 192
317408 5 963
317533 9 220
317534 2 141
317588 2 599
317767 4 528
317841 1 760
317862 3 2336
319115 1 148
325840 2 156
326962 5 4501
327023 3 3516
327086 7 615
327384 1 19585
327394 4 22044
327407 7 18061
328992 3 5954
329114 1 122
329225 4 7875
329585 2 327
330078 1 511
330234 3 3314
330245 4 4448
335909 1 1451
336312 3 163
337119 1 1420
337141 1 223
337148 2 159
337150 1 132
337231 4 137
337233 1 245
337252 1 429
337389 2 246
337390 3 191
337391 1 374
337398 1 264
337399 2 236
337461 1 229
337478 1 229
337512 1 383
337587 3 274
337690 3 205
337691 3 1563
337738 6 302
337792 2 221
337793 9 181
337807 3 85
337888 4 117
338031 3 604
338033 4 882
338056 5 151
338057 1 320
338117 1 1664
338162 4 326
338188 1 276
338199 1 232
338202 8 171
338327 1 709
338348 1 618
338349 1 119
338426 1 372
338488 2 631
338489 1 128
338521 5 293
338530 12 307
338644 1 361
338648 4 148
338649 11 7414
338682 1 244
338704 2 402
338782 1 131
338788 5 224
338792 1 569
338906 5 120
338913 2 76
338954 1 290
339189 1 3183
340636 4 1557
340800 1 106
344039 3 1084
347691 3 3618
347707 1 865
347838 15 6657
348106 8 1623
349645 2 576
350128 3 3081
350449 1 14072
350479 3 11696
353774 2 159
354006 1 169
354043 8 3871
355052 14 156
357148 3 126
358397 3 4529
360182 24 2961
360310 2 1298
360656 3 78
360660 3 2514
360765 1 231
361055 3 826
361396 3 180
361495 1 375
361606 1 329
361689 1 184
361697 5 129
362008 1 198
362028 3 212
362231 1 600
362327 1 196
362336 1 1390
362398 1 357
362438 3 224
363668 17 124
363701 1 282
363965 2 6146
364714 6 2031
365992 2 165
365993 1 85
365994 1 225
367129 1 429
367431 1 683
371845 7 102
372278 14 28092
374048 3 3753
374248 1 1841
374424 1 389
374521 1 1273
374974 5 12901
377197 4 8628
377560 3 6597
378558 1 223
379385 1 3386
381115 6 534
381988 1 4173
381989 3 4051
383545 1 249
383570 1 324
383720 7 206
383727 5 595
383778 1 330
383782 3 214
383783 2 180
383934 1 1779
384128 1 280
384136 1 282
384143 11 256
384159 3 552
384460 11 237
384540 6 187
384541 3 100
384734 3 106
384769 1 117
384811 3 166
384865 2 592
384961 13 284
384963 1 577
385088 1 396
385179 9 331
385286 2 216
385486 2 6673
385980 2 3649
387619 6 1894
390168 1 186
390169 6 188
392488 2 469
393613 22 1147
395130 1 243
395810 1 5761
395965 3 2964
396067 4 1672
396147 1 5877
396148 1 1500
396149 1 3367
396258 1 38258
396305 1 480
396592 5 411
396682 2 699
396942 1 278
397205 34 1988
397325 7 849
397450 4 378
407083 1 571
409532 26 1218
409538 4 237
409779 4 414
411166 1 681
412110 10 436
413485 1 435
416343 2 435
416463 1 586
418891 1 391
421996 5 985
422487 18 1936
425251 2 440
425351 1 363
425610 7 79
425918 1 899
430087 3 86
432488 3 588
433604 1 557
435571 1 218
436192 1 686
437008 1 1646
437528 30 2631
440272 27 1904
441456 3 844
445586 20 1162
450768 2 52
452994 18 3676
453258 13 392
453747 1 627
457181 3 72
461722 12 700
462775 7 272
462937 2 1436
465303 3 411
470184 2 1315
471045 2 579
471310 1 707
472816 1 125
472873 6 666
474200 1 973
475859 20 257
483865 3 642
485003 31 361
486952 5 97
493884 1 182
495433 9 668
496598 14 1410
502584 4 380
503203 27 1443
508348 5 750
508754 29 1799
508758 29 1422
514305 3 513
516589 29 1467
519052 2 426
519294 27 1102
521910 37 1435
503 4 406
1800 3 599
3656 38 478
3673 1 545
5427 2 915
7445 17 240
8035 3 401
8036 5 473
8040 7 562
9219 31 322
9221 11 288
9223 30 362
9623 20 462
11638 1 277
11765 10 276
11772 7 227
12810 31 431
13638 2 91
14282 1 455
14743 11 373
14748 22 410
14749 28 350
16725 12 558
17800 29 424
18578 3 125
19363 2 195
20700 5 212
22650 3 125
22879 32 419
23986 116 4690
25270 35 617
25983 3 379
27002 3 139
28430 4 140
29508 42 552
29509 9 339
31855 5 459
31857 8 229
32863 1 394
33890 11 512
34350 90 3345
34792 41 454
35993 10 1632
35994 15 278
39816 15 392
39818 8 488
39819 2 213
39820 55 817
41209 1 884
41344 4 397
42646 1 237
42695 2 279
43824 8 501
43901 37 459
44067 4 928
44070 1 469
44145 1 578
44366 483 12535
46963 23 528
48439 7 655
49394 66 26545
51214 20 184
51220 12 738
52214 109 64459
54221 1 740
54788 1 401
57352 8 143
58502 6 215
59396 1 242
59667 6 194
61632 5 516
64644 6 145
64666 2 397
64668 7 516
66024 2 766
66485 3 166
66619 4 146
66812 1 586
68002 3 332
71021 4 273
72774 1 58
74969 1 164
75585 2 384
77269 2 113
78936 1 452
80905 1 254
81612 3 658
83110 3 561
83247 1 190
83745 3 151
83951 2 198
84939 4 72
86301 12 622
87937 1 39
88209 2 188
88459 1 138
88690 4 550
90346 8 243
91412 3 86
94044 3 214
94510 7 539
94728 1 230
94971 1 192
95285 3 228
96506 9 461
96562 8 470
97074 1 193
98790 4 262
99564 1 687
100148 11 207
101483 1 429
102494 1 184
104364 1 644
106017 2 158
108957 4 605
108958 7 566
108968 1 91
109310 1 156
111204 1 491
111444 2 660
111823 3 95
113346 4 433
113483 14 1094
114328 16 4030
114438 14 300
115782 1 176
116959 5 282
117638 8 491
119006 1 101
119985 8 563
119987 1 96
120503 8 522
122039 3 171
124896 1 100
125551 1 144
126313 6 129
130873 2 53
132132 1 681
132625 1 367
133128 1 624
134214 1 320
135742 11 192
136236 2 760
136834 9 146
136981 3 311
140465 5 1574
141413 1 635
141945 1 520
142205 1 335
143662 1 306
143667 3 252
144636 1 630
144758 1 140
145866 1 304
146464 1 168
148187 3 407
149233 1 210
149257 1 299
149273 9 253
149304 3 653
149305 4 748
149307 1 542
149308 2 500
149313 1 642
149317 12 797
149320 6 716
149323 4 769
149334 1 392
149466 1 207
149467 2 383
149520 1 261
149588 3 599
149589 1 457
149590 2 562
149591 3 519
149592 5 612
149597 3 761
149599 1 206
149603 2 243
149851 1 600
149955 1 367
149990 2 324
149992 4 269
150011 2 205
150015 1 468
150016 1 300
150026 6 564
150153 1 455
153543 2 185
153706 1 119
154592 6 480
154643 1 277
154755 2 112
155026 2 140
155359 2 151
160057 19 690
163460 2 248
163877 1 606
164018 1 179
166143 2 91
166626 1 154
166720 1 450
166738 5 155
167483 9 161
169838 2 235
171563 1 382
171861 10 604
172145 1 604
172615 3 52
173222 8 456
173473 1 231
173975 9 164
176674 3 131
177345 2 191
177595 1 133
178517 3 489
179916 9 400
180439 1 110
180821 2 163
182055 3 198
183828 1 232
184422 3 1330
184436 2 616
185189 1 463
185708 11 318
190659 2 76
193164 1 278
198114 1 458
198116 9 500
198120 3 647
198815 4 199
200842 3 364
200846 1 122
205422 1 431
205500 7 110
206801 8 213
209225 2 435
209226 3 193
211045 18 484
212671 1 315
213544 5 92
213772 5 360
215812 2 187
215983 4 205
218127 2 222
218627 3 421
219346 3 399
220369 1 464
222979 2 310
223064 2 206
223714 2 471
225987 5 537
229764 2 612
230628 2 194
235308 1 362
235637 1 112
236621 9 527
236811 5 514
237727 1 391
237933 4 583
239104 3 192
240848 1 140
243638 23 588
244353 1 219
246272 1 289
246544 1 161
246697 2 217
247269 3 219
247445 1 72
249527 1 1420
252440 1 222
255459 1 321
255941 1 324
256596 1 132
256691 4 565
257134 2 175
257445 1 223
258239 1 221
258468 4 165
260345 4 190
261806 2 563
261973 9 350
262553 3 592
262603 1 607
263486 18 526
263495 8 447
263501 13 481
263504 9 699
263510 15 720
263793 4 790
264038 1 1278
264648 1 536
265253 1 344
265264 1 348
265367 1 323
265460 1 319
265810 93 16729
265816 78 25803
265845 89 17259
265847 33 5294
265854 101 21100
265866 2 1499
267567 8 3974
267577 137 6751
269880 23 560
271277 2 142
271765 11 238
271935 1 143
272972 1 119
272986 35 503
273799 30 827
275686 2 215
275813 1 265
275820 1 958
275888 2 128
275900 1 159
276031 1 135
276035 1 162
276041 2 205
276199 10 322
276233 2 377
276264 2 377
276327 11 306
276665 1 859
277233 3 240
277317 1 110
277504 1 189
277637 1 207
280619 9 11500
281391 1 268
281960 6 120
283212 12 918
283555 2 114
284091 1 476
286182 7 606
286201 8 2103
286208 59 1598
286212 3 195
286331 65 4171
286571 1 287
287249 2 134
287261 12 1192
289348 3 18428
289463 12 1189
289565 27 734
289679 7 217
289782 15 2632
289920 9 7272
290004 6 1456
290440 93 15196
290465 48 15747
290790 3 86
291701 4 127
291814 1 772
292016 17 334
292026 8 5959
292146 13 4541
292248 6 1907
292364 23 541
292605 4 171
292636 25 1885
292836 12 2911
293720 98 7581
295406 2 204
295564 7 2044
295676 7 248
297692 4 436
297986 1 428
298049 8 211
298206 2 375
298293 1 142
298294 1 172
298323 1 1495
298363 1 132
298428 2 89
298573 1 286
298574 1 155
298665 2 400
298780 1 235
298782 2 237
299361 1 162
301998 1 184
303538 10 1132
303734 21 25485
304124 4 189
306237 4 26903
306284 2 21202
306403 4 249
307748 17 261
308246 13 20735
308450 21 490
308513 25 8438
308597 7 3201
308599 3 1094
308656 11 1801
308711 10 182
308759 9 2244
308797 9 2219
308902 12 2435
308903 26 5575
308907 19 13313
308919 55 13545
308929 20 12027
308947 46 16976
308953 62 14138
308956 12 2431
308957 26 5575
308961 19 13313
308973 55 13545
308983 20 12027
309001 46 16976
309007 62 14138
309416 3 86
310152 5 155
310580 4 256
311156 3 434
311303 7 250
311305 1 231
311432 11 3846
311607 20 1973
312056 14 1993
312286 17 257
312401 16 5388
312631 9 247
312720 12 360
313115 3 219
313117 10 308
313118 11 215
313804 21 322
315867 12 241
316297 4 5294
316351 5 4224
316383 6 232
316511 1 854
316604 7 2190
316626 1 251
316804 1 120
316899 2 1693
317185 1 3071
317189 1 610
317767 1 528
317862 14 2336
319115 2 148
319148 6 1716
322965 1 186
325066 114 1983
325074 81 1439
325181 15 373
325278 13 3456
326962 4 4501
327023 8 3516
327384 90 19585
327386 7 3284
327394 70 22044
327407 73 18061
328992 16 5954
329015 10 227
329034 8 4775
329209 16 5843
329225 13 7875
329226 24 8776
329585 1 327
329623 15 225
329686 10 4384
329689 7 3506
329804 22 7586
330078 7 511
330234 4 3314
330245 5 4448
330961 11 2274
331333 49 2122
331751 11 190
332362 3 292
332818 6 124
334763 1 204
335121 3 208
335909 1 1451
336312 3 163
337231 1 137
337246 3 164
337399 1 236
337738 1 302
337792 1 221
338027 1 92
338031 1 604
338162 1 326
338348 2 618
338426 3 372
338493 2 381
338531 1 554
338649 1 7414
338682 2 244
338694 1 256
338744 8 453
338803 2 388
338895 2 361
338908 4 214
338954 4 290
339189 34 3183
340099 16 2202
340636 1 1557
340800 1 106
341505 7 147
342637 5 107
344039 4 1084
346874 2 237
347691 5 3618
347707 6 865
347720 80 3607
347733 7 1375
347738 13 2893
347740 70 2309
347779 37 2570
347837 44 63219
347838 19 6657
347869 15 47445
348106 7 1623
349574 67 1163
349648 49 1624
349785 11 968
349994 35 8773
350128 7 3081
350144 18 2979
350449 93 14072
350454 20 4709
350479 46 11696
350496 53 14081
352035 11 141
352724 59 1893
352834 13 204
352961 34 1278
352967 189 2555
354006 2 169
354043 3 3871
356132 7 224
356761 2 661
356956 9 184
357148 1 126
357345 1 272
357380 6 2253
357607 1 96
357991 9 452
358019 17 239
358337 10 2826
358393 44 6679
358394 23 5252
358396 25 3630
358397 14 4529
359152 29 9815
360308 2 272
360310 1 1298
360390 4 188
360441 2 882
360532 1 349
360547 2 165
360660 2 2514
361055 1 826
361122 4 785
361327 1 271
361339 1 271
361495 3 375
362008 2 198
362122 2 2670
362325 3 476
362336 1 1390
362398 3 357
362470 15 194
363965 7 6146
364714 7 2031
365992 1 165
365994 1 225
367129 7 429
369091 12 366
370066 1 163
370986 8 153
371845 1 102
372460 4 124
374048 5 3753
374248 8 1841
374424 1 389
374521 13 1273
374974 85 12901
374994 48 13993
376610 19 7750
377117 20 811
377197 25 8628
377295 47 1311
377319 11 159
377391 46 1571
377560 11 6597
377817 44 2398
378006 1 505
378071 27 7768
378097 2 259
378098 9 285
378103 5 143
378125 2 446
378126 2 314
378175 1 1201
378198 3 161
378232 5 179
378234 3 228
378236 6 264
378270 1 599
378283 2 236
378339 13 379
378341 1 350
378342 12 415
378343 10 330
378372 2 206
378382 3 333
378411 1 510
378432 15 232
378437 3 436
378520 4 316
378560 29 691
378598 2 235
379385 12 3386
379638 12 185
380317 9 488
381242 1 177
381492 1 339
381790 20 465
381987 15 6233
381988 17 4173
381989 20 4051
381990 21 3050
381991 23 6428
382003 6 2295
382254 3 287
383109 32 946
383778 1 330
383782 1 214
384153 1 2310
384159 2 552
384456 1 205
384688 4 1297
384811 1 166
384962 1 492
385088 4 396
385486 12 6673
385980 4 3649
387619 2 1894
388134 11 355
390168 6 186
391540 12 396
391552 3 86
391830 2 279
393110 10 185
393127 4 268
393128 7 313
393550 5 30891
393574 23 2047
393575 62 2742
393583 1 656
393613 12 1147
393667 25 1411
393747 1 58177
394026 94 1529
394027 84 1265
394028 27 390
394898 15 26758
394903 47 1306
395130 1 243
395242 79 23266
395581 4 216
395585 107 30629
395762 2 324
395810 1 5761
395860 8 1844
395965 1 2964
396066 55 1619
396067 12 1672
396141 5 768
396147 7 5877
396148 1 1500
396149 20 3367
396188 2 1709
396258 74 38258
396305 8 480
396488 5 1498
396942 1 278
397325 1 849
397449 1 835
397492 1 605
397876 1 645
399389 1 180
413584 1 91
416463 6 586
421996 5 985
430087 2 86
433604 1 557
437008 1 1646
441456 2 844
448661 4 165
449425 4 1412
453747 1 627
457181 1 72
462937 4 1436
463820 1 610
464082 2 632
464193 1 621
465303 10 411
466366 2 990
466471 1 3403
466910 7 853
467060 4 1675
467490 7 476
467592 6 451
469835 3 803
471045 1 579
471310 10 707
472816 1 125
474200 1 973
483865 3 642
493884 1 182
502584 5 380
502783 2 359
508348 1 750
518490 3 449
519052 1 426
520428 3 561
523530 1 2257
526237 1 1393
