2232 3 3252
3868 1 221
4578 1 481
4596 1 171
4597 1 303
8519 2 451
9166 11 17203
14294 1 347
16678 2 322
17429 2 328
17479 1 360
28242 1 342
30523 1 491
37495 1 307
38515 1 387
40801 1 496
45154 1 314
45161 1 213
47971 1 423
53093 1 325
65147 1 606
66940 2 106
70035 1 735
71316 9 313
72969 1 53
73010 1 35
73132 3 181
73156 1 46
76174 1 141
76631 1 152
77172 2 141
78097 1 106
78239 2 192
78603 2 318
79675 1 335
80537 1 310
80881 1 119
83469 2 350
87624 3 131
88926 2 105
91578 2 421
92488 1 273
94365 1 802
94432 1 48
100140 1 250
100790 2 267
101352 1 647
102244 1 413
104266 2 578
106758 4 520
108743 2 72
108886 1 551
109046 1 537
110310 4 408
110316 1 173
111378 2 183
122937 17 593
124455 5 508
124460 3 202
126693 1 265
131449 1 379
131606 1 379
135083 1 640
141132 2 290
141851 1 70
146951 1 190
156984 1 35
159622 1 657
163203 4 108
164338 1 104
169901 1 252
171121 1 113
173437 3 228
174316 1 236
176247 4 572
179423 2 259
180058 1 123
180381 1 215
181419 1 507
181862 2 233
182949 1 74
185362 5 129
185364 7 229
186781 3 514
188787 1 125
188869 1 152
188875 1 238
189926 6 591
191263 1 491
192040 1 80
195273 2 238
200533 6 195
202400 10 431
204473 1 208
206281 1 112
218266 3 287
219053 11 492
219054 11 299
223019 1 102
225222 2 118
227352 3 212
227462 1 947
229491 2 106
229629 1 673
230126 6 225
233927 1 86
234793 1 55
242504 6 340
242786 1 567
246456 1 654
250528 1 661
253715 2 247
254308 1 477
254310 1 214
258346 1 430
258356 2 341
258362 1 205
258687 2 452
261471 2 481
262179 1 345
262199 3 426
262610 1 594
263154 3 160
264161 1 77
265816 3 25803
265854 1 21100
267790 1 249
268303 1 6782
268326 1 1112
268496 1 470
268750 5 206
268976 1 1418
269382 1 165
269417 1 165
269802 4 292
269887 5 389
269996 1 6852
270115 2 271
270566 3 826
272065 5 193
272096 5 193
275186 1 690
276157 1 131
276319 7 169
279886 1 212
280903 1 256
284833 1 398
287421 1 145
287557 3 454
287732 7 1246
287872 1 693
287890 1 963
288208 6 1172
288332 6 488
288469 1 90
289607 6 1468
289633 8 858
289693 2 1073
289796 1 2072
289861 6 1176
289903 1 430
289932 5 4403
289969 2 701
290034 4 891
290063 1 1068
290071 3 536
290116 1 969
291606 2 222
291688 3 2710
291689 1 1872
291813 6 542
292507 1 905
292542 1 169
292700 1 3396
293065 3 155
299356 1 140
301016 1 1779
302628 1 83
304463 1 215
304665 1 255
305884 3 944
308650 2 555
310523 5 119
311278 1 246
311690 4 216
311792 3 254
312401 1 5388
313561 6 318
318530 1 863
320078 4 949
320560 21 482
321089 1 244
323958 8 151
324993 1 456
325081 2 1262
325112 1 2173
325777 2 174
325850 1 750
325909 1 431
326892 1 920
326947 1 920
327025 3 468
328914 5 4587
328935 2 391
328946 1 203
329208 2 9390
329230 2 2543
329265 4 697
329282 1 136
329414 1 2749
329437 3 257
329493 1 7227
329804 1 7586
330120 4 1078
330296 11 3448
330409 1 171
330828 1 2542
330954 1 720
330987 1 315
330993 5 303
331406 2 449
331414 9 438
333009 1 487
336322 2 426
336816 2 217
337923 5 211
338128 1 200
340797 2 93
343301 1 430
344380 1 99
347184 5 136
347706 2 1205
347763 4 822
347837 1 63219
348135 3 1687
348307 1 774
348403 1 1670
348459 3 257
348551 5 217
348614 1 463
348686 2 426
349418 1 204
349742 1 1678
349776 1 949
350138 1 2976
350492 4 990
350720 3 109
351880 2 161
351998 4 3051
352104 7 203
353367 18 3964
353418 3 1453
353419 9 143
353578 2 281
353625 11 266
353950 1 414
354450 1 8639
354762 7 116
359152 1 9815
360603 1 218
361887 2 146
363390 1 295
364084 4 154
369748 1 113
369749 3 124
369927 1 131
370081 10 261
371762 1 172
372421 2 187
372569 3 257
372609 2 167
372660 1 223
372778 1 406
373412 3 133
373797 1 271
373979 1 683
374099 2 1179
374106 20 411
374202 1 2426
374254 1 5056
374410 7 836
374564 13 408
375801 1 79
376249 1 301
376305 2 207
376440 5 1977
376472 1 3670
376473 1 3399
376658 1 283
377119 6 3355
377230 2 105
377391 1 1571
377448 1 4232
377847 1 476
378124 3 349
378317 1 427
379261 1 102
383968 3 243
385235 3 253
385628 5 95
385975 1 2246
386504 7 664
389449 1 102
391822 1 456
393544 1 2346
393560 8 1516
393606 11 1425
393930 5 154
393955 1 2373
394141 14 929
394515 2 844
395189 1 428
395359 1 461
395736 7 1070
396166 1 1156
396715 6 885
396918 11 426
397335 2 481
398259 1 539
399871 1 409
401605 2 1234
405137 42 1317
414098 2 876
414244 3 131
414443 6 239
415031 11 751
415411 7 368
415751 6 222
417847 2 41
420392 1 516
420396 2 931
420483 3 1097
420811 3 1167
421204 2 767
421513 2 642
421704 1 617
422380 5 280
425009 1 1229
426221 1 140
426696 4 101
426785 2 918
428230 2 337
429770 1 69
430569 3 51
432711 2 57
437326 1 497
438334 1 174
439475 2 298
445041 7 346
446724 2 789
447516 3 240
447844 2 478
448661 2 165
450102 2 96
453272 1 269
453348 3 136
453771 2 325
454179 3 359
456436 2 290
457066 2 908
457365 1 175
458270 9 372
461846 2 639
463116 8 416
463437 1 81
464793 3 651
465507 3 55
465532 5 118
467585 5 195
469617 1 232
475646 3 488
477570 1 443
477963 8 431
484441 2 252
487185 2 49
488250 12 478
491740 1 125
492986 1 259
493275 1 539
493542 4 134
498657 1 423
499227 1 379
500111 3 373
500437 6 286
501478 5 72
505138 1 180
505859 2 981
506171 1 641
508089 1 231
508458 2 96
512005 5 125
518228 11 345
519252 3 103
523379 7 285
526867 2 143
527242 5 91
200 1 438
383 1 285
392 2 212
402 3 280
427 4 584
830 2 232
4596 4 171
4597 7 303
9166 1 17203
21614 1 32241
45925 3 392
45926 1 484
46987 1 436
48101 2 361
48134 18 395
52214 3 64459
53306 2 1229
55371 3 52248
55372 71 100383
55375 129 40486
55643 1 436
55644 1 314
55645 3 598
55675 2 515
55747 1 222
55757 1 237
55760 1 599
55763 1 575
55764 2 844
55765 2 494
55766 1 646
55773 1 655
55774 1 645
55777 7 278
55798 2 655
55816 1 227
55817 1 828
55826 3 441
55827 3 581
55843 1 470
55873 1 246
55879 2 270
55881 1 284
55894 2 459
55897 2 378
55942 1 359
55943 2 341
55944 6 588
55956 1 680
55957 3 568
55965 1 342
55970 1 834
55983 3 562
56001 1 518
59501 2 330
60642 1 322
62064 7 4939
62391 1 67
65147 1 606
65928 4 57
66385 1 106
70035 10 735
71358 2 535
72969 1 53
73156 1 46
73459 1 432
75372 1 99
75750 4 1646
76631 1 152
77491 4 854
79675 3 335
80537 2 310
83092 1 140
83197 1 115
83350 3 759
85105 1 619
85566 6 147
88607 1 19
91578 2 421
93131 1 128
93785 1 556
94365 3 802
97497 2 34
99217 4 147
100140 1 250
101593 16 458
104116 4 250
104266 3 578
105082 6 61
106758 3 520
107312 2 702
108886 2 551
109046 1 537
110143 1 1377
113957 3 111
116793 3 2075
117163 4 612
120482 2 72
121135 1 505
122989 3 877
123282 1 300
124455 1 508
126459 1 69
128001 1 662
133035 4 909
135083 2 640
141851 1 70
142141 7 7912
143097 3 233
145521 3 163
146875 10 145
149323 2 769
149585 1 672
149807 4 82
153338 2 272
154968 2 874
159622 1 657
159759 2 738
164338 2 104
165893 2 471
169638 2 768
169901 1 252
171121 1 113
171182 6 147
171434 7 918
171472 2 733
171585 2 736
171692 1 462
174316 1 236
175545 1 267
176247 1 572
177304 4 129
177417 1 1828
178996 12 5818
180131 1 279
181419 7 507
182550 2 726
186196 3 2567
186781 1 514
188875 1 238
189926 1 591
191263 1 491
194572 2 1045
198120 2 647
199322 4 131
199561 13 437
200751 1 54
201544 6 1008
210056 2 366
210424 9 717
217015 1 883
218128 7 167
219302 9 231
220748 2 279
222758 2 594
223670 1 594
224210 2 118
224486 6 140
225714 2 727
227462 1 947
229483 3 111
229485 11 196
229629 10 673
232424 3 54
233757 4 135
234735 2 166
235852 2 93
239819 3 513
240932 10 301
242504 2 340
242511 2 101
243829 4 106
246070 4 201
246456 3 654
248117 8 178
249151 3 109
249472 3 456
250088 2 85
250325 3 6286
252062 2 133
252993 1 79
254308 1 477
254310 2 214
254741 1 88
254742 1 120
255335 1 70
255699 2 552
255835 7 214
257877 2 472
258346 1 430
258362 1 205
259350 9 183
260290 4 101
260611 18 604
261471 1 481
262178 14 1949
262179 1 345
263501 4 481
264161 2 77
264339 5 1004
265792 1 882
265793 1 1770
265801 1 1943
265813 4 4655
265816 14 25803
265845 6 17259
265847 3 5294
265854 15 21100
265856 1 1051
265864 3 1117
265947 1 478
265995 2 1841
266072 2 450
266399 2 298
266405 1 315
266873 1 202
266994 5 322
267044 1 231
267633 5 1909
267636 6 2539
267778 7 5216
267785 1 298
267951 1 300
267985 2 252
268110 3 441
268150 1 1564
268303 4 6782
268417 1 323
268496 6 470
268624 2 258
268721 1 529
268925 2 450
268976 1 1418
269178 1 254
269580 1 299
269679 1 224
269697 2 751
269699 8 1880
269722 3 376
269873 1 262
269926 2 415
269928 3 243
269996 3 6852
270314 1 343
270671 1 432
270936 2 295
270997 4 3144
271179 3 2344
271224 1 835
271356 1 167
271820 1 247
271960 3 152
272003 2 5868
272084 1 204
272269 4 4027
272764 7 1085
272823 1 166
273032 1 185
273097 3 277
273260 1 340
273354 6 2901
274025 1 672
274533 2 327
274549 1 253
274989 2 707
274999 3 533
275000 1 488
275142 1 163
275144 1 126
275186 3 690
275585 1 139
275657 2 234
275773 1 115
276078 4 5007
276179 2 181
276319 1 169
276666 4 937
276697 1 133
276714 1 531
277096 4 273
277502 1 190
277503 12 190
277811 1 215
279023 1 662
280550 2 250
280619 7 11500
280903 2 256
281055 2 265
281210 1 197
281263 2 182
281700 1 317
281765 2 520
281938 1 676
282014 2 166
282053 3 430
282083 1 311
282481 1 407
282725 4 176
282858 2 236
283108 1 136
283663 1 425
284071 1 425
284284 4 103
284618 2 111
284647 2 107
285033 1 175
285426 2 216
285467 1 212
285710 3 484
286087 1 223
286232 18 2255
286233 6 1753
286270 11 2593
286326 2 1953
286382 2 254
286445 6 1722
286549 2 1133
286627 2 190
286641 6 1450
286722 2 318
286899 1 1205
287033 1 1363
287034 3 1420
287135 4 2433
287258 3 821
287270 2 4819
287319 2 443
287411 3 255
287555 3 217
287557 4 454
287624 8 448
287629 2 186
287665 15 308
287707 2 189
287742 1 190
287822 12 195
287872 3 693
287890 2 963
287985 2 959
288132 1 257
288200 1 186
288208 2 1172
288307 1 304
288332 1 488
288469 1 90
288551 2 393
288841 1 120
289358 3 1746
289438 1 494
289459 5 1447
289498 1 446
289559 22 1359
289590 1 164
289607 4 1468
289609 6 1624
289612 1 1277
289619 25 2743
289633 8 858
289647 6 1461
289693 1 1073
289732 13 4132
289734 17 4107
289796 3 2072
289861 2 1176
289920 12 7272
289932 7 4403
289969 3 701
289977 3 954
289984 2 653
290014 3 995
290034 1 891
290039 3 414
290058 2 699
290063 5 1068
290116 2 969
290166 1 562
290228 3 467
290237 1 3427
290256 1 30074
290440 6 15196
290465 11 15747
290554 1 243
290807 4 260
291135 2 357
291300 1 687
291688 3 2710
291689 1 1872
291793 4 2238
291813 1 542
292298 6 2887
292507 3 905
292542 1 169
292653 5 267
292700 8 3396
292803 58 3857
293194 6 3062
293300 1 295
293410 2 252
293910 2 180
293939 8 1201
294074 2 1591
294522 1 352
294998 4 2354
295873 5 3378
297959 5 150
298248 5 87
298356 1 352
299010 2 190
301016 1 1779
301865 12 18367
302628 1 83
302739 2 382
302825 2 424
303205 5 895
303734 40 25485
304351 1 334
304463 2 215
304665 1 255
305916 5 4660
305923 1 5770
305951 3 1060
305961 4 2264
305981 18 4277
306237 7 26903
306284 4 21202
306314 6 4250
306948 5 155
307000 1 901
307005 2 243
307012 7 342
307056 12 335
307453 2 49380
308435 9 1889
308454 3 468
308513 16 8438
308525 9 1889
308619 7 1515
308673 3 2913
308947 9 16976
308953 2 14138
309001 9 16976
309007 2 14138
309660 6 2142
310568 1 347
310840 6 4335
310985 2 676
311141 1 342
311317 3 1857
311609 3 3999
311690 2 216
311929 25 9534
312401 6 5388
312632 1 505
312981 2 2007
313562 1 582
314083 18 5179
314351 1 163
315097 3 1493
316052 8 2172
316297 110 5294
316351 4 4224
316627 4 240
317183 45 1045
317187 3 473
317308 1 391
317514 6 1337
320560 7 482
320761 2 101
321006 1 248
321087 1 429
321089 2 244
321582 9 213
322219 2 217
322987 2 181
323958 3 151
324083 1 217
324993 2 456
325051 2 1863
325063 5 2727
325082 2 1246
325096 9 5659
325125 18 1462
325249 45 1960
325624 1 4590
325808 16 533
325850 2 750
325997 3 97
326129 12 67196
326843 4 1687
326892 1 920
326947 1 920
327023 1 3516
327025 2 468
327044 5 1686
327116 4 374
327122 26 16929
327123 26 16927
327384 9 19585
327394 9 22044
327407 28 18061
327447 1 208
328153 5 4232
328209 1 288
328305 1 73
328914 7 4587
328993 12 5082
329001 1 246
329208 1 9390
329209 5 5843
329226 6 8776
329230 2 2543
329231 5 7437
329402 6 1763
329414 2 2749
329437 1 257
329493 9 7227
329804 3 7586
329842 2 280
330296 8 3448
330409 1 171
330583 4 569
330828 4 2542
330954 1 720
333009 2 487
334982 6 511
335354 5 557
336322 2 426
337185 3 2433
337596 1 69
337613 1 336
337620 5 157
337722 7 204
337723 2 145
337923 2 211
338102 8 2125
338128 2 200
338206 6 192
338572 2 198
338649 7 7414
338672 1 326
342188 1 467
342719 1 374
343203 1 150
343301 2 430
343464 6 605
343929 2 111
344144 1 246
345369 1 821
346417 30 486
346579 1 511
347184 1 136
347706 3 1205
347742 8 583
347755 4 734
347837 4 63219
348135 3 1687
348206 1 1054
348278 4 106
348307 2 774
348385 6 101
348459 1 257
348505 5 201
348527 6 216
348551 2 217
348562 6 195
348592 1 140
348611 10 258
348614 4 463
348652 1 321
348659 6 484
348662 2 205
348686 2 426
349037 2 134
349418 2 204
349674 10 305
349677 1 407
349776 6 949
349997 8 3244
350032 4 1561
350066 3 3165
350068 6 1518
350128 2 3081
350138 1 2976
350150 35 1202
350449 15 14072
350477 6 4214
350479 2 11696
350496 5 14081
351751 1 648
351998 7 3051
352070 4 1699
352705 10 1432
353625 8 266
353963 2 1764
354353 1 247
354450 5 8639
354847 1 465
355059 5 164
355071 12 4735
355114 10 183
356077 14 3908
357098 2 384
357380 2 2253
357647 21 319
357648 25 399
357963 1 428
358032 4 79
358033 16 435
358035 3 114
358036 5 99
358424 5 2747
359152 9 9815
359187 43 1848
359911 1 359
360447 1 128
360469 1 207
360531 1 240
360603 1 218
360606 3 562
361133 1 234
361207 5 108
361303 6 219
361597 17 452
361880 38 1542
361986 14 1898
362529 10 174
363390 1 295
363907 2 339
363965 10 6146
364084 2 154
364714 2 2031
365868 1 264
366221 2 397
367144 1 312
367300 1 113
367325 1 289
367572 2 320
367994 3 548
368508 1 256
368587 1 126
368823 2 361
369033 5 1019
369481 3 136
369749 2 124
369927 4 131
370224 11 1100
370898 6 170
371053 1 209
371102 1 76
371166 1 499
371546 2 450
371782 1 1143
371850 18 1754
371874 3 425
371885 12 2004
372650 1 210
372660 1 223
372676 4 171
372727 5 110
372779 1 898
372780 1 233
372800 6 222
372842 1 497
372845 12 326
372861 17 459
372884 7 232
372917 37 1545
372938 11 205
372939 21 321
372942 15 403
372961 1 308
373411 1 118
373412 2 133
373500 2 179
373790 2 209
373908 2 174
373953 4 2268
373979 1 683
374091 23 890
374099 1 1179
374102 1 3236
374106 7 411
374202 2 2426
374254 9 5056
374373 4 3397
374410 1 836
374564 4 408
374994 4 13993
375009 2 2624
375392 2 92
375456 1 167
376386 6 9418
376440 1 1977
376472 2 3670
376473 1 3399
376610 3 7750
377119 1 3355
377391 1 1571
377408 3 1599
377448 8 4232
377498 11 4385
378298 1 387
378317 1 427
379814 17 4584
379824 8 280
379849 1 240
379859 1 186
380293 17 384
380294 43 635
380295 15 255
380503 17 384
380504 43 635
380505 15 255
380704 31 1654
380789 12 452
380888 3 1926
381168 35 3755
381592 2 1704
381710 25 3201
383573 2 284
383681 3 170
383739 33 1496
383754 5 5970
383933 3 2880
384222 11 193
384379 6 302
384602 6 3928
385486 13 6673
385628 2 95
385975 5 2246
385981 4 2546
386504 3 664
386972 20 2852
388897 1 133
389449 1 102
389601 3 1329
391270 2 510
391730 1 158
391822 1 456
393526 8 8178
393544 1 2346
393548 10 1932
393550 1 30891
393560 4 1516
393614 8 4956
393673 3 10585
393747 4 58177
393830 2 390
393955 1 2373
394137 3 1990
394141 3 929
394316 2 1558
394355 19 246
394430 11 198
394511 3 174
394570 8 285
394571 17 386
394628 8 478
394655 15 254
394656 42 637
394657 12 456
394835 1 391
394897 1 218
394898 2 26758
395189 2 428
395242 2 23266
395359 1 461
395589 2 296
395736 11 1070
395860 2 1844
395873 16 3601
395916 4 732
395944 6 2593
396045 1 433
396111 8 618
396114 1 4324
396146 26 3305
396166 5 1156
396258 105 38258
396281 1 118
396290 1 674
396298 1 639
396309 1 745
396317 2 576
396329 1 2994
396331 1 429
396338 3 339
396346 3 1362
396355 2 1338
396379 3 286
396390 2 1672
396391 2 170
396393 2 373
396396 3 1010
396397 1 408
396409 1 428
396427 1 752
396435 2 1054
396448 1 1141
396449 1 291
396473 1 1546
396474 2 1209
396514 1 904
396521 3 865
396523 2 275
396528 4 1287
396531 2 2870
396536 1 1289
396537 2 791
396540 1 606
396602 1 1070
396603 1 1074
396604 1 707
396605 12 1491
396606 7 1025
396607 1 160
396617 1 468
396620 2 1546
396624 7 408
396633 2 681
396649 1 622
396655 1 1108
396657 1 663
396664 1 781
396671 1 278
396673 2 632
396675 1 809
396678 1 661
396689 2 632
396710 1 815
396712 1 284
396713 1 813
396715 3 885
396918 4 426
397335 2 481
397928 2 82
398259 13 539
399871 4 409
400305 2 106
400913 7 17082
401605 1 1234
402404 1 594
403488 4 1561
405000 3 88
406482 6 1121
407491 3 87
407671 4 91
408030 4 90
410097 5 477
410800 7 2430
410801 14 1019
414443 4 239
415031 2 751
415411 2 368
415751 1 222
417755 5 140
420396 1 931
420483 1 1097
420811 3 1167
421204 2 767
421513 1 642
422315 18 591
422380 1 280
422406 28 1759
425009 3 1229
425597 3 83
431265 2 77
431269 1 592
431295 2 972
431297 1 647
431298 1 423
431303 1 349
431312 1 288
431318 2 395
431326 1 365
431333 2 560
431335 10 1372
431336 1 1959
431337 2 2257
433940 36 1084
434668 35 2809
435446 3 81
438104 3 82
441533 4 5725
441551 26 1786
441569 3 930
442743 7 118
445897 3 88
446087 4 128
446724 1 789
447844 1 478
448011 7 49
448599 3 90
449570 8 1731
451113 3 79
451662 3 1316
453272 2 269
453663 4 89
454617 29 2512
455674 2 1733
456123 3 90
456436 2 290
457066 7 908
457503 3 505
459626 3 103
460890 4 202
461186 2 87
461846 2 639
462202 3 85
464793 2 651
465478 6 1593
465507 1 55
465643 6 2563
468212 4 89
468975 2 865
469464 3 421
473348 4 119
473470 1 966
478147 3 85
478329 3 82
481107 1 806
482963 4 165
483109 2 85
484198 25 1713
485276 3 86
485472 3 83
485478 8 1138
487228 3 782
487988 3 65
488092 4 86
488250 16 478
489026 1 1085
490661 3 82
491740 1 125
492986 2 259
493249 2 71
493275 1 539
495404 1 886
496544 2 439
497577 5 316
497765 2 115
499227 9 379
499538 26 1354
500437 4 286
500645 5 251
501069 3 80
501478 1 72
501568 3 706
501666 5 145
504458 10 3157
505138 1 180
505673 24 701
505859 2 981
506241 1 931
506452 3 72
507191 10 920
508089 1 231
508458 1 96
510652 5 1458
510805 3 245
514753 5 96
515030 2 176
515975 3 136
516924 2 795
517070 4 93
518228 1 345
519728 3 79
522919 1 119
525042 1 314
525051 4 519
525068 1 188
525109 2 81
525116 3 600
525117 2 499
525162 3 711
525169 1 447
525177 5 2500
525905 5 1176
526867 5 143
528153 2 217
