59638 1 550
66085 3 151
67651 1 174
67869 1 293
79666 1 500
82938 1 287
83849 2 483
84522 2 207
85569 4 149
93932 4 292
94865 1 910
95430 1 711
107114 1 670
107117 2 362
109816 5 173
110543 4 310
111829 4 169
112918 1 98
112925 2 193
116687 1 190
117100 15 448
120453 2 403
123674 2 296
137657 9 590
139617 2 140
145714 1 731
146539 1 271
146747 1 579
149161 1 573
151347 1 267
152302 4 154
153936 1 242
153952 1 779
156754 1 457
157114 4 224
157200 1 436
158096 2 220
159510 1 454
159946 1 820
172940 1 532
174932 7 251
180175 2 180
186010 1 654
189163 3 145
189350 6 280
190889 1 139
191127 1 147
202008 1 502
203019 1 1371
204349 2 1322
204613 1 232
204970 6 280
205542 8 279
209421 4 246
215763 1 351
219792 1 300
221020 1 465
223292 2 1373
224557 1 211
242516 1 269
248153 3 152
253899 2 218
262268 2 766
284520 6 674
284834 1 415
285310 2 418
285466 2 125
285467 2 212
285962 1 278
285963 1 151
287558 1 393
304221 3 552
305128 12 403
305405 1 331
305837 2 650
307178 1 336
323748 3 548
324138 1 280
324310 1 545
324788 11 346
324795 10 235
345660 1 264
346368 1 119
370355 1 641
370412 1 770
370525 1 1576
371642 8 185
371643 9 401
391942 20 462
393445 1 1993
418247 1 495
457709 2 208
461574 1 453
522378 2 392
33 51 19382
868 1 218
997 24 508
1002 23 483
1134 6 361
1158 2 181
1177 2 380
1387 17 302
2626 18 269
3742 20 304
3743 14 223
4039 10 503
4338 3 16989
4754 7 481
4982 9 420
5075 2 408
5788 4 374
5849 13 396
6341 10 240
6374 1 253
6807 13 369
7246 13 452
7917 3 348
8178 2 363
8215 9 372
8389 4 172
9166 12 17203
10596 19 2754
11184 1 461
12066 2 405
12709 1 20008
12967 2 621
13078 1 357
13379 1 323
13571 3 222
14936 2 358
15431 6 468
15432 3 336
16082 9 501
16537 2 324
16555 18 286
16855 11 311
17512 10 221
17852 1 247
18037 1 573
18040 17 480
18197 4 320
18231 9 149
19077 22 455
19798 10 406
21614 6 32241
22661 4 500
22662 3 564
22670 15 239
24576 1 471
24840 1 329
24982 10 179
25083 13 223
27581 13 219
27582 18 400
27909 8 773
27920 2 306
27921 7 772
27922 6 816
28018 9 385
28211 8 160
29321 17 463
29538 25 377
29587 4 348
29682 19 419
30446 9 12899
30704 12 224
30825 30 690
31390 2 325
31890 11 276
32303 3 605
32305 1 367
32388 27 577
32883 7 2700
32904 19 293
33781 11 162
34310 8 248
34311 8 166
34313 24 516
34315 27 465
34320 10 131
34321 11 173
34792 3 454
35307 12 182
36148 2 472
36164 11 200
36415 1 244
36718 5 593
36802 8 29903
37015 10 447
37255 2 206
37274 2 366
37278 3 467
37745 11 174
38007 8 750
38812 19 389
39390 16 264
39391 10 176
39689 14 431
39875 8 99
39876 11 173
40061 1 19463
41271 1 479
41306 12 277
41315 10 315
41981 7 307
42508 2 593
42556 2 295
42982 9 563
43603 19 279
44258 19 635
44786 13 253
45049 9 408
45840 19 292
46049 7 552
47288 8 513
47902 3 259
47971 2 423
48273 2 581
48274 3 525
48682 20 203
49675 1 493
49907 8 1008
50161 11 193
50299 3 690
50802 19 592
50808 10 362
50812 38 425
51220 8 738
51651 38 421
51659 22 212
51660 18 222
51662 20 263
51671 20 391
51687 7 357
52214 10 64459
52756 31 373
52836 3 304
54468 13 242
54828 15 415
54933 6 385
55290 3 374
55375 1 40486
55487 6 344
55502 13 248
55541 11 365
55677 1 318
55817 2 828
55843 1 470
55855 1 556
55915 3 244
55937 4 492
55940 2 597
55956 1 680
55989 2 168
56041 2 343
56070 2 403
56087 1 582
56090 1 565
56091 1 745
56117 1 635
56119 1 689
56177 1 713
56338 1 236
56383 1 491
56455 1 293
56472 1 780
56486 1 381
58483 2 646
59474 1 194
59638 4 550
59858 1 105
60352 4 188
64639 1 70
64811 5 567
65627 2 244
66085 1 151
66471 2 329
66880 1 387
66999 2 489
67977 2 172
68909 1 220
71026 1 276
71670 3 734
72765 2 344
73035 3 222
74205 2 286
77273 2 227
79039 2 302
79574 1 615
79666 2 500
84988 1 70
85569 1 149
85909 1 98
86188 5 244
86649 1 739
87507 2 1002
90214 5 224
90586 7 664
90743 1 969
90796 1 179
92143 1 164
92723 1 85
93075 2 180
93251 1 717
93456 1 514
94378 1 884
94581 4 369
94676 1 194
94681 2 803
94731 1 258
95045 1 159
95185 1 461
95438 1 262
96433 3 143
97832 1 115
98280 2 374
98542 2 108
101471 1 455
101598 8 403
102084 2 237
105300 1 547
107097 2 358
107114 2 670
108768 1 107
108777 4 256
108804 1 182
110534 1 247
110543 1 310
110852 1 765
115128 1 204
116893 1 925
117100 2 448
118851 1 728
119018 1 570
119228 2 650
119400 3 171
119596 4 2132
120453 4 403
120856 5 902
120968 4 491
120985 1 665
123970 4 413
124530 2 159
124808 3 612
125062 2 129
126279 1 139
127639 1 680
129935 1 884
129937 1 257
130261 4 619
131293 1 325
131948 3 801
131956 3 798
131977 4 1672
132304 6 750
133900 1 769
136211 1 248
137639 1 697
137644 1 648
137656 1 703
137657 2 590
137658 1 567
137660 1 412
138482 1 229
138697 1 115
139617 3 140
140270 1 834
140271 1 273
142055 2 272
143339 4 505
143972 4 287
145159 1 580
145714 4 731
145800 3 274
145804 3 204
146539 3 271
149161 1 573
150214 1 204
150563 2 161
151347 1 267
152302 1 154
152350 1 151
153952 1 779
157114 3 224
157797 3 152
158096 1 220
159334 3 578
159946 1 820
161488 1 157
163539 6 717
165089 3 152
166069 1 131
166088 1 327
166506 1 527
167383 2 795
171039 4 267
172940 1 532
173160 3 252
174615 1 193
174932 1 251
180175 1 180
180395 1 116
180433 1 614
180968 2 522
182220 1 311
184581 2 252
186379 2 292
187079 1 571
188448 1 57
189163 1 145
189179 1 767
189350 2 280
191602 1 136
192926 2 607
194512 2 478
197036 1 206
201870 2 178
201879 2 482
203019 1 1371
203239 1 563
203298 2 672
203896 1 66
204349 1 1322
204474 2 261
205762 1 493
207811 2 224
208447 2 133
209704 2 738
210143 1 206
211562 1 364
214050 1 453
215763 1 351
219792 2 300
220012 1 145
221020 3 465
223292 3 1373
223356 1 811
223722 2 246
224557 1 211
224777 1 294
225948 1 206
226243 6 275
227294 1 758
228640 3 648
228764 1 279
229342 1 278
229732 1 595
231423 3 1158
232441 4 609
232653 7 396
234068 1 237
234611 1 148
235372 1 179
237734 1 863
238318 2 129
242516 3 269
244371 1 123
247221 1 268
247904 1 262
247906 1 222
248009 1 263
248015 1 447
249578 1 279
250144 2 365
251795 1 359
252455 16 691
253899 1 218
255687 1 764
256868 6 235
260259 2 434
261723 2 172
261728 1 135
261990 1 295
262268 2 766
264978 2 267
265032 1 242
265473 1 217
265657 1 541
265800 6 662
265803 4 271
265810 24 16729
265816 57 25803
265821 2 709
265833 7 1358
265845 31 17259
265850 3 197
265854 59 21100
265859 1 5419
265891 2 302
265939 5 94
265947 2 478
265959 2 289
265973 2 156
266002 2 164
266067 1 123
266099 1 120
266111 2 200
266713 10 2399
267577 2 6751
267663 2 5386
267778 3 5216
268080 3 1956
268893 3 583
269623 2 214
272684 1 135
273277 1 258
273353 2 670
273785 9 295
273988 12 422
274059 31 2826
274851 4 93
275057 22 1927
275605 1 190
275649 1 183
276104 3 219
276642 8 2816
276662 8 2455
277308 2 762
279007 5 1953
279151 3 525
279402 29 1049
279684 1 416
280619 8 11500
281800 16 4068
282086 3 149
282089 11 619
282860 1 1251
282910 3 96
283320 16 190
283461 2 504
283918 1 425
283941 2 378
284125 3 891
284520 1 674
284834 4 415
285026 1 222
285310 3 418
285467 1 212
285667 1 366
285807 2 338
286331 3 4171
286507 16 1077
286583 13 19748
287458 1 263
287474 1 377
288061 2 1274
289348 91 18428
289570 3 564
289701 1 239
289734 3 4107
289784 8 534
289789 9 556
289830 3 3054
289907 4 797
289932 3 4403
290021 4 1574
290124 5 1056
290440 26 15196
290465 19 15747
291189 1 326
291535 6 165
292676 10 467
293847 6 1403
294697 22 1170
295502 7 457
295907 1 497
296021 4 297
296685 2 619
296703 8 1035
297101 26 2037
297148 2 145
297662 5 205
297900 16 3097
298645 5 1703
298722 2 119
298898 2 308
299003 4 150
299428 6 163
300018 6 352
300273 2 124
300398 20 729
300424 19 1583
300440 27 798
300497 10 913
300531 10 257
300598 6 437
300782 43 1688
301115 1 551
301581 1 238
301865 1 18367
301964 1 313
302071 2 386
302298 13 1737
302577 2 747
302611 3 1120
302672 1 295
302683 3 155
302688 23 1782
303174 4 1356
303245 5 182
303478 1 453
303607 2 949
303668 1 139
303734 19 25485
303865 2 941
304023 1 457
304982 4 418
305105 5 1589
305128 3 403
305140 10 1075
305205 1 892
305268 1 454
305342 2 137
305353 1 391
305433 2 104
305488 1 204
305788 1 374
305837 3 650
305922 1 3872
306047 2 1183
306052 1 3462
306159 1 797
306175 1 10421
306237 21 26903
306819 2 397
306846 48 1637
307084 5 1709
307172 1 395
307233 9 644
307453 21 49380
307642 15 464
307762 8 3336
307902 2 391
308181 1 3094
308186 1 36306
308219 4 2601
308246 10 20735
308257 5 12090
308284 3 1171
308289 1 875
308547 4 871
308553 13 8271
308659 5 2948
308660 9 2535
308903 13 5575
308907 20 13313
308919 16 13545
308929 24 12027
308937 48 1659
308947 26 16976
308953 12 14138
308961 20 13313
308973 16 13545
308983 24 12027
308991 48 1659
309001 26 16976
309004 4 2258
309007 12 14138
310178 5 118
311117 5 1447
311195 4 144
311647 5 138
311811 5 875
312592 1 159
314028 5 279
314060 1 136
314202 5 147
314585 1 2109
314732 1 114
314810 3 989
314822 17 6501
315376 10 2290
315668 1 672
315970 3 178
316139 10 1822
316297 3 5294
317801 5 904
317955 15 533
318196 21 1248
319180 1 133
319509 4 892
319950 1 241
320000 15 1125
320247 2 10051
320362 7 2349
321298 1 91
321725 25 559
321850 1 93
322108 2 325
322269 15 2418
322272 2 192
322331 13 1667
322795 3 124
322844 3 258
322852 2 215
323748 2 548
324106 15 1854
324138 1 280
324278 3 1347
324391 4 216
324613 2 697
324617 8 227
324788 5 346
324813 6 156
324887 5 691
325035 2 237
325210 2 794
325625 10 888
326123 16 14885
326129 5 67196
326525 8 1814
326849 9 1176
326862 2 617
326981 2 569
326989 4 915
327080 10 938
327142 2 470
327384 38 19585
327394 73 22044
327403 8 5903
327407 40 18061
328153 1 4232
328914 3 4587
329146 6 1964
329407 1 7463
329493 1 7227
330392 2 208
330929 2 97
331061 2 141
331432 1 8083
332024 5 138
333091 1 121
334644 6 3473
334684 1 133
334899 5 287
335903 2 424
336089 26 1638
336186 4 543
336224 6 611
336719 7 6871
336775 1 129
336880 5 842
337307 9 189
338589 1 127
338649 1 7414
339149 15 331
339654 9 1004
340289 2 248
341156 25 385
341217 13 334
342367 19 1475
342720 9 452
343414 5 1161
343579 5 353
343649 2 175
343947 12 2644
343949 9 2544
344115 3 378
344553 1 134
344688 4 157
344938 1 147
345242 1 116
345338 5 129
345426 3 1778
345959 9 468
345987 11 409
346024 5 1920
346074 1 776
346482 4 430
346643 2 1086
347531 1 117
347837 5 63219
347869 3 47445
349438 25 394
349516 6 3933
349540 45 2170
349542 14 2145
349598 4 1633
349633 7 1609
349747 22 886
349815 3 802
349820 7 1531
349942 2 1760
350006 1 825
350013 45 2165
350014 12 2309
350121 1 1460
350138 9 2976
350140 28 2270
350310 6 3011
350449 29 14072
350479 28 11696
350496 27 14081
350614 1 187
354510 1 101
354789 3 144
355294 9 2205
358200 23 5800
358524 25 4489
358763 6 1046
359984 9 917
360295 2 386
360582 2 617
360785 2 567
361880 5 1542
362200 3 241
362605 6 1540
363188 15 346
363220 6 821
363885 7 909
363965 10 6146
364371 4 712
364883 12 2891
365843 2 127
366200 1 225
366348 5 1847
367445 5 114
368236 6 136
368280 6 975
368495 1 262
368549 1 132
368816 4 228
368822 6 248
368949 1 191
369370 5 393
369411 6 1121
369517 1 191
369876 1 330
370245 4 1549
370412 4 770
370437 1 580
370525 2 1576
370848 1 543
370872 1 538
370890 3 1461
371118 1 284
371247 3 419
371411 12 437
371531 5 841
371642 1 185
371643 1 401
371720 40 1333
371721 34 4737
371805 6 1693
372406 2 14595
372467 3 813
372505 45 2165
372521 4 1409
372835 2 530
372917 5 1545
373014 1 3572
373414 1 336
373453 1 233
373834 1 44460
373927 1 1506
373937 16 4632
373939 2 1158
374129 57 1795
374254 1 5056
374319 2 1692
374373 7 3397
374483 72 1695
374485 20 675
374974 25 12901
374978 6 4182
374994 17 13993
376500 5 299
377391 6 1571
377521 2 1016
378266 1 7092
378846 8 685
378962 2 420
379649 19 3132
380544 10 248
380820 2 461
381292 2 236
381392 43 2365
381987 17 6233
381991 5 6428
382247 13 206
382592 1 349
382656 6 288
382678 10 1772
383277 6 5672
383828 9 2521
385182 17 2730
385579 48 1783
385760 1 317
385795 50 1893
385881 21 476
385941 9 107
386075 15 269
386563 32 563
386564 12 257
386602 46 2264
386609 2 289
386613 2 277
386617 8 282
386619 2 168
386620 1 159
386845 1 171
386972 7 2852
386989 4 352
387137 18 1403
387326 6 660
387474 23 409
388377 8 195
388457 1 128
388594 1 628
389150 5 383
389253 2 219
389565 12 1929
389956 3 526
390239 1 124
391680 5 443
391820 1 98
391942 6 462
392511 1 118
393445 4 1993
393550 10 30891
393601 1 1475
393641 1 3436
393747 23 58177
393887 17 372
393899 5 777
393927 13 837
393955 10 2373
394117 27 1088
394898 37 26758
395106 2 1562
395242 17 23266
395494 6 245
395610 1 843
395640 1 17885
395873 10 3601
395947 2 5473
396137 3 2749
396143 15 508
396147 21 5877
396245 26 2230
396258 100 38258
403746 1 112
406968 1 608
407156 1 42
408269 1 940
410489 2 496
411168 1 2548
411243 1 2523
411641 2 628
414266 60 1071
414625 5 369
414681 1 685
415734 1 960
415958 1 859
416189 1 582
416311 1 1470
418247 1 495
419228 1 1136
419809 1 474
424066 2 71
424976 1 67
428321 1 904
428784 4 825
433057 1 160
433335 1 235
435624 2 117
439568 3 540
440683 1 1052
440809 3 239
449254 1 1160
450030 6 360
450918 3 864
451626 8 1245
451923 1 1032
453100 1 237
457336 1 421
457439 1 476
457709 1 208
461574 1 453
465127 3 319
467063 3 810
467365 8 699
471216 1 98
471563 1 169
474771 1 237
475167 1 1640
478368 3 109
478571 1 365
481702 3 538
482479 2 809
487211 2 525
489706 4 463
489981 2 493
490130 1 507
494252 5 579
503128 1 534
504028 2 995
511096 3 106
513411 1 186
514586 1 515
514598 2 1158
514599 1 640
514601 1 658
514749 1 668
518567 1 141
519052 2 426
519755 1 1501
522378 3 392
526210 1 74
