56849 1 316
57156 1 375
57937 1 285
58983 1 504
59027 1 430
60192 1 736
61372 1 447
63046 1 610
64013 1 355
64016 1 454
64879 1 453
67472 1 673
69991 1 413
71332 1 690
73218 1 458
74650 1 350
75815 1 372
76071 2 499
76204 1 464
79013 1 449
80389 1 518
80526 1 273
80983 1 254
81728 1 897
81828 1 568
82996 2 1136
85178 2 529
88980 1 301
90679 1 510
90685 1 435
90885 1 523
94720 1 355
94839 2 376
95849 1 440
97172 1 562
99545 1 362
100689 2 444
101242 1 442
101841 1 403
106871 1 128
106970 1 263
108190 2 562
110245 2 213
112844 1 273
113000 1 489
113288 1 194
116577 2 435
118345 1 204
119647 1 851
121274 1 502
121889 1 884
121891 1 363
122832 1 143
122939 2 363
123098 1 804
123100 1 278
123403 1 419
124132 1 371
125792 1 299
126134 1 600
128991 1 356
137333 1 742
139167 1 361
140605 1 499
141033 1 203
141817 1 354
142824 1 378
143507 1 442
144559 1 349
147348 1 361
148826 1 359
149448 2 686
150615 1 388
153796 2 339
154542 1 146
155158 1 601
157003 1 240
158298 1 223
158873 2 422
159948 1 387
160525 1 73
161130 1 561
162836 1 417
163719 1 406
165442 1 652
165822 2 518
168236 1 532
169014 1 537
170033 1 376
170883 1 407
171104 1 264
173634 1 388
178237 1 823
178708 1 111
179002 1 629
179244 1 509
180327 1 253
181318 1 463
182660 1 585
182966 3 525
184302 1 748
186018 1 174
186775 3 422
192398 1 344
199315 1 113
199329 1 743
200141 1 690
200704 1 224
202665 2 446
204875 1 211
208504 1 540
208737 1 360
212765 1 344
214184 1 295
217694 1 408
218835 1 382
219675 2 533
221920 1 270
223803 1 197
224560 2 181
229361 1 295
233048 1 309
233485 1 384
238789 1 66
239236 1 523
242918 3 416
246874 1 647
247594 1 251
251380 1 237
253334 1 583
255040 1 535
257695 1 603
259555 1 443
260922 1 1149
262699 1 70
264273 1 423
264287 1 1026
265770 1 171
267715 1 560
267739 2 437
267740 3 643
267774 9 728
268303 1 6782
268537 2 719
268675 1 195
268684 1 1023
268700 1 1236
269094 3 949
269699 2 1880
269711 1 982
269757 1 394
269759 1 426
269996 1 6852
270290 1 253
270718 2 1300
271393 1 1530
271429 3 6214
272459 1 322
272723 5 3135
272824 2 276
273395 1 174
273646 1 137
274011 1 135
274026 1 283
277043 1 381
277352 2 539
277654 1 1416
278086 1 186
278194 1 208
278197 2 466
278303 1 79
278305 1 511
278586 1 220
278638 1 566
278677 1 335
278889 1 266
278900 3 333
278902 2 1403
278956 1 206
279021 3 131
279144 1 81
279215 1 716
279229 1 2024
279328 1 400
279581 2 1043
279696 1 130
279857 2 264
280057 2 311
280286 1 325
280325 1 110
283209 1 1947
288774 2 666
288932 1 226
289176 1 108
289598 3 743
289840 3 1890
290256 3 30074
291921 1 995
291932 1 554
292334 1 1135
292377 2 302
293195 2 245
293366 3 263
293927 2 250
297206 1 299
298204 1 134
298451 3 260
298970 2 1060
299193 1 524
299910 1 170
299920 1 97
300108 1 153
300109 2 310
300191 2 151
300196 1 115
300207 1 99
300221 1 1865
300279 1 761
300362 1 301
300381 1 195
300527 1 151
300723 1 287
301011 1 129
301268 1 183
302314 1 1363
303710 1 990
303734 1 25485
304520 2 104
304900 1 498
306546 1 219
307501 1 798
307995 1 178
308175 1 129
308186 2 36306
308187 1 51551
308274 1 1186
308923 1 3318
308929 1 12027
308977 1 3318
308983 1 12027
309384 1 2349
310830 11 583
310941 3 318
311379 2 555
311742 1 547
311953 1 230
312207 1 613
312282 2 202
312380 4 1774
312381 4 1725
312452 1 911
312738 1 260
313057 2 1111
313486 1 1091
314643 1 475
315100 1 598
316219 1 475
316320 1 1885
316351 3 4224
316384 1 272
317892 1 1123
317896 1 768
318063 7 228
318534 1 1576
319089 1 300
319369 2 307
319823 2 443
320004 1 107
320123 2 1698
320134 1 123
320258 2 391
320284 2 125
320287 3 215
320586 3 624
320774 1 138
321106 1 2061
321189 1 248
321960 2 496
322106 1 219
323596 2 1487
324546 1 413
325244 1 1009
326376 1 310
326658 1 183
326737 7 241
327055 1 1108
327412 1 484
327998 1 183
329209 1 5843
329619 3 341
329724 1 895
330568 1 520
330735 3 1778
331116 1 391
331411 1 1632
332122 1 1096
332181 8 7521
332187 1 300
332703 1 153
332714 6 4448
332716 1 2505
333319 1 925
333320 2 3441
333366 1 229
333608 1 297
334153 4 616
334154 2 214
334155 11 2864
334157 1 217
334403 6 1991
334404 3 422
334514 1 140
334515 2 218
334743 1 253
334744 1 336
337667 1 160
337688 2 242
337805 1 168
338191 3 640
338261 4 1289
339037 2 581
339040 1 885
339057 1 336
339574 1 137
339768 3 1068
339772 2 2617
339865 1 631
339870 2 230
339985 1 176
340118 1 171
340120 8 252
340347 3 450
340394 2 324
340401 1 118
340567 6 702
340604 2 387
340689 1 441
341443 1 456
341635 2 1311
341679 1 633
342367 1 1475
343582 3 1621
344502 4 2141
345129 1 345
345426 1 1778
349335 8 260
349339 2 397
349444 1 832
350035 1 504
350050 1 2984
350055 1 2601
351763 1 178
352317 1 2997
352612 2 335
352626 1 7519
352720 1 1298
353468 1 1091
353893 2 490
354017 3 880
354125 10 313
354137 1 613
354356 1 154
355829 1 208
356097 2 301
357559 6 335
359693 1 416
361056 1 913
361162 1 119
361283 2 937
362654 1 410
362689 2 181
362722 1 159
362723 1 136
362760 1 125
362761 3 209
362988 1 105
362990 1 101
363290 1 146
363291 3 134
363404 1 136
363433 1 205
363437 1 191
363647 1 146
363788 1 113
363791 1 145
363941 1 294
363969 1 216
364005 1 100
364020 2 510
364029 2 522
364035 1 136
364603 1 297
364613 1 119
364632 2 157
364785 1 232
364790 1 545
364933 1 592
365015 3 1038
365124 1 143
365676 1 95
373525 1 111
373834 4 44460
374145 1 1450
374229 1 765
376279 1 197
376386 2 9418
376454 1 462
376521 1 544
376610 1 7750
377197 1 8628
377216 2 311
377386 1 361
377608 1 546
378045 1 1346
378118 1 336
378246 5 690
378549 1 530
379096 1 649
379102 2 228
379343 1 124
379356 1 138
379461 1 2219
379611 1 132
379684 1 132
380309 1 172
380386 4 279
380602 1 263
380774 2 331
380906 2 1249
380960 1 1362
381435 2 204
382897 1 214
383262 1 132
384475 1 737
384651 1 5256
384987 2 947
385255 1 470
385426 2 920
385566 1 464
385762 1 845
385923 1 618
386039 3 486
386050 1 142
386191 2 882
386192 1 344
386195 4 570
386197 1 141
386201 2 315
386202 1 203
386203 1 510
386205 1 217
386213 1 113
386315 5 608
386319 3 254
386322 1 173
386324 1 168
386335 4 342
386411 2 191
386413 2 172
386431 1 459
386435 1 321
386436 1 489
386465 1 200
386493 1 301
386690 1 328
386859 1 381
386883 2 232
386886 1 236
386899 2 439
386910 2 356
387030 1 153
387032 1 224
387035 1 135
387051 1 208
387119 1 119
387121 1 301
387132 1 359
387231 1 414
387261 1 255
387353 1 241
387368 1 480
387410 3 154
387490 2 182
387541 2 1368
387555 3 199
387569 2 252
387572 1 166
387588 1 190
387660 1 307
387668 1 426
387674 1 134
387683 1 221
387689 1 168
387824 1 101
387922 1 177
387923 1 457
387934 2 218
387943 1 646
388016 1 93
388023 1 189
388100 1 316
388980 1 278
389090 1 117
389099 1 137
389134 1 82
389587 1 235
391224 4 2755
393550 1 30891
395525 1 221
395640 1 17885
395662 1 974
396117 1 972
396632 1 38
397358 1 651
398469 1 785
399495 1 681
399611 2 638
400717 1 57
400913 2 17082
401152 1 461
402783 1 642
403132 1 406
403834 1 295
403966 1 439
404127 1 342
404426 1 109
404458 1 528
405519 1 66
407429 1 330
408146 1 468
410155 1 410
410910 1 60
411320 1 941
411667 2 670
412914 1 417
415033 1 775
415667 2 109
416237 1 269
416680 1 373
417374 1 937
418767 1 204
420087 1 597
420948 1 924
421008 2 1032
421113 1 442
421306 1 339
423797 1 1718
424497 1 534
426262 1 835
427994 1 472
428476 1 110
428860 1 501
429407 1 186
430890 1 238
430891 1 244
430916 1 286
431128 2 396
431514 1 304
431647 1 439
432259 1 864
432675 1 576
433673 1 868
434487 1 656
434815 2 221
436026 1 297
436425 3 696
438481 1 233
438883 2 295
439520 2 487
440006 1 231
440503 1 83
441092 2 122
441720 2 1152
442077 1 236
444075 1 302
446614 1 2556
446854 2 1126
449446 1 106
449534 1 73
450057 1 500
450407 1 445
450811 1 375
452251 1 487
452650 2 659
453239 2 76
453739 1 874
453744 1 438
454269 1 1028
454358 1 889
454440 1 754
455829 1 293
456737 1 127
458972 1 425
459283 1 1967
459309 3 3239
459408 1 114
459562 3 1138
460106 1 444
460763 2 705
461131 1 537
461459 1 412
461656 1 680
463075 1 654
463188 1 136
463690 1 208
464228 2 104
464409 1 234
464592 2 657
465026 1 2155
468009 1 1190
468377 1 407
469420 1 244
469808 1 595
470662 1 408
471291 2 686
472253 1 585
472923 1 478
474803 1 536
476739 1 38
478220 1 688
478853 2 2131
478903 1 1210
478904 2 2131
478979 1 328
479040 2 1614
480072 2 391
480123 1 480
481350 1 138
481391 1 311
481690 1 684
482687 1 340
482729 1 482
483408 1 73
483409 1 33
483414 1 50
483415 1 53
483645 2 701
483653 1 1992
484372 1 367
485254 1 369
485757 1 108
487646 1 250
488055 1 341
488861 1 188
489163 1 303
490259 1 505
491233 1 387
493755 1 537
493966 1 56
495184 1 1240
497071 2 142
497309 1 512
498227 1 357
498598 2 334
498782 1 208
499430 1 1585
500074 1 528
500171 1 253
500652 1 681
500733 1 1890
501370 1 334
501374 1 241
502610 2 864
502753 1 199
503343 1 127
505310 1 169
505705 2 329
506899 1 153
509105 1 316
510825 3 1162
517760 1 494
517761 1 362
519782 1 546
520547 1 679
520629 1 156
521895 1 578
522008 1 479
523102 2 461
524418 3 523
526008 1 366
526156 1 459
526362 1 368
527673 1 280
18 5 537
31 50 12233
32 72 9957
33 136 19382
297 8 284
355 1 427
357 2 480
410 1 277
492 4 204
527 3 262
597 1 477
598 2 630
600 9 268
601 9 485
621 3 331
625 2 218
629 2 383
639 7 638
642 2 400
643 9 474
646 7 558
841 1 203
847 1 349
849 9 477
962 7 601
1011 1 300
1026 4 673
1095 10 516
1097 6 381
1098 2 173
1192 2 171
1417 2 320
1488 4 486
1489 15 424
1490 3 222
1491 7 462
1492 4 271
1493 8 346
1494 6 334
1495 3 247
1496 3 124
1497 8 394
1499 1 156
1501 1 182
1502 2 291
1503 1 175
1506 2 191
1535 2 321
1540 6 402
1560 1 318
1637 26 1889
1646 39 55438
1726 5 586
1730 2 490
1731 1 186
1733 2 457
1773 8 582
2133 3 704
2200 6 531
2223 1 464
2633 3 450
2922 4 321
2951 2 545
2973 8 3886
3051 2 522
3089 1 514
3170 6 355
3224 3 360
3245 5 406
3251 3 2288
3267 1 113
3320 1 340
3340 2 366
3460 5 252
3466 5 534
3579 3 323
3826 4 345
3973 11 328
3974 11 480
3975 7 492
4054 6 313
4083 2 83
4119 1 547
4338 15 16989
4360 3 362
4421 10 5382
4619 6 653
4620 3 367
4666 1 294
4815 2 496
4916 34 414
4917 68 562
4943 1 413
4951 3 329
4963 33 2208
5085 17 2119
5094 12 450
5216 8 401
5218 4 268
5232 2 548
5318 1 472
5495 15 321
5554 1 180
5763 1 400
5828 3 298
5857 7 386
5868 9 394
6272 3 370
6345 4 382
6367 17 17463
6414 4 720
6418 5 578
6430 11 475
6565 1 190
6651 10 383
6657 3 295
6677 1 335
6764 2 424
6805 4 301
6936 12 553
6938 3 251
6942 3 707
7112 2 173
7195 1 454
7280 2 584
7354 3 483
7537 2 214
7556 2 259
7640 1 373
7653 6 367
7729 8 394
7915 1 189
8148 14 17754
8188 1 173
8203 2 543
8204 2 477
8229 1 260
8405 1 335
8854 3 238
8925 1 368
8959 1 231
9165 8 1486
9166 125 17203
9174 8 429
9288 1 216
9289 7 574
9296 9 475
9381 5 385
9382 1 196
9389 4 199
9401 3 630
9405 3 551
9576 6 196
9679 3 234
9713 1 237
9869 5 363
9870 4 152
10121 3 2473
10225 3 297
10466 5 510
10470 9 477
10475 7 483
10476 6 393
10477 6 221
10486 9 462
10508 9 418
10631 1 243
10785 3 489
10857 24 5056
11030 6 376
11188 34 387
11222 3 346
11285 3 274
11292 1 280
11296 4 181
11315 1 320
11350 1 337
11351 6 315
11456 11 457
11575 3 567
11649 2 288
11669 1 230
11737 4 3608
12186 1 467
12310 17 481
12523 4 320
12525 3 539
12529 4 391
12603 3 465
12709 42 20008
12719 6 529
12720 2 397
12951 4 296
12984 2 421
13004 3 328
13062 2 364
13163 2 218
13201 2 402
13230 2 450
13342 2 375
13348 3 345
13379 2 323
13417 1 342
13720 1 330
13797 4 232
13823 4 3071
13829 4 388
13912 5 17501
13918 3 210
13965 1 263
14065 1 201
14167 2 404
14197 1 244
14259 2 262
14260 4 470
14409 4 190
14446 3 428
14624 5 320
14819 1 152
14920 1 128
15116 7 373
15133 3 491
15205 4 497
15260 9 469
15300 14 357
15318 9 358
15331 2 390
15384 1 502
15536 2 301
15563 26 937
15581 3 343
15585 4 592
15647 1 274
15805 3 222
16132 2 431
16245 3 298
16438 2 393
16444 4 614
16457 8 468
16642 5 269
16791 5 199
17868 8 532
18432 3 342
18434 5 427
18436 2 294
18466 15 446
18467 7 505
18473 9 456
18487 9 450
18552 2 202
18712 2 440
18721 3 364
19391 2 586
19403 18 1950
19446 1 221
19448 2 496
19458 1 389
19699 3 456
19705 2 401
19706 2 364
19776 2 405
19939 5 431
20006 5 652
20091 2 308
20113 4 246
20152 3 473
20240 1 404
20263 9 513
20405 4 249
20480 3 309
20482 6 377
20775 1 247
20885 2 631
21140 5 463
21410 5 374
21414 7 390
21434 2 487
21438 3 298
21476 9 527
21614 67 32241
22341 5 433
22483 3 214
22484 1 255
22714 3 554
22828 3 579
22901 2 324
22908 11 484
22969 3 469
22980 3 365
23049 4 616
23461 6 306
23638 4 671
23686 2 354
23695 1 471
23934 4 596
23939 3 591
24238 3 226
24602 1 219
24679 1 434
24830 39 1792
24924 5 384
24947 6 392
24956 3 372
24957 3 449
25131 4 511
25218 17 9144
25243 1 422
25244 12 1229
25348 3 524
25353 4 792
25389 16 530
25406 11 513
25407 3 208
25408 6 370
25409 3 466
25419 9 465
25424 12 539
25447 6 615
25448 8 374
25449 7 246
25454 11 486
25656 14 15042
25747 1 573
25748 2 562
25979 2 282
25988 2 190
26064 10 938
26141 3 494
26265 6 497
26340 1 483
26542 16 7045
26550 1 293
26714 2 147
26834 1 575
26911 11 2559
26986 3 615
27331 9 223
27344 1 4421
27492 3 521
27496 4 614
27498 4 367
27661 3 723
27690 7 579
27728 15 723
27862 24 504
27863 17 551
27945 2 484
27971 2 330
28468 2 280
28638 16 1872
28641 3 503
28660 9 332
28837 2 391
29079 5 410
29080 3 300
29082 4 256
29374 1 562
29492 2 432
29534 6 470
29548 3 1421
29553 4 244
29561 6 277
29566 2 270
29567 1 241
29568 8 251
29569 6 221
29570 4 440
29571 2 166
29621 6 448
29856 4 306
29980 3 298
30119 2 445
30120 5 422
30231 4 245
30446 114 12899
30511 1 392
30512 3 508
30518 1 486
30901 106 6266
30904 1 594
31161 6 375
31369 2 731
31491 2 284
31496 1 676
31629 17 21435
31709 14 414
31713 1 503
31751 1 620
31823 5 652
31846 30 5130
31908 2 428
32623 11 567
32840 13 187
32955 1 513
32958 2 504
33139 1 239
33238 5 285
33239 5 331
33240 7 514
33241 1 286
33242 1 314
33244 4 448
33245 1 295
33248 2 355
33320 4 125
33502 3 296
33615 1 448
33888 11 324
33903 12 1985
34037 8 622
34187 3 599
34198 4 464
34473 11 267
34696 6 423
34722 14 13257
34732 15 9225
34843 2 237
34847 1 518
34851 10 460
34855 1 200
34856 1 245
34989 2 471
35114 47 5397
35123 13 877
35124 11 728
35223 16 365
35621 8 457
35794 3 298
35840 8 634
36036 8 617
36039 2 541
36040 1 501
36041 1 121
36147 1 767
36328 10 521
36329 6 214
36330 4 460
36334 1 343
36335 6 382
36336 1 437
36338 1 337
36340 1 567
36391 35 10294
36498 12 20156
36609 4 473
36623 9 600
36625 3 550
36634 2 459
36649 5 550
36650 10 411
36658 3 449
36671 11 551
36701 2 316
36752 9 306
36802 48 29903
36960 3 295
37028 2 501
37117 1 358
37553 4 465
37659 12 434
37742 5 469
37998 4 451
38519 17 1592
38604 1 628
38688 21 2505
38750 9 237
38751 4 173
38766 1 493
38767 2 748
38769 1 701
38770 1 428
38780 2 562
39184 5 432
39196 47 2333
40167 5 819
40359 14 4913
40414 5 342
40610 7 371
41030 3 298
41045 4 331
41170 11 436
42317 5 409
42637 3 321
42640 5 397
42965 3 296
43039 1 358
43110 3 413
43295 35 5265
43640 19 18238
43826 2 364
43881 13 590
43882 7 403
44138 1 530
44199 8 758
44223 2 406
44293 10 583
44366 35 12535
44442 1 1495
44832 4 207
44897 3 448
45006 106 6265
45348 3 298
45729 1 525
45730 1 843
45739 2 833
45740 2 944
45760 4 454
45780 1 337
45834 6 438
45917 16 6305
45929 17 453
45947 18 11759
45998 1 290
46028 6 568
46029 9 573
46030 6 515
46031 5 509
46032 2 554
46644 12 638
46645 10 996
46713 2 190
46722 4 312
46827 1 441
46917 100 10490
47276 2 626
47351 2 249
47582 7 608
47642 146 11472
47786 24 2387
48183 3 413
48882 4 3961
49003 10 512
49007 6 532
49009 6 293
49010 3 352
49183 1 300
49206 4 311
49223 4 285
49394 7 26545
49429 3 535
49434 2 333
49965 1 144
50474 3 193
50502 2 568
50504 1 188
50505 1 398
50510 4 433
50682 40 32839
50683 14 9266
51120 3 432
51265 3 297
51365 1 271
51411 4 378
51474 3 565
51678 2 118
51716 10 467
51717 8 249
51718 5 219
51719 7 244
51720 10 357
51721 3 299
51722 1 395
51851 6 343
52163 3 391
52214 61 64459
52286 1 304
52334 2 458
52519 6 720
52678 15 15365
52738 2 596
52835 6 986
53096 42 6232
53633 3 298
53746 5 660
53994 134 4216
54035 19 485
54444 2 2249
54506 1 283
54595 5 281
54808 2 1045
55023 3 387
55024 5 276
55160 5 494
55161 3 168
55223 10 685
55358 2 466
56849 1 316
57156 5 375
58103 3 169
59027 3 430
60192 2 736
62064 4 4939
63046 5 610
64013 1 355
64879 2 453
67472 2 673
69991 5 413
70425 2 823
73218 4 458
75815 2 372
75931 2 461
76662 3 2416
77608 4 115
78236 4 245
78650 1 639
78865 2 190
79013 4 449
80389 3 518
80526 1 273
80983 1 254
83657 1 923
84070 1 521
84197 1 597
85178 1 529
85820 1 740
86633 1 439
88643 3 600
88980 1 301
90679 7 510
91227 2 245
94679 1 454
94908 1 468
95701 1 72
95849 1 440
97172 1 562
98246 2 363
99154 2 223
99545 1 362
100215 5 103
103339 1 185
107312 1 702
107697 1 518
108190 3 562
111528 2 560
112313 1 546
115041 4 403
115814 1 453
116450 4 122
117697 2 449
118183 2 324
118345 1 204
119647 1 851
121078 3 172
121274 1 502
121889 2 884
122939 1 363
123098 1 804
123100 1 278
124132 1 371
124634 10 693
125792 1 299
126746 7 239
128991 4 356
132096 2 118
134318 2 746
135040 6 1266
137333 2 742
139167 2 361
139760 2 623
140605 1 499
141817 3 354
142137 3 2201
142141 13 7912
142733 1 558
142824 2 378
143165 1 380
143507 1 442
144277 1 404
144559 1 349
147348 1 361
147386 1 431
148826 1 359
149448 1 686
153939 1 651
154298 1 302
155158 1 601
155706 24 6252
156547 1 368
159948 1 387
160926 1 608
161130 1 561
161503 1 552
161766 3 109
163356 1 1127
163719 1 406
165442 1 652
165822 4 518
166687 3 54
168236 2 532
169266 1 761
170033 1 376
170846 1 78
171104 2 264
172216 3 58
172911 2 771
173634 1 388
176625 1 146
177040 1 530
178153 1 295
178237 1 823
178713 3 266
178986 4 1910
178996 2 5818
179750 1 320
181318 3 463
182660 2 585
182959 2 745
184302 2 748
184346 1 126
184423 2 506
186143 1 294
187384 2 486
187564 1 336
193594 2 139
195389 1 413
196392 1 552
198945 1 523
199315 1 113
199329 1 743
200141 1 690
200704 1 224
202049 2 621
204897 1 474
206462 5 176
208504 2 540
208506 24 6627
208737 1 360
212230 3 126
212765 1 344
213012 1 490
213212 1 472
213482 5 413
213977 11 492
214056 4 249
214184 2 295
214588 1 1113
218835 3 382
220514 1 61
221516 1 192
221915 1 504
223478 1 755
225274 1 805
225917 1 342
225934 1 361
226700 2 515
227438 1 361
230050 1 283
232272 3 426
232708 1 195
233485 1 384
235938 4 1146
236245 1 457
239172 1 182
239481 1 160
240492 2 355
240535 4 44
240952 1 139
241554 1 663
242633 1 466
242918 2 416
243224 4 591
248994 1 493
249504 2 682
250028 1 562
250304 2 97
250316 3 2368
250325 2 6286
252272 2 249
253443 4 390
253592 4 389
254317 1 499
254526 3 598
254708 1 345
255040 3 535
256800 2 387
257695 1 603
258168 1 113
259084 1 320
259476 1 257
259555 3 443
260922 2 1149
261868 2 278
264273 1 423
264287 1 1026
264642 4 167
264849 4 152
265810 3 16729
265813 2 4655
265816 8 25803
265845 1 17259
265854 1 21100
266443 1 151
267123 2 526
267195 1 2601
267558 3 5952
267740 1 643
267774 1 728
268028 1 3609
268303 3 6782
268362 1 154
268668 4 2736
268684 3 1023
268802 2 794
268964 1 364
269711 1 982
269760 1 729
269996 4 6852
270253 2 1776
270718 1 1300
271178 1 313
271258 2 1713
271393 1 1530
271429 1 6214
272470 2 283
273122 1 79
273395 1 174
273477 1 255
273964 1 147
274026 1 283
275391 1 238
275611 1 251
277108 1 985
277654 1 1416
277984 1 231
277986 5 700
278063 1 370
278068 1 308
278075 1 281
278086 1 186
278134 3 454
278267 1 279
278425 2 336
278465 2 313
278638 1 566
278677 1 335
278729 1 290
278889 1 266
278900 1 333
278956 3 206
279009 4 2526
279215 3 716
279229 5 2024
279328 1 400
279499 1 154
279955 5 798
280177 3 1112
280619 28 11500
280730 2 107
281538 1 139
284040 1 221
284169 1 218
285546 1 806
286583 16 19748
286584 7 9180
287143 1 2195
287817 1 370
288693 1 193
288701 1 557
288909 1 315
288923 1 280
289024 2 1031
289072 1 127
289161 3 1120
289222 2 123
289321 4 1755
289348 14 18428
289732 4 4132
289840 1 1890
289924 1 2273
290037 2 1937
290104 1 642
290114 2 1887
290256 14 30074
290440 1 15196
290443 1 4140
290465 10 15747
290735 1 132
290777 5 181
291147 2 218
291921 1 995
292216 1 271
292614 1 425
292746 1 3411
293307 1 4234
293613 1 3261
294967 4 7544
294977 2 316
295867 1 348
296535 3 897
296571 2 478
296827 1 132
296841 1 341
297206 1 299
297265 2 321
297291 1 186
297518 1 462
297720 1 136
298451 2 260
298970 1 1060
299193 1 524
299778 6 5938
299910 1 170
300109 1 310
300131 2 1044
300221 3 1865
300279 1 761
300350 3 938
300474 3 1449
300522 1 334
300561 1 184
300782 1 1688
301268 1 183
301318 1 265
301321 1 196
301865 9 18367
303658 1 202
303710 1 990
303734 6 25485
304900 2 498
305573 1 192
305874 5 5512
305916 5 4660
306052 2 3462
306237 6 26903
306284 3 21202
306349 1 425
306469 3 787
306546 2 219
306657 1 581
307453 2 49380
307501 1 798
307995 1 178
308186 48 36306
308187 1 51551
308246 2 20735
308365 1 3266
308513 1 8438
308553 5 8271
308603 2 1440
308684 3 826
308859 9 5677
308919 1 13545
308923 1 3318
308929 2 12027
308947 5 16976
308953 1 14138
308973 1 13545
308977 1 3318
308983 2 12027
309001 5 16976
309007 1 14138
309292 2 351
309301 2 137
309384 3 2349
310554 10 1709
310766 1 2955
310961 12 1904
311214 10 3439
311283 1 2799
311929 2 9534
311953 1 230
312380 1 1774
312452 3 911
312673 2 3397
312734 2 894
313057 1 1111
313133 2 140
313314 1 225
313486 1 1091
314083 5 5179
314703 1 146
314822 4 6501
315100 2 598
316219 1 475
316320 1 1885
316340 3 208
316351 1 4224
316384 1 272
316698 2 319
317324 1 339
317862 3 2336
318473 1 75
318534 1 1576
318833 1 167
319000 1 232
319089 1 300
319165 2 872
319369 1 307
319578 4 3245
320123 1 1698
320167 5 716
320196 1 576
320247 11 10051
320248 6 13098
320258 4 391
320481 1 456
320738 2 196
320774 1 138
321649 1 532
322106 1 219
323596 1 1487
323701 1 701
324270 1 88
324546 1 413
325140 4 1850
325147 2 814
325244 1 1009
325742 1 218
326129 7 67196
326376 1 310
326658 1 183
326728 3 2187
326861 1 1001
326888 2 1419
326926 1 1227
326943 2 1419
326971 1 899
326980 2 5042
327055 1 1108
327088 4 2360
327122 7 16929
327123 7 16927
327161 10 2446
327349 26 8654
327384 4 19585
327386 1 3284
327394 5 22044
327407 1 18061
327412 1 484
327753 1 345
327809 7 182
328006 1 191
328119 2 106
328134 1 378
328506 9 4280
328910 2 1786
329159 3 263
329208 2 9390
329209 1 5843
329407 6 7463
329493 1 7227
329568 2 4961
329569 2 7587
329619 1 341
330319 2 4031
330699 1 171
330735 8 1778
331120 2 209
331411 1 1632
331736 2 596
331737 2 114
332122 2 1096
332181 5 7521
332703 1 153
332716 1 2505
333319 1 925
333320 5 3441
333349 1 175
333449 16 248
333608 2 297
334155 3 2864
334744 2 336
334980 1 247
335587 1 177
335896 2 383
336050 6 261
336432 5 172
336637 2 294
336719 3 6871
336862 1 1187
337197 5 183
337543 2 1220
337798 2 210
338191 3 640
338261 6 1289
338649 9 7414
339037 1 581
339040 1 885
339273 1 400
339617 2 780
339700 1 198
339768 1 1068
339772 1 2617
339865 1 631
339870 1 230
339874 1 280
340275 1 183
340426 4 1473
340428 1 320
340525 3 226
340537 1 192
340567 2 702
340604 1 387
340771 1 302
341635 1 1311
341679 5 633
341848 1 301
342214 1 177
342367 1 1475
342607 1 259
342863 1 247
343582 2 1621
344061 1 80
344502 1 2141
344516 3 274
345124 1 593
345129 1 345
345241 1 151
345426 1 1778
346414 3 398
346529 1 293
347075 1 340
347837 1 63219
347869 3 47445
349242 3 149
349288 1 209
349339 1 397
349476 1 144
349597 1 868
349626 2 189
349658 1 1312
349994 6 8773
350021 2 6267
350024 1 843
350050 1 2984
350055 1 2601
350479 1 11696
350496 1 14081
350941 1 138
352626 3 7519
352818 1 2195
352929 4 2417
352941 4 2417
353095 3 1425
353316 3 1787
353481 1 540
353541 1 1648
353975 8 3081
354450 4 8639
354696 2 1416
355829 1 208
356142 1 243
356368 4 1417
356647 1 243
356775 2 284
356807 2 287
358200 2 5800
358337 3 2826
358338 2 135
359004 1 620
359152 8 9815
359479 6 3524
359693 2 416
359721 6 180
359736 1 140
359838 1 115
359842 3 324
361283 1 937
361911 1 211
362223 1 130
362654 5 410
363127 1 293
363292 3 226
363647 1 146
363863 3 576
364020 4 510
364029 4 522
364035 1 136
364603 1 297
364785 1 232
364790 5 545
364933 2 592
365046 2 200
365372 1 870
365388 2 1152
365793 1 111
365804 1 1340
366759 1 150
367547 1 125
367735 26 666
367791 4 2239
367904 1 148
367990 1 98
368021 14 203
368580 3 915
369168 1 330
370239 1 297
370243 1 377
370260 2 836
370355 1 641
370372 1 814
370392 1 534
370399 1 999
370425 1 1206
370511 1 238
370521 1 524
370525 1 1576
370561 1 233
370598 13 2392
370647 4 1225
370683 1 671
370692 1 356
370705 1 650
370831 1 364
371055 5 1137
371062 3 386
371079 1 1113
371178 1 787
371721 6 4737
372026 1 1195
372278 4 28092
372406 17 14595
372887 1 497
373775 3 559
373834 34 44460
374014 8 80805
374131 1 3358
374379 10 9608
374967 2 4003
374974 4 12901
374978 4 4182
374994 1 13993
376386 7 9418
376405 1 535
376454 1 462
376610 1 7750
377197 10 8628
377216 1 311
377391 4 1571
377448 1 4232
377529 32 2696
377560 2 6597
377579 4 2239
377608 1 546
377609 2 426
378071 3 7768
378358 9 3937
378549 2 530
378728 1 141
379096 4 649
379297 1 90
380602 1 263
380774 1 331
380960 1 1362
381592 4 1704
382042 1 362
382681 1 706
382845 1 563
382857 1 1022
382858 1 1209
382870 1 694
382881 1 855
382897 2 214
382911 1 919
382913 1 584
382985 5 800
383004 1 420
383059 1 807
383060 2 541
383136 1 124
383387 1 132
383754 5 5970
384408 2 230
384471 1 176
384585 5 2617
384593 1 207
384651 4 5256
385182 2 2730
385426 2 920
385486 4 6673
385566 1 464
385732 1 450
385762 4 845
385961 3 522
386039 1 486
386205 1 217
386322 1 173
386335 1 342
386413 1 172
386435 3 321
386690 1 328
386810 1 396
386861 1 735
386883 1 232
386947 2 614
386972 1 2852
387051 1 208
387121 1 301
387231 1 414
387368 1 480
387462 2 515
387660 1 307
387668 1 426
387943 2 646
388113 1 425
388115 7 402
388226 1 80
389042 1 496
389565 5 1929
389587 1 235
389693 1 199
391005 1 273
391109 1 528
391224 4 2755
391729 4 256
391947 1 95
392765 3 1987
392864 2 957
393016 1 238
393356 6 348
393526 4 8178
393548 2 1932
393550 6 30891
393630 8 311
393673 4 10585
393747 5 58177
393969 1 373
395145 2 212
395242 2 23266
395538 2 340
395640 4 17885
395655 3 571
395662 1 974
395675 1 961
395699 1 554
395712 1 596
395947 6 5473
396117 1 972
396230 4 739
396258 9 38258
397358 1 651
397954 2 608
398469 4 785
399495 1 681
399812 1 452
400913 5 17082
401152 4 461
402662 1 715
402960 2 403
403197 1 184
404127 1 342
405267 6 354
405600 1 730
406132 1 1430
407429 1 330
407850 3 415
407902 1 845
408040 2 532
408310 3 1364
408317 1 2578
409526 7 373
410155 3 410
411320 3 941
411328 1 341
411667 1 670
412914 3 417
415007 2 379
415033 2 775
415073 1 1693
415596 1 421
415738 1 497
415888 6 666
417374 2 937
417917 1 202
419447 1 912
420087 2 597
420948 2 924
421113 2 442
421190 2 673
421795 6 451
422270 4 205
423324 1 873
423797 1 1718
425029 2 1746
425319 1 78
427380 1 1429
427835 1 615
427994 2 472
428059 1 412
428675 3 1158
429325 1 486
431335 9 1372
431525 1 1036
432259 1 864
432576 1 78
432675 2 576
433333 1 359
433655 1 77
433673 1 868
434454 1 690
434503 4 549
434668 1 2809
435815 1 532
436425 4 696
436634 1 617
438506 1 437
438962 3 795
439201 1 1171
439996 1 273
440049 3 1043
440503 1 83
441298 1 646
442141 2 518
442172 2 662
442585 1 219
442617 2 1543
443358 1 117
443907 3 779
444129 1 62
446340 1 216
446614 1 2556
447357 3 422
448213 1 326
449012 1 394
450024 1 1047
450057 1 500
450811 1 375
451538 1 549
452251 1 487
452986 1 712
454269 6 1028
454358 19 889
455035 2 1570
456795 1 380
458577 1 341
458972 4 425
459283 3 1967
459309 2 3239
460763 2 705
461131 2 537
461459 5 412
463069 3 1263
463075 4 654
463501 5 248
463690 2 208
464592 7 657
464640 2 759
465026 12 2155
466127 2 158
466359 2 1075
469808 1 595
469954 1 93
470523 2 425
471291 1 686
472448 2 145
472661 2 569
473686 1 530
474128 2 1542
475141 4 464
476211 1 680
478853 5 2131
478903 6 1210
478904 5 2131
478910 1 1718
479040 1 1614
479098 2 455
480149 1 1126
481320 2 932
481349 1 760
482687 1 340
483645 3 701
483653 2 1992
483887 6 1143
484372 2 367
488055 1 341
488883 1 675
490259 1 505
491272 1 593
491314 2 894
493594 2 435
493597 1 188
495146 1 408
495149 1 639
495186 1 620
495249 1 505
495612 1 447
495638 1 376
495735 4 751
495857 1 640
497309 5 512
497622 1 829
499430 1 1585
499442 2 427
499538 1 1354
500733 2 1890
501518 1 305
501846 1 899
502386 1 282
502610 3 864
502690 1 869
506276 1 551
506385 1 404
506414 1 207
506418 2 856
506420 1 462
506457 1 758
506899 1 153
507453 1 368
509105 1 316
509899 1 459
510429 2 286
510825 1 1162
511584 1 363
513911 2 833
513933 1 1044
514290 2 352
516624 1 408
517549 1 408
518649 1 432
519782 3 546
520629 4 156
521895 1 578
522008 1 479
523102 5 461
523369 5 983
524325 1 932
525026 1 376
525299 2 478
526008 2 366
526339 5 2581
