670 1 654
1646 2 55438
6968 7 5837
9911 2 516
9966 1 425
14080 3 442
14091 3 434
14092 2 592
14094 1 791
14098 4 769
14100 9 747
14101 3 477
15049 2 347
15681 2 464
17052 1 670
17080 1 801
19007 5 233
25992 7 230
30646 7 415
30901 3 6266
30939 4 6023
32511 4 378
32512 4 393
33363 6 480
34761 12 379
34829 6 642
35522 4 725
35523 4 487
35524 3 574
35525 1 406
35526 1 434
35527 3 581
35528 3 452
36137 1 446
37638 1 377
37641 3 493
37643 1 483
37644 2 496
38233 4 345
38234 4 513
38577 12 498
38586 3 529
38960 13 412
39829 6 669
39830 4 643
39835 2 814
45006 3 6265
48360 1 504
48400 5 429
48402 4 464
50682 1 32839
50683 41 9266
52214 39 64459
53317 7 5949
54648 1 780
54755 3 595
55371 6 52248
57724 1 887
59261 7 112
59954 15 826
59955 15 262
60597 4 510
61008 1 1058
61179 6 318
61553 10 170
61554 4 161
61716 11 205
64006 1 263
65853 3 164
66375 1 1288
66490 8 186
66547 2 74
69064 4 478
70327 3 646
71560 11 463
71682 1 118
72305 3 27
72395 16 234
75045 15 358
75495 6 987
76384 1 347
79347 13 422
79357 3 806
80042 1 582
80816 9 552
80817 13 510
83667 9 183
84342 6 596
84436 20 435
85298 1 887
86482 8 388
87591 9 643
88689 1 470
90221 1 245
94340 9 592
94343 18 333
95170 7 238
97169 1 492
97469 3 205
98004 4 168
99085 3 585
99353 23 577
99447 12 213
100248 12 329
103537 9 165
104237 6 204
107575 1 965
109035 1 585
109236 1 1222
109488 5 487
110511 17 419
111193 1 1151
113494 5 714
113615 1 707
113621 1 552
114923 19 580
114924 11 549
115362 1 574
116102 5 195
117815 12 514
117816 1 473
117817 3 902
119445 1 642
120152 1 601
121178 4 81
121934 8 179
122804 2 724
123295 1 430
124996 26 536
125153 9 244
128687 1 524
130283 5 508
130524 2 572
131219 2 277
131287 1 569
133559 1 488
135862 21 723
136684 3 120
137422 1 1177
137530 5 363
138475 2 544
141927 5 201
142306 6 190
142532 5 160
143511 10 683
143515 5 71
144709 1 713
147749 3 94
149178 10 207
150842 3 653
150848 1 712
151611 7 203
152937 1 170
153539 10 271
156763 6 577
157941 27 709
158415 8 188
159074 9 238
159300 6 136
162142 1 236
165270 13 266
165446 16 590
168256 17 395
169373 10 204
169480 9 215
169572 10 267
172407 1 598
173455 9 214
174948 10 338
175666 3 368
175852 4 631
176811 1 461
177714 5 732
178819 3 53
178933 4 248
180586 14 475
180905 2 228
182665 2 716
183871 3 58
184415 22 523
187365 6 552
187467 6 128
188306 14 225
188814 5 509
188927 21 675
189155 6 202
190540 14 495
191503 11 328
194818 13 511
197047 3 511
197469 2 667
197701 12 817
202911 7 241
204898 1 282
205708 21 751
205755 22 534
209967 5 267
210769 14 531
212062 2 584
212339 1 441
212510 1 447
212526 2 541
213576 9 325
218558 11 356
218703 25 612
218708 7 806
221717 4 580
222471 4 121
222659 23 548
223415 12 224
224428 9 694
224429 6 532
224784 1 275
225139 1 1108
225911 10 194
228431 13 767
232402 1 264
233188 8 285
234681 1 342
237002 1 537
238482 20 559
242167 8 177
242245 16 224
242270 1 289
242520 2 343
245775 1 501
247740 1 375
248850 13 573
251177 25 494
251310 7 298
251314 6 150
255582 30 836
256270 1 560
257065 20 574
258397 7 190
258853 15 651
258854 1 718
258859 1 632
260197 7 496
260472 22 653
261214 1 415
261912 2 370
261913 11 298
262251 1 636
263649 1 255
265186 3 599
265348 3 582
265822 4 5726
265845 2 17259
268255 10 239
270143 1 185
283344 1 847
286448 1 343
286735 3 2545
286816 10 628
286844 12 398
286850 18 326
286851 6 474
286985 3 5408
287031 8 1635
287087 3 1458
287135 2 2433
287310 5 723
287896 1 776
287997 2 419
288010 1 129
288076 10 238
288127 4 368
288137 9 364
288145 22 697
288147 1 191
288207 3 1121
288564 5 724
288613 1 179
290435 5 8814
290465 1 15747
294099 1 774
294108 3 234
297919 1 1235
298889 2 418
306237 2 26903
306261 17 385
306273 7 344
307290 8 307
307432 8 404
307433 1 394
307439 10 990
307453 37 49380
307756 1 615
307859 3 238
308789 16 3638
308827 16 3641
308919 1 13545
308973 1 13545
314871 1 269
314914 1 269
322179 1 410
325362 9 206
325402 10 941
325423 6 358
325441 5 290
325513 14 949
326017 1 342
326111 13 533
326140 1 269
347420 2 1196
347837 89 63219
347869 11 47445
347870 1 1104
347932 6 875
348013 13 606
348015 3 397
348023 12 852
348029 12 2308
348038 4 1846
348040 20 1458
348051 16 1546
348054 13 834
348057 6 898
348150 1 619
348761 4 365
348762 4 823
348764 28 701
348765 16 409
348766 22 424
348768 4 823
348850 12 751
348851 30 576
348852 27 851
349994 1 8773
350477 2 4214
350496 5 14081
352185 5 154
357323 8 5269
360182 1 2961
360324 1 444
368011 1 674
369427 2 600
372086 10 409
372088 9 566
372089 42 769
372236 8 198
372258 16 4260
372278 16 28092
372279 3 5420
372281 6 5554
373020 9 334
373029 2 1467
373035 2 597
373055 4 752
373073 4 727
373095 1 477
373099 5 153
373156 4 242
373161 13 453
373162 8 426
373164 19 693
373173 15 357
381990 1 3050
383727 7 595
390352 1 499
393090 2 1466
393788 9 351
393796 5 219
394739 1 304
394763 27 849
394765 6 348
394898 35 26758
394956 10 405
395242 2 23266
396345 1 745
396563 1 2512
397799 40 764
398046 1 1608
399351 1 868
400066 34 629
403444 3 474
404931 24 420
405541 8 343
406049 2 1791
408576 1 1601
409255 2 139
409269 8 766
410066 10 167
410857 18 421
411732 4 82
413062 12 829
413277 5 92
413384 60 1154
413484 14 680
413601 24 535
414218 2 444
414809 4 511
417152 1 93
417612 16 289
420749 4 355
421100 13 705
421143 46 707
422263 2 146
425130 5 784
425161 23 438
426106 1 356
428335 13 395
428632 14 1472
428655 2 681
428701 8 1013
429145 2 890
429637 1 1172
430190 13 884
431153 7 877
431668 18 648
432195 4 68
433089 2 89
433452 21 615
433737 20 1502
434631 8 529
434721 24 376
434812 4 866
434956 9 192
435430 3 454
436205 2 605
436228 12 278
436315 99 2987
436423 3 334
436740 1 2252
439280 12 318
440727 11 394
440728 4 267
443671 10 140
444047 1 809
444146 34 536
445809 14 382
446609 10 602
447318 7 208
448631 3 511
448942 16 231
449377 1 1998
449880 1 118
450117 14 1019
450538 2 377
450739 34 556
451333 20 464
451839 16 789
453008 11 471
454242 1 397
454424 7 179
455622 7 124
455675 1 879
457037 6 1087
457905 9 315
458016 1 126
458018 17 518
458126 5 387
460589 1 1106
460758 8 1301
461829 1 928
461883 17 250
461887 3 774
463234 8 213
465299 18 509
465406 5 171
465582 40 833
466574 9 120
466821 3 732
467732 4 271
468815 17 437
469018 3 522
469581 8 350
469813 12 331
469879 7 261
470539 2 955
472338 20 450
472650 18 577
472929 20 294
474212 2 574
474244 9 88
475162 1 502
475590 1 1120
476267 13 326
477203 4 252
478741 38 819
478751 28 408
478788 43 802
478843 32 658
478874 27 990
478876 78 2623
479404 5 64
479912 1 195
480090 32 656
480254 83 2758
482216 1 193
482577 8 156
482942 3 718
483416 5 68
483633 6 1071
484847 21 542
488534 9 762
488894 1 1436
490193 10 422
491179 16 606
491264 1 2438
491458 2 556
491782 29 656
492012 8 691
493042 19 310
493116 1 218
493768 1 3829
493821 9 322
493872 10 332
493937 10 330
493938 29 694
493939 35 638
494786 5 341
495178 19 474
496835 9 127
497013 2 2261
501391 1 458
505334 2 260
505723 26 774
508844 7 155
509884 25 671
511313 20 884
511965 1 632
512872 3 101
513985 4 595
515571 6 108
516240 2 53
516374 1 607
516492 5 105
517087 9 633
517107 7 126
518671 6 191
519356 7 142
519523 11 244
520384 1 2192
520609 20 1617
521477 2 198
521869 9 388
524606 23 720
525606 1 2915
525636 1 642
527708 1 711
528126 4 282
6115 1 846
8494 1 233
9968 1 648
10447 3 271
12985 2 7361
14339 3 5421
17052 2 670
17058 2 752
17080 1 801
17238 1 499
17240 1 399
17263 1 497
17265 1 542
17328 1 493
19861 1 432
20610 1 2790
20806 1 436
20809 3 624
20810 2 353
20814 1 13056
20815 2 3591
21614 6 32241
21756 1 4056
24243 1 275
26403 1 298
26941 1 499
29391 4 411
29393 2 763
31153 1 288
31463 12 660
31468 3 524
32579 2 508
35522 1 725
35527 5 581
36137 2 446
36550 1 486
36552 2 603
36553 2 260
36556 1 13014
36557 2 3638
37326 3 556
37334 2 380
38234 1 513
38235 1 535
39829 2 669
39835 1 814
48360 1 504
49394 3 26545
50682 12 32839
52214 8 64459
53781 7 171
55371 4 52248
68555 1 419
83979 1 300
88689 1 470
90708 1 421
95824 1 590
104383 2 736
131219 1 277
141771 2 82
160899 2 130
164627 1 464
175666 2 368
178933 1 248
186840 1 330
187838 1 119
194989 1 249
197040 2 934
197995 1 147
200092 2 249
204619 1 128
206733 1 481
209483 1 249
222471 1 121
226460 1 73
226494 1 264
242792 1 790
246174 1 176
258859 2 632
258860 2 789
260832 1 300
262465 1 202
265810 11 16729
265816 5 25803
265845 14 17259
267880 9 294
282169 2 569
282611 1 2559
286816 2 628
286985 4 5408
288147 1 191
288206 1 487
289920 3 7272
290435 16 8814
290440 18 15196
290465 7 15747
306237 5 26903
307290 5 307
307432 6 404
307439 2 990
308251 1 587
308253 12 539
308597 5 3201
308798 6 2343
308919 4 13545
308973 4 13545
321197 6 555
321734 2 385
325501 1 244
325513 6 949
325570 1 1333
326140 1 269
327023 1 3516
330245 3 4448
335862 1 1395
342639 1 624
344298 2 1201
347837 14 63219
347838 1 6657
347869 23 47445
347870 6 1104
347922 1 386
347928 1 1145
347932 5 875
348015 1 397
348850 1 751
348851 2 576
348852 1 851
349745 1 4074
349997 1 3244
350162 5 440
350163 6 561
350477 2 4214
350496 17 14081
352539 2 525
353700 2 2489
354108 14 1171
357323 3 5269
359404 1 430
360913 1 194
368011 1 674
372088 1 566
372089 2 769
372111 3 376
372258 9 4260
372261 5 720
372460 1 124
373029 1 1467
373156 2 242
374102 3 3236
374578 1 954
374974 3 12901
376972 5 280
381990 1 3050
393090 1 1466
393527 4 4576
393639 2 4255
393796 1 219
393993 1 1799
394103 1 2220
394763 1 849
394765 3 348
394898 6 26758
395640 3 17885
395704 2 796
396345 1 745
396563 11 2512
396927 2 376
397316 2 802
399134 3 899
399348 4 516
399351 1 868
400607 2 377
400913 1 17082
401491 1 445
402369 1 890
402586 2 549
403628 2 78
403710 7 1562
405541 1 343
406018 1 62
406049 1 1791
406571 1 619
406941 1 346
408163 1 1283
408576 1 1601
409255 1 139
409607 2 66
411073 3 1155
412886 1 1399
413399 2 1022
415635 1 363
418243 1 797
419027 1 103
420195 1 150
420749 1 355
425467 1 433
428632 2 1472
428915 1 145
430245 1 572
430921 2 759
431153 1 877
431472 1 124
431720 3 381
433176 2 515
434333 1 439
435430 2 454
436423 1 334
436740 1 2252
436899 2 712
437726 1 863
437912 2 755
439779 1 387
440728 1 267
441413 3 802
443945 3 324
448706 1 599
450346 1 752
450603 3 930
453397 1 480
455664 1 301
455675 2 879
456856 1 1052
457456 3 763
457604 1 483
458016 1 126
460029 1 1835
460589 1 1106
464003 5 1357
465068 3 662
465338 1 464
465440 1 405
466345 1 590
466665 1 964
468223 1 1174
470834 1 388
472922 1 1340
473847 1 872
475590 2 1120
476331 1 1792
476823 1 425
477123 1 695
477300 1 807
477470 1 918
478710 1 660
479625 6 1163
479656 2 788
479912 2 195
480090 1 656
481298 1 1019
481511 2 569
482940 1 1009
482942 2 718
483180 5 646
483909 1 942
484003 1 796
484026 1 77
486422 2 78
486911 1 599
487684 1 990
488894 1 1436
489620 1 450
489825 3 742
489911 1 326
491018 1 359
492245 1 354
493374 1 266
493768 1 3829
494130 21 2012
494481 1 359
494989 3 831
497502 1 92
497620 5 447
501931 1 300
502094 1 490
502109 4 1005
502701 1 357
503556 1 1049
506085 1 1772
506465 1 398
507016 1 575
509631 4 1055
510210 1 631
512281 1 215
512946 1 397
512961 1 469
513863 1 984
514074 1 487
514167 1 1540
514598 1 1158
515067 2 752
515068 2 835
516055 2 963
516852 1 372
519344 1 304
520350 1 2178
523488 1 219
524042 1 422
524104 1 691
524913 1 641
525486 1 945
525880 2 766
139 1 310
670 1 654
1119 9 595
3391 3 280
3394 3 282
3397 3 291
3400 3 291
6115 1 846
6968 5 5837
8494 1 233
9737 3 543
9967 1 341
10447 2 271
10723 1 212
12052 4 412
12677 3 534
12682 3 383
12759 3 363
12985 8 7361
13439 1 442
14339 4 5421
15027 33 500
15028 27 452
15029 22 571
15030 28 420
15031 35 641
15032 21 323
15033 7 293
15049 1 347
15139 3 575
17058 1 752
17080 1 801
17217 2 246
17245 1 506
17269 1 385
17295 1 592
17355 1 500
17356 2 496
17456 2 114
17644 3 543
17785 7 420
19650 4 352
20582 3 539
20588 3 556
20806 1 436
20809 4 624
20810 1 353
20814 2 13056
20815 3 3591
20843 3 269
20846 2 180
21614 1 32241
21756 1 4056
23562 27 536
23576 3 360
23594 1 347
23599 2 500
23609 1 586
23613 10 241
23616 6 366
24243 1 275
26240 2 502
26304 6 340
26306 19 508
26403 2 298
26941 24 499
26943 16 223
29393 1 763
29929 3 324
30019 3 546
31081 15 482
31120 1 558
31153 1 288
31468 1 524
33381 1 878
36137 2 446
36550 2 486
36552 8 603
36553 1 260
36556 2 13014
36557 4 3638
36571 7 733
36873 16 2234
37326 1 556
37334 1 380
38233 1 345
38234 5 513
38235 4 535
38244 7 265
38949 2 644
38964 1 547
38990 2 600
39007 1 429
39811 17 525
40043 4 1943
40671 1 326
41531 3 546
42013 3 195
43675 3 544
46681 2 423
47046 3 550
47048 3 563
48608 1 398
48814 1 305
48949 3 569
49686 3 517
50022 5 290
52356 27 384
53219 27 370
53317 5 5949
54645 1 524
54648 1 780
54664 3 569
54665 11 506
54667 2 315
54696 3 337
54799 1 6492
55371 3 52248
55956 1 680
56125 1 679
58745 1 1019
60872 1 277
61008 1 1058
64006 1 263
64281 1 206
66375 1 1288
68338 1 457
70130 1 138
86758 1 199
88573 1 233
90708 1 421
93283 1 635
98809 1 432
101528 1 296
104383 1 736
105661 1 195
108248 2 109
111193 1 1151
111704 2 200
113618 1 634
113665 1 126
119510 1 664
123295 1 430
125596 1 124
127130 1 446
129073 1 225
130323 5 148
130505 5 147
132771 3 364
133559 1 488
134713 1 199
135753 2 202
137422 1 1177
141341 2 427
142571 1 502
143198 1 201
147749 1 94
149157 1 121
150326 3 228
152901 3 96
152911 3 175
153440 1 112
156451 1 214
156911 2 193
160598 3 172
162142 1 236
163538 1 359
164484 4 607
167140 2 627
168776 1 195
169423 3 235
170568 1 411
174451 2 164
176862 2 103
177232 1 268
177848 2 41
183942 1 110
187164 3 278
187838 1 119
188561 2 494
189094 2 45
189112 3 49
191185 3 168
191731 4 560
192641 4 143
194989 2 249
197040 3 934
197041 2 461
197043 2 542
197045 1 613
197047 1 511
197048 3 998
197995 1 147
198671 1 45
198819 1 241
200092 2 249
204619 1 128
205440 1 40
209483 1 249
211046 1 334
213576 1 325
216750 1 139
216994 2 605
219483 1 222
221867 2 186
223093 2 250
224502 1 128
224641 1 144
225086 1 384
226271 3 238
226460 1 73
226494 1 264
228345 2 172
228572 2 189
229811 1 401
238747 1 93
242573 2 185
245775 1 501
245872 1 262
246174 1 176
247740 1 375
249451 1 397
251301 1 498
251608 2 157
254066 1 47
258397 1 190
258895 1 148
259571 1 763
260832 1 300
260968 1 454
261299 2 140
261513 1 394
261534 1 149
262015 1 384
265399 1 413
265810 7 16729
265816 2 25803
265845 2 17259
267196 1 649
268957 1 1697
271382 2 403
272157 1 217
274055 1 154
275921 5 1492
277953 1 204
278445 1 287
280185 1 130
281170 1 165
281427 1 329
282169 2 569
282611 1 2559
283082 1 239
283344 1 847
284143 1 659
285396 1 400
286519 1 713
286816 1 628
287135 4 2433
287698 1 659
287760 1 718
288206 1 487
288207 2 1121
289754 1 3207
289917 1 1112
289920 2 7272
290237 2 3427
290435 10 8814
290440 1 15196
290452 1 1218
290465 3 15747
291688 1 2710
295321 1 90
297819 1 724
298010 2 345
298076 3 2226
298308 1 393
298578 1 106
298889 3 418
300481 1 181
301278 1 268
301865 7 18367
303852 1 396
304978 1 330
305162 1 469
305165 2 461
305272 1 344
305381 1 650
306566 1 300
307290 1 307
307432 3 404
307453 2 49380
308246 4 20735
308251 8 587
308253 2 539
308393 1 647
308431 1 872
308467 1 749
308597 1 3201
308741 1 721
308789 4 3638
308827 4 3641
309009 1 1218
309802 1 89
311305 8 231
314979 3 169
316394 2 336
316784 1 322
317172 4 372
317295 1 358
318974 1 193
319086 1 404
321734 1 385
322051 1 101
324106 4 1854
325282 1 1105
325570 1 1333
327023 2 3516
327055 1 1108
327334 1 434
327543 1 187
328513 1 406
330245 3 4448
333959 1 245
334108 1 104
335862 1 1395
337411 1 302
338372 1 711
339883 1 276
342460 1 718
342639 1 624
344298 2 1201
345398 1 488
346073 1 311
346476 1 270
347189 1 365
347371 1 390
347628 1 298
347837 19 63219
347922 1 386
347928 14 1145
348601 1 203
349695 2 2766
349745 2 4074
349935 2 870
349994 2 8773
349997 1 3244
350134 3 1379
350161 2 1351
350162 1 440
350163 1 561
350296 1 870
350415 5 167
350417 2 192
352539 2 525
353700 1 2489
353959 1 1443
354043 2 3871
359404 1 430
360182 1 2961
360913 1 194
361680 3 2032
366782 6 298
371191 1 256
372258 3 4260
372278 4 28092
372281 2 5554
372460 1 124
373055 1 752
373095 2 477
374102 1 3236
374196 2 3097
374578 3 954
374974 4 12901
380321 1 122
381154 1 168
382121 2 249
387649 3 99
393527 1 4576
393639 1 4255
393677 2 3966
393788 1 351
393981 1 1297
393982 2 623
393983 1 865
393993 1 1799
394064 1 770
394103 2 2220
394765 1 348
394809 3 1375
395704 1 796
395750 1 1399
395849 1 1724
395888 1 1402
395950 1 1711
395958 1 780
395976 1 1478
396033 1 987
396345 1 745
396563 1 2512
396654 2 202
396927 1 376
397199 1 85
397316 3 802
398046 4 1608
398308 3 1048
398519 1 50
398950 2 80
399134 1 899
399348 2 516
399351 1 868
400607 1 377
400777 5 146
401022 4 1213
401326 5 66
401438 3 438
401491 1 445
402019 20 308
402369 1 890
402586 1 549
403505 1 1130
403628 1 78
403710 1 1562
405365 1 617
405542 2 61
406018 1 62
406058 1 1024
406139 2 1011
406571 1 619
406870 1 1503
406941 1 346
407859 2 104
407899 5 509
408031 9 141
408163 1 1283
408230 3 581
408317 1 2578
409607 4 66
410648 1 155
411073 1 1155
411307 4 692
412886 2 1399
413359 1 711
413399 1 1022
413726 8 821
413794 2 70
414113 1 302
414218 20 444
414681 3 685
414729 3 44
414809 1 511
415586 1 383
415635 1 363
416171 6 217
417152 4 93
418243 1 797
419027 2 103
420195 3 150
421100 2 705
421136 4 621
421189 1 2810
422263 1 146
423714 1 267
425467 1 433
425696 3 75
425842 1 1112
425917 5 377
426106 3 356
427064 6 728
427921 1 505
428504 3 40
428632 70 1472
428655 1 681
428720 1 405
428915 1 145
429038 3 150
429145 1 890
429519 1 265
430245 2 572
430921 1 759
431158 1 368
431472 1 124
431720 2 381
432541 1 395
433176 1 515
434305 3 123
434333 3 439
434721 1 376
434811 1 781
434966 1 47
435803 1 41
436459 1 400
436474 3 797
436740 6 2252
436899 1 712
436909 7 82
437587 1 65
437726 1 863
437912 2 755
438724 4 1585
439061 5 323
439115 1 634
439779 1 387
440523 2 680
441413 1 802
441780 2 42
442600 1 397
443273 1 617
443462 1 188
443524 1 116
443945 1 324
444047 1 809
444118 1 406
445809 2 382
447893 2 1551
448706 1 599
449468 1 549
450173 1 92
450346 1 752
450603 2 930
451911 1 474
452124 2 629
452972 4 300
453380 3 222
453397 1 480
454659 4 362
455463 1 258
455664 4 301
455675 2 879
456366 1 82
456760 3 1505
456856 1 1052
457456 1 763
457604 2 483
458701 1 64
459253 1 105
460029 2 1835
461670 2 1031
463319 7 893
464003 3 1357
465068 1 662
465338 1 464
465440 1 405
465582 1 833
465630 2 223
466345 1 590
466665 4 964
466821 1 732
467098 1 127
467777 6 298
468117 2 466
468223 2 1174
469178 1 441
470474 3 110
470834 1 388
470948 1 67
471310 8 707
472767 2 403
472818 1 81
472922 1 1340
473080 5 519
473770 1 1090
473840 12 863
473847 1 872
474212 1 574
475088 1 368
475162 1 502
475590 1 1120
476084 1 586
476250 3 3982
476331 4 1792
476823 1 425
477123 1 695
477300 4 807
477470 1 918
478330 2 77
478710 2 660
479473 1 683
479625 1 1163
479656 1 788
480903 3 574
481103 5 183
481298 3 1019
481511 1 569
482216 1 193
482577 1 156
482940 2 1009
482942 1 718
483180 2 646
483625 3 753
483909 1 942
484003 1 796
484026 3 77
484745 2 271
484765 1 38
485789 1 377
485826 1 788
486422 1 78
486600 2 89
486911 1 599
487138 6 530
487684 1 990
488894 1 1436
489620 1 450
489825 2 742
489911 6 326
491018 2 359
491146 1 964
491424 2 888
491458 6 556
491782 1 656
491988 1 117
492245 2 354
493116 5 218
493374 1 266
493738 1 1161
493939 2 638
494130 3 2012
494388 4 1932
494481 1 359
494786 1 341
494989 2 831
495626 2 351
496013 4 414
496032 3 555
496349 1 93
496720 3 72
497384 1 388
497502 1 92
497513 3 127
497620 1 447
499102 3 798
499343 1 936
500441 2 119
500525 1 385
500526 3 895
500687 1 1308
500934 1 452
501347 1 672
501360 1 528
501391 5 458
501454 1 1275
501573 1 908
501633 2 747
501678 1 907
501905 1 970
501920 1 950
501931 1 300
501965 2 1757
502076 1 367
502110 1 853
502498 3 112
502701 1 357
503089 2 857
503479 3 103
503556 1 1049
503710 2 93
505334 2 260
505991 4 349
506085 1 1772
506366 1 537
506465 2 398
506872 1 640
506940 1 718
507016 3 575
507071 3 995
507961 1 539
509631 4 1055
509884 1 671
510210 2 631
511275 3 206
511490 2 450
511655 2 236
511860 3 565
511947 11 287
511949 1 670
512142 1 1100
512560 1 120
512808 1 556
512907 1 542
512946 2 397
512961 1 469
513143 3 450
513273 1 479
513436 2 1420
513644 2 767
513688 1 782
513703 1 386
513863 1 984
513931 1 1007
514074 1 487
514086 1 692
514167 1 1540
514192 1 671
514336 2 446
514414 1 664
514572 1 1017
514577 1 1027
514894 3 744
515067 2 752
515068 28 835
515108 1 1121
516055 9 963
516240 1 53
516374 1 607
516852 6 372
517129 2 93
519187 9 547
519344 1 304
520350 1 2178
520609 1 1617
521362 7 826
521477 10 198
521799 5 155
522247 1 861
523488 1 219
524042 1 422
524104 1 691
524913 1 641
525202 3 759
525343 1 452
525486 1 945
525606 1 2915
525636 2 642
525747 4 488
525880 1 766
527708 1 711
