10842 1 546
13790 1 541
55375 1 40486
56866 2 1099
62740 1 969
62760 1 583
65232 1 343
65261 1 1039
65356 1 261
67471 1 525
70020 1 433
71142 2 554
72024 1 389
74409 1 385
78325 1 602
79063 2 535
79109 1 847
80381 2 374
80820 1 649
84073 1 1112
85400 1 329
88549 1 384
92106 2 434
95004 1 908
96378 1 210
98724 1 680
100716 1 395
101982 1 560
102888 2 428
103810 1 313
111175 1 608
112265 1 739
112271 1 623
112273 1 765
113486 1 232
114046 1 1512
115515 2 199
115634 1 266
116620 1 819
117139 1 730
122784 1 112
130750 1 766
138142 1 209
146415 1 487
146427 1 832
151503 4 283
153249 1 78
155160 1 224
156524 1 794
159334 1 578
169508 1 340
173044 1 451
173048 1 606
178125 1 404
181465 1 928
182147 1 262
182990 1 739
187580 3 502
188678 1 567
202832 1 611
206367 1 172
206368 1 215
207669 6 253
209508 1 821
213068 1 230
217724 1 364
219129 1 578
222650 1 274
223811 2 680
227511 1 160
231196 1 488
242796 1 406
246325 1 553
246896 1 894
251408 1 142
252872 2 999
254738 1 558
259586 1 267
261059 1 355
267195 1 2601
272462 2 605
287453 1 145
287679 1 850
291941 1 729
292565 1 763
305234 1 835
308462 1 1440
310874 2 2459
311381 1 637
321241 1 968
335716 2 519
350052 1 689
351887 2 1758
352700 1 283
353791 1 230
374040 2 1104
391741 1 419
394685 1 792
397753 1 491
398376 2 522
399724 1 106
400761 1 797
400944 1 371
401633 1 339
401955 1 575
403186 1 471
403435 1 734
404505 1 421
404970 4 311
405189 1 420
405656 3 889
405661 1 525
405865 2 780
408498 3 1152
412339 1 328
413171 1 570
413172 1 933
413444 1 209
413641 6 746
415341 2 35
415728 1 530
416286 1 326
418522 1 255
419449 3 577
419663 1 907
421049 1 849
422643 1 354
423231 1 582
423666 1 1711
423687 1 855
424670 4 419
425148 1 457
425839 1 846
426751 1 954
426794 2 706
427097 3 356
427259 1 404
427897 1 763
428467 1 151
429523 1 668
431464 2 719
431663 1 119
431688 1 812
432603 1 103
433592 1 703
433637 1 501
433722 2 2969
434244 1 813
434885 1 639
435315 2 619
435838 1 472
435904 1 850
436538 1 732
436699 1 491
437325 2 1272
439950 1 416
440450 1 1353
440794 2 734
441963 1 405
442315 1 835
443614 1 531
443616 1 577
443855 1 375
444039 1 573
445673 38 414
446761 1 2497
446770 1 222
446957 1 470
448376 1 397
448427 1 436
448606 1 567
449405 1 86
449476 1 359
451853 1 879
451960 2 668
453547 4 70
453552 22 484
454409 1 364
455770 1 322
456657 1 554
457974 1 441
459375 1 594
459497 1 1160
459727 4 388
460376 2 592
460377 1 918
461508 1 671
461571 1 814
461607 1 155
461823 1 1094
461982 2 792
462526 1 343
462559 1 635
462571 1 639
463264 1 385
463801 1 694
464095 4 1470
464393 1 464
465754 1 1153
466281 1 696
466475 3 3188
466972 1 767
467086 2 783
468035 1 599
468226 1 205
469024 1 156
469653 1 433
469683 5 108
470017 1 241
470735 1 632
470833 1 765
471520 1 949
473114 1 197
473185 1 507
474169 1 279
475277 13 1426
475877 32 516
476217 1 829
477835 2 641
478651 1 730
478832 1 437
478929 1 854
480490 2 412
481258 1 487
481678 1 791
481934 1 909
483034 1 1688
483688 3 553
485429 1 504
487844 3 1075
487938 3 524
487950 1 474
488372 1 168
488846 2 651
488925 1 782
488954 1 194
489353 4 72
489828 1 452
490675 1 925
490857 1 35
491937 6 763
492967 1 476
494135 1 914
497157 7 218
497623 1 446
498708 1 774
499222 1 331
499577 1 313
501568 63 706
501899 1 700
503216 1 616
504465 5 115
504917 1 337
505991 1 349
506106 1 1295
506480 1 177
507223 3 1058
508540 1 443
509519 1 592
511666 1 399
511678 1 867
513795 1 655
514546 1 510
514585 2 304
514950 1 675
515572 1 285
515983 1 533
516507 1 541
516792 1 470
516918 3 537
516922 2 301
517238 1 150
517467 1 352
517707 1 171
518114 1 601
518369 3 608
519009 1 1039
519100 2 470
519986 1 470
520546 1 1283
520941 1 180
521555 3 171
522210 1 627
522352 1 131
522427 1 322
522489 1 209
523201 1 1237
525047 1 471
525585 1 57
525982 1 573
526149 1 346
527035 1 609
1039 61 548
1041 14 388
1081 12 563
3363 15 568
3374 3 420
4855 1 375
5187 4 337
5532 2 556
5649 1 352
5734 5 304
8685 7 331
9350 3 285
10857 1 5056
11036 371 1490
11808 18 489
14269 3 450
17927 1 455
20792 12 464
21150 6 530
21459 46 16007
22755 2 419
23196 8 523
23198 19 540
23199 17 572
23201 24 328
23204 19 444
23205 28 602
26568 13 533
27270 11 326
27392 8 423
30071 14 383
30072 7 434
32128 1 188
32249 18 393
32818 53 716
32821 17 568
32824 53 514
32826 16 521
33271 31 370
33855 1 400
36536 12 488
36703 24 537
36802 1 29903
36842 12 526
40036 43 793
42271 7 570
42772 10 322
42773 16 380
42782 21 415
42797 12 372
42821 10 322
42822 4 193
42823 18 309
42848 11 332
42849 8 271
42850 14 368
43039 8 358
43040 13 333
43042 5 424
43043 10 366
43044 8 442
43048 21 409
43654 1 465
44312 20 461
45055 12 469
45954 1 102
48647 6 535
48987 3 129
49999 1 767
50000 1 605
50002 1 503
50682 1 32839
51167 1 443
52684 2 726
53376 2 404
53962 7 669
55371 478 52248
55372 815 100383
55373 71 2056
55374 55 2263
55375 1074 40486
57479 2 637
59303 4 307
60658 10 417
60661 13 484
60688 41 1042
60842 1 451
61396 1 656
61903 2 76
62064 34 4939
62218 47 931
63175 1 215
64393 9 714
64414 7 529
65857 2 266
67335 2 145
69063 1 742
69513 4 112
70927 1 593
71199 1 473
71803 2 590
72003 1 70
72929 1 78
74415 14 740
75058 6 199
75215 4 105
76220 2 761
76856 1 138
78395 1 730
80337 1 466
82521 4 523
82532 1 62
84530 3 227
85001 1 210
85424 32 849
86201 6 209
86525 9 528
87169 23 500
90712 4 493
90924 3 493
91236 1 143
93140 29 448
93904 2 209
96304 9 615
98711 3 415
99575 7 290
101628 1 77
102441 3 701
102443 15 1023
102655 3 260
103467 6 84
103543 53 3945
103706 3 738
104426 1 195
104491 1 575
104660 13 1580
105074 1 307
106068 5 290
106904 1 101
107135 2 147
107238 1 379
107459 3 94
108564 1 506
109398 1 63
109728 10 500
109794 2 996
110331 1 249
110397 2 692
111013 8 231
111017 16 1270
112273 1 765
112318 70 1463
112557 1 240
113261 10 241
115565 3 233
115808 1 435
117387 1 80
118164 3 160
118683 15 880
118703 50 3995
118783 2 262
119721 6 473
119866 1 80
121353 8 209
121699 5 766
122031 2 152
123187 1 534
124770 1 158
127769 1 219
127809 1 289
128296 2 178
128417 1 183
129032 7 380
129042 24 1214
129174 7 380
129546 16 468
129650 1 326
130775 21 993
133473 2 255
133506 3 226
133722 27 1182
133725 15 540
135020 1 287
135110 2 215
135125 1 767
135152 51 4010
135175 8 451
135179 5 672
135767 3 266
136405 4 291
136613 3 214
136797 3 253
138292 1 127
139312 2 104
139315 24 808
140095 4 537
141775 1 167
142141 28 7912
143520 9 322
145622 8 650
149945 1 498
150038 7 420
150347 2 85
150393 7 429
150803 3 120
150906 4 452
151001 6 203
151144 3 239
151151 3 265
152261 2 173
152367 3 227
153384 2 223
153479 1 265
153489 50 2964
153491 3 619
154791 3 225
155188 18 441
155706 34 6252
157291 2 546
157697 2 206
157814 2 506
160894 4 334
161110 2 514
161392 1 118
162250 6 412
163008 1 78
164013 1 452
164786 9 436
164795 15 906
165609 4 264
166996 2 165
168640 3 324
168741 4 145
168951 5 281
169450 4 508
170246 5 406
171402 2 594
171450 7 679
171603 47 3013
171695 11 474
171904 4 160
172523 1 704
173064 26 964
173065 17 468
173073 8 495
175600 1 229
176231 7 496
176334 3 615
176787 1 516
177590 6 126
177665 1 557
178217 1 255
178420 2 198
179958 2 88
180202 4 935
181039 4 174
181820 3 633
183453 2 468
184801 10 548
184810 1 594
186920 2 103
186955 7 403
187737 45 2927
187749 9 702
187765 16 499
187768 24 759
187827 4 253
188678 1 567
191239 3 159
191782 1 176
193410 2 555
193411 3 606
194103 5 259
194461 1 122
194929 2 358
194930 5 466
196869 1 665
197667 6 344
197951 8 373
198593 1 219
198758 31 976
198764 16 575
199521 1 50
200624 1 134
201342 7 1067
203437 4 91
204754 6 632
206025 12 526
206317 2 698
206406 1 260
206596 1 505
208119 1 231
208506 57 6627
208905 1 323
210128 10 702
211364 23 750
211373 13 525
211939 2 422
213623 1 491
214555 37 750
215948 4 85
216257 17 377
217046 7 257
217189 3 329
217743 8 206
217760 17 508
219065 2 224
219421 4 223
220548 1 192
221544 4 583
222248 33 504
222763 2 675
222870 1 177
222883 1 169
224053 2 254
224350 1 184
224369 4 261
224844 8 633
226326 1 192
226696 60 1219
227444 1 224
229076 5 517
229160 6 220
231631 1 204
231708 1 204
232307 12 389
233641 3 352
233875 2 242
235928 4 363
236503 1 603
236739 5 369
238104 2 185
238612 22 501
240338 4 269
241880 1 537
241984 4 181
243445 1 550
244218 2 242
244643 26 1057
246778 1 117
246791 1 300
246804 1 329
246817 2 77
246831 2 364
246833 1 208
246837 1 350
246848 2 280
246904 4 285
246908 8 232
246910 28 1049
246931 1 383
246935 2 481
246938 1 563
247349 1 165
249529 4 576
249530 3 463
250325 10 6286
251491 3 183
252878 36 577
253360 1 201
253375 2 117
254449 1 437
255689 3 759
255796 5 358
256251 7 388
256471 1 86
256847 1 463
258613 2 190
258641 1 122
258754 1 226
259770 55 794
259877 6 181
260632 1 257
264322 5 527
265033 3 654
265046 1 593
265050 1 497
265474 3 639
265487 1 575
265491 1 478
265810 23 16729
265816 23 25803
265845 4 17259
265854 16 21100
265864 2 1117
266052 2 485
267633 20 1909
267917 2 370
268056 5 929
268084 15 1345
268471 2 888
268522 3 799
268603 6 2073
268646 4 180
268713 1 717
268742 3 554
268749 4 484
269380 1 108
269410 2 160
269565 1 144
269903 4 539
269910 24 673
269926 1 415
270890 3 2870
271329 1 422
272269 160 4027
272646 2 553
272754 1 262
272970 2 287
274590 5 1117
275186 5 690
275947 1 363
276078 4 5007
276172 1 199
276448 1 807
277165 1 258
279096 20 5450
280619 5 11500
280716 1 178
281054 7 1643
281059 1 278
281184 1 140
286201 25 2103
286247 2 1100
286281 3 56
286324 28 1725
286325 27 1086
286329 54 3563
286363 27 987
286392 1 969
286583 39 19748
287068 1 790
287248 2 988
287262 12 1163
287679 1 850
287872 5 693
289538 9 4464
289567 1 148
289750 50 1596
289855 9 590
290050 18 918
290092 37 3017
290142 1 1297
290228 2 467
290465 31 15747
291766 1 401
291823 20 1219
291941 2 729
292145 126 2058
292368 28 1504
292518 51 802
292616 10 482
293003 1 279
293256 5 869
293889 3 1779
293909 1 650
293939 11 1201
294111 3 293
294131 1 190
294471 1 355
294571 2 375
294822 72 1490
294967 10 7544
295096 1 431
296119 5 436
296415 1 200
297706 1 197
297845 1 81
297980 9 2523
298480 2 223
299774 4 307
299778 8 5938
300131 1 1044
300471 5 365
301226 12 3878
301491 1 142
301558 2 294
303734 24 25485
304725 5 3369
305305 1 608
305436 4 3736
305942 3 1243
305980 10 790
306116 45 1894
306284 3 21202
307453 1 49380
307768 8 2443
308513 29 8438
308598 36 5851
308599 1 1094
308686 4 497
308805 1 606
308807 1 509
308905 5 4556
308907 17 13313
308919 11 13545
308947 8 16976
308959 5 4556
308961 17 13313
308973 11 13545
309001 8 16976
310355 1 178
310493 1 1241
310983 4 1249
311299 4 369
311317 1 1857
311448 4 514
311449 1 802
311620 1 186
311626 1 249
311737 2 276
311929 17 9534
312169 9 2117
312312 1 1432
312383 16 3321
312401 5 5388
312702 2 208
312871 3 270
314071 2 306
314076 17 1558
314083 1 5179
314269 2 699
314270 4 4790
314714 1 683
315868 1 1194
316121 1 627
316297 15 5294
317197 1 436
317261 1 101
318169 3 228
318415 11 469
318680 4 262
318991 1 426
320248 1 13098
321037 1 157
321709 1 807
322649 1 202
323809 1 117
325047 2 948
325048 31 634
325059 4 2244
325063 3 2727
325083 50 3507
325149 73 1173
325150 45 2127
325157 110 3262
325278 36 3456
325578 1 2828
326129 11 67196
326979 1 1930
327064 2 1208
327073 3 823
327094 4 3381
327122 5 16929
327123 5 16927
327179 22 1735
327378 1 2246
327384 4 19585
327394 12 22044
327407 3 18061
328506 3 4280
328992 12 5954
329146 4 1964
329208 12 9390
329209 15 5843
329225 9 7875
329226 7 8776
329231 10 7437
329353 1 365
329412 19 7792
329417 5 4601
329569 15 7587
330099 10 6898
330324 1 1971
330511 1 342
331122 1 323
331301 1 323
331432 11 8083
338649 6 7414
339846 3 475
347716 18 1283
347727 4 48
347742 44 583
347752 4 332
347837 8 63219
350168 2 486
351887 1 1758
352450 52 5502
352572 3 3500
352626 9 7519
353975 7 3081
357573 2 206
358337 4 2826
359152 20 9815
360344 1 485
364715 3 2120
366636 2 963
369203 2 207
370043 1 84
371839 219 4897
371898 159 4884
372406 22 14595
373026 1 620
373809 1 88
374062 1 548
374254 3 5056
374272 2 990
374446 3 1527
374489 1 1941
374499 10 870
374520 1 769
374521 2 1273
374974 23 12901
374978 5 4182
374988 1 986
374994 4 13993
376386 15 9418
376610 9 7750
377197 19 8628
377409 83 4687
378071 12 7768
378278 3 2012
378710 32 2896
378868 1 226
379704 4 700
379705 3 502
379722 1 369
379952 5 3817
380547 4 4345
383647 1 330
383933 28 2880
383934 4 1779
384021 6 1503
384318 4 1701
387616 4 2572
388681 4 232
392467 15 1123
393526 5 8178
393550 4 30891
393552 15 2385
393556 9 1773
393559 12 1213
393637 3 2720
393642 25 1018
393673 15 10585
393747 3 58177
394529 4 1705
395798 12 770
395810 1 5761
395860 6 1844
396147 1 5877
396258 42 38258
396290 1 674
396304 1 473
396397 1 408
396450 1 550
396469 3 1636
396506 8 1581
396514 2 904
396563 2 2512
396602 1 1070
396603 2 1074
396605 3 1491
396606 5 1025
396620 1 1546
396649 2 622
397408 2 177
399718 1 1042
402001 1 336
404416 2 116
405211 2 282
405646 4 748
406233 1 226
408067 2 1825
408871 5 230
409454 1 551
410106 1 567
411931 1 782
415391 11 446
415474 3 377
417633 14 407
417670 3 85
418042 2 223
418676 24 833
418679 18 548
419689 1 371
419788 2 585
419998 4 184
422929 2 651
423849 1 448
423850 1 702
436794 1 182
437598 4 554
439950 1 416
440450 13 1353
442841 1 364
443104 1 830
446699 1 614
446761 1 2497
453221 1 494
453669 3 103
454025 12 579
454799 1 343
458428 1 225
460810 5 523
461520 12 253
462436 8 716
462559 1 635
462571 1 639
462925 7 448
463113 2 93
464363 3 198
466328 1 668
467601 5 173
470833 1 765
470865 3 86
474169 1 279
474982 2 270
475016 1 509
475684 2 438
476506 10 333
478616 8 617
480360 1 1733
480807 1 205
480919 1 188
483034 1 1688
484171 1 84
486021 1 1207
486086 11 618
486567 1 614
486883 3 119
487007 6 741
487257 4 500
488083 1 335
488282 1 264
488925 1 782
489454 2 909
489509 1 481
490514 1 863
490686 4 120
491741 7 404
492469 1 979
492500 6 215
492967 4 476
493200 2 472
493664 1 864
494629 2 80
494841 21 683
495070 6 517
495502 2 529
495530 3 503
496212 1 494
496527 3 2015
496554 4 2170
497452 10 822
497645 1 688
498146 1 338
498291 1 1204
498427 1 832
498934 2 799
498968 1 1813
499036 4 726
499193 2 1151
499538 1 1354
499577 1 313
499689 1 783
500815 1 821
501659 1 944
502108 31 1469
503600 1 582
503816 2 735
504265 1 1186
504463 1 395
504577 1 1207
504650 1 806
504802 2 421
504863 1 377
504903 1 941
504918 2 1044
504963 1 1210
505039 1 647
505101 11 437
505206 1 460
505213 1 771
505364 1 405
505462 3 614
505463 3 747
505524 1 543
505571 1 204
505599 1 1063
505616 1 626
505643 2 104
505648 2 1633
505672 1 334
505706 1 807
505711 1 579
505748 3 472
505798 3 1070
505799 1 570
505831 10 643
505903 5 482
505921 1 126
505959 1 550
505987 1 663
506005 1 69
506006 1 62
506034 1 520
506050 1 428
506061 1 1168
506220 1 77
506244 1 1596
506246 1 492
506332 4 443
512868 8 272
513793 1 274
513816 1 367
516053 13 295
519009 1 1039
520546 2 1283
522957 1 1066
525606 1 2915
525989 1 1589
527416 3 834
527455 1 304
528062 4 2803
