33 5 19382
35 1 949
17874 1 287
19161 1 342
20353 1 305
20356 1 559
20357 3 646
20358 1 632
20361 3 494
20365 1 354
20369 18 547
20370 6 570
20381 1 445
20385 16 535
20386 8 543
20727 1 370
20728 1 453
22354 4 444
23213 1 532
31203 1 414
37777 2 294
37779 2 336
37801 1 399
38046 1 356
69308 1 966
86913 1 117
97484 1 437
106434 1 1049
117064 2 177
117617 1 433
153813 7 938
165790 1 596
210590 1 995
227277 1 254
238148 1 923
238152 1 506
242440 1 335
245192 1 271
257005 1 169
263908 1 268
337691 1 1563
396930 2 96
397377 1 279
397839 1 343
398358 3 131
399952 1 1695
400256 6 238
406045 1 226
408209 13 676
410038 1 304
412106 1 245
416464 1 171
418943 6 107
424969 1 65
425591 1 676
427555 3 1809
427561 1 340
435002 2 311
435629 3 641
437068 1 112
437434 1 195
437529 1 552
439859 1 533
444518 3 244
445591 6 1382
447365 2 397
465275 18 542
468760 2 625
472406 1 203
472501 3 477
480096 1 150
481828 3 1145
482272 3 82
493052 1 505
500593 1 203
505533 1 406
506989 1 484
508636 2 487
510947 3 417
511412 1 929
512687 1 805
518012 1 351
518300 1 771
518301 1 770
518881 1 76
