33 5 19382
148 11 3578
1646 6 55438
4421 5 5382
4696 5 4744
10202 5 338
10479 6 427
10909 3 260
11737 44 3608
12541 4 335
12709 1 20008
12985 12 7361
19121 17 442
20369 10 547
20385 8 535
24648 3 471
27387 6 516
29787 7 570
29798 5 641
29802 11 600
29815 9 585
31626 16 427
35510 6 603
35512 10 592
35516 3 428
35579 11 653
35586 6 527
35653 4 427
38880 7 587
41349 5 430
43004 4 374
46917 5 10490
50682 1 32839
52537 6 612
52540 1 785
56857 1 376
57271 1 172
59019 40 997
61978 2 94
62064 3 4939
62849 2 32
63570 2 530
65722 30 752
65742 3 1144
67267 7 118
68320 2 324
69823 1 31
70501 6 594
70615 2 29
70624 2 26
70634 2 26
72368 6 143
81362 2 535
81828 15 568
82996 1 1136
91245 15 431
92978 1 247
95354 2 52
95890 8 299
96461 4 96
101745 3 90
102292 19 514
105319 5 91
107864 4 912
109672 3 389
110554 1 31
110607 15 304
111016 3 458
112305 4 396
112646 2 66
113024 1 382
113963 2 76
114529 12 284
115374 32 896
115447 3 76
115732 2 742
116777 4 703
116815 17 562
118702 9 531
119356 11 161
124122 2 330
126834 3 324
128221 1 212
129286 17 495
132569 1 155
133601 1 511
134607 1 62
136240 5 277
137638 24 495
138420 1 45
140398 1 391
140403 1 1285
141295 2 45
145626 1 335
145988 1 182
148962 1 579
150086 2 493
151871 1 836
151872 2 417
151955 1 65
152510 4 199
153769 4 574
154151 9 605
154345 1 46
158851 1 39
163763 10 234
164807 30 991
165442 3 652
167103 3 71
168701 1 352
169866 1 759
171264 1 363
175460 4 61
176528 6 188
178818 12 249
180614 5 1063
182387 1 60
182493 1 204
183308 4 748
184502 1 554
185867 8 199
186044 2 1888
186281 2 70
186494 2 62
187466 2 2240
187691 3 87
189392 2 805
190234 1 67
191100 4 140
191136 1 683
191350 7 253
192168 5 300
192404 1 562
193812 2 395
194139 2 546
195221 3 110
195516 1 920
196665 3 1336
198096 1 46
199573 1 97
199636 5 130
199785 1 186
199970 3 1265
200738 1 64
201481 3 569
201510 2 1195
205876 1 252
209012 1 526
212178 1 75
214508 1 722
220619 9 447
224435 3 601
226655 1 406
227207 1 304
227671 2 41
228059 3 805
229452 2 50
230385 1 205
230830 7 314
230836 6 276
232009 4 289
232207 3 189
232940 11 710
233802 10 435
236228 1 647
236505 1 518
236764 1 246
241199 5 357
243210 1 57
243252 2 547
244135 1 260
244268 1 303
248836 3 589
251162 1 710
252897 3 810
254327 1 1170
254410 2 405
256905 1 294
260475 19 693
260972 16 5560
261413 3 127
264653 3 412
264860 3 386
265038 1 684
265479 1 665
265813 1 4655
265819 5 2191
265909 2 1283
267855 13 144
268160 1 649
268243 16 259
268244 27 454
268246 7 96
268770 1 692
268950 2 272
269532 20 450
270710 6 211
270781 4 901
272003 2 5868
273724 1 181
274800 2 2171
275154 4 534
275914 2 866
277174 1 278
279008 8 2399
279011 4 1796
279783 1 241
286583 3 19748
287186 3 1580
288303 14 733
288352 10 352
288438 1 1058
288475 20 482
288948 3 209
289765 2 1306
290082 62 836
290146 1 1466
290405 30 1244
290406 1 2246
290465 1 15747
291454 1 1919
291688 6 2710
291689 3 1872
291793 3 2238
292835 3 3737
293139 1 467
293477 2 675
293746 3 282
298507 1 831
298567 1 129
299766 2 370
299877 1 1016
299917 1 212
300104 3 336
300976 2 1441
301865 8 18367
304420 4 311
306112 1 1924
306284 1 21202
306918 2 516
307453 2 49380
307954 2 877
308727 1 1375
308907 1 13313
308947 1 16976
308961 1 13313
309001 1 16976
310622 17 337
311397 18 393
311983 6 134
312383 1 3321
314083 2 5179
314096 1 96
314822 2 6501
316351 3 4224
319017 1 229
320122 2 869
320247 12 10051
320248 13 13098
320327 1 216
325051 6 1863
325631 1 493
326129 4 67196
327122 3 16929
327123 3 16927
327144 3 3260
327349 6 8654
328136 5 893
328506 15 4280
329225 1 7875
329226 1 8776
329411 1 860
329804 4 7586
330086 2 3800
330941 7 303
331238 1 1343
331432 4 8083
331518 5 151
337986 3 2361
340423 1 647
341243 3 802
342193 1 252
344135 5 442
345950 11 1317
346118 2 224
347457 16 2912
347653 1 1658
348122 1 2838
349667 5 483
350496 1 14081
350724 2 786
352155 30 385
352158 30 365
352159 26 413
352160 31 353
352161 24 425
352162 23 418
352296 6 116
352297 7 146
352589 10 1108
352602 33 604
352626 488 7519
352627 19 2778
353700 2 2489
353730 3 718
355136 1 3136
355306 2 306
356079 2 1922
361138 12 352
361386 1 632
363453 2 3056
363965 1 6146
363979 1 421
364108 10 3502
369647 1 543
371681 1 131
371754 45 652
371784 45 652
372328 1 654
372406 25 14595
374112 2 3814
374184 17 9948
374379 11 9608
374777 4 179
374994 1 13993
377129 1 491
377878 5 1428
378006 1 505
378206 18 232
378358 1 3937
378623 3 340
381168 3 3755
383746 1 1388
383754 10 5970
385697 1 247
387169 2 1552
387620 24 1327
387622 3 2512
387868 1 664
393549 3 1020
393582 4 1131
393621 89 1782
393630 23 311
394005 1 447
394331 1 726
394815 1 1142
394987 2 1006
395013 1 345
395061 1 277
395640 4 17885
395707 3 1877
395846 1 3596
395893 1 1550
395902 45 987
395910 1 2095
395983 1 1484
396088 2 3539
396258 1 38258
396359 2 1012
396371 1 966
396513 6 1958
396584 1 116
397512 6 131
398273 4 768
398733 3 88
400119 1 466
400167 3 506
400435 1 125
400463 2 1114
400913 18 17082
400915 6 184
401331 59 1017
401632 15 839
402302 1 571
402385 10 402
402874 6 399
403055 2 315
403398 3 136
403635 23 1022
403641 2 102
403875 5 485
404127 1 342
404859 1 2192
405049 6 382
405817 5 60
407803 2 74
408165 1 1025
408198 1 478
408209 18 676
408231 3 401
408246 1 95
408254 6 646
408256 2 913
408275 4 391
408284 2 461
408286 1 1172
408352 7 400
408532 10 552
409708 1 692
410047 31 1755
410984 2 344
411486 5 1423
412010 9 853
412255 7 829
412384 1 226
412964 1 734
414740 3 581
415023 3 466
415049 6 408
415372 9 218
415650 3 581
416325 49 774
416612 3 69
416916 2 1505
416972 1 387
417296 1 88
417576 9 456
417929 15 479
418009 3 819
418394 7 1124
419599 1 493
419639 1 90
420003 1 737
420623 3 87
420640 47 822
420733 4 652
420757 7 366
420958 1 1098
421151 1 420
421216 32 943
421706 2 108
422538 7 527
422600 3 266
423414 3 954
423423 1 348
423667 45 866
423710 9 86
423796 14 1347
423914 3 112
424633 1 43
425129 3 274
425324 1 462
425854 4 105
425927 4 1166
425930 5 281
427488 2 267
428281 5 370
428799 3 98
428808 1 1324
428970 6 575
429065 5 1484
429303 18 336
429546 7 936
429916 2 508
430333 10 263
430707 1 739
431644 12 364
431728 4 164
432469 1 169
432499 62 1458
432539 5 391
433002 17 573
433389 2 1231
433851 1 1181
434382 7 151
435370 16 442
435512 1 400
435836 1 112
436193 56 1148
436417 4 365
438006 11 220
438479 2 92
438597 3 245
438966 22 595
439058 3 351
439713 1 227
439963 2 189
440801 2 245
441006 4 563
441107 2 489
441170 10 516
441171 1 312
441370 5 67
441533 2 5725
442628 1 430
442807 1 3101
443272 1 367
443808 2 343
444165 3 1839
444179 7 3327
444449 1 954
444561 1 471
445014 2 259
446393 1 304
448976 8 1799
449291 1 129
449728 1 131
449740 7 112
450130 7 280
450705 7 356
451140 3 105
451647 26 563
451663 6 1432
451913 6 581
451941 2 425
452306 9 437
452546 2 1394
454080 1 139
454329 3 723
454509 1 536
454552 6 200
455240 6 428
456985 1 117
457992 4 388
458753 1 460
458934 1 392
459479 13 1842
461353 19 503
461813 3 219
462197 1 160
462282 5 609
462288 16 189
462628 1 92
464252 3 390
466122 3 137
466168 60 1630
466215 6 693
466729 1 1612
466911 5 887
467454 3 167
467734 6 1116
468766 4 117
468880 4 414
469023 6 603
469035 11 516
469225 1 1900
469380 1 443
469640 1 54
469914 8 500
470003 1 670
470004 1 88
472353 2 178
473668 18 630
473864 2 1000
474050 14 1184
474234 6 148
474513 1 504
475358 8 118
475991 3 109
476148 4 204
476444 3 157
476463 13 1017
477824 2 215
478315 3 778
478564 9 681
479370 2 89
480184 4 137
480460 3 395
481010 1 272
483761 10 2997
484096 18 1579
484536 3 332
485697 1 461
487307 1 447
487925 5 279
488101 15 625
488476 1 103
489641 1 980
490287 4 696
492896 2 388
492995 26 428
493454 2 344
494413 3 198
494810 3 103
495635 2 1064
496353 1 667
496375 7 431
497767 18 398
498507 6 377
498925 1 369
499478 1 128
500104 9 477
500538 2 373
501494 1 1078
501923 1 487
502063 3 72
502110 9 853
504059 8 198
504303 43 829
504412 1 426
504782 2 1248
504783 2 1079
504930 1 986
505634 21 496
506918 9 486
507392 26 1088
507578 17 445
507626 4 158
508035 6 104
508101 21 643
508816 1 403
509146 4 390
509550 1 38
509994 1 457
509999 13 659
510511 1 705
510623 1 1344
511841 1 83
511980 9 204
512341 5 170
512788 27 627
514250 1 566
514251 44 1092
514578 1 1041
516921 3 399
517437 1 432
518824 3 474
518965 3 699
519258 1 232
519585 10 303
520347 42 3139
520814 1 1590
520825 47 1005
520963 9 446
521594 4 488
521941 7 883
522317 2 69
522585 3 243
522845 43 597
522848 1 450
523023 1 2860
523040 2 2795
523394 5 102
524231 5 94
525155 1 608
525157 1 1237
526008 1 366
526140 1 330
526389 1 417
526475 1 243
526885 1 603
1280 1 629
1299 1 347
10907 1 206
10908 2 343
10909 1 260
51717 1 249
55685 1 557
55735 1 335
61344 1 231
65722 2 752
70501 1 594
79152 2 828
79689 1 453
82184 4 582
82996 1 1136
84636 1 120
87688 2 422
89099 2 279
89291 3 1016
92451 3 186
92591 3 238
94609 4 446
97318 2 276
99326 1 232
103517 1 121
104218 1 94
104660 8 1580
104720 1 379
107864 1 912
114529 2 284
115374 2 896
115732 2 742
116777 1 703
119484 1 216
121919 1 129
131067 1 292
132569 1 155
133601 3 511
133607 1 504
133613 2 683
134607 3 62
139743 2 1087
142520 1 101
143134 1 187
150086 1 493
153317 1 759
153769 1 574
153828 2 230
155921 1 488
164090 2 90
170311 1 200
170318 1 276
172037 2 399
172795 5 263
172953 1 64
172963 1 81
180614 18 1063
182493 1 204
182965 2 403
183346 1 247
184745 1 389
189392 1 805
193812 1 395
194139 1 546
196665 1 1336
199636 1 130
200737 1 156
201024 1 158
203133 1 235
204684 1 314
209012 1 526
209796 1 532
218873 1 161
218876 2 253
220249 1 373
220619 1 447
221217 3 290
222156 1 754
222951 5 169
226655 1 406
227968 1 522
228059 2 805
229452 1 50
230165 1 44
231801 1 76
232620 3 70
232621 1 118
232630 7 129
236505 3 518
236764 1 246
237391 1 379
242954 1 159
243210 1 57
244135 1 260
244268 1 303
248060 1 603
251162 2 710
252897 1 810
255895 1 177
256380 1 39
261918 2 220
264653 7 412
264677 8 564
264860 7 386
264884 8 538
270620 1 271
270981 1 294
272341 2 344
273137 1 125
276805 4 295
278541 1 360
283331 1 365
285194 1 174
285431 1 551
287186 1 1580
287272 1 225
290931 1 374
292428 3 371
296148 2 376
299561 1 150
300674 2 286
303734 2 25485
306112 2 1924
307453 1 49380
307482 2 400
307954 1 877
308090 1 301
308522 4 1011
308854 1 550
312893 2 459
313638 1 1467
315853 1 186
317094 1 185
317606 1 149
318709 1 348
320122 1 869
320929 1 2061
324099 1 635
326728 3 2187
327135 1 866
327349 2 8654
327720 1 77
328989 5 167
329613 1 813
330698 1 461
335378 1 204
335744 1 200
335832 1 214
337462 1 149
337479 1 149
341243 1 802
341621 1 696
342193 1 252
347457 1 2912
347653 2 1658
348112 8 317
349590 10 1959
350724 1 786
350900 2 205
354980 4 992
361288 1 207
361535 1 216
363034 1 242
364715 3 2120
367930 1 161
370377 3 215
371681 1 131
372328 4 654
372350 1 421
374148 1 924
379259 2 423
382073 1 169
383746 1 1388
383755 1 886
384050 1 182
386786 5 252
387169 1 1552
388599 1 141
389849 4 95
394089 1 453
394402 1 196
395478 1 127
396371 1 966
396599 1 1210
399312 1 186
400119 1 466
400134 1 277
400167 1 506
400434 1 123
400435 1 125
400847 1 633
400915 1 184
400957 1 568
402302 1 571
403055 1 315
403508 1 1193
403584 3 437
404127 2 342
404655 1 326
404973 1 152
405358 1 131
405804 1 514
406601 1 81
406860 1 129
406966 1 147
407250 1 81
407318 1 377
407803 1 74
408081 1 88
408091 10 884
408165 1 1025
408418 1 67
410382 1 680
410442 2 596
410984 1 344
412363 2 324
412722 2 429
412964 3 734
412965 1 157
413614 3 244
414058 1 223
414851 2 147
415023 1 466
415650 1 581
416706 1 235
416854 1 104
416916 4 1505
417651 1 392
418027 1 96
419599 1 493
420301 1 215
420441 1 315
420638 1 128
420756 1 87
420757 1 366
421404 3 420
421455 1 158
422538 1 527
423423 2 348
423674 1 155
424598 3 225
425324 1 462
425924 1 518
425927 1 1166
425930 2 281
426072 1 41
426125 3 184
426352 1 109
426498 1 355
428280 10 344
428281 2 370
428857 1 520
429160 2 120
429303 1 336
432658 1 765
433389 2 1231
433390 3 825
433392 1 411
435512 1 400
436004 1 310
438896 4 972
439963 1 189
440849 1 497
441006 1 563
441107 1 489
441170 1 516
441171 1 312
443771 2 168
443774 1 75
443808 1 343
444270 1 182
444449 1 954
444561 5 471
445315 1 216
445876 1 172
446040 2 317
446334 1 518
446393 3 304
446733 1 657
447694 1 338
448099 1 837
448534 4 447
450468 1 144
451197 1 149
451418 1 432
451663 1 1432
451941 1 425
452242 1 745
452508 1 198
452546 3 1394
454077 1 548
454329 1 723
458983 1 1006
459039 1 160
459040 4 447
459872 6 561
460269 1 168
461320 1 52
463643 1 394
464252 2 390
465267 1 548
468690 1 65
469142 1 963
469225 1 1900
470003 1 670
471125 1 464
471174 5 861
472217 1 132
473161 21 1239
473751 1 222
474513 3 504
475938 1 804
476868 1 181
478924 2 1672
480186 1 498
480341 2 578
480460 1 395
481158 1 540
482455 1 155
483378 1 247
483513 2 116
483570 1 311
484103 1 98
485697 1 461
485891 6 244
486751 1 399
487294 1 79
487307 1 447
489641 3 980
493169 2 286
495947 1 704
498713 1 672
498860 1 289
498925 1 369
501494 1 1078
501923 2 487
504059 4 198
504060 1 122
504412 1 426
506658 2 386
508035 1 104
508816 1 403
509146 1 390
512854 1 107
514250 1 566
514578 1 1041
515896 1 93
517215 1 363
517367 1 125
517488 1 316
519258 1 232
519349 1 372
519355 1 380
519581 3 1386
519962 1 435
520814 1 1590
521533 2 415
521594 1 488
521941 3 883
522684 1 387
522848 1 450
523394 1 102
524279 1 327
524650 1 125
525155 1 608
525157 3 1237
526140 1 330
526317 1 400
527963 1 145
