1698 1 229
8409 2 241
12709 2 20008
13921 1 443
36802 1 29903
36854 4 432
51331 3 184510
52214 5 64459
55371 31 52248
55372 1 100383
55375 2 40486
133988 1 136
134525 1 210
134692 1 276
134704 1 210
135464 1 170
135696 1 115
135914 1 145
136270 1 2241
136663 1 728
139616 1 261
139644 1 286
139698 1 286
140513 1 219
155093 1 424
169641 1 582
170271 1 285
180448 1 198
182908 1 2086
190309 1 754
198203 4 182
214815 2 70
220409 2 288
226226 1 629
244175 1 600
265854 1 21100
267016 1 168
267033 1 2148
267299 2 609
288511 1 1429
291130 1 1424
308724 11 815
308953 5 14138
309007 5 14138
326129 5 67196
327085 1 2494
328136 3 893
339259 3 1119
347869 58 47445
347934 1 11174
349994 1 8773
350002 1 1107
350144 1 2979
350496 4 14081
350643 1 305
373834 1 44460
374014 1 80805
374310 1 853
395129 1 3410
396258 3 38258
414520 1 1012
446733 1 657
449066 2 514
459238 1 1016
527276 1 39
33 1 19382
2208 2 661
2225 2 375
4300 1 439
6675 1 329
12709 3 20008
13861 2 4246
13921 1 443
14831 1 409
15405 2 299
21535 3 507
21614 4 32241
24226 1 406
25268 1 413
27595 1 393
27798 3 937
30446 21 12899
36802 2 29903
37830 14 404
41441 1 342
41471 1 320
42615 1 1062
43649 6 282
43650 8 332
43651 9 421
44366 7 12535
47470 1 445
49394 69 26545
50829 1 457
51331 1 184510
51825 3 507
52214 3 64459
55371 89 52248
55372 166 100383
55375 312 40486
55439 4 419
56178 1 373
56228 3 255
56746 3 223
58372 5 260
58818 4 483
58971 2 568
59975 1 399
60325 8 1164
60588 9 2247
62120 1 307
62940 12 249
63515 4 231
63543 1 476
64406 4 392
64524 1 571
64554 1 351
66242 8 641
67245 2 60
68132 5 715
68310 3 422
69281 1 231
70479 1 62
70723 1 433
72153 8 461
73471 9 171
73681 2 361
74292 2 528
75088 25 553
75090 4 830
75093 1 509
75353 1 607
76703 3 322
76866 3 298
77281 2 552
77396 3 604
77487 4 349
77494 6 992
79361 2 477
79364 22 728
79368 1 351
79369 2 630
79373 5 885
79394 2 147
80830 5 599
81422 4 1068
81495 2 350
81717 13 547
82158 9 177
82346 16 703
83197 1 115
83878 1 258
84087 11 298
84364 16 681
84784 4 456
85658 1 924
86247 2 159
86802 1 2168
87314 2 135
87528 2 102
88020 6 948
88331 7 623
89064 1 200
89774 3 561
89868 4 205
90093 2 400
91675 2 533
91695 7 257
91753 4 284
92045 5 276
92256 5 367
94205 5 230
96352 1 516
97515 1 465
98359 2 757
98584 19 552
98812 2 539
100099 1 197
101607 4 671
101778 23 402
103543 13 3945
104358 2 473
106802 10 487
107197 1 234
107657 9 573
107684 2 737
108237 1 565
108969 4 658
109039 1 1279
109103 1 665
109999 22 674
110143 7 1377
110613 6 418
110781 11 215
110824 1 245
111042 1 681
111127 1 172
111196 1 682
111347 1 631
111588 20 530
112020 4 201
112845 5 727
113900 1 380
116413 4 533
116458 2 201
116633 1 628
117825 1 396
118703 13 3995
118730 5 427
118891 4 261
119667 1 424
120099 1 70
120142 6 280
120429 3 227
122421 3 191
122872 2 140
123164 1 179
123280 1 466
123282 4 300
123290 2 705
124616 2 442
124861 3 524
127070 4 488
129332 1 193
129477 1 400
129544 9 597
130252 2 150
130375 4 181
130659 3 292
131464 4 703
132361 15 511
132718 4 527
133474 5 604
133507 5 1210
133626 2 228
134525 10 210
134704 10 210
135568 1 245
136196 5 277
136270 17 2241
136794 2 306
137392 2 255
139644 1 286
139698 1 286
140132 4 597
142720 2 733
142940 2 261
142952 7 240
143362 5 403
143363 2 518
143368 3 765
143372 19 467
143373 12 1175
143817 5 423
144235 1 164
144718 3 294
145720 2 562
146024 1 105
146225 5 479
146337 2 128
146408 6 298
146745 2 341
146786 1 188
147196 4 339
147203 1 183
147333 1 338
148166 4 397
148696 11 550
149071 3 280
149188 5 633
149252 1 120
149673 1 226
149684 1 191
151328 2 84
151331 4 195
151367 5 207
151580 4 165
151776 3 2223
151986 5 156
152445 4 409
152550 1 326
152648 3 230
152845 1 364
153093 2 571
153250 15 2212
153712 3 411
153968 1 241
154451 3 450
154969 5 758
155023 3 297
155093 2 424
155305 6 546
155384 2 88
155845 7 745
155911 5 429
155989 7 641
158133 1 604
158134 2 385
158137 1 313
158140 6 534
159872 9 530
160018 5 356
160095 9 208
160099 2 360
160100 2 358
160108 1 632
160608 2 78
160689 3 1252
161023 8 316
161486 1 489
162419 7 180
162844 2 506
162845 3 323
162846 1 370
162847 11 357
162848 3 354
162849 4 396
162851 1 488
162852 4 289
162853 4 395
162855 10 314
162856 5 1797
163649 6 527
163781 1 167
163818 4 304
163852 2 357
164297 9 847
165103 1 530
165833 2 162
167747 1 420
167878 1 480
167915 1 263
167932 2 411
167987 2 168
168129 1 97
168131 1 239
168890 2 454
169520 1 154
169644 9 673
169646 1 654
169647 5 513
169651 5 779
169653 5 972
170258 5 159
170265 6 228
170271 3 285
171006 2 663
171031 1 106
171115 2 173
171692 8 462
171745 3 206
171810 16 823
171838 3 232
171843 3 224
171855 4 502
171858 5 938
171861 3 604
172234 6 517
172242 2 171
172429 2 215
173819 2 397
173896 1 233
174061 1 302
174068 7 669
174880 2 227
175313 1 109
175569 1 170
175746 4 226
175925 2 197
176617 8 254
176934 1 369
177344 3 179
177389 3 428
177417 13 1828
177427 2 656
177637 1 275
177647 1 443
177760 1 551
177763 1 158
179923 4 486
180100 3 347
180448 4 198
182013 5 535
182014 18 485
182015 2 210
182016 7 706
182017 4 218
182018 3 197
182019 2 493
182021 6 218
182024 6 414
182025 1 520
182031 1 872
182908 2 2086
183189 3 389
183755 1 157
186862 6 744
188866 6 427
189058 1 585
189226 2 205
190065 4 900
190067 2 535
190271 2 225
190309 2 754
190496 4 461
190497 5 154
190498 5 231
190922 7 763
191730 2 327
192614 13 694
192821 5 437
192875 1 591
193111 10 659
193359 1 108
193681 9 248
193762 1 212
194331 4 314
194396 5 475
194609 3 251
194641 1 135
195250 1 200
195543 3 834
195618 3 236
197264 16 540
198203 2 182
198342 3 76
198739 13 470
199223 2 418
199415 8 483
200388 1 556
201274 1 191
202015 3 261
202994 7 788
203015 6 530
203257 5 557
204502 1 594
205803 4 1313
206537 1 636
206796 4 784
206798 1 683
206986 2 475
207507 9 742
207710 19 1165
209218 1 659
209438 1 219
210234 1 304
211136 1 1346
211532 5 315
212716 5 223
213030 1 688
213217 5 1080
213368 6 761
213369 1 825
213386 2 127
213547 2 213
213680 4 126
214329 6 242
214566 17 641
215058 21 538
215167 4 198
215702 1 189
215906 3 216
217520 7 820
217861 1 657
217864 2 121
218203 5 235
218246 6 175
218365 4 315
218506 2 158
218632 17 628
218747 1 129
219288 1 169
219602 1 233
219769 2 374
219848 1 429
219868 1 238
219936 2 383
219959 1 189
219981 3 191
220203 2 190
220354 2 808
220362 1 499
220363 1 491
220368 2 291
220383 10 965
220645 1 195
220651 3 589
220681 3 537
220832 1 637
220966 1 488
221004 3 356
221005 1 121
221246 1 84
221293 2 622
221312 2 439
221438 1 433
221699 4 417
222019 1 102
222441 1 141
222505 1 837
222980 3 186
223267 1 370
223303 4 485
223322 1 177
223564 3 569
223860 1 335
223996 43 983
224229 2 616
224303 1 97
224781 2 279
225076 1 275
225123 2 309
225135 1 680
225183 3 514
225448 6 712
225565 1 689
225649 2 550
225919 4 423
226151 1 244
226169 1 183
226226 1 629
226267 4 162
226335 1 564
226491 2 1280
227108 2 731
227130 7 205
227517 1 96
228324 1 246
228746 3 204
228787 5 620
228827 9 490
228837 3 285
229069 4 354
229071 6 189
229545 1 538
229551 5 131
229719 2 73
229741 4 585
229746 6 647
229768 1 603
229793 1 780
229795 7 655
229835 3 266
229899 1 230
229924 7 248
230217 3 208
230616 2 285
230704 4 354
231017 4 260
231185 2 1046
231325 1 140
231567 7 137
232001 3 293
232016 4 620
232732 5 444
233246 1 538
233502 2 606
234620 3 306
234845 2 1097
235249 1 258
236417 13 533
237117 1 513
237720 4 588
237731 3 497
237738 4 781
237910 5 364
237971 3 1153
238172 2 412
239758 1 560
239761 1 558
239892 3 1060
240318 3 785
241132 4 287
241329 1 240
241330 4 420
241332 17 489
241333 3 478
241334 2 496
241335 1 502
241336 5 696
241337 3 352
241342 2 330
241355 3 981
241359 9 623
241360 1 797
241368 4 255
241644 4 151
241693 2 651
242063 11 374
242675 7 391
242739 2 296
243402 16 289
243635 1 625
244109 2 485
244111 2 421
244112 2 555
244175 2 600
244339 3 250
244824 2 130
244830 2 183
245003 8 577
245060 3 205
245368 8 391
245632 2 278
245752 2 270
245832 6 282
246165 1 205
246376 24 645
247460 1 230
247585 3 607
247747 1 429
248455 2 349
248646 1 50
248708 3 384
248715 9 312
248716 2 647
248717 7 921
248722 1 281
249067 4 249
249124 6 527
250212 4 208
250528 5 661
250921 2 316
251211 2 415
252622 5 577
253274 8 308
253321 3 148
253604 2 388
254298 8 888
254864 6 390
254945 3 95
255740 10 575
256033 6 244
256092 1 136
256790 1 275
257128 7 344
257428 8 597
257485 2 644
257888 9 964
259042 1 1100
259489 1 788
260540 2 348
260830 1 567
261274 9 597
262291 4 768
262557 3 299
262854 8 516
263083 3 1252
263223 4 156
263422 9 303
263498 5 719
263499 11 549
263500 2 426
263835 4 271
264560 1 374
265031 3 700
265033 6 654
265039 1 419
265046 10 593
265048 5 732
265472 3 675
265474 6 639
265480 1 398
265487 10 575
265489 5 719
265658 5 1134
265795 2 1013
265810 106 16729
265816 124 25803
265845 191 17259
265847 17 5294
265854 59 21100
265938 1 158
265947 1 478
265994 2 2146
266005 1 168
266249 1 1098
266610 1 150
266642 4 774
266955 1 280
267033 5 2148
267119 1 2283
267135 1 234
267195 2 2601
267198 1 3674
267296 14 4554
267297 2 1321
267404 1 872
267633 2 1909
267778 22 5216
267888 5 408
268253 1 791
268303 34 6782
268434 1 659
268716 1 415
268741 3 325
268906 4 1328
268954 1 474
269312 1 305
269537 1 530
269625 1 165
269996 34 6852
270892 1 2204
272269 50 4027
276078 16 5007
276642 14 2816
276911 2 411
279096 5 5450
279631 1 774
280360 2 202
280619 17 11500
281924 6 838
284487 1 1102
284532 13 589
285356 4 511
286199 91 1684
286232 13 2255
286298 14 5354
287167 1 498
287171 1 146
287263 30 583
288486 1 640
289538 23 4464
289613 7 1798
289619 8 2743
289732 33 4132
289809 2 1040
289875 20 3644
290014 1 995
290440 172 15196
290443 16 4140
290465 140 15747
290466 23 7226
290507 4 635
290557 1 261
290686 2 505
290704 1 252
290713 6 1132
290751 2 265
290837 5 2137
291221 9 936
291689 1 1872
291801 1 267
291878 3 323
292146 33 4541
294345 2 120
294501 17 271
295682 9 526
297604 5 1696
299340 5 729
300452 1 606
300782 1 1688
301226 22 3878
303734 44 25485
304525 5 218
305810 1 604
305920 10 1741
305949 26 3411
306237 146 26903
306284 77 21202
307453 34 49380
308513 37 8438
308598 14 5851
308724 6 815
308759 4 2244
308797 4 2219
308905 18 4556
308907 45 13313
308919 113 13545
308922 20 1748
308929 48 12027
308947 65 16976
308953 120 14138
308959 18 4556
308961 45 13313
308973 113 13545
308976 20 1748
308983 48 12027
309001 65 16976
309007 120 14138
309039 1 225
309272 2 200
309414 1 164
309424 1 195
309474 2 181
309508 1 434
309531 2 320
309595 1 162
309679 1 80
309787 1 553
310005 1 218
310562 3 158
310840 289 4335
310901 1 215
310904 1 98
310905 1 125
311205 2 252
311214 11 3439
311929 80 9534
312003 3 287
312401 60 5388
312965 1 116
313759 3 962
316909 2 292
317402 1 121
321558 1 541
324433 1 247
325096 49 5659
325121 16 3700
325129 7 1554
325374 10 3698
325535 15 6095
326123 20 14885
326129 3 67196
326876 1 1150
327085 2 2494
327087 9 2792
327122 69 16929
327123 69 16927
327138 1 626
327384 168 19585
327386 11 3284
327394 88 22044
327407 155 18061
327409 12 3377
327650 2 112
327878 2 272
327944 5 164
328153 4 4232
328497 1 193
328579 1 1003
328583 2 468
328974 1 228
329208 38 9390
329209 14 5843
329225 31 7875
329226 36 8776
329231 42 7437
329236 10 225
329402 14 1763
329407 19 7463
329493 28 7227
329663 6 209
330153 5 175
330681 2 355
331363 1 150
331432 35 8083
332102 1 217
332570 5 352
333544 18 1021
336719 7 6871
337297 5 399
337922 2 303
338161 16 635
345325 4 874
345842 1 360
345846 2 194
346024 2 1920
346977 1 292
347277 2 263
347397 3 217
347517 4 1502
347738 72 2893
347837 52 63219
347869 32 47445
349517 1 2893
349585 22 5219
349994 27 8773
350002 6 1107
350021 11 6267
350140 236 2270
350144 12 2979
350449 120 14072
350477 24 4214
350479 127 11696
350496 146 14081
350528 1 370
350617 1 660
350664 1 170
350721 2 521
350962 3 113
350967 2 878
351059 1 308
351061 2 206
351089 10 508
351100 4 1658
351166 3 568
351276 2 716
351310 8 1107
351379 1 97
351441 3 109
351559 5 254
351876 7 153
352398 1 722
352763 2 255
353262 90 1592
353307 1 123
353639 1 169
354280 1 220
354450 38 8639
355072 62 6755
355382 75 3387
356548 5 167
356958 3 122
357739 3 395
358393 29 6679
358721 4 744
359152 67 9815
359403 4 1353
362105 3 399
362107 5 251
362109 3 326
362110 2 246
362329 1 737
364108 20 3502
367879 12 2971
370130 17 222
371557 3 318
371772 6 4220
372277 1 2439
372354 17 995
372406 23 14595
372595 1 279
373455 1 367
373834 1 44460
374254 21 5056
374310 20 853
374974 108 12901
374994 106 13993
374995 10 4000
375067 1 96
375110 1 132
375351 2 144
375358 3 116
375403 2 546
375444 4 178
375448 1 197
375450 2 285
375452 3 253
375472 1 416
375600 3 547
375602 1 562
375604 6 763
375606 2 730
375614 2 325
375658 4 99
375759 5 197
375778 3 103
375871 5 188
375873 2 295
376011 1 1269
376073 1 242
376075 1 2015
376386 21 9418
376471 1 117
376552 1 163
376610 28 7750
376711 1 3011
376822 52 7531
376892 1 140
377174 47 4120
377197 42 8628
378266 19 7092
378678 1 87
379952 6 3817
381987 26 6233
381990 9 3050
382381 1 159
382383 2 432
384217 1 216
385313 1 125
385676 9 373
386665 1 137
387621 1 1670
391938 1 324
392272 2 496
393021 1 656
393526 36 8178
393527 37 4576
393529 73 751
393550 11 30891
393558 14 2739
393661 77 1147
393747 4 58177
393826 5 2262
394898 8 26758
395242 2 23266
395859 13 3099
395860 5 1844
395905 1 822
396083 2 1301
396202 5 283
396208 3 828
396227 5 544
396239 1 953
396245 3 2230
396249 8 1796
396250 1 828
396251 5 654
396252 11 413
396253 3 881
396254 5 814
396255 3 788
396258 104 38258
397188 1 435
397239 1 731
397922 15 1314
398525 2 537
399462 2 754
399900 1 838
400898 4 910
402826 5 137
403745 3 97
405667 1 448
410816 1 623
410817 3 382
410934 2 545
412187 3 1048
414038 1 977
414219 4 207
415133 2 187
415467 3 515
417438 1 632
421996 1 985
422499 2 202
423324 15 873
424776 2 453
424961 1 146
434454 6 690
437927 2 275
439651 2 4134
440437 1 834
440869 1 38
441551 17 1786
443096 1 96
443493 3 362
444123 2 236
444499 6 879
445082 1 99
445276 1 421
446039 15 755
446304 1 373
446580 2 831
447277 1 779
449487 2 1090
452488 5 1034
452972 1 300
453380 2 222
454767 14 930
455323 6 198
459936 1 345
460187 1 229
462283 1 621
463208 1 897
467063 1 810
467514 7 345
470300 1 107
471082 7 393
471214 1 113
473106 2 74
473142 4 747
474005 2 824
474130 44 2483
481837 2 933
481887 1 245
485825 4 1275
489152 2 373
495494 1 396
495908 2 104
496150 2 347
496353 1 667
497624 5 465
498425 1 907
499883 2 454
501392 1 435
506803 1 846
515413 3 1397
522559 4 643
522918 3 463
525511 1 260
526372 2 738
528099 1 301
528108 3 670
1698 1 229
3198 2 254
6675 1 329
7589 4 249
7590 8 374
7597 2 301
7598 4 304
8409 2 241
11737 2 3608
13921 2 443
16631 3 373
16632 4 359
16633 3 380
16634 2 466
19243 1 205
19245 1 297
19249 5 270
19251 1 277
25133 6 208
30757 4 214
35418 1 256
36854 1 432
41459 1 312
42615 2 1062
43649 6 282
43651 9 421
47470 3 445
49394 26 26545
50829 6 457
55372 2 100383
55375 2 40486
56178 9 373
56228 6 255
56746 5 223
58113 7 615
58745 22 1019
58971 11 568
58981 12 995
59368 3 148
59794 12 358
60325 5 1164
62120 5 307
62940 1 249
63515 2 231
63543 2 476
64406 3 392
64524 3 571
64554 5 351
65025 2 258
65701 6 205
67245 1 60
68132 7 715
68310 13 422
68519 14 404
69088 3 159
69281 1 231
70588 3 123
70723 4 433
71803 8 590
72144 6 653
73471 3 171
73681 1 361
74292 1 528
75084 3 322
75088 3 553
75090 1 830
75093 7 509
75353 9 607
75836 3 73
76011 3 45
76703 12 322
76864 13 453
76866 3 298
76998 3 323
77281 1 552
77494 2 992
77590 20 1024
79358 4 431
79361 15 477
79364 24 728
79367 36 773
79368 7 351
79369 8 630
79373 9 885
79374 4 376
79376 9 431
79394 2 147
80830 3 599
80911 2 132
81422 8 1068
81495 1 350
81717 18 547
83356 5 214
83878 2 258
84087 1 298
85658 10 924
86142 1 486
86146 4 113
86247 1 159
86802 2 2168
87314 6 135
87762 3 327
87874 2 170
88309 3 67
88331 4 623
88762 2 471
89043 8 291
89064 1 200
89774 3 561
89868 1 205
90093 2 400
90174 13 307
92045 4 276
93575 2 355
95680 1 67
96118 1 169
96352 19 516
97224 3 246
97227 13 328
97481 7 257
98052 1 113
98110 3 146
98359 6 757
99790 4 201
100099 2 197
100501 3 444
101607 15 671
101778 1 402
104159 2 385
104358 11 473
105652 3 255
107657 1 573
107684 23 737
108237 1 565
108865 1 174
108964 3 296
108969 3 658
109039 2 1279
110781 4 215
111127 6 172
111347 8 631
111588 12 530
111884 1 232
112020 8 201
113900 5 380
116163 1 432
116413 4 533
116458 3 201
117825 2 396
118730 1 427
119577 2 501
119667 4 424
123280 4 466
123282 2 300
123290 4 705
124616 2 442
124989 4 626
125454 1 51
126777 2 210
127070 5 488
127464 1 247
128297 3 136
128523 3 136
128658 9 447
128920 3 445
129332 9 193
129477 2 400
130250 1 174
130252 9 150
130375 3 181
130392 8 235
130659 7 292
131464 10 703
132361 1 511
132718 4 527
133364 1 84
133474 1 604
133988 1 136
134692 1 276
135464 2 170
135568 1 245
135695 3 478
135696 1 115
135914 1 145
136196 2 277
136343 3 456
136346 21 660
136663 1 728
136794 2 306
139616 1 261
140513 1 219
141642 1 321
142301 1 409
142952 1 240
143362 6 403
143363 12 518
143368 7 765
143372 14 467
143373 10 1175
143817 1 423
143828 2 212
144336 1 328
144718 2 294
144725 1 134
145720 6 562
145794 1 343
146024 7 105
146029 2 276
146225 30 479
146709 2 187
146786 7 188
147196 2 339
147203 9 183
147333 8 338
147830 4 185
148073 14 560
148166 1 397
148696 1 550
149071 6 280
149252 3 120
149333 3 57
149523 3 102
149673 6 226
149684 5 191
151328 5 84
151331 7 195
151367 3 207
151371 3 212
151580 6 165
151594 3 245
151776 1 2223
151995 4 194
152445 18 409
152550 1 326
152648 3 230
153093 20 571
153710 1 288
153712 6 411
153968 3 241
154451 3 450
154969 9 758
155023 2 297
155093 1 424
155305 1 546
155384 4 88
155541 7 274
157743 2 201
157946 2 373
158133 1 604
158134 1 385
158137 1 313
158140 3 534
158142 1 362
158432 4 340
160095 1 208
160099 7 360
160100 7 358
160108 5 632
160608 4 78
160689 2 1252
161023 6 316
161486 15 489
161488 4 157
161793 1 155
162578 3 149
162840 22 1289
162842 13 570
162843 18 669
162844 7 506
162845 10 323
162846 6 370
162847 5 357
162848 12 354
162849 10 396
162851 8 488
162852 3 289
162853 2 395
162855 13 314
162856 31 1797
162857 21 691
163649 10 527
163781 8 167
163818 8 304
163852 1 357
165103 2 530
165104 1 81
165915 1 183
166549 1 91
167518 1 118
167747 10 420
167748 1 225
167818 9 341
167878 1 480
167915 1 263
167932 21 411
167987 11 168
167997 2 433
168890 2 454
169451 5 134
169641 1 582
169644 5 673
169646 1 654
169647 3 513
169651 1 779
169653 4 972
170258 7 159
170265 8 228
170688 1 338
171006 9 663
171810 18 823
171838 9 232
171843 8 224
171855 2 502
171858 23 938
171861 16 604
172599 1 597
173819 1 397
174061 1 302
174068 5 669
175271 10 252
175272 1 423
175313 2 109
176617 1 254
177359 2 72
177643 1 89
177647 6 443
177760 10 551
178052 1 261
178561 2 322
180100 21 347
180448 2 198
180526 1 512
180971 1 191
181757 13 272
182013 24 535
182014 12 485
182015 6 210
182016 12 706
182017 10 218
182018 9 197
182019 5 493
182021 14 218
182024 9 414
182025 6 520
182031 26 872
182205 5 469
182303 15 229
182908 9 2086
183003 13 419
183125 5 206
183189 6 389
183755 1 157
185634 1 112
185639 1 334
186644 5 60
186881 3 237
187313 5 462
189058 10 585
189226 3 205
189998 1 573
190065 10 900
190067 4 535
190271 6 225
190309 1 754
190496 14 461
190497 4 154
190498 5 231
190811 1 222
190958 5 191
191730 7 327
192817 2 212
192821 6 437
192875 2 591
192879 6 279
193111 1 659
193359 1 108
193656 1 44
193681 5 248
193762 1 212
194331 3 314
194396 7 475
194609 6 251
194641 7 135
194896 3 89
195164 24 622
195250 3 200
195543 32 834
195618 8 236
196000 3 71
196128 4 41
197264 12 540
197271 2 183
198110 6 1245
198203 2 182
198342 4 76
198458 2 81
199223 3 418
199410 2 203
199677 1 206
200388 1 556
201014 5 202
201274 3 191
201324 3 1347
201445 3 112
202015 8 261
202994 34 788
203015 3 530
203257 7 557
204350 7 549
204502 5 594
204550 1 686
205249 7 92
205803 6 1313
206484 3 353
206796 3 784
206986 2 475
207507 19 742
208307 19 903
208812 1 291
210234 4 304
210608 1 223
211027 4 167
211136 4 1346
211676 10 304
211815 1 435
212606 2 52
212716 8 223
213030 12 688
213368 1 761
213369 5 825
213375 5 181
213386 2 127
213547 4 213
213680 2 126
214329 6 242
214505 1 73
214738 4 162
214815 1 70
215058 11 538
215167 8 198
215434 3 45
215702 1 189
216415 6 190
216673 1 111
217470 2 318
217520 6 820
217861 13 657
217864 7 121
218203 4 235
218246 4 175
218506 3 158
218632 5 628
218747 4 129
219288 1 169
219574 2 217
219602 3 233
219765 1 72
219769 3 374
219848 7 429
219868 9 238
219936 10 383
219959 3 189
219981 7 191
220354 5 808
220362 3 499
220363 1 491
220368 5 291
220380 1 495
220383 3 965
220409 7 288
220645 6 195
220651 1 589
220681 4 537
220832 2 637
220966 4 488
221004 2 356
221005 6 121
221246 5 84
221293 1 622
221306 2 673
221312 10 439
221438 15 433
221538 6 138
221615 4 81
221699 13 417
222268 8 480
222505 5 837
223007 8 376
223160 11 564
223267 5 370
223303 9 485
223812 1 526
223860 2 335
223951 3 367
223996 1 983
224214 2 228
224229 7 616
224781 14 279
225135 2 680
225183 1 514
225448 4 712
225649 1 550
225658 4 259
225662 2 304
225919 8 423
226151 2 244
226169 4 183
226226 1 629
226335 13 564
226415 5 624
226491 1 1280
226627 2 204
227517 6 96
227522 4 62
228746 8 204
228804 4 1268
228827 1 490
228837 8 285
229069 5 354
229071 3 189
229719 1 73
229741 2 585
229745 30 691
229746 13 647
229768 4 603
229793 2 780
229835 5 266
229899 1 230
230704 1 354
230755 1 1066
231185 1 1046
231567 2 137
232001 7 293
232016 6 620
232732 1 444
233246 24 538
233502 1 606
234620 8 306
234622 4 132
234845 2 1097
235249 3 258
237117 1 513
237720 2 588
237731 3 497
237738 8 781
237910 1 364
237971 2 1153
238043 8 293
238172 8 412
238866 2 513
238892 1 133
239450 4 110
239550 2 268
239758 3 560
239761 4 558
239892 2 1060
240318 20 785
240368 1 292
240571 1 231
240698 1 97
241012 1 114
241132 10 287
241279 2 322
241328 18 507
241329 7 240
241330 14 420
241332 6 489
241333 7 478
241334 5 496
241335 10 502
241336 10 696
241337 5 352
241342 6 330
241355 13 981
241359 11 623
241360 14 797
241368 2 255
241644 4 151
241693 1 651
242638 5 229
242739 12 296
243402 2 289
243635 1 625
244005 6 296
244109 6 485
244111 6 421
244112 7 555
244143 4 349
244175 6 600
244339 14 250
244558 3 276
244824 5 130
244830 5 183
245003 15 577
245060 4 205
245368 10 391
245632 16 278
245752 1 270
245832 1 282
246165 6 205
247272 5 250
247460 1 230
247695 6 150
247747 5 429
247878 1 277
248455 5 349
248523 4 229
248646 5 50
248708 3 384
248715 3 312
248716 3 647
248717 3 921
248722 6 281
249067 7 249
250212 4 208
250528 3 661
250921 8 316
251211 1 415
252553 8 113
253274 2 308
253321 3 148
253604 6 388
253878 2 126
254123 11 152
254298 5 888
254945 5 95
255314 1 214
255740 4 575
256033 5 244
256092 1 136
256590 2 239
256790 4 275
257063 1 369
257128 1 344
257428 4 597
257485 29 644
258569 2 544
259042 27 1100
259483 3 144
259489 4 788
260830 1 567
261274 6 597
262282 2 84
262291 3 768
262557 14 299
263083 3 1252
263223 4 156
263422 8 303
263498 17 719
263499 19 549
263500 16 426
263835 11 271
264560 3 374
264780 1 127
264993 1 113
265658 2 1134
265795 3 1013
265816 1 25803
265845 4 17259
265847 3 5294
265854 3 21100
265938 6 158
265947 2 478
265985 5 104
265987 2 61
265994 12 2146
265999 1 98
266005 2 168
266054 1 184
266065 1 81
266066 1 103
266067 1 123
266087 1 172
266101 1 115
266104 6 194
266134 1 173
266164 3 157
266218 3 106
266240 1 153
266246 17 328
266249 2 1098
266309 1 99
266311 1 103
266323 1 179
266328 1 121
266416 2 52
266489 1 69
266516 1 90
266517 1 143
266518 1 126
266547 9 633
266557 4 90
266559 1 69
266561 3 88
266570 1 82
266576 2 221
266605 1 112
266610 5 150
266612 2 545
266632 3 292
266639 2 72
266640 3 110
266642 2 774
266655 1 108
266660 1 136
266669 3 141
266747 1 83
266749 1 146
266795 4 546
266848 1 185
266861 2 58
266870 1 59
266883 1 477
266891 2 131
266893 26 879
266953 3 1445
266955 9 280
266987 1 109
267016 1 168
267025 1 126
267030 6 726
267033 5 2148
267119 14 2283
267135 2 234
267149 1 82
267156 1 266
267191 2 362
267195 31 2601
267211 37 2117
267248 3 360
267257 1 202
267265 1 178
267296 32 4554
267297 5 1321
267299 15 609
267332 1 168
268303 1 6782
268402 2 310
268447 4 105
268448 2 121
268449 3 154
268450 4 181
268451 2 188
268454 1 198
268455 1 94
268456 2 102
268510 2 110
268906 6 1328
268954 1 474
269059 3 154
269399 1 281
269625 6 165
269626 3 87
269627 2 88
269677 2 211
269742 1 81
269996 1 6852
270276 1 76
270277 5 219
270278 7 244
270892 2 2204
272319 4 161
276911 1 411
278359 1 62
278812 1 81
279631 12 774
279955 1 798
280360 3 202
280619 1 11500
284487 10 1102
284807 5 384
285718 8 248
287171 5 146
287263 2 583
287548 7 204
288486 1 640
288511 20 1429
288524 22 655
288697 1 96
288833 1 139
290014 1 995
290440 1 15196
290443 1 4140
290465 4 15747
290479 1 109
290484 1 62
290485 2 77
290497 2 196
290505 2 343
290507 12 635
290529 1 87
290537 4 95
290556 9 329
290557 14 261
290601 3 157
290686 5 505
290692 1 245
290704 4 252
290713 1 1132
290727 1 114
290729 3 81
290732 2 234
290733 1 99
290748 2 69
290749 2 65
290751 1 265
290778 1 149
290826 4 254
290837 11 2137
290846 1 277
290892 3 81
290896 1 86
290918 2 55
290928 2 111
290930 2 114
291018 1 127
291032 5 936
291042 21 651
291062 1 206
291074 1 151
291083 1 73
291104 4 102
291130 20 1424
291162 7 280
291169 2 111
291191 2 92
291212 1 128
291217 1 131
291221 5 936
291257 1 179
291263 1 152
291337 1 132
291370 1 116
291376 3 104
291393 1 218
291423 1 138
291424 1 161
291441 1 194
291443 3 79
291479 7 136
291483 12 183
291511 1 82
291536 1 202
291801 1 267
292090 1 62
292387 1 122
292973 2 97
292974 7 116
292975 5 185
294501 1 271
297604 3 1696
299659 1 322
299696 1 83
300452 1 606
300655 1 424
304525 5 218
306284 1 21202
307321 10 162
308246 2 20735
308907 1 13313
308919 1 13545
308922 21 1748
308961 1 13313
308973 1 13545
308976 21 1748
309039 5 225
309048 6 569
309130 33 1946
309144 1 203
309267 1 254
309272 3 200
309334 3 142
309346 1 151
309384 25 2349
309414 3 164
309424 1 195
309428 9 205
309429 5 346
309466 6 157
309474 1 181
309508 5 434
309531 1 320
309595 1 162
309619 1 466
309643 4 134
309679 1 80
309682 3 98
309787 5 553
309822 5 130
309879 2 315
309887 5 713
309933 3 261
309959 2 369
309966 1 109
309979 8 107
309985 2 369
309992 6 209
310005 1 218
310028 2 56
310030 2 87
310052 9 530
310060 2 60
310075 6 148
310476 20 581
310562 1 158
310806 4 228
310807 2 103
310808 2 124
310809 2 259
310812 1 75
310813 1 174
310901 10 215
310903 3 115
310904 1 98
310905 1 125
311016 3 185
311017 1 100
311203 2 164
311205 3 252
311206 1 145
311208 12 223
311209 1 128
311492 12 362
311493 1 138
312003 1 287
312965 5 116
313335 8 249
313759 2 962
316712 2 260
316909 1 292
317194 2 92
317255 3 384
317401 1 123
317402 1 121
318763 1 65
319407 17 229
320385 2 83
324433 7 247
325374 2 3698
326126 1 353
326876 37 1150
327384 2 19585
327394 2 22044
327459 1 153
327499 3 485
327534 8 540
327544 2 226
327578 3 297
327591 12 275
327650 6 112
327704 23 2711
327725 1 51
327769 29 2964
327807 1 171
327832 3 956
327873 1 82
327878 2 272
327883 6 89
327944 1 164
327992 5 88
328015 4 342
328028 1 74
328096 1 139
328100 6 250
328113 1 92
328132 2 324
328136 17 893
328138 3 505
328153 37 4232
328260 2 59
328290 3 765
328319 23 1482
328353 10 1513
328492 1 180
328497 3 193
328517 1 413
328579 10 1003
328582 9 324
328583 4 468
328586 1 166
328639 3 296
328670 5 388
328706 2 41
328755 3 286
328776 7 353
328811 2 41
328818 2 301
328843 5 76
328868 2 41
328972 1 109
328973 1 94
328974 11 228
328975 1 109
329225 2 7875
329277 2 427
329342 1 104
329663 1 209
329941 1 76
329943 1 115
329944 1 89
329945 1 69
329946 1 81
330153 1 175
330189 1 117
330240 5 201
330286 1 84
330681 3 355
330684 1 101
330685 1 111
330686 13 308
330687 6 88
330688 1 110
331363 8 150
331550 1 86
331551 2 190
331552 1 131
331553 1 146
331554 1 72
331652 2 104
332102 1 217
332570 2 352
332984 3 322
337297 1 399
337922 6 303
339075 1 951
339259 1 1119
341150 2 203
345846 9 194
346977 12 292
347021 5 167
347113 2 383
347277 10 263
347397 11 217
347517 5 1502
347622 1 506
350449 3 14072
350516 1 97
350521 7 247
350523 18 282
350527 6 83
350528 6 370
350617 12 660
350627 1 113
350643 17 305
350645 6 94
350655 6 335
350657 4 154
350658 5 208
350660 3 203
350661 12 211
350664 5 170
350682 2 158
350697 3 245
350721 2 521
350730 5 90
350733 6 170
350735 2 209
350775 1 79
350812 3 174
350852 4 66
350903 3 67
350927 4 74
350928 5 200
350930 2 152
350962 3 113
350967 22 878
350996 1 129
351005 10 339
351027 32 1792
351059 3 308
351061 5 206
351089 11 508
351091 1 592
351100 46 1658
351128 8 264
351146 8 417
351150 9 239
351152 1 73
351166 2 568
351217 2 90
351225 1 110
351275 17 471
351276 28 716
351304 2 177
351310 31 1107
351328 1 161
351379 4 97
351397 1 90
351411 2 54
351441 7 109
351445 4 927
351559 2 254
351573 1 561
351574 3 420
351603 3 253
351687 1 125
351969 1 96
351970 1 112
351971 1 82
352097 1 79
352214 1 91
352763 1 255
352782 7 188
352783 4 262
353304 12 352
353307 1 123
353364 7 321
353638 1 73
353639 6 169
353640 1 91
353641 1 81
353642 1 105
353861 1 107
353998 1 115
354275 1 94
354276 1 75
354280 1 220
354382 1 489
354958 1 396
355754 9 124
356332 7 175
356548 2 167
356958 6 122
358393 1 6679
360852 13 344
360867 13 344
360974 1 119
362105 1 399
362107 1 251
362109 2 326
362110 2 246
362329 1 737
363409 2 183
363581 13 344
364096 3 321
364304 1 79
365436 1 635
369579 4 84
369958 3 587
370130 1 222
370275 1 483
371538 4 550
371557 10 318
372595 3 279
373200 2 280
373455 7 367
374974 1 12901
374994 2 13993
375037 1 86
375067 4 96
375080 3 137
375092 6 885
375107 2 41
375110 5 132
375114 6 825
375115 13 950
375144 3 62
375158 10 295
375166 5 109
375173 1 360
375175 1 657
375208 7 545
375233 10 242
375351 5 144
375358 3 116
375371 3 434
375372 3 251
375403 18 546
375416 5 65
375426 5 471
375439 5 80
375444 3 178
375448 11 197
375450 7 285
375452 12 253
375457 7 466
375472 19 416
375475 3 71
375496 5 81
375534 25 477
375600 12 547
375601 10 406
375602 10 562
375604 7 763
375606 19 730
375614 4 325
375657 5 83
375658 8 99
375660 5 77
375661 4 76
375726 3 349
375759 1 197
375778 5 103
375871 2 188
375873 18 295
375946 6 82
375956 1 173
375970 2 300
375974 5 570
376003 3 84
376011 9 1269
376073 1 242
376075 20 2015
376086 10 162
376101 2 99
376109 18 217
376110 11 135
376112 1 132
376179 10 522
376186 11 151
376190 5 331
376421 3 124
376471 3 117
376551 1 79
376552 1 163
376597 4 136
376756 4 125
376757 1 164
376890 3 278
376892 1 140
377042 11 212
377043 19 437
377697 11 205
377858 11 205
377916 1 131
377917 3 83
377918 1 75
377919 1 81
378301 1 121
378302 1 124
378303 1 111
378304 1 105
378678 1 87
378681 7 166
378682 1 117
378785 14 256
378796 9 275
379298 5 128
379498 3 165
379931 7 167
380218 2 208
380521 5 109
381456 3 186
382381 3 159
382383 2 432
384153 19 2310
384217 1 216
384430 6 212
384761 26 1262
385618 9 343
386267 12 278
386665 5 137
386982 2 112
387983 3 172
392272 1 496
393021 2 656
393463 1 294
393550 3 30891
394898 6 26758
395129 3 3410
395242 2 23266
396083 31 1301
396258 1 38258
396639 1 187
396939 6 400
397449 1 835
397922 1 1314
398525 4 537
399180 1 98
399831 1 110
399900 1 838
400036 11 433
400327 1 832
400571 6 221
400692 19 400
400780 3 541
400913 5 17082
401309 3 757
401444 1 1204
401915 6 304
402826 3 137
403549 18 510
403745 3 97
404018 9 107
405018 5 375
405667 5 448
406356 7 409
407571 7 408
408194 8 784
408872 11 596
408874 20 703
408968 8 110
409282 6 234
410029 9 296
410707 16 506
410742 5 385
410816 18 623
410817 15 382
410818 26 1744
410881 26 1744
411439 10 506
413034 9 406
413108 7 321
413309 9 632
413881 12 364
414038 10 977
414219 9 207
414520 22 1012
415133 5 187
415379 24 1112
415467 1 515
416773 12 438
416980 27 1622
417378 7 154
417438 1 632
418071 1 644
419646 1 99
422499 8 202
423559 12 425
424776 16 453
424960 6 377
424961 3 146
425804 12 418
425805 11 499
428329 26 903
428784 21 825
431150 1 951
431171 2 529
433460 21 577
434061 5 537
437927 13 275
438621 13 619
439023 17 606
440057 4 360
440947 10 356
441473 68 2025
441635 11 796
441929 27 1715
442930 35 1338
442935 19 410
443291 60 1306
443493 18 362
443931 6 327
444123 8 236
444463 11 399
445276 2 421
446580 5 831
446733 9 657
447544 20 954
449066 2 514
449175 1 725
452130 19 799
452239 1 520
452488 14 1034
452972 11 300
453380 10 222
453454 9 235
455240 4 428
457178 4 162
458668 3 445
459238 1 1016
459561 3 926
459936 7 345
460187 3 229
461185 2 251
461309 1 341
462175 21 549
462283 7 621
463208 3 897
463376 1 519
463689 7 372
466779 7 510
467060 44 1675
467063 4 810
468025 6 181
470448 1 100
472273 2 578
473949 2 745
473965 37 2349
474005 1 824
474130 2 2483
474194 4 1171
474486 18 889
476141 3 171
476303 2 395
477046 19 1079
477387 4 466
477569 2 568
479646 4 94
481297 14 1128
481407 14 796
481837 2 933
481887 7 245
483775 2 725
484274 7 120
484627 18 796
485461 6 79
485487 15 379
485629 6 208
485825 4 1275
486010 3 354
486411 3 63
486666 4 1186
486737 12 1476
488041 2 141
489152 2 373
490080 1 379
490582 3 652
491630 19 1009
491670 9 215
492501 10 429
492533 23 405
494563 3 125
496353 1 667
496997 30 697
497624 3 465
498425 6 907
498656 9 467
499656 1 361
500382 2 403
502266 1 1041
502270 12 259
504578 2 339
505188 6 563
505663 6 117
506070 2 59
506429 2 68
506803 1 846
507470 5 66
508831 18 776
510518 4 509
511521 30 1168
515293 1 127
515413 64 1397
520998 4 513
522559 8 643
523132 5 466
525422 4 419
525432 1 232
525511 1 260
526110 1 1045
527276 1 39
528060 9 1396
