54 2 578
666 2 405
667 4 532
668 4 382
669 3 419
670 1 654
1646 10 55438
2268 15 547
3118 1 536
3489 2 429
4303 2 494
4338 19 16989
5404 2 248
6039 3 586
6439 1 6333
6968 38 5837
6969 2 888
7037 1 571
7090 1 1638
8711 1 470
8725 1 537
9166 11 17203
9728 5 425
9866 1 278
10596 9 2754
10745 1 191
10747 2 237
10749 2 252
10857 18 5056
10879 80 5875
11787 2 247
11965 11 345
12709 108 20008
12985 41 7361
13026 1 1057
13189 1 293
13350 1 684
13400 2 1515
13819 6 432
14080 6 442
14098 3 769
14122 2 448
14134 1 765
15218 2 346
15685 3 478
15829 1 265
15830 3 414
17080 6 801
17247 1 815
17271 1 601
17298 1 524
17366 3 422
17367 4 487
18102 2 360
18103 1 349
18105 9 407
18108 5 477
18111 2 559
18116 1 466
18119 4 335
19240 1 710
19404 4 4813
20245 5 3163
20943 4 821
21614 155 32241
21677 1 528
21706 1 304
21708 4 466
21822 1 315
22777 1 388
22779 2 429
24601 4 341
24608 7 366
24831 1 420
24930 6 11103
25218 14 9144
25246 3 326
27941 1 435
28972 3 2567
28975 2 1782
29431 2 353
29614 2 213
30446 2 12899
30637 1 399
30638 1 478
30640 4 678
30641 2 489
30642 2 480
30645 1 437
30648 1 404
30649 2 417
30652 2 562
30656 2 520
30869 6 781
30870 2 612
30872 13 662
30873 2 681
30874 5 713
30939 14 6023
31007 1 744
31008 6 472
31487 1 516
31846 83 5130
32089 6 2279
32382 1 768
32667 1 330
32728 1 448
32883 1 2700
32887 1 408
33030 1 895
33363 4 480
33364 2 306
34732 5 9225
34765 3 861
36081 1 606
36286 1 260
36802 23 29903
36876 2 459
37436 3 408
37629 6 669
38543 1 658
38545 1 610
38546 2 579
38563 6 514
38564 4 475
38567 2 798
38572 1 337
38574 1 644
38584 7 549
38585 1 813
38586 2 529
38592 1 302
38595 1 695
38601 5 660
38960 1 412
39073 1 665
40061 1 19463
40359 11 4913
42004 1 961
42243 1 249
42625 3 507
42630 4 3801
42634 3 2549
43483 3 420
43855 7 416
43857 3 385
43858 5 388
43859 6 383
43861 4 311
43862 1 256
43863 1 373
43870 3 450
43878 3 467
44179 1 493
47252 1 374
47418 1 398
47646 1 1500
49394 40 26545
50682 39 32839
50683 48 9266
51071 9 580
51932 2 221
52001 1 312
52006 2 254
52007 6 548
52010 1 516
52014 1 407
52015 1 420
52018 1 476
52019 1 304
52023 6 561
52024 1 447
52027 1 628
52042 1 663
52043 1 660
52052 1 557
52055 1 583
52214 150 64459
53316 2 251
53317 38 5949
53318 3 1112
54406 1 414
54408 1 457
54642 1 473
54645 1 524
54707 3 466
54708 2 224
54710 8 434
54711 1 438
54716 7 378
54718 1 258
54719 3 439
54723 2 500
54724 3 692
54729 8 374
54733 1 479
54737 2 679
54748 2 353
54750 3 656
54751 1 366
54753 1 480
54755 1 595
54757 14 574
54759 1 274
54760 1 517
54761 1 628
54762 8 484
54763 1 312
54766 1 399
54887 2 122
55371 353 52248
55375 9 40486
55435 1 736
55643 2 436
55656 1 185
55675 2 515
55732 2 288
55760 2 599
55763 1 575
55770 2 1035
55802 1 427
55817 3 828
55877 1 533
55891 3 1041
55980 1 1937
56083 6 542
56093 5 644
56094 8 740
56125 5 679
56141 4 1184
56142 4 470
56323 13 471
56337 2 304
56342 1 372
56398 3 711
56418 1 52
56557 1 52
56572 1 208
57242 1 115
57931 8 1011
59261 1 112
59954 10 826
60181 4 670
60597 2 510
61179 7 318
61328 1 211
61554 3 161
62530 13 629
63288 1 309
63521 1 183
64327 3 229
64711 1 69
66346 2 811
66676 2 109
66900 3 2583
67783 1 342
71560 7 463
71978 1 218
72158 1 652
75670 1 126
76622 1 471
77650 1 489
78659 3 342
80045 5 597
80047 4 709
80816 4 552
81040 1 598
81223 11 659
82790 1 146
84721 1 443
89614 4 444
90157 14 609
90931 1 681
91063 1 465
92073 1 288
93109 2 981
93238 5 486
95710 3 414
97288 2 382
100971 2 522
104235 10 344
104237 3 204
105437 6 379
106628 2 120
107575 6 965
108006 7 545
108595 3 228
109196 7 230
110685 1 181
111360 3 269
112100 8 730
112133 1 92
112765 1 62
113787 3 404
114407 8 702
114570 2 179
114922 17 659
114924 7 549
114926 7 534
114927 5 446
114929 11 776
115093 3 96
116117 3 148
116528 2 184
120150 1 450
120151 3 527
120249 2 204
121797 9 486
123180 5 547
125153 11 244
125321 4 489
125769 1 145
126198 17 2638
126661 3 350
127904 2 197
128556 2 158
128764 3 156
128912 4 258
129014 7 996
130370 3 827
130678 1 139
130828 1 78
132223 2 54
132823 1 81
132830 1 138
133822 1 122
134096 3 652
134284 1 179
135668 1 633
135862 19 723
136017 1 388
136033 2 147
137378 1 270
137451 1 188
137590 1 75
137687 1 75
137862 8 300
138514 1 101
138598 1 76
138672 1 223
139441 2 175
139577 1 180
140022 1 92
140026 2 201
140100 2 202
140559 1 155
140626 1 248
140673 1 132
140940 1 170
141256 5 245
141868 2 80
142205 5 335
142292 3 382
142306 4 190
142372 1 77
142531 3 341
142532 3 160
142537 1 270
143472 1 248
143631 1 149
143990 1 124
144208 1 77
144248 2 236
144858 6 327
144867 5 257
145335 1 218
146115 4 64
146497 1 133
146596 1 73
146634 1 107
146708 3 102
146883 4 746
147788 1 290
148230 1 93
148607 8 205
148661 1 215
149194 2 69
149569 7 213
149590 2 562
149670 1 76
149738 4 246
149886 1 197
150264 3 268
150378 1 168
151012 2 325
151611 6 203
151743 3 729
151929 1 285
152202 1 130
152247 4 95
152694 2 606
152942 1 181
154149 3 522
154409 1 347
154560 2 182
154584 13 819
154704 3 227
155009 2 172
155438 1 176
155471 1 90
155706 4 6252
156347 1 183
156350 5 445
156465 1 118
156762 8 488
156901 1 160
157835 2 440
157859 1 198
157941 9 709
158780 9 224
159047 20 489
159049 10 531
159058 6 587
159076 20 617
159084 2 688
159087 25 805
159504 2 71
160397 2 589
160444 1 481
161469 3 85
161689 2 313
162196 2 73
163722 2 360
164308 1 434
165023 12 176
165058 6 777
165446 1 590
165708 6 446
166665 5 89
167791 3 195
168255 4 603
168281 1 223
169082 2 86
169480 9 215
169550 5 354
170639 4 212
172103 2 193
172521 2 578
172943 12 543
173455 1 214
173604 3 247
174556 4 223
174948 2 338
175007 13 311
175693 4 209
176832 1 44
177311 3 202
177329 3 270
177711 4 534
177724 1 565
177777 2 177
178055 5 343
179235 3 504
179965 1 339
180887 1 387
180905 5 228
181120 4 244
182414 7 500
183155 1 141
184129 1 108
184411 25 572
184415 10 523
184416 1 502
184423 17 506
184426 9 650
184687 10 1178
185213 2 80
185915 6 192
186555 15 729
186944 2 247
187006 6 512
187243 2 137
187362 12 706
187501 2 237
187502 3 367
187532 6 272
187817 1 127
187993 1 310
188815 6 606
188857 2 224
189501 3 119
189890 2 272
190205 1 577
190344 2 240
190650 3 194
190926 3 588
191081 1 210
191303 2 146
191503 2 328
191584 2 255
191912 4 723
192308 1 163
192490 1 238
192643 1 208
192777 3 156
192784 4 205
193004 1 261
193168 2 297
193279 4 430
194392 2 342
194405 1 167
194818 4 511
195635 3 197
196267 11 493
196638 5 318
197056 3 186
197333 6 342
197701 8 817
197747 2 111
197756 1 140
198041 1 67
198139 4 1082
198204 2 494
198220 6 255
198377 4 550
198378 8 502
198598 1 329
198614 3 245
199255 2 225
199600 13 654
199638 2 47
199894 5 285
200006 7 481
200319 3 305
200947 2 224
201167 3 247
201252 3 172
201352 2 275
201414 2 248
201846 2 108
202324 4 252
202639 1 227
203423 2 212
203502 2 89
203562 3 300
204867 1 117
204916 2 124
205708 3 751
205928 1 225
206482 1 195
206523 4 863
207148 5 396
207410 2 65
207432 2 60
207621 2 110
207988 5 630
207989 1 684
207990 9 628
208197 1 241
210394 2 72
210434 5 392
210769 1 531
212061 4 513
212074 22 572
212080 15 1064
212294 1 123
212300 1 230
214454 1 155
215916 2 375
217833 7 273
217878 4 532
218013 4 166
218070 5 306
218222 3 595
218548 4 219
220242 9 570
220933 1 155
221602 2 818
221653 2 277
221696 8 481
221697 5 712
221717 4 580
221729 2 62
221949 6 222
222173 5 370
222659 7 548
222907 5 484
223127 3 316
223415 5 224
224108 2 270
224292 3 152
224704 7 522
225285 1 297
225307 5 350
226093 9 481
226313 1 153
226847 3 454
227542 2 273
227791 6 515
228431 6 767
228464 2 265
228762 3 219
228802 11 680
229845 1 206
231682 4 550
233051 5 404
233413 4 229
234739 9 1168
236029 2 478
236522 2 83
237254 5 392
237354 1 54
237427 5 274
237482 2 140
237483 5 493
237626 1 413
238187 4 391
238978 1 150
239042 1 73
239691 5 680
240435 1 155
240955 2 240
241076 6 575
241228 9 501
241471 2 67
241725 9 459
242167 2 177
242208 1 57
242520 4 343
242753 1 101
242973 4 218
243816 3 193
244044 6 602
245774 8 559
247138 3 228
247139 3 269
250243 1 170
250255 2 318
250325 20 6286
250360 5 294
250777 2 280
251293 3 1059
252247 3 388
252625 7 485
252637 5 554
252762 1 209
253140 3 294
253792 3 240
253793 1 440
253794 1 271
253882 1 134
254045 4 200
254095 2 70
254330 2 227
254817 3 248
255672 1 267
255693 7 591
256049 1 180
256154 3 351
256986 1 167
258420 2 57
260879 4 751
260972 11 5560
261423 3 153
261810 6 265
261912 4 370
262529 2 87
263649 2 255
264366 8 546
265810 153 16729
265816 99 25803
265822 31 5726
265845 123 17259
265854 92 21100
267577 13 6751
267663 26 5386
268255 2 239
268303 21 6782
268498 20 438
268548 1 247
268803 2 1021
269994 9 2943
269996 22 6852
270890 4 2870
272269 16 4027
272911 6 165
272999 1 973
274137 1 901
276292 4 3523
279096 7 5450
284911 3 363
285362 1 181
286270 7 2593
286331 53 4171
286687 125 3175
286777 5 734
286848 2 785
286946 27 4569
286985 23 5408
287040 1 554
287143 162 2195
287906 9 5750
287907 1 122
287937 9 278
287939 4 245
287948 2 188
287961 1 492
287967 6 252
287968 12 364
287979 5 183
287986 4 195
288003 1 350
288006 2 968
288022 5 732
288036 10 823
288059 5 335
288120 1 202
288136 1 94
288155 9 620
288178 2 317
288206 3 487
288207 2 1121
288234 5 309
288238 3 367
288541 2 324
288567 1 351
288674 3 368
289348 11 18428
289669 3 756
290256 40 30074
290406 1 2246
290435 51 8814
290440 106 15196
290441 23 2293
290465 108 15747
291851 67 6502
292013 5 333
292026 27 5959
292396 7 1204
292701 2 2069
292801 9 279
292835 21 3737
292921 4 245
293369 19 1092
294967 27 7544
295862 48 5013
301784 1 188
301865 11 18367
303731 1 3106
303734 46 25485
303801 1 201
304802 7 364
305878 24 1800
306237 256 26903
307203 2 172
307298 5 610
307307 6 413
307357 2 383
307363 5 323
307366 5 402
307373 10 1099
307380 1 335
307391 4 381
307393 5 1352
307433 2 394
307439 5 990
307453 234 49380
307938 1 190
308513 17 8438
308598 5 5851
308632 11 2968
308759 15 2244
308772 2 2076
308789 27 3638
308797 15 2219
308810 2 2076
308827 27 3641
308907 56 13313
308919 97 13545
308929 23 12027
308953 118 14138
308961 56 13313
308973 97 13545
308983 23 12027
309007 118 14138
310990 11 2799
312401 18 5388
312981 3 2007
313355 2 173
314446 1 488
314822 1 6501
325059 8 2244
325096 60 5659
325285 4 1713
325533 3 1753
325537 8 4579
325538 2 1844
325539 9 6072
325587 6 2931
326029 7 179
326033 1 351
326044 2 427
326081 1 233
326123 78 14885
326129 125 67196
326138 3 153
327122 41 16929
327123 41 16927
327266 3 201
327384 168 19585
327394 119 22044
327407 120 18061
328928 158 3381
328992 52 5954
329024 13 1311
329141 3 569
329208 59 9390
329225 36 7875
329226 65 8776
329231 53 7437
329493 73 7227
329569 50 7587
329804 66 7586
330099 43 6898
330245 59 4448
330324 19 1971
331432 64 8083
332572 2 403
332714 45 4448
338510 4 2483
344739 1 261
344774 1 200
346213 3 1033
346235 10 416
346281 3 1726
346292 2 490
346328 1 815
346625 1 919
347011 14 443
347426 1 1752
347517 2 1502
347676 54 2857
347691 31 3618
347720 134 3607
347779 1 2570
347837 680 63219
347838 118 6657
347869 436 47445
347870 14 1104
348031 1 1254
348038 12 1846
348040 1 1458
348046 2 1252
348051 13 1546
348057 8 898
348059 3 1679
348060 2 672
348091 13 625
348092 9 752
348106 63 1623
348121 1 1056
348122 4 2838
348731 3 152
348741 3 325
348744 15 3039
348758 3 950
348760 3 593
348762 3 823
348764 4 701
348768 3 823
348780 8 124
348782 6 773
348791 9 131
348792 9 205
348800 2 407
348850 7 751
348851 1 576
348878 1 247
348882 2 282
349033 1 138
349036 2 901
349676 1 1416
349693 5 2709
349704 1 2127
349753 20 1111
349804 3 953
349994 49 8773
349997 27 3244
350021 23 6267
350032 7 1561
350039 6 1010
350066 6 3165
350074 5 741
350099 2 1607
350124 1 1533
350133 1 2654
350134 5 1379
350138 1 2976
350310 7 3011
350324 6 2190
350449 82 14072
350479 106 11696
350496 74 14081
352321 5 363
352325 2 354
352363 3 144
352395 5 226
352542 7 233
353096 4 482
353424 3 146
353434 14 1348
353458 9 145
354103 116 2929
355010 10 318
355162 31 2615
357323 30 5269
357508 7 832
358397 7 4529
359152 9 9815
359638 8 413
359987 1 165
367488 10 782
369427 3 600
371140 3 234
372086 4 409
372089 11 769
372278 72 28092
372279 68 5420
372281 89 5554
372284 334 7018
372406 54 14595
372485 3 1458
372966 9 314
372976 17 486
373014 28 3572
373023 1 735
373026 9 620
373027 4 235
373035 3 597
373052 1 171
373059 1 1969
373073 1 727
373078 1 472
373093 3 370
373102 5 225
373105 9 1607
373113 10 320
373115 6 202
373128 5 331
373162 5 426
373164 2 693
373168 3 680
373178 7 232
373184 5 362
373185 2 355
373192 3 141
374014 2 80805
374166 4 2488
374295 1 397
374296 5 552
374974 91 12901
374994 94 13993
376386 53 9418
376440 4 1977
376472 16 3670
376610 36 7750
377174 52 4120
377408 41 1599
377409 55 4687
377560 62 6597
378071 43 7768
378266 41 7092
378354 9 317
379967 3 230
381132 1 132
381231 4 167
385281 2 168
385486 30 6673
391968 3 262
392137 1 220
393526 51 8178
393550 14 30891
393634 6 1259
393645 17 2371
393673 87 10585
393747 145 58177
393845 4 2852
394103 23 2220
394192 89 2619
394716 13 2905
394735 2 242
394768 1 402
394809 5 1375
394844 2 251
394884 3 267
394887 1 238
394898 75 26758
394909 1 508
394910 3 477
394911 7 634
394917 3 234
394956 4 405
394959 1 262
395242 12 23266
395572 5 1983
396122 1 456
396258 73 38258
396611 1 611
398313 2 186
399701 9 519
400058 2 83
400913 1 17082
401983 1 128
401999 2 409
402000 3 1044
402001 1 336
402003 3 1140
402023 1 1037
402090 1 820
402100 1 713
402149 7 575
403581 8 1058
404187 1 273
404568 1 299
404620 1 183
404777 1 635
404838 2 1274
404859 2 2192
404931 1 420
405109 1 192
405137 8 1317
405207 1 631
405216 1 438
405653 1 842
405658 1 3015
405677 3 1307
405683 1 477
405740 1 1175
405752 1 892
405788 13 2062
405789 3 890
405791 2 1942
405826 1 588
405841 8 732
405846 1 748
405848 1 695
405881 1 312
405942 11 1340
405974 3 815
405991 1 276
405993 1 1165
406010 2 1055
406012 10 817
406021 1 340
406103 1 316
406126 4 1298
406184 1 457
406195 3 499
408988 2 519
409816 2 518
419228 1 1136
419764 1 83
420869 1 525
421100 3 705
421135 5 404
421143 3 707
421863 6 721
423797 2 1718
424252 1 274
424688 3 208
425188 3 472
428632 2 1472
429380 4 708
430449 2 269
430829 2 102
430873 4 127
431153 2 877
431250 4 3314
431268 4 130
431270 2 662
431394 1 592
431470 1 758
431489 1 901
431529 1 1142
431531 1 1275
431591 1 1271
431689 6 687
431697 1 839
431731 1 739
431797 1 1682
431850 1 436
432089 2 1811
432118 1 143
432177 5 565
432193 2 409
432315 3 438
433041 10 863
433528 4 161
433722 10 2969
434891 3 214
435478 1 503
435513 1 318
437295 9 546
439010 2 544
440727 1 394
443124 1 472
443303 1 931
443306 2 561
444936 4 52
445707 1 571
451193 1 292
451205 1 327
452819 5 416
454344 3 576
455838 1 259
455879 3 712
456013 11 881
457037 9 1087
457105 5 1808
457334 1 1691
457905 1 315
458126 1 387
459135 8 510
460758 10 1301
461401 1 302
463693 3 169
464162 2 585
466222 1 439
466495 9 503
468454 7 396
468525 1 521
469039 3 639
469876 2 269
469879 2 261
470151 2 245
471553 2 493
471619 2 1288
471624 2 247
471634 1 351
471769 1 574
471794 2 718
471798 1 442
471834 7 880
471865 7 396
471867 1 670
472018 3 838
472211 3 306
472541 2 1307
472657 2 91
472711 8 640
473162 11 1110
473237 1 482
474166 5 438
474241 1 121
475425 1 242
477203 3 252
478275 2 470
478788 5 802
480090 3 656
480538 1 602
482454 3 424
486675 3 344
487064 1 205
488557 3 479
491264 7 2438
492012 11 691
492599 1 119
494136 1 520
495105 7 196
495376 2 536
497702 3 167
498051 3 390
499864 1 254
502458 3 93
503081 1 729
504635 2 529
509892 2 467
512497 1 1672
516174 2 420
517993 12 753
518723 2 404
519493 3 136
520608 7 1577
520609 2 1617
525806 7 1391
527132 1 600
54 15 578
66 6 172
665 10 517
666 9 405
667 16 532
668 8 382
669 18 419
670 19 654
951 25 846
952 8 296
1646 7 55438
2268 10 547
2273 2 78
2339 1 224
2479 11 493
2480 9 318
3118 7 536
3119 3 170
3274 11 308
3489 1 429
3699 20 463
3700 9 263
3702 46 532
3703 18 395
3704 39 509
3706 14 457
4303 1 494
4338 2 16989
5260 15 320
5405 3 490
6039 11 586
6439 10 6333
6578 27 441
6968 20 5837
6969 1 888
7034 21 529
7036 2 462
7038 8 641
7039 4 325
7090 3 1638
8107 16 1238
8663 13 275
8665 8 250
8711 45 470
8712 23 350
8720 11 324
8722 16 603
8724 16 504
8725 19 537
8727 12 709
9166 1 17203
9652 23 366
9728 1 425
9866 11 278
9867 4 188
9929 1 543
10592 9 568
10596 3 2754
10745 6 191
10747 1 237
10749 1 252
10761 1 500
10879 1 5875
11786 2 304
11787 4 247
11965 3 345
12709 14 20008
12963 20 420
12964 23 427
12965 62 776
12966 58 691
12967 17 621
12969 23 647
12970 37 532
12985 1 7361
13026 21 1057
13029 16 702
13030 10 365
13189 1 293
13350 5 684
13400 12 1515
13817 7 456
13819 13 432
14080 3 442
14094 3 791
14098 6 769
14122 7 448
14134 8 765
15218 6 346
15219 3 172
15681 45 464
15685 4 478
15829 2 265
15830 5 414
16424 2 310
16808 7 323
16872 5 305
17080 11 801
17229 3 302
17247 14 815
17271 14 601
17298 14 524
17366 21 422
17367 9 487
17535 22 1657
17914 9 275
18102 25 360
18103 24 349
18105 8 407
18108 18 477
18110 8 92
18111 6 559
18114 20 426
18115 12 439
18116 6 466
18119 13 335
18123 22 420
18124 17 322
18125 6 75
18127 4 71
18225 14 612
18271 4 243
19404 7 4813
20245 7 3163
20406 18 350
20407 13 738
20943 10 821
20944 7 245
21614 5 32241
21677 24 528
21680 2 346
21706 3 304
21708 3 466
21745 10 490
21754 8 339
21822 2 315
22777 16 388
22778 21 276
22779 28 429
22780 18 550
22781 29 584
22782 9 628
22925 1 435
24251 9 489
24252 20 683
24253 8 373
24601 8 341
24608 11 366
24823 5 1087
24831 10 420
24832 5 184
24930 22 11103
25246 13 326
25992 7 230
26152 7 1881
27576 12 317
27578 6 319
27806 11 478
27938 10 425
27941 13 435
28603 5 617
28682 10 494
28795 7 239
28972 11 2567
28975 13 1782
29431 3 353
29614 4 213
30637 15 399
30638 24 478
30640 16 678
30641 12 489
30642 19 480
30645 17 437
30646 16 415
30647 4 218
30648 31 404
30649 10 417
30650 13 489
30652 9 562
30653 8 336
30655 15 493
30656 18 520
30659 34 377
30660 13 286
30661 16 421
30869 21 781
30870 17 612
30872 20 662
30873 19 681
30874 11 713
30875 25 651
30876 13 651
30939 31 6023
31007 3 744
31008 6 472
31487 7 516
31811 1 475
31846 1 5130
32089 59 2279
32306 11 447
32382 9 768
32667 2 330
32675 2 545
32728 2 448
32735 2 445
32754 7 361
32881 4 684
32883 72 2700
32887 16 408
32888 18 724
32889 15 179
32890 10 596
33030 4 895
33177 8 292
33363 20 480
33364 17 306
33624 7 703
33625 4 192
33765 4 167
33779 17 579
34059 3 418
34732 59 9225
34760 21 554
34765 18 861
35708 5 218
35719 18 1262
36055 16 534
36056 7 258
36057 10 390
36058 32 589
36059 10 367
36081 55 606
36082 40 637
36083 34 578
36087 27 370
36088 41 485
36089 32 542
36092 56 606
36093 6 70
36259 10 260
36286 2 260
36802 78 29903
36876 8 459
37436 19 408
37629 19 669
37737 1 244
38378 5 288
38539 12 433
38540 31 423
38541 59 788
38542 24 515
38543 43 658
38544 26 591
38545 25 610
38546 16 579
38547 30 650
38548 15 393
38550 5 451
38563 7 514
38564 15 475
38566 24 476
38567 52 798
38568 1 67
38570 27 408
38572 19 337
38574 28 644
38576 43 709
38577 22 498
38578 19 527
38579 29 522
38580 32 447
38582 21 505
38584 15 549
38585 54 813
38586 28 529
38587 17 545
38589 4 73
38590 12 416
38591 28 566
38592 34 302
38593 11 157
38594 40 535
38595 46 695
38597 3 109
38598 11 502
38600 30 570
38601 36 660
38606 35 790
38608 12 378
38609 50 557
38610 29 432
38611 30 341
38612 32 467
38613 15 325
38616 14 198
38619 52 971
38621 5 89
38960 26 412
38962 18 418
39073 2 665
39385 12 606
40359 3 4913
41789 6 220
41790 6 225
42004 18 961
42243 4 249
42625 6 507
42630 31 3801
42634 28 2549
42897 5 362
43215 13 272
43472 5 206
43483 1 420
43493 1 161
43600 6 222
43641 12 308
43848 21 417
43855 20 416
43856 35 491
43857 37 385
43858 13 388
43859 24 383
43861 22 311
43862 12 256
43863 22 373
43865 29 504
43866 24 499
43870 24 450
43878 13 467
44179 10 493
44751 9 583
45719 4 191
45767 7 445
45971 5 588
45972 10 371
46311 1 206
46660 3 425
47011 10 425
47249 30 536
47250 17 332
47251 12 292
47252 20 374
47415 34 565
47418 5 398
47646 11 1500
48497 9 230
48853 12 378
50682 18 32839
50683 40 9266
51071 1 580
51392 1 241
51997 11 426
52000 26 363
52001 29 312
52002 22 345
52003 22 393
52006 11 254
52007 10 548
52008 18 527
52009 9 261
52010 20 516
52011 18 377
52014 5 407
52015 6 420
52018 10 476
52019 21 304
52020 7 412
52023 23 561
52024 10 447
52025 28 653
52026 48 569
52027 52 628
52028 55 534
52029 31 574
52037 12 659
52038 4 485
52042 33 663
52043 58 660
52044 36 534
52052 17 557
52053 29 395
52055 52 583
52056 74 689
52057 34 380
52058 36 295
52059 37 419
52060 43 494
52061 34 499
52203 1 426
52214 960 64459
53316 3 251
53317 20 5949
53318 1 1112
53398 1 560
54238 6 222
54406 22 414
54408 6 457
54565 5 314
54579 5 318
54633 15 525
54635 37 463
54636 40 553
54637 30 658
54638 25 463
54639 19 405
54640 33 693
54641 34 655
54642 13 473
54643 19 635
54644 22 395
54645 29 524
54646 21 498
54647 16 431
54648 23 780
54707 23 466
54708 9 224
54709 40 788
54710 22 434
54711 7 438
54714 25 281
54716 18 378
54718 17 258
54719 9 439
54723 16 500
54724 9 692
54729 5 374
54733 9 479
54734 4 134
54737 7 679
54740 8 249
54744 4 305
54746 8 530
54748 5 353
54750 15 656
54751 11 366
54753 17 480
54755 53 595
54757 30 574
54758 11 227
54759 24 274
54760 31 517
54761 10 628
54762 22 484
54763 12 312
54765 18 477
54766 7 399
54767 4 103
54887 1 122
55371 14 52248
55435 8 736
55643 2 436
55675 2 515
55732 1 288
55770 3 1035
55817 1 828
55891 1 1041
55980 2 1937
56022 1 238
56125 2 679
56141 2 1184
56418 2 52
56557 2 52
56572 4 208
57242 2 115
57931 1 1011
59261 1 112
59716 22 446
59954 18 826
60597 14 510
61179 9 318
61328 9 211
61554 2 161
62530 1 629
63288 1 309
64327 1 229
64711 4 69
66346 1 811
66900 1 2583
67783 11 342
68452 5 134
68581 10 186
68789 3 61
68984 2 30
69177 12 207
69856 11 231
71560 10 463
71978 6 218
72158 6 652
75670 5 126
76101 9 187
76622 15 471
76980 7 368
77650 1 489
78659 1 342
79775 4 194
80017 3 113
80045 7 597
80047 3 709
80816 30 552
81223 3 659
82790 1 146
84721 3 443
85517 3 163
87897 3 69
89614 9 444
90042 2 73
90157 10 609
90223 6 121
90931 1 681
91063 7 465
91383 1 241
91996 3 245
92073 8 288
93109 4 981
93238 2 486
93502 3 153
97138 8 128
97288 3 382
99162 7 157
100971 1 522
102341 5 56
103564 7 195
103855 7 162
104235 3 344
104237 3 204
105437 5 379
106081 3 211
106628 1 120
107061 12 170
107575 15 965
108006 2 545
108595 7 228
109196 3 230
110077 5 540
110685 7 181
111360 5 269
112100 1 730
112133 4 92
112364 2 271
112765 1 62
113787 2 404
114051 1 462
114089 12 200
114570 2 179
114922 4 659
114924 17 549
114926 21 534
114927 2 446
114929 6 776
115093 4 96
115311 3 91
116117 4 148
116528 10 184
117578 1 41
118879 3 71
120150 3 450
120151 16 527
120249 2 204
121797 8 486
123180 1 547
125153 7 244
125321 5 489
126198 14 2638
127904 13 197
128556 6 158
128764 2 156
128912 12 258
129014 2 996
130370 23 827
130828 5 78
132823 4 81
132830 3 138
133822 7 122
134096 1 652
134284 7 179
135862 21 723
136033 4 147
137590 5 75
137687 5 75
137862 5 300
138672 5 223
139441 3 175
139577 1 180
140026 9 201
140100 9 202
140559 2 155
140626 2 248
140673 8 132
140940 8 170
141256 7 245
141868 6 80
142205 1 335
142292 4 382
142306 5 190
142531 8 341
142532 6 160
143990 1 124
144208 1 77
144248 4 236
144858 8 327
144867 2 257
145335 1 218
146708 2 102
146883 2 746
147788 9 290
148607 3 205
149194 3 69
149569 3 213
149590 2 562
149738 11 246
149886 1 197
150264 4 268
151611 7 203
151743 9 729
152202 7 130
152247 1 95
152694 2 606
154149 6 522
154560 5 182
154584 1 819
154704 6 227
155009 9 172
155471 1 90
155706 2 6252
156347 3 183
156350 7 445
156762 3 488
157835 3 440
157859 7 198
157941 16 709
158780 2 224
159047 4 489
159049 3 531
159058 2 587
159076 1 617
159084 14 688
159087 5 805
160444 29 481
161469 6 85
162196 2 73
163722 5 360
164308 2 434
165023 1 176
165058 2 777
165446 22 590
165708 4 446
166665 1 89
167791 8 195
168255 1 603
168281 1 223
169082 1 86
169480 8 215
169550 3 354
170639 2 212
172103 9 193
172521 1 578
172943 7 543
173455 7 214
174556 3 223
174948 9 338
175007 4 311
175693 1 209
176832 1 44
177311 3 202
177329 4 270
177711 4 534
177777 7 177
178055 2 343
179235 1 504
179965 10 339
180887 11 387
180905 9 228
181120 6 244
182414 20 500
183155 8 141
184129 1 108
184411 4 572
184415 15 523
184416 2 502
184423 2 506
184426 4 650
184687 10 1178
185213 1 80
185915 1 192
186555 12 729
186944 3 247
187006 10 512
187243 6 137
187362 3 706
187501 5 237
187502 7 367
187532 3 272
187817 8 127
187993 13 310
188815 1 606
188857 8 224
189501 2 119
189890 4 272
190205 5 577
190344 6 240
190650 9 194
190926 10 588
191081 3 210
191303 2 146
191503 11 328
191584 9 255
191912 6 723
192308 1 163
192490 4 238
192643 10 208
192777 6 156
192784 6 205
193168 4 297
193279 9 430
194392 7 342
194405 6 167
194818 17 511
195635 7 197
196267 11 493
196638 8 318
197333 1 342
197701 33 817
197747 4 111
197756 7 140
198041 2 67
198204 1 494
198220 10 255
198377 5 550
198378 12 502
199600 1 654
199638 1 47
199894 4 285
200319 11 305
200947 2 224
201167 1 247
201846 1 108
202324 3 252
202639 11 227
203502 1 89
203562 5 300
204867 5 117
204916 8 124
205708 12 751
206482 9 195
206523 1 863
207148 11 396
207621 1 110
207988 1 630
207989 1 684
207990 5 628
208197 4 241
210394 2 72
210434 6 392
210769 23 531
212061 6 513
212074 3 572
212080 3 1064
214454 2 155
215916 3 375
217833 6 273
217878 8 532
218013 3 166
218070 20 306
218222 1 595
218548 11 219
220242 7 570
220933 2 155
221602 1 818
221653 3 277
221696 1 481
221697 11 712
221717 16 580
221729 2 62
221949 3 222
222173 12 370
222659 23 548
222907 22 484
223415 11 224
224108 2 270
224292 7 152
224704 10 522
226093 24 481
226847 17 454
227542 10 273
227791 5 515
228431 10 767
228464 11 265
228762 1 219
231682 6 550
233051 6 404
233413 12 229
234739 26 1168
236029 9 478
236522 5 83
237254 16 392
237354 2 54
237427 5 274
237482 7 140
237483 8 493
237626 3 413
238187 11 391
238978 11 150
239042 3 73
239691 4 680
240435 11 155
240955 5 240
241076 3 575
241228 4 501
241471 6 67
241725 4 459
242167 6 177
242208 1 57
242520 14 343
242753 2 101
242973 3 218
243816 2 193
244044 6 602
245774 13 559
247138 7 228
247139 6 269
250243 7 170
250255 9 318
250325 6 6286
250360 10 294
250777 7 280
251293 1 1059
252247 10 388
252625 17 485
252637 6 554
252762 12 209
253140 1 294
253792 8 240
253793 4 440
253794 11 271
253882 7 134
254045 4 200
254095 2 70
254817 5 248
255672 3 267
255693 2 591
256049 1 180
256154 12 351
256986 7 167
258420 2 57
260879 10 751
261423 7 153
261912 7 370
262529 3 87
263649 3 255
264366 13 546
265810 7 16729
265816 10 25803
265822 5 5726
265845 14 17259
265854 2 21100
267351 11 210
268255 14 239
268303 1 6782
268498 3 438
268548 1 247
268803 5 1021
269994 1 2943
269996 1 6852
270504 8 116
270890 1 2870
272269 1 4027
272911 4 165
272999 1 973
279096 8 5450
284911 16 363
285609 2 129
286270 6 2593
286331 1 4171
286777 21 734
286848 4 785
286851 9 474
286867 2 184
286943 7 328
286946 1 4569
286985 6 5408
287040 12 554
287374 13 331
287894 5 175
287906 17 5750
287907 3 122
287923 16 346
287936 6 237
287937 6 278
287939 14 245
287948 5 188
287961 21 492
287967 5 252
287968 9 364
287979 5 183
287980 12 547
287986 10 195
288003 10 350
288006 23 968
288022 21 732
288025 9 210
288036 36 823
288059 7 335
288088 8 121
288091 3 109
288120 9 202
288136 4 94
288141 3 83
288145 4 697
288155 5 620
288178 2 317
288190 8 181
288201 13 327
288203 7 213
288206 21 487
288207 76 1121
288213 10 201
288234 14 309
288238 16 367
288541 11 324
288567 10 351
288605 13 330
288674 16 368
289348 1 18428
289401 18 624
289669 5 756
289812 22 526
290256 2 30074
290406 1 2246
290435 4 8814
290441 1 2293
290465 1 15747
291851 1 6502
292013 7 333
292026 7 5959
292396 2 1204
292701 2 2069
292801 6 279
292835 1 3737
292921 14 245
293369 1 1092
294375 5 170
294967 6 7544
301398 6 169
301784 5 188
303731 1 3106
303734 6 25485
303801 9 201
304802 2 364
305468 6 233
306058 13 237
306237 49 26903
306267 4 179
306276 18 970
307203 2 172
307240 5 132
307267 6 171
307298 6 610
307307 3 413
307357 8 383
307363 6 323
307366 1 402
307373 14 1099
307380 3 335
307391 9 381
307393 3 1352
307414 8 247
307433 5 394
307434 2 148
307439 14 990
307449 3 453
307453 185 49380
307729 22 605
307938 5 190
308598 1 5851
308632 1 2968
308759 1 2244
308772 4 2076
308789 77 3638
308797 1 2219
308810 4 2076
308827 77 3641
308907 1 13313
308919 1 13545
308929 1 12027
308953 3 14138
308961 1 13313
308973 1 13545
308983 1 12027
309007 3 14138
310990 2 2799
312401 3 5388
312981 3 2007
313355 2 173
314089 11 188
314446 3 488
320248 4 13098
325059 1 2244
325096 1 5659
325422 3 458
325533 4 1753
325537 4 4579
325538 5 1844
325539 1 6072
325587 24 2931
326029 1 179
326033 9 351
326044 1 427
326081 4 233
326087 10 194
326089 6 217
326091 8 159
326112 12 209
326123 87 14885
326129 28 67196
326138 1 153
326140 7 269
326149 17 373
326150 3 124
326151 12 387
326152 22 602
326176 8 367
326435 1 169
326526 6 146
327122 2 16929
327123 2 16927
327266 2 201
327384 1 19585
328992 1 5954
329024 1 1311
329125 6 177
329141 1 569
329225 2 7875
329231 2 7437
329569 3 7587
329804 2 7586
330099 1 6898
330245 2 4448
330324 1 1971
331432 1 8083
332101 8 191
332572 8 403
332648 7 255
332714 1 4448
338510 1 2483
342778 12 344
342848 7 165
344360 7 136
344361 2 98
344362 4 133
344774 1 200
346235 2 416
346292 1 490
347426 1 1752
347611 11 183
347676 2 2857
347691 1 3618
347720 3 3607
347779 1 2570
347837 111 63219
347838 28 6657
347869 2 47445
347870 2 1104
348031 11 1254
348038 16 1846
348040 10 1458
348043 3 901
348046 1 1252
348057 35 898
348059 15 1679
348060 1 672
348106 1 1623
348731 6 152
348733 5 162
348741 18 325
348744 2 3039
348751 8 173
348753 12 252
348758 80 950
348760 6 593
348762 1 823
348764 9 701
348765 7 409
348768 1 823
348779 6 174
348780 6 124
348782 4 773
348791 2 131
348792 14 205
348793 8 193
348800 8 407
348813 2 212
348826 7 167
348834 12 341
348850 31 751
348851 8 576
348876 12 181
348878 8 247
348882 7 282
348884 3 229
348998 2 213
349033 3 138
349036 8 901
349704 2 2127
349804 26 953
349994 14 8773
350021 2 6267
350032 1 1561
350039 1 1010
350075 21 912
350099 1 1607
350134 15 1379
350272 6 220
350310 2 3011
350324 1 2190
350449 2 14072
350479 2 11696
350496 1 14081
352321 5 363
352325 2 354
352363 3 144
352395 3 226
352542 10 233
353096 8 482
353424 8 146
353434 12 1348
353458 10 145
354691 9 158
354916 6 164
355010 11 318
357323 2 5269
357330 1 280
358397 2 4529
359152 1 9815
359638 3 413
359987 9 165
366989 6 139
367488 16 782
367848 5 115
368699 7 159
369427 25 600
370121 12 146
371140 6 234
372086 9 409
372089 17 769
372278 47 28092
372279 16 5420
372281 7 5554
372406 11 14595
372485 7 1458
372966 5 314
372976 9 486
373001 10 236
373014 35 3572
373023 3 735
373026 4 620
373027 1 235
373035 25 597
373052 1 171
373058 9 190
373059 62 1969
373060 5 105
373073 9 727
373078 27 472
373093 14 370
373102 3 225
373105 7 1607
373113 9 320
373115 14 202
373125 5 170
373128 18 331
373138 4 78
373153 12 150
373162 4 426
373164 17 693
373168 2 680
373173 13 357
373178 10 232
373184 5 362
373185 2 355
373192 3 141
373393 5 89
374166 12 2488
374295 1 397
374296 5 552
374534 3 646
376386 2 9418
376440 2 1977
376472 2 3670
376610 1 7750
377174 1 4120
377409 2 4687
378071 4 7768
378225 9 176
378226 9 191
378266 2 7092
378354 5 317
378757 6 175
378941 2 362
381132 8 132
381231 3 167
385281 2 168
385486 2 6673
390182 3 172
390479 5 108
390791 10 239
391354 5 88
391968 9 262
392137 16 220
393526 1 8178
393550 1 30891
393634 1 1259
393816 7 253
393845 29 2852
393846 8 1228
393847 6 2167
394103 2 2220
394192 1 2619
394716 9 2905
394735 7 242
394809 15 1375
394818 4 132
394819 2 97
394828 11 189
394844 7 251
394845 5 348
394852 2 365
394865 5 98
394884 9 267
394887 16 238
394898 232 26758
394909 17 508
394910 5 477
394911 20 634
394941 11 493
394956 9 405
394959 9 262
395121 4 135
395242 18 23266
395572 5 1983
396122 10 456
396325 7 286
396563 6 2512
396611 2 611
399701 8 519
400058 1 83
402034 1 201
402044 1 448
402074 1 410
402078 1 320
402149 2 575
403308 5 1047
403427 3 445
403444 8 474
403581 1 1058
404187 2 273
404568 2 299
404777 2 635
404931 3 420
405752 1 892
405846 3 748
405991 1 276
406049 1 1791
406126 1 1298
407795 2 95
408988 12 519
409816 15 518
411766 6 350
415038 10 451
416408 2 501
416540 2 197
416722 4 130
419170 11 383
419228 25 1136
419764 1 83
420869 2 525
421100 18 705
421135 13 404
421143 7 707
421863 18 721
421910 1 428
421954 3 466
423333 2 91
423797 32 1718
424252 5 274
424688 7 208
424810 4 93
425188 15 472
425955 8 396
426858 6 453
428632 13 1472
429380 2 708
430449 3 269
430829 5 102
431153 5 877
431393 13 651
431394 3 592
431529 2 1142
431591 2 1271
431668 5 648
432118 3 143
432193 2 409
432223 5 124
432297 3 321
432315 1 438
433041 13 863
433528 5 161
433722 9 2969
434371 1 126
434891 1 214
435478 6 503
435513 7 318
437295 10 546
439010 5 544
439718 4 81
440727 6 394
441689 15 475
442065 2 359
442118 2 67
442450 44 1116
443124 4 472
443303 32 931
443306 5 561
443654 2 395
443741 2 437
444936 2 52
444969 2 293
445353 9 295
445691 5 99
445707 9 571
448494 3 288
451193 3 292
451205 6 327
452153 11 1056
452819 4 416
453344 11 574
454344 26 576
455838 12 259
455879 15 712
456013 2 881
457037 16 1087
457105 14 1808
457334 15 1691
457802 3 99
457905 1 315
458126 13 387
460255 15 578
460758 19 1301
461401 12 302
461670 36 1031
463693 10 169
464162 17 585
465213 4 87
466222 2 439
466386 8 200
466495 8 503
468454 1 396
468525 15 521
469039 14 639
469879 8 261
470017 11 241
470151 7 245
470253 3 326
470770 2 117
471553 10 493
471865 1 396
471905 18 859
472018 1 838
472180 2 401
472211 9 306
472657 1 91
472711 2 640
472906 19 422
473237 1 482
474166 17 438
474241 5 121
475378 20 452
475425 7 242
475491 2 113
477203 4 252
478275 11 470
478788 5 802
480090 3 656
480345 1 170
480917 1 202
481683 6 530
482210 6 517
482322 11 473
482454 4 424
482797 6 391
482958 11 793
486675 3 344
487064 8 205
488003 2 411
488557 14 479
489416 9 111
490193 6 422
490336 1 72
491070 4 222
491264 63 2438
492012 6 691
492402 1 326
492599 4 119
493872 12 332
493937 12 330
494136 3 520
495105 5 196
495376 1 536
495860 11 370
497013 4 2261
497702 3 167
498051 5 390
501744 4 82
502393 7 407
502458 1 93
503081 4 729
504416 3 422
504635 25 529
506988 2 325
509598 7 95
509892 17 467
512497 29 1672
514776 1 102
515763 10 613
516011 16 342
516174 19 420
517993 5 753
518667 4 108
518671 5 191
518723 16 404
519493 5 136
520608 10 1577
520609 45 1617
520728 7 185
521133 4 81
521477 7 198
522870 5 166
524907 7 132
525806 23 1391
526192 1 41
527132 20 600
527843 4 227
54 2 578
66 1 172
665 2 517
666 3 405
667 4 532
668 1 382
669 4 419
670 2 654
951 1 846
952 3 296
1646 1 55438
2268 2 547
2273 1 78
2339 5 224
2479 1 493
2480 3 318
3118 1 536
3119 2 170
3274 8 308
3699 4 463
3700 5 263
3702 8 532
3703 7 395
3704 11 509
3706 3 457
4303 1 494
4338 12 16989
5260 14 320
5405 3 490
5960 2 548
5963 27 676
5964 27 676
5965 27 676
5966 27 676
5967 27 676
5968 27 667
5969 27 676
5970 27 676
5971 26 651
5972 27 676
5973 27 676
5974 27 676
5975 27 676
5976 27 676
5977 27 676
5991 21 673
5992 21 673
5993 21 673
5995 23 691
6000 24 673
6001 24 673
6002 24 673
6003 24 682
6039 1 586
6439 172 6333
6578 3 441
6968 34 5837
6969 1 888
7034 10 529
7037 3 571
7038 5 641
7039 3 325
7090 6 1638
7446 2 300
8107 3 1238
8665 3 250
8711 1 470
8712 9 350
8720 3 324
8722 3 603
8724 3 504
8725 2 537
8727 4 709
9166 2 17203
9471 1 415
9652 3 366
9728 1 425
9866 1 278
9867 2 188
9929 1 543
10745 3 191
10747 3 237
10749 3 252
10761 2 500
10857 16 5056
11786 3 304
11787 2 247
12583 2 330
12709 4 20008
12963 2 420
12965 7 776
12966 8 691
12967 1 621
12969 5 647
12970 1 532
12985 2 7361
13026 2 1057
13029 8 702
13030 9 365
13189 2 293
13350 2 684
13400 21 1515
13831 1 198
14057 2 436
14080 1 442
14094 3 791
14098 2 769
14122 1 448
14981 1 297
15218 3 346
15219 2 172
15317 2 651
15681 8 464
15685 1 478
15829 1 265
15830 3 414
16424 2 310
16808 3 323
16872 2 305
17080 8 801
17229 1 302
17247 8 815
17271 8 601
17298 8 524
17366 2 422
17367 2 487
17516 8 200
17535 2 1657
18102 1 360
18103 5 349
18108 9 477
18110 1 92
18114 4 426
18115 1 439
18116 13 466
18119 5 335
18123 4 420
18124 2 322
18225 1 612
18271 1 243
18784 2 421
20406 6 350
20407 2 738
20943 6 821
20944 2 245
21614 2 32241
21677 5 528
21680 1 346
21745 4 490
21754 1 339
21822 3 315
22777 5 388
22778 2 276
22779 2 429
22780 2 550
22781 6 584
22782 3 628
22925 1 435
22944 1 266
24251 7 489
24252 14 683
24253 6 373
24601 1 341
24608 2 366
24823 2 1087
24831 4 420
24832 1 184
25218 1 9144
25246 1 326
25992 6 230
26152 8 1881
27576 2 317
27578 1 319
27806 2 478
27941 4 435
28603 2 617
28682 18 494
28795 3 239
28972 11 2567
28975 13 1782
29431 5 353
29614 1 213
30446 6 12899
30637 1 399
30638 1 478
30640 5 678
30641 2 489
30642 2 480
30645 7 437
30646 4 415
30647 5 218
30648 1 404
30649 3 417
30650 3 489
30652 8 562
30653 9 336
30655 14 493
30656 9 520
30659 1 377
30660 1 286
30661 2 421
30869 5 781
30872 2 662
30873 1 681
30874 4 713
30875 5 651
30876 5 651
30939 47 6023
31007 2 744
31008 3 472
31101 1 486
31487 8 516
31811 1 475
31846 2 5130
32089 16 2279
32306 5 447
32382 7 768
32667 2 330
32675 4 545
32728 1 448
32735 4 445
32754 7 361
32881 2 684
32883 23 2700
32887 6 408
32888 7 724
32889 3 179
32890 1 596
33030 27 895
33037 28 732
33624 4 703
33625 2 192
33765 2 167
33779 1 579
34059 2 418
34732 8 9225
34760 12 554
34765 10 861
35708 1 218
35719 2 1262
35992 1 377
36055 1 534
36056 4 258
36057 2 390
36058 4 589
36059 6 367
36081 1 606
36082 2 637
36087 2 370
36259 2 260
36286 1 260
36802 26 29903
36876 3 459
37629 3 669
37737 5 244
38378 1 288
38539 5 433
38540 5 423
38541 4 788
38542 7 515
38543 6 658
38544 19 591
38545 5 610
38546 3 579
38547 5 650
38548 4 393
38550 2 451
38564 1 475
38566 2 476
38567 3 798
38570 2 408
38574 5 644
38576 15 709
38577 2 498
38578 3 527
38579 1 522
38580 2 447
38582 6 505
38584 5 549
38585 16 813
38586 3 529
38587 2 545
38590 8 416
38591 5 566
38595 9 695
38597 2 109
38598 2 502
38600 4 570
38601 3 660
38606 6 790
38608 3 378
38609 6 557
38610 2 432
38612 12 467
38613 5 325
38619 11 971
38621 2 89
38962 8 418
39034 1 129
39073 2 665
39495 1 519
40061 1 19463
40359 3 4913
41789 2 220
41790 2 225
42004 2 961
42243 5 249
42625 3 507
42630 11 3801
42634 9 2549
42897 1 362
43049 2 419
43215 3 272
43472 2 206
43493 1 161
43600 2 222
43848 2 417
43855 2 416
43856 2 491
43857 3 385
43861 1 311
43862 3 256
43863 3 373
43865 2 504
43866 13 499
43870 5 450
43878 1 467
44179 1 493
44341 1 162
44751 2 583
45719 2 191
45767 5 445
45801 4 210
45939 28 707
45971 1 588
45972 2 371
46308 1 130
46311 1 206
46660 10 425
47011 2 425
47249 4 536
47250 8 332
47251 2 292
47252 4 374
47415 3 565
47418 3 398
48497 2 230
48853 7 378
50682 7 32839
50683 18 9266
51997 4 426
52000 1 363
52002 1 345
52007 5 548
52008 2 527
52009 1 261
52010 1 516
52014 1 407
52015 1 420
52018 1 476
52020 1 412
52025 2 653
52037 3 659
52038 1 485
52042 1 663
52052 1 557
52203 1 426
52214 1270 64459
53316 1 251
53317 33 5949
53318 1 1112
53398 2 560
53606 1 335
53915 1 415
54238 2 222
54408 4 457
54565 2 314
54579 5 318
54633 14 525
54635 16 463
54636 21 553
54637 29 658
54638 15 463
54639 14 405
54640 32 693
54641 25 655
54642 7 473
54643 17 635
54644 9 395
54645 10 524
54646 15 498
54647 12 431
54648 12 780
54707 1 466
54708 2 224
54709 5 788
54710 6 434
54711 1 438
54714 2 281
54716 2 378
54718 1 258
54723 10 500
54724 1 692
54729 3 374
54734 1 134
54737 1 679
54744 6 305
54746 2 530
54748 3 353
54751 1 366
54753 4 480
54755 3 595
54757 3 574
54758 3 227
54759 5 274
54760 4 517
54761 1 628
54762 4 484
54763 2 312
54765 3 477
54766 3 399
55371 1 52248
55435 2 736
55770 2 1035
55802 1 427
55877 1 533
55891 1 1041
55980 1 1937
56022 3 238
56083 2 542
56337 1 304
56572 2 208
57104 1 165
57172 6 691
59716 3 446
59954 3 826
60181 2 670
60539 1 146
60597 1 510
61328 2 211
62530 1 629
63521 1 183
64114 1 90
64711 1 69
64719 1 72
66402 1 210
67593 1 202
67783 1 342
68452 2 134
68581 2 186
68789 1 61
69177 2 207
69364 3 171
69856 1 231
71560 3 463
71978 2 218
72101 2 740
74414 3 282
74536 2 132
75048 1 724
75670 2 126
76101 1 187
76622 2 471
76980 4 368
80017 2 113
80045 1 597
80047 1 709
80265 2 562
80816 2 552
81223 1 659
81678 1 828
81871 1 232
81904 1 160
82790 1 146
82852 1 251
85006 1 64
85517 2 163
86561 1 161
88010 1 74
89614 3 444
90223 2 121
90983 1 112
93502 1 153
95498 1 112
95710 1 414
97288 2 382
98368 1 48
99162 4 157
99577 1 339
100971 2 522
101453 1 152
102341 2 56
103564 4 195
103855 1 162
104191 3 226
104237 3 204
104611 2 139
105437 1 379
106081 1 211
106422 1 108
106628 1 120
107575 5 965
108006 5 545
108446 1 304
109196 3 230
110685 1 181
110699 2 229
112133 1 92
112364 1 271
112780 1 184
114051 1 462
114089 1 200
114922 1 659
114924 2 549
114926 7 534
114929 2 776
115093 1 96
115378 1 154
116117 1 148
116528 1 184
116913 1 351
120150 1 450
120151 7 527
120398 1 148
123180 3 547
125769 1 145
126198 6 2638
126661 1 350
128556 1 158
128764 1 156
130370 3 827
130678 1 139
130828 1 78
132830 1 138
134284 1 179
135668 1 633
135862 5 723
136017 2 388
136033 2 147
137378 1 270
137451 2 188
137862 5 300
138514 1 101
138598 1 76
140022 2 92
140026 5 201
140100 5 202
140626 1 248
140673 1 132
141256 1 245
141868 4 80
142306 2 190
142372 2 77
142531 1 341
142532 2 160
142537 1 270
143472 1 248
143631 1 149
144208 3 77
144248 3 236
144858 1 327
144867 3 257
146115 2 64
146497 2 133
146883 1 746
148230 1 93
148607 1 205
148661 3 215
149670 1 76
149738 2 246
150378 2 168
151012 1 325
151743 3 729
151929 3 285
152694 3 606
152942 1 181
154149 1 522
154409 1 347
154560 2 182
154704 1 227
155438 4 176
155706 11 6252
156347 1 183
156350 3 445
156465 2 118
156762 1 488
156901 3 160
157859 2 198
160444 3 481
161469 4 85
161689 5 313
162196 1 73
163722 1 360
165446 2 590
166665 1 89
168255 2 603
169550 1 354
170639 1 212
172103 1 193
172943 1 543
173455 1 214
174556 3 223
174948 1 338
175007 3 311
177711 1 534
177777 2 177
179235 1 504
179965 2 339
180887 6 387
180905 1 228
181120 2 244
182414 3 500
183155 2 141
184415 1 523
184426 1 650
184687 3 1178
186555 9 729
186944 1 247
187006 2 512
187362 2 706
187501 2 237
187502 1 367
187532 5 272
187993 3 310
188857 1 224
189501 1 119
189890 2 272
190205 1 577
190650 3 194
190926 2 588
191081 2 210
191503 1 328
191584 1 255
191912 3 723
192490 1 238
192643 1 208
192777 3 156
192784 3 205
193168 1 297
194405 1 167
194818 3 511
196638 6 318
197701 7 817
198220 3 255
198377 2 550
198378 1 502
198614 1 245
199255 1 225
199894 2 285
200319 2 305
201252 2 172
201352 1 275
201846 1 108
202324 1 252
202639 2 227
203423 3 212
203502 1 89
204867 1 117
204916 1 124
205708 1 751
206482 1 195
207148 1 396
207988 2 630
210394 2 72
210434 2 392
210769 6 531
212061 2 513
212080 2 1064
217833 2 273
217878 4 532
218013 1 166
218070 5 306
218222 1 595
220242 1 570
221653 3 277
221729 1 62
222173 4 370
222659 3 548
222907 4 484
223415 1 224
224108 1 270
224292 1 152
226093 1 481
226847 6 454
228431 2 767
228464 2 265
229845 2 206
231682 3 550
233051 5 404
234739 18 1168
236029 3 478
236522 2 83
237254 13 392
237354 1 54
237427 1 274
237483 10 493
238187 1 391
239042 1 73
239691 1 680
240435 3 155
240955 4 240
241076 1 575
241228 1 501
241725 2 459
242167 1 177
242520 7 343
242753 3 101
242973 1 218
245774 2 559
247138 1 228
247139 1 269
250243 2 170
250255 2 318
250325 2 6286
250360 2 294
250777 7 280
252247 5 388
252625 7 485
252637 1 554
253792 3 240
253794 2 271
254330 3 227
254817 4 248
256049 3 180
256154 1 351
256986 1 167
260879 1 751
261423 2 153
261810 5 265
261912 2 370
263649 1 255
264366 4 546
265810 7 16729
265816 1 25803
265845 1 17259
268498 2 438
268548 1 247
270504 2 116
270890 1 2870
272893 1 445
274137 1 901
279096 1 5450
284483 1 203
284911 6 363
285362 1 181
285609 5 129
286848 1 785
286851 1 474
286985 6 5408
287040 1 554
287374 3 331
287894 4 175
287906 1 5750
287923 2 346
287936 1 237
287937 2 278
287939 5 245
287948 2 188
287961 2 492
287980 1 547
288003 1 350
288006 5 968
288025 2 210
288036 5 823
288088 2 121
288120 2 202
288145 2 697
288178 1 317
288190 2 181
288201 3 327
288203 1 213
288206 2 487
288207 5 1121
288213 3 201
288234 4 309
288238 6 367
288364 1 126
288567 1 351
288605 3 330
288674 6 368
289348 1 18428
289812 1 526
290435 1 8814
290440 2 15196
292701 1 2069
292801 2 279
292921 5 245
293299 3 191
294375 3 170
296520 1 86
297054 1 372
301784 2 188
301865 2 18367
303731 1 3106
303734 4 25485
303801 2 201
304802 1 364
305468 1 233
306267 1 179
306276 26 970
307203 1 172
307298 1 610
307357 2 383
307363 2 323
307391 5 381
307414 2 247
307439 2 990
307449 1 453
307453 30 49380
307729 2 605
307938 2 190
308186 9 36306
308513 4 8438
308598 2 5851
308789 1 3638
308827 1 3641
308919 2 13545
308929 1 12027
308973 2 13545
308983 1 12027
313355 1 173
314089 2 188
314446 2 488
314822 3 6501
315943 1 233
320248 9 13098
322628 1 83
325422 1 458
325533 1 1753
325537 3 4579
325538 1 1844
325587 16 2931
326044 1 427
326081 1 233
326089 1 217
326091 1 159
326112 4 209
326123 16 14885
326129 1 67196
326138 1 153
326150 2 124
326151 2 387
326152 2 602
326176 1 367
326435 1 169
326526 2 146
327122 5 16929
327123 5 16927
327394 4 22044
329141 1 569
329231 2 7437
329804 1 7586
332572 1 403
336348 1 820
338216 1 125
344360 3 136
344739 1 261
344774 1 200
346235 1 416
346281 1 1726
346328 1 815
346625 1 919
347720 1 3607
347837 5 63219
347869 1 47445
347870 2 1104
348031 19 1254
348043 2 901
348057 6 898
348059 1 1679
348660 1 168
348731 1 152
348733 1 162
348741 1 325
348744 2 3039
348758 1 950
348760 1 593
348762 11 823
348764 3 701
348765 2 409
348768 11 823
348791 1 131
348800 1 407
348813 1 212
348850 4 751
348851 2 576
348876 2 181
348882 5 282
348884 1 229
348998 1 213
349033 2 138
349036 4 901
349693 1 2709
349704 1 2127
349804 12 953
349994 1 8773
350021 1 6267
350039 1 1010
350066 3 3165
350075 4 912
350134 4 1379
350138 1 2976
350324 13 2190
352321 1 363
352325 1 354
352395 3 226
353096 7 482
354691 3 158
354916 2 164
355010 1 318
355088 1 169
355162 3 2615
356757 1 620
357323 1 5269
357330 1 280
357508 4 832
358397 2 4529
359152 3 9815
368699 2 159
369427 9 600
370121 3 146
371140 4 234
372086 2 409
372089 2 769
372278 4 28092
372720 1 260
372966 1 314
372976 2 486
373014 1 3572
373023 1 735
373026 4 620
373035 9 597
373052 1 171
373058 3 190
373059 5 1969
373073 5 727
373078 2 472
373093 4 370
373102 3 225
373113 1 320
373125 1 170
373153 3 150
373162 4 426
373164 2 693
373168 2 680
373173 6 357
373184 1 362
373185 1 355
374014 105 80805
374295 1 397
374296 1 552
374534 1 646
376386 3 9418
376440 1 1977
376472 1 3670
377408 4 1599
378225 6 176
378226 5 191
378354 1 317
381231 8 167
385107 1 410
385486 1 6673
393816 2 253
393845 126 2852
393846 32 1228
393847 20 2167
394716 1 2905
394809 4 1375
394898 27 26758
394909 4 508
394910 1 477
394911 1 634
394941 2 493
394956 2 405
394959 4 262
395121 6 135
395242 8 23266
395572 40 1983
396122 2 456
396258 2 38258
396325 2 286
396563 3 2512
400058 1 83
402000 2 1044
402034 1 201
402078 2 320
402149 1 575
403308 6 1047
403427 1 445
403444 1 474
404187 2 273
404568 1 299
404931 1 420
405993 1 1165
406103 1 316
406195 1 499
407795 2 95
408988 3 519
409816 3 518
411766 7 350
415038 2 451
416408 1 501
416540 2 197
416975 7 272
419170 1 383
419228 5 1136
419764 1 83
421100 4 705
421135 5 404
421143 2 707
421863 5 721
421954 1 466
422258 1 335
423797 3 1718
424252 10 274
424688 1 208
424810 2 93
425188 3 472
425955 2 396
426796 3 41
426858 1 453
428632 6 1472
429380 2 708
430449 4 269
430829 3 102
431153 2 877
431393 4 651
431394 1 592
431668 7 648
432118 4 143
432223 4 124
432297 1 321
432315 1 438
433041 1 863
433528 2 161
433722 5 2969
434371 1 126
435478 2 503
435513 2 318
437295 2 546
439010 9 544
439718 2 81
440727 2 394
441689 4 475
442065 3 359
442118 1 67
442450 7 1116
443124 2 472
443303 14 931
443306 3 561
443741 1 437
444969 7 293
445691 2 99
445707 2 571
448494 3 288
451193 1 292
451205 1 327
452153 8 1056
453344 4 574
455838 2 259
455879 6 712
457037 18 1087
457105 5 1808
457334 1 1691
457802 1 99
457905 6 315
458126 1 387
460758 18 1301
461401 1 302
461670 4 1031
463693 2 169
464162 3 585
465213 1 87
466222 1 439
466386 2 200
466495 5 503
468525 9 521
469039 4 639
470017 7 241
470253 2 326
471905 12 859
472180 2 401
472211 3 306
472654 1 77
472657 1 91
474166 3 438
474241 2 121
475425 4 242
475491 1 113
477203 1 252
478275 2 470
478788 6 802
480090 2 656
481683 1 530
482210 8 517
482322 7 473
482454 1 424
482797 4 391
482958 5 793
486675 1 344
487064 1 205
488003 1 411
488557 2 479
489416 2 111
491070 2 222
491264 21 2438
492402 3 326
492599 2 119
493872 4 332
493937 4 330
494136 3 520
495860 2 370
497702 3 167
498051 2 390
501744 1 82
502393 1 407
503081 1 729
504416 3 422
504635 2 529
506988 2 325
509598 2 95
509892 7 467
512497 4 1672
514776 5 102
515763 4 613
516011 2 342
516174 1 420
517993 1 753
518667 1 108
518723 4 404
519493 1 136
520608 3 1577
520609 6 1617
520728 2 185
520956 1 95
521133 1 81
521477 9 198
522870 5 166
524907 2 132
525806 11 1391
526192 1 41
527132 4 600
527843 2 227
