617 8 475
1490 1 222
1908 8 295
1909 16 436
3065 5 212
3066 10 222
3359 2 491
4220 2 344
4222 20 356
4696 5 4744
8123 4 143
9686 9 310
10144 4 405
10384 4 711
10386 3 346
10409 16 534
10422 5 557
10469 11 448
10471 6 461
11715 33 624
11716 21 441
12173 12 410
12174 8 443
12176 5 432
12177 12 391
12862 4 450
12985 1 7361
13485 2 296
13486 2 258
13662 2 277
14764 1 343
14768 1 345
14776 2 221
14821 4 269
14822 13 315
14824 11 404
14825 6 320
14826 4 271
14827 5 299
14828 9 396
15113 1 469
17640 32 854
18074 12 218
18075 41 719
18076 18 571
18080 10 242
18083 16 534
18084 13 497
18085 5 454
18087 23 585
18088 14 481
18090 24 397
18091 20 435
18092 5 442
18093 19 516
18587 1 484
18712 1 440
18720 1 326
19039 6 457
19040 6 440
19041 13 433
19042 3 314
19043 2 382
19044 2 315
19045 5 401
19046 8 582
19047 5 555
19048 3 481
19050 4 440
19051 1 433
19052 4 519
19053 3 346
19618 2 295
20135 6 128
20815 3 3591
20974 11 532
21459 4 16007
23325 6 587
24738 1 341
24742 22 507
25168 2 301
25169 5 426
25170 1 250
25373 18 350
25374 11 388
25375 8 474
25433 3 408
25454 3 486
25464 1 179
26006 5 350
26007 10 333
26010 11 272
26011 19 433
26012 3 426
26017 8 379
26018 9 378
26020 4 494
26064 31 938
27301 1 420
27303 7 647
28659 12 453
28660 4 332
28847 4 359
29332 19 535
29333 23 566
29341 7 278
29342 23 592
29544 1 224
29655 1 252
30077 8 274
30078 2 341
30079 5 215
30080 6 303
30081 21 360
30083 14 370
30084 8 270
30085 12 278
30086 14 360
30090 5 329
30092 9 372
30093 24 226
30094 31 255
30095 20 281
30096 24 281
30097 13 296
30098 21 382
30099 6 297
31090 3 432
32170 5 561
32204 1 501
32227 1 491
32912 14 331
34271 1 355
34899 10 398
34901 3 415
36102 6 580
36557 3 3638
36684 2 610
36691 1 552
36802 1 29903
36888 3 225
38688 5 2505
38735 10 306
38736 7 356
38775 13 545
40187 15 300
40359 1 4913
41660 6 310
41661 9 321
41662 8 342
41665 6 381
41666 7 283
41671 9 394
41677 13 379
41678 9 457
41679 5 313
41682 11 427
41683 11 287
41684 7 262
41693 12 359
41697 10 459
41698 7 271
41699 10 385
41700 3 341
41702 12 443
41706 9 331
42305 1 982
42524 9 515
42526 2 356
42715 7 421
42721 1 372
43707 8 349
43708 6 427
43712 4 394
43714 3 227
43715 6 284
44764 17 537
45279 2 74
45570 10 277
45571 13 301
45572 7 148
45573 17 383
45574 6 409
45575 2 137
45578 4 198
45579 9 297
45580 7 244
46917 3 10490
47786 4 2387
48967 1 373
52277 5 135
52507 2 930
53025 2 641
53994 3 4216
55371 1 52248
55596 12 524
55599 4 459
55603 1 398
55608 1 304
55619 6 443
55667 1 275
56201 6 140
56441 1 194
56739 1 1642
57743 1 130
59599 1 298
61087 1 387
61366 2 880
62045 1 1756
62210 1 496
62777 3 391
64666 1 397
65345 1 158
66123 1 522
69307 5 439
69551 3 393
70433 3 269
71855 2 373
71929 1 302
72019 4 247
72030 1 544
72031 2 294
72612 5 465
73016 2 564
73226 1 403
73314 1 152
73679 1 178
75248 2 365
75467 1 278
75957 2 962
76662 5 2416
76681 6 448
77130 3 444
77207 2 513
77209 1 289
77211 1 539
77249 3 581
77626 1 261
82028 1 91
85588 3 636
85607 1 539
90519 3 390
90787 6 534
91786 5 392
92858 2 685
99320 2 452
105544 1 191
108036 3 441
109002 1 2579
109723 1 570
112923 1 96
115809 1 124
116914 1 397
117713 1 97
119540 19 1154
120244 1 334
120790 16 1231
120886 1 147
120890 1 200
122766 1 176
123911 1 104
123916 2 181
131617 2 557
132374 2 519
132865 1 303
132970 1 628
134523 1 290
137908 2 378
143753 1 229
145115 1 136
145323 3 734
147388 1 330
148639 1 391
150081 5 330
150709 1 556
160302 3 111
163249 1 42
164396 1 49
165793 1 574
165862 1 138
166091 1 407
166108 1 324
166421 1 752
168756 1 1592
169754 8 173
173050 1 499
177881 2 211
178035 4 214
178153 8 295
180906 2 71
182475 1 308
183701 2 599
184387 1 46
185614 2 223
192147 1 376
193801 1 808
194888 1 173
196113 2 106
198466 1 463
200739 2 182
201863 3 226
202516 1 404
204518 4 738
206748 1 668
207942 1 377
210510 1 274
211282 1 266
212642 7 290
213539 1 240
215377 4 208
217627 7 296
220233 1 130
220300 1 220
224692 1 121
224759 2 246
224814 6 228
225193 2 306
225209 2 212
225928 1 245
227849 1 188
227962 2 714
228182 2 138
228498 7 259
233047 14 351
236002 1 311
237323 1 444
237421 2 1019
237479 1 655
237494 2 204
237737 1 664
238723 1 1249
243855 1 234
244333 3 212
244545 1 264
246700 1 478
247642 1 238
248549 4 115
249354 1 102
249646 5 361
251163 1 678
253479 2 84
253524 1 134
253577 2 332
253865 2 506
255073 1 362
255690 2 597
255830 1 403
256830 2 177
257049 2 504
259218 3 275
259308 3 420
261432 1 302
263959 2 68
265813 1 4655
267033 2 2148
267634 1 1621
267636 5 2539
269891 1 268
270481 2 4619
273038 4 429
274036 2 2768
277174 1 278
278733 2 237
279742 1 637
280265 1 376
280619 2 11500
285314 1 489
285696 1 257
285833 1 362
286117 1 966
286123 2 290
286189 3 502
286221 9 1494
286222 3 1825
286583 27 19748
286660 1 1065
287160 2 477
287784 2 921
289126 1 428
289538 2 4464
289734 1 4107
289753 2 4176
289932 2 4403
290095 4 1992
290405 12 1244
290406 12 2246
290466 2 7226
291731 1 131
291887 2 389
293387 1 990
294169 1 180
295828 1 2091
297919 2 1235
298411 1 3213
301865 13 18367
302718 1 1377
304562 7 612
305325 1 770
305414 3 839
305967 1 604
306792 1 908
307540 2 426
307545 1 1104
308370 1 1030
308464 1 838
308598 1 5851
308859 13 5677
308905 1 4556
308959 1 4556
309911 3 115
310622 3 337
312277 1 952
314008 1 330
314083 3 5179
314484 1 2656
316518 1 712
316763 1 92
317265 1 773
320247 2 10051
325051 3 1863
325130 2 2645
326245 1 152
326879 27 2230
326883 1 4723
326909 3 644
326960 4 3440
326962 3 4501
327349 12 8654
328506 7 4280
329225 1 7875
329414 1 2749
329721 1 1477
332362 1 292
332563 3 113
333217 1 176
333656 2 215
333672 1 2618
336030 1 2998
336719 1 6871
338510 2 2483
340451 1 227
344378 3 356
344756 1 3477
345553 1 226
345738 1 305
345842 1 360
346204 1 754
346291 1 157
346482 2 430
346929 1 298
347358 1 248
347517 1 1502
348744 1 3039
349934 1 1580
350177 1 1689
350454 2 4709
350648 5 149
352175 3 1351
352626 9 7519
353101 10 817
353975 1 3081
355400 1 439
355404 2 243
358123 2 1521
360100 1 552
360800 1 158
361105 2 4143
361195 1 1514
363453 2 3056
365956 1 361
369858 1 484
370193 1 291
370245 1 1549
370276 1 487
370400 1 378
371289 1 1788
371823 1 2221
371842 13 1073
371888 2 1732
372406 9 14595
372411 1 2791
373029 3 1467
374232 11 1121
374978 2 4182
376072 11 2235
377560 1 6597
377934 1 210
378071 1 7768
378195 12 343
378239 12 197
378693 2 199
380046 1 287
380190 1 4356
380547 2 4345
381036 4 127
382635 1 438
383726 1 236
383815 1 449
384602 1 3928
384703 5 1631
384706 1 955
384735 20 284
384833 3 1077
384979 1 146
391706 1 746
391841 1 605
392265 2 1090
392287 1 197
393090 3 1466
393101 1 1198
393232 1 392
393621 22 1782
393628 3 396
393629 3 327
393656 1 2138
393672 1 2138
393894 1 532
394063 9 1487
395795 1 943
395836 1 4836
395950 1 1711
396088 1 3539
396258 1 38258
396475 3 1067
396531 5 2870
396563 9 2512
396910 6 250
397053 2 127
397354 6 792
397374 3 234
397733 9 1315
398046 1 1608
398301 1 551
398378 12 732
398471 4 1035
399115 15 517
399149 3 1963
399208 3 133
400102 1 296
400913 3 17082
401679 6 627
401692 23 757
401939 2 385
402132 1 466
402194 23 828
402544 15 937
402557 23 819
402978 1 774
402992 1 81
403113 5 342
403171 2 428
403185 1 855
403533 2 73
403706 4 85
404238 2 162
404364 1 1314
404573 33 1164
404805 2 532
405959 28 1096
407637 9 536
407792 9 467
407919 11 450
408317 2 2578
408384 8 289
409366 1 604
410466 4 665
413026 3 543
413182 6 498
413434 10 2936
413503 1 567
414150 14 920
414217 1 471
414267 16 1128
414935 21 779
415259 21 1135
415653 4 3455
416061 2 133
416131 1 566
416264 4 398
416781 1 348
416811 1 523
416943 26 576
416980 3 1622
419531 6 162
419814 10 924
419999 5 117
420504 9 231
420505 9 862
420640 3 822
421272 2 602
422331 26 582
422332 14 459
422814 2 1056
422859 6 242
422885 5 121
422905 22 683
423667 5 866
424554 1 403
424825 2 101
425093 1 91
425192 4 575
425956 4 403
426061 11 1520
426418 21 756
426877 3 100
427423 10 1433
427506 10 1485
427508 8 437
427981 18 842
428698 2 1077
428833 6 588
428861 1 732
429067 3 1372
429209 1 443
429351 2 111
429381 1 1211
429769 7 162
429928 4 219
430009 6 209
431337 1 2257
431489 10 901
431553 3 1001
431762 2 216
431764 7 454
431765 6 640
432196 1 265
432926 3 2146
433482 5 224
433608 3 1153
433851 7 1181
435028 8 426
435740 36 1390
436014 22 433
436334 6 3020
437928 39 1235
438030 10 262
438033 1 77
438124 1 521
438536 4 202
438886 1 1180
439716 4 93
440049 1 1043
440267 4 397
441638 2 1508
442141 4 518
442202 2 140
443039 1 122
443066 1 726
443177 6 493
443204 6 112
443302 4 788
443336 1 610
443551 1 196
444107 3 640
444477 1 304
444539 1 597
444728 3 1170
444891 6 406
444998 9 432
445221 4 363
445496 10 185
445736 1 327
446751 5 1399
446823 20 1567
446850 15 1179
447704 8 211
448427 1 436
448849 7 485
449004 9 744
449120 5 511
449603 2 105
449782 4 446
450319 12 371
450754 6 917
450972 3 106
451541 6 242
451647 2 563
452566 6 201
452642 2 108
453158 20 1390
453297 19 657
453764 1 327
453971 3 435
454790 3 601
454856 3 285
454959 3 433
455228 5 784
455657 2 303
455672 6 379
456010 3 479
456618 7 1982
456700 1 906
457954 5 439
458380 1 95
458773 6 483
458950 1 88
460189 32 526
460266 3 659
461474 1 289
461637 9 153
461667 7 1320
461783 4 1940
461816 6 397
462748 28 582
463062 1 374
463212 3 300
463620 9 273
463771 1 628
463823 16 606
464179 11 1717
464787 12 323
465145 30 1343
465244 4 120
465847 8 354
466424 2 444
467252 2 157
468523 9 571
469226 1 1014
469343 12 328
469421 26 741
469893 3 470
469895 14 186
469899 2 443
470187 6 669
470480 12 416
470497 4 115
470843 1 321
471477 5 1127
471609 2 1060
471734 5 491
471748 19 895
471956 1 168
472062 4 1014
472131 3 409
472754 6 581
472800 15 914
472956 3 286
473419 2 239
473732 1 202
473758 7 648
474384 26 1185
474874 1 588
475930 25 585
475960 12 349
476330 9 1604
476373 2 262
476589 27 450
476895 13 643
476986 12 1017
477243 6 294
477954 1 90
478480 3 415
478960 3 669
479372 18 750
479919 5 160
480510 7 1198
482942 3 718
483345 1 474
483759 19 2593
483945 2 75
484400 22 806
485838 8 330
486215 2 1197
486300 8 219
486533 5 171
487520 1 1432
487564 1 570
487925 1 279
489473 8 375
490285 8 1055
490674 5 1312
491330 1 266
491355 7 250
491364 2 400
491883 12 926
491941 1 96
492461 15 547
492729 4 152
492755 1 186
493912 10 474
493986 27 722
493993 1 150
494126 3 101
494145 1 700
494305 3 324
494651 9 616
494790 3 155
495217 19 1291
495542 4 341
495570 1 421
495598 3 167
495836 17 579
496114 8 453
496353 6 667
497013 5 2261
497390 2 790
498308 10 350
498739 2 163
499274 8 87
499337 5 445
499662 8 182
499737 6 551
499747 4 128
500381 18 659
500469 1 877
500763 4 128
500913 3 414
500915 5 596
501291 10 567
501451 5 256
501550 5 190
501575 8 557
501669 5 115
502365 17 771
502381 20 744
502537 8 331
503195 1 1505
503219 7 124
504304 11 774
504694 1 1765
505648 34 1633
506918 2 486
507118 4 1918
507259 31 1103
508579 3 698
508833 5 115
509022 4 122
509151 4 113
509219 7 184
509276 10 339
509870 5 120
509994 10 457
511344 1 712
512471 2 231
512739 31 1108
513055 13 409
513724 1 949
514555 7 1293
514918 27 740
514976 12 576
515226 2 1029
515283 4 1583
515340 3 2052
515345 5 654
515613 4 72
515614 2 118
515615 2 38
515616 6 139
516125 1 254
516136 7 246
516653 7 461
517014 2 126
517294 5 1860
517552 1 177
517989 1 610
518285 1 216
519338 5 850
519585 1 303
520225 1 675
520601 7 832
520799 6 438
521307 9 775
522250 7 359
522557 1 441
522682 2 187
522873 11 167
522978 22 860
523100 6 200
523122 16 738
523424 2 558
523939 6 438
523951 4 366
524476 1 210
524525 16 753
525282 3 230
525365 3 230
525606 4 2915
525845 10 1632
526007 1 180
526086 3 631
526104 6 849
526300 1 173
526402 5 809
526471 8 431
526632 1 354
528062 2 2803
617 1 475
2095 9 300
3823 8 455
4505 17 183
4547 1 384
8056 4 393
8146 8 257
10422 1 557
10857 11 5056
11386 9 300
12709 48 20008
12822 3 441
12862 1 450
12985 4 7361
13250 14 247
13481 11 200
13485 1 296
13486 1 258
13598 1 516
14125 23 493
14764 2 343
14768 1 345
14780 1 321
15021 2 856
15531 6 686
15588 1 426
17907 9 300
18074 1 218
18083 1 534
19039 16 457
19040 8 440
19041 13 433
19042 3 314
19043 6 382
19044 2 315
19045 15 401
19046 7 582
19047 7 555
19048 6 481
19049 2 454
19050 6 440
19051 3 433
19052 4 519
19053 6 346
20815 8 3591
21104 10 602
21614 71 32241
22114 3 532
22260 2 340
22399 9 300
23326 2 476
23364 9 300
23988 26 366
24406 3 210
24662 9 300
25433 11 408
25454 5 486
25464 3 179
26011 1 433
26507 4 75
27301 4 420
27303 4 647
27670 7 285
28627 6 573
28847 1 359
29655 1 252
30394 2 257
30556 6 197
32204 1 501
32227 1 491
32380 9 300
32622 15 605
32936 8 193
33278 6 589
34717 2 316
36557 7 3638
36684 6 610
36691 2 552
36707 2 201
36802 3 29903
37470 24 328
38433 9 298
38688 4 2505
38807 4 304
39599 32 447
40161 2 215
41678 1 457
41855 9 129
43021 13 276
43100 3 303
46368 9 300
46545 1 654
46917 4 10490
47569 9 300
47786 3 2387
48967 1 373
50225 9 300
50682 3 32839
51265 8 297
51879 2 268
52214 1 64459
52507 1 930
52663 12 225
53633 8 298
53994 2 4216
54077 7 506
54096 18 408
54097 12 434
54109 20 353
54120 18 317
54325 23 462
54329 10 279
55025 5 187
55371 1 52248
55558 9 300
55606 2 395
55983 10 562
58577 1 491
59131 10 219
59304 1 694
60105 5 225
63955 5 744
64612 4 396
66182 8 528
72565 7 153
82489 12 512
82721 3 206
83194 3 195
86334 2 115
86487 4 345
88312 9 526
89538 8 528
95625 9 241
108928 19 549
109039 6 1279
111587 2 119
112972 4 132
113876 8 350
118953 6 217
119391 5 469
119595 9 479
120886 1 147
120890 1 200
122554 7 181
123450 13 471
125640 5 187
125701 2 206
125984 7 239
125985 10 394
126696 12 767
128745 9 471
130014 3 175
130660 9 424
131397 4 189
131860 3 231
132374 8 519
132865 1 303
133579 7 286
133989 13 490
135507 1 327
137142 5 513
137145 3 294
139471 7 204
140968 2 222
140972 1 347
140974 3 326
145323 1 734
152551 1 149
157263 3 486
160800 1 811
162352 1 268
164162 3 256
168096 1 48
183985 9 1126
192147 2 376
202353 1 193
206748 1 668
210538 2 194
215401 9 596
220300 1 220
223687 1 668
225209 1 212
230878 5 852
235786 2 237
237431 1 377
237440 1 410
237686 1 205
238723 1 1249
249354 1 102
251097 2 90
265805 1 863
265810 15 16729
265813 26 4655
265816 12 25803
265840 2 1268
265845 3 17259
265854 12 21100
266335 1 205
266808 1 186
266854 1 1990
267335 1 135
267340 1 139
267398 1 437
267524 1 290
267567 5 3974
267577 3 6751
267611 1 324
267623 44 442
267629 14 342
267636 2 2539
267661 4 224
267663 5 5386
267733 51 1986
267776 1 218
267778 24 5216
267834 1 1920
267844 7 375
267864 5 1514
267871 1 514
267890 3 182
267893 2 147
268028 1 3609
268160 1 649
268189 1 196
268199 10 189
268251 2 795
268314 1 490
268333 2 356
268483 1 386
268541 1 290
268571 1 137
268608 1 334
268688 1 569
268706 1 1374
268707 1 393
268708 15 285
268721 3 529
268728 1 369
268819 1 213
268826 1 1179
268949 2 174
268951 1 1563
268954 8 474
268966 1 1072
268977 1 1714
269061 7 214
269188 23 386
269197 7 1281
269262 1 291
269271 2 401
269336 7 149
269350 2 555
269501 1 148
269502 5 282
269562 1 172
269602 1 255
269674 11 194
269725 2 209
269769 1 474
269794 1 164
269817 11 223
269882 1 392
269891 1 268
269939 2 638
269994 1 2943
270177 2 818
270481 1 4619
270576 7 266
270645 3 188
270718 2 1300
271474 2 190
271495 1 149
271508 1 218
271621 1 124
271735 1 328
271939 1 433
271966 1 607
272076 2 142
272205 10 1661
272219 1 179
272240 3 351
272671 22 4397
272782 1 347
272822 9 746
272866 5 383
272981 1 237
272998 7 1472
273108 1 184
273320 1 501
273364 1 128
273589 1 1837
273656 1 148
273794 1 147
273939 1 105
274036 1 2768
274108 1 91
274112 3 135
274531 1 466
274585 1 236
274590 3 1117
274979 2 125
275119 1 218
275486 1 784
275597 1 443
275671 3 597
275812 1 544
275974 1 205
276152 1 307
276247 2 297
276314 1 308
276327 1 306
276391 2 231
276438 1 441
276476 6 195
276675 1 355
276774 1 705
276820 11 247
276828 1 645
276896 2 240
277101 2 188
277129 1 195
277174 1 278
277180 3 236
277181 1 208
277247 2 96
277352 2 539
277440 2 269
277521 1 152
277627 10 204
277666 1 501
277678 1 349
277791 5 1085
277925 1 346
278217 2 104
278248 1 232
278377 2 78
279438 1 1283
279742 1 637
280265 1 376
280619 6 11500
282556 3 1968
282619 2 707
283041 2 268
283209 10 1947
283854 15 900
284724 23 754
284775 4 469
285314 8 489
285378 6 557
285472 4 1080
285490 6 520
285696 1 257
285833 4 362
286117 15 966
286123 5 290
286189 1 502
286222 1 1825
286326 41 1953
286331 7 4171
286334 7 2720
286354 1 1664
286357 35 1346
286362 3 1066
286491 1 543
286583 4 19748
286660 25 1065
287784 2 921
289126 1 428
289538 1 4464
289628 2 713
289629 2 634
289734 8 4107
289753 2 4176
289765 47 1306
289932 8 4403
290067 3 831
290095 4 1992
290150 2 274
290405 3 1244
290465 10 15747
290466 106 7226
290621 4 96
291731 1 131
291823 9 1219
291887 1 389
292044 4 1687
292247 90 1272
292248 5 1907
292356 10 161
292368 6 1504
292372 4 1005
292405 2 202
292505 6 2460
292522 32 922
292523 3 1050
292835 2 3737
292895 32 1777
293194 42 3062
293376 1 190
293387 67 990
293388 23 244
294169 1 180
294967 12 7544
295191 2 135
295564 8 2044
295828 7 2091
297517 3 365
297919 2 1235
298411 5 3213
298658 15 261
298922 5 448
299379 11 197
300551 6 120
301865 9 18367
301898 1 297
302718 1 1377
303734 15 25485
304562 2 612
305325 1 770
305414 1 839
305801 1 396
305967 4 604
305973 1 774
305977 2 3942
306588 1 834
306680 51 1483
306792 1 908
307453 4 49380
307511 1 182
307540 6 426
307545 2 1104
307721 22 478
307722 1 117
308370 4 1030
308403 6 1398
308464 1 838
308513 8 8438
308537 4 835
308598 22 5851
308859 4 5677
308905 2 4556
308907 6 13313
308919 4 13545
308947 14 16976
308953 12 14138
308959 2 4556
308961 6 13313
308973 4 13545
309001 14 16976
309007 12 14138
310283 6 2491
311214 19 3439
311591 12 172
311612 59 887
311642 1 668
311934 21 505
312168 18 1381
312275 3 110
312277 3 952
312914 4 211
312926 9 440
313370 3 136
313996 8 153
313998 6 166
314008 1 330
314209 6 1129
314484 3 2656
314538 5 1587
316518 3 712
316553 5 867
316763 7 92
317107 11 200
317265 7 773
317283 7 455
317482 3 1742
317681 1 317
323068 4 437
323238 3 538
323626 8 745
324754 1 702
325051 6 1863
325096 3 5659
325103 2 837
325121 53 3700
325130 4 2645
326129 16 67196
326245 1 152
326879 2 2230
326883 2 4723
326909 3 644
326960 1 3440
326962 2 4501
327122 68 16929
327123 68 16927
327349 5 8654
327384 9 19585
327394 13 22044
327407 24 18061
329225 7 7875
329226 10 8776
329231 9 7437
329263 12 1639
329407 4 7463
329414 1 2749
329479 13 1864
329507 27 1157
329569 8 7587
329721 3 1477
329824 27 1157
329902 51 984
330699 1 171
330719 1 338
331112 2 610
331248 6 87
331275 3 154
331424 21 185
331615 11 2342
332362 2 292
332563 2 113
333217 5 176
333303 1 350
333598 6 520
333656 6 215
333672 1 2618
335913 2 721
336030 5 2998
336719 11 6871
337048 3 209
337840 2 494
338114 7 203
338510 2 2483
341110 4 86
341407 3 57
341410 2 295
344378 2 356
344756 6 3477
345738 2 305
345842 3 360
346204 6 754
346291 1 157
346482 1 430
346929 3 298
347517 5 1502
347696 114 3468
347761 5 3747
347837 43 63219
347869 11 47445
349611 2 109
349705 8 448
349769 1 88
349920 2 831
349934 1 1580
349957 6 471
349994 8 8773
350177 7 1689
350449 15 14072
350454 6 4709
350479 9 11696
350496 7 14081
351287 1 151
352150 13 1201
352175 46 1351
352427 9 154
352450 18 5502
352626 9 7519
352703 7 248
353020 2 723
353101 3 817
353259 4 1077
353365 5 1557
353793 36 1127
353819 1 286
353954 6 167
353975 37 3081
354045 6 3330
354319 5 1758
355400 1 439
355404 2 243
355488 4 200
355969 3 162
356114 2 94
356761 3 661
356793 9 198
358123 6 1521
358749 8 421
359152 37 9815
359336 3 988
360100 1 552
360317 1 119
360365 5 1408
360585 4 440
360708 4 155
360756 3 389
361105 6 4143
361195 1 1514
361413 8 839
362299 19 479
362484 6 297
363453 2 3056
364966 1 1400
365956 1 361
367586 1 796
367879 3 2971
368326 2 604
369325 2 111
369858 13 484
369881 32 2118
370193 3 291
370245 3 1549
370276 3 487
370400 6 378
370611 4 543
370686 7 235
371755 37 686
371761 2 983
371772 17 4220
371774 1 982
371779 78 1555
371785 46 1358
371789 4 1662
371823 1 2221
371839 12 4897
371840 32 852
371841 6 1329
371842 1 1073
371888 6 1732
371891 40 2907
371899 40 2226
372406 15 14595
372411 1 2791
372995 6 207
373029 1 1467
373834 5 44460
374128 3 4783
374263 1 169
374505 10 1572
374974 2 12901
374978 21 4182
374994 15 13993
375569 2 213
376072 7 2235
376386 11 9418
376610 5 7750
376777 1 329
377017 3 1109
377197 7 8628
377498 16 4385
377558 1 390
377560 7 6597
377652 5 1976
377934 5 210
377935 3 3616
378071 5 7768
378195 2 343
378352 12 216
378419 2 707
379174 3 154
379395 48 2563
380046 3 287
380190 5 4356
380547 1 4345
380668 10 1993
381230 5 1326
381987 4 6233
382635 3 438
383726 4 236
383801 4 1022
383815 1 449
383822 12 123
383828 13 2521
384021 7 1503
384585 4 2617
384602 1 3928
384703 4 1631
384706 1 955
384833 1 1077
385182 3 2730
385344 6 205
385486 9 6673
385978 20 2267
385981 4 2546
388578 4 68
389148 1 199
389319 30 310
391698 7 1029
391706 1 746
391841 3 605
392265 2 1090
392287 1 197
393090 1 1466
393101 2 1198
393232 1 392
393308 7 494
393526 3 8178
393535 5 1406
393559 3 1213
393562 8 1965
393568 5 2556
393628 1 396
393629 2 327
393643 4 2561
393653 7 1991
393656 5 2138
393672 5 2138
393673 19 10585
393747 2 58177
393894 15 532
393951 42 1337
394063 2 1487
394898 2 26758
395640 4 17885
395795 2 943
395836 2 4836
395846 3 3596
395927 25 869
395950 8 1711
395976 3 1478
396088 5 3539
396258 11 38258
396475 3 1067
396531 1 2870
396694 8 575
396726 4 307
397354 1 792
397374 1 234
397589 2 66
397810 8 405
398046 1 1608
398301 1 551
398378 1 732
398471 14 1035
398481 1 546
399115 5 517
400102 1 296
401939 3 385
402132 1 466
402992 1 81
403741 1 1302
404247 3 291
404364 2 1314
404805 1 532
405597 13 375
405962 9 608
407637 4 536
408317 1 2578
408869 1 139
409366 4 604
410466 17 665
410707 1 506
411409 1 255
411499 6 223
411684 15 799
413434 1 2936
413503 1 567
413699 4 490
413761 21 1147
414034 36 1320
414217 2 471
414458 17 443
415653 1 3455
416131 11 566
416781 10 348
416811 13 523
416980 3 1622
417375 13 398
418791 6 323
420028 5 387
420640 1 822
421272 2 602
422331 2 582
422332 2 459
422553 2 357
422814 2 1056
422885 6 121
423164 1 102
423494 2 204
423667 1 866
424554 8 403
424825 5 101
425093 1 91
425518 18 506
425956 5 403
426877 1 100
427423 1 1433
427474 1 390
427506 1 1485
428680 16 587
428698 1 1077
428861 9 732
429067 1 1372
429209 2 443
429351 4 111
429381 1 1211
429928 9 219
431337 9 2257
431553 1 1001
432196 2 265
432926 1 2146
433608 10 1153
434604 2 248
435167 2 286
435517 3 661
436334 4 3020
436814 12 380
436884 12 386
437129 2 114
437326 4 497
438124 9 521
438405 12 587
438886 2 1180
439023 2 606
441383 6 458
441638 4 1508
442141 2 518
442202 1 140
443066 2 726
443302 3 788
443314 10 398
444107 6 640
444728 3 1170
445496 1 185
446319 1 345
446428 19 762
446751 2 1399
448427 4 436
449004 1 744
449603 4 105
449782 2 446
450540 3 126
450732 1 622
450754 4 917
450826 3 64
451541 1 242
452642 6 108
454055 3 50
454790 1 601
454856 10 285
454957 1 86
454959 10 433
455784 8 932
456010 4 479
456968 2 1071
457954 6 439
458871 7 313
458950 1 88
460266 3 659
461414 1 192
461783 1 1940
462068 1 506
463129 10 190
463206 3 234
463212 3 300
463771 1 628
463823 1 606
463854 1 575
465458 15 614
466308 1 457
466414 4 628
466884 4 699
467501 8 448
468523 1 571
469226 1 1014
469343 2 328
469421 5 741
469632 7 498
469893 2 470
470124 13 367
470187 1 669
470813 5 551
470843 10 321
471893 12 649
472062 2 1014
472131 3 409
473095 1 245
474874 3 588
476024 7 287
476211 29 680
476212 5 584
476373 1 262
476816 3 1129
478480 2 415
478541 13 276
480033 1 191
483340 1 495
483345 7 474
483950 9 120
483990 7 82
484400 1 806
486215 3 1197
486533 1 171
487848 8 875
487925 5 279
489945 7 476
490083 1 192
490674 1 1312
491330 1 266
491355 1 250
491364 1 400
491412 4 462
491883 1 926
491941 1 96
492017 6 776
492451 2 348
492524 9 1127
492755 1 186
493767 2 261
493898 1 822
493986 2 722
494126 1 101
494145 1 700
495188 9 578
495836 2 579
496241 2 93
497013 1 2261
499337 1 445
500469 2 877
500763 1 128
500913 3 414
500915 3 596
501291 1 567
503195 1 1505
503228 5 924
503849 14 413
504560 1 372
504694 20 1765
505290 36 1168
505648 2 1633
506918 3 486
507118 2 1918
507304 1 773
507422 2 1401
508579 2 698
509212 3 875
509276 1 339
511344 1 712
513370 1 704
513426 1 73
513724 1 949
513745 12 345
514555 1 1293
514918 1 740
515226 1 1029
515283 25 1583
515340 29 2052
515898 3 481
516125 4 254
517014 1 126
517294 4 1860
517552 7 177
517989 1 610
518285 1 216
518810 4 254
519338 3 850
519397 5 230
519999 1 171
520225 1 675
520601 3 832
522557 10 441
522731 1 439
523122 6 738
523283 2 89
523424 7 558
524819 4 136
524837 1 71
525585 1 57
525606 1 2915
526007 1 180
526086 2 631
526320 2 38
526378 1 465
526444 1 568
526764 6 258
527612 1 204
528014 23 1113
