33561 3 3210
35865 2 830
56433 1 68
58549 3 111
58947 4 145
60115 1 34
60257 3 72
60784 20 1023
60809 7 158
61082 1 54
61747 2 33
61833 12 514
62097 1 117
62916 2 355
63525 6 110
63604 5 184
63954 13 493
65824 7 211
65946 1 35
67701 2 50
68290 4 380
73063 12 270
75579 1 27
76852 12 501
77014 1 38
78071 3 64
78107 2 335
78895 19 508
82530 18 2134
83681 2 51
85685 2 79
85873 2 57
86120 5 241
86167 14 536
86581 7 233
86725 8 231
90421 1 787
92575 17 368
96595 1 484
99184 5 199
103125 1 587
105037 15 700
105041 17 676
105043 22 929
106147 1 1650
106259 10 201
106424 17 574
106474 10 509
107505 12 490
107506 14 591
107540 19 509
107649 16 551
107650 13 580
107749 1 1093
108577 10 292
109039 1 1279
110363 2 82
112689 2 340
114181 1 29
114817 4 323
115720 16 511
115732 12 742
117326 2 54
119011 13 617
120299 2 40
120723 1 167
123225 3 38
123401 7 239
123922 1 333
127010 3 34
128738 14 540
129772 2 383
130715 4 698
131379 1 58
132175 11 278
133159 8 441
134204 1 753
136456 5 142
138882 2 77
139020 2 77
140168 2 189
141794 4 67
141937 3 53
143044 4 41
144164 2 775
144292 4 135
147520 4 346
148580 15 452
150979 9 300
150982 9 300
151274 3 264
151554 6 209
151561 4 77
151968 6 175
153023 12 331
153833 7 169
154319 8 232
156505 6 284
156569 7 326
156859 2 46
157238 4 128
157690 6 120
158340 3 86
158881 13 848
160564 6 251
160952 5 137
161436 12 548
161440 19 826
161442 15 600
161443 17 791
163857 13 431
164422 1 605
166945 1 56
167215 4 61
167812 8 326
167969 7 328
168025 8 394
168565 1 306
168628 11 484
170885 15 335
171464 39 1448
173160 5 252
173323 4 50
173606 2 138
173704 1 70
173877 3 474
174060 1 274
174308 1 110
176575 1 132
176899 3 1577
176914 2 219
177323 6 184
177326 7 430
177328 9 250
177609 5 247
177850 2 41
178040 5 200
178249 6 292
178295 5 325
178465 3 319
178466 2 274
178471 13 219
178996 2 5818
179351 8 542
179423 2 259
179424 6 1062
179425 4 305
179427 6 269
179474 5 440
179491 4 198
179540 4 443
179541 3 1136
179601 9 406
179653 5 489
179654 1 283
179655 2 307
179657 5 195
179686 8 343
179795 3 258
179851 2 404
180078 3 232
180304 5 306
180367 3 451
180383 1 119
180508 2 280
180786 3 346
181169 6 216
181388 4 315
181550 3 510
181578 12 397
181832 2 116
181921 4 308
182193 5 252
182227 3 236
182241 2 260
182509 5 301
182516 7 245
182751 3 337
183276 6 280
183928 4 260
184190 4 317
184390 2 392
184572 1 177
184575 3 216
184717 3 304
184881 3 256
185031 4 350
185037 3 321
185096 4 187
185349 6 234
185353 1 50
185358 3 283
185605 2 249
185615 1 166
185617 4 305
185665 4 259
185888 2 358
185953 7 375
185962 8 373
186046 7 210
186047 5 461
186053 9 294
186054 2 171
186055 2 239
186056 4 284
186104 8 401
186112 5 257
186113 2 122
186118 4 276
186311 4 285
186558 7 359
186759 5 292
186770 5 267
187039 7 321
187223 3 557
187287 16 650
187347 3 405
187538 3 304
187971 4 194
188372 3 324
188507 5 342
188651 12 346
188851 7 619
188852 3 203
189304 1 196
189519 1 60
189944 3 211
190228 3 226
190245 1 210
191005 5 262
191047 8 118
191248 5 375
191304 3 247
191789 7 451
191954 4 194
192122 2 309
192127 1 218
192136 4 320
192165 4 305
192368 3 302
192387 3 86
192754 2 68
192762 5 91
192858 4 373
192903 5 302
193012 5 393
193022 9 544
193057 41 1114
193058 15 407
193059 3 207
193062 9 297
193065 1 239
193068 10 265
193071 5 274
193131 7 111
193134 10 490
193224 4 46
193254 8 383
193296 15 705
193393 9 422
193399 5 288
193573 2 211
193747 7 347
193799 6 278
193998 8 315
194532 1 278
195125 2 416
195128 2 262
195843 4 429
195848 6 310
196065 3 372
196074 1 250
196126 2 403
196665 2 1336
196970 10 229
197191 3 273
197828 5 284
197976 5 594
198110 3 1245
198231 5 486
198232 2 307
198863 4 268
199129 5 280
199644 5 159
200081 3 221
200268 4 252
200468 13 603
200521 6 503
200725 4 46
200767 4 260
201255 6 314
201324 3 1347
201371 4 265
201432 7 535
202016 3 265
202289 18 488
202335 5 200
202571 1 144
202578 1 146
202914 2 216
202920 2 264
203116 5 278
203128 4 335
203554 4 280
203739 10 706
203801 2 274
203808 2 255
203863 4 338
203927 4 325
204232 2 587
204288 3 317
204289 7 253
204292 3 270
204510 1 322
204712 5 264
204915 3 275
205236 3 218
205735 6 230
205854 6 389
206102 4 271
206249 10 266
206452 7 462
207194 2 317
207430 3 256
207502 1 1213
207798 2 223
208009 3 215
208012 2 433
208085 1 336
208205 5 256
208506 9 6627
208847 6 238
208970 6 261
209073 4 257
209621 3 326
209706 3 235
209841 2 275
209911 3 274
210009 9 368
210505 2 136
211076 6 241
211191 4 287
211426 7 728
211458 4 232
211737 1 256
211738 6 407
211741 6 314
212235 1 241
213752 1 83
214857 15 675
215120 3 207
215674 21 1233
216000 12 468
216357 5 1090
216631 2 271
216894 2 149
216903 5 212
216990 18 836
216998 15 696
217004 13 784
217005 19 785
217180 5 199
217636 4 297
217828 2 205
218029 8 579
218089 4 81
218094 3 393
218157 2 282
218342 2 164
218350 1 98
218891 2 278
219067 6 191
219101 5 287
219253 3 277
222163 1 247
222220 2 289
222687 4 207
223292 1 1373
223409 2 107
223612 2 232
223814 2 461
224203 2 125
224546 3 212
224751 2 146
225286 1 362
225886 3 289
226132 3 223
226400 7 258
226778 4 186
226780 3 445
226825 2 245
227002 2 281
227242 4 339
227836 1 195
227961 3 399
227991 4 270
228188 3 245
228193 4 305
228703 3 298
228976 7 285
229989 3 258
230066 20 587
230068 15 583
230072 17 609
230074 16 747
230342 1 212
230511 3 291
230576 4 275
230693 12 472
230804 2 286
230906 10 583
230933 7 939
231004 2 171
231008 3 319
231304 7 324
231481 5 479
231534 5 305
231667 13 329
231668 4 390
231780 7 446
231984 7 357
231986 3 288
232037 4 357
232221 1 253
232255 5 240
232334 1 700
232379 9 988
232398 5 303
232399 5 316
232400 5 140
232430 1 137
232617 3 415
232689 3 98
232692 8 440
232822 8 361
232880 6 331
232883 3 402
232884 4 235
232886 6 394
232888 10 414
232889 13 626
232890 3 353
232892 1 87
232934 5 549
233061 2 429
233062 8 330
233118 3 353
233131 4 370
233235 2 335
233452 5 312
233569 1 42
233985 3 209
234175 2 188
234384 2 224
235731 15 472
237176 2 77
237328 3 127
237501 1 235
237645 3 317
237904 11 281
238211 1 67
239808 1 61
239893 6 394
239972 4 302
240164 2 280
240195 4 311
240341 13 1212
241244 7 258
241473 2 97
241687 14 823
242226 7 346
243817 5 228
245128 3 283
245392 1 67
245568 5 99
246016 4 215
246469 1 275
246508 3 426
246633 4 559
246689 3 196
247130 2 407
247649 5 245
247732 4 1323
247857 8 310
248140 4 343
248287 15 571
248343 3 268
248350 5 253
248603 7 183
248929 8 363
248936 8 352
249341 14 640
249429 1 158
249535 5 224
249822 4 178
249824 5 194
249872 5 364
250000 3 270
250461 2 260
251192 5 1291
251515 2 195
252596 1 180
252719 6 283
252769 2 283
252972 8 562
252974 3 360
253298 7 390
253503 3 289
253509 3 263
254022 6 304
254092 7 501
254181 1 1275
254644 5 306
254844 3 445
254891 2 264
255133 5 384
255141 5 330
255530 4 283
255595 10 457
257389 1 92
257821 6 216
257829 5 174
257980 3 283
258450 6 253
259022 6 311
259092 2 215
259371 2 1300
259547 5 300
259637 4 360
259701 3 450
259715 3 386
259716 4 204
259718 1 367
259719 3 320
259978 1 238
260302 2 198
260514 4 200
260519 1 284
260748 7 233
260856 2 1241
260923 9 385
260974 2 309
261193 4 343
261198 2 289
261425 5 478
261427 2 232
261429 3 412
261431 2 241
261494 3 310
261689 4 180
261746 3 279
261925 4 204
261995 1 71
262105 7 258
262164 3 264
262509 4 220
262515 1 98
262590 1 68
262618 5 1235
262848 4 675
262924 1 676
263147 1 82
263418 8 267
263611 16 1011
263670 2 516
263671 4 308
263877 2 284
263936 2 284
264282 12 474
264539 8 284
264540 10 287
264569 7 457
264737 1 653
265244 1 273
265292 10 430
265304 8 324
265395 9 412
265407 7 302
265451 1 253
265854 2 21100
267558 1 5952
283819 5 299
283986 14 751
283987 8 517
284037 1 349
284130 6 609
284134 1 237
284135 3 456
284372 4 153
284812 6 328
284818 3 148
285023 2 235
285024 1 306
285029 3 146
285075 1 135
285357 7 455
285381 2 285
285449 2 269
285464 4 504
285540 1 170
285572 10 407
285584 2 461
285632 1 203
285633 1 174
285679 3 124
287110 1 859
288824 3 243
288970 8 255
289259 2 290
289348 1 18428
290911 1 486
291048 1 358
292845 3 729
300982 1 3200
301865 1 18367
303901 10 535
303903 6 543
303904 7 443
303905 2 153
303906 4 238
303969 3 353
304030 2 303
304032 4 440
304063 2 360
304066 5 151
304141 3 324
304143 2 601
304201 7 365
304207 12 789
304212 15 705
304325 2 284
304326 5 631
304373 10 287
304527 11 728
304528 2 582
304594 2 173
304653 4 267
304659 4 267
304660 2 234
304661 4 360
304662 2 234
304769 11 2418
304893 2 301
304894 4 236
305202 16 483
305354 5 326
305355 6 510
305401 7 215
305463 10 292
305519 7 377
305520 4 389
305532 6 382
305706 7 223
305771 2 152
323715 2 386
323928 2 543
323929 1 217
323963 4 355
324035 7 324
324505 3 326
324614 18 2934
324802 2 327
326693 1 209
328506 1 4280
341705 14 302
342964 1 1402
345471 2 178
345581 2 178
345635 2 224
345662 4 386
345682 4 243
345821 2 344
346021 1 222
346078 2 675
346119 1 460
346120 14 346
346279 2 388
346464 9 566
346682 3 617
347390 1 369
347869 1 47445
363965 1 6146
369577 4 183
370064 2 574
370598 5 2392
371017 1 245
371035 6 209
371169 6 275
371248 6 332
371650 6 374
371738 17 583
371739 3 251
373559 4 346
373686 3 1078
373816 2 231
383637 1 267
385486 1 6673
385698 2 287
385699 18 435
386652 2 380
391579 4 218
391621 11 756
392670 2 146
392671 6 274
392706 3 318
392707 3 289
392708 4 277
392975 11 537
392976 3 369
393011 46 2028
393028 5 284
393083 5 557
393119 1 146
393143 6 382
393202 2 321
393235 5 564
393387 2 334
393388 1 271
393389 3 641
393390 2 306
393391 3 269
393441 8 421
394898 1 26758
396191 11 597
396258 2 38258
423223 22 1496
423690 13 953
428492 13 497
440039 19 505
440435 1 811
443014 10 262
444858 6 91
445551 2 36
445908 4 74
446359 14 476
454406 12 784
458097 24 926
462286 6 218
469607 3 100
471549 12 519
473512 2 952
476304 15 341
476525 20 1010
496966 2 82
497032 2 99
497985 12 471
498192 2 148
498202 1 95
501093 3 252
501307 2 76
504902 11 124
508820 12 369
519652 1 1237
525184 2 177
526991 4 115
528059 12 450
33561 1 3210
47642 1 11472
56041 1 343
56750 5 144
57301 7 163
57677 5 150
58981 2 995
61849 3 125
61965 2 36
62916 2 355
63604 2 184
64636 4 124
65800 1 217
65824 1 211
71101 3 69
72761 9 182
74131 3 67
75263 5 225
75315 4 272
76852 1 501
77014 2 38
77563 6 132
78107 2 335
86120 1 241
86609 2 50
91979 1 1997
93418 1 127
94403 1 262
97043 2 82
103917 1 58
104273 5 90
104469 10 231
105043 1 929
106264 4 953
107585 6 611
107650 1 580
109039 5 1279
109612 12 762
110363 2 82
112083 2 55
112218 2 47
112689 2 340
113151 2 53
115112 4 149
115294 2 227
115732 2 742
117731 2 72
118746 5 144
120856 13 902
121302 3 188
123666 4 199
123922 2 333
125398 2 166
127064 6 258
127652 1 337
129468 4 209
129772 1 383
130245 8 249
130662 6 216
130715 6 698
131379 1 58
133159 2 441
133551 2 121
135142 1 40
135271 1 264
136496 3 268
140168 2 189
141910 1 476
142053 4 249
142227 4 163
142231 4 175
144164 1 775
144384 1 54
144503 4 129
150018 6 211
150979 2 300
150982 2 300
151274 1 264
151554 1 209
154655 2 74
155307 8 298
155558 3 234
156505 1 284
156569 1 326
156641 2 49
157238 4 128
157690 1 120
160952 1 137
161229 7 310
161436 1 548
161443 2 791
162830 2 60
165516 5 223
166512 6 250
167812 1 326
167969 1 328
168025 3 394
168565 2 306
168628 2 484
171464 2 1448
172983 3 113
176575 1 132
176899 1 1577
176914 6 219
177326 3 430
177328 3 250
177609 2 247
177989 6 325
178040 4 200
178062 7 297
178249 3 292
178295 3 325
178465 2 319
178466 1 274
178471 2 219
179351 7 542
179423 3 259
179424 7 1062
179425 2 305
179427 1 269
179474 5 440
179491 1 198
179540 2 443
179541 4 1136
179601 8 406
179653 3 489
179654 6 283
179657 1 195
179686 5 343
179795 3 258
179851 6 404
180078 3 232
180304 1 306
180367 2 451
180508 1 280
180786 6 346
181169 5 216
181388 3 315
181550 5 510
181578 5 397
181832 3 116
181921 4 308
182193 2 252
182227 1 236
182241 2 260
182509 3 301
182516 3 245
182751 7 337
183276 3 280
183928 6 260
184190 8 317
184390 6 392
184575 4 216
184717 7 304
184881 9 256
185031 7 350
185037 6 321
185096 2 187
185349 2 234
185353 1 50
185358 3 283
185605 1 249
185615 2 166
185617 3 305
185665 3 259
185888 2 358
185953 7 375
185962 6 373
186046 1 210
186047 4 461
186053 2 294
186054 6 171
186056 2 284
186104 5 401
186112 3 257
186113 3 122
186118 5 276
186311 5 285
186558 4 359
186759 3 292
186770 1 267
187039 4 321
187223 4 557
187287 1 650
187347 1 405
187507 4 253
187538 3 304
187971 5 194
188191 1 578
188372 5 324
188507 9 342
188851 7 619
188852 2 203
188907 2 81
189304 4 196
189944 3 211
190228 1 226
190245 1 210
191005 7 262
191140 3 238
191248 3 375
191304 4 247
191789 7 451
191954 5 194
192122 2 309
192127 3 218
192136 4 320
192165 6 305
192368 1 302
192387 1 86
192754 1 68
192762 1 91
192903 4 302
193012 4 393
193022 1 544
193057 13 1114
193058 5 407
193059 2 207
193062 1 297
193065 3 239
193068 2 265
193071 3 274
193131 1 111
193134 5 490
193254 4 383
193296 6 705
193393 5 422
193399 3 288
193573 2 211
193747 2 347
193799 2 278
193998 4 315
194532 3 278
195125 8 416
195128 4 262
195216 2 323
195339 5 265
195372 3 346
195843 7 429
195848 5 310
196065 4 372
196126 3 403
196665 2 1336
196970 2 229
197516 6 285
197828 1 284
197976 4 594
198110 1 1245
198231 2 486
198232 3 307
198859 6 905
198863 2 268
199129 2 280
199644 3 159
200081 1 221
200268 1 252
200521 2 503
201255 2 314
201324 7 1347
201371 6 265
201432 7 535
202016 1 265
202289 2 488
202335 1 200
202571 1 144
202578 1 146
202914 4 216
202920 4 264
203116 1 278
203128 6 335
203739 4 706
203801 2 274
203808 2 255
203863 1 338
203927 5 325
204232 6 587
204288 6 317
204289 9 253
204292 4 270
204510 3 322
204712 4 264
204915 3 275
205236 4 218
205735 1 230
205854 2 389
206102 4 271
206249 4 266
206452 4 462
207194 1 317
207430 2 256
207502 1 1213
207798 4 223
207821 3 87
208009 3 215
208012 5 433
208085 3 336
208205 4 256
208847 3 238
208970 3 261
209073 4 257
209564 2 251
209621 1 326
209706 3 235
209841 5 275
209911 2 274
210009 4 368
210493 2 83
210505 2 136
211076 1 241
211191 2 287
211426 5 728
211458 4 232
211737 10 256
211738 1 407
211741 10 314
212235 2 241
213829 1 83
214030 6 191
215120 3 207
215147 1 75
215674 7 1233
216357 6 1090
216631 5 271
216894 3 149
216903 5 212
217005 2 785
217180 1 199
217636 1 297
217828 5 205
217859 3 86
218029 3 579
218094 1 393
218342 1 164
218891 1 278
219067 1 191
219101 2 287
219253 1 277
221232 6 153
222163 1 247
222687 4 207
223292 2 1373
223612 1 232
224203 3 125
224751 2 146
225809 6 254
225816 16 785
225886 2 289
226132 1 223
226400 3 258
226778 1 186
226780 4 445
227002 3 281
227242 3 339
227836 1 195
227961 6 399
227991 2 270
228188 2 245
228193 2 305
228976 2 285
229989 1 258
229993 1 598
230072 14 609
230074 15 747
230342 3 212
230511 5 291
230576 4 275
230804 4 286
230906 4 583
230933 5 939
231004 2 171
231008 6 319
231304 4 324
231481 3 479
231534 2 305
231667 4 329
231668 4 390
231780 2 446
231984 1 357
231986 3 288
232221 5 253
232255 1 240
232334 1 700
232379 9 988
232398 4 303
232399 2 316
232400 4 140
232430 2 137
232617 2 415
232689 1 98
232692 3 440
232822 6 361
232880 4 331
232883 2 402
232884 3 235
232886 3 394
232888 5 414
232889 6 626
232890 3 353
232892 2 87
232934 3 549
233061 1 429
233062 4 330
233118 4 353
233131 5 370
233235 3 335
233452 7 312
233569 2 42
233985 5 209
234175 3 188
234384 1 224
235731 7 472
236759 4 268
236781 2 298
237317 9 296
237501 1 235
237645 4 317
237904 4 281
238211 3 67
239808 2 61
239893 4 394
239972 2 302
240164 2 280
240195 1 311
240559 5 180
241244 1 258
241473 3 97
243817 2 228
244681 1 253
245128 1 283
245392 1 67
245568 3 99
246469 4 275
246508 3 426
246633 4 559
247130 4 407
247649 1 245
247732 4 1323
247857 5 310
248140 3 343
248287 7 571
248343 1 268
248350 1 253
248603 5 183
248929 2 363
248936 3 352
249209 3 367
249341 2 640
249404 1 725
249649 4 309
249822 6 178
249824 3 194
249872 3 364
250000 4 270
250461 2 260
251192 5 1291
251515 2 195
252596 4 180
252719 4 283
252769 4 283
252972 8 562
252974 5 360
253298 4 390
253503 7 289
253509 5 263
253830 11 347
253834 8 324
254022 4 304
254092 9 501
254181 4 1275
254644 5 306
254844 3 445
254891 2 264
255133 4 384
255141 2 330
255530 4 283
255595 6 457
257389 1 92
257821 2 216
257829 2 174
257980 5 283
258450 3 253
259022 3 311
259050 5 531
259092 3 215
259371 8 1300
259547 1 300
259637 4 360
259701 6 450
259715 6 386
259716 3 204
259718 6 367
259719 3 320
259978 5 238
260302 1 198
260514 3 200
260519 1 284
260748 3 233
260856 3 1241
260923 4 385
260974 3 309
261193 2 343
261198 4 289
261425 2 478
261427 1 232
261431 5 241
261469 1 68
261494 3 310
261746 1 279
261925 2 204
261995 2 71
262105 3 258
262164 3 264
262509 1 220
262515 4 98
262618 5 1235
262924 1 676
263418 2 267
263611 4 1011
263670 2 516
263671 4 308
263877 1 284
263936 1 284
264539 2 284
264540 2 287
264569 5 457
264737 1 653
265244 1 273
265292 2 430
265304 5 324
265395 2 412
265407 5 302
265451 1 253
265794 23 774
265819 1 2191
265821 5 709
265823 1 660
265995 7 1841
266055 1 79
266413 1 84
266511 5 195
266512 1 116
266699 4 171
266835 1 356
266854 18 1990
267083 1 180
267119 8 2283
267296 21 4554
267391 2 132
267452 1 411
267558 1 5952
268565 1 454
270393 2 109
270416 3 117
270903 1 238
271105 4 526
271889 4 940
272639 12 338
272797 33 2220
272983 5 113
273682 3 174
273686 6 207
274312 2 307
274557 1 213
274703 2 183
274895 2 624
274954 2 958
275057 10 1927
275484 1 243
275652 2 603
276189 1 207
277635 1 638
277990 3 177
277995 3 264
278254 9 324
278388 25 442
278530 2 92
278585 1 135
279000 52 1524
279170 3 202
279229 54 2024
279236 36 500
279376 1 187
279377 23 462
279475 3 137
279513 22 461
279543 6 154
279577 4 1260
279579 2 218
279649 1 123
279666 11 269
279747 3 325
279902 2 121
279950 3 2882
279986 14 209
280033 4 166
280255 6 163
280262 14 214
280271 5 194
280385 5 390
280490 15 2200
280619 11 11500
280860 1 528
280866 5 306
281510 1 239
281511 1 114
281800 3 4068
282409 3 172
282868 3 278
283141 3 4279
283819 3 299
283844 3 139
283866 1 88
283923 13 1958
283938 2 94
283978 2 95
283986 11 751
283987 5 517
284037 2 349
284130 8 609
284134 4 237
284135 3 456
284372 4 153
284518 3 146
284779 4 169
284812 4 328
284813 1 188
284818 2 148
285023 6 235
285024 3 306
285029 2 146
285036 1 436
285075 2 135
285354 9 244
285357 8 455
285381 2 285
285449 1 269
285464 6 504
285540 2 170
285572 8 407
285584 8 461
285631 2 145
285632 3 203
285633 2 174
285671 4 793
285679 1 124
286583 17 19748
287110 5 859
287605 3 370
288824 6 243
288837 3 115
288970 2 255
289259 2 290
289348 37 18428
289825 1 1411
289826 1 1025
289970 1 1220
290037 1 1937
290069 4 779
290125 4 3028
290137 2 1480
290420 12 1345
290432 2 396
290440 2 15196
290526 6 1039
290527 1 458
290583 6 1280
290656 11 250
290761 1 284
290764 1 2010
290766 4 312
290767 10 846
290769 1 405
290837 7 2137
290864 3 820
290887 5 1293
290911 3 486
290925 5 238
290971 5 151
291005 2 137
291022 2 143
291023 2 144
291039 1 328
291055 2 247
291060 6 292
291064 2 234
291118 10 1888
291136 2 135
291153 1 483
291155 2 403
291160 4 148
291161 1 114
291188 1 237
291222 1 1040
291229 3 354
291230 1 119
291235 4 504
291241 2 340
291267 1 174
291282 1 150
292275 3 763
292845 1 729
293853 3 87
294756 4 132
295079 2 326
296111 4 148
297128 2 186
297213 4 592
297390 2 303
297459 12 4676
297813 9 1661
297900 17 3097
297942 1 1523
298007 1 1523
298642 3 97
298701 1 243
298899 4 637
299570 24 321
299575 18 1118
299881 23 343
299903 4 274
300092 17 301
300309 16 301
300786 1 69
300944 1 85
300961 1 102
300982 2 3200
301150 8 414
301157 1 254
301167 1 248
301198 2 2151
301211 2 90
301327 5 87
301865 12 18367
302091 9 1765
303251 1 281
303483 2 152
303734 24 25485
303901 3 535
303903 8 543
303904 10 443
303905 5 153
303906 6 238
303969 4 353
304030 3 303
304032 1 440
304063 7 360
304066 6 151
304141 5 324
304143 6 601
304201 6 365
304207 2 789
304212 17 705
304308 5 647
304325 2 284
304326 3 631
304373 3 287
304527 4 728
304528 4 582
304594 2 173
304653 5 267
304659 5 267
304660 5 234
304661 6 360
304662 5 234
304769 21 2418
304893 9 301
304894 6 236
305136 1 595
305189 3 141
305202 2 483
305292 1 122
305354 3 326
305355 3 510
305401 5 215
305463 5 292
305519 7 377
305520 8 389
305532 11 382
305771 1 152
306102 1 242
306521 19 2018
307453 2 49380
308186 1 36306
308212 3 760
308284 6 1171
308924 41 1522
308978 41 1522
309025 5 141
309161 1 301
309274 1 534
309315 7 225
309460 2 174
309509 1 157
309632 1 151
309633 2 141
309699 1 495
309736 2 191
309797 5 191
309863 5 168
309864 3 78
310062 2 99
312098 1 277
312666 3 2349
313015 3 83
314083 5 5179
314270 11 4790
314822 37 6501
315302 3 158
315376 7 2290
315700 1 144
316862 6 672
317063 3 2375
317978 4 116
318021 15 1075
318054 1 359
318202 1 85
318259 17 257
318310 9 993
318628 21 371
318876 3 230
319297 61 1479
319359 1 232
319475 1 279
319784 1 1164
319976 25 1008
320058 9 716
320168 1 1112
320181 22 376
320187 37 2039
320248 6 13098
320362 50 2349
320817 25 1385
323715 6 386
323928 7 543
323929 3 217
323963 1 355
324035 7 324
324200 16 1430
324378 1 89
324504 2 273
324505 1 326
324614 27 2934
324802 1 327
326129 80 67196
326704 5 156
326826 4 875
327478 5 1362
327723 1 183
327942 20 339
327996 4 188
328011 3 116
328096 5 139
328279 2 260
328346 5 160
328354 1 339
328462 5 99
328506 3 4280
328823 1 107
330924 11 211
331364 1 146
331389 2 264
331805 33 988
333094 1 95
333685 1 246
333764 8 2687
334061 4 1245
334838 5 369
334993 7 964
335224 1 298
335235 1 119
335319 1 130
336048 12 1358
336124 1 81
337992 2 3059
338467 11 675
339034 13 293
339135 5 664
339183 22 398
339287 5 227
339363 3 68
339366 1 169
339395 13 2048
339545 10 170
339548 26 344
339561 1 202
339683 7 353
339745 3 86
339834 6 344
339865 3 631
339923 13 312
339924 10 471
340021 7 303
340046 34 1304
340049 11 225
340108 1 304
340124 5 169
340142 16 325
340281 10 243
340283 4 851
340297 40 1300
340302 5 106
340303 1 88
340546 10 399
340607 18 954
340667 32 1454
340668 32 1454
340736 10 354
340813 4 265
340922 1 274
340926 1 93
341036 5 259
341170 26 1315
341240 5 1432
341419 22 1318
341439 28 1738
341440 36 1299
341705 8 302
341764 24 775
342241 1 90
342313 1 122
342964 2 1402
343268 1 136
343647 1 116
343947 6 2644
344061 1 80
345361 2 165
345470 5 198
345471 1 178
345581 5 178
345635 3 224
345662 1 386
345681 4 181
345682 1 243
345821 6 344
346021 2 222
346066 1 123
346078 9 675
346119 7 460
346120 1 346
346279 7 388
346457 1 129
346464 10 566
346682 2 617
346765 1 111
347104 1 828
347390 11 369
347837 1 63219
350055 4 2601
350986 1 115
351009 2 950
351236 3 86
351576 15 323
351702 1 119
352644 1 281
352751 3 238
353362 1 137
354207 44 1373
355294 8 2205
355794 3 322
356887 1 1182
357512 7 404
358200 17 5800
358744 1 126
359152 4 9815
359479 6 3524
360507 15 2484
361213 3 690
362147 15 1524
362605 50 1540
362873 20 301
363061 8 168
363062 32 501
363277 19 295
363416 22 272
363453 27 3056
363596 1 166
363634 10 1743
363880 29 553
363965 8 6146
364200 19 269
364201 24 294
364777 40 624
364883 34 2891
364890 24 363
364897 1 711
365197 15 1256
365290 13 699
365436 8 635
365653 30 427
365654 12 180
368536 8 1307
369577 4 183
370064 13 574
370598 2 2392
371017 9 245
371169 4 275
371248 2 332
371650 1 374
371671 1 1194
371738 7 583
371739 1 251
373559 2 346
373686 6 1078
373816 1 231
374014 8 80805
374379 6 9608
375010 2 1087
375340 6 160
375711 3 95
376021 2 114
376091 6 165
379043 3 1939
379127 3 192
380172 16 2489
380482 5 103
383637 3 267
384602 18 3928
384651 6 5256
384798 13 3365
385486 12 6673
385489 31 749
385638 32 352
385698 2 287
385699 3 435
385826 39 1081
386353 44 1003
386354 21 374
386471 11 2923
386562 4 358
386652 1 380
386847 2 971
386957 19 309
386972 6 2852
387334 37 590
387457 28 437
387901 42 1313
387940 14 264
388117 15 274
388426 7 536
391199 3 467
391224 12 2755
391244 1 143
391579 4 218
391621 18 756
392239 14 2083
392459 11 2040
392670 4 146
392671 3 274
392706 2 318
392707 3 289
392708 1 277
392975 7 537
392976 5 369
393011 18 2028
393028 2 284
393083 5 557
393119 4 146
393143 4 382
393201 1 222
393202 2 321
393235 7 564
393387 3 334
393388 1 271
393389 12 641
393390 2 306
393391 8 269
393441 8 421
393550 36 30891
393557 2 2127
393596 19 2560
393747 3 58177
393879 1 1548
394898 3 26758
395129 6 3410
395242 7 23266
395640 9 17885
396147 5 5877
396191 2 597
397035 5 680
404381 4 596
411451 1 948
431967 1 131
434051 1 78
434102 1 1981
434167 1 584
434463 1 817
435812 1 837
435963 2 46
436383 1 1027
436451 1 2630
436693 1 77
437008 7 1646
437011 1 732
437110 3 691
437577 1 286
437975 2 530
438076 1 837
438312 3 1734
442835 13 132
448299 1 1038
462286 5 218
469013 2 110
472274 1 578
473300 3 303
473512 1 952
480683 1 62
493468 2 520
497097 1 288
500580 3 106
519652 4 1237
12709 1 20008
55716 1 38
56041 1 343
56433 1 68
56750 3 144
57301 3 163
57677 4 150
57950 1 255
58549 8 111
58947 6 145
58981 5 995
60115 2 34
60257 4 72
60784 15 1023
60809 5 158
61082 1 54
61849 2 125
61965 2 36
62916 7 355
63525 3 110
63604 9 184
63954 2 493
64636 2 124
65800 2 217
65824 1 211
67701 2 50
70458 1 445
71101 4 69
72761 3 182
73716 2 266
74131 4 67
75263 4 225
75315 10 272
77563 8 132
78071 3 64
78107 2 335
78922 2 35
80379 1 33
81989 1 227
83681 1 51
85685 4 79
86120 9 241
86167 1 536
86581 7 233
86609 2 50
86725 7 231
86728 1 120
87161 1 38
91979 2 1997
92693 1 215
93418 1 127
94403 1 262
94504 1 613
94656 1 140
94998 1 462
95461 1 120
96399 1 195
97043 3 82
103125 1 587
103917 1 58
104273 1 90
104469 7 231
105037 1 700
106147 1 1650
106259 4 201
106264 3 953
106424 7 574
106474 15 509
107585 3 611
107650 7 580
107749 1 1093
108264 1 700
108577 6 292
109039 3 1279
109612 6 762
110279 2 177
112083 4 55
112218 3 47
112520 1 946
112689 1 340
113151 1 53
114817 6 323
115112 4 149
115732 4 742
117326 2 54
117731 3 72
118746 4 144
120723 1 167
120856 17 902
121302 3 188
123401 2 239
123666 2 199
123922 3 333
125398 1 166
127064 6 258
127652 5 337
129468 5 209
129772 2 383
130245 7 249
130662 7 216
130715 4 698
132175 1 278
133159 5 441
133213 1 146
133551 2 121
133896 1 293
134204 2 753
135142 1 40
136456 6 142
136496 5 268
137724 1 196
137936 2 167
138882 2 77
138992 2 284
139020 2 77
139537 1 144
140168 4 189
141910 2 476
142053 3 249
142227 2 163
142231 3 175
144292 3 135
144384 1 54
144503 3 129
147520 5 346
150018 2 211
150101 1 412
150979 1 300
150982 1 300
151274 4 264
151554 2 209
151968 8 175
153023 2 331
153814 2 488
153833 4 169
154319 2 232
154655 3 74
155307 8 298
155558 3 234
156505 5 284
156569 9 326
156641 2 49
156859 2 46
157392 2 448
157690 2 120
158340 1 86
160564 6 251
160952 3 137
161443 9 791
162830 2 60
165516 3 223
166512 10 250
167812 8 326
167969 9 328
168025 4 394
168565 5 306
168628 8 484
168692 3 743
168694 1 386
171464 8 1448
172983 2 113
173160 6 252
173877 3 474
173911 1 345
176575 4 132
176899 1 1577
176914 1 219
177323 1 184
177326 3 430
177328 1 250
177609 2 247
177989 6 325
178040 4 200
178062 3 297
178249 4 292
178295 7 325
178465 2 319
178466 6 274
178829 1 76
179423 2 259
179424 4 1062
179425 2 305
179427 1 269
179474 3 440
179491 1 198
179540 2 443
179541 5 1136
179601 4 406
179653 3 489
179654 2 283
179655 2 307
179657 3 195
179686 1 343
179748 2 815
179795 1 258
179851 1 404
179862 1 358
180078 1 232
180304 3 306
180367 5 451
180508 3 280
180786 1 346
181154 1 167
181388 1 315
181550 1 510
181578 2 397
182193 6 252
182227 2 236
182241 2 260
182509 4 301
182516 6 245
182751 5 337
183276 3 280
183928 5 260
184190 6 317
184390 2 392
184572 2 177
184575 3 216
184717 2 304
185031 4 350
185037 5 321
185349 5 234
185353 1 50
185358 1 283
185605 1 249
185617 2 305
185665 7 259
185888 9 358
185953 8 375
185962 3 373
186046 2 210
186047 4 461
186053 1 294
186104 3 401
186108 1 512
186112 2 257
186113 1 122
186118 4 276
186311 5 285
186558 5 359
186759 2 292
187039 2 321
187223 4 557
187507 2 253
187538 4 304
187971 2 194
188191 2 578
188507 3 342
188651 1 346
188852 1 203
189304 1 196
189519 1 60
189944 1 211
190925 6 573
191140 5 238
191248 5 375
191304 5 247
191789 5 451
191954 3 194
192127 2 218
192136 6 320
192165 1 305
192368 1 302
192754 2 68
192762 3 91
192858 4 373
192903 3 302
193012 2 393
193022 1 544
193057 1 1114
193059 1 207
193062 2 297
193065 1 239
193068 3 265
193071 1 274
193134 3 490
193254 1 383
193296 4 705
193393 2 422
193399 1 288
193573 2 211
193747 1 347
193778 3 204
193799 2 278
193998 2 315
194532 2 278
194935 1 389
195125 7 416
195128 3 262
195339 5 265
195372 2 346
195843 2 429
195848 2 310
196065 3 372
196074 1 250
196126 1 403
196665 4 1336
196970 2 229
197516 8 285
197828 4 284
197850 1 249
197976 3 594
198110 3 1245
198231 6 486
198232 7 307
198859 2 905
198863 3 268
199129 2 280
199644 1 159
199864 1 664
200081 9 221
200268 1 252
200468 1 603
200521 14 503
200767 2 260
201255 5 314
201324 8 1347
201371 1 265
201432 5 535
202016 3 265
202289 2 488
202335 5 200
202571 1 144
202578 2 146
202914 3 216
202920 4 264
203116 3 278
203554 5 280
203739 3 706
203801 1 274
203808 1 255
203863 4 338
203927 2 325
204099 1 116
204288 1 317
204321 1 67
204712 3 264
204915 3 275
205342 1 228
205735 2 230
205854 3 389
206102 1 271
206249 1 266
206452 2 462
206612 1 67
207194 10 317
207502 3 1213
207798 3 223
207821 3 87
208012 2 433
208085 2 336
208847 1 238
208970 2 261
209073 2 257
209564 3 251
209621 2 326
209841 1 275
209911 2 274
210009 2 368
210493 3 83
210505 3 136
211076 2 241
211191 4 287
211426 9 728
211738 5 407
213752 1 83
213829 2 83
214022 3 128
214030 5 191
214483 1 187
215147 2 75
216357 3 1090
216631 2 271
216894 2 149
216903 2 212
217005 1 785
217137 1 181
217180 1 199
217828 1 205
217859 2 86
218029 3 579
218094 4 393
218891 4 278
219067 1 191
219101 1 287
219253 1 277
221232 2 153
223083 1 413
223292 5 1373
223512 1 589
223814 1 461
225044 1 457
225809 3 254
225816 7 785
225886 1 289
226132 2 223
226400 5 258
226780 4 445
226825 1 245
227002 2 281
227242 3 339
227836 2 195
227961 2 399
227991 3 270
228188 3 245
228193 4 305
228703 1 298
228976 1 285
229989 1 258
229993 3 598
230074 4 747
230342 1 212
230511 1 291
230933 2 939
231481 2 479
231667 2 329
231668 3 390
231755 1 275
231780 4 446
231984 5 357
232037 3 357
232255 2 240
232379 5 988
232398 1 303
232399 2 316
232689 1 98
232692 2 440
232822 1 361
232880 4 331
232883 1 402
232886 7 394
232888 1 414
232889 1 626
232890 3 353
232934 4 549
233061 3 429
233062 1 330
233118 4 353
233131 2 370
233235 3 335
233452 2 312
233985 1 209
234985 1 535
235029 2 1009
235731 1 472
236759 5 268
236781 2 298
237176 1 77
237317 3 296
237328 1 127
237501 1 235
237904 1 281
239893 3 394
239972 1 302
240164 1 280
240195 2 311
241244 1 258
241687 3 823
242226 5 346
242556 2 414
243817 1 228
244681 2 253
245128 8 283
246016 1 215
246469 1 275
246508 6 426
246689 1 196
247130 5 407
247529 1 223
247649 1 245
247732 13 1323
247857 2 310
248140 9 343
248343 3 268
248350 7 253
248888 3 182
248929 2 363
248936 5 352
249404 4 725
249535 3 224
249649 1 309
249824 1 194
249872 8 364
250000 3 270
250461 4 260
251192 5 1291
251515 7 195
252596 1 180
252972 3 562
252974 4 360
253298 4 390
253503 4 289
253509 5 263
253830 2 347
253834 3 324
254022 6 304
254092 1 501
254181 1 1275
254644 1 306
254844 2 445
254891 3 264
255530 1 283
255595 3 457
257389 1 92
257821 1 216
257829 2 174
257980 3 283
258450 1 253
259022 1 311
259050 6 531
259371 3 1300
259547 4 300
259637 3 360
259701 1 450
259715 3 386
259716 2 204
259718 5 367
259719 3 320
259978 3 238
260302 1 198
260514 1 200
260519 2 284
260748 5 233
260856 2 1241
260974 5 309
261193 2 343
261198 4 289
261425 4 478
261427 2 232
261429 2 412
261431 1 241
261469 2 68
261494 4 310
261689 1 180
261746 5 279
261925 2 204
261995 1 71
262105 2 258
262164 4 264
262590 2 68
262618 1 1235
262848 1 675
262924 1 676
263418 1 267
263611 4 1011
263670 1 516
263671 5 308
263877 2 284
263936 2 284
264282 3 474
264539 5 284
264540 2 287
264569 2 457
265244 11 273
265292 1 430
265304 1 324
265395 1 412
265407 1 302
265451 11 253
265794 15 774
265816 11 25803
265819 1 2191
265821 4 709
265823 3 660
265854 8 21100
265995 9 1841
266055 2 79
266089 3 330
266413 3 84
266511 9 195
266512 5 116
266699 8 171
266835 2 356
266854 12 1990
267083 3 180
267119 8 2283
267296 9 4554
267391 1 132
267445 50 6726
267452 2 411
267558 63 5952
268056 4 929
268565 2 454
268933 2 199
270416 1 117
270903 3 238
271105 4 526
271889 7 940
272639 5 338
272797 9 2220
272983 5 113
273682 2 174
273686 2 207
274312 1 307
274399 8 389
274557 1 213
274703 1 183
274895 2 624
274954 8 958
275057 23 1927
275484 2 243
275652 4 603
275896 1 277
276189 2 207
277381 1 103
277635 1 638
277990 3 177
277995 1 264
278254 3 324
278388 9 442
278530 1 92
278585 1 135
279000 14 1524
279170 3 202
279229 4 2024
279236 1 500
279376 2 187
279377 2 462
279475 5 137
279513 6 461
279543 2 154
279577 3 1260
279579 2 218
279649 5 123
279666 7 269
279747 3 325
279902 4 121
279950 15 2882
279986 1 209
280255 2 163
280271 5 194
280385 2 390
280490 7 2200
280619 2 11500
280860 2 528
280866 8 306
281510 3 239
281511 2 114
281800 15 4068
282409 2 172
282868 2 278
283141 11 4279
283819 2 299
283844 1 139
283923 6 1958
283986 5 751
283987 7 517
284130 2 609
284135 4 456
284518 1 146
284779 2 169
284812 3 328
284818 2 148
284841 1 125
285023 2 235
285024 5 306
285036 3 436
285075 6 135
285354 5 244
285357 2 455
285381 2 285
285464 5 504
285540 2 170
285572 4 407
285584 5 461
285631 3 145
285632 3 203
285633 2 174
285671 4 793
285679 3 124
286583 1 19748
287110 1 859
287605 2 370
288970 1 255
289259 2 290
289348 4 18428
289559 1 1359
289825 1 1411
289826 1 1025
290037 1 1937
290069 1 779
290125 5 3028
290137 2 1480
290256 14 30074
290420 10 1345
290432 7 396
290440 11 15196
290527 3 458
290583 7 1280
290656 1 250
290766 1 312
290767 1 846
290769 2 405
290837 4 2137
290838 1 497
290864 1 820
290887 7 1293
290911 2 486
290925 4 238
290971 4 151
290977 2 1240
291005 2 137
291022 4 143
291023 2 144
291048 1 358
291055 1 247
291060 1 292
291118 12 1888
291136 1 135
291153 2 483
291155 2 403
291160 5 148
291161 2 114
291188 1 237
291222 8 1040
291229 1 354
291230 3 119
291241 1 340
291267 2 174
291543 1 85
291981 3 98
292275 10 763
292845 1 729
293853 5 87
294756 4 132
295079 2 326
296111 1 148
296154 3 104
297128 2 186
297183 1 139
297213 2 592
297390 1 303
297459 2 4676
297813 6 1661
297900 4 3097
297942 4 1523
298007 4 1523
298642 2 97
298701 6 243
298899 2 637
299570 3 321
299575 6 1118
299881 5 343
299903 8 274
300092 6 301
300309 6 301
300786 1 69
300837 4 206
300944 3 85
300961 1 102
300982 1 3200
301150 3 414
301157 4 254
301167 1 248
301198 9 2151
301327 3 87
301380 3 220
301587 5 812
301865 8 18367
302091 11 1765
303251 4 281
303483 1 152
303734 24 25485
303773 1 202
303904 1 443
303906 1 238
303969 2 353
304030 2 303
304032 1 440
304103 2 142
304141 2 324
304207 3 789
304212 2 705
304308 5 647
304325 1 284
304326 1 631
304373 2 287
304527 3 728
304528 1 582
304653 2 267
304659 2 267
304661 6 360
304720 1 218
304769 7 2418
304893 1 301
305136 1 595
305189 1 141
305202 2 483
305354 5 326
305355 14 510
305401 3 215
305463 5 292
305519 5 377
305520 5 389
305532 7 382
305706 1 223
306102 2 242
306237 5 26903
306521 9 2018
308186 1 36306
308187 3 51551
308212 2 760
308924 1 1522
308978 1 1522
309025 1 141
309161 1 301
309254 1 117
309274 5 534
309315 7 225
309460 3 174
309509 1 157
309632 3 151
309633 1 141
309679 1 80
309736 2 191
309797 5 191
309863 4 168
309864 4 78
310062 2 99
310102 49 1794
310639 60 4161
311104 1 185
312098 1 277
312666 19 2349
313015 5 83
313198 4 226
314083 7 5179
314822 24 6501
315302 3 158
315376 17 2290
315398 2 124
315700 2 144
316313 1 223
316862 3 672
317063 5 2375
317978 1 116
318021 3 1075
318054 4 359
318202 1 85
318259 5 257
318310 5 993
318628 3 371
318876 2 230
319297 7 1479
319359 1 232
319475 3 279
319784 6 1164
319976 3 1008
320058 2 716
320168 5 1112
320181 9 376
320187 4 2039
320362 20 2349
320817 3 1385
321718 1 642
322520 1 113
323421 1 197
323963 2 355
324035 1 324
324154 1 119
324200 4 1430
324378 3 89
324504 2 273
324505 11 326
324614 4 2934
324802 11 327
324919 1 262
326129 1 67196
326693 1 209
326704 4 156
326826 2 875
327394 12 22044
327478 6 1362
327497 2 100
327942 9 339
327996 6 188
328011 3 116
328096 2 139
328279 2 260
328346 5 160
328354 1 339
328823 2 107
328960 46 1934
329051 1 131
329178 46 869
330024 2 405
330924 3 211
331171 1 195
331364 1 146
331389 4 264
331805 28 988
333685 2 246
333764 6 2687
334061 3 1245
334838 1 369
334993 11 964
335224 1 298
335235 1 119
335319 1 130
336048 3 1358
336124 1 81
337992 9 3059
338467 5 675
339034 4 293
339135 16 664
339183 4 398
339287 3 227
339366 2 169
339395 5 2048
339545 2 170
339548 1 344
339561 4 202
339683 4 353
339745 3 86
339834 2 344
339865 6 631
339923 1 312
339924 1 471
340046 9 1304
340108 5 304
340124 3 169
340142 4 325
340281 2 243
340283 3 851
340297 2 1300
340607 2 954
340667 5 1454
340668 5 1454
340813 4 265
340922 8 274
340926 3 93
340939 1 506
341036 1 259
341170 18 1315
341240 4 1432
341419 8 1318
341439 26 1738
341440 15 1299
341705 8 302
341764 2 775
342241 1 90
342313 5 122
342964 4 1402
343268 1 136
343647 3 116
343947 14 2644
344061 3 80
344578 1 167
345084 1 166
345361 1 165
345470 2 198
345581 5 178
345662 1 386
345682 1 243
345821 3 344
345975 1 175
346021 2 222
346066 1 123
346119 1 460
346457 2 129
346464 4 566
346682 2 617
346765 3 111
347104 3 828
347869 2 47445
350055 3 2601
351009 2 950
351236 3 86
351576 7 323
351702 3 119
352052 1 138
352644 1 281
352751 2 238
352889 3 924
353362 7 137
354207 2 1373
354257 2 364
354332 52 1252
355294 7 2205
355794 3 322
356887 51 1182
357512 5 404
357810 2 264
358200 15 5800
358744 2 126
359479 19 3524
360507 3 2484
361213 2 690
362147 13 1524
362605 2 1540
362609 6 411
363061 3 168
363062 3 501
363277 1 295
363416 5 272
363596 2 166
363634 3 1743
363880 4 553
363965 18 6146
364200 3 269
364201 1 294
364777 2 624
364883 15 2891
364890 6 363
364897 7 711
365197 4 1256
365290 4 699
365364 2 117
365436 2 635
365653 2 427
368419 7 151
368536 1 1307
369012 1 729
369577 1 183
370064 1 574
370292 2 300
370598 5 2392
371035 2 209
371169 3 275
371248 2 332
371650 1 374
371671 3 1194
371738 1 583
373559 1 346
373686 3 1078
373834 7 44460
375010 7 1087
375025 4 177
375340 3 160
375711 5 95
376021 3 114
376091 2 165
376177 3 210
377597 3 481
379043 7 1939
379127 3 192
380172 6 2489
380482 4 103
383637 1 267
384007 2 113
384602 11 3928
384651 7 5256
384798 8 3365
385486 7 6673
385489 10 749
385638 3 352
385698 2 287
385826 1 1081
386353 4 1003
386354 4 374
386471 3 2923
386562 2 358
386599 1 106
386652 2 380
386847 2 971
386957 2 309
386972 14 2852
387334 3 590
387457 7 437
387901 1 1313
388117 2 274
388426 3 536
390052 1 140
391199 2 467
391224 17 2755
391244 1 143
391427 1 198
391621 1 756
392239 4 2083
392459 12 2040
392671 1 274
392706 1 318
392707 1 289
392975 4 537
393011 9 2028
393028 1 284
393083 1 557
393119 1 146
393143 5 382
393201 3 222
393202 1 321
393235 1 564
393387 3 334
393388 3 271
393389 5 641
393390 1 306
393391 4 269
393441 2 421
393550 11 30891
393557 16 2127
393596 2 2560
393747 2 58177
393879 1 1548
394898 22 26758
395129 1 3410
395242 98 23266
395640 14 17885
396191 2 597
396258 27 38258
397035 3 680
404381 3 596
410355 1 257
411451 2 948
423223 5 1496
428492 1 497
434051 1 78
434102 5 1981
434167 1 584
434463 3 817
435812 1 837
435963 2 46
436125 1 590
436383 1 1027
436451 1 2630
436593 4 477
436693 1 77
436701 3 1499
437008 2 1646
437011 3 732
437110 1 691
437577 1 286
437660 1 432
437975 1 530
440435 1 811
446359 1 476
448299 3 1038
462286 1 218
469155 1 927
471044 5 126
471549 1 519
472274 2 578
472475 1 157
473299 2 686
473512 1 952
476525 2 1010
480683 3 62
493468 1 520
497097 3 288
498818 1 227
499600 2 167
500580 1 106
500607 1 347
513412 1 542
519652 2 1237
526339 1 2581
526916 2 89
527445 1 542
