1646 24 55438
4204 1 949
6282 1 302
6283 2 355
8019 1 958
9875 2 469
9934 2 467
9937 4 486
9969 1 488
9977 2 346
12319 4 402
12320 1 336
12321 4 527
12322 6 462
12323 1 497
12325 3 498
12328 1 316
16822 1 555
17802 1 384
19491 1 280
20701 1 632
21032 1 319
28053 3 179
28054 1 336
29001 3 891
29029 1 400
29030 3 241
29485 2 280
29498 2 482
30658 2 324
31226 1 355
32869 1 753
32967 10 900
37799 1 502
39321 1 488
43127 1 326
44455 1 343
46414 1 597
46427 7 778
46450 1 786
46452 13 552
46453 24 490
46454 5 307
46455 19 331
46464 1 538
46465 4 529
46466 1 367
46475 2 265
47807 1 288
51540 3 419
52153 2 426
53391 1 355
54758 1 227
55375 3 40486
82988 3 731
83312 1 74
101473 14 341
113493 4 328
121580 2 101
128990 1 333
166561 1 156
169923 1 247
175211 2 99
212845 1 769
258703 6 372
261056 1 242
265919 1 183
286836 8 329
286902 1 1566
286925 2 366
286986 1 1093
286988 9 1204
286990 1 1793
287922 1 372
288150 8 324
291482 1 151
306175 1 10421
307362 2 129
308334 6 389
313677 1 390
313688 3 138
323750 1 240
325416 1 816
325578 2 2828
327303 1 229
328368 4 465
347934 3 11174
348049 27 837
348762 2 823
348768 2 823
348852 1 851
350328 1 1425
372258 6 4260
372281 1 5554
373071 6 225
374015 6 388
374021 1 197
375129 1 250
391768 2 296
393810 1 385
394763 1 849
421663 2 146
439053 1 149
448592 1 538
456876 1 376
462136 1 876
473782 1 449
478913 14 339
521741 7 596
33 6 19382
455 6 18030
1646 13 55438
2641 1 17392
4137 2 16130
4338 18 16989
6111 2 624
6367 5 17463
8148 5 17754
8992 1 460
9166 2 17203
9478 6 323
9542 6 555
9875 3 469
9949 2 416
10121 1 2473
10367 1 3061
12223 2 809
12236 1 646
12280 1 453
12284 4 287
12319 12 402
12320 2 336
12321 1 527
12322 1 462
12323 1 497
12324 3 438
12325 3 498
12326 1 296
12327 2 457
12709 15 20008
13912 1 17501
15012 14 6149
16788 4 485
18878 2 515
19009 2 499
19334 3 598
19543 4 432
19877 1 431
21614 8 32241
21617 4 309
21635 4 493
21652 3 477
23494 3 5641
23986 3 4690
24251 5 489
24252 6 683
25504 11 508
25506 7 352
25656 7 15042
25946 1 507
27424 1 13034
31069 1 83
31629 7 21435
34115 3 698
34246 2 19523
34263 1 284
34636 3 755
35330 1 738
36498 12 20156
36516 1 84
36557 1 3638
37799 2 502
39388 6 3420
39710 1 2655
40061 1 19463
41605 2 696
42477 2 103
42692 3 222
43640 4 18238
44430 12 814
44712 2 508
45872 3 15512
45947 6 11759
46453 2 490
46465 2 529
46917 15 10490
50682 6 32839
50683 1 9266
52214 8 64459
52678 7 15365
52808 6 484
53391 1 355
54527 10 19068
57867 12 715
58539 1 240
60002 1 30
62064 1 4939
62403 1 37
62850 1 41
66201 2 34
66489 4 688
67496 1 246
67753 1 182
68133 17 595
69242 1 259
70568 1 267
71952 1 35
74556 11 575
75103 1 36
75723 1 40
75731 1 34
76663 1 2219
80044 1 589
80156 1 424
82988 1 731
90327 1 86
91395 1 255
92616 1 32
93065 1 43
93400 3 507
96958 1 517
99103 1 33
100499 2 37
101473 1 341
103424 1 56
107259 1 458
108255 1 790
109208 1 34
110093 1 41
111519 2 287
111586 4 273
112021 3 260
113041 2 75
113045 2 73
113493 1 328
113813 3 192
114164 1 172
114181 1 29
115340 1 9448
117013 1 158
117854 4 134
117916 1 171
117968 4 181
120581 1 38
121987 1 48
122448 4 535
123671 1 156
127690 1 134
128914 1 263
130858 2 202
130979 1 179
131325 1 595
133302 34 734
134087 5 812
136278 1 248
140899 2 53
141341 1 427
141855 1 206
142024 1 291
142141 4 7912
143150 5 170
149922 1 136
151234 6 661
153648 1 90
159060 1 549
160445 1 63
161324 2 435
166220 2 118
168722 1 503
169037 1 592
169363 1 298
169619 1 59
169923 2 247
171693 6 606
172354 2 57
172821 2 291
174401 1 864
174940 1 95
175211 1 99
177338 1 265
177882 3 155
181319 1 341
181916 1 48
182366 1 160
182653 1 610
183941 1 119
185546 1 134
188167 1 140
188305 1 695
190414 3 887
194049 4 90
195191 1 53
199703 2 50
200152 2 610
201517 1 431
202053 2 197
205232 1 91
206343 1 253
207830 1 50
209001 1 59
217696 2 336
222028 4 402
223161 1 119
223792 3 388
224735 3 203
226146 2 49
229747 1 642
229769 2 597
230173 2 60
230648 1 50
232597 1 100
232602 1 185
232603 2 602
233556 1 250
236040 1 54
236062 1 288
236737 2 74
241569 2 542
244004 1 299
244506 2 245
245281 3 89
247618 1 581
251045 2 653
253601 1 909
255638 1 523
256239 1 390
258403 6 1817
259743 1 214
260972 1 5560
261390 1 322
262688 1 416
262829 1 869
265616 1 81
265723 3 168
265745 2 256
265765 2 141
265766 1 162
265816 2 25803
265822 2 5726
265854 1 21100
266713 4 2399
267534 3 1535
267795 1 1930
268256 3 1155
269711 1 982
270793 1 2426
271429 3 6214
274460 4 3312
276662 1 2455
279013 1 1828
280619 4 11500
282369 1 73
282556 1 1968
283209 1 1947
284649 2 232
285480 1 453
286278 3 1466
286583 20 19748
286584 1 9180
286910 39 1405
286976 1 1464
286980 3 2698
286985 1 5408
286988 11 1204
286990 1 1793
287055 7 2284
287906 3 5750
287922 3 372
288236 2 234
288297 2 280
289115 2 74
289348 2 18428
289522 3 1732
289815 1 342
289875 3 3644
290240 2 1262
290256 136 30074
290397 3 202
290398 2 192
290435 4 8814
290440 3 15196
290457 3 1413
294166 1 237
294532 1 310
294816 1 234
295829 1 1455
295862 2 5013
296320 1 2464
297980 2 2523
298347 1 2900
299778 2 5938
300888 1 237
300982 1 3200
303734 5 25485
303957 2 95
305083 1 192
305177 2 984
305917 1 2518
305981 2 4277
306237 6 26903
306282 4 4220
306284 2 21202
306332 1 2556
306513 8 1824
306680 1 1483
307286 1 245
307358 2 306
307373 1 1099
307453 62 49380
307711 2 186
308186 25 36306
308187 10 51551
308246 2 20735
308383 5 2189
308585 1 1580
308598 2 5851
308771 35 8972
308783 4 2409
308791 1 1367
308809 35 8972
308821 4 2409
308829 1 1367
308919 1 13545
308973 1 13545
309389 3 3655
310224 1 2678
310391 1 1072
311432 1 3846
312078 1 3899
312209 1 126
312812 2 183
317185 3 3071
320248 5 13098
324714 1 240
325051 1 1863
325169 2 4914
325278 1 3456
325509 2 2115
325543 1 2471
326123 15 14885
326129 7 67196
326172 2 304
326979 2 1930
326991 4 959
327122 3 16929
327123 3 16927
327306 2 164
327394 5 22044
327407 2 18061
328506 5 4280
329480 3 4513
331084 1 415
334371 1 2079
335057 3 241
335432 1 115
337046 1 1670
337101 3 571
337691 1 1563
338649 2 7414
339813 1 684
340357 1 100
344951 1 115
345197 2 357
347666 4 1342
347691 1 3618
347837 17 63219
347869 1 47445
347982 1 2493
348016 1 168
348106 1 1623
348197 1 387
348748 6 2123
348939 2 73
348988 1 161
349585 2 5219
349588 3 4254
349704 6 2127
350128 1 3081
350354 3 1821
350449 1 14072
353975 1 3081
354041 1 3810
354042 2 3333
354045 1 3330
355114 1 183
356077 4 3908
357139 3 1459
360192 8 105
361235 1 204
362745 1 1716
363414 1 99
363965 2 6146
364714 7 2031
366038 1 857
370598 2 2392
372146 2 5349
372278 12 28092
372281 1 5554
372327 3 1947
372406 1 14595
372498 12 2160
373029 1 1467
373085 3 257
373323 12 2651
373834 10 44460
373848 2 2678
373986 3 2264
374014 160 80805
374067 4 1501
374244 1 1539
374779 1 389
374978 4 4182
376386 3 9418
376779 4 990
377546 6 705
377817 4 2398
378967 1 216
380798 2 1483
384585 2 2617
385980 2 3649
387677 1 150
392765 1 1987
393090 1 1466
393524 1 1659
393550 10 30891
393583 1 656
393584 3 1199
393641 1 3436
393663 1 2055
393747 12 58177
393771 2 1908
393980 1 1261
394124 1 1396
394192 2 2619
394203 1 1649
394898 22 26758
394907 5 3529
395004 1 279
395110 1 389
395242 2 23266
395585 1 30629
395590 12 2657
395640 1 17885
395836 3 4836
395873 1 3601
395887 1 993
395912 1 932
396192 2 1194
396213 1 728
396245 1 2230
396246 1 1323
396258 3 38258
396259 1 714
396329 3 2994
396563 3 2512
397287 1 439
397529 1 101
397764 7 1008
398950 1 80
400913 1 17082
400925 5 345
401028 1 373
401778 4 487
402593 1 96
403134 2 1014
403674 1 765
404014 1 656
404986 1 214
405244 2 92
405611 1 462
408588 2 83
408708 1 2142
409419 1 402
409910 3 372
410644 1 3678
412300 1 429
412403 2 100
414150 3 920
415894 1 573
415987 1 1570
415988 3 879
415989 3 903
416018 2 509
416267 1 502
416335 1 340
416764 2 108
417410 1 97
417809 2 410
417902 2 503
418173 2 357
418213 1 3418
418327 1 1146
418864 1 753
421608 1 1036
424652 1 270
425566 5 293
426119 2 819
426275 2 474
426692 2 101
427077 2 103
427980 1 420
428751 1 165
430168 5 438
432098 1 225
432102 1 66
432376 10 725
433121 1 385
433796 2 322
434208 2 840
436409 10 1463
439053 1 149
439061 3 323
439753 1 326
441286 2 317
441935 3 863
446899 1 272
447443 1 709
447584 1 158
451806 3 3345
452445 1 644
453117 1 708
453402 1 276
453790 3 584
455038 4 359
456103 5 444
456613 1 316
456876 1 376
456969 6 1081
457118 5 552
457652 2 360
457993 2 478
458868 2 220
459453 3 908
460407 1 345
460570 1 351
461041 1 121
461749 2 312
462135 1 168
462136 6 876
462678 1 750
463252 2 84
463415 2 111
463939 1 929
464048 1 516
464370 2 193
466075 1 92
466113 3 103
466459 4 1274
467230 1 200
467871 1 844
468692 1 855
470660 4 447
471118 1 654
473178 1 356
473943 1 390
473965 1 2349
474022 1 178
474546 1 392
476220 1 644
476615 1 1244
476893 5 1384
477286 1 344
478913 1 339
478966 1 856
479912 1 195
480687 1 760
481249 1 256
481680 17 942
483082 1 368
484892 1 1146
486559 3 120
487977 2 116
488461 1 187
488755 1 1163
490037 2 654
490114 1 249
490237 3 700
491389 3 214
492310 1 260
492614 1 193
492824 1 807
493076 1 484
494084 1 164
495376 1 536
495885 2 58
496721 3 460
497292 1 481
497506 2 896
498382 5 268
498574 1 27
500074 3 528
500207 3 547
500236 2 259
500733 22 1890
500859 7 347
500955 14 779
501085 1 755
501087 1 270
501147 28 1092
501196 1 303
501205 1 471
501920 7 950
502265 15 1456
502298 1 367
502798 1 449
503383 1 425
503783 3 586
504140 1 93
504930 2 986
505496 1 99
507451 1 128
507672 1 108
507934 3 83
508011 2 89
508276 1 54
508805 2 626
509222 1 648
509517 4 1447
510505 1 287
510551 1 293
512921 1 126
513754 3 419
514375 1 258
516426 1 457
517098 2 725
517270 3 390
517294 4 1860
517499 1 741
517723 1 320
517886 1 305
518361 3 1460
518538 1 181
519137 1 134
519621 1 648
520602 1 1196
522570 1 158
522635 1 1046
525848 2 1216
526231 5 2610
526652 1 341
526800 5 220
527050 7 576
527536 1 851
527602 1 471
527665 1 588
527690 3 952
527803 1 1821
527847 1 482
527887 2 750
527908 1 181
527934 1 944
527939 2 663
528062 5 2803
528143 1 242
528153 1 217
1646 23 55438
2749 1 560
6111 1 624
8992 2 460
9949 1 416
10367 2 3061
12223 2 809
12227 6 311
12236 4 646
12280 1 453
12284 1 287
12709 106 20008
13861 1 4246
15012 1 6149
18878 1 515
19009 1 499
19543 1 432
19877 4 431
21614 13 32241
21617 1 309
21635 5 493
21652 7 477
21666 2 557
21667 2 293
23494 4 5641
23777 5 227
25946 1 507
26442 1 121
29483 1 236
29492 1 432
29498 1 482
32455 28 1542
33808 3 392
34115 1 698
39388 4 3420
39710 1 2655
40635 1 4891
46453 2 490
46454 1 307
46455 1 331
46777 2 390
50682 2 32839
50907 2 440
53856 60 12327
53987 2 612
54014 1 333
55371 2 52248
58058 2 449
60900 1 142
64879 1 453
65350 1 513
65465 2 435
65560 1 302
66781 1 73
66804 1 163
68063 1 316
68133 2 595
71800 2 803
74556 1 575
75747 1 39
77115 1 125
77139 1 125
80156 1 424
82988 12 731
93400 1 507
93853 6 99
94691 1 301
96958 1 517
102254 2 147
107259 1 458
113493 3 328
114400 1 111
115340 1 9448
116183 5 132
122448 2 535
123671 1 156
131324 5 184
131325 3 595
134073 1 170
134087 3 812
137765 2 530
140411 1 929
140489 3 58
141341 1 427
143837 1 224
147403 4 434
148418 1 412
149922 1 136
151234 1 661
159868 6 145
161324 1 435
163634 7 177
171693 1 606
173129 1 130
174401 3 864
175211 1 99
177338 1 265
181319 1 341
182366 1 160
183941 1 119
185546 1 134
186418 1 238
187115 1 81
188167 1 140
188305 2 695
190414 1 887
193833 3 1684
201464 1 67
201517 3 431
202053 1 197
205974 1 735
206255 1 86
206757 1 662
209915 1 113
214383 1 255
217296 1 480
217696 1 336
219291 2 212
222028 1 402
223792 1 388
226834 1 694
227108 1 731
229020 1 292
229747 1 642
230560 3 438
232597 1 100
232602 2 185
232603 17 602
233291 1 50
236062 1 288
236737 1 74
237072 2 278
238824 1 225
240492 1 355
240744 1 49
241200 1 63
241231 1 45
241437 1 167
241569 7 542
243255 1 438
244004 1 299
244470 1 107
253429 1 96
253601 3 909
255152 1 72
255638 1 523
255919 1 330
256122 1 254
256239 2 390
258403 2 1817
260972 1 5560
261056 1 242
261089 1 6821
261267 1 532
262829 3 869
265652 1 625
265771 1 710
266455 1 144
266456 1 187
267125 1 93
267728 1 362
269711 3 982
270793 2 2426
271677 1 331
272901 1 278
273703 1 203
274929 1 317
278083 1 112
280050 1 214
281482 1 202
282239 1 184
283209 1 1947
286583 1 19748
286985 1 5408
287301 1 1184
287653 1 164
288297 15 280
288426 3 389
288559 1 237
288988 1 210
289348 1 18428
289522 1 1732
289815 1 342
290240 4 1262
290256 4 30074
290397 1 202
290398 1 192
290435 1 8814
293302 1 242
294166 1 237
294816 1 234
295285 1 196
295862 1 5013
298347 1 2900
300720 1 72
301865 3 18367
303734 1 25485
305083 1 192
305145 1 325
305177 2 984
305874 2 5512
306237 3 26903
306282 1 4220
307286 1 245
307373 1 1099
307655 1 90
308186 4 36306
308187 1 51551
308334 1 389
308585 1 1580
308783 1 2409
308791 1 1367
308821 1 2409
308829 1 1367
308852 1 219
308919 1 13545
308973 1 13545
310391 1 1072
311432 2 3846
312078 1 3899
312422 1 112
314300 1 82
317130 1 303
319578 3 3245
320016 1 312
320248 1 13098
321995 1 159
324624 1 171
324714 1 240
325386 5 172
326129 1 67196
326172 2 304
326967 1 353
327306 5 164
327384 1 19585
328759 1 152
333352 1 129
335057 1 241
337046 1 1670
340627 1 181
345197 1 357
347837 2 63219
347869 1 47445
347982 1 2493
347988 1 223
348197 2 387
349363 1 119
349994 2 8773
350479 3 11696
352744 1 117
352810 1 319
352847 1 314
354820 1 152
354837 2 188
355114 1 183
356997 1 229
357139 1 1459
368624 1 553
372146 3 5349
372257 1 3988
372278 1 28092
372327 1 1947
372406 2 14595
372411 1 2791
373834 17 44460
374014 7 80805
374015 1 388
374021 1 197
374067 3 1501
374779 5 389
374786 6 196
374978 2 4182
376386 2 9418
378967 1 216
379159 1 274
382417 1 380
384585 1 2617
387052 1 141
387677 1 150
387873 1 162
390922 2 174
391598 1 346
392765 1 1987
392864 1 957
393550 2 30891
393558 1 2739
393583 2 656
393584 1 1199
393641 1 3436
393747 4 58177
393771 1 1908
393980 1 1261
394124 1 1396
394192 1 2619
394203 1 1649
394348 3 1782
394898 1 26758
394907 1 3529
395110 3 389
395242 3 23266
395640 3 17885
395714 1 4780
395873 1 3601
395912 2 932
396086 1 1149
396150 2 3399
396211 1 1394
396217 1 1346
396231 1 638
396244 1 583
396249 1 1796
396258 2 38258
396323 1 886
396329 5 2994
396563 1 2512
396996 4 208
397287 6 439
397670 5 112
397764 1 1008
397787 1 37
398054 13 211
400226 1 48
400317 11 682
400913 5 17082
401028 1 373
402833 1 386
403134 1 1014
404014 9 656
404167 1 992
404986 1 214
405244 2 92
405725 3 76
405915 2 725
405947 1 35
406833 1 41
408182 3 929
408317 8 2578
408588 1 83
408708 2 2142
408748 1 864
409468 1 380
410050 6 286
410644 4 3678
410921 30 490
411162 1 152
412403 1 100
413366 1 278
414150 1 920
415795 1 30
415838 1 1115
415839 2 1712
415866 2 533
415870 1 484
415889 2 2057
415894 1 573
415896 9 1251
415965 1 412
416036 1 796
416106 2 1221
416164 4 1190
416335 1 340
416526 1 101
416646 1 85
416880 1 45
417410 1 97
417902 3 503
418864 1 753
419313 2 93
421249 1 52
421608 2 1036
423616 4 837
423684 2 1339
423932 1 540
424652 1 270
424814 1 54
425566 1 293
426119 1 819
426382 1 37
426863 1 56
427022 1 454
427980 2 420
428650 1 47
429528 3 182
431371 6 2237
432282 2 251
432376 1 725
433121 6 385
433318 1 89
434208 2 840
436409 1 1463
437666 7 173
439061 5 323
441286 2 317
442916 8 488
443409 10 548
445474 3 153
446244 2 219
447443 3 709
447521 2 498
447584 1 158
451806 7 3345
453117 2 708
453402 11 276
454193 1 370
455038 1 359
455403 2 46
456103 2 444
456613 2 316
456969 1 1081
457118 19 552
457491 1 391
459308 3 2317
459453 1 908
461749 1 312
462678 1 750
462938 2 750
462969 4 90
463939 2 929
464048 3 516
464370 1 193
464785 1 38
466075 4 92
466113 1 103
467871 2 844
468692 1 855
468954 1 622
468973 1 782
469936 1 273
470249 1 235
470660 1 447
471427 1 143
471952 1 112
473782 23 449
473965 1 2349
474022 1 178
474546 1 392
474985 3 469
476220 3 644
476893 3 1384
478913 12 339
480633 1 68
480687 1 760
481680 1 942
482000 1 42
484892 1 1146
484980 1 165
486559 3 120
486654 3 217
487977 3 116
488461 1 187
488755 13 1163
490037 1 654
490166 1 377
490237 16 700
490910 1 1158
491203 1 795
491211 2 562
491389 1 214
491980 3 1141
492614 3 193
492824 2 807
495596 1 75
495605 1 381
496780 2 1202
497292 2 481
497506 2 896
498045 1 1117
498230 5 141
498382 1 268
499170 2 388
499856 1 451
500074 1 528
500733 1 1890
500859 1 347
500955 1 779
501085 3 755
501196 1 303
501869 3 384
501920 2 950
502265 1 1456
502798 10 449
504140 1 93
507672 3 108
508203 1 182
509222 2 648
509240 1 112
509573 1 106
509671 1 634
510242 3 840
510309 1 211
511434 7 242
512921 4 126
513297 1 40
513680 1 44
513754 7 419
514375 3 258
515000 1 87
516891 1 120
517098 5 725
517294 1 1860
517549 1 408
517550 1 2799
517556 1 567
517606 1 523
517647 2 1624
517723 1 320
517788 1 485
517818 1 1203
517820 1 557
517830 2 488
517833 1 1124
517835 1 501
517837 1 579
517843 1 783
517864 2 915
517887 1 605
518299 2 607
519621 3 648
519649 1 51
520602 1 1196
520612 2 783
522212 1 218
522635 1 1046
523489 4 69
525081 1 343
525281 1 163
526231 8 2610
526652 3 341
526780 1 40
527050 1 576
527371 1 549
527380 1 249
527610 1 995
527644 1 1287
527690 1 952
527706 1 290
527760 2 684
527799 1 1567
527801 1 890
527859 1 791
527875 1 955
527887 1 750
527888 1 838
527890 1 379
527931 1 1337
527939 1 663
527952 1 776
527975 2 1043
528036 2 616
528060 1 1396
528119 1 189
528147 1 223
