830 1 232
831 3 478
1646 1 55438
2030 1 529
3068 1 230
3070 1 233
3201 2 486
3202 3 550
4166 2 592
4168 2 646
4192 2 903
4193 2 439
4198 2 947
4199 2 661
4203 5 928
4206 1 975
4207 1 947
4421 1 5382
6715 13 1359
6716 6 1016
6812 1 818
7092 1 520
7356 11 1743
9383 6 972
11501 1 2458
11995 1 155
13983 1 1414
19750 1 237
19751 6 590
19752 2 382
19754 14 526
19755 2 495
19756 7 410
19757 5 445
19758 2 448
19759 3 307
19760 1 478
19762 6 573
19763 16 351
19766 2 353
19768 2 302
20247 6 1342
22351 2 224
24439 3 480
24450 1 321
24504 1 696
24506 1 499
24510 1 490
27115 1 553
28231 2 341
31345 1 1570
31388 1 1146
31509 1 972
31937 2 332
32456 16 2583
34834 1 1287
36119 1 389
39580 3 446
39584 1 533
39712 2 5030
41142 1 378
41159 1 694
41179 2 478
41549 7 925
44194 2 131
44511 2 258
45917 1 6305
45947 1 11759
47949 1 285
47950 2 1422
50466 1 449
51195 1 451
51638 1 2372
53011 3 1599
55505 1 488
55506 1 538
57598 1 137
58652 1 318
67218 1 87
76330 2 409
80736 1 289
82702 2 847
82820 3 185
85450 1 1321
87837 5 234
89408 1 294
92303 1 568
95534 1 253
97079 5 134
97629 2 168
100867 1 363
102720 1 506
105276 1 87
106371 5 885
109410 1 297
110731 1 646
111301 27 741
114625 1 210
115174 1 304
119619 1 209
120322 1 148
130138 1 279
131029 2 349
133945 5 234
133995 1 1177
137012 1 362
137212 1 189
137769 1 732
139665 2 1143
145262 1 189
146980 2 269
147623 1 157
150142 1 1056
152460 2 852
153778 2 588
154263 2 559
154412 1 312
154524 1 301
156751 1 792
158487 1 541
162340 2 207
162656 1 202
164852 6 746
167905 1 300
168246 1 492
169041 1 478
169212 1 415
169690 1 126
170467 1 402
172728 1 498
173994 2 426
177683 1 77
177788 4 782
180249 1 525
180982 1 222
182344 1 214
182591 1 211
183472 2 464
188762 1 391
190679 1 700
194437 1 777
195890 1 141
196599 1 274
196722 1 351
197503 1 189
198556 2 156
200581 1 183
201795 2 218
201875 1 357
201924 1 619
202109 2 149
202209 1 512
202372 1 209
202505 3 275
202844 1 707
203132 1 336
203896 1 66
204003 2 315
204135 1 198
205517 1 286
205663 1 687
207093 1 169
208302 1 354
211950 2 711
212197 1 201
216232 4 349
216571 1 764
216758 3 424
217190 2 325
218572 4 409
220718 2 554
223891 2 413
224441 3 196
224963 2 838
228996 3 80
229940 1 755
233929 5 256
234359 2 860
237929 1 276
238148 1 923
241932 1 173
242108 1 181
242843 3 562
242845 3 548
244566 1 509
245114 1 262
245326 2 141
247620 2 201
250984 1 222
251044 1 128
255140 2 46
258470 1 287
259162 1 205
260435 1 317
263225 1 147
263277 1 258
264168 5 331
264344 1 236
265810 1 16729
268401 1 1512
269733 2 201
275820 1 958
285837 2 1700
286625 4 150
288333 1 454
288362 1 245
288374 1 216
288415 1 145
288429 2 354
288464 1 180
289537 1 1833
297511 1 163
298195 1 137
300284 2 555
302733 1 78
306130 2 614
306424 1 299
307453 2 49380
307456 1 220
307565 1 233
307588 2 407
307618 1 152
308773 1 1955
308784 1 1114
308811 1 1955
308822 1 1114
308848 5 368
308855 1 3415
308953 2 14138
309007 2 14138
316367 3 650
325759 1 315
326194 1 178
326274 1 582
327361 5 1715
327403 1 5903
328929 2 1182
335363 2 345
347838 1 6657
348190 2 1221
348744 2 3039
350284 1 540
350357 3 4293
350382 1 226
350389 10 212
350390 11 218
350391 5 199
350392 3 215
350393 6 203
350394 3 210
350395 2 273
350396 4 178
350397 6 254
350398 3 220
350449 1 14072
360660 3 2514
372278 2 28092
374014 2 80805
374944 1 539
374945 1 879
374954 1 153
384260 1 327
384457 1 277
393763 3 99
394999 2 240
395017 1 182
395109 2 1486
396345 1 745
396938 2 181
397234 1 249
397584 6 292
398136 2 72
398139 3 224
398252 3 542
398284 3 544
398713 2 687
398982 2 975
399641 2 335
401346 1 578
401817 1 207
402664 1 323
403148 1 110
404033 4 437
404035 1 785
407925 1 521
409811 1 56
409852 2 305
410921 3 490
411086 1 257
415052 1 256
415888 2 666
415890 1 800
416241 2 221
416371 1 92
417172 1 378
418982 1 278
424569 1 466
429337 6 1080
431554 1 849
432635 1 123
434210 1 118
434527 1 1397
435030 2 247
436947 2 316
437262 1 201
441694 1 567
442454 1 579
443417 1 119
446019 1 196
446863 1 204
447103 10 758
447799 2 180
452113 1 150
452313 1 417
455035 4 1570
455099 4 1052
455171 4 1259
455423 1 97
456690 1 323
457562 1 474
458454 1 59
458797 2 401
459116 7 404
459561 1 926
462136 1 876
462443 5 594
463308 2 442
463530 2 597
464976 1 208
467582 1 503
468615 1 405
468963 2 369
471891 1 540
472096 1 86
476250 1 3982
476667 2 113
476893 1 1384
478131 1 135
479077 1 97
483477 3 128
483514 4 364
484115 2 313
484558 1 758
484612 2 747
486823 1 682
487588 3 799
488025 1 70
490284 1 723
490808 1 103
491629 3 838
492097 1 1363
492136 1 1459
493991 1 287
496659 2 113
498013 1 479
498156 3 298
498822 1 458
499170 1 388
502224 3 443
503473 2 333
506432 1 264
507881 2 222
508252 1 166
508539 1 579
509450 9 508
510362 1 291
512687 1 805
515379 2 167
515380 1 472
516625 2 228
519343 1 270
519910 3 381
520865 1 234
521942 2 292
522294 1 627
525662 1 471
525708 2 608
525867 1 149
527089 4 96
1377 1 345
1646 1 55438
2476 4 1666
6110 1 574
6115 1 846
6140 1 358
6463 1 429
9166 1 17203
10731 1 338
12634 1 430
14899 1 430
16124 1 568
17690 1 347
17722 1 413
19466 2 406
19756 1 410
21267 3 575
23225 1 451
23621 1 299
24449 1 668
25693 1 648
30446 1 12899
31846 1 5130
32525 1 249
32718 1 771
32765 1 514
34722 1 13257
35669 1 482
37025 1 580
38279 2 622
38640 1 420
40061 1 19463
41938 1 293
44402 2 463
49492 1 456
50313 1 392
50314 1 350
50315 1 326
50338 1 512
50560 3 3018
55338 1 477
59456 1 351
78272 1 185
78907 1 531
85106 3 469
85266 1 86
89658 1 506
97412 1 74
109996 1 494
113404 1 648
115045 2 207
123256 1 147
134885 1 202
135196 1 153
143549 1 482
143580 1 333
145430 1 686
145662 1 1268
151844 1 493
151951 1 498
156751 1 792
157400 1 147
163139 1 156
163561 1 720
164656 1 253
166513 1 181
169959 3 233
170595 1 174
174150 2 255
175070 1 592
175192 1 357
175246 1 55
175262 1 79
175988 1 240
176151 1 289
176670 1 369
179719 1 748
180982 2 222
182920 1 256
184669 1 201
186540 1 334
196091 1 436
200258 1 188
202740 1 540
207229 1 153
207981 1 619
213476 1 178
214057 1 277
218142 1 337
222381 2 856
222606 1 451
222662 1 270
223421 1 231
223540 1 1136
224400 1 556
226071 1 296
226332 2 205
227378 1 270
231356 1 136
237117 1 513
241967 1 302
242767 1 601
245090 2 937
248917 1 289
251295 1 413
258166 1 107
258664 1 286
262778 1 157
265827 1 851
265847 1 5294
267539 1 1511
267631 1 2350
268104 1 498
269155 1 641
269251 1 397
269459 1 294
269554 1 167
270022 1 287
270253 1 1776
270472 1 405
271482 1 2212
271984 1 504
272757 1 793
272998 2 1472
273455 1 350
274831 1 158
275298 1 327
275748 1 306
276431 1 395
276794 1 189
276966 2 1249
277051 1 201
277066 1 240
277429 1 1133
277697 1 312
278636 1 255
279336 1 274
279497 1 321
279749 1 3390
279813 1 319
281053 1 932
281054 3 1643
282480 1 282
282481 1 407
282959 1 190
283339 1 287
284019 1 425
286014 1 270
286210 1 1714
286270 1 2593
286294 1 1707
286301 1 609
286642 1 1292
287434 1 314
287975 2 254
288546 1 282
288638 1 632
288639 1 432
289291 1 1182
289529 1 558
289611 1 1375
289617 1 1439
289732 2 4132
289734 2 4107
289750 1 1596
289758 1 516
289932 1 4403
289946 1 607
289966 1 740
290084 1 645
290091 1 944
290148 1 3390
290245 1 863
290465 1 15747
290505 1 343
290634 2 210
291058 1 292
291094 1 436
292614 1 425
293307 1 4234
294695 1 456
294696 1 434
294967 1 7544
296513 1 1864
299397 1 306
299642 1 296
299750 1 770
299772 2 210
299778 1 5938
300647 1 245
300889 1 272
301174 1 624
302121 1 409
302231 1 1066
303631 1 244
303675 2 1156
303734 1 25485
303737 1 292
304268 1 139
304654 1 331
305963 1 889
306034 1 1006
306314 1 4250
307186 2 187
307363 3 323
307453 3 49380
307457 1 302
308767 1 606
310792 1 494
321586 1 279
321616 1 182
322509 1 74
325982 1 229
326252 1 110
326514 1 104
326620 1 392
327351 1 210
327372 2 1032
327409 2 3377
329407 1 7463
331694 1 336
334628 1 682
335181 2 944
338113 3 496
338883 1 442
340788 3 206
342389 4 188
343793 1 430
344018 1 737
345396 2 333
346866 1 1152
347221 1 673
347869 1 47445
348541 1 208
348572 3 502
349793 1 586
349968 1 791
350449 1 14072
351508 1 1179
359152 4 9815
359656 1 505
360660 1 2514
362124 1 1658
367252 1 217
367481 1 2506
369214 1 1259
371402 1 117
372771 1 485
372917 1 1545
373834 2 44460
374052 4 1524
374981 1 1140
375007 1 3958
377522 1 470
378338 1 232
379952 2 3817
384625 1 250
384672 1 110
389094 1 329
389601 1 1329
390919 3 402
393550 1 30891
394898 1 26758
396026 2 1053
396137 1 2749
396258 2 38258
396473 1 1546
398284 1 544
401053 1 170
411330 1 427
412255 1 829
413055 1 189
413333 1 514
413589 1 733
415734 1 960
417059 1 502
417352 1 425
418728 3 931
419661 1 953
421184 1 1006
423106 1 583
428531 1 671
429855 1 85
429993 2 587
440075 1 77
440583 1 406
442375 1 553
442925 1 499
443021 1 104
443370 1 681
443566 1 139
444707 2 1891
445010 1 81
445921 1 455
446594 1 548
446685 1 469
447103 1 758
448275 1 647
450663 1 635
450722 1 292
452313 1 417
452996 1 555
455392 1 602
456777 1 327
457454 1 134
457807 3 403
459159 1 216
459819 1 691
462266 1 1118
464084 3 850
468869 1 413
468917 1 454
470009 1 562
471363 1 671
471800 1 325
473051 1 433
478744 1 553
479181 2 151
482953 1 464
485037 2 1727
488353 1 401
489071 1 464
492106 1 1378
494991 1 1722
495227 1 456
495463 1 498
496163 1 53
498912 1 98
501086 2 489
502933 2 738
507367 1 235
507539 1 502
509852 1 582
510779 1 305
510909 1 382
512907 1 542
516650 1 1217
516772 1 143
518174 1 274
519794 1 232
523231 1 408
524806 1 577
525426 2 629
526935 1 433
527919 1 632
