34494 8 691
35993 3 1632
38275 8 407
40725 8 483
49394 4 26545
51331 6 184510
55371 1 52248
55640 1 30
56078 9 541
57195 7 434
57568 1 28
58338 4 117
58779 2 155
59725 5 191
60121 6 606
63158 1 32
64255 2 33
64419 1 58
64424 1 35
64631 5 196
64662 13 506
64677 4 462
65517 8 215
67987 1 37
70834 10 349
72170 9 188
72419 13 436
73944 2 456
75079 8 605
75169 1 61
75278 1 30
75324 2 29
75383 2 49
75906 1 31
76117 4 467
77747 1 37
77774 1 285
80210 1 178
80551 7 166
80562 1 474
80569 2 32
81602 17 570
82960 7 495
82977 1 2067
83350 2 759
84748 1 43
85587 6 625
86499 5 592
88302 9 361
89763 1 42
92504 8 569
93015 12 543
94796 1 33
96026 8 548
96058 8 533
96783 9 668
98274 4 72
99110 1 27
99134 2 36
100042 1 34
100098 13 738
101267 4 94
101371 3 90
104115 10 211
104364 1 644
104761 8 649
105581 6 213
106108 13 572
106773 2 53
108633 7 414
108962 17 662
109604 4 347
109904 1 729
110320 2 209
112701 7 391
113871 18 549
114124 5 168
114430 6 79
114435 8 132
114558 1 443
114652 10 468
115282 2 43
115340 4 9448
115840 3 62
116003 10 527
116241 9 463
116545 2 50
117714 3 99
117862 11 596
117991 9 418
118217 2 44
118606 1 288
118669 2 31
118751 2 57
118913 5 142
121784 5 360
123480 3 37
123668 1 269
124340 9 620
124724 6 281
125468 9 546
126266 1 54
126769 4 258
127316 1 239
127683 4 155
127685 2 261
128158 3 50
129008 2 277
129245 1 195
131858 6 213
132805 5 779
132972 5 216
133130 17 632
133299 1 135
134981 5 101
135434 6 180
139857 3 50
140973 7 529
141896 4 298
142052 4 257
142230 2 89
142233 4 181
142430 4 224
142458 7 165
143166 12 400
143359 1 354
143630 1 49
144059 6 292
145119 3 100
145227 6 480
146025 1 84
146940 3 144
147896 2 540
150052 1 42
150070 1 43
150545 2 318
151078 13 589
151581 2 445
152344 8 358
152964 2 108
153485 1 47
153716 2 87
153769 1 574
153773 4 910
153891 1 320
154148 2 967
154153 13 745
155541 2 274
156206 3 671
156836 1 152
157084 8 271
158801 5 432
159344 14 639
159776 7 555
160054 15 591
160376 4 311
161532 2 51
161790 1 472
161916 1 97
163721 4 728
164405 4 138
164410 1 50
165019 3 142
165078 9 254
165302 2 180
165315 2 60
165345 3 52
165546 2 72
165547 3 58
165552 1 48
165724 2 42
165735 2 79
165736 3 58
165763 1 48
165868 2 47
167098 1 44
167230 5 692
168254 2 48
168867 2 55
169626 2 79
170005 5 120
170009 6 113
170065 3 923
171819 4 314
171829 1 169
172245 1 1104
172569 6 258
172631 1 47
173402 2 170
173407 3 305
174319 1 316
175198 3 113
176176 2 50
176370 14 413
176562 11 303
176576 7 167
176657 1 151
176768 5 275
177717 10 683
177908 7 421
178517 6 489
179896 5 577
180092 1 220
180190 3 425
180561 1 56
180573 1 80
181870 1 157
182012 7 304
183003 1 419
183158 1 245
185310 5 562
185433 11 775
185866 1 871
186168 12 705
186422 1 334
186524 1 227
186788 9 543
186835 10 447
187047 3 140
187590 2 914
187703 2 211
187731 2 45
195127 1 151
195216 1 323
195310 2 100
195372 1 346
195564 1 266
196760 1 91
196837 2 46
199420 2 95
200342 16 665
200343 1 555
201273 1 72
202658 10 517
203104 1 57
203835 1 55
204546 5 858
204657 1 704
204691 2 141
205989 4 745
208622 2 46
210444 1 38
213107 1 116
214518 4 580
216940 3 183
220135 1 596
220367 3 404
220556 5 291
223668 9 658
223985 1 681
223986 3 479
223993 2 552
223999 1 875
225201 1 74
225703 1 142
226160 1 198
226241 6 443
226463 3 158
227499 2 197
228289 2 46
228528 3 121
229443 2 491
229776 14 624
232283 7 598
232916 2 530
233287 1 50
233749 3 139
233820 1 49
235764 9 234
236759 1 268
237721 3 546
238664 9 356
238812 1 83
239573 7 530
239901 17 757
240563 6 624
242765 1 46
246360 5 641
246905 1 758
246906 1 314
247145 2 53
247395 1 41
247992 1 808
248443 12 540
250577 1 40
251192 1 1291
253820 3 65
254164 8 382
254290 2 570
254651 1 123
255402 7 483
255699 1 552
256655 1 50
256873 3 104
258574 3 815
259050 1 531
259326 2 454
259525 6 190
262232 14 570
262249 10 480
263477 2 53
264437 4 376
265795 4 1013
265810 1 16729
265816 6 25803
265845 5 17259
265854 17 21100
267752 6 115
272245 4 209
272922 4 335
273045 4 88
273304 6 211
277205 5 1154
277398 2 136
278018 3 122
278061 1 376
278101 3 122
278463 1 159
278719 5 254
278723 13 517
278862 1 303
278863 6 669
278889 9 266
279023 1 662
279156 3 118
279157 2 115
279440 2 1947
279559 1 194
279776 6 1664
280071 12 229
280419 1 314
284255 3 384
287083 11 764
287192 20 1561
288313 3 1891
288745 2 105
288747 10 1966
288752 1 149
288753 1 189
288795 5 299
288808 1 352
288882 1 173
288896 3 98
288897 7 177
288934 4 278
288972 2 319
288975 3 398
289035 6 703
289041 3 88
289046 5 214
289047 1 319
289166 1 174
289170 1 202
289193 1 159
290440 1 15196
290465 1 15747
292466 1 135
294440 1 157
294691 1 124
298416 1 237
299596 4 215
299778 5 5938
299796 3 95
299798 2 281
299834 2 124
299962 3 222
299963 2 200
300147 1 521
300148 5 224
300346 2 147
300350 2 938
300449 1 191
300607 10 1963
300610 1 179
300649 1 325
300652 3 98
300761 1 532
300763 1 165
301040 2 111
301132 2 134
301865 1 18367
303734 1 25485
304949 1 335
306378 1 695
307589 1 145
307592 5 170
307983 1 130
307984 5 228
308005 2 439
308007 1 167
308010 3 230
308065 5 234
308069 2 162
308071 1 153
308246 1 20735
308859 1 5677
308907 8 13313
308947 5 16976
308961 8 13313
309001 5 16976
309136 1 103
310261 8 211
310555 1 363
310624 8 152
316854 4 870
317357 1 96
317684 1 185
318342 1 175
318609 1 181
318906 1 299
319269 1 85
319454 2 295
319599 2 147
319676 2 147
319813 1 195
319814 1 118
319903 1 195
319904 1 118
326123 1 14885
326129 10 67196
326591 3 191
326594 2 200
326728 3 2187
327382 2 1440
327384 7 19585
327394 4 22044
327407 9 18061
329200 4 226
329225 5 7875
329420 2 139
329483 3 235
329586 6 536
329658 1 280
329659 10 262
329660 2 277
329721 1 1477
329750 2 111
329782 1 153
329783 1 155
329786 2 157
330200 4 171
330201 5 255
330343 7 299
330355 2 295
330399 2 231
330444 1 129
330504 5 146
330530 1 206
330737 4 356
330889 1 125
330892 4 230
330990 7 388
331125 2 293
331189 1 248
331190 2 386
331459 1 140
331638 6 478
331639 8 487
332831 7 171
334100 1 99
337041 4 88
337081 5 155
337200 1 135
337240 7 383
337366 4 1011
337632 1 279
337794 4 299
337810 6 313
338035 22 467
338179 1 208
338276 3 108
338280 1 197
338817 1 112
339008 6 277
339167 3 119
339193 2 571
339836 6 331
339999 2 1246
340162 6 1186
340474 1 200
340490 1 79
340986 1 144
341170 1 1315
341240 1 1432
343352 3 141
345317 4 124
345498 2 346
345722 9 384
345733 5 114
346892 1 133
348132 1 3201
349173 3 361
349186 9 391
349191 9 184
349192 2 94
349193 3 90
349196 3 115
349201 1 375
349322 5 122
349323 2 76
349354 1 84
349376 1 205
349379 6 337
349385 2 188
349391 1 134
350449 1 14072
350496 3 14081
351998 3 3051
352178 5 163
352256 7 121
352369 1 111
352436 1 97
352706 1 143
352967 7 2555
352987 2 236
352989 1 72
352990 3 195
352991 1 149
352993 1 178
353021 1 249
353022 3 293
353211 4 186
353338 10 165
353517 3 154
353672 3 158
354041 3 3810
354042 3 3333
354195 1 1641
354450 12 8639
355496 5 260
356077 3 3908
356211 5 181
357141 7 125
362028 3 212
363665 1 133
363934 1 312
364486 5 139
365542 1 336
365680 3 217
369952 1 260
370404 1 383
370598 1 2392
371121 1 81
371656 2 120
372315 3 1381
372406 3 14595
372429 1 357
373760 1 321
374974 5 12901
374994 1 13993
376331 2 165
376333 1 375
376335 10 494
376386 3 9418
376460 5 240
376558 5 158
376675 7 340
376984 1 198
376985 1 138
377096 1 132
377099 1 489
377100 1 243
377510 2 228
377852 1 165
377854 1 120
377975 2 205
378077 5 116
378089 2 205
378266 1 7092
378439 6 272
378784 9 314
378995 5 133
379825 5 141
381986 1 3213
381988 2 4173
381989 1 4051
383746 1 1388
383956 10 298
384683 1 205
384689 7 232
385275 4 260
385276 1 230
385980 3 3649
386602 2 2264
386625 2 274
386772 10 127
387185 7 355
387769 1 1310
387770 1 944
387885 1 376
388060 2 953
389842 3 369
392395 2 758
392759 1 110
393138 2 320
393334 3 235
393550 1 30891
393593 1 730
394132 1 455
394135 25 1279
394767 7 170
394774 5 282
395444 1 245
395552 1 117
396108 1 816
396125 1 1193
396258 1 38258
396521 11 865
398046 7 1608
398220 3 664
400913 1 17082
403037 3 725
403761 6 154
404071 1 63
404408 2 444
406734 1 93
410213 1 582
410451 7 890
411441 1 597
411444 9 663
412029 3 525
414413 1 93
416045 2 508
417455 3 628
418164 4 540
418259 3 701
418298 9 924
418485 2 272
420014 5 685
420649 4 539
422523 3 506
422826 4 257
423413 3 42
423720 13 528
425673 4 104
426252 2 42
427696 3 666
429764 1 319
430014 9 1554
432259 2 864
432881 1 493
432948 1 149
433425 1 551
433647 1 566
433731 2 107
433905 1 1344
433930 3 525
435539 6 245
436182 8 353
438928 9 1021
441834 1 422
441888 13 613
447356 2 383
447357 8 422
447685 1 875
448060 1 919
449215 8 573
451581 3 862
452085 3 84
452396 1 822
452869 3 457
453430 1 101
456207 2 659
458336 11 805
459612 5 921
459844 1 703
461354 2 558
461574 1 453
461672 1 210
461822 2 834
462076 1 1349
462686 1 120
464084 1 850
464433 1 1111
466286 4 112
466340 13 640
466628 6 676
471603 4 117
472059 42 1683
472438 1 39
473949 3 745
474284 1 181
474717 8 892
474817 1 237
478725 1 230
479008 1 1507
479032 7 437
479049 11 1953
481684 12 1070
483626 4 603
483973 2 1054
484147 1 227
486052 1 770
488741 4 573
490238 7 1298
490539 3 401
490615 4 77
491369 1 644
492095 1 911
493790 12 419
496436 1 4282
496448 6 943
496851 1 1307
499030 1 178
499473 2 362
500955 3 779
501277 7 1075
501870 9 1399
502273 3 537
503377 6 641
503889 2 171
504183 3 268
504294 4 734
511533 3 87
512661 13 733
515414 2 554
516887 13 494
516957 4 100
517583 7 732
517584 1 253
517888 6 569
518208 8 1002
519755 4 1501
519897 3 1891
520698 1 603
520962 1 3046
522857 4 701
522969 1 213
523637 2 320
523850 2 737
525847 22 1143
527204 2 659
1396 8 343
1398 11 383
2034 1 503
4216 1 354
6319 1 564
7928 4 243
9529 1 650
9530 1 501
10142 20 378
10153 26 381
10921 12 513
13598 2 516
15967 1 619
19132 10 420
19619 6 307
19620 10 386
19706 1 364
24738 20 341
26044 9 458
27980 3 333
30024 7 422
32274 1 298
32275 4 348
34889 5 347
39106 7 307
41694 1 362
42936 7 187
52220 2 547
52842 2 938
55596 12 524
55600 1 358
55607 1 439
55610 8 388
55613 6 383
55756 1 318
55915 1 244
56225 1 363
57039 4 99
58231 14 586
58779 1 155
58924 1 227
58978 14 605
59480 6 315
60116 1 35
60947 1 172
61206 1 282
63180 1 137
64631 1 196
65241 1 399
65259 1 590
65738 1 424
69915 2 572
72170 1 188
72979 1 72
73347 3 94
73944 4 456
74215 1 110
77591 3 284
77774 2 285
78373 3 300
78676 1 290
79978 2 55
80210 1 178
80562 3 474
81024 1 226
81135 1 470
81422 2 1068
81996 3 211
82332 1 428
82960 1 495
84783 2 299
85132 2 447
85587 1 625
85898 5 306
87332 2 272
88944 2 384
90499 1 302
92019 4 224
92671 2 203
93957 4 183
94972 10 169
96026 1 548
96366 1 61
96532 6 310
96677 3 267
97022 2 582
97246 3 169
98587 3 300
99319 5 367
104364 1 644
104761 4 649
105018 5 289
106059 3 434
106548 1 111
107912 3 592
108085 1 223
109604 1 347
109904 2 729
110069 4 214
110363 1 82
111298 1 124
112082 1 161
112242 1 667
112689 1 340
114435 1 132
117862 2 596
117991 2 418
118606 1 288
118913 1 142
123401 3 239
123668 1 269
124067 3 242
124992 2 126
125468 1 546
126083 3 283
126138 17 664
126769 2 258
127109 1 228
127316 1 239
128869 1 244
129008 1 277
129245 1 195
131628 2 379
132805 1 779
133130 5 632
133159 3 441
133516 1 137
134440 1 295
134638 3 504
135075 1 420
138162 8 238
138707 2 118
140045 3 200
140485 2 823
140958 4 127
140973 3 529
142165 17 666
143338 2 245
143359 4 354
144059 1 292
145150 3 284
145200 1 505
146940 1 144
147548 2 83
147896 3 540
148068 5 160
148839 1 489
149523 1 102
151581 2 445
151804 3 316
151843 1 470
153712 1 411
153769 1 574
153773 3 910
153891 1 320
155121 1 241
155462 1 207
155541 1 274
157077 1 74
157084 2 271
157752 2 213
159813 4 702
160021 5 373
160054 1 591
160376 1 311
160381 2 403
160594 4 403
160626 2 330
161505 1 96
161701 2 807
161790 1 472
162263 22 1189
162841 1 409
163137 2 230
163721 1 728
164776 1 523
167469 6 221
168025 1 394
169046 1 595
170005 1 120
170065 1 923
171734 1 252
171819 2 314
172245 1 1104
173402 1 170
173407 1 305
173597 2 57
173606 1 138
173892 6 267
173958 1 48
174319 1 316
175028 5 204
176652 3 152
177916 1 335
177989 1 325
178062 7 297
178111 3 430
178808 1 140
179171 5 228
179424 16 1062
179425 7 305
180092 1 220
180435 11 739
180560 3 263
180738 1 527
182012 1 304
183003 1 419
183720 1 492
184809 1 1064
184907 4 536
184908 1 433
185930 2 151
186054 2 171
186422 2 334
186788 2 543
187047 1 140
187347 5 405
187590 1 914
188486 1 287
188864 1 105
190028 1 117
190245 2 210
193012 4 393
193108 1 247
195216 1 323
195372 2 346
195564 3 266
196126 2 403
196760 1 91
197805 1 51
200343 2 555
202146 1 96
203104 1 57
203105 1 105
203334 1 156
204657 6 704
208012 3 433
209848 4 181
211083 1 87
211342 1 500
215164 1 486
220135 1 596
220367 1 404
220570 1 301
220807 2 401
222463 1 232
223985 1 681
223986 1 479
223999 4 875
225920 2 233
226160 3 198
226215 2 220
226241 1 443
226435 2 74
226660 7 443
227189 1 373
228498 2 259
229443 4 491
230072 2 609
230367 3 146
232403 5 570
232916 4 530
236021 5 328
236360 4 406
236759 3 268
236764 1 246
238664 5 356
239466 1 603
243377 2 261
243817 2 228
245830 11 453
246231 1 439
246906 1 314
247014 2 517
247203 4 106
250814 8 570
250824 1 86
251192 1 1291
251792 2 128
252556 2 314
253034 4 337
254290 1 570
255059 5 276
255060 4 333
258574 1 815
259050 3 531
259326 3 454
263671 3 308
265900 1 86
265902 2 127
265903 1 153
266034 1 221
266074 2 232
266085 2 232
266208 3 135
266249 3 1098
266257 8 226
266258 11 709
266351 1 147
266389 5 811
266429 2 410
266432 1 180
266634 1 197
266673 5 204
266959 1 97
266972 1 354
267177 4 110
267211 6 2117
267270 2 92
267391 2 132
268392 4 873
270393 2 109
272739 2 353
274745 1 141
275695 1 393
275698 1 677
275902 4 178
276396 2 530
276420 5 451
276947 3 168
277595 5 747
277990 3 177
278060 1 291
278061 1 376
278615 1 232
278723 3 517
278862 1 303
278863 3 669
279023 1 662
279093 2 357
279131 1 212
279132 1 203
279255 1 269
279440 1 1947
279776 3 1664
280054 3 552
280173 1 272
280177 4 1112
280619 4 11500
283866 2 88
283891 2 157
283986 13 751
285357 5 455
285597 1 105
285671 1 793
285756 2 138
287066 5 1029
287906 2 5750
288355 1 307
288747 6 1966
288805 5 237
289006 5 456
289035 3 703
289047 1 319
289055 1 163
289107 3 584
289161 4 1120
289932 5 4403
289977 3 954
290525 2 603
290581 7 342
290703 2 301
290766 1 312
290837 17 2137
290905 6 614
290913 1 304
291378 1 369
291727 3 451
292700 1 3396
294491 1 547
297459 3 4676
297721 1 464
297733 1 184
297737 2 223
297919 1 1235
298076 4 2226
298416 1 237
298629 1 372
298815 8 226
298868 1 200
299069 2 99
299210 1 293
299285 1 165
299466 6 1002
299643 4 305
299724 5 849
299834 1 124
299884 1 241
299962 1 222
299989 4 1298
300147 2 521
300243 1 163
300350 23 938
300607 6 1963
300627 1 145
300761 6 532
300957 8 397
301211 2 90
301310 1 256
301865 11 18367
302769 4 281
303734 3 25485
303953 1 89
304429 2 126
304712 1 161
304872 1 346
305251 1 167
305292 7 122
305452 1 454
305480 3 196
306493 1 368
306566 1 300
307339 1 348
308005 7 439
308010 1 230
308650 1 555
309084 2 101
309367 1 117
309444 5 302
309533 4 234
309689 1 170
309887 7 713
311706 3 391
316316 1 1018
316572 8 569
316596 1 124
316854 1 870
317609 3 231
317652 2 149
317684 2 185
317778 1 150
318342 1 175
318473 1 75
318609 2 181
318906 1 299
319092 1 94
319230 1 94
319269 1 85
319454 1 295
321549 1 139
322269 4 2418
323314 5 194
326129 1 67196
326570 4 210
326728 3 2187
327382 1 1440
327389 2 806
327454 3 858
327546 4 208
327594 2 244
327723 3 183
327826 1 194
327876 6 186
327973 22 533
327998 1 183
328100 1 250
328153 19 4232
328161 5 356
328279 1 260
328299 2 143
328390 1 116
328506 4 4280
329225 1 7875
333229 1 129
333284 2 1280
334135 1 276
335798 1 193
336537 2 414
336872 1 334
337046 1 1670
337081 1 155
337193 2 232
337197 1 183
337200 1 135
337203 1 153
337632 2 279
337634 8 165
337902 8 1114
337988 2 103
338002 9 772
338276 2 108
338280 1 197
339027 2 634
339084 2 270
339193 3 571
339727 4 764
339728 5 127
339807 1 268
339866 2 404
339926 1 375
339999 2 1246
340021 3 303
340124 7 169
340219 1 1343
340278 1 73
340303 5 88
340900 5 278
341170 7 1315
341240 3 1432
341242 1 926
341387 4 470
344316 2 1235
345251 1 322
345498 1 346
345682 4 243
345872 2 135
345888 1 784
346129 13 579
346603 5 254
346750 3 92
347089 1 248
347837 2 63219
348088 1 2280
348132 8 3201
348137 8 419
348414 1 266
349173 1 361
349200 2 216
349201 1 375
349349 1 279
349417 8 172
349422 9 778
349588 1 4254
350721 9 521
351178 1 278
351239 2 132
351520 5 215
351998 2 3051
352397 2 1759
352411 2 465
352987 1 236
352990 1 195
353517 1 154
354195 1 1641
356077 4 3908
356873 1 172
359297 1 1752
359479 10 3524
361138 6 352
361168 1 231
361775 1 217
361776 5 280
361890 2 321
362156 6 230
362794 2 338
362795 4 359
362797 6 553
363973 6 381
364047 3 686
364233 2 1261
364457 1 367
365267 1 1745
369686 1 385
369758 5 122
370404 1 383
370598 2 2392
371260 3 386
371638 1 137
371716 2 135
372315 2 1381
372380 1 266
372429 2 357
372905 6 232
373596 1 201
373614 5 474
373678 1 398
373759 1 217
374014 1 80805
374140 2 1214
374149 2 5434
374182 3 399
375592 6 1724
375704 3 356
375762 1 102
375780 1 84
375991 1 180
376081 3 160
376734 1 959
377448 1 4232
377529 1 2696
378279 1 331
380300 6 275
380502 6 275
380959 1 1604
381592 1 1704
381917 1 425
382690 1 498
383036 1 564
383156 1 365
383448 5 699
383564 2 518
383748 5 549
383751 11 1521
383956 3 298
384041 1 360
384318 1 1701
384347 1 506
384602 1 3928
384651 9 5256
384798 11 3365
385137 5 592
385174 5 592
385176 5 592
385182 1 2730
385288 5 474
385486 5 6673
385652 2 269
386471 4 2923
386602 2 2264
386625 4 274
386861 2 735
387078 2 267
387229 1 447
387461 7 1114
387770 1 944
387885 2 376
388060 11 953
388118 9 913
388576 1 580
392387 4 1705
392395 5 758
392707 5 289
392980 5 124
393420 4 238
393596 6 2560
393991 2 479
395350 4 349
395444 1 245
395568 6 278
395899 1 1791
396150 1 3399
396246 1 1323
396512 5 586
399716 26 991
400596 2 313
400913 6 17082
401707 2 638
401966 1 154
402983 1 416
403242 1 663
403392 1 222
404408 1 444
405086 21 604
406274 19 407
406734 1 93
407627 1 1108
408708 4 2142
409466 3 261
410213 2 582
410605 2 77
411147 3 489
411444 3 663
411954 2 967
413324 6 405
413600 4 877
414512 4 1107
414914 7 445
415916 2 868
416045 1 508
416690 3 208
416942 4 807
417060 9 418
417263 1 222
418485 1 272
420014 2 685
420649 1 539
422458 1 116
422582 1 427
422835 4 503
423014 4 541
425931 5 809
426438 24 833
426548 4 514
428344 1 361
429085 4 187
429764 2 319
431513 1 119
431694 1 797
431815 1 271
432259 1 864
432474 3 79
432556 3 1677
432948 2 149
433571 1 704
433597 1 686
433654 1 563
433695 3 2209
433788 6 882
433851 1 1181
433918 1 2554
433921 1 1020
433930 1 525
435357 9 560
436197 1 377
440335 3 311
441834 2 422
442288 6 557
442601 1 49
442807 6 3101
443310 1 431
444876 2 623
445039 2 431
445834 2 311
447356 7 383
447357 2 422
447685 10 875
448017 1 464
448060 2 919
449012 4 394
452396 3 822
453430 1 101
454312 4 240
455010 1 153
456207 3 659
457568 7 307
458856 4 347
459243 4 247
459612 1 921
459844 2 703
461354 3 558
461574 3 453
461672 1 210
462686 1 120
462870 2 289
464229 13 703
464450 3 739
464874 1 344
466533 1 97
466656 2 206
468045 7 733
469155 16 927
469811 1 469
470225 2 607
471608 2 2725
472263 2 113
472475 2 157
473949 4 745
473992 4 63
474817 4 237
477131 1 267
478725 2 230
479008 2 1507
482228 4 97
483626 1 603
483759 26 2593
484096 26 1579
486653 1 426
487080 2 824
488673 1 3792
489372 3 246
490238 7 1298
490249 1 420
490320 4 1088
491255 4 2605
492095 10 911
492544 11 817
495575 1 261
496009 1 90
496251 1 448
496436 1 4282
496596 3 2298
497096 8 1149
498740 1 214
499032 1 290
499430 24 1585
500607 7 347
504294 1 734
507698 1 203
508227 2 215
511675 3 361
513412 36 542
513581 1 301
513726 1 457
516666 1 271
517080 3 480
517366 3 84
518121 9 398
519897 1 1891
519905 11 570
520806 3 130
520962 4 3046
521382 3 161
522857 2 701
522969 2 213
523040 1 2795
523093 2 701
523497 1 664
523637 5 320
523995 25 592
524657 1 375
525366 1 790
525674 3 1094
525787 2 2409
525847 1 1143
526903 4 724
527204 1 659
527657 1 281
