33 103 19382
35 6 949
148 9 3578
1169 6 545
1646 2 55438
1813 8 636
1880 11 383
2232 53 3252
3280 21 961
3492 43 1768
4421 209 5382
4696 6 4744
5760 9 1678
8917 9 1526
9166 873 17203
9424 9 555
11501 44 2458
13709 1 766
14188 20 389
16754 7 1162
18820 8 491
19870 18 1666
20145 1 451
21220 8 6993
22068 43 1844
25091 52 2607
26020 6 494
27504 18 331
27785 5 708
28853 84 3522
30374 5 384
31345 64 1570
31607 1 307
31846 10 5130
31936 7 909
31942 3 401
32352 4 460
32456 25 2583
33797 25 2041
34722 186 13257
34834 28 1287
36097 6 526
36178 5 317
36454 7 892
36891 3 483
38743 33 2241
39194 9 1496
39649 6 413
39710 19 2655
39711 88 2291
39713 91 3484
39882 9 837
45298 18 388
45307 8 278
45917 37 6305
45947 262 11759
46011 10 603
48884 40 1709
50560 18 3018
50682 7 32839
51475 7 820
51638 8 2372
51705 68 1921
51727 1 240
51894 22 558
53011 50 1599
53096 208 6232
54383 14 385
54477 26 1749
55371 13 52248
55507 4 471
55606 3 395
62734 7 757
65017 19 582
70178 3 50
71613 3 1105
76581 4 448
77464 2 337
77573 2 50
89766 3 992
100329 6 514
100598 5 419
110776 4 196
114024 6 472
116465 16 499
120327 19 401
123727 4 444
127743 2 681
129842 3 700
130062 1 1259
130066 2 716
136162 3 58
140410 6 876
141353 3 538
142662 16 608
144973 1 609
146980 5 269
151318 16 310
152867 1 541
156864 3 389
157534 1 392
161247 5 170
165944 5 488
168985 2 247
169775 14 765
179145 1 612
183044 1 559
183264 2 55
185122 16 691
207861 4 473
210308 4 696
210603 3 650
211061 1 62
213821 2 53
214900 6 484
217015 1 883
217048 1 134
218395 3 297
218856 3 545
219302 3 231
221541 5 191
225580 10 204
226947 4 266
228019 5 110
235413 1 644
236605 1 720
238858 1 362
239100 4 726
244714 3 143
246755 2 641
252348 2 401
253926 2 782
256650 1 233
261770 3 731
261990 3 295
263094 1 699
264295 1 789
264502 1 818
264508 2 570
264521 1 504
265051 1 744
265151 1 335
265492 1 687
265816 1 25803
265854 1 21100
267606 9 191
268680 3 239
270100 24 438
272221 4 439
272946 2 119
275756 5 174
275757 13 265
275781 11 424
275919 4 107
276030 10 163
276184 9 157
276185 9 156
276714 18 531
276978 7 237
277340 4 160
287398 12 429
287418 13 272
287419 5 180
287454 7 303
287455 3 1380
287458 7 263
287459 2 152
287460 10 360
287461 3 181
287466 11 235
287504 9 160
287509 9 165
287510 10 167
287527 5 174
287539 2 130
287540 9 195
287543 19 467
287547 11 294
287558 19 393
287562 11 212
287574 11 263
287623 5 241
287630 17 534
287633 10 719
287634 11 382
287637 4 135
287644 19 332
287660 30 846
287673 19 548
287679 21 850
287729 4 505
287730 3 241
287736 3 277
287754 2 149
287755 3 143
287766 18 660
287785 22 727
287836 57 1989
287845 17 317
287849 2 124
287892 16 148
288279 6 354
288334 2 478
289348 1 18428
289932 11 4403
290118 16 151
290405 2 1244
290440 3 15196
291689 12 1872
291792 64 1333
291793 4 2238
292384 5 221
292507 14 905
292700 20 3396
292701 25 2069
293237 15 205
294498 17 647
294621 8 314
294622 5 151
296839 6 199
298085 1 169
298190 9 1037
298407 7 922
298461 12 323
298532 11 1224
298752 29 856
299319 15 479
299750 7 770
301218 11 355
303734 4 25485
305194 6 131
306237 1 26903
306862 6 157
306879 3 340
306887 3 138
306890 4 274
306892 124 1907
306893 10 545
306894 4 333
306897 8 155
306901 7 126
306902 9 192
306908 20 558
306918 19 516
306922 11 402
306924 1 174
306946 20 578
306949 1 107
306950 64 1346
306952 8 235
306953 6 664
306955 1 116
306956 1 113
306961 8 778
306970 20 316
306977 4 152
306989 6 135
306998 36 2256
307000 16 901
307001 4 122
307002 1 137
307016 5 459
307017 12 355
307022 19 1078
307023 8 621
307024 39 906
307026 7 377
307027 2 147
307031 20 633
307033 5 223
307035 12 616
307036 8 296
307037 16 652
307038 8 318
307039 3 165
307040 3 160
307048 1 138
307061 6 204
307078 23 386
307084 18 1709
307085 12 328
307097 3 184
307098 3 461
307100 1 125
307106 15 480
307117 4 315
307118 6 287
307120 5 181
307126 30 865
307136 24 489
307137 5 497
307143 6 290
307193 23 658
308607 23 661
308907 4 13313
308947 1 16976
308953 6 14138
308961 4 13313
309001 1 16976
309007 6 14138
309389 11 3655
311959 5 271
312089 3 133
313844 9 411
314312 6 213
314313 8 149
314377 4 326
316274 13 1413
316482 25 1212
316850 2 427
316855 2 641
317023 1 163
317063 12 2375
317120 2 1885
317123 1 346
317132 3 274
317136 7 605
317253 1 388
317308 12 391
317351 1 664
317354 3 335
317453 1 202
317482 2 1742
317493 2 721
317611 23 1827
317661 3 135
317668 2 640
317736 6 309
319571 14 640
323785 34 1066
324670 11 260
325540 23 3234
325753 13 324
325758 4 178
325761 3 673
325765 1 280
325766 2 454
325773 1 131
325780 9 117
325788 24 639
325794 38 842
325795 38 760
325811 8 639
325812 7 256
325816 6 164
325846 34 1068
325858 4 176
325865 20 1398
325866 2 171
325870 13 167
325872 16 326
325873 7 217
325877 14 649
325903 13 262
325904 18 434
325939 5 358
325946 3 154
325958 4 123
325962 12 395
325969 9 572
325970 9 412
325975 12 241
325976 6 221
326001 3 340
326005 11 265
326129 1 67196
327361 52 1715
327394 1 22044
328914 6 4587
329078 12 225
329161 26 1719
329437 10 257
329792 9 118
330167 18 263
330296 11 3448
330367 11 223
330597 22 220
331330 5 155
331492 50 831
333819 1 234
334421 4 248
337053 2 215
337388 11 168
337941 13 159
337995 7 171
338113 14 496
338227 13 283
338656 7 136
339666 15 299
340364 12 285
344937 18 381
347381 25 355
347773 9 1472
347837 11 63219
347869 1 47445
348106 10 1623
348341 2 218
348344 17 390
348353 25 438
348354 12 228
348355 8 648
348356 8 328
348363 6 152
348381 75 1414
348388 2 88
348403 63 1670
348406 18 698
348443 14 249
348459 8 257
348464 5 681
348477 1 107
348519 15 317
348528 11 225
348531 16 261
348563 5 177
348566 13 166
348572 14 502
348575 15 287
348582 22 219
348590 7 94
348631 14 884
348644 7 187
348669 11 724
348670 5 398
348672 13 215
348700 25 352
348703 8 408
349742 63 1678
351998 32 3051
352199 15 192
352470 7 132
353700 6 2489
353762 10 244
353792 13 270
353875 13 149
354018 13 316
354089 10 149
354149 30 368
354153 19 317
354165 14 333
354166 4 112
354267 34 554
354465 4 155
354764 16 551
354810 1 278
354811 1 237
355023 1 258
355059 5 164
355339 1 153
355403 1 147
355433 7 313
355438 7 160
355934 3 195
355936 3 205
355945 3 491
355946 1 476
356091 2 238
356290 10 380
357648 4 399
357820 1 176
357821 5 379
357868 15 406
357869 1 127
358009 6 119
359152 1 9815
360194 6 133
360341 21 433
360806 8 171
361222 13 228
362072 3 214
362435 8 163
368848 16 211
372278 1 28092
372312 3 118
372406 2 14595
372528 6 186
372541 9 141
372570 6 243
372576 2 250
372577 3 205
372580 2 141
372587 6 618
372595 15 279
372604 3 732
372611 5 159
372641 21 442
372661 31 517
372663 2 595
372664 1 242
372665 2 515
372666 1 278
372668 18 304
372670 5 135
372673 1 155
372674 1 262
372675 4 160
372676 5 171
372677 16 557
372690 6 116
372725 13 235
372734 74 823
372735 5 725
372736 3 197
372737 7 317
372738 2 126
372740 5 167
372741 4 97
372742 1 157
372745 2 478
372775 2 173
372779 22 898
372812 21 420
372820 2 770
372821 2 244
372823 9 390
372829 3 101
372846 4 101
372857 4 91
372860 20 757
372868 11 843
372921 5 217
372927 11 149
372928 15 312
372929 10 241
372930 13 271
372933 19 848
372934 1 178
372937 1 135
372940 33 659
372943 1 600
372948 8 265
372960 2 167
374014 3 80805
374975 14 337
374994 2 13993
376440 16 1977
378218 1 107
378321 15 247
378659 1 156
378974 3 217
379057 3 118
379076 1 164
379117 3 279
379362 10 369
379661 5 303
379691 5 438
379837 4 444
380006 2 644
380007 3 1131
380293 5 384
380302 1 322
380311 18 445
380503 5 384
380789 14 452
381097 3 116
381116 1 390
381141 12 331
381247 1 162
381264 3 203
381265 2 248
381516 2 136
381749 1 278
381750 2 515
383799 3 400
384116 17 1346
384330 2 118
384602 10 3928
384818 16 805
385026 14 839
385219 6 182
385234 6 241
385352 19 303
385980 3 3649
389271 5 804
393560 4 1516
393596 1 2560
393747 1 58177
393880 1 1767
394327 7 137
394342 5 153
394343 50 831
394345 3 220
394348 21 1782
394349 15 1190
394353 6 243
394356 4 250
394357 12 630
394358 7 233
394360 9 482
394385 7 194
394387 4 316
394392 16 393
394423 3 411
394440 16 257
394443 4 448
394444 1 278
394445 1 115
394446 2 242
394457 6 391
394462 8 373
394466 2 171
394480 9 113
394485 1 131
394514 58 992
394515 20 844
394540 6 111
394542 16 813
394551 4 134
394552 3 1131
394553 2 650
394571 5 386
394573 5 442
394574 18 449
394575 8 385
394603 16 843
394638 15 244
394639 1 102
394641 1 395
394643 6 283
394648 3 431
394651 12 415
394652 1 120
394657 14 456
394668 33 730
394684 11 376
394685 25 792
394701 23 638
394981 2 325
395242 2 23266
396337 10 709
398982 56 975
400913 11 17082
401049 60 1419
401361 2 71
403340 1 1329
404216 1 470
409815 7 537
410266 5 1628
410366 9 102
410936 1 813
412570 38 1304
412983 4 844
414739 11 952
415001 7 855
415338 1 202
416063 1 488
417432 13 361
418485 1 272
419211 18 597
419253 3 86
420193 16 424
421679 16 988
422988 1 81
423766 1 733
424852 4 156
426249 1 1066
426883 4 85
427654 11 786
428805 8 366
428824 1 352
429124 1 547
429305 3 58
431966 3 1218
432697 40 1979
433167 4 496
434245 2 1487
435157 1 144
435954 5 640
439012 12 494
439341 1 359
439514 2 413
439651 6 4134
441576 82 2819
441578 107 2452
442983 3 126
443758 3 384
444707 20 1891
446754 6 580
446769 3 1358
446781 5 90
446824 2 983
446830 2 804
446850 14 1179
446866 1 326
446904 2 1251
449324 2 3154
449496 4 52
450019 6 1017
452913 25 811
453475 3 600
454505 57 1697
455035 58 1570
455166 3 274
455888 5 339
458852 17 580
459309 18 3239
459649 3 961
462074 4 685
463202 37 1261
464024 2 708
464448 11 1617
465790 36 717
466118 7 218
466190 16 852
467795 1 44
469182 6 863
469226 35 1014
470850 14 480
471339 5 582
471403 58 3677
471462 5 685
471721 27 1062
471862 10 90
472521 4 168
474324 8 113
475115 1 71
475632 1 536
475787 1 1084
475792 6 296
475805 1 682
476250 27 3982
476862 3 117
478590 7 154
482317 19 710
482319 61 970
485037 71 1727
485462 15 637
488381 8 269
489308 8 278
489784 14 996
491631 16 1326
491766 46 2223
491954 5 834
492668 3 396
494132 18 904
494212 24 1187
495096 4 101
495506 1 705
496015 15 530
496032 10 555
496111 3 197
496276 7 233
496767 13 193
496846 1 1173
496977 4 1293
496982 15 719
497257 6 367
497315 2 434
497461 2 59
497578 5 240
497583 3 97
497588 18 734
497742 1 109
497748 4 549
498257 7 567
498322 9 629
498429 5 702
498466 2 65
498467 3 94
498468 17 452
498668 3 156
498699 3 116
498792 13 335
499043 4 348
499319 3 51
499324 18 531
499504 28 824
499538 18 1354
499542 18 805
499659 5 305
499715 10 614
499781 3 93
499930 1 243
499977 6 241
499982 7 218
500056 9 361
500224 7 98
500243 2 253
500287 4 180
500620 5 325
500795 5 71
500885 8 641
500886 18 728
501056 6 100
501266 5 664
501341 9 316
501382 4 254
501496 7 285
501513 9 374
504554 8 499
507856 5 879
509834 8 582
509998 9 1750
510093 4 926
510481 5 886
511455 6 239
515326 1 496
517265 16 474
522362 27 750
522852 7 315
523248 1 2386
523271 1 1037
523454 1 750
523752 15 458
524350 6 846
524556 29 727
524564 1 385
524607 2 1214
524628 2 128
524687 6 999
524925 1 401
524927 3 1279
524934 23 507
524935 3 572
525028 12 558
525567 24 1062
525569 9 341
525656 13 390
526289 3 133
526389 13 417
526438 9 390
526869 4 143
527019 1 134
527214 2 295
527321 2 107
527327 2 91
527371 1 549
527425 3 94
527595 6 98
527656 11 701
527775 5 98
527868 10 958
527953 1 396
527968 3 96
528085 3 362
487 8 368
1646 1 55438
4912 1 434
6439 8 6333
10976 1 3920
23310 2 227
23439 1 4470
29633 1 4593
37510 1 4788
40061 1 19463
43256 1 4783
44270 1 4933
46972 1 559
51331 57 184510
51791 1 5200
55371 12 52248
59355 1 399
77464 1 337
77573 2 50
81606 1 714
82779 4 157
82880 4 268
83156 1 755
85587 1 625
85894 2 168
112854 1 405
115340 1 9448
116465 1 499
120327 1 401
135559 1 505
141334 2 640
142662 1 608
152867 1 541
156864 1 389
179145 1 612
182869 5 746
185122 1 691
195590 2 437
197507 4 492
207861 1 473
219302 1 231
236232 2 251
241078 3 545
241354 2 491
249320 3 528
264502 2 818
265051 1 744
265417 1 132
265492 1 687
265845 5 17259
267606 1 191
268680 3 239
270100 1 438
275781 1 424
287398 1 429
287460 1 360
287540 1 195
287673 5 548
287679 2 850
287728 2 146
287730 3 241
290440 2 15196
291792 2 1333
292384 1 221
292700 1 3396
294498 3 647
299750 2 770
301218 1 355
303734 2 25485
306890 1 274
306908 1 558
306946 1 578
306950 2 1346
306955 1 116
306961 2 778
306998 17 2256
307031 1 633
307033 1 223
307037 3 652
307048 1 138
307193 1 658
308186 1 36306
308607 1 661
308947 1 16976
309001 1 16976
309389 1 3655
311959 1 271
311970 5 294
312089 1 133
313844 2 411
314312 1 213
316297 1 5294
323785 1 1066
324670 5 260
325768 1 269
325788 1 639
325795 1 760
325812 4 256
325846 1 1068
325870 3 167
325903 2 262
325904 2 434
325970 2 412
325975 1 241
325976 1 221
326005 5 265
327384 1 19585
327394 1 22044
329078 1 225
329128 1 219
329161 1 1719
329208 1 9390
330167 2 263
331492 1 831
332197 1 1026
344937 1 381
347381 1 355
347773 1 1472
348353 1 438
348354 1 228
348531 2 261
348672 1 215
348700 1 352
350496 1 14081
351470 1 3052
352470 1 132
353762 1 244
354018 1 316
354165 2 333
354166 1 112
354267 2 554
354811 1 237
354841 2 222
355023 1 258
355433 1 313
356290 1 380
357012 2 342
357868 1 406
360341 2 433
371862 2 838
372641 2 442
372664 1 242
372670 1 135
372672 2 227
372674 1 262
372734 4 823
372737 1 317
372738 1 126
372745 2 478
372775 1 173
372820 1 770
372823 1 390
372928 1 312
372929 1 241
372943 1 600
372960 1 167
374975 1 337
380293 1 384
380311 1 445
380503 1 384
385026 2 839
389271 1 804
393596 1 2560
393747 2 58177
394343 1 831
394348 6 1782
394357 1 630
394392 1 393
394571 1 386
394574 1 449
394603 2 843
394668 2 730
396211 1 1394
396337 2 709
398972 1 35
399669 1 39
400913 1 17082
403340 1 1329
404216 1 470
407359 1 417
410750 1 880
410936 3 813
411011 1 362
412597 2 556
415338 1 202
416002 1 578
416063 1 488
418485 1 272
418610 1 97
419576 1 710
420193 1 424
420440 4 665
422926 1 543
423766 1 733
426249 2 1066
428343 1 307
428805 2 366
428824 1 352
429124 1 547
430420 1 697
431364 1 82
432484 2 1556
432487 2 286
434245 1 1487
434979 1 36
435157 1 144
439341 2 359
439651 1 4134
444398 26 1496
445371 1 366
446729 1 424
446769 1 1358
446824 1 983
446851 1 2098
456907 2 842
458469 1 685
462885 1 45
463235 2 665
464024 1 708
464858 1 474
465637 3 516
468879 1 695
471721 1 1062
475097 1 236
475789 1 339
476862 2 117
478590 1 154
480746 2 95
484848 2 801
487907 1 660
488381 1 269
489873 3 939
492668 1 396
496846 2 1173
499930 1 243
507158 3 2061
512246 1 949
515326 1 496
516563 1 29
520884 3 1282
521808 1 499
522852 3 315
523248 2 2386
524177 1 506
527371 1 549
527868 1 958
487 8 368
1167 2 507
1256 1 231
1405 2 308
1407 2 192
2044 2 284
2045 2 301
2046 2 363
4303 2 494
4912 1 434
5032 1 132
5383 2 296
6770 1 225
8127 1 926
8709 1 238
9222 1 128
9734 1 159
10976 1 3920
13709 1 766
16913 1 356
18877 5 775
19274 1 509
19485 3 440
20579 1 293
21001 1 361
21659 1 124
21660 1 109
22489 1 402
22550 4 382
22901 2 324
23310 2 227
23439 1 4470
25530 2 395
25865 1 322
25936 1 285
27244 2 410
27245 1 249
27934 2 203
28457 2 945
28460 4 2208
29620 2 189
29633 1 4593
31607 1 307
31942 2 401
32586 1 207
32597 1 584
32621 4 642
36891 2 483
37510 1 4788
37626 1 292
37801 1 399
38418 2 296
38899 1 369
38931 1 368
38971 1 533
38972 1 537
39012 1 482
39015 1 646
39016 3 356
40803 3 367
41791 3 463
41901 3 455
41961 3 342
43256 1 4783
43846 3 371
44270 1 4933
45714 1 1419
46114 1 402
46241 3 516
46301 3 245
46972 1 559
46985 3 332
47819 1 216
49466 2 548
50350 3 626
50351 4 735
50358 4 776
50420 4 720
50920 3 353
50939 3 351
51242 3 647
51331 7 184510
51727 2 240
51791 1 5200
52171 4 375
52214 1 64459
55371 5 52248
59355 1 399
77464 1 337
77573 2 50
81606 1 714
82779 6 157
82880 5 268
83156 1 755
85587 1 625
85894 2 168
102230 1 39
109630 3 509
112854 1 405
116465 1 499
120327 1 401
123185 3 444
127005 2 47
135559 1 505
141334 3 640
142581 4 585
142662 1 608
145404 4 197
152936 4 744
156864 1 389
157534 3 392
159844 3 380
160033 7 314
176088 4 553
179145 1 612
182869 8 746
185122 1 691
187584 4 591
195590 2 437
197507 2 492
208175 3 69
212142 5 192
219302 1 231
230537 3 470
233167 4 328
236232 2 251
241078 3 545
241354 4 491
249320 3 528
265816 1 25803
265845 4 17259
266791 1 581
266977 1 315
267606 1 191
268680 3 239
269404 1 238
270100 1 438
271514 3 162
272570 2 121
275690 1 120
275781 1 424
279091 2 517
279946 1 895
283413 3 100
284998 1 1253
287398 1 429
287540 1 195
287558 2 393
287673 1 548
287679 1 850
287728 2 146
287730 3 241
291792 2 1333
292384 1 221
292700 1 3396
294498 3 647
299750 1 770
302168 1 564
303734 2 25485
306237 6 26903
306890 1 274
306908 1 558
306946 1 578
306950 2 1346
306955 1 116
306961 1 778
306998 8 2256
307017 2 355
307031 1 633
307033 1 223
307037 3 652
307048 1 138
307193 1 658
307263 4 515
308607 1 661
308948 6 996
309002 6 996
311959 1 271
311970 5 294
312089 1 133
312695 5 2021
313844 2 411
314015 5 464
314312 1 213
314433 2 194
319823 1 443
322531 1 565
323785 1 1066
325112 5 2173
325666 2 717
325768 1 269
325812 4 256
325846 1 1068
325870 3 167
325903 1 262
325904 1 434
325970 2 412
325975 1 241
325976 1 221
329078 1 225
329128 1 219
329161 1 1719
330167 2 263
331285 6 359
331362 1 419
331492 1 831
332197 1 1026
333326 1 312
333995 1 179
337959 4 396
339202 4 352
344937 1 381
345617 2 514
347345 1 693
347381 1 355
347757 1 243
347773 1 1472
347964 2 532
348353 1 438
348354 1 228
348531 2 261
348672 1 215
348700 1 352
349642 1 269
350496 7 14081
351470 1 3052
352470 1 132
353762 1 244
354018 1 316
354165 2 333
354166 1 112
354267 2 554
354811 1 237
354841 2 222
355023 1 258
355433 1 313
356290 1 380
357012 2 342
357751 4 207
357868 1 406
360341 1 433
363125 1 64
363895 4 659
364321 1 176
365987 1 272
371138 4 206
371616 4 633
371862 3 838
372641 1 442
372664 1 242
372670 1 135
372672 2 227
372674 1 262
372734 1 823
372737 1 317
372738 1 126
372745 2 478
372775 1 173
372820 1 770
372823 1 390
372928 1 312
372929 1 241
372960 1 167
373863 4 603
373980 1 568
374861 2 221
374975 3 337
375132 1 109
375451 1 447
380293 1 384
380311 1 445
380503 1 384
385026 2 839
387024 3 225
391507 1 404
391786 1 155
393217 2 634
393550 1 30891
393596 1 2560
394343 1 831
394348 6 1782
394357 2 630
394392 1 393
394571 1 386
394574 1 449
394603 2 843
394898 2 26758
395640 1 17885
396337 1 709
398972 1 35
399669 1 39
400393 8 198
400913 6 17082
401330 11 328
402410 3 148
406198 3 92
407359 1 417
407687 3 203
410509 4 628
410750 1 880
411011 1 362
412597 2 556
415604 2 40
416002 1 578
418485 1 272
418610 1 97
419257 6 506
419576 1 710
420193 1 424
420440 4 665
422926 1 543
425792 3 73
426249 2 1066
427898 8 411
428343 1 307
430216 3 295
430420 1 697
431364 1 82
432484 5 1556
432487 7 286
434979 1 36
438124 1 521
438724 3 1585
439341 2 359
443758 1 384
445371 1 366
446729 1 424
449134 6 228
449324 4 3154
456680 1 485
456907 1 842
457828 1 116
458469 4 685
459649 3 961
462885 1 45
463235 3 665
464858 1 474
465637 3 516
465749 3 215
468879 1 695
471721 1 1062
478865 20 553
480746 2 95
484848 2 801
487907 1 660
488381 1 269
488811 3 195
489873 5 939
493504 4 253
495181 7 527
495506 4 705
506701 4 133
507158 5 2061
511022 1 324
512246 3 949
512850 6 203
516254 3 573
516563 1 29
520884 3 1282
521808 1 499
522852 3 315
523248 1 2386
523271 1 1037
524177 1 506
