1646 1 55438
12709 1 20008
14788 3 241
21614 1 32241
34131 12 2681
57568 2 28
60975 3 225
65197 1 377
67750 1 69
67875 1 74
73658 1 295
74481 1 30
77744 3 366
79113 1 358
83536 1 656
85388 2 625
87703 2 525
87968 1 35
91094 2 679
92019 1 224
104234 1 336
107013 1 235
111347 3 631
113097 1 831
118598 1 787
120652 1 896
124028 1 443
126138 2 664
128914 1 263
130386 1 267
133035 1 909
145408 1 51
149565 1 222
156751 1 792
159310 1 50
159312 2 47
160376 1 311
160814 3 326
162202 5 396
165254 1 471
165937 1 756
167126 3 395
174558 2 48
179763 1 462
183031 1 1359
192460 2 1331
194501 1 332
195384 2 429
196846 1 291
209344 1 286
210155 1 162
215112 2 685
216977 1 47
217680 1 58
222049 3 464
222061 1 497
224245 1 54
229940 3 755
230884 1 455
230889 6 411
234381 1 232
235028 1 373
240623 2 605
241197 3 391
241407 1 267
243377 1 261
244139 1 55
251045 2 653
251331 1 200
252881 1 743
257438 1 564
259073 1 39
259595 13 655
261024 1 461
262220 2 58
264168 2 331
264393 1 723
265994 1 2146
266205 1 180
266466 1 146
266583 2 236
267188 1 173
267296 1 4554
272671 9 4397
275771 1 154
276886 8 1575
277580 2 242
278308 2 408
278403 2 813
278619 1 2631
278889 1 266
279463 1 213
279490 1 858
279749 1 3390
279776 1 1664
280177 2 1112
287922 1 372
288734 1 163
289121 3 281
289161 2 1120
290440 1 15196
290498 2 243
291259 1 195
297021 2 270
298330 1 238
298938 2 319
299744 1 102
300417 1 152
301339 2 183
302417 3 372
305096 1 423
306211 1 301
307005 1 243
309028 1 148
309090 3 249
309183 1 147
309350 1 587
309496 3 165
309850 1 267
326165 1 1159
326241 1 481
327408 4 573
327786 4 182
328083 3 221
335284 2 298
335879 1 197
337022 3 1765
339382 1 182
340898 1 207
348072 2 934
349275 1 174
349292 2 142
349397 1 213
349460 1 216
350791 1 287
358598 1 597
362894 1 125
364918 1 453
365534 1 310
373704 1 292
373749 1 63
374216 12 777
375169 1 198
383556 1 719
387180 1 677
389414 1 377
389737 7 1106
393395 4 305
393550 4 30891
394331 1 726
395031 1 308
395652 1 921
395910 1 2095
396488 1 1498
397048 2 743
398029 1 1049
398880 3 705
398958 2 174
399716 2 991
399778 2 104
400864 1 2397
400913 17 17082
401598 1 243
401705 1 413
401830 1 879
401958 1 307
403985 2 358
404049 1 985
404890 1 510
407798 3 450
408543 1 951
408548 8 588
408738 6 533
408747 9 367
411723 4 226
413252 1 780
413488 1 199
414028 1 198
414779 2 356
415576 3 793
415889 9 2057
416051 1 558
416554 2 266
417993 1 96
418982 5 278
419593 1 535
420434 1 145
421541 7 142
421853 1 434
421895 9 441
421976 4 133
423231 3 582
424519 2 204
426424 4 550
426663 1 99
428154 2 187
429487 1 1078
429546 10 936
430564 5 555
432719 10 444
432950 3 124
433308 2 435
433924 9 3205
434812 1 866
434833 1 144
435663 1 970
435957 1 206
437940 4 378
438334 1 174
439499 11 540
440326 2 657
440685 1 516
441635 2 796
441929 2 1715
442508 1 363
442622 2 407
442639 2 563
442814 1 644
443046 1 363
443336 1 610
443523 1 358
444179 6 3327
445101 2 879
445274 4 339
445518 2 565
447309 1 360
447574 2 589
448507 2 344
449324 3 3154
450945 1 364
453441 5 1310
454043 4 654
455389 5 241
455800 5 533
456231 2 427
456546 2 636
456740 1 704
457222 2 107
457253 2 835
457595 1 92
459127 1 1097
460357 2 460
461517 2 439
461621 1 498
462689 1 87
462932 2 479
462942 3 219
463373 1 428
465007 1 155
466504 1 304
467975 1 534
469964 1 158
471540 1 407
471608 2 2725
471633 2 119
471906 1 742
472813 2 94
472943 10 711
473003 1 364
474188 2 629
477371 3 423
477567 1 397
478542 1 41
478966 2 856
479554 9 499
479897 5 522
480235 1 109
480744 2 174
481387 1 384
481540 1 937
481680 1 942
481691 5 751
482341 9 498
483337 1 261
483427 1 680
483750 2 793
483751 1 502
486145 1 52
486512 2 119
488748 1 408
488757 1 649
489245 1 196
490239 3 1674
490257 2 598
490262 1 396
490403 8 601
490415 1 477
490637 1 757
491385 10 664
492095 1 911
492270 1 708
492528 5 377
493029 1 24
495479 1 740
496251 3 448
496372 2 490
496994 6 825
497770 1 761
499503 3 684
499667 5 468
500807 2 484
501920 1 950
502912 1 391
503436 2 982
504146 3 204
504375 2 920
504517 2 84
505394 2 841
507788 2 397
507829 1 836
508031 2 267
509450 1 508
512893 12 763
513382 1 962
513729 1 79
515550 1 854
517380 2 81
518393 1 338
519363 1 452
519449 1 95
522294 7 627
523093 1 701
523776 1 1102
524104 2 691
525476 1 1630
526490 2 828
527974 1 545
527986 1 440
476 1 429
2631 4 407
3036 1 323
6026 14 612
6812 1 818
7541 1 194
7608 1 336
7998 1 323
8192 1 182
9158 3 442
9160 6 438
9162 1 420
9163 1 311
15152 1 661
15732 1 496
18949 1 278
20100 1 758
25127 1 553
32446 1 534
33629 1 568
33630 2 854
33883 1 858
34961 1 604
35237 1 270
35866 1 453
36394 1 401
36910 2 405
38426 2 205
38625 3 813
41804 1 582
44780 2 122
44781 6 240
44782 5 275
44783 9 272
44784 6 205
45458 1 191
46575 1 648
46576 2 198
47482 1 331
48874 1 540
48882 6 3961
50795 1 392
51331 5 184510
53139 1 505
55267 2 534
57568 2 28
60975 15 225
63520 1 670
65197 1 377
79752 2 108
80464 1 246
81711 2 961
84328 1 441
85407 1 560
90695 3 542
93511 1 397
94735 1 116
95701 1 72
98564 1 95
99209 1 564
102600 2 398
103442 1 531
104528 1 40
107713 1 473
108666 1 558
118687 2 590
119705 2 611
124028 1 443
124889 1 100
127051 1 393
128994 1 340
133035 1 909
135078 2 390
137866 5 814
140398 1 391
140615 1 238
142418 1 192
143280 1 528
143449 1 188
144408 1 214
149945 1 498
166590 1 482
167165 1 327
167597 4 600
167928 1 122
168092 1 329
169330 1 314
170423 1 294
171404 1 595
174404 2 568
179090 1 165
182375 1 127
182396 1 531
182779 1 563
185122 1 691
186964 1 93
188490 1 571
192010 1 1230
202690 3 429
203190 1 256
205666 12 194
205972 1 237
206343 1 253
212194 1 722
214507 4 384
215802 6 371
215927 1 117
222061 1 497
223133 1 266
223849 1 555
224141 1 568
224698 1 753
225309 12 436
225371 1 201
226833 1 469
227887 1 423
231683 1 513
240623 1 605
241556 3 331
246892 1 640
247509 8 172
252299 2 495
252899 2 566
257683 1 814
261086 3 339
262473 1 121
265172 1 137
265334 1 114
266187 1 260
284527 1 2428
287922 1 372
290238 5 816
292646 1 592
301865 1 18367
318325 1 1093
324771 13 234
325054 1 1258
326165 1 1159
326952 1 1489
339189 4 3183
347869 1 47445
348820 1 431
349527 1 1306
350310 1 3011
378242 1 112
378557 1 188
384771 1 477
393550 2 30891
393595 1 437
398689 1 375
398691 1 407
398803 2 93
399351 19 868
400813 1 423
400913 1 17082
401885 2 222
402830 2 171
403108 6 536
403447 5 367
403918 3 567
405630 1 467
406134 1 511
406598 1 361
407486 4 617
407542 3 375
408317 1 2578
408548 15 588
410123 6 86
414337 3 124
415314 2 455
417472 7 461
417880 4 290
418465 4 431
418501 2 222
419897 2 119
419992 4 395
420000 3 44
420041 4 395
420294 17 386
420452 1 593
421021 2 1530
421541 15 142
421542 2 149
422203 4 118
422444 1 510
422447 2 515
422602 1 324
422669 2 1921
423102 2 86
423267 1 65
423562 2 591
423702 1 55
423813 1 809
424945 2 49
427066 1 703
427142 1 164
428506 2 187
429955 3 105
429969 4 154
430235 1 87
430494 2 169
432502 1 84
432647 1 323
433010 1 457
433132 4 258
433269 1 252
433664 26 581
433742 1 281
433906 1 233
434204 10 598
434443 1 1067
434556 1 142
434711 7 299
436100 3 602
436129 1 234
436444 4 221
436602 4 677
436866 1 251
437214 2 173
437562 2 54
437752 1 358
438866 4 360
438922 6 487
439038 4 246
439917 1 1820
440523 2 680
441427 1 1210
441801 1 389
442606 1 521
442622 33 407
442639 45 563
442751 1 420
443237 1 40
443283 3 291
443518 1 153
444047 1 809
444618 16 336
444644 1 265
444997 1 722
445010 1 81
445518 2 565
445673 1 414
446526 3 175
447040 1 932
447510 7 280
448216 3 62
449128 1 237
449248 4 621
450539 2 327
450922 2 169
450945 24 364
451160 3 488
451556 1 869
451899 1 161
452064 2 91
452347 1 319
453308 9 502
453441 14 1310
453805 1 91
454201 1 58
455007 1 217
455800 42 533
456231 22 427
456546 5 636
457325 1 437
458325 2 284
458900 4 93
459127 1 1097
459303 2 923
459353 1 571
459376 1 50
460048 2 580
460104 1 456
461517 2 439
461621 4 498
463491 3 77
463751 3 315
464116 1 354
464289 1 225
465144 1 290
466243 1 425
466648 1 642
467391 1 59
467638 1 31
467763 1 439
467975 1 534
469326 2 200
469702 1 157
469737 2 369
470848 1 195
471600 1 392
471633 5 119
472241 1 92
472742 10 319
472943 46 711
474182 1 356
475723 1 127
475731 2 55
475737 1 37
475946 1 181
476152 1 201
476636 1 111
477004 1 547
477505 4 108
477659 16 403
477756 4 105
477809 1 36
477918 6 1233
478415 6 547
478477 1 487
478910 1 1718
478966 1 856
479317 1 549
479323 1 312
481482 1 150
481691 52 751
482616 11 354
483128 6 427
483868 1 424
484055 3 359
484594 1 474
485306 1 437
486150 1 491
486611 2 164
486923 5 630
487129 2 239
487340 2 717
487347 1 306
487809 3 367
488030 4 140
491331 2 193
491580 1 117
495184 1 1240
495674 1 764
496780 1 1202
498045 1 1117
500692 9 394
501777 1 646
501822 1 155
503355 3 127
504051 2 501
505394 2 841
506941 1 522
507124 2 451
507126 1 359
507696 1 271
508108 2 85
508627 2 564
508894 1 203
509588 1 914
510669 2 358
512545 6 640
513212 5 372
514474 1 88
514814 1 383
515014 1 749
516479 15 413
516581 1 477
517006 1 253
517096 1 1650
517845 1 431
517863 1 378
518301 2 770
519057 5 106
519173 4 476
519248 3 172
519363 1 452
520158 3 595
520689 2 319
520916 17 770
521684 6 521
522633 11 506
522854 2 46
524104 2 691
524219 1 1447
524728 1 87
526464 1 1324
33 3 19382
26542 4 7045
33694 3 406
33698 2 533
33702 2 430
33707 2 670
33708 3 476
33712 2 413
33717 2 430
34722 4 13257
47642 1 11472
49763 4 961
49766 2 623
49777 3 628
49785 4 629
49788 2 327
49803 3 427
56628 1 194
56724 1 192
61195 1 510
61412 1 614
62192 1 413
64032 1 697
66435 1 283
67750 2 69
67875 1 74
68751 6 330
72490 1 32
73658 1 295
74412 1 477
75412 2 965
75524 1 96
77583 1 624
77682 1 94
77744 2 366
79113 5 358
81711 1 961
82738 1 299
83198 2 109
83536 1 656
83834 1 183
84328 1 441
85388 2 625
85407 1 560
85841 2 30
87703 1 525
87972 1 304
90195 1 140
90303 2 55
91094 1 679
91581 2 449
92019 1 224
96900 2 172
97349 1 213
100203 6 445
103442 1 531
104234 1 336
107013 4 235
107713 1 473
108037 1 654
110056 2 134
110781 2 215
110940 6 270
111347 1 631
113097 2 831
113832 3 577
114430 3 79
116568 2 442
117083 2 142
117620 3 369
118469 2 3145
118598 6 787
120652 5 896
122813 2 187
125050 6 273
125121 2 71
126067 1 444
126138 1 664
127014 1 342
127015 1 494
127279 2 187
128267 2 64
128514 1 44
128914 2 263
128932 1 104
129558 1 465
130345 1 312
130386 1 267
134154 1 136
136292 1 49
137149 4 204
137339 1 193
137510 1 421
137966 1 153
139758 2 507
140208 1 82
140977 2 109
142141 1 7912
143140 4 408
146937 1 252
146940 3 144
147863 1 50
151754 1 448
151778 3 237
151783 4 85
156176 3 315
156219 1 491
156751 1 792
156787 1 326
157973 1 216
158094 1 168
158591 1 229
158852 1 232
158858 1 415
159521 1 297
160376 5 311
160761 3 532
160814 1 326
162044 1 124
163192 1 195
165001 10 264
165254 1 471
165937 1 756
168001 1 413
168662 2 142
168867 1 55
169585 1 222
169989 5 213
177431 2 196
181196 3 631
183031 2 1359
184613 1 45
184720 1 43
185153 11 200
188490 2 571
192460 2 1331
192586 2 55
193367 4 101
194501 1 332
195384 3 429
196018 2 675
196846 1 291
201445 1 112
203101 9 378
208983 1 223
208998 2 52
209344 4 286
210155 5 162
213968 1 470
215112 4 685
216047 1 50
216630 1 148
216977 1 47
217229 1 53
222049 1 464
222451 3 125
223472 4 381
224141 1 568
229940 5 755
230197 1 261
230889 1 411
234381 1 232
235028 1 373
237473 2 113
238898 1 423
239323 1 45
241407 4 267
243240 2 617
243377 7 261
244139 1 55
247131 1 494
251045 2 653
251331 3 200
252299 1 495
252881 1 743
257438 1 564
259525 7 190
261024 1 461
262760 1 350
262811 1 432
263355 10 719
264344 1 236
264393 1 723
264784 1 260
264994 1 269
265050 2 497
265395 1 412
265491 2 478
265816 1 25803
266072 13 450
266083 13 450
266204 3 113
266205 3 180
266222 1 272
266313 1 85
266389 14 811
266466 5 146
266529 3 65
266583 2 236
267086 3 112
267188 5 173
267296 3 4554
267489 1 288
268770 1 692
272671 2 4397
274258 4 95
275068 3 154
275771 2 154
276216 5 148
276663 4 146
276886 3 1575
277518 1 1169
277580 2 242
277595 2 747
278242 2 1113
278308 2 408
278403 2 813
278594 3 1281
278619 8 2631
278855 4 1508
278889 7 266
279013 1 1828
279107 3 65
279490 1 858
279581 11 1043
279749 1 3390
279776 1 1664
279945 9 1251
280177 2 1112
280355 2 79
283759 3 85
284527 4 2428
284814 10 434
285331 4 459
286255 5 4222
286583 16 19748
287841 1 450
288734 1 163
288747 5 1966
288789 2 92
288999 5 154
289057 7 1033
289121 2 281
289161 2 1120
289348 12 18428
289447 1 3126
290256 46 30074
290498 3 243
290589 4 112
291075 9 197
291213 1 142
291259 1 195
291280 7 297
293011 20 2565
293573 6 374
293684 1 532
297021 7 270
297339 1 208
297630 13 5192
298023 4 192
298330 2 238
298938 4 319
298943 3 1147
299744 2 102
300417 1 152
300569 2 84
300585 6 166
300607 5 1963
300805 3 1307
301339 2 183
301865 10 18367
303734 6 25485
304105 1 571
305096 2 423
307005 2 243
307453 1 49380
307915 7 2077
308005 1 439
308022 5 127
308106 3 292
308186 174 36306
308187 264 51551
308215 4 873
308246 35 20735
308257 8 12090
308264 49 3715
308272 3 994
308919 3 13545
308973 3 13545
309018 4 207
309028 4 148
309029 5 171
309030 3 115
309037 2 118
309070 6 231
309082 2 115
309090 1 249
309132 9 257
309183 2 147
309236 4 239
309350 2 587
309500 9 1816
309538 2 180
309557 3 875
309622 2 158
309850 2 267
309852 5 538
313818 2 340
314083 1 5179
314515 7 2069
314620 6 348
314821 4 1975
314822 7 6501
316679 1 247
316680 5 278
317063 13 2375
317595 3 130
318325 1 1093
319027 7 192
319721 1 360
320025 9 487
320247 2 10051
320248 7 13098
321521 4 112
322802 1 270
323593 8 1632
324264 8 876
324781 1 2248
324852 1 596
325054 7 1258
326129 5 67196
326241 1 481
326694 4 863
327394 1 22044
327408 1 573
328083 1 221
328153 1 4232
328664 1 149
332328 2 704
335284 2 298
335449 1 118
335879 6 197
336151 1 238
336478 8 160
336968 12 1328
337022 9 1765
337323 3 2869
337636 3 121
337673 2 353
337697 5 776
338491 3 278
339075 4 951
339382 3 182
339807 5 268
339898 2 214
339981 5 156
340093 15 1555
340284 7 379
340424 5 1057
340429 4 277
340898 3 207
340973 3 1141
341137 6 136
341240 8 1432
344502 18 2141
345042 10 121
346037 4 167
346350 3 725
347527 6 136
347837 16 63219
348072 9 934
348073 10 1326
348116 1 367
348122 4 2838
348919 3 159
349275 3 174
349292 1 142
349349 5 279
349389 5 130
349397 2 213
349419 2 358
349431 3 283
349460 1 216
349527 2 1306
350473 6 2804
350666 4 113
351010 7 105
351655 10 1635
354047 1 3429
356077 21 3908
357923 6 2345
358200 1 5800
358346 5 2373
358598 1 597
358621 5 979
358976 3 150
361360 1 1877
361362 1 1877
362038 8 258
362336 4 1390
362512 5 243
362588 1 176
362894 1 125
363880 3 553
364108 2 3502
364465 7 144
364504 3 83
364627 4 107
364918 2 453
365534 1 310
368869 3 85
370980 7 1655
372068 2 610
372327 3 1947
372498 3 2160
372990 1 230
373323 3 2651
373483 4 356
373520 6 98
373614 19 474
373615 5 1855
373625 1 177
373834 263 44460
373953 5 2268
374014 737 80805
374216 1 777
375007 9 3958
375169 1 198
375175 10 657
375393 5 121
375719 1 476
376137 5 124
376149 5 124
378592 1 227
379063 8 358
379952 4 3817
381223 1 705
382000 6 144
383556 1 719
383754 1 5970
384153 2 2310
384651 1 5256
385076 5 1853
385288 19 474
386471 11 2923
386840 5 1372
387180 1 677
387200 6 121
387394 4 84
387809 3 552
388039 6 95
388118 7 913
388119 3 975
389414 1 377
389737 1 1106
392604 2 696
393395 1 305
393550 141 30891
393592 26 1771
393747 27 58177
394017 4 981
394331 1 726
394494 1 922
394898 4 26758
395031 1 308
395242 9 23266
395266 1 515
395379 6 143
395463 1 498
395498 2 484
395590 3 2657
395640 14 17885
395652 1 921
395714 1 4780
395718 2 1196
395836 1 4836
395924 1 1321
396085 4 421
396089 2 1155
396161 2 1336
396258 3 38258
396298 8 639
396329 20 2994
396475 2 1067
396598 9 616
396719 2 298
396729 3 78
397048 3 743
398029 1 1049
398594 2 667
398645 1 667
398689 1 375
398880 11 705
398921 1 880
398958 2 174
399716 4 991
399778 1 104
399910 1 511
400661 2 240
400913 2 17082
401116 2 656
401472 4 505
401598 4 243
401705 1 413
401830 1 879
401833 1 397
401958 2 307
402651 5 818
403711 2 573
403985 2 358
404049 6 985
404573 1 1164
404604 1 372
404859 1 2192
404864 2 103
404870 2 694
404890 1 510
405141 7 422
405690 10 246
406015 7 486
406179 13 329
406301 1 800
407726 9 804
407798 1 450
408317 5 2578
408543 7 951
408738 3 533
409084 3 694
410498 4 308
411259 1 410
411954 7 967
412263 1 365
412867 3 75
413252 8 780
413385 1 1194
413488 1 199
413671 2 209
414779 1 356
415552 4 355
415576 1 793
416051 1 558
416472 4 259
416554 1 266
416641 3 183
417407 1 1316
418639 4 347
418757 4 750
419464 2 84
419593 1 535
419620 2 773
419844 4 724
419897 1 119
420434 1 145
420484 1 600
421541 1 142
422601 1 475
422669 1 1921
422982 2 64
423231 8 582
423826 5 1512
424065 4 1393
424519 3 204
425899 2 361
426424 3 550
427713 2 201
428226 2 327
428749 6 675
428834 3 386
428990 2 456
429487 1 1078
430180 3 401
430564 4 555
431082 1 897
431828 2 400
432209 3 724
432556 5 1677
433308 1 435
433924 1 3205
434204 1 598
434556 2 142
434812 1 866
434833 1 144
435263 2 631
435663 2 970
435957 2 206
436950 3 86
437700 2 573
437827 1 172
437837 3 738
438086 2 272
438334 1 174
439917 3 1820
440323 2 1819
440326 1 657
441140 4 2157
441172 3 240
441429 2 90
441449 3 219
441471 2 550
441567 1 528
441635 1 796
441642 1 302
441720 1 1152
441891 1 1545
441929 1 1715
441934 1 824
441976 1 288
441989 2 1109
441992 1 736
442024 1 1147
442150 2 998
442174 1 863
442450 1 1116
442453 1 623
442508 2 363
442509 1 598
442617 1 1543
442807 3 3101
442814 1 644
442824 2 158
443046 1 363
443151 1 873
444179 1 3327
444244 2 487
445101 2 879
445518 1 565
447309 2 360
447574 1 589
448507 2 344
449324 1 3154
449359 2 485
449744 2 976
450503 2 483
451017 18 422
451263 1 197
451385 3 586
452031 2 319
453441 4 1310
453805 4 91
454043 5 654
454442 6 392
454506 4 998
454629 1 338
455098 2 404
455497 3 124
455800 3 533
456018 3 382
456201 4 794
456231 1 427
456546 1 636
456740 1 704
457090 1 422
457253 1 835
457325 1 437
457595 1 92
457986 3 680
459127 1 1097
460357 1 460
461674 2 86
462281 4 899
462285 1 339
462689 1 87
462814 2 195
462834 2 147
463200 4 1242
463226 2 144
463373 1 428
464116 1 354
464289 1 225
465259 3 1218
466015 1 95
466648 1 642
467763 2 439
467963 3 577
468194 2 302
469964 1 158
471600 1 392
471608 5 2725
471627 4 133
471633 1 119
471906 1 742
472813 2 94
472943 4 711
473529 3 354
473844 3 891
473967 2 716
474188 1 629
475093 2 379
475167 5 1640
476250 7 3982
476645 3 172
476647 5 303
477398 9 665
477567 1 397
478415 1 547
478542 1 41
478877 1 2409
478966 1 856
479317 1 549
479897 2 522
479940 2 72
480235 2 109
480744 3 174
481540 4 937
481680 2 942
481691 2 751
482341 2 498
483180 2 646
483323 4 324
483337 1 261
483392 8 185
483693 1 732
483750 2 793
483751 1 502
485306 2 437
486145 1 52
486923 2 630
487114 1 132
487347 2 306
487451 1 568
487873 5 400
488757 2 649
489245 1 196
489919 4 552
490239 5 1674
490257 4 598
490262 1 396
490403 2 601
490415 4 477
490637 2 757
491385 3 664
491917 10 485
492095 4 911
492270 1 708
492446 1 724
492893 2 643
493288 1 1045
493448 2 643
493468 2 520
494524 1 1598
495184 4 1240
495479 1 740
495740 2 523
496251 3 448
496372 4 490
496436 3 4282
496596 1 2298
496859 1 384
496994 1 825
497770 1 761
497977 1 456
498056 8 653
498939 2 551
499503 6 684
500207 1 547
500375 3 462
501878 1 517
502912 1 391
503436 1 982
504175 4 1154
504375 1 920
504728 3 359
505366 5 559
506493 3 123
507494 24 878
507788 1 397
507829 2 836
508031 1 267
508716 1 442
509450 1 508
509465 8 1034
509588 2 914
512285 1 480
512766 5 764
513382 2 962
513729 1 79
514225 14 733
514906 2 870
515550 2 854
516650 6 1217
516841 6 379
517022 9 926
517178 9 926
517380 2 81
517454 1 1110
517845 1 431
518650 3 803
519449 1 95
520325 1 979
520855 2 88
520916 1 770
521739 7 778
522294 1 627
522854 1 46
523093 1 701
523140 1 1100
523224 1 622
523762 3 111
523776 6 1102
524327 1 1213
524607 3 1214
525476 2 1630
525708 1 608
526953 1 761
527405 2 695
527930 1 1036
527938 2 455
527939 3 663
527941 1 258
527963 1 145
528060 9 1396
528075 1 432
528089 1 433
528094 1 314
528113 3 395
528124 6 185
528150 1 341
