1340 7 1587
1638 1 1423
1646 33 55438
2475 3 982
2540 6 2782
2753 1 359
2759 2 447
2760 2 237
2768 1 128
2776 1 207
4064 5 3618
4408 1 145
4583 3 1484
4605 3 377
4609 5 257
4610 2 77
4696 1 4744
4757 1 435
6100 2 444
6105 1 394
6111 1 624
6231 3 543
8048 1 295
8708 2 1858
9923 4 631
9928 4 681
9929 5 543
9961 1 467
9971 1 430
9975 11 1079
12219 1 492
12222 1 256
12223 3 809
12224 1 603
12228 1 801
12229 4 663
12230 5 745
12231 4 693
12237 1 332
12238 1 263
12240 2 154
12252 1 268
12261 1 238
12269 2 180
12281 1 443
12296 1 727
12299 1 418
12311 1 261
12315 15 381
12640 4 445
12653 4 425
12698 3 493
12985 4 7361
13064 1 380
13075 1 362
13100 1 357
13347 2 3354
13446 5 421
13466 3 257
13467 4 557
13473 2 563
13993 3 1079
13994 2 309
13995 2 109
13996 1 129
13998 1 148
13999 2 84
14134 4 765
14339 4 5421
14498 1 833
15179 15 503
16977 3 1367
17006 2 158
17013 2 338
17031 2 708
17032 2 555
17041 1 873
17053 1 858
17055 1 822
17080 1 801
17093 1 599
17172 1 739
17179 3 436
17185 4 453
17228 6 519
17230 6 510
17245 1 506
17256 6 456
17282 6 383
17315 1 357
17318 7 549
17325 7 377
17330 6 224
17341 6 207
17356 7 496
17367 5 487
17410 2 573
17417 2 401
17475 6 651
17941 1 357
17943 2 234
19007 1 233
19014 3 507
19025 2 397
19061 5 896
19404 11 4813
19505 1 426
19506 1 408
19542 1 627
20066 4 269
20069 3 257
20072 1 445
20311 5 3052
21459 1 16007
21606 1 948
21614 15 32241
21616 4 329
21649 5 478
22574 3 411
23043 1 584
24271 2 507
24273 1 364
24313 2 420
24317 2 505
24322 2 446
24333 2 391
24335 6 355
24340 2 339
24342 2 458
24343 8 605
24345 2 170
24361 2 491
24364 3 318
24365 7 344
24366 21 419
24604 1 240
24825 1 498
24827 1 445
24930 34 11103
25813 2 395
25829 1 436
25831 1 401
25836 2 358
25838 1 465
25839 1 136
25840 2 503
25879 7 320
25881 5 598
26150 4 1227
26253 2 508
26257 2 321
26541 2 254
26612 4 561
26629 1 605
26911 11 2559
26932 4 366
27906 1 456
27968 1 459
28461 1 5536
28723 8 615
28729 2 570
28748 1 518
28758 8 653
29036 1 412
29323 1 411
29416 1 791
30113 1 422
30115 2 537
30907 2 625
31113 1 504
31124 1 559
31141 1 362
31142 6 352
31144 4 335
31511 1 362
31577 33 1030
31673 2 490
31676 2 301
31677 4 528
31679 3 160
31692 1 518
31710 1 632
31805 2 267
32155 3 595
32938 1 689
33254 1 423
33649 1 418
33654 1 357
33904 8 614
33905 1 74
33906 1 57
33981 1 824
33982 2 279
34100 1 421
34254 1 670
34259 1 312
34267 2 569
34268 2 458
34286 1 279
34303 1 722
34307 3 757
34689 4 658
34722 1 13257
34738 2 576
35218 2 472
35364 7 372
35468 1 2289
35469 1 213
36352 2 420
37035 5 1171
37128 2 440
37323 2 381
37364 1 267
37603 3 215
37894 1 535
37896 1 558
38208 1 856
38523 6 491
38524 3 380
38544 1 591
38727 1 616
38929 1 487
38936 2 1020
38940 1 711
38943 2 540
38944 3 386
38951 11 495
38956 1 499
38958 2 678
38967 1 728
38971 1 533
38978 4 1111
38989 1 349
38992 11 626
39001 11 343
39002 1 519
39006 2 367
39010 1 457
39011 2 677
39196 2 2333
39207 3 168
39321 4 488
39327 6 354
39329 5 474
39331 5 293
39340 18 589
39347 3 1308
39351 1 591
39641 2 721
39828 1 732
39833 3 1069
40043 2 1943
40315 2 469
40319 1 401
40328 1 455
40704 7 356
40714 2 344
40715 2 563
40720 1 148
41290 6 1710
41563 3 491
41566 2 316
41800 1 454
41906 1 229
42170 1 476
42686 1 359
42691 2 487
43055 1 177
43771 6 2053
44460 6 231
44461 2 395
44466 5 334
44592 1 436
45566 4 179
46307 1 456
46372 2 208
46503 1 373
46505 1 152
46506 1 663
46507 2 215
46512 2 346
46550 1 286
46629 7 241
47123 1 304
47133 1 289
47250 1 332
47643 1 238
48306 10 532
48307 9 345
48308 4 364
48311 3 321
48312 14 436
48313 4 91
48316 1 351
48317 2 301
48318 2 513
48320 3 546
48813 1 625
49330 2 533
50363 1 493
50682 21 32839
50910 1 678
50919 2 343
51018 1 389
51019 1 353
52214 8 64459
53039 1 285
53042 1 515
53047 1 428
53443 2 593
53487 1 598
55371 2 52248
55566 4 476
55891 3 1041
56698 1 774
56943 2 294
60597 3 510
61328 1 211
61463 2 168
62241 1 494
63511 1 114
63523 4 441
63813 1 965
66206 1 652
66489 3 688
67782 1 836
68180 2 488
69963 1 262
71535 1 97
74685 1 87
74767 8 311
76696 1 152
80044 1 589
80142 2 312
80762 7 377
81882 4 504
85301 1 538
85832 1 663
87717 1 354
92580 1 741
93332 2 327
94342 1 188
95287 1 159
96471 1 627
100200 3 347
110522 1 223
112102 2 580
112522 4 386
112887 2 266
113614 4 711
113616 4 682
119057 3 533
119448 2 766
120249 1 204
123223 2 160
124782 1 142
124995 10 324
130189 1 554
130539 3 689
131135 7 223
132855 1 160
139758 1 507
142419 2 843
146244 2 209
146257 2 289
148288 4 593
154580 1 310
154582 2 343
154584 2 819
158985 1 352
167239 1 252
170389 2 84
170395 2 129
170840 1 369
176090 12 807
177706 4 619
177728 3 657
178286 2 307
179699 1 712
193350 1 180
194031 1 593
194817 1 563
196267 1 493
197469 1 667
201503 5 509
202310 2 611
203789 3 264
204670 3 369
205492 1 192
212074 3 572
232442 3 199
238287 6 228
238420 2 506
238479 3 127
239892 1 1060
244132 1 156
245774 1 559
253018 7 251
254767 1 525
259473 1 474
265028 2 614
265469 2 591
265816 1 25803
265822 5 5726
265847 1 5294
286818 2 261
286902 3 1566
286933 2 245
287054 30 2862
287906 16 5750
287920 1 367
287925 1 404
287981 2 287
288179 4 133
290256 21 30074
290435 16 8814
294099 1 774
306002 20 1112
306159 2 797
306237 6 26903
306284 1 21202
306339 2 3745
306341 1 2643
307263 1 515
307359 5 309
307437 1 644
307453 24 49380
308186 1 36306
308251 3 587
308777 4 767
308786 6 1397
308789 9 3638
308815 4 756
308824 6 1393
308827 9 3641
322147 1 490
325339 2 728
325537 1 4579
326073 3 498
326123 2 14885
326171 2 718
326172 1 304
327286 1 195
327384 2 19585
327403 7 5903
338660 1 224
347837 16 63219
347869 23 47445
347934 30 11174
347997 13 246
348042 2 1185
348052 3 1399
348053 8 1357
348058 19 1221
348060 23 672
348744 2 3039
348844 19 554
349968 1 791
349994 1 8773
350314 1 1342
350321 1 1015
350446 30 1349
372000 2 415
372066 2 505
372068 1 610
372237 1 301
372278 54 28092
372279 17 5420
373014 5 3572
373026 1 620
373087 1 417
373124 3 267
373160 1 164
373166 2 455
373168 6 680
374826 4 258
374885 8 299
374974 4 12901
377100 1 243
388456 1 206
393550 2 30891
393747 2 58177
393789 17 1407
393791 6 293
393808 4 665
393837 3 240
394765 4 348
394788 1 219
394820 7 271
394851 1 414
394862 1 397
394898 8 26758
394907 18 3529
394944 2 238
395572 2 1983
395584 16 8890
395585 47 30629
396793 6 297
396949 2 98
396976 1 454
397060 5 317
397423 1 156
397653 1 64
398073 1 466
399952 1 1695
400549 1 220
401468 3 73
402357 3 159
402929 1 451
404014 13 656
404943 1 116
405749 1 516
405905 1 351
408703 2 89
412392 1 333
413024 1 958
414070 5 318
414140 1 84
414180 2 383
415553 1 519
416367 7 1299
417766 1 46
421860 1 88
427168 2 81
427771 1 297
428632 2 1472
428946 1 122
429196 1 100
430014 3 1554
430168 2 438
430190 1 884
431117 1 522
431154 6 734
432926 1 2146
434354 1 866
436269 3 668
436740 4 2252
437838 3 359
438841 1 527
438843 3 445
439111 2 1076
440370 4 1507
440848 1 300
440929 6 680
441262 2 446
441317 2 410
443329 1 447
444410 4 225
445937 2 369
446336 20 786
446767 14 2427
447304 2 313
449580 2 2282
449618 1 328
450822 1 530
453444 7 688
453740 9 580
454319 3 716
455480 2 84
455628 1 123
455879 1 712
456853 2 1714
456894 1 738
459054 1 649
461979 3 691
464531 19 1211
466929 1 167
467035 2 203
468008 2 424
468692 1 855
472091 2 222
474708 1 825
476893 7 1384
477754 6 372
478966 2 856
479012 1 545
479297 2 1308
480191 1 293
480825 1 366
483712 7 168
484539 3 330
485038 21 1184
486689 3 505
487029 2 336
488015 2 468
489108 8 133
490254 1 389
491956 1 102
492891 1 790
494799 1 338
499225 1 404
499447 1 58
499850 2 280
501941 1 632
504564 1 158
505714 1 105
507118 1 1918
507648 1 337
509911 3 803
510144 1 197
510514 3 2000
511412 1 929
511720 4 690
512834 29 1087
515510 9 166
516512 2 111
517840 2 379
519298 16 471
519582 1 611
519694 4 131
520609 2 1617
520612 4 783
521099 2 185
521515 1 125
522612 9 238
522635 5 1046
522923 5 1018
523634 2 545
523698 2 100
523888 2 350
524648 1 81
526231 6 2610
526688 2 329
527349 1 225
527803 1 1821
1340 7 1587
1638 1 1423
1646 15 55438
2475 3 982
2540 6 2782
2753 1 359
2759 2 447
2760 2 237
2768 1 128
2776 1 207
4408 1 145
4605 3 377
4609 5 257
4610 2 77
4757 1 435
6100 1 444
6105 1 394
6111 1 624
6231 2 543
8048 1 295
8708 2 1858
9923 2 631
9929 3 543
9975 1 1079
12219 1 492
12222 1 256
12223 2 809
12228 1 801
12229 4 663
12230 5 745
12231 4 693
12237 1 332
12238 1 263
12240 1 154
12252 1 268
12261 1 238
12269 1 180
12281 1 443
12296 1 727
12299 1 418
12311 1 261
12640 4 445
12653 4 425
12698 3 493
13064 1 380
13100 1 357
13347 2 3354
13446 3 421
13466 3 257
13467 3 557
13473 2 563
13993 3 1079
13994 2 309
13995 2 109
13996 1 129
13998 1 148
13999 2 84
14339 4 5421
14498 1 833
16977 3 1367
17006 2 158
17013 2 338
17031 2 708
17032 2 555
17041 1 873
17053 1 858
17093 1 599
17172 1 739
17179 3 436
17185 4 453
17228 1 519
17230 1 510
17256 1 456
17282 1 383
17318 1 549
17325 1 377
17330 1 224
17341 1 207
17356 1 496
17367 1 487
17410 2 573
17417 2 401
17475 1 651
17941 1 357
17943 1 234
19014 1 507
19025 1 397
19404 11 4813
19505 1 426
19506 1 408
19542 1 627
20066 4 269
20069 3 257
20072 1 445
20311 5 3052
21606 1 948
21614 15 32241
21616 4 329
21649 5 478
23043 1 584
24271 2 507
24273 1 364
24313 1 420
24317 1 505
24322 2 446
24333 1 391
24335 3 355
24340 2 339
24342 2 458
24343 4 605
24345 1 170
24361 1 491
24364 2 318
24365 2 344
24366 8 419
24604 1 240
24825 1 498
24827 1 445
25813 2 395
25829 1 436
25831 1 401
25836 1 358
25838 1 465
25839 1 136
25840 1 503
25879 1 320
25881 1 598
26150 4 1227
26253 2 508
26257 2 321
26541 2 254
26612 4 561
26629 1 605
26932 4 366
27906 1 456
27968 1 459
28461 1 5536
28729 2 570
28748 1 518
28758 8 653
29036 1 412
29323 1 411
29416 1 791
30113 1 422
30115 2 537
30907 2 625
31113 1 504
31124 1 559
31141 1 362
31142 6 352
31144 4 335
31511 1 362
31673 2 490
31676 2 301
31677 3 528
31679 3 160
31692 1 518
31710 1 632
31805 2 267
32155 3 595
32938 1 689
33254 1 423
33649 1 418
33654 1 357
33904 8 614
33905 1 74
33906 1 57
33981 1 824
33982 2 279
34100 1 421
34259 1 312
34267 1 569
34268 1 458
34286 1 279
34303 1 722
34307 2 757
34689 4 658
34738 2 576
35218 2 472
35364 7 372
35468 1 2289
35469 1 213
36352 2 420
37035 5 1171
37128 2 440
37323 2 381
37364 1 267
37603 3 215
37894 1 535
37896 1 558
38208 1 856
38523 6 491
38524 3 380
38929 1 487
38936 1 1020
38971 1 533
38978 1 1111
39196 2 2333
39207 3 168
39321 2 488
39327 2 354
39329 3 474
39331 3 293
39340 2 589
39347 3 1308
39351 1 591
39641 2 721
39833 1 1069
40043 2 1943
40315 2 469
40319 1 401
40328 1 455
40704 6 356
40714 2 344
40715 2 563
40720 1 148
41290 6 1710
41563 3 491
41566 2 316
41800 1 454
41906 1 229
42170 1 476
42691 1 487
43055 1 177
43771 6 2053
44460 3 231
44592 1 436
45566 4 179
46372 2 208
46503 1 373
46505 1 152
46506 1 663
46507 2 215
46512 2 346
46550 1 286
46629 1 241
47123 1 304
47133 1 289
47250 1 332
47643 1 238
48306 10 532
48307 9 345
48308 4 364
48311 3 321
48312 14 436
48313 4 91
48316 1 351
48317 2 301
48318 2 513
48320 3 546
48813 1 625
49330 2 533
50363 1 493
50682 3 32839
50910 1 678
50919 2 343
53039 1 285
53042 1 515
53047 1 428
53487 1 598
55566 4 476
56943 1 294
61328 1 211
61463 1 168
62241 1 494
63511 1 114
63523 3 441
66206 1 652
66489 2 688
69963 1 262
71535 1 97
74685 1 87
76696 1 152
80142 1 312
85301 1 538
85832 1 663
87717 1 354
92580 1 741
93332 1 327
94342 1 188
95287 1 159
96471 1 627
100200 1 347
110522 1 223
112102 2 580
112522 1 386
112887 1 266
113614 1 711
113616 1 682
119057 1 533
119448 1 766
120249 1 204
123223 2 160
124782 1 142
130189 1 554
130539 1 689
132855 1 160
146244 1 209
146257 1 289
154580 1 310
154582 1 343
154584 1 819
158985 1 352
167239 1 252
170389 2 84
170395 2 129
177706 1 619
177728 1 657
178286 1 307
179699 1 712
193350 1 180
194031 1 593
201503 2 509
202310 1 611
203789 1 264
204670 1 369
238420 1 506
244132 1 156
245774 1 559
254767 1 525
259473 1 474
265028 2 614
265469 2 591
286818 1 261
286933 1 245
287054 1 2862
287920 1 367
287925 1 404
287981 1 287
290256 12 30074
290435 2 8814
294099 2 774
307359 5 309
307453 14 49380
308777 3 767
308786 4 1397
308789 1 3638
308815 3 756
308824 4 1393
308827 1 3641
322147 1 490
325339 1 728
326073 1 498
326171 1 718
326172 1 304
327286 1 195
338660 1 224
348744 2 3039
350314 1 1342
350321 1 1015
372000 1 415
372066 1 505
372237 1 301
372278 3 28092
373087 1 417
373124 1 267
373160 1 164
373166 1 455
374826 1 258
374885 1 299
374974 4 12901
377100 1 243
393747 1 58177
393791 2 293
393837 2 240
394765 1 348
394788 1 219
394851 3 414
394862 1 397
394907 1 3529
394944 1 238
395584 2 8890
395585 2 30629
396793 6 297
396949 2 98
396976 1 454
397060 5 317
397423 1 156
397653 1 64
398073 1 466
400549 1 220
401468 3 73
402357 3 159
402929 1 451
404014 13 656
404943 1 116
405905 1 351
408703 2 89
412392 1 333
413024 1 958
414140 1 84
414180 2 383
415553 1 519
417766 1 46
421860 1 88
427168 2 81
427771 1 297
428946 1 122
429196 1 100
430190 1 884
434354 1 866
436740 3 2252
437838 1 359
438841 1 527
438843 2 445
439111 1 1076
440370 1 1507
440848 1 300
440929 4 680
441262 1 446
441317 1 410
443329 1 447
447304 2 313
449618 1 328
450822 1 530
453740 9 580
454319 3 716
455480 2 84
455628 1 123
455879 1 712
456853 2 1714
456894 1 738
459054 1 649
466929 1 167
467035 2 203
468008 2 424
468692 1 855
472091 2 222
476893 5 1384
477754 6 372
479012 1 545
480191 1 293
480825 1 366
483712 7 168
486689 3 505
487029 2 336
488015 2 468
490254 1 389
491956 1 102
492891 1 790
494799 1 338
499447 1 58
499850 2 280
501941 1 632
504564 1 158
505714 1 105
509911 3 803
510144 1 197
510514 3 2000
511720 4 690
512834 2 1087
515510 9 166
516512 2 111
517840 2 379
519298 16 471
519582 1 611
519694 4 131
520609 1 1617
520612 3 783
521099 2 185
521515 1 125
522612 8 238
522635 5 1046
522923 5 1018
523634 2 545
523698 2 100
523888 2 350
524648 1 81
526231 6 2610
526688 2 329
527349 1 225
527803 1 1821
1646 9 55438
1742 6 424
2028 4 208
3210 1 456
3620 5 276
4064 1 3618
4696 11 4744
11034 6 648
12782 10 371
12784 1 157
12850 4 304
12851 4 408
12854 4 406
13823 2 3071
13866 3 374
14760 1 206
16221 5 323
18065 4 548
18516 3 210
18517 5 555
18518 1 589
18519 5 498
18520 7 430
18529 1 796
19014 1 507
19623 6 466
21220 5 6993
21614 4 32241
22514 2 335
22602 2 2235
23325 10 587
23494 9 5641
24144 1 347
24364 1 318
25205 1 345
26554 1 408
26557 4 646
26595 3 374
27968 2 459
28461 9 5536
28723 1 615
34118 2 766
34253 8 421
34254 5 670
34259 2 312
34303 3 722
34307 2 757
34722 2 13257
35137 4 488
36802 5 29903
40359 5 4913
42214 1 266
42295 7 440
42297 7 433
42298 6 260
42299 1 70
42302 4 287
42303 1 428
42304 3 279
42306 3 383
42309 8 406
42314 4 558
42315 10 320
42321 3 190
42326 22 532
42330 4 432
42331 6 384
42334 4 364
42335 9 585
42338 11 629
42340 4 364
42341 3 149
42342 5 554
44200 6 522
46917 34 10490
46920 9 1884
50682 1 32839
53443 5 593
53898 4 327
55508 6 661
58967 1 37
66489 1 688
68180 1 488
69866 1 488
82470 3 561
85301 1 538
85388 1 625
99533 1 31
111739 3 260
113022 1 1463
114389 1 263
125681 1 492
126750 2 265
127416 2 135
127550 1 559
130539 1 689
139758 2 507
144707 1 679
158778 1 2044
164852 1 746
179699 1 712
196267 1 493
197442 1 733
201503 1 509
205861 1 115
206313 1 874
212074 1 572
214639 1 669
217447 3 98
221509 2 111
222969 1 229
230003 1 474
238915 1 361
245774 2 559
254767 1 525
263399 1 232
265854 2 21100
266953 1 1445
267561 4 123
267732 4 2521
267765 1 351
267853 1 259
269922 1 342
270102 13 172
270305 1 286
271224 1 835
273176 1 221
276937 1 631
276967 1 537
277721 1 1067
278202 1 1652
278342 1 744
278667 1 464
279298 1 1217
279746 1 351
279771 1 566
279797 1 453
280030 1 352
281765 1 520
283113 1 953
283612 1 156
284115 1 1009
284306 2 695
284383 4 333
284425 1 707
284541 1 182
284741 2 543
285135 1 344
285980 1 215
286338 1 830
286339 1 835
286374 3 420
286766 1 259
286848 1 785
287125 1 339
287706 1 237
287888 4 879
287931 1 449
288039 2 238
288051 5 188
288121 1 906
288123 2 174
288127 1 368
288211 1 216
288225 2 184
288365 1 221
288384 3 430
288386 5 187
288438 1 1058
288515 1 270
288517 1 298
288564 1 724
288620 2 2027
288650 1 102
288661 3 107
289852 1 3230
290105 4 882
290136 1 687
290256 18 30074
290410 2 1149
291299 1 316
291885 1 796
292529 1 765
292655 5 187
293255 3 429
293590 1 195
294660 1 461
295842 1 2346
296818 1 148
298322 3 115
298835 4 1273
299613 1 148
301190 1 964
303045 1 610
303124 1 398
303187 1 407
304187 3 112
305977 1 3942
306284 1 21202
307263 1 515
307265 5 1819
307422 1 284
307437 1 644
307453 2 49380
307530 3 90
307815 1 873
308513 1 8438
308597 1 3201
308603 1 1440
308772 1 2076
308810 1 2076
308850 4 1922
308859 3 5677
313946 1 1313
318249 1 321
321241 2 968
322147 1 490
325535 1 6095
325690 5 2398
326129 4 67196
326292 1 230
327349 3 8654
327355 4 1935
330086 2 3800
347837 3 63219
348744 1 3039
349421 6 208
349794 1 1647
350310 4 3011
350328 1 1425
350387 4 1924
364802 1 718
372068 1 610
372237 1 301
373155 2 667
373168 1 680
374178 1 995
374196 1 3097
374232 6 1121
374399 2 3264
374507 1 1194
377100 1 243
378266 2 7092
378752 2 148
387714 1 174
388456 1 206
388558 1 3040
394231 1 260
394794 8 690
394862 2 397
394898 8 26758
394907 1 3529
395024 14 171
395572 2 1983
396122 2 456
396258 1 38258
396793 3 297
396949 3 98
397060 4 317
397423 1 156
397492 1 605
397952 2 210
398080 1 240
398425 1 884
400549 2 220
401468 2 73
402357 3 159
404014 3 656
408703 2 89
409382 1 90
410393 12 401
410644 1 3678
413782 17 1079
414062 1 105
415144 1 33
417766 1 46
420960 2 1421
423904 2 455
424427 6 375
425130 32 784
426135 6 246
427571 1 879
429869 1 848
429959 1 1342
430069 1 420
430188 10 684
432759 2 134
433599 10 322
433827 1 412
435316 1 983
436124 1 665
436269 1 668
437838 1 359
438843 2 445
439166 1 1297
440848 1 300
440877 1 517
442054 1 366
443153 3 157
444410 1 225
449580 8 2282
451750 2 1313
453740 1 580
453757 8 348
455879 1 712
456759 3 167
456894 1 738
456973 2 473
457105 1 1808
464179 36 1717
465452 5 257
468008 1 424
474340 11 422
476780 2 99
476893 6 1384
476894 1 1170
478440 1 491
478966 2 856
479012 1 545
479297 1 1308
479915 6 356
480191 1 293
480226 6 423
480825 12 366
484539 1 330
491702 2 846
493670 1 136
495412 2 105
496984 1 733
507118 1 1918
507283 1 1711
510514 1 2000
511412 3 929
514562 6 662
515353 29 1260
516512 1 111
520602 1 1196
520609 1 1617
521099 3 185
521515 1 125
522612 8 238
522635 4 1046
522923 4 1018
523698 1 100
523888 2 350
524622 2 133
524648 1 81
525407 24 1072
526106 1 1155
527235 1 361
