33 1 19382
231 1 518
1397 1 369
1646 11 55438
2033 2 404
2034 1 503
2133 1 704
2347 2 595
2632 2 201
2963 2 283
2990 2 2290
4492 2 247
4712 1 490
4812 1 310
5296 1 529
5330 1 447
6439 1 6333
6607 4 384
7533 1 309
8372 2 248
9701 2 196
9992 2 421
10897 2 202
10914 2 301
10916 1 397
10918 1 405
10919 2 264
10920 4 318
10921 2 513
10924 2 349
10932 1 337
11322 2 187
11614 1 456
11737 16 3608
12244 1 671
12390 5 331
12709 1 20008
13601 1 269
13823 1 3071
14531 3 151
16782 6 369
16840 2 189
17561 2 126
17608 4 145
17871 2 196
18411 1 436
18593 1 537
19061 1 896
19618 4 295
19762 1 573
19886 2 295
21404 2 255
21970 1 567
22344 1 402
22682 3 271
22907 1 175
23488 7 507
23776 2 293
24712 6 514
25256 1 571
25945 1 296
25948 1 306
25951 1 321
25977 8 2443
26017 1 379
26018 1 378
26045 2 373
26061 2 220
27025 1 180
27161 1 441
27383 1 163
27384 2 198
27968 1 459
28461 2 5536
28853 1 3522
29178 5 201
29968 1 180
30077 3 274
30080 1 303
30446 1 12899
30686 7 4151
31032 3 256
31033 1 176
31202 1 549
31203 1 414
31540 2 658
31823 1 652
32187 1 484
32201 2 564
32238 2 493
33585 7 491
33586 2 299
33703 1 506
33718 1 388
34115 2 698
34248 2 800
34252 1 312
34254 1 670
34255 2 608
34256 2 604
34261 3 622
34262 1 529
34263 2 284
34264 1 527
34268 2 458
34269 3 438
34271 1 355
34272 3 733
34273 3 422
34274 5 454
34275 2 759
34276 1 558
34279 1 590
34280 6 510
34282 3 222
34284 2 614
34285 8 636
34286 6 279
34287 6 671
34293 3 592
34294 4 418
34296 6 762
34303 6 722
34304 7 717
34305 10 733
34306 7 700
34307 6 757
34308 5 717
34732 6 9225
34837 1 1991
36391 40 10294
37191 1 370
37673 1 556
37797 1 312
38440 3 149
39106 8 307
39403 2 365
39404 2 164
39712 10 5030
39891 1 336
40061 1 19463
40913 11 402
40915 9 494
40916 7 254
43197 1 179
43616 3 465
43640 2 18238
44055 5 625
44525 1 324
44527 1 218
44642 2 431
45180 3 475
45181 1 566
45303 2 329
45571 2 301
45574 1 409
45822 1 259
45858 2 252
45947 2 11759
46020 1 329
46022 1 582
46023 2 264
46337 1 488
46917 5 10490
47324 2 332
47325 3 505
47547 2 495
48509 1 433
49356 2 153
49642 2 335
49643 1 371
49779 2 369
49804 1 428
50104 1 373
50177 1 208
50682 9 32839
52278 2 208
53281 2 601
53585 1 1920
54524 1 256
54542 2 312
54548 1 423
54819 1 156
54826 2 214
54868 4 129
54869 3 149
55158 1 249
55165 1 365
55599 1 459
55611 1 672
55618 3 377
136446 1 142
189904 1 90
265810 1 16729
265822 1 5726
267198 2 3674
267632 3 1966
268028 1 3609
268303 1 6782
268668 2 2736
269996 1 6852
270479 1 468
270481 1 4619
273355 1 457
274251 2 1293
275223 1 490
276066 1 508
276078 2 5007
276642 1 2816
279009 3 2526
280619 1 11500
286331 5 4171
286672 1 403
286706 2 437
286824 1 767
287049 6 2008
287056 11 3996
289436 4 1079
289447 1 3126
289734 1 4107
289932 4 4403
290336 3 332
290943 1 88
292146 3 4541
293194 8 3062
294614 1 1954
294967 1 7544
298347 1 2900
301865 3 18367
303734 2 25485
306036 2 706
306073 1 784
306090 1 1518
306106 1 1166
306114 1 374
306136 1 320
306147 2 549
306159 1 797
306175 2 10421
306224 1 652
306284 1 21202
308513 1 8438
308553 3 8271
308721 1 1938
308754 1 1557
308791 1 1367
308792 1 1557
308829 1 1367
308855 2 3415
310249 2 4923
315544 3 840
316016 2 894
320247 2 10051
325537 1 4579
325538 1 1844
325539 2 6072
325543 5 2471
326129 1 67196
326867 2 1603
328914 4 4587
329208 4 9390
329226 2 8776
337046 4 1670
347837 5 63219
347869 10 47445
347934 42 11174
347983 1 1570
349869 1 913
349894 1 911
350113 1 433
350356 1 3150
350359 3 1073
351806 1 442
351808 1 2165
352572 3 3500
353320 6 2590
372278 23 28092
372279 3 5420
372281 1 5554
372734 2 823
372855 1 539
373167 4 204
373834 6 44460
374014 5 80805
374815 4 310
376386 1 9418
376629 1 2261
376822 2 7531
377197 1 8628
377498 2 4385
377652 1 1976
378556 1 2479
378624 1 1805
379385 3 3386
383035 1 432
383061 1 587
383680 1 212
384843 1 681
384933 10 1737
385182 3 2730
386947 3 614
393243 3 1496
393562 5 1965
393632 1 632
393673 3 10585
393747 11 58177
393846 1 1228
393847 8 2167
394510 1 214
394622 10 1760
395636 2 2207
395753 1 685
395947 3 5473
396189 1 1275
396258 2 38258
396329 1 2994
397701 2 213
398595 3 2484
398644 1 1202
400242 5 1777
400283 1 171
400399 1 413
402426 2 950
403356 1 1646
405023 3 623
406015 1 486
406762 2 1189
409074 4 1004
410938 1 461
413487 2 581
413876 3 540
414113 2 302
415889 2 2057
416121 1 431
417387 8 332
418309 1 906
418974 1 795
418995 2 175
419661 2 953
420539 3 444
422905 6 683
423096 1 132
434998 3 1252
436416 1 292
436736 1 326
436767 1 871
436774 2 1058
436951 1 1284
437067 1 439
437112 1 1728
437165 1 908
437198 3 527
437288 1 451
437470 1 365
437574 1 655
437681 1 957
437837 5 738
438213 1 1077
438312 1 1734
438566 1 436
438735 1 374
438886 1 1180
438948 3 1521
438950 1 1222
438954 1 1111
443035 1 55
443416 6 800
443812 1 118
444467 17 599
446016 1 421
446619 5 1323
448099 1 837
449063 10 386
449639 1 771
449732 3 1147
449905 4 1208
450602 1 91
450625 15 1162
452235 6 945
454359 12 1947
454592 5 514
455800 2 533
456129 2 275
457105 3 1808
458265 1 441
459557 3 883
462776 1 722
464592 6 657
468733 1 1063
469393 3 158
469848 3 332
471293 1 710
471565 2 745
473663 1 785
475415 1 895
476150 2 452
476589 1 450
478046 2 552
478877 3 2409
479098 5 455
479250 30 1193
481785 7 495
483759 8 2593
484358 7 423
484626 1 532
485014 5 433
486244 1 776
487993 1 479
488847 2 570
494524 9 1598
495413 1 119
496555 14 1413
496596 12 2298
496600 10 1922
496890 1 135
497507 4 812
497732 2 759
498178 2 404
498292 7 460
499197 2 376
499737 4 551
500231 2 665
503933 1 482
504204 1 787
507335 7 897
507435 2 804
508288 1 104
509999 2 659
510159 2 508
510514 2 2000
511153 1 454
511764 2 380
511771 1 639
512465 3 768
512497 3 1672
512852 1 2033
515431 1 1207
515750 1 574
517294 1 1860
519164 2 890
520234 1 448
520568 2 1575
520962 4 3046
521307 5 775
523695 1 528
523754 1 433
525214 3 2503
525569 1 341
527927 2 1361
528062 1 2803
33 1 19382
231 2 518
233 1 404
476 1 429
719 1 625
779 2 429
1646 1 55438
1648 6 476
1649 10 330
3197 1 367
3433 9 238
3434 2 491
4052 4 461
4712 1 490
4714 8 407
4726 10 328
4812 2 310
5013 1 279
5296 2 529
5330 1 447
6813 9 324
7527 2 206
8918 1 349
9188 11 380
9634 7 461
9817 3 298
9818 3 297
10369 2 815
10484 1 353
10614 1 386
10616 3 479
10618 1 309
10619 7 276
11614 1 456
11737 2 3608
12244 1 671
12330 9 541
13161 10 358
13855 4 476
13856 2 205
13857 1 337
14216 5 189
15110 2 257
15358 6 351
16489 10 574
18368 1 310
18369 1 579
18370 1 608
18372 2 232
18543 8 281
18597 1 539
19595 1 416
19710 3 323
19711 5 305
19751 7 590
19752 11 382
19754 5 526
19760 1 478
19762 3 573
19763 1 351
19765 1 380
19814 1 395
19815 18 569
20369 1 547
20373 1 583
20376 1 507
20385 1 535
20424 4 306
21459 3 16007
21807 2 677
21970 1 567
22072 1 574
22076 1 454
22344 1 402
22628 8 287
23494 2 5641
25256 2 571
25623 6 398
25639 1 333
26659 12 617
27071 2 385
27074 2 533
27075 2 477
27078 2 479
27080 1 560
27092 2 319
27109 4 506
27112 2 480
27113 1 603
27120 1 368
27124 3 334
27130 1 451
27133 1 327
27149 5 497
27159 1 624
27161 4 441
27162 1 291
27178 1 367
29901 3 300
29902 18 576
30080 1 303
30631 14 1095
30686 2 4151
31203 1 414
31205 1 168
31823 7 652
31849 9 320
31954 1 429
32429 2 279
32434 2 273
33585 3 491
33586 1 299
33703 1 506
33707 2 670
33712 1 413
33718 1 388
34278 2 577
34304 2 717
34837 5 1991
36119 11 389
37063 1 440
37145 8 507
37673 1 556
38642 5 322
39710 7 2655
39842 6 725
39891 1 336
39968 1 253
40257 8 875
41335 3 405
41834 1 324
42426 5 160
42427 5 162
42428 4 158
42892 1 187
43136 1 395
43203 5 340
44438 1 414
44536 11 482
45795 2 183
45822 1 259
45952 5 436
46022 1 582
46337 1 488
46757 5 755
48960 6 403
48961 7 371
49562 13 1216
49568 8 278
49762 2 416
49775 2 338
49779 1 369
49783 2 516
49800 2 346
49804 1 428
50070 1 195
50104 1 373
50376 1 396
50421 8 532
50682 1 32839
51195 5 451
51714 1 400
52214 2 64459
52559 1 622
52932 3 468
53137 7 486
53138 2 466
53166 4 513
53281 1 601
53585 5 1920
54052 4 285
54524 1 256
54548 3 423
54822 1 267
55165 1 365
55371 7 52248
56038 4 386
56982 1 154
58430 3 177
60459 3 734
63338 3 94
63341 3 94
66309 8 666
66883 5 254
67083 1 750
68619 7 191
69917 28 995
72391 2 274
72392 6 495
73229 4 104
75254 16 1376
77872 7 460
78872 2 577
79497 1 31
79881 7 946
80244 1 466
80421 4 330
80475 2 527
80674 3 282
81011 5 117
81129 5 181
81966 3 704
82470 7 561
82703 3 334
84506 1 152
84730 4 136
85702 3 223
87151 1 334
87281 3 378
87831 3 380
88650 1 183
94135 1 442
96075 7 465
96322 5 133
96327 1 41
98437 16 420
98690 5 678
100719 6 601
102363 3 643
102636 2 199
103073 13 652
103561 1 138
105254 3 109
106038 1 229
112615 3 441
112729 8 243
112758 1 478
113185 2 537
117468 3 211
117968 1 181
119902 3 182
122786 7 574
123733 3 98
126744 2 45
128114 2 197
132164 10 611
133916 5 275
137769 1 732
138745 1 512
139204 3 266
139785 1 405
141825 4 803
142569 1 457
143181 31 638
143280 6 528
143633 4 189
144450 1 127
146040 4 132
147141 1 821
147679 1 124
148843 1 238
149451 1 808
153780 8 621
154581 3 335
154584 2 819
155602 5 223
156751 4 792
157338 6 360
158833 1 56
161933 1 157
162214 3 426
162633 1 276
162779 3 160
163766 2 198
164133 3 212
164347 2 97
164852 3 746
165686 2 526
166253 3 107
166279 1 304
166419 1 386
168695 1 409
169775 6 765
171564 5 265
174383 17 487
174970 5 730
175438 2 205
175936 5 205
176541 2 824
177589 14 216
180227 1 227
180324 2 519
185852 2 201
187000 7 582
188431 12 691
188557 2 552
189089 2 563
190226 5 229
190871 2 166
191735 2 131
193120 6 204
193820 1 541
196872 2 463
201800 1 88
202259 2 122
202835 1 153
203185 6 495
204523 2 737
206116 2 57
207672 10 380
208219 1 469
211950 21 711
212808 5 631
213289 2 1981
216571 1 764
218296 1 627
219689 3 560
220720 6 517
220840 11 696
221714 1 598
224166 1 115
224731 5 124
227441 5 201
227573 3 135
228083 6 503
228255 1 443
228550 3 453
228552 3 379
229015 1 718
230135 1 243
230311 1 546
231422 3 259
231456 2 227
233712 3 520
234288 3 480
235259 2 613
235330 1 802
236621 2 527
237192 5 232
239158 2 117
239470 7 389
243508 1 266
244182 10 362
244629 14 532
244663 3 988
244912 2 95
247618 4 581
248296 1 322
251044 2 128
251045 2 653
252471 1 341
254055 3 368
254317 3 499
254625 4 443
254637 1 110
257673 9 777
258467 2 122
261631 2 354
262917 16 661
265822 1 5726
268355 1 338
275087 2 422
276741 1 143
276912 1 265
277905 1 122
279009 2 2526
283839 1 76
286672 2 403
286706 1 437
286735 7 2545
286821 3 121
286847 1 282
287570 1 129
287906 8 5750
287920 1 367
289952 1 718
290316 1 150
290391 2 186
294614 1 1954
296571 1 478
306139 1 5267
306163 6 413
306164 1 464
306167 7 253
306175 1 10421
306191 8 822
306244 3 347
306422 2 268
306433 16 472
306441 1 528
306465 4 851
306517 1 488
306789 2 629
307202 1 151
307280 1 635
307453 7 49380
307538 1 138
308255 1 1369
308377 1 1419
308721 2 1938
308756 1 455
308772 2 2076
308773 16 1955
308782 2 177
308783 32 2409
308791 5 1367
308810 2 2076
308811 16 1955
308820 2 177
308821 32 2409
308829 5 1367
308845 3 177
308848 2 368
308859 5 5677
308953 1 14138
309007 1 14138
310566 4 240
315652 1 132
315663 1 588
316927 1 185
317541 1 157
324194 1 232
324745 1 346
325505 9 244
325534 2 2074
325537 3 4579
325538 3 1844
325539 6 6072
325540 3 3234
325541 18 2827
326123 9 14885
326165 12 1159
326288 1 295
326867 1 1603
327301 1 225
327349 2 8654
327407 1 18061
330181 1 491
337691 1 1563
338643 1 103
338975 1 883
344148 1 334
345824 1 150
347807 1 152
347837 13 63219
347845 4 186
347848 3 118
347853 1 104
347854 1 120
347870 5 1104
347887 7 213
348010 14 503
348849 1 547
348889 7 284
349798 1 520
350107 1 184
350108 1 367
350261 9 236
350262 5 254
350267 1 233
350278 1 216
350294 1 261
350295 1 294
350296 2 870
350313 2 862
350322 11 1228
350370 1 247
350375 2 187
350377 1 307
350382 3 226
350496 1 14081
354975 1 595
358671 2 159
360182 1 2961
360660 18 2514
361047 3 127
361428 1 355
361478 1 199
362055 1 224
362103 2 396
367553 2 89
368827 7 490
372067 14 344
372223 3 301
372224 2 245
372225 4 210
372278 7 28092
372279 2 5420
372280 3 5317
372281 1 5554
372406 1 14595
372458 4 139
372589 1 499
372743 1 232
373014 8 3572
373324 1 243
374507 4 1194
374612 2 336
374899 1 136
374902 2 195
374903 1 222
374912 2 224
374928 6 2941
374994 2 13993
378180 10 243
378666 1 563
383033 1 461
384003 4 83
384843 1 681
384957 4 104
388127 2 220
389110 1 145
392463 2 1364
392765 1 1987
393243 1 1496
394039 1 383
394281 1 244
394804 3 470
394898 2 26758
395003 8 370
395010 1 125
395109 2 1486
395753 1 685
396189 1 1275
398855 4 134
399133 4 794
399701 3 519
400003 4 257
400703 7 506
401217 4 152
401219 4 669
401472 13 505
402664 6 323
403676 1 130
404346 3 227
404375 13 499
406015 3 486
406206 6 131
406762 1 1189
406962 4 294
407672 4 88
407925 4 521
408167 1 51
408311 2 746
408352 3 400
408597 3 157
408599 2 130
409074 18 1004
409075 10 393
410239 6 133
411163 7 555
411165 3 96
413252 5 780
413719 3 157
414113 1 302
415889 4 2057
415967 2 111
417371 1 84
417810 3 1646
418309 2 906
418728 1 931
418902 1 1224
418974 1 795
418995 1 175
419593 4 535
419661 1 953
419824 2 331
420008 2 750
420251 1 242
420345 5 483
420539 1 444
421350 2 1039
423096 1 132
423630 5 2932
424966 5 476
425255 2 650
425355 18 562
429082 6 191
429485 1 393
430830 2 92
430913 8 360
430953 1 459
431533 3 166
433903 6 292
434208 3 840
434209 2 172
434527 3 1397
435297 1 566
436334 4 3020
436595 1 95
436637 4 119
437112 1 1728
437574 2 655
437653 42 1492
438566 3 436
438723 4 263
438735 6 374
441692 7 342
441737 4 137
442992 1 117
443167 2 729
443557 4 352
443816 2 82
444047 4 809
445085 1 394
445261 1 97
445419 1 589
447041 1 132
447365 16 397
447557 4 225
449639 3 771
449739 3 112
449758 5 725
451112 5 662
451162 7 764
452235 2 945
452236 2 148
453467 3 365
454592 2 514
454593 3 141
455800 1 533
456129 1 275
457517 18 457
457963 1 201
458265 1 441
459088 1 261
459387 11 511
459557 7 883
460507 7 411
462251 5 398
462296 6 406
462776 1 722
462948 11 846
465505 5 491
466614 3 174
466678 1 904
468733 1 1063
469393 1 158
469531 1 164
470218 1 507
471293 1 710
471749 4 147
471750 4 167
471751 4 123
471752 4 124
472272 7 446
472370 9 354
472938 1 55
473663 2 785
475183 2 488
475356 1 89
475750 2 385
476666 2 159
476895 8 643
476986 12 1017
477051 1 416
478046 1 552
478718 1 1216
479098 1 455
480909 3 97
481540 2 937
483973 2 1054
484628 9 1519
485090 11 511
486244 7 776
487993 5 479
488320 1 418
488847 4 570
488997 1 512
490262 12 396
490305 11 458
491028 1 98
491342 1 72
492265 1 310
492826 8 241
493605 9 909
493667 11 397
493997 1 499
495489 7 500
495598 5 167
496555 1 1413
496556 2 1660
496596 1 2298
496597 2 1499
496599 7 302
496890 2 135
497311 5 668
497487 6 523
497732 1 759
497759 1 133
498292 12 460
498308 5 350
499197 1 376
499556 2 140
499737 3 551
500231 1 665
502381 7 744
502436 9 705
504827 1 1004
504905 3 212
505584 4 555
505607 4 446
506283 7 502
506990 5 159
507335 1 897
507451 3 128
507829 5 836
508252 2 166
509238 5 592
509999 4 659
510159 1 508
511153 1 454
511541 5 199
511542 9 627
512024 1 83
512465 1 768
513018 2 244
513293 9 1117
513484 6 396
515421 3 72
515521 4 393
515750 2 574
516936 4 426
517294 1 1860
517886 7 305
518301 1 770
519229 2 564
520234 1 448
520652 3 186
520767 12 636
521119 11 515
522368 4 444
523147 1 276
523364 15 1120
523754 3 433
524945 6 432
525606 9 2915
525848 1 1216
525977 5 131
528067 4 145
