1190 2 338
1698 12 229
2657 9 217
3560 1 440
3563 1 273
3623 1 295
3742 7 304
4309 11 400
4311 3 456
4316 1 226
4319 6 421
4325 4 255
4326 5 484
4327 4 361
5476 33 4013
5746 2 368
6439 3 6333
6524 4 143
6527 23 416
6528 5 395
6529 16 484
6531 12 368
6532 8 287
6533 8 351
6534 19 441
7153 1 962
7572 4 194
7882 4 544
8441 7 298
9166 25 17203
9530 1 501
10671 4 216
11154 2 333
11158 13 384
12140 2 399
12709 1 20008
13409 11 708
13459 5 454
13912 3 17501
14386 12 464
14387 7 275
14695 6 344
14698 9 371
16468 16 376
16484 12 422
17151 8 505
17152 26 558
17153 21 567
17155 5 462
17158 9 506
17340 2 541
17989 1 334
18070 5 626
19470 1 193
20236 2 279
21614 108 32241
21675 1 123
21966 3 643
22409 13 591
22606 3 508
23424 5 244
23907 4 568
24298 2 644
25218 4 9144
26155 6 641
26802 9 213
28557 7 322
29088 1 475
29520 21 406
29860 1 235
29861 1 452
30676 1 302
30851 4 282
32612 6 77
32790 1 583
34313 26 516
34316 22 455
34317 10 349
34396 1 632
34397 1 695
34399 1 595
34726 10 332
34728 3 222
35628 1 270
36125 3 817
36354 8 488
36448 14 252
37974 2 405
37984 1 211
38471 9 499
38849 10 303
40061 2 19463
42661 4 141
42663 6 327
42665 10 358
42669 6 405
42673 9 356
42675 8 383
42677 9 173
44366 11 12535
44630 4 206
44677 3 263
46064 4 171
46668 4 238
49386 9 205
49394 163 26545
51226 8 313
51331 4 184510
52183 3 269
52214 28 64459
52842 1 938
52849 2 709
52879 1 497
53318 1 1112
53412 13 264
53413 51 538
53978 10 307
54389 1 250
54391 10 399
54392 4 212
54393 6 242
55371 2 52248
56069 2 468
56085 15 556
56121 4 606
56988 2 160
57198 11 798
57364 9 438
57608 3 95
57683 3 109
57721 1 163
57850 1 221
57973 5 360
58165 1 202
58496 1 1168
58860 4 247
60839 1 562
61362 11 165
61524 4 118
62224 4 116
63434 7 558
63578 2 160
63703 2 212
64018 11 987
64276 5 109
65148 2 532
65154 3 708
65155 1 636
65857 1 266
65982 2 122
65994 18 440
66061 1 35
66602 1 51
67912 2 102
68912 1 620
69493 1 34
70246 6 691
70373 1 33
70415 2 445
70712 8 264
70866 1 91
70915 2 67
71211 3 105
71714 1 33
71732 1 33
72093 6 197
72257 9 263
72259 8 688
72515 4 177
72659 30 887
72704 14 945
73095 7 365
73112 2 268
73794 3 280
74791 1 394
75694 1 581
77050 3 170
77307 2 145
77691 5 138
78423 2 196
79142 8 916
79636 1 453
79865 2 344
80042 1 582
80906 3 221
80941 1 176
81059 4 289
81246 2 187
81558 2 412
81596 4 460
82276 19 645
83345 5 754
83733 7 549
84086 7 296
84679 1 276
84686 1 240
84728 1 382
84855 2 219
85310 8 316
85311 11 404
85313 20 508
85315 10 378
85317 19 774
86391 22 471
86395 6 342
86530 5 143
86720 3 700
87477 2 194
87973 2 836
88116 1 234
88865 3 152
89105 7 255
89405 6 188
89733 1 95
90068 1 218
90118 7 206
90713 9 657
90911 2 55
91048 6 149
91834 4 801
91979 2 1997
92747 2 89
92870 3 493
93016 10 492
94077 1 60
94108 2 269
94710 1 633
95449 3 60
95463 1 706
95579 1 224
95735 1 150
96178 1 328
96202 1 177
96207 1 1055
96262 1 78
96351 2 81
96584 3 68
96843 1 86
96860 2 65
96875 1 70
97367 2 232
97931 2 222
98111 6 339
98429 1 38
98524 20 322
100016 2 261
100941 5 667
101115 1 247
102238 5 545
102246 2 471
102331 1 198
102565 14 635
102591 5 116
103619 9 576
103751 3 259
104230 2 695
104291 1 195
105218 2 703
105386 9 579
106684 2 518
107737 2 190
107842 3 109
110426 2 294
111033 1 232
111254 2 346
111282 1 136
112236 1 38
112330 1 926
113524 1 217
113699 1 70
113893 2 197
114654 2 255
115212 3 259
115366 12 982
115462 3 215
115472 3 46
115763 4 150
116029 3 513
116111 3 103
118268 2 494
118468 3 798
118625 2 138
119218 3 185
119268 1 204
119331 6 254
119662 1 367
119672 1 586
119712 23 497
119866 1 80
119929 3 174
121742 2 32
123093 3 130
123282 1 300
123569 2 110
124829 1 54
125066 1 54
125506 6 140
125513 9 220
126675 1 319
128033 1 205
128075 1 249
128259 4 135
128308 1 126
128582 3 225
128794 3 223
128827 1 157
129228 5 282
129229 1 60
129391 1 52
129534 7 417
129996 2 227
130035 5 276
130207 1 166
130313 1 261
130391 5 119
130748 22 860
131006 5 155
131541 2 297
132433 2 233
132459 1 54
132736 1 349
133208 1 155
133776 1 880
133790 2 149
134038 5 113
134096 1 652
134152 4 60
134161 4 60
134248 1 211
134431 19 446
134703 1 289
134830 4 171
134877 7 1008
134879 5 406
134998 1 52
135123 1 327
135376 3 158
135395 1 152
135415 2 142
135433 1 74
135447 1 151
135515 6 218
135519 8 272
135883 7 188
135998 8 365
136716 3 213
136727 1 144
136746 1 51
136835 17 398
137003 4 229
138406 1 134
138440 1 284
138594 2 290
138595 2 310
138660 5 235
138742 9 519
138757 3 243
139092 2 347
139193 1 298
139208 1 204
139254 3 268
139390 13 625
139581 2 543
139626 2 333
139744 10 351
139783 8 550
139786 13 272
139824 12 424
139851 2 264
139968 2 175
139971 2 268
139972 3 768
140017 7 410
140115 1 273
140191 5 211
140620 2 190
140917 3 398
140939 2 123
141146 1 481
141164 2 2033
141463 1 78
141501 6 157
141621 6 205
141775 1 167
141971 1 89
141979 1 109
141985 1 97
143316 2 557
143455 6 150
143562 1 82
143787 4 90
143800 6 153
144035 7 286
144076 3 198
144278 12 506
144498 3 238
144919 2 167
145884 1 209
147453 3 1037
147532 2 333
147619 3 257
148188 1 716
148666 7 134
149227 7 137
150049 2 57
150236 5 372
150502 6 145
150835 3 437
151029 9 217
151144 1 239
151179 1 324
151424 1 229
151708 1 660
152237 2 138
152527 11 216
153753 1 111
153852 2 258
153853 7 664
153855 5 603
153856 3 137
153863 6 463
153910 2 330
153997 3 186
154102 2 68
154135 5 134
154601 4 154
155526 5 148
155893 1 228
156180 1 48
157092 4 497
157510 2 169
157578 5 213
157606 1 103
158018 7 429
158041 1 294
158048 12 308
158494 4 108
158658 2 58
159119 1 113
159129 2 226
159187 3 281
159226 1 87
159332 4 655
159505 2 129
159509 2 253
159978 1 179
160801 3 439
160944 1 252
162648 2 79
162649 1 98
162753 29 833
163245 1 289
164842 6 101
164980 7 191
165189 2 144
165959 8 449
166535 3 289
166592 11 538
166688 1 216
167788 12 483
167810 3 112
168137 1 300
168302 4 455
168765 21 462
170423 1 294
170851 22 734
171472 3 733
171585 3 736
171641 1 727
171934 7 492
172784 1 192
173598 3 62
173652 16 546
174449 1 93
176256 1 533
177209 15 682
177309 3 82
177791 3 79
178425 2 739
178659 1 197
179983 1 320
181713 5 165
181918 2 50
181929 3 59
182923 1 387
183882 4 74
184030 2 122
184458 3 211
184673 3 319
185592 3 263
185740 1 232
185983 8 500
185995 1 124
187861 8 215
187974 3 128
188660 2 159
189464 6 197
190237 1 71
190295 7 314
190615 7 567
190870 3 260
190934 1 195
190946 1 130
190981 1 104
192002 1 784
192203 2 146
192408 12 503
192599 2 413
192645 1 218
193035 15 772
193047 8 383
194868 6 294
195185 4 428
195625 2 378
196558 3 572
196723 2 243
197085 1 169
197159 3 307
197758 2 245
197837 1 243
198114 4 458
198315 1 96
198323 4 188
198569 1 117
199221 1 652
200400 1 147
201347 1 230
201694 1 188
201746 1 200
202253 9 251
202761 1 174
202765 1 249
203606 1 55
203757 7 449
204635 2 80
204863 1 936
205480 1 215
205620 1 122
206329 10 319
206340 2 135
206397 1 614
206407 2 204
206633 2 292
206757 1 662
207317 2 250
208187 2 231
208798 14 450
209451 15 194
209820 3 89
209825 4 134
210255 6 119
210344 3 235
211551 1 663
211653 1 291
212093 1 408
212447 1 92
213157 8 719
213981 4 224
214695 5 159
215450 1 719
216381 5 469
216412 2 157
217886 21 648
218080 6 246
218216 1 204
218217 1 463
218519 13 274
218533 5 360
218613 16 474
218614 3 232
218655 3 87
219724 4 247
220073 10 291
220345 8 368
221012 1 505
221015 4 630
221032 1 652
221041 1 712
221366 3 222
222078 7 424
222326 4 333
222989 7 155
223131 1 130
223242 3 216
223349 3 309
223667 18 595
223680 4 446
223977 5 227
224066 3 114
224142 8 178
224253 2 232
224833 8 502
224887 1 189
226443 8 326
227076 11 487
227147 2 158
228564 2 206
228676 2 82
228713 4 170
228992 5 269
229311 3 125
229910 8 347
230069 10 481
230107 1 224
230117 4 104
230267 1 335
230277 5 381
230327 18 505
230584 1 124
230821 1 75
231036 2 67
231281 5 225
231453 3 405
231753 15 253
231774 1 518
232076 1 1223
232159 1 470
232511 5 232
232798 2 261
233130 4 110
233241 3 321
233564 5 392
233568 9 385
233787 1 208
233788 13 447
233791 5 262
233795 6 358
233821 1 45
234181 4 270
234300 1 319
234457 1 237
234787 9 213
234815 4 289
235203 1 330
235242 10 201
235293 1 278
235345 5 64
235445 4 236
235569 1 375
235876 7 230
235938 40 1146
236045 2 84
236598 1 98
237463 1 124
237857 6 397
238215 1 290
238834 3 63
239085 2 92
239885 1 262
240538 1 184
240993 1 191
241258 2 40
241264 9 518
241394 1 232
241506 3 347
241869 7 631
241981 3 261
242207 5 241
242293 2 403
242436 2 342
242966 2 272
243143 5 411
244122 5 197
244224 2 198
244325 8 498
244750 7 358
245057 5 128
245653 20 663
245660 2 667
246045 11 209
246066 3 120
246447 2 88
247731 1 47
247732 1 1323
248746 4 150
248747 5 223
248851 7 346
248965 6 682
249345 2 229
249666 2 89
249870 2 49
249957 2 147
250071 3 163
250075 4 319
250458 1 87
251412 2 453
253256 8 605
253299 1 372
254173 15 529
254388 17 1001
255226 6 201
255376 10 216
255618 1 233
255764 2 216
255813 3 282
255956 2 287
255964 1 66
256430 2 162
256593 2 132
256643 1 50
257193 2 55
257413 2 374
257441 4 94
257500 1 117
258241 10 308
258896 1 134
259527 8 224
259717 1 191
259761 1 269
259964 2 326
259992 5 700
260048 8 263
260173 2 100
260270 5 156
260310 4 212
260886 3 227
261063 12 755
261405 2 272
261452 5 328
261532 4 113
261652 4 515
262240 3 511
262330 3 145
263203 4 153
263481 2 181
263501 5 481
264002 4 310
264022 4 345
264031 2 289
264115 2 280
264245 8 406
264393 4 723
264398 19 668
264400 8 319
264461 12 365
265039 2 419
265122 1 326
265166 6 150
265220 1 54
265328 5 136
265480 2 398
265563 1 299
265774 11 399
265810 16 16729
265816 6 25803
265845 12 17259
265847 3 5294
265854 8 21100
266325 11 402
267422 6 87
268871 6 322
269564 2 102
269647 13 237
269881 26 1144
270119 10 123
270141 4 283
270658 1 2519
270779 3 209
270932 7 142
271021 2 157
271953 1 397
272269 3 4027
274176 15 358
278559 7 94
278658 10 138
279701 7 225
279968 14 515
279969 3 249
280025 11 451
280218 5 361
280385 5 390
280386 2 335
280387 2 244
280388 3 201
280396 8 384
280471 2 469
280473 5 204
280498 1 550
281438 1 713
281889 5 200
282613 4 174
282624 3 78
283017 2 97
283216 5 832
283615 6 171
283719 2 138
284676 11 242
284957 6 344
285508 1 180
285706 2 202
286298 7 5354
286362 24 1066
286384 1 657
286549 11 1133
286806 2 1428
287029 2 869
288121 1 906
288142 2 168
288207 2 1121
289308 22 1478
289311 18 3214
289348 2 18428
289354 1 1746
289358 34 1746
289400 9 1724
289420 1 488
289422 1 153
289478 3 2380
289749 11 1304
289782 61 2632
289852 5 3230
289933 3 2092
289976 5 3486
289989 1 350
290220 1 1025
290250 51 2125
290256 262 30074
290426 13 770
290440 9 15196
290465 4 15747
291793 3 2238
291822 25 448
292355 8 551
292479 11 267
292700 1 3396
292822 3 174
293381 12 166
293620 7 171
293684 4 532
293720 5 7581
295056 9 160
298347 4 2900
299491 1 262
299576 3 315
299588 1 266
299761 1 232
299810 1 236
300042 8 372
301415 20 1123
301865 2 18367
302306 2 194
303191 6 226
303413 4 211
303608 7 206
303716 1 174
303734 1 25485
305122 1 985
305876 1 1195
305917 2 2518
306079 1 715
306175 1 10421
306186 1 1024
306237 1 26903
306314 4 4250
306701 1 88
306946 1 578
307225 7 404
307265 13 1819
307366 1 402
307388 2 410
307390 8 898
307391 9 381
307395 1 1185
307407 5 483
307453 14 49380
308168 1 1171
308187 8 51551
308246 10 20735
308257 32 12090
308264 1 3715
308271 25 2057
308272 10 994
308274 15 1186
308280 7 319
308283 2 887
308660 4 2535
308719 5 601
308919 3 13545
308929 2 12027
308947 1 16976
308953 12 14138
308973 3 13545
308983 2 12027
309001 1 16976
309007 12 14138
310356 10 161
311446 1 346
311698 2 151
312586 7 87
313545 6 202
314270 42 4790
314429 2 94
314510 4 98
315328 8 176
317443 2 101
318750 12 1384
320190 6 375
320553 2 70
321969 3 980
322962 1 92
323242 17 1059
323421 6 197
323445 1 118
323492 4 310
323493 7 306
324670 4 260
325054 9 1258
325139 8 602
325293 1 3224
325534 2 2074
325535 4 6095
325537 3 4579
325539 1 6072
325543 16 2471
326005 4 265
326101 7 739
326123 7 14885
326129 4 67196
326149 1 373
326179 4 407
326431 5 191
326813 4 1528
326829 3 704
326838 7 1167
326840 24 839
326841 22 1263
326842 35 1533
326843 30 1687
326844 20 1145
326857 3 2422
326979 1 1930
327023 4 3516
327109 1 1839
327116 1 374
327122 5 16929
327123 5 16927
327384 12 19585
327394 5 22044
327407 20 18061
327413 5 888
329140 11 169
329193 10 316
329771 11 156
329961 10 260
330215 4 238
331246 5 334
331287 7 143
331871 9 950
332181 2 7521
332472 5 150
333267 5 205
333689 9 187
333989 6 128
334756 4 1139
334874 1 817
335229 2 80
337113 1 1850
338801 1 94
339170 2 99
339189 43 3183
339190 1 267
339249 4 410
339283 4 177
339285 6 485
339289 2 375
339353 5 695
339354 1 247
340610 2 105
340757 15 524
340758 6 225
340760 3 875
340942 2 175
341190 2 410
341193 1 146
341194 4 739
341420 1 136
341422 1 219
341442 2 201
341938 8 171
342817 8 152
342976 11 421
343074 1 127
343120 2 206
343168 4 287
343169 2 198
343226 3 164
343280 3 168
343406 2 356
343508 2 141
343511 6 99
343633 4 160
343634 4 102
343635 1 208
343636 8 137
343640 5 89
343641 7 196
343724 1 86
343889 5 211
343892 9 213
343893 2 213
343895 5 327
343927 9 287
344065 1 292
344291 1 198
344369 21 528
344471 3 92
344474 3 236
344492 3 150
344546 2 262
344551 1 257
344553 4 134
344554 1 256
344823 2 103
344824 3 167
344825 4 274
344830 2 164
344833 3 255
344835 1 204
344862 4 260
344902 3 3914
344955 2 210
345037 4 204
345193 8 1211
345330 18 1578
345714 9 121
345876 13 299
346815 1 2013
346927 3 1230
347280 5 174
347702 6 1518
347801 2 1864
347837 50 63219
348207 1 2202
349392 1 2027
349517 37 2893
349537 6 788
349538 8 508
349542 11 2145
349555 28 762
349562 23 922
349564 4 1500
349585 8 5219
349720 13 852
349794 2 1647
349812 1 1772
349822 2 1660
349891 13 852
349979 3 505
350449 26 14072
350454 3 4709
350496 4 14081
352347 24 313
353095 1 1425
353217 7 282
353427 2 362
353699 195 2799
354696 6 1416
355002 4 225
355023 1 258
355152 5 198
355812 7 145
356077 14 3908
356367 3 1220
357174 25 442
358038 3 107
360098 13 486
360677 7 133
361279 2 455
362074 2 188
362190 1 271
363691 3 361
364163 4 66
364714 1 2031
365595 2 95
365676 1 95
365778 1 309
365960 1 203
366137 2 322
366140 1 205
366228 15 973
366355 1 412
366407 4 405
366486 1 106
366509 3 200
366641 7 402
367010 1 166
367013 4 173
367020 2 252
367160 5 252
367161 3 190
367163 2 350
367290 17 650
367313 2 501
367315 6 456
367621 4 171
367831 1 159
368331 4 352
371890 3 992
372076 9 472
372278 2 28092
372637 7 141
373014 1 3572
373040 2 292
373128 4 331
373133 1 234
373146 2 1583
373151 1 204
373158 1 479
373824 16 1421
373826 28 601
373834 1 44460
373835 31 2657
373836 7 848
373837 27 1760
373842 4 277
373843 12 1559
373844 17 1116
373845 20 917
373846 41 926
373847 73 2670
373848 25 2678
373850 85 2723
373851 11 624
373862 6 497
373864 3 1463
373865 12 852
373866 5 186
373925 14 1023
373927 6 1506
373961 4 2173
373962 4 1222
373987 16 1770
373988 12 860
373989 6 1497
374014 37 80805
374033 1 522
374102 3 3236
374121 2 950
374196 8 3097
374202 3 2426
374327 2 536
374377 1 1182
374399 4 3264
374484 15 1209
374534 7 646
374974 2 12901
374978 3 4182
374994 11 13993
375007 4 3958
376440 4 1977
377115 13 1316
377186 12 166
377529 3 2696
377941 1 1393
378238 2 216
378247 13 390
378399 13 151
379158 4 133
379389 1 1966
379470 5 207
380109 11 166
380208 1 1807
380577 4 209
380704 12 1654
381281 1 3183
381400 16 1559
381686 5 961
381990 1 3050
381991 1 6428
382795 3 499
383038 2 342
383830 1 312
384633 4 143
384994 1 204
385161 7 183
385309 4 92
385486 4 6673
385498 3 161
385777 1 288
385778 2 245
385779 4 328
385883 1 224
386361 4 454
386362 2 297
386525 5 75
386562 5 358
386601 1 136
386765 3 212
386931 2 214
386971 1 133
388174 1 333
388337 7 108
388450 7 644
388558 4 3040
388560 1 938
388798 12 278
389272 3 130
389400 5 167
389571 3 105
389796 4 544
389797 2 171
390006 5 388
390297 2 76
390723 1 84
390787 5 263
390826 1 181
391132 5 146
391168 2 183
391174 1 176
391175 3 170
391179 13 663
391245 3 232
391333 4 244
391359 1 148
393527 1 4576
393550 74 30891
393592 15 1771
393610 14 1165
393673 2 10585
393747 537 58177
393769 1 3316
394898 15 26758
394939 3 760
395242 21 23266
395576 3 2131
395577 60 2785
395585 13 30629
395591 25 1288
395600 1 180
395634 1 920
395640 10 17885
395651 2 755
395652 8 921
395657 2 283
395658 9 450
395660 1 1605
395661 8 230
395662 2 974
395768 1 978
395788 1 1098
395800 4 3030
395810 7 5761
395882 3 759
395950 1 1711
395956 1 2366
396112 1 1745
396117 2 972
396147 1 5877
396228 1 920
396258 8 38258
396562 11 459
397162 1 539
397166 1 411
397195 1 362
397209 2 1046
397288 3 256
397514 1 86
397840 4 82
398024 1 383
401038 6 195
402157 1 412
403172 20 605
404013 5 205
404359 7 102
404464 11 467
405031 3 69
405310 6 1066
407056 6 1087
407180 1 70
407632 9 382
408259 27 613
408890 2 448
409396 2 55
409654 3 411
410021 5 963
410022 7 1349
410058 4 407
410226 3 65
410464 14 1156
410690 14 670
410706 1 467
410828 8 418
410942 13 658
411408 2 264
411437 3 1200
412388 2 45
412586 4 75
412640 6 872
413107 3 134
413333 3 514
413389 2 500
413417 11 1178
413515 4 695
413560 3 838
414634 2 47
415109 4 827
415887 3 370
416037 11 575
416467 1 361
417923 13 333
418487 2 115
418514 2 384
418576 16 901
419613 2 422
419689 1 371
420791 12 569
421023 10 511
421265 16 678
423550 3 1302
423792 1 1672
424428 10 690
425033 7 231
425091 13 431
425509 5 83
425813 2 130
426580 16 875
426638 2 267
427021 1 1208
427199 2 650
428497 30 1086
428866 1 935
429168 3 93
429644 2 346
430014 20 1554
430166 10 787
430468 14 369
430894 10 729
430911 4 687
431072 3 1260
431148 13 548
431372 10 937
431560 12 499
431961 2 74
432514 1 60
432671 1 114
433470 2 68
433822 1 461
434837 4 271
435233 3 962
435346 1 379
436427 10 275
436743 14 423
439735 3 285
439804 4 100
439834 2 526
440684 21 614
440710 4 123
440747 12 404
441140 24 2157
441292 6 409
442016 2 375
442821 8 234
442893 3 536
443074 1 119
444399 13 563
445215 17 646
446816 24 1054
446871 7 277
447628 9 426
447906 4 79
447999 16 467
448089 4 47
448475 14 660
448689 13 383
448754 2 552
450487 4 648
450691 15 956
451638 1 1102
451644 8 174
451729 1 71
451783 1 2161
452240 13 1138
452634 3 44
454520 8 122
454565 1 1007
454615 11 426
454620 10 468
454638 8 197
454852 8 614
455060 13 569
455174 6 497
455886 1 590
456013 6 881
456972 2 389
457666 6 470
457842 17 630
457886 5 251
458345 13 664
458476 10 346
458670 2 105
459125 8 555
459338 4 1186
459466 11 820
459651 5 797
459658 2 120
460037 13 550
461323 1 221
461466 5 1140
461626 2 698
461803 8 203
462120 3 108
463218 5 94
464015 4 619
464832 2 477
464990 23 840
465397 20 786
466862 1 113
466881 19 1353
467137 7 616
467823 2 669
467875 16 809
467951 3 115
468310 16 611
468529 12 646
468823 11 259
469394 7 311
469641 8 365
470023 10 525
470067 2 422
470668 7 412
470879 6 95
471157 5 424
471742 2 105
472162 1 337
472410 7 164
474159 1 258
474193 4 2427
475157 2 266
475166 4 1008
475167 8 1640
476221 7 399
476290 3 862
476451 1 188
476650 6 109
477187 13 674
477259 8 669
477279 4 369
477569 13 568
477583 4 217
477800 11 500
477989 2 70
478095 10 1061
478189 8 261
478366 12 271
478958 3 596
482308 2 581
483983 19 451
484020 17 936
484028 16 311
484091 1 747
484259 8 243
484800 1 1529
484823 7 153
485152 13 381
485209 8 372
485836 11 764
485930 11 382
486010 4 354
486015 18 565
486235 1 107
486425 1 1321
486534 8 228
486665 6 905
486961 3 358
487895 1 111
489728 1 303
489855 4 448
490338 1 345
491129 11 661
491288 5 73
491463 1 315
491886 6 817
492955 1 101
493381 1 376
494004 15 527
494213 7 442
494428 3 158
494817 3 1023
494889 2 970
495495 6 567
496711 1 628
496911 7 214
497098 11 553
497752 4 638
497780 4 464
498091 2 361
499869 1 370
500870 1 57
501252 2 45
501729 3 77
501945 4 152
502107 18 517
502374 5 325
503610 1 395
504034 1 194
504271 5 1103
504291 2 1045
504667 5 592
504669 6 464
504670 9 827
504714 6 549
504828 15 508
505356 17 732
505536 7 319
505913 11 277
506145 1 90
507930 1 69
508539 1 579
509155 10 273
509360 5 167
509720 3 1273
510028 3 341
510119 2 1243
510298 9 413
510563 2 185
510734 1 907
510736 4 753
511717 1 445
512306 5 523
512458 12 572
512496 1 669
512725 14 525
512913 3 85
513444 1 95
513724 6 949
513921 2 632
514526 1 128
514535 6 615
514558 4 889
514941 10 363
515143 15 3321
515423 1 243
515763 16 613
515803 8 353
516377 1 1412
517586 28 745
517818 1 1203
517927 7 1253
518195 6 618
519320 11 419
520418 1 437
520970 2 331
521135 17 717
521989 2 266
522900 32 1330
523626 1 653
523783 23 555
523959 3 785
524099 4 414
524196 9 164
524491 2 392
524772 8 484
525011 6 717
525165 1 219
525526 2 468
525846 1 754
525963 2 61
526111 1 807
526246 1 126
526490 1 828
527598 2 74
527625 2 857
527942 3 95
528061 1 600
33 2 19382
455 6 18030
1190 1 338
1732 1 180
1839 10 496
3563 4 273
3922 3 283
4052 3 461
4311 1 456
4618 5 480
4620 3 367
4635 3 527
5154 8 454
5745 12 582
5746 1 368
6083 1 582
6367 6 17463
6543 2 536
8758 1 438
8774 1 434
9166 40 17203
9530 16 501
9829 9 363
9830 4 388
9855 6 260
12140 1 399
12709 7 20008
12745 2 354
13409 1 708
13912 15 17501
14252 1 551
14253 2 416
14255 2 517
14375 3 376
15002 1 483
16984 2 465
17925 1 388
18013 4 523
18409 2 576
18821 2 467
18822 14 474
18823 3 391
18824 6 372
18825 8 475
18826 2 390
18827 10 577
18828 11 656
18829 11 549
18830 5 391
18831 20 674
18832 16 584
18833 4 355
18834 5 308
18835 2 710
18840 22 529
18841 11 343
21154 2 375
21614 8 32241
22606 1 508
24941 4 439
25392 12 392
25394 24 429
25395 19 453
25396 13 324
28126 1 7816
28398 1 619
29860 6 235
29861 8 452
30058 20 717
30059 5 324
30060 4 422
30062 5 414
30063 4 421
30064 4 630
30065 4 544
30069 4 273
30070 6 410
30073 4 184
30676 1 302
31196 2 534
31629 27 21435
33004 1 537
33957 1 8237
34395 1 235
34403 1 426
35628 1 270
36354 1 488
36576 1 370
36802 1 29903
38471 1 499
39793 1 422
40061 3 19463
40296 3 701
40299 2 457
41515 1 507
41553 1 316
41555 3 316
43042 2 424
43045 7 468
43047 5 400
43048 12 409
43640 20 18238
44366 38 12535
46391 2 659
47091 1 508
50682 8 32839
50877 1 792
52214 6 64459
52842 27 938
52843 13 497
52849 9 709
52879 2 497
52936 1 215
53413 1 538
54389 1 250
54391 1 399
54447 2 389
54527 18 19068
54955 12 390
54958 5 288
54964 7 489
54965 13 463
54966 3 378
54967 6 653
54968 6 666
54971 7 474
54980 2 326
55418 1 232
56069 1 468
56121 1 606
56165 2 235
56281 3 219
56492 4 177
56933 6 245
56988 5 160
57364 2 438
58496 4 1168
58860 2 247
61154 2 221
61321 1 167
61524 1 118
63578 2 160
63703 2 212
64276 3 109
65148 4 532
65154 9 708
65155 7 636
65377 1 591
65576 3 151
65856 4 176
65857 1 266
65982 1 122
66602 3 51
67895 2 231
67912 3 102
68602 3 144
68907 14 417
68912 5 620
70246 4 691
70415 2 445
70712 5 264
70915 2 67
71211 1 105
72259 1 688
72515 2 177
73095 1 365
73112 1 268
73794 3 280
74791 5 394
77050 3 170
77052 3 190
77307 2 145
77960 2 92
78423 3 196
79636 5 453
79865 2 344
80853 3 203
80941 5 176
81059 2 289
81246 2 187
81608 3 615
83345 1 754
84686 9 240
84855 6 219
85315 1 378
85457 6 213
86307 2 163
86316 8 320
86395 1 342
86720 1 700
87469 1 276
87477 3 194
88116 5 234
88575 3 114
88865 1 152
89405 1 188
90068 2 218
90713 2 657
91048 1 149
91979 1 1997
92036 2 634
92870 1 493
93016 1 492
94108 2 269
94709 28 665
94710 14 633
95579 4 224
95735 2 150
96178 5 328
96202 3 177
96207 1 1055
96262 4 78
96353 2 284
96456 3 300
97367 3 232
97931 10 222
98524 1 322
100016 1 261
100163 3 252
100941 1 667
101115 2 247
101210 3 204
101312 3 323
101429 2 252
102238 1 545
102331 9 198
103619 2 576
103734 6 143
103751 2 259
104230 8 695
104291 4 195
104418 5 198
105218 14 703
105386 1 579
107737 2 190
107842 2 109
108024 7 237
108367 3 224
109027 1 557
110151 1 664
110426 4 294
111033 1 232
111254 5 346
111729 3 246
112330 1 926
113524 1 217
113699 3 70
114654 2 255
115206 4 197
115212 1 259
115462 1 215
116029 2 513
117826 3 667
118268 1 494
118468 2 798
118520 9 655
118625 1 138
119268 5 204
119331 5 254
119712 1 497
119866 3 80
119929 3 174
120303 1 215
121761 1 124
121813 2 641
123033 1 158
123093 4 130
125506 1 140
125513 1 220
125702 3 707
126675 6 319
128016 2 297
128033 4 205
128075 4 249
128566 4 760
128582 1 225
128794 1 223
128827 5 157
129228 2 282
129229 1 60
129634 3 360
130072 1 386
130207 1 166
130313 8 261
131006 4 155
131541 12 297
132231 1 292
132417 1 291
132433 3 233
132710 4 225
132736 1 349
132772 1 247
133208 6 155
133776 1 880
133831 8 200
134038 3 113
134096 2 652
134248 2 211
134431 1 446
134432 2 680
134703 7 289
134877 3 1008
134879 1 406
135123 2 327
135395 4 152
135415 1 142
135447 4 151
135883 3 188
137003 1 229
138112 5 194
138406 2 134
138440 3 284
138470 1 283
138595 1 310
138660 1 235
139413 2 237
139824 1 424
139968 3 175
139972 1 768
140115 1 273
140191 3 211
140620 2 190
141146 5 481
141775 7 167
141971 1 89
141979 3 109
141985 2 97
142121 1 283
143316 1 557
143443 3 164
144035 1 286
145884 4 209
147532 1 333
147619 3 257
148188 1 716
148344 1 58
149227 1 137
150835 2 437
151029 1 217
151144 3 239
151179 5 324
151424 9 229
151708 1 660
152640 4 172
153753 2 111
153855 2 603
153863 3 463
153997 2 186
154201 2 150
155383 6 170
155612 5 167
155893 1 228
156803 1 106
157510 2 169
157606 3 103
158048 1 308
158252 4 313
158494 1 108
158615 1 208
159119 1 113
159129 1 226
159332 1 655
159878 1 366
160801 2 439
160944 1 252
162648 1 79
162649 3 98
163245 1 289
164980 3 191
165189 4 144
165391 4 118
166353 2 299
166535 1 289
166592 2 538
166688 5 216
167788 1 483
168137 3 300
168765 1 462
169688 4 176
170270 7 238
171013 1 220
171217 7 360
171472 1 733
171585 1 736
171769 14 256
171920 3 288
172156 6 167
172164 7 224
172400 2 708
172695 4 104
172784 1 192
175325 2 872
175332 1 426
176868 1 152
177791 4 79
178342 5 248
178425 1 739
178659 5 197
179231 1 723
179983 1 320
181734 6 278
184030 1 122
184458 4 211
185592 1 263
185740 5 232
185981 6 136
185983 2 500
185995 3 124
187832 5 194
188660 4 159
189464 4 197
189602 1 228
190124 2 301
190237 1 71
190870 2 260
190946 2 130
190981 3 104
192203 4 146
192242 2 234
192599 1 413
192645 4 218
193035 4 772
193467 4 186
193883 3 700
193899 5 208
195028 4 154
195461 2 705
195625 5 378
196150 2 645
197085 3 169
197159 2 307
197580 3 748
197758 2 245
197837 4 243
198114 1 458
198315 3 96
198323 5 188
198526 1 468
198569 2 117
199221 1 652
200400 1 147
201347 2 230
201415 1 228
201694 2 188
201746 1 200
202761 5 174
202765 6 249
202917 1 208
204635 3 80
204769 5 304
204863 1 936
205480 3 215
205620 4 122
206397 2 614
206405 1 261
206407 2 204
206615 3 99
206633 1 292
206757 7 662
207317 1 250
208506 42 6627
208798 3 450
210344 4 235
210702 4 296
211653 1 291
212093 1 408
212414 3 812
213248 2 139
213981 2 224
215450 3 719
215551 1 500
216381 1 469
216412 2 157
217015 6 883
218080 1 246
218216 7 204
218217 1 463
219630 2 240
219724 1 247
220345 1 368
221015 1 630
222078 2 424
222127 1 180
222326 1 333
222807 3 215
223131 5 130
223349 2 309
223585 4 128
223680 1 446
223977 5 227
224066 3 114
224877 3 141
224880 1 226
224887 2 189
225210 2 109
225741 7 192
225998 6 193
227076 1 487
228529 1 80
228564 3 206
228676 2 82
228713 2 170
228992 3 269
229311 2 125
229805 1 283
229817 2 219
229862 2 86
229910 3 347
230069 1 481
230107 1 224
230267 1 335
230277 2 381
230428 1 124
230478 7 221
230584 1 124
231281 1 225
231453 2 405
232076 1 1223
232511 11 232
232798 4 261
233564 1 392
233568 2 385
233788 6 447
233795 1 358
234300 2 319
234457 4 237
234965 1 155
235203 2 330
235242 1 201
235293 2 278
235445 4 236
235876 1 230
235882 1 349
235938 1 1146
236045 1 84
236598 1 98
237463 1 124
238215 1 290
239085 1 92
239885 1 262
240538 1 184
240876 2 184
240993 2 191
241113 3 161
241394 6 232
241981 3 261
242207 2 241
242293 4 403
242436 2 342
242575 3 138
242577 4 222
242966 1 272
244122 1 197
244224 2 198
245057 4 128
245159 2 678
245653 1 663
246412 4 701
246447 2 88
247732 1 1323
248746 1 150
248747 2 223
248851 4 346
248965 1 682
249030 8 320
249181 1 87
249345 2 229
249666 1 89
249957 2 147
250071 1 163
250075 2 319
250253 6 183
251412 1 453
253256 1 605
253299 2 372
253413 4 317
254867 1 97
254874 1 132
254903 1 47
255094 1 228
255226 3 201
255452 2 752
255618 1 233
255764 3 216
255813 2 282
257413 1 374
257500 3 117
258896 1 134
259717 1 191
259761 3 269
259858 2 117
259964 1 326
259992 1 700
260048 3 263
260224 1 63
260270 1 156
260310 1 212
260886 6 227
261297 1 254
261405 1 272
261452 2 328
261532 4 113
261652 2 515
261811 6 136
261815 7 214
262240 2 511
262330 1 145
263480 1 421
263727 1 124
263804 1 750
264022 1 345
264115 1 280
264245 1 406
264393 2 723
264398 1 668
264461 1 365
264907 1 219
264994 1 269
265037 1 246
265122 4 326
265478 1 230
265563 4 299
265810 11 16729
265816 19 25803
265845 1 17259
265847 2 5294
265854 11 21100
269108 1 105
270141 2 283
271462 1 141
272269 3 4027
273551 1 228
276565 1 348
279701 2 225
280385 3 390
280386 1 335
280387 1 244
280388 1 201
280471 1 469
280498 2 550
283216 1 832
285071 2 479
286063 1 173
286298 27 5354
286362 2 1066
286384 4 657
286583 2 19748
289298 2 730
289311 2 3214
289348 3 18428
289354 5 1746
289358 1 1746
289400 1 1724
289749 1 1304
289782 1 2632
289852 8 3230
289933 4 2092
289973 1 1487
289976 3 3486
289989 2 350
290256 22 30074
290410 1 1149
290440 8 15196
290443 5 4140
290465 6 15747
291793 1 2238
292026 4 5959
292355 1 551
292426 1 568
292700 3 3396
292890 4 237
293436 1 215
294967 9 7544
295720 1 102
298152 1 206
298347 1 2900
298787 2 188
299491 3 262
299576 1 315
299761 6 232
300042 2 372
301415 1 1123
301865 3 18367
303413 2 211
303734 16 25485
305281 1 244
305876 1 1195
305917 1 2518
306186 1 1024
306237 2 26903
306284 13 21202
306780 1 130
307190 3 331
307225 1 404
307265 1 1819
307366 1 402
307388 1 410
307395 1 1185
307407 1 483
307453 29 49380
307864 1 142
308168 1 1171
308186 41 36306
308187 34 51551
308246 6 20735
308271 1 2057
308272 1 994
308553 3 8271
308598 6 5851
308660 1 2535
308903 3 5575
308915 1 2053
308919 1 13545
308929 3 12027
308947 17 16976
308953 4 14138
308956 4 2431
308962 1 473
308973 1 13545
308983 3 12027
309001 17 16976
309007 4 14138
310840 4 4335
311904 1 191
312476 1 500
320764 2 76
321107 1 132
321872 1 93
323492 1 310
323831 1 324
325293 3 3224
325574 2 191
326123 8 14885
326129 1 67196
326179 1 407
326838 1 1167
326842 3 1533
326843 1 1687
326844 5 1145
326857 7 2422
326979 1 1930
327109 1 1839
327122 1 16929
327123 1 16927
327384 9 19585
327394 6 22044
327407 25 18061
329412 1 7792
330324 91 1971
330823 1 294
331786 1 722
331871 1 950
334754 2 240
336081 1 407
336447 2 218
339189 9 3183
339190 3 267
339289 2 375
339353 4 695
339354 1 247
340757 5 524
340758 1 225
340760 1 875
341190 1 410
341194 1 739
344806 2 107
344902 2 3914
345330 2 1578
346079 1 267
346314 2 235
347837 25 63219
347869 4 47445
347971 1 328
348207 5 2202
348748 1 2123
349341 1 1188
349564 2 1500
349585 5 5219
349794 4 1647
349979 1 505
349994 5 8773
350101 1 707
350298 1 867
350449 11 14072
350496 10 14081
350921 2 191
352774 2 73
352821 2 566
352957 1 218
353095 2 1425
354134 4 287
355023 2 258
356077 2 3908
356367 2 1220
357631 1 167
357781 1 2056
358562 2 388
359152 3 9815
360098 1 486
360231 2 231
360852 3 344
361130 1 174
361279 1 455
362074 1 188
362190 2 271
364549 1 1302
364714 2 2031
365074 2 194
366228 2 973
367160 1 252
367290 1 650
367621 1 171
368331 1 352
368415 2 162
370680 1 518
371890 4 992
371897 2 439
372076 1 472
372406 11 14595
372986 1 478
373014 9 3572
373040 1 292
373128 1 331
373133 1 234
373146 6 1583
373158 1 479
373824 1 1421
373834 32 44460
373836 1 848
373837 2 1760
373844 2 1116
373848 1 2678
373864 1 1463
373865 2 852
373925 2 1023
373961 4 2173
373987 2 1770
374014 64 80805
374033 1 522
374102 3 3236
374121 1 950
374196 2 3097
374202 14 2426
374327 2 536
374377 4 1182
374381 1 2931
374399 4 3264
374484 1 1209
374534 1 646
374604 1 2428
374858 2 194
374974 1 12901
374978 6 4182
374994 8 13993
375007 1 3958
376440 3 1977
377529 6 2696
377619 1 283
377941 2 1393
378071 3 7768
378319 2 563
378335 1 284
378358 5 3937
379879 1 167
379952 1 3817
380190 1 4356
381686 3 961
381991 9 6428
383038 6 342
385478 1 81
385486 3 6673
385777 1 288
386362 2 297
386765 4 212
386931 1 214
386971 1 133
387806 1 203
388450 2 644
388558 4 3040
388560 1 938
389271 2 804
389864 1 73
390787 1 263
391132 1 146
392385 1 385
392988 7 466
392992 1 1114
393527 3 4576
393550 7 30891
393623 4 2752
393747 6 58177
393769 1 3316
394898 2 26758
395242 2 23266
395519 1 123
395585 3 30629
395634 1 920
395640 3 17885
395652 2 921
395660 1 1605
395662 2 974
395671 1 1458
395711 1 2234
395714 3 4780
395722 3 1847
395776 2 2404
395788 1 1098
395794 4 2122
395800 1 3030
395810 6 5761
395859 2 3099
395873 1 3601
395882 1 759
395950 1 1711
395967 2 682
395971 2 1280
396004 2 2835
396112 1 1745
396117 2 972
396139 1 3722
396147 2 5877
396214 3 1515
396228 1 920
396258 13 38258
397197 1 296
401390 2 779
402157 1 412
403335 2 777
407056 1 1087
407180 3 70
407526 1 903
413417 2 1178
414539 1 301
416507 1 186
419613 1 422
419689 2 371
420791 1 569
423550 2 1302
427695 4 243
428497 1 1086
428866 1 935
430894 5 729
430911 1 687
431372 1 937
436427 2 275
441140 1 2157
442016 2 375
445145 3 63
447628 5 426
447906 1 79
448475 1 660
448689 1 383
453281 1 253
454026 1 691
456013 2 881
457666 1 470
459466 1 820
459651 1 797
460037 1 550
461466 1 1140
467823 1 669
470067 5 422
470668 2 412
474193 2 2427
476290 3 862
484800 1 1529
485836 1 764
490362 3 88
491886 3 817
492955 2 101
494817 1 1023
495561 3 69
497752 3 638
501252 1 45
501930 1 429
503266 1 236
504670 2 827
508539 1 579
510734 1 907
510736 1 753
512317 6 929
512496 1 669
512630 1 995
513444 3 95
514715 1 922
515143 2 3321
515724 1 1093
519320 5 419
520605 2 1415
521135 1 717
523626 3 653
523650 3 681
525011 2 717
525526 1 468
525725 1 345
525846 4 754
526111 4 807
526436 4 1033
528061 2 600
