19618 2 295
24865 7 776
24881 16 575
32178 1 536
32183 2 518
32186 3 765
32187 2 484
32192 2 498
32197 2 544
32202 3 311
32210 2 678
32213 2 509
32221 2 502
32224 2 564
32229 2 512
32235 3 504
32236 3 502
32238 4 493
39104 2 364
39105 6 316
39106 5 307
41678 2 457
58715 1 34
59277 1 30
65243 1 797
65802 4 167
67941 2 182
72568 1 278
74314 1 162
79084 1 431
80694 1 33
82115 1 476
82882 2 978
85374 2 346
85661 1 761
87976 1 724
88445 1 809
91094 1 679
91978 4 1171
93127 2 732
94894 1 439
99349 1 318
100681 1 813
101698 1 184
101769 1 701
102089 1 121
103920 1 558
108147 1 31
110240 1 467
112017 1 91
112416 1 488
112507 1 59
113801 1 51
113841 2 39
115464 3 412
115513 1 41
116736 3 214
119212 1 41
119587 4 154
121069 3 739
121546 3 374
122307 5 215
123099 3 240
123374 2 456
126173 1 309
132805 2 779
133158 1 291
135890 1 118
139216 1 283
147395 1 355
148373 1 175
148619 1 75
148626 1 92
148861 1 524
151502 1 718
151581 1 445
151625 1 50
151708 2 660
151716 1 401
151785 1 531
151786 1 190
153486 1 56
154657 1 204
154904 7 337
154935 4 285
154939 1 300
156202 1 362
157443 1 980
158412 4 321
158873 2 422
160752 1 270
161509 1 102
162583 1 674
164705 2 258
165260 1 167
165342 2 54
167274 1 251
168847 2 506
169703 2 505
169803 1 166
170001 3 411
170042 2 479
170104 4 385
170158 4 464
170714 5 164
170963 3 292
173923 2 547
177529 1 236
177613 1 164
179112 2 329
180396 1 271
182767 1 54
182915 2 55
188801 2 607
189760 1 475
191031 1 140
191816 2 108
195241 1 980
195384 1 429
195506 1 638
195561 1 258
195733 1 486
196822 2 376
196872 6 463
200284 2 148
201466 1 289
202664 1 416
203198 1 699
204275 1 214
205276 1 248
206480 1 440
206710 1 239
207167 2 807
207358 1 463
208318 1 294
209609 1 112
210508 3 157
211058 6 221
218337 1 114
218638 3 550
222029 3 826
223018 2 93
223394 2 215
223956 1 272
224885 1 188
226817 1 50
227576 1 419
227667 4 322
227776 1 130
227781 1 156
228194 1 1185
233070 1 191
234223 2 51
238409 2 694
238477 1 292
239067 2 240
240220 2 459
242283 1 331
242287 1 335
242491 1 106
243227 1 431
243872 1 332
244995 2 244
246890 1 401
246928 1 428
247238 3 55
247702 1 148
250844 1 340
251045 1 653
251106 1 490
251379 1 460
251825 1 65
252847 1 433
253623 3 617
254670 1 423
255342 1 143
255630 1 314
256211 1 480
256213 1 344
256599 2 415
257159 1 228
257380 2 594
257557 1 733
259049 1 113
259050 3 531
259319 4 237
259326 2 454
259520 1 161
261436 1 335
261885 3 340
262230 1 51
263201 1 167
263688 1 86
264787 4 611
265002 4 595
266949 1 408
267130 1 544
268538 1 675
269652 1 130
270332 1 152
272671 1 4397
273479 1 477
273686 1 207
274018 1 341
274077 1 411
274831 2 158
275096 1 745
275917 5 233
275969 1 94
276958 1 269
277205 1 1154
277935 1 204
277979 1 88
277981 1 83
278409 1 168
278824 2 132
279011 1 1796
279831 1 673
279870 1 174
279924 1 428
280046 1 606
280742 1 579
282362 1 659
283572 2 374
284510 2 981
284513 2 82
284717 1 356
285774 1 1710
286089 1 653
286260 1 701
286377 4 2322
286583 3 19748
286626 1 284
287066 7 1029
287125 14 339
287153 1 536
287341 1 374
287681 1 566
287851 1 485
287886 1 251
288353 1 264
288365 4 221
288431 1 399
288904 1 93
288911 1 100
289057 1 1033
289063 2 139
289128 1 169
289358 1 1746
289819 1 1133
289964 5 219
290117 7 188
290256 1 30074
291793 1 2238
296045 2 1041
296568 1 1123
296700 1 550
297258 2 536
297376 1 568
297544 1 431
297956 3 3184
298835 15 1273
300979 2 111
301152 1 79
301279 1 94
301284 1 172
301292 1 613
301338 1 318
305003 1 1383
305280 1 725
305670 1 4400
306073 1 784
306535 1 894
306632 1 516
306998 2 2256
307982 1 230
308350 3 795
308513 3 8438
308713 1 785
308754 1 1557
308792 1 1557
308862 2 834
308978 1 1522
309479 1 330
310354 1 980
310369 2 79
311923 3 1858
315542 1 258
316364 2 631
317029 2 213
317739 1 1184
318501 1 101
319321 3 348
319825 1 125
320025 4 487
320060 1 234
320131 1 222
320876 1 66
320877 2 81
320878 1 129
320879 3 106
320881 5 204
320882 1 173
321003 2 77
321096 4 174
321097 1 114
321099 1 193
321267 1 83
321498 1 77
321500 1 293
321747 1 125
321950 2 106
322563 1 130
322812 2 1187
322820 1 431
323135 1 128
323337 2 156
324437 1 556
324787 1 372
325095 1 1507
325109 2 1198
325138 2 1254
326227 1 569
326280 7 293
326553 1 338
326742 1 107
327062 1 499
327412 2 484
327677 1 254
328397 1 212
331431 1 316
331847 1 262
332588 1 275
336475 1 195
336732 1 1471
337182 1 142
337439 1 742
338064 4 117
338996 1 359
339103 1 1056
339584 1 81
339586 1 210
339625 1 110
339682 1 163
339955 2 127
339975 1 364
340699 1 366
340774 3 1318
342175 1 251
346529 2 293
348336 1 897
349278 3 161
349453 1 373
349794 1 1647
350321 1 1015
351818 2 358
352651 1 477
355189 1 220
355980 1 168
358186 1 258
358755 3 112
359187 1 1848
360785 1 567
361986 1 1898
364189 1 253
366101 1 1262
366122 1 321
367828 1 467
372418 3 463
373772 3 125
373834 1 44460
373882 2 275
374099 1 1179
374177 2 272
374399 1 3264
374507 1 1194
374778 3 454
375700 1 112
376473 1 3399
378318 2 549
380135 2 143
382690 4 498
383338 2 524
385782 1 112
386471 12 2923
386814 1 153
387775 1 739
388009 1 870
393550 1 30891
394996 2 180
395640 2 17885
395713 1 1651
395779 1 788
396041 1 460
396258 1 38258
396329 6 2994
396715 2 885
397355 3 1855
398304 2 1008
398755 1 463
398906 3 83
399294 2 1057
399329 5 708
399354 4 482
399670 1 303
399716 1 991
400851 1 181
400913 2 17082
401150 1 454
401475 1 110
401728 1 152
401787 4 264
401940 4 503
402110 1 990
402150 3 657
402524 2 253
402559 1 401
402620 1 121
402623 2 93
402778 2 186
402892 3 728
404148 1 191
404166 1 525
404282 2 1412
404868 1 700
405148 3 84
405223 3 422
405590 6 312
405781 3 1349
405810 3 104
405894 2 81
406260 1 302
406550 1 118
406870 1 1503
407021 1 454
407325 1 353
407627 1 1108
408076 3 1855
408370 3 332
408483 2 43
408654 1 77
408748 1 864
408936 2 105
410117 3 228
411186 5 1117
411320 2 941
412316 1 371
412472 1 102
412507 1 269
412770 1 297
413052 4 178
413605 1 135
413709 3 128
414044 4 1189
414113 2 302
414131 1 105
414416 2 106
414447 1 427
414806 1 1602
414812 1 117
415001 5 855
415889 1 2057
416001 1 70
416013 2 283
416177 1 485
416451 2 582
416710 3 524
416838 1 892
417231 5 310
417878 4 473
419139 1 100
419522 3 237
419680 2 157
419765 1 78
420116 1 110
420401 3 113
420587 3 926
420862 1 568
420921 2 669
420952 2 123
422110 1 511
422577 27 1013
422826 1 257
423839 2 516
424323 7 637
424451 1 394
424695 10 555
424827 3 514
424843 2 121
424853 1 127
424908 1 414
424950 1 1087
424957 6 379
425137 1 122
425382 11 588
425443 5 169
425455 1 271
426009 3 114
426276 2 71
426403 1 800
426435 2 156
426442 1 897
427264 3 336
427342 4 494
427423 1 1433
427463 1 554
428040 2 582
428110 5 588
428183 1 336
428247 3 762
428289 4 677
429160 3 120
429674 4 134
429688 6 276
429884 1 916
431129 3 513
431130 1 820
432237 2 248
432340 2 102
433078 3 830
433363 1 607
433399 2 336
433540 1 487
433905 1 1344
433930 1 525
433995 1 145
434206 2 427
434253 2 317
434666 3 330
434830 1 369
435202 3 109
436060 1 135
436194 1 773
436331 1 483
436426 1 390
436708 4 1192
436958 1 119
437360 9 242
437566 2 88
438160 2 329
439247 1 248
439352 4 487
440049 3 1043
440177 2 509
440191 2 71
440264 3 77
440391 2 135
440928 1 236
441290 1 208
442807 1 3101
442854 1 171
443081 1 331
443958 2 666
443962 2 280
443964 1 2765
444138 1 2782
444701 3 100
444852 2 1142
445277 1 126
445858 1 95
447031 1 94
447140 1 1494
447698 1 104
447892 1 555
447893 1 1551
447956 1 206
448099 1 837
448345 1 1666
448401 1 473
448665 2 147
448773 4 353
449388 4 755
449610 5 102
449890 1 180
450120 2 110
450293 3 473
450464 6 409
451300 1 779
451322 1 96
451539 4 135
451592 1 435
451750 1 1313
452434 2 347
452698 13 485
453268 1 498
453360 1 137
453605 2 119
453711 1 90
454036 4 695
454151 11 715
454160 2 411
454173 1 454
454607 4 88
454706 1 873
455040 1 288
455572 8 405
455677 1 1044
456152 1 46
456216 2 252
456331 2 191
456332 6 199
456333 1 47
456334 2 97
456335 2 94
456458 2 411
457222 1 107
457949 1 65
458194 22 1069
458591 1 87
458612 1 63
458909 2 77
458920 2 109
459355 1 739
459363 2 134
459383 3 1250
459463 3 2015
460881 1 831
460886 2 205
461115 1 108
461318 6 428
461442 4 405
461656 1 680
461687 4 1086
461992 2 119
462236 2 190
462952 2 101
463069 1 1263
463208 1 897
463301 1 471
463310 3 269
463612 4 117
464146 11 328
464873 7 383
465006 1 503
465048 2 489
465416 1 615
466228 2 169
466366 1 990
466475 2 3188
466780 12 1225
466896 2 197
467090 1 134
467304 1 411
467534 1 523
467553 4 674
467776 1 602
468054 4 423
468100 1 127
468245 1 39
468255 3 203
468539 1 92
468640 1 44
468901 1 105
469009 4 954
469063 3 679
469237 3 267
469476 1 129
469589 1 283
469610 2 109
469757 1 135
470024 21 489
470055 1 446
470099 2 167
470414 2 173
470773 2 133
470993 2 112
471081 4 418
471305 1 132
471307 1 381
471403 3 3677
471477 3 1127
471545 2 267
471626 3 199
472032 1 226
472056 5 474
472374 1 110
472416 2 220
472541 3 1307
472760 1 299
473136 6 646
473814 1 83
474290 3 178
474934 3 121
474970 1 605
475650 3 515
475726 2 176
475741 1 1071
475805 10 682
475969 3 328
476081 2 1060
476128 1 1064
476146 4 647
476166 1 559
476279 1 159
476280 2 137
477099 5 649
477231 1 118
477375 3 400
477396 2 700
477788 1 490
477864 3 627
477885 2 73
478219 2 383
478263 1 223
478362 1 111
478708 2 546
478709 1 864
478926 1 167
479012 3 545
479163 1 90
479174 2 210
479618 2 365
479692 1 104
479755 5 336
479930 1 45
480150 3 753
480492 1 129
480610 4 167
480897 13 762
481410 3 192
481621 3 120
481830 1 1010
481921 4 1095
482451 2 425
482556 1 502
483143 1 161
483253 3 552
483659 1 272
483759 1 2593
483766 2 108
484116 1 272
484235 2 1527
484888 1 100
484959 1 321
485036 8 547
485326 2 614
485446 1 645
485485 8 829
485618 10 795
485631 1 108
485939 2 59
485980 3 311
486024 6 1185
486105 11 1699
486149 4 366
487387 3 178
487406 1 140
487500 4 563
487510 1 398
487690 1 425
487921 2 100
488215 1 502
488379 1 670
488393 1 256
489428 1 360
489738 4 316
490015 2 523
490020 2 444
490092 3 112
490236 1 819
490239 1 1674
490257 1 598
490437 1 414
490685 2 104
490813 4 134
491297 1 128
491551 2 147
491640 1 220
491728 1 87
491844 2 220
491971 2 313
491972 3 942
492103 3 136
492236 2 1279
493497 1 145
493516 1 451
493605 2 909
493765 3 1724
494169 1 87
494197 2 939
494288 3 174
495319 15 689
495323 7 329
495576 1 313
496033 1 384
496179 1 90
496339 4 142
496426 1 824
496533 1 940
496567 1 907
496596 1 2298
496754 1 502
496868 1 110
497106 1 68
497262 2 164
497540 1 474
498176 2 112
498189 1 297
498482 3 202
498664 1 68
498691 12 398
498818 1 227
498859 4 189
498868 3 926
498900 1 348
499044 1 455
499052 2 214
499925 1 431
499930 4 243
499983 3 227
500053 2 160
500567 8 207
501231 2 111
501275 7 936
501277 1 1075
501477 1 91
501966 1 1827
502225 1 326
503196 1 950
503344 1 133
503478 1 121
503767 1 251
504225 2 353
504241 2 423
504330 2 569
504375 2 920
504988 1 462
505160 5 109
505360 1 489
505370 12 259
505372 2 760
505517 2 90
505736 1 284
505907 1 122
505927 4 101
505994 1 128
506016 1 3702
506051 16 456
506105 1 699
506277 2 114
506288 1 470
506338 1 102
506339 2 102
506363 1 358
506635 6 572
506980 1 1371
507079 1 383
507243 10 708
507492 4 966
508229 1 164
508698 2 309
508712 1 312
509144 3 478
509161 1 236
509716 1 1062
509848 7 1176
509849 1 386
510177 1 86
510206 1 610
510348 2 489
510402 3 101
510467 3 469
510514 1 2000
510670 1 380
510693 2 180
510736 1 753
511142 1 515
511532 3 54
511986 1 321
512210 1 431
512345 1 194
512372 2 826
512579 3 473
513352 1 291
513583 3 367
513592 4 279
513685 1 119
513933 3 1044
514646 2 124
514740 1 477
514898 1 100
515749 9 1248
515795 1 1021
516036 2 704
516042 1 700
516145 1 230
516407 2 1642
517022 3 926
517178 3 926
518750 1 740
518864 1 343
518886 1 277
519202 1 98
519764 2 216
519765 3 483
519819 1 476
519865 3 420
519924 1 281
520020 2 503
520297 1 890
520334 1 615
520458 1 744
520568 3 1575
521084 1 461
521198 2 115
521412 4 98
521462 2 281
521639 3 421
521723 1 540
521812 6 204
521987 4 268
522167 7 361
522567 7 182
522571 1 401
522716 1 466
523068 3 96
523103 1 684
523286 1 110
523999 1 1289
524477 1 91
524661 3 91
525147 1 347
525285 1 1386
525520 1 119
525715 1 244
526121 3 85
526978 2 93
527160 1 188
527215 1 334
527427 1 310
527803 1 1821
527900 1 533
528062 2 2803
