1583 1 445
12228 1 801
44033 1 147
45902 2 686
49394 1 26545
50182 5 182
53994 2 4216
55823 4 292
56080 5 511
56081 14 353
56082 9 250
56084 2 348
56089 12 630
56090 10 565
58671 4 272
59076 1 492
61001 2 31
61428 1 593
61625 1 624
62375 1 753
62523 7 105
62621 2 113
64020 4 962
64066 1 534
65466 1 724
65526 4 84
65597 2 456
65721 1 414
65954 3 394
66873 7 86
68101 13 251
71356 1 841
71506 3 92
72484 2 251
73261 1 36
76116 17 649
79925 7 353
81865 3 352
82977 1 2067
82996 1 1136
84179 6 219
85382 3 432
85405 4 402
86026 11 276
87913 1 30
88426 1 577
89711 2 519
90323 2 107
93017 5 539
93018 6 554
93021 12 672
93022 10 706
93609 1 414
93640 1 469
93999 3 44
94585 5 322
94807 10 527
94887 1 363
95157 4 333
95189 6 189
95856 1 543
99554 1 566
100287 5 427
101696 3 255
101823 4 92
102259 10 503
104152 2 37
106906 10 309
107098 7 384
107656 2 223
107974 2 223
108875 1 126
108929 1 274
109883 1 732
112031 5 219
114442 3 213
116025 15 544
116026 12 515
116033 18 691
116793 1 2075
117394 6 195
118263 4 405
120352 6 396
120739 1 276
121344 1 831
125064 3 282
125461 1 748
126707 3 279
127751 7 196
130330 5 158
131901 4 102
133837 1 147
135063 3 603
135086 1 328
136329 1 401
138236 3 159
141498 21 730
143167 11 848
143758 2 493
145058 2 206
146275 5 181
147403 1 434
149267 1 257
150947 1 229
151047 11 354
154834 1 400
157933 1 354
158872 1 444
160762 3 210
161027 1 698
161259 3 316
162201 4 399
163076 1 44
163310 1 311
163325 2 460
164409 1 40
164749 4 481
164772 5 744
165116 2 65
165323 2 48
165550 16 353
165769 5 157
166000 1 606
166543 1 73
166732 5 361
166792 2 153
166800 1 746
169607 2 127
170211 1 45
171215 2 117
173652 17 546
173654 15 568
173657 5 759
173658 4 494
174369 1 1043
175990 2 230
176194 12 686
176396 12 348
176666 2 696
176828 1 145
177844 1 505
181322 3 181
181383 1 88
183915 3 250
184504 12 603
185390 1 70
186121 1 147
186143 6 294
186797 1 57
186807 3 90
186873 1 651
187068 1 102
189794 4 349
189895 4 246
190072 1 156
190192 6 751
190404 2 285
190409 3 84
190416 3 337
190895 1 221
191136 5 683
191579 4 406
192012 1 224
192410 1 774
192840 6 284
193281 3 455
193702 1 781
196646 1 57
196809 4 254
196904 1 1176
198721 1 334
199710 4 144
200137 6 394
200301 8 314
200454 6 276
200568 14 405
200679 7 218
201324 3 1347
202025 4 126
203047 11 493
205777 9 508
209489 6 320
211112 2 103
211156 1 1484
211325 1 756
212299 6 290
212852 5 487
213806 1 130
215292 5 823
215459 4 375
216300 1 343
216392 3 113
216963 1 154
217015 1 883
217867 3 244
217879 9 774
217886 8 648
217888 8 715
217889 5 513
217897 3 496
217901 7 586
217905 7 481
217908 8 754
218028 6 328
218397 4 288
218940 2 295
220088 9 424
220584 1 234
220594 1 233
221546 1 106
221796 4 91
223480 1 360
224235 6 118
224586 4 406
225672 21 375
225951 3 354
225952 1 202
225969 2 48
226182 1 160
226446 2 87
226630 1 317
227304 15 553
227652 1 91
227954 3 117
228054 1 73
228059 5 805
228218 6 175
228477 3 159
228482 1 90
228530 1 316
228967 4 539
229025 1 442
229221 3 108
229469 1 677
230599 5 158
231059 1 48
231519 10 295
231523 6 137
231766 4 122
232020 17 451
232930 19 513
233254 6 121
233439 17 496
234631 4 105
234820 4 83
235058 2 259
236208 17 236
237251 1 130
237370 1 334
238282 3 83
238738 5 662
239293 10 244
240211 3 460
241554 1 663
246726 2 260
248923 7 110
249417 1 460
250781 2 168
254169 4 532
254179 8 733
254700 1 638
255656 3 396
256199 1 369
256627 9 232
258236 4 98
259369 2 220
259745 4 561
260797 1 105
261226 1 486
261975 1 148
262811 1 432
263208 4 90
263359 3 302
265771 1 710
265816 6 25803
265847 9 5294
265854 12 21100
265859 9 5419
265861 9 5419
272476 10 158
273514 3 223
273604 4 1493
273879 9 353
274020 4 252
274029 1 250
274092 1 169
274345 1 544
274454 2 194
274786 2 257
275353 8 136
275370 2 358
275446 7 868
275580 3 115
275590 5 150
278535 11 307
279284 1 645
281484 1 1561
283880 7 199
283956 5 146
283957 5 106
283988 16 545
284077 5 237
284078 14 190
284095 9 227
284217 9 324
284250 5 262
284337 4 104
284446 9 147
284447 4 222
284448 8 149
284539 6 232
284661 4 110
284662 6 252
284855 6 90
284857 9 253
284868 3 208
284943 6 554
285064 16 718
285154 5 68
285170 4 115
285221 9 208
285250 8 283
285286 5 463
285337 16 1036
285351 2 630
285367 9 167
285523 4 69
285713 13 233
285732 10 186
285798 4 133
285799 5 205
285926 3 86
285927 10 273
285928 3 207
285929 3 83
285930 4 83
285954 8 349
286008 3 149
286009 3 217
286011 4 89
286013 6 253
286014 2 270
286048 7 144
286173 9 236
286511 4 288
286525 10 374
287561 4 111
288974 3 640
289247 10 192
289263 10 165
290440 2 15196
290443 4 4140
292858 7 156
296323 2 1261
296701 5 220
297142 8 298
297162 6 431
297255 7 280
297256 7 439
297399 14 631
297462 12 363
297471 6 98
297513 3 374
297606 3 174
301865 9 18367
302710 13 401
303006 13 269
303952 5 188
304005 16 516
304100 8 101
304101 5 107
304102 6 329
304215 8 352
304278 8 305
304446 8 188
304490 7 370
304491 5 166
304579 9 196
304581 5 163
304692 6 483
304702 5 110
304704 3 67
304707 5 273
304708 4 107
304709 5 438
304730 3 93
304742 5 117
304828 4 219
304830 8 256
304955 9 602
304956 3 61
305089 4 83
305090 4 180
305312 15 985
305317 3 84
305318 8 428
305319 4 89
305427 2 113
305428 8 180
305429 6 208
305432 5 117
305433 4 104
305435 7 493
305439 4 89
305464 7 289
305503 8 197
305551 2 183
305555 5 228
305556 3 179
305557 9 126
305559 5 118
305561 6 98
305574 3 114
305589 8 302
305631 5 243
305732 7 194
305784 4 88
305830 5 80
306069 5 1243
306070 4 820
306074 6 592
306076 10 400
306752 3 130
308186 3 36306
308350 1 795
308947 10 16976
309001 10 16976
311354 5 130
311832 3 754
315425 13 220
315820 17 350
315821 6 150
315825 12 221
323597 7 352
323631 6 153
323642 5 112
323671 3 136
323679 10 471
323680 17 470
323717 11 549
323718 5 106
323787 4 365
323795 12 377
323825 12 377
323909 7 240
323978 3 67
323997 5 231
324056 1 360
324087 5 314
324091 4 121
324099 12 635
324148 9 291
324153 5 162
324228 5 186
324229 5 91
324242 8 172
324350 3 235
324352 11 255
324353 5 229
324356 6 365
324359 6 113
324362 8 93
324363 11 171
324367 3 194
324368 6 148
324457 5 163
324467 16 263
324486 8 736
324579 7 96
324583 15 264
324584 11 180
324585 8 322
324661 6 198
324876 8 668
325624 1 4590
326129 1 67196
327386 9 3284
327394 2 22044
327409 5 3377
328136 1 893
335232 7 499
335351 6 477
335378 10 204
335390 15 264
335509 12 251
335587 10 177
335598 7 182
335599 10 233
335601 20 490
335602 13 233
335709 1 53
335710 10 368
335711 12 449
335743 4 101
335785 6 120
335787 5 84
335797 8 192
335828 10 200
335830 4 87
335831 21 355
335832 11 214
335914 4 187
335915 16 461
335916 9 252
335917 17 446
335949 28 364
336017 5 95
336049 20 270
336050 14 261
336051 8 148
336053 10 323
336072 7 322
336167 28 794
336260 5 332
336324 4 341
336326 12 671
336438 9 304
336504 7 121
336601 3 100
336603 4 366
336651 4 140
336889 4 125
336944 20 301
339075 3 951
340162 1 1186
345519 4 281
345534 8 136
345536 6 102
345562 9 371
345712 10 151
345722 7 384
345792 10 151
345793 5 116
345795 7 230
345796 13 450
345797 8 359
345798 2 526
345799 3 337
345940 16 354
345942 9 715
345944 7 120
345954 1 139
345992 4 263
346059 4 181
346060 6 240
346062 5 82
346158 5 84
346443 12 250
346446 13 182
346447 8 191
346448 5 285
346521 6 106
346522 5 110
346524 7 256
346544 6 223
346545 20 314
346638 6 202
346642 8 300
346661 4 162
346732 22 675
346748 3 340
346833 9 217
346882 16 557
346960 6 292
347039 12 330
347040 10 196
347042 10 234
347043 7 196
347044 15 222
347045 19 393
347046 12 204
347047 4 120
347050 13 225
347077 10 348
347126 9 322
347138 11 392
347148 5 104
347247 6 161
347248 8 177
347250 10 199
347251 6 216
347252 8 153
347253 2 62
347443 17 483
347444 9 205
347556 6 133
347558 4 95
347650 4 308
347651 5 387
349186 7 391
349188 4 285
349414 21 363
349829 1 2300
350050 2 2984
350454 7 4709
355071 1 4735
358148 8 115
358297 7 186
358298 10 299
358299 7 163
358300 7 128
358354 15 520
358355 7 214
358360 5 227
358380 2 238
358425 5 2399
358624 10 342
358625 4 204
358657 10 653
358747 23 712
358798 9 225
359479 5 3524
359952 6 201
360109 9 209
360118 1 1136
360850 6 255
360865 6 255
361309 2 935
363579 6 255
366054 4 144
366207 6 100
366208 7 244
369057 7 197
369484 4 214
369485 3 100
369486 8 264
369487 9 227
369489 7 198
369490 6 183
369619 5 203
369621 14 226
369622 6 86
369623 6 98
369624 13 271
369626 10 288
369627 18 442
369628 9 232
369629 8 200
369630 12 215
369700 5 270
369705 5 182
369709 6 106
369779 9 311
369814 5 505
369818 8 169
369936 6 513
369937 15 224
369939 4 117
369940 22 286
369941 4 145
369942 13 318
369943 8 470
370031 1 314
370052 4 679
370230 5 167
370297 7 202
370301 13 470
370387 6 313
370455 5 123
370456 5 337
370458 13 366
370554 34 965
370584 10 285
370632 6 107
370773 11 185
370783 11 220
370814 4 94
370839 23 736
370966 15 257
370971 11 291
370980 4 1655
371215 5 250
371216 8 168
371217 5 371
371221 1 529
371229 10 327
371238 16 324
371317 12 242
371342 3 101
371400 15 301
371438 12 524
371439 4 263
371441 8 909
371488 2 284
371517 5 143
371599 8 229
371606 4 737
371628 2 937
373667 7 537
374148 1 924
374978 9 4182
378645 7 177
381817 9 204
381820 12 251
381990 3 3050
381992 12 540
382003 6 2295
382066 21 459
382073 5 169
382217 3 218
382219 4 121
382502 4 126
382578 14 1216
382589 5 192
382722 18 541
382881 22 855
382916 15 1433
382983 7 137
383075 9 724
383157 7 237
383314 4 234
383363 8 156
383484 18 280
388507 7 89
391660 4 172
391664 15 309
391731 11 590
391739 11 456
391740 10 179
391773 12 630
391883 7 161
391901 9 446
391975 9 700
392086 19 574
392170 6 167
392174 13 344
392175 4 105
392176 8 184
392177 14 417
392178 2 420
392194 4 112
392195 5 135
392300 11 313
392303 4 111
392381 8 117
392382 12 251
392496 3 111
392597 5 269
392684 7 204
392757 6 178
392839 6 469
392946 10 436
392970 7 93
393001 4 111
393107 10 198
393112 11 213
393113 10 152
393114 15 197
393121 9 145
393145 8 249
393147 9 347
393203 6 333
393332 5 284
393354 11 151
393396 8 134
393397 4 86
393442 14 229
394898 1 26758
395407 14 271
395455 4 130
395983 1 1484
396080 18 384
396581 6 215
396628 1 803
397953 1 945
398404 1 391
398635 6 423
399099 2 208
400434 1 123
400847 9 633
400913 1 17082
402918 1 645
403172 12 605
403350 1 516
404975 1 288
405790 1 2995
406454 1 421
408258 1 1536
408498 3 1152
408503 5 371
409194 1 856
410047 12 1755
410838 1 398
410908 1 538
411353 2 654
411773 1 70
411940 1 305
412554 1 414
413235 1 140
413809 1 270
414825 1 685
416198 11 534
419663 1 907
419788 1 585
420775 1 538
420833 1 264
422493 17 671
423153 1 417
423611 1 390
423813 1 809
423814 1 1284
423972 1 348
426210 1 506
427899 1 363
428463 2 1920
430677 1 1894
431304 2 166
431336 1 1959
431823 6 570
432484 18 1556
433570 1 552
433591 1 200
433695 5 2209
436475 4 2065
440212 2 663
440273 1 732
440323 1 1819
440805 1 338
441005 1 2361
441467 9 1067
441533 1 5725
441991 5 277
443168 1 1191
445834 2 311
448572 1 296
448970 4 393
449380 1 390
450424 11 920
450530 6 160
451698 3 753
451806 5 3345
451886 1 1329
454233 1 615
454705 1 628
454799 1 343
456558 6 370
456593 1 830
456633 1 604
457134 2 485
457274 6 685
458394 1 368
459359 5 651
460909 9 157
461407 1 102
462402 6 127
464029 2 615
464145 2 471
464473 1 781
464780 15 1046
466159 1 143
466219 2 678
466227 3 1232
466240 3 1239
466687 1 798
467899 1 862
470308 2 363
470938 1 445
471983 1 159
473023 7 1347
474305 9 1015
474388 1 495
475140 1 583
475779 2 366
478802 10 724
481891 1 519
482735 2 1122
483685 1 973
483755 1 2496
484875 12 185
491251 1 783
492813 1 332
493287 1 1188
493294 5 371
495083 1 470
496113 13 380
496559 1 484
497055 1 360
497730 1 531
498418 1 206
499100 1 1047
499250 1 348
499345 1 554
499438 1 1496
500174 2 82
500535 17 358
501334 8 147
501604 1 723
501611 2 824
501998 1 1064
504143 1 450
504439 4 850
505962 1 109
507221 2 766
507917 7 401
508685 1 1810
509689 23 739
509714 3 788
510153 4 93
511314 1 1032
511923 1 902
512147 10 468
512243 2 558
513024 1 473
516082 15 368
519402 1 960
519782 1 546
520484 4 615
521095 1 323
521941 17 883
525651 4 646
525989 5 1589
526861 1 119
526953 1 761
527389 1 852
527438 1 91
527803 2 1821
527823 1 462
527875 1 955
528039 4 228
528080 1 240
528139 3 118
25603 5 556
28360 1 607
34722 1 13257
41407 2 321
44138 1 530
52214 1 64459
55683 1 182
55763 1 575
58970 1 694
59167 1 554
61374 3 461
62049 1 698
62743 1 363
62759 1 363
63146 2 794
64019 1 720
64020 1 962
64032 1 697
64151 1 674
64619 1 749
65878 2 953
66924 1 757
67083 1 750
67938 2 593
70056 1 92
71356 1 841
71580 1 472
72648 1 320
73650 1 1062
74380 1 765
75473 2 1109
76194 2 747
76198 1 288
76530 1 463
80609 1 281
80766 2 817
80994 1 198
81359 2 707
82177 1 321
82209 1 587
82996 1 1136
84328 2 441
85353 1 293
85382 1 432
87988 1 335
88288 1 107
91247 1 264
91806 3 340
93087 1 324
93089 4 716
93352 1 73
93511 2 397
93640 1 469
94135 3 442
94887 3 363
95102 2 310
96914 11 692
97580 1 523
99554 1 566
99681 1 401
100195 2 109
101848 4 436
102151 1 455
104739 1 432
104740 1 228
104909 1 368
108929 1 274
112296 2 228
115382 2 347
115900 1 184
119660 2 408
121278 1 120
121344 2 831
124053 3 226
126140 1 423
126697 3 453
127012 1 138
128998 1 444
129034 3 466
130725 1 669
137082 3 788
138746 2 478
140397 2 654
141017 2 173
141023 1 575
142814 2 552
143285 1 575
145454 3 493
146291 4 484
148317 1 447
150416 4 459
150596 1 395
153187 1 502
155689 1 342
157441 3 553
158872 3 444
159199 1 445
161027 1 698
162713 1 354
163559 1 154
167021 1 307
167801 5 550
173031 1 492
173835 2 153
175080 1 848
176530 1 564
177840 1 242
178078 1 476
179198 1 356
179693 15 699
187569 1 441
189376 1 629
189392 3 805
191626 1 801
192035 1 543
193702 1 781
195417 13 413
196904 2 1176
197029 1 867
197043 1 542
198368 2 770
199397 1 212
201992 1 93
202458 4 626
203190 1 256
203478 1 528
208219 1 469
209303 1 556
210929 1 145
211325 2 756
213182 1 369
214197 3 458
218283 2 639
219122 1 284
219998 2 125
221437 2 389
223500 1 588
223525 1 733
223827 1 540
225843 2 513
229031 1 655
229790 2 693
230286 1 184
230878 1 852
235039 1 297
237391 2 379
238255 1 102
240511 4 325
241866 5 426
243751 1 78
246211 7 651
246892 3 640
249338 3 391
249404 2 725
254700 14 638
254706 2 408
255585 3 464
256354 1 71
257673 1 777
259572 1 367
259597 3 333
260972 1 5560
262811 3 432
263652 2 82
264615 1 466
264821 1 453
265275 1 543
265928 1 654
265995 2 1841
266498 1 252
266499 1 429
267849 2 492
268210 1 459
268303 2 6782
268349 1 459
268529 2 318
268530 1 217
269160 2 198
269686 1 1787
269996 2 6852
270396 2 307
270511 1 3250
270575 3 524
270601 1 261
270890 1 2870
270996 1 1932
271529 1 262
271606 1 210
271770 1 650
271915 1 443
272003 2 5868
272462 1 605
272530 1 448
272728 1 468
273001 1 912
273206 1 1499
273354 1 2901
273676 1 243
273769 1 931
273974 1 380
274240 1 235
274274 1 1661
274934 1 205
274986 1 498
275149 1 2072
275245 1 130
275288 2 278
275323 1 130
275375 2 278
275412 1 1792
275497 3 855
275594 1 535
276416 1 1052
276627 1 660
276740 3 644
276911 1 411
277379 1 729
278594 1 1281
278640 1 429
279749 3 3390
279750 3 1103
279798 1 907
280619 2 11500
282016 1 104
282828 1 307
284288 1 299
284833 1 398
284943 1 554
284986 1 234
285722 1 223
286014 1 270
286150 1 92
287133 2 684
287144 3 674
287259 1 281
287343 1 591
289840 2 1890
290200 1 2443
291222 1 1040
291990 1 88
292678 1 368
292746 6 3411
293613 4 3261
294670 1 231
294998 4 2354
295354 1 508
295873 3 3378
296323 1 1261
296541 1 1198
297813 1 1661
298532 1 1224
299136 1 1192
299223 1 181
300412 1 591
301091 1 938
301865 9 18367
302124 1 572
303402 1 368
303734 1 25485
304692 1 483
304725 1 3369
305001 1 433
305275 1 583
305427 1 113
306070 1 820
306074 1 592
306142 1 359
306237 1 26903
306417 3 885
306627 9 3948
307430 1 882
307694 3 323
308186 2 36306
308349 2 484
308350 1 795
308365 4 3266
308585 1 1580
308593 1 1045
308723 3 887
308959 1 4556
309090 1 249
310318 1 387
311166 1 837
311578 1 570
312262 1 582
312310 1 292
312695 1 2021
314246 2 1018
314640 1 197
314908 1 180
314950 1 180
315147 1 282
315178 1 110
316734 1 466
320247 3 10051
320261 1 419
320657 3 317
320858 1 380
321508 1 288
322361 1 293
322698 1 546
323671 1 136
323717 1 549
323875 1 868
323926 3 338
324052 1 1029
324056 1 360
324266 1 299
324367 1 194
324484 1 373
324650 1 544
325603 2 643
325624 1 4590
326129 7 67196
326378 4 827
326980 1 5042
327386 1 3284
328344 1 118
328485 1 2384
330214 1 359
332540 15 266
332714 1 4448
333036 1 461
333308 6 493
333451 2 1644
333904 1 417
334155 1 2864
334644 7 3473
334751 2 781
335239 1 568
335241 1 94
336167 2 794
336298 6 619
339075 1 951
340702 1 266
343840 1 220
343982 2 167
345859 1 447
345888 3 784
346231 1 306
346512 1 718
346642 1 300
347659 1 341
348039 1 1250
348073 1 1326
348124 1 560
349829 1 2300
350050 1 2984
350239 1 226
351670 2 142
353008 1 249
355619 1 212
356689 1 572
356692 1 363
356784 2 896
357467 1 160
358074 1 497
358200 1 5800
358228 2 258
359028 3 119
359064 3 289
359152 1 9815
359379 2 175
359476 3 1356
360118 1 1136
371079 4 1113
371217 2 371
371221 1 529
371438 1 524
371488 1 284
372377 1 802
372453 1 331
374013 5 3129
374148 1 924
374300 3 3673
380703 1 2085
385445 1 1685
385486 1 6673
392946 1 436
393550 7 30891
393614 1 4956
393673 1 10585
394898 1 26758
395636 1 2207
395789 1 104
396245 1 2230
396253 1 881
396599 2 1210
397334 1 533
398381 2 686
398646 12 655
399140 2 393
400434 1 123
400699 2 1302
400913 2 17082
402679 6 505
403134 1 1014
403448 1 696
405790 1 2995
406180 5 1559
406454 1 421
406631 1 369
407285 1 792
410528 2 1069
410850 1 1067
411174 1 1269
411246 1 1340
411486 1 1423
411665 1 686
411773 1 70
412946 1 105
413484 1 680
413753 3 730
413809 1 270
414511 1 429
414825 2 685
415160 2 821
415613 1 1168
415838 2 1115
415981 1 719
416469 1 777
417640 1 454
418391 1 1291
418890 1 1545
418923 3 410
419788 2 585
420005 4 1376
420793 4 1101
421117 3 482
423153 1 417
423814 1 1284
424749 3 538
425989 1 674
427899 1 363
428040 1 582
428061 1 426
428463 4 1920
428644 1 707
428872 1 611
428875 1 459
431720 1 381
432593 1 518
432915 2 363
433570 1 552
437127 4 506
438074 2 497
439149 1 696
439828 3 458
440212 1 663
440273 2 732
440323 2 1819
441064 3 142
441467 1 1067
441880 1 489
442760 3 432
443168 1 1191
443170 1 331
443405 1 818
443548 1 141
443585 1 397
443772 2 403
444785 1 610
445602 2 345
445834 1 311
446754 1 580
446825 1 378
447140 1 1494
447523 1 427
448183 1 561
452506 2 101
453267 1 474
454209 1 576
454233 1 615
454399 1 120
454525 1 847
454705 1 628
454785 1 505
455438 1 507
455697 2 628
456593 1 830
457103 1 528
457643 1 34
459078 6 875
459279 1 141
459359 1 651
461222 2 387
461361 1 515
461667 3 1320
463035 7 1129
464029 1 615
464473 1 781
466687 1 798
466706 1 354
467899 1 862
468452 3 205
469154 1 1423
469221 1 360
471403 2 3677
471983 1 159
472059 1 1683
472501 1 477
473023 3 1347
474305 12 1015
475764 3 877
478221 1 518
479171 4 909
480698 1 971
481083 1 140
483106 4 515
483685 1 973
483686 1 1042
483755 2 2496
483885 1 445
484012 3 281
485781 3 268
486147 1 68
488341 2 784
488489 1 476
488671 1 427
490677 1 1142
490944 2 74
491251 1 783
493455 2 333
493763 16 1770
493951 1 175
494546 1 448
496559 1 484
497055 1 360
497569 1 517
497730 1 531
498032 1 119
498418 1 206
499438 1 1496
499776 2 1070
501271 1 132
501316 1 385
501604 2 723
501611 1 824
501635 1 699
501998 1 1064
502919 1 568
504322 2 757
504370 1 835
504509 1 683
504697 1 1390
509614 1 896
509759 12 766
511314 2 1032
511472 1 1232
511911 1 675
512126 1 383
512294 3 915
512852 3 2033
513925 1 470
514144 1 330
514330 1 555
515399 2 122
516404 1 857
517648 2 959
517763 1 840
517994 1 1305
520484 1 615
521095 1 323
521842 1 97
523207 3 1568
524061 1 441
524743 1 467
525344 1 609
525490 1 3033
525670 1 54
525810 1 157
526845 1 1077
527503 1 68
527823 1 462
527826 1 546
527927 1 1361
527931 1 1337
528093 1 335
87911 1 421
99947 1 713
100935 2 710
110857 1 351
115900 1 184
127543 1 387
138746 1 478
148001 2 594
153288 1 832
163363 1 200
167116 1 351
173037 1 513
177718 1 571
180647 1 531
188429 1 825
190774 1 1099
191490 1 603
198707 1 388
203096 1 524
206908 1 839
207400 1 377
209508 1 821
212212 1 509
237367 1 316
240220 1 459
260212 1 188
264614 1 429
264820 1 416
275257 1 308
279750 1 1103
298558 1 373
347356 1 355
383720 1 206
393243 1 1496
395711 2 2234
398378 1 732
398657 1 623
418920 1 245
420965 1 617
421737 1 518
423814 2 1284
438893 1 1775
441139 1 325
444755 1 843
453774 1 497
471403 1 3677
482584 1 715
483653 1 1992
485876 1 482
487871 1 537
488821 1 569
490589 1 596
495827 1 483
497291 1 354
505143 1 416
506107 1 474
525415 1 385
526159 1 474
