14 2 439
30907 1 625
36418 1 463
46109 3 512
49994 12 371
55884 1 843
56829 1 152
57669 1 322
65415 14 631
70577 1 731
71225 14 749
72046 1 68
72167 1 142
74763 1 187
76662 1 2416
76663 1 2219
78890 8 774
80271 8 206
82360 1 190
82602 1 445
83414 4 100
83603 1 662
89660 1 684
92659 1 769
92861 1 629
94499 1 875
94577 1 691
105310 1 178
109154 8 361
109916 1 360
110573 1 174
111290 1 995
112107 8 445
112480 1 493
113624 1 499
115277 2 406
116266 1 817
118852 3 988
119086 2 417
120188 3 657
121079 2 249
128100 1 758
132190 1 295
132307 1 581
132747 1 833
133129 1 715
135935 2 353
136275 7 424
142141 2 7912
142435 1 826
142980 2 564
159847 13 829
161130 6 561
162172 5 2378
162488 13 811
162799 3 214
163710 2 684
163917 4 98
164230 1 273
164339 10 211
165431 1 707
165541 2 251
165744 1 261
166563 4 93
166994 11 306
167484 1 167
168052 6 328
170401 5 125
170849 7 244
171794 1 309
173079 1 275
173083 1 164
174037 1 249
175908 1 621
176606 1 517
176607 3 316
176881 4 247
177303 4 330
177523 2 249
177528 3 307
177637 3 275
177667 1 277
177760 4 551
178322 10 637
178527 3 529
181759 8 236
182692 2 197
182709 2 103
183393 12 338
183723 1 630
184160 6 236
184629 13 381
184656 7 655
185081 5 86
188070 1 573
190601 1 167
193663 1 471
193665 1 850
197165 1 169
199032 1 338
201128 1 226
202142 2 257
202499 2 169
206761 2 655
207602 1 72
207734 1 647
207828 2 325
208750 1 77
211698 2 595
212575 1 68
213042 3 189
213148 9 474
213529 1 265
215983 7 205
215985 7 445
216690 2 299
216962 1 118
217225 1 299
218019 8 773
218238 1 106
218932 1 301
218946 7 326
219169 1 543
219244 11 775
219593 4 418
220091 2 609
220128 5 394
220291 2 162
220314 1 322
220341 1 50
220469 1 278
220599 3 317
223226 1 487
223357 1 357
223642 1 379
223669 14 490
223677 1 398
223692 8 770
223693 6 456
223695 10 684
223767 1 489
223769 2 257
223942 1 321
226960 9 499
228329 2 495
228408 2 241
228763 2 353
228791 4 531
228802 6 680
229765 3 598
229801 1 1448
231671 1 175
231761 2 289
232071 2 626
232731 1 754
234437 2 573
235970 1 235
236168 1 311
236214 1 295
236726 4 185
239035 1 132
240885 1 154
241172 1 264
241180 4 166
241494 1 114
242674 1 600
242790 1 650
242952 3 84
243360 4 309
244789 1 148
247127 1 808
247527 1 282
247571 2 175
247671 1 295
248392 1 467
248962 10 652
248963 8 336
248964 1 496
248970 5 535
249958 1 204
250325 1 6286
250403 1 256
251174 3 683
251178 1 686
251184 1 736
251262 4 711
252372 1 601
252618 1 624
253467 3 393
253481 1 481
253529 8 340
253610 2 557
253613 1 567
253857 3 123
254762 1 598
255428 1 740
255622 1 55
255867 1 543
257031 2 244
257109 1 56
258670 5 273
259371 1 1300
260082 7 565
260083 1 539
260086 1 539
260088 1 611
260225 1 72
261691 1 246
262250 4 542
262483 2 129
262965 2 194
263928 4 224
264188 1 361
265810 11 16729
265827 5 851
265845 5 17259
271273 1 143
271419 3 131
271472 7 135
271473 7 259
271523 1 591
271524 2 422
272010 4 98
272205 1 1661
272224 1 490
272671 9 4397
272685 1 142
273007 9 256
273008 5 396
273305 1 333
273368 1 262
276078 1 5007
277672 3 172
289682 2 777
289734 1 4107
290440 1 15196
290466 4 7226
291276 1 375
293743 7 1605
294090 2 3338
294098 1 1903
294353 1 338
294354 6 142
295527 2 626
295562 3 103
295564 30 2044
295828 22 2091
298411 1 3213
300877 1 971
306237 6 26903
306666 3 1173
308905 1 4556
308907 3 13313
308919 2 13545
308953 13 14138
308959 1 4556
308961 3 13313
308973 2 13545
309007 13 14138
310256 1 425
312383 3 3321
312416 40 1563
312417 7 1051
312831 16 1017
312852 3 103
313461 4 146
314045 8 961
321975 1 2794
323981 1 667
326105 1 669
327384 5 19585
327394 1 22044
331786 11 722
332046 3 625
332346 2 129
332787 1 240
333225 1 4023
333672 1 2618
333773 5 117
333907 11 394
334210 10 1620
334468 3 382
347323 1 455
347408 2 782
347837 1 63219
350449 1 14072
350466 35 664
351380 4 153
354582 1 170
354805 17 426
354807 11 254
355072 19 6755
355154 7 568
355283 4 446
355350 7 145
355382 9 3387
355470 3 317
355712 8 199
355855 7 483
356137 1 1150
356428 2 117
356461 9 530
356481 9 530
356484 1 2925
356488 1 2924
356661 14 414
356995 8 255
357032 11 391
357034 5 362
357035 12 433
357236 5 107
357318 12 211
357380 15 2253
357505 1 242
357777 2 197
357780 6 172
357962 6 487
357963 4 428
357965 4 102
358058 14 606
358059 12 353
358393 1 6679
358394 1 5252
361105 9 4143
361301 1 553
369429 1 320
374399 1 3264
374974 3 12901
375011 39 964
378879 10 284
379293 6 131
379493 3 132
379494 11 378
379861 2 111
379952 12 3817
380051 3 948
380114 4 115
380115 8 277
380116 6 120
380198 8 150
380534 21 2824
380815 1 178
380823 9 604
380884 8 220
380885 5 101
380984 22 427
381064 5 534
381065 9 511
381364 12 275
381365 4 722
381388 5 228
381392 9 2365
381527 12 502
381723 5 118
383986 4 2003
393646 1 2442
394898 1 26758
395765 1 458
401189 1 1328
415853 16 1082
421197 3 676
421456 2 29
427412 16 371
428987 1 618
444411 2 60
455901 3 901
461807 2 198
461845 5 801
463922 11 961
467366 1 854
471287 7 419
471619 2 1288
474166 9 438
491237 2 1374
505066 1 328
509909 1 702
512764 4 2651
514227 1 630
514598 1 1158
515144 1 2782
523530 1 2257
10 3 491
14 9 439
20 11 496
294 31 359
455 6 18030
644 5 348
1195 15 264
1625 2 251
1646 4 55438
1661 3 569
1663 2 611
1993 32 5311
1994 32 5305
1997 3 528
2007 17 467
2013 616 10046
2596 6 618
2598 2 366
2600 8 430
2601 7 465
2602 2 430
2641 8 17392
2982 3 345
2985 3 296
3158 3 1836
3258 3 334
3259 4 335
3544 1 271
4064 6 3618
4137 10 16130
4338 1 16989
4411 3 196
4650 1 93
4766 8 440
4779 13 382
5788 2 374
6367 17 17463
6588 1 392
6905 4 202
6968 13 5837
7084 2 503
7472 1449 25628
7890 5 497
7892 1 102
8148 5 17754
8430 11 501
8436 30 991
8437 3 964
8441 1 298
8737 16 200
8748 13 425
8749 6 391
8756 9 538
8759 6 514
8760 21 497
8766 3 416
8767 39 457
8768 8 470
8769 4 185
8770 13 476
8771 8 405
8773 8 443
8774 19 434
8775 22 305
8778 17 501
8781 14 352
8782 6 439
8783 5 338
8787 13 483
8789 15 467
8801 3 264
8802 4 307
8803 4 462
8805 6 520
8806 4 460
8808 16 368
8811 3 439
8848 16 239
8849 4 169
9239 10 380
9240 12 401
10096 2 531
10304 1 472
11445 2 252
11450 2 461
11650 538 8848
12033 16 577
12362 2 569
12377 26 445
12709 14 20008
12985 22 7361
13520 2 678
13536 10 267
13912 6 17501
15012 1 6149
15558 11 509
15561 2 735
15563 6 937
15691 4 271
15796 1 364
16533 1 482
17063 11 867
17693 25 642
17698 21 183
18197 2 320
18198 3 348
18199 1 457
18673 1 483
19076 1 362
19078 1 387
19081 5 361
20212 3 274
20215 9 204
20719 6 309
20802 2 368
21459 22 16007
21614 11 32241
22895 5 454
23287 2 556
23288 9 231
23742 2 354
23743 1 424
23820 6 153
25610 294 5009
25656 3 15042
26354 16 583
26447 9 372
26449 15 421
26494 6 606
26678 4 411
26931 2 453
26973 2 481
26977 2 388
27424 4 13034
27687 3 370
27831 3 580
27835 4 581
27917 2 526
27926 1 321
28183 1 340
28201 3 256
28292 10 376
29207 1 527
29937 2 253
30321 2 252
30323 2 418
30326 11 474
30327 2 359
30328 7 478
30441 5 450
30443 17 640
30444 3 254
30973 6 738
31236 3 291
31237 6 607
31454 8 523
31629 8 21435
33084 22 1009
33349 2 378
33353 14 513
34066 2 303
34136 1 297
34246 8 19523
34806 2 550
34811 432 5799
34814 26 712
35114 1 5397
36418 5 463
36498 4 20156
36545 2 415
36802 1 29903
37428 17 518
37844 15 431
37846 10 203
37899 7 3409
38664 1 2869
39071 9 228
39630 2 423
39633 29 1051
40109 2 325
40111 1 263
40296 7 701
40373 6 453
40374 1 485
40488 1 484
41353 11 490
41763 3 384
42011 1 393
42690 2 378
42915 2 290
43261 7 300
43640 16 18238
44172 30 665
44465 2 382
44908 10 400
44911 1 412
45244 319 5086
45872 10 15512
46109 13 512
46493 1 620
46606 2 531
46953 7 430
46954 1 396
47106 3 274
47107 7 276
47587 4 402
47796 1 434
48479 16 960
48480 23 863
48489 2 513
48491 29 732
48970 1 197
49394 22 26545
49918 14 662
49921 21 589
50682 2 32839
51236 2 335
51331 329 184510
52214 126 64459
52642 289 6414
52678 5 15365
53001 13 438
53003 5 206
53158 8 586
53159 2 417
53317 14 5949
53548 25 688
54527 7 19068
54799 408 6492
55371 190 52248
55372 1 100383
55375 1 40486
55884 4 843
55913 2 141
56092 3 548
56093 3 644
56097 5 403
56100 6 543
56454 18 216
56829 4 152
57393 5 610
57745 12 294
57946 3 769
58380 1 133
58509 1 134
58565 5 322
58688 1 338
59292 3 1188
60007 46 774
61684 38 575
62083 19 293
62329 1 263
62365 4 87
62977 11 237
64661 9 281
65405 15 234
65533 4 304
65645 1 146
66119 7 297
66375 4 1288
66924 2 757
68202 15 183
69597 1 72
70310 7 369
70557 8 85
70971 15 457
70972 3 181
71848 3 398
71850 7 210
71983 2 281
72571 7 231
72823 4 190
72876 3 1354
72967 7 140
73038 9 1173
73079 14 229
73099 4 183
73201 11 146
74645 2 511
74763 1 187
75785 14 121
76274 3 1037
76662 3 2416
76663 3 2219
76985 4 104
78646 4 365
78890 4 774
80026 4 291
80051 3 530
80539 12 157
80791 1 248
81259 1 60
82190 3 613
82360 6 190
82602 20 445
82977 1 2067
83074 27 559
83140 16 319
83421 1 159
83556 11 231
83581 3 768
83582 3 496
83583 7 668
83585 6 583
83588 20 438
83590 4 686
83595 2 524
83598 2 923
83603 2 662
83908 20 202
84104 5 556
84718 36 666
84882 12 291
85185 5 317
85479 21 163
86792 14 124
87222 3 269
88055 12 111
88351 12 108
88633 7 175
89660 1 684
89685 8 79
90592 5 1449
90887 6 326
92323 4 53
92466 7 54
92675 5 33
92780 6 67
93194 14 191
94727 8 196
94862 22 254
97144 18 284
97388 2 242
99730 3 233
100260 7 125
100656 17 301
100749 7 144
100765 2 75
100945 5 449
100953 8 622
101733 14 231
102891 6 78
104028 2 243
105310 5 178
105413 1 307
106220 41 912
107131 2 138
107238 10 379
108713 2 364
109450 2 661
109467 16 132
109916 14 360
109945 2 274
110573 5 174
111219 1 166
111561 3 218
111784 2 176
112073 7 312
112480 1 493
113507 5 219
113622 6 525
113624 4 499
113627 1 575
115277 3 406
115718 12 570
115834 3 214
116244 56 714
116245 32 576
116266 24 817
116268 4 1260
116529 15 260
117484 6 288
118493 4 292
118849 7 1196
118852 11 988
119056 4 322
119086 3 417
119411 3 315
119468 1 432
119757 12 955
120085 15 399
120452 6 964
120454 3 371
120481 14 191
121079 1 249
121521 8 63
121754 22 436
122536 2 1120
124444 7 362
124491 13 415
124549 11 271
124711 1 895
124752 32 578
124816 13 232
125026 13 217
125797 1 683
125858 21 251
126004 22 300
126741 16 239
128140 19 216
128608 2 228
128787 18 327
129115 9 176
129453 23 312
129536 2 824
130229 3 214
130230 5 278
130232 17 287
130495 9 350
130507 9 351
130602 1 231
132190 27 295
132212 1 184
132307 36 581
132747 6 833
132749 3 1199
132816 14 235
132848 21 272
133129 5 715
133226 7 200
133271 4 189
133390 1 311
133843 2 219
134122 15 214
134173 3 280
134921 6 410
135005 5 642
135341 12 417
135935 3 353
136518 7 221
136539 14 260
136601 1 226
136605 2 283
137934 15 173
137943 18 197
138218 1 332
138364 1 159
138786 2 323
138890 3 317
140286 5 64
141839 3 237
142141 1 7912
142198 2 259
142327 1 820
142429 8 206
142583 4 530
142711 4 583
142980 31 564
143025 12 947
144590 2 458
145093 1 514
145813 1 428
146145 28 377
146451 7 601
146706 3 90
147952 16 141
148065 7 67
152503 20 245
153066 4 445
153183 46 803
153559 5 259
154855 10 213
156560 4 61
156746 4 422
157712 6 205
158566 3 653
158567 14 620
158574 1 540
158577 42 680
158578 3 714
158766 1 72
159252 8 190
159759 1 738
159819 1 276
160067 3 78
160733 3 173
160950 8 113
162172 1 2378
162488 1 811
162799 1 214
163550 6 587
163710 45 684
164230 2 273
165272 11 191
165347 24 379
165431 34 707
165434 22 398
165441 5 251
165492 30 453
165493 16 239
165494 42 729
165496 29 585
165537 24 448
165541 14 251
165640 1 289
165699 9 92
166724 1 131
167382 2 181
167979 8 75
169503 44 779
169689 1 217
171794 16 309
174037 3 249
174668 26 387
174954 6 164
176606 1 517
176607 2 316
176804 3 606
176843 2 474
177049 7 78
177061 3 59
177206 1 262
177618 7 70
177667 1 277
177706 9 619
177708 4 561
177714 9 732
177715 1 683
177727 14 625
177730 3 777
177760 3 551
177876 5 102
177996 4 1205
180028 4 624
180272 12 538
180356 23 367
181734 17 278
182410 1 458
182413 7 605
182416 3 680
182782 3 709
182884 5 110
184408 6 1059
184547 18 264
184549 19 336
184566 24 335
184610 21 360
184660 3 981
185116 1 191
185591 24 474
185801 4 431
185889 1 137
186506 10 154
187240 1 225
187280 16 183
188070 13 573
188299 1 48
189113 18 266
189313 11 167
189663 1 395
190592 6 245
190601 11 167
191411 2 93
191940 10 133
192539 4 90
193660 11 634
193663 34 471
193665 9 850
193900 1 213
194454 3 207
195237 1 399
197164 4 266
197165 5 169
197536 3 76
198018 14 212
198861 3 166
199032 5 338
199039 28 737
199297 2 234
199359 10 206
199400 6 103
201378 5 404
201413 26 226
201954 4 497
202142 1 257
202499 1 169
203552 1 277
203995 24 260
204467 4 90
204847 19 303
204972 2 158
205129 6 213
205477 13 256
205865 42 695
205942 10 146
206121 17 251
206386 8 272
206761 6 655
207443 1 113
207540 1 238
207734 3 647
207828 1 325
208750 2 77
208795 11 141
209279 7 344
211359 2 554
211488 9 317
212575 8 68
213042 2 189
213529 10 265
214867 14 237
215036 13 144
215285 15 301
215684 10 686
215907 8 190
216010 1 297
216148 1 327
216486 1 96
216642 12 262
216690 1 299
216905 11 379
217225 1 299
217766 16 230
218005 11 266
218074 4 759
218582 4 245
218690 8 803
218691 1 530
218700 13 608
218705 6 619
218932 1 301
219167 4 433
219504 16 237
219593 5 418
220063 2 288
220291 13 162
220466 12 211
220469 13 278
220544 21 483
220545 13 270
220599 13 317
220653 1 182
220955 4 137
220998 8 231
221065 3 210
221337 1 517
221578 42 714
221606 8 151
222264 3 207
222332 2 448
222668 8 346
222908 2 596
223081 4 299
223159 1 262
223357 2 357
223642 1 379
223643 3 212
223676 17 610
223677 1 398
223692 1 770
223693 1 456
223767 4 489
223769 4 257
224863 3 190
225211 9 175
225376 3 60
225455 2 209
225701 1 143
225887 2 953
225900 1 111
226521 1 88
226861 8 137
227017 9 495
227371 8 128
228196 4 128
228201 5 267
228329 1 495
228496 1 454
228619 1 296
228680 3 787
228783 12 579
228791 6 531
228792 6 648
228800 1 635
228802 2 680
229082 12 377
229330 8 538
229873 4 176
229995 1 100
230533 7 156
230710 2 148
231107 1 143
231220 1 99
231266 3 747
231344 2 191
231466 16 225
231671 2 175
231681 10 224
232110 3 139
232696 17 321
233025 18 251
233381 4 284
233421 4 212
233870 3 278
234437 2 573
234814 3 537
235970 3 235
236168 21 311
236214 21 295
236307 1 168
236516 3 229
236726 12 185
237912 1 264
239035 7 132
240885 12 154
241172 13 264
241180 10 166
241494 1 114
241725 4 459
241733 5 181
242448 9 156
242674 10 600
242790 7 650
242952 5 84
243360 14 309
243981 2 255
244789 3 148
244931 5 225
246988 4 2879
247330 1 273
247527 11 282
247571 1 175
247592 1 86
247622 1 599
247671 1 295
248277 4 86
248337 2 185
248399 4 142
248579 4 92
248879 12 261
248964 1 496
249263 11 222
249710 1 258
249958 2 204
250173 3 177
250325 3 6286
251174 6 683
251178 9 686
251184 1 736
251186 5 603
251187 1 705
251190 1 682
251262 8 711
252057 1 525
252277 7 146
252372 1 601
252618 13 624
253237 14 242
253467 15 393
253481 1 481
253610 2 557
254087 13 197
254230 5 72
254762 5 598
255428 21 740
255622 4 55
255867 22 543
257109 6 56
257745 1 174
258155 18 774
258562 5 717
258573 1 588
258670 10 273
259121 6 998
259371 6 1300
260082 17 565
260083 34 539
260084 31 546
260086 25 539
260087 17 488
260088 27 611
260225 6 72
261691 17 246
262218 3 244
262250 3 542
262483 4 129
262965 1 194
263928 12 224
263935 1 199
264170 34 1010
264188 2 361
264406 7 138
264740 6 452
264950 6 430
265810 5 16729
265816 36 25803
265822 7 5726
265845 21 17259
265854 34 21100
269563 1 118
272671 1 4397
272685 7 142
272999 55 973
273008 1 396
273794 3 147
273995 2 441
276078 1 5007
277195 1 164
277672 3 172
277941 4 184
278423 3 91
279780 1 290
281800 4 4068
281967 3 145
282033 1 98
283141 1 4279
284679 1 393
284956 6 113
286455 3 1284
286911 7 208
286940 13 246
286985 25 5408
287032 1 1989
287918 1 322
288217 1 818
289447 21 3126
289538 3 4464
289611 1 1375
289613 1 1798
289682 21 777
289753 6 4176
289856 1 707
289886 1 545
289897 2 544
289916 1 1173
289920 7 7272
289932 1 4403
289933 2 2092
289950 2 956
289978 2 4235
290047 2 2728
290237 6 3427
290256 38 30074
290435 46 8814
290440 14 15196
290441 12 2293
290465 7 15747
290466 1 7226
290588 4 343
291130 1 1424
291180 1 229
292298 1 2887
292357 1 221
292359 1 171
293721 7 4942
294310 1 1780
294674 2 390
295564 2 2044
296392 2 164
296709 1 573
297630 9 5192
297948 2 123
298130 2 223
298456 1 730
299778 3 5938
300877 6 971
301226 9 3878
301450 1 357
301988 14 193
302184 1 847
302688 2 1782
303405 2 95
303515 4 98
303734 6 25485
303980 1 151
306051 1 732
306158 1 1273
306237 28 26903
306284 69 21202
306308 58 928
306332 22 2556
306666 5 1173
307339 2 348
307430 1 882
307453 71 49380
308186 3 36306
308187 2 51551
308246 8 20735
308493 7 981
308695 1 697
308776 1 1983
308814 1 1985
308905 12 4556
308907 8 13313
308919 18 13545
308923 4 3318
308931 1 573
308937 1 1659
308947 19 16976
308953 8 14138
308959 12 4556
308961 8 13313
308973 18 13545
308977 4 3318
308985 1 573
309001 19 16976
309007 8 14138
310256 4 425
313558 2 202
317172 2 372
317979 6 112
320226 2 2316
320607 1 164
320643 7 158
321975 11 2794
323981 10 667
324045 1 359
324890 5 128
325420 24 847
325484 8 1752
325485 41 996
325487 13 338
325494 7 877
325509 128 2115
325510 13 3054
325512 4 1084
326071 1 319
326105 10 669
326121 1 250
326123 19 14885
326129 7 67196
326130 14 292
327122 11 16929
327123 11 16927
327384 11 19585
327394 12 22044
327403 19 5903
327407 22 18061
329686 5 4384
331725 3 1685
332046 2 625
332787 1 240
333225 3 4023
333672 2 2618
333914 3 360
334190 1 554
334468 1 382
334471 6 390
334958 4 425
335989 2 323
336984 1 1552
337376 1 490
337980 1 217
338433 2 237
338649 16 7414
339906 2 197
340836 1 177
341214 3 120
341311 1 1259
341950 6 94
342001 6 141
342113 5 67
342414 2 169
342831 2 502
342879 1 131
343253 2 383
343674 1 381
344026 1 131
344262 5 223
344589 8 171
347323 30 455
347408 2 782
347551 3 445
347837 106 63219
347869 20 47445
347934 10 11174
348003 3 2348
348055 4 1233
348824 2 593
349517 1 2893
349695 5 2766
349902 5 3417
349994 132 8773
349997 26 3244
350021 4 6267
350449 11 14072
350479 44 11696
350496 37 14081
351380 3 153
351696 1 331
352030 7 254
352349 2 230
352414 2 376
353373 1 230
353378 1 191
353586 1 238
353963 5 1764
354090 4 164
354531 2 754
354715 14 228
355470 2 317
356428 4 117
356484 2 2925
356488 2 2924
357962 1 487
357963 3 428
358393 3 6679
358394 1 5252
358825 1 166
360096 1 308
360579 1 252
360584 3 655
361105 1 4143
361301 1 553
366604 4 399
367225 7 117
369429 2 320
371812 1 1764
371887 1 904
372110 1 457
372257 2 3988
372258 10 4260
372261 27 720
372278 45 28092
372279 20 5420
372281 17 5554
372406 7 14595
373135 1 1230
373834 2 44460
374166 4 2488
374399 1 3264
374569 5 1351
374974 9 12901
374994 11 13993
378071 1 7768
379494 1 378
380815 4 178
380927 1 264
381048 5 142
381064 8 534
381365 2 722
381388 5 228
381686 1 961
381988 17 4173
381989 3 4051
381991 9 6428
382797 1 620
383986 57 2003
385913 2 72
385980 9 3649
387616 2 2572
388099 1 165
393526 4 8178
393550 7 30891
393646 6 2442
393742 3 2994
393747 14 58177
393810 5 385
393837 16 240
393994 90 1493
394103 4 2220
394898 19 26758
395242 12 23266
395584 29 8890
395585 39 30629
395765 30 458
395934 56 946
396258 9 38258
396392 1 147
396434 5 143
397096 3 58
397185 1 51
398685 2 884
398851 1 852
399099 1 208
399306 17 389
399646 4 386
399830 9 186
401189 1 1328
402058 1 268
402671 1 314
403977 2 524
403978 1 314
404012 1 61
404078 2 381
404296 2 492
404578 2 458
405598 2 468
406763 1 1024
407095 22 314
407460 1 202
408063 2 384
408741 6 1245
409241 8 120
409454 1 551
409460 2 577
409624 20 297
409939 1 529
410090 2 476
410237 3 758
410824 2 470
411890 1 427
412454 14 854
412809 4 343
413122 2 687
415068 1 69
415473 7 80
416539 1 307
417175 1 558
418128 7 171
419173 1 219
419611 1 315
419975 1 245
420103 4 87
420659 1 117
420758 2 498
420859 1 1300
420960 1 1421
420961 1 692
421147 1 688
425845 1 521
426270 1 446
426705 3 112
427666 2 174
428698 1 1077
428928 5 1039
429437 1 339
429703 1 450
430112 1 577
430987 6 361
431153 3 877
431798 3 436
431971 1 520
432092 7 371
432109 5 453
432295 3 440
433084 1 644
434150 2 94
434474 4 812
434616 1 433
434774 2 431
434890 3 147
435699 4 479
436550 3 649
436551 2 1112
436700 1 1156
436740 8 2252
437225 1 74
437305 6 412
437663 6 670
438951 1 1114
439645 4 1920
439651 9 4134
439652 1 465
439690 1 673
439909 5 253
440292 3 149
442289 1 319
443855 2 375
444961 1 361
445895 1 71
447488 2 428
448375 2 174
450495 2 291
451251 2 539
454816 2 279
455181 2 115
455182 1 395
455352 1 293
455852 1 157
456853 5 1714
457306 9 136
457548 28 587
457654 1 333
458172 2 120
458315 1 432
460961 2 678
461295 1 685
461891 1 210
461892 1 728
462739 2 101
463222 3 457
466007 1 417
467632 1 67
467897 2 366
467928 2 370
468032 1 116
468421 4 367
468730 24 279
469923 1 380
470479 1 297
471619 1 1288
472772 3 455
472900 1 582
474166 1 438
474272 3 281
474972 3 1119
477124 1 400
479636 17 303
482476 7 588
483268 1 514
484768 1 545
484838 2 354
487849 3 807
489881 2 408
490639 1 601
490800 4 1300
491228 5 604
491456 1 362
492023 1 480
492151 2 460
493983 8 367
494207 1 1210
494380 1 104
494467 19 356
495290 14 563
495857 1 640
496032 3 555
496037 8 568
496090 1 699
496106 2 313
496212 2 494
496236 1 804
496297 2 298
497443 5 682
497695 1 381
498077 2 87
498100 5 299
498126 2 797
499461 5 1140
500195 15 175
500370 1 61
500376 1 443
500450 1 365
500527 10 1057
500698 1 119
500780 7 507
501202 3 532
501941 2 632
502515 1 76
503043 2 70
505414 2 95
505688 1 272
505934 1 317
506388 1 120
508489 6 789
509909 1 702
514227 1 630
514598 1 1158
515133 1 970
515144 10 2782
515952 1 677
516049 1 572
516282 2 449
516729 3 326
517903 3 374
519582 1 611
520610 5 272
521378 3 150
521510 1 183
521881 5 60
522619 1 107
523041 1 3025
524236 1 351
524329 10 504
525274 2 461
525329 3 443
526399 11 813
526476 4 751
526799 1 288
527941 5 258
294 7 359
455 35 18030
1195 3 264
1625 6 251
1661 7 569
1663 11 611
1993 88 5311
1994 90 5305
1997 5 528
2007 2 467
2013 10 10046
2596 11 618
2598 5 366
2600 8 430
2601 9 465
2602 4 430
2641 30 17392
2982 10 345
2985 5 296
2986 5 365
3158 3 1836
3258 9 334
3259 6 335
4137 22 16130
4338 11 16989
4650 3 93
4766 15 440
4779 2 382
5788 6 374
6367 46 17463
6588 2 392
6905 5 202
6968 4 5837
7084 9 503
7472 32 25628
7890 14 497
7891 6 381
7892 2 102
7952 3 459
8148 28 17754
8430 15 501
8436 31 991
8437 46 964
8441 1 298
8740 7 473
8749 8 391
8756 6 538
8759 9 514
8760 4 497
8766 5 416
8767 12 457
8768 17 470
8769 6 185
8770 2 476
8771 3 405
8773 11 443
8774 7 434
8775 11 305
8778 10 501
8781 5 352
8782 17 439
8783 5 338
8787 5 483
8789 10 467
8801 3 264
8802 4 307
8803 3 462
8805 6 520
8806 6 460
8811 6 439
8849 5 169
9027 7 307
9239 3 380
9240 5 401
10096 9 531
10304 4 472
10305 5 459
10306 1 269
11445 3 252
11450 7 461
11650 6 8848
12362 15 569
12377 7 445
12709 43 20008
12985 21 7361
13520 10 678
13912 32 17501
14932 1 319
15012 10 6149
15558 5 509
15561 2 735
15563 6 937
15691 7 271
15796 1 364
16533 13 482
17063 5 867
17693 1 642
18197 4 320
18198 4 348
18199 5 457
18605 1 400
18673 1 483
19076 20 362
19078 1 387
19081 8 361
20212 5 274
20215 2 204
20802 2 368
21459 8 16007
21614 14 32241
22418 3 538
22469 7 625
22895 5 454
23287 10 556
23742 9 354
23743 11 424
23820 4 153
25610 3 5009
25656 25 15042
26447 3 372
26449 4 421
26494 3 606
26678 1 411
26931 2 453
26973 13 481
26977 16 388
27424 15 13034
27687 4 370
27825 5 511
27827 11 717
27828 5 315
27830 6 587
27831 5 580
27838 12 651
27842 2 242
27843 2 278
27917 10 526
27926 3 321
28183 6 340
28201 4 256
28292 2 376
29207 1 527
29937 9 253
30321 10 252
30323 11 418
30326 15 474
30327 2 359
30328 15 478
30441 7 450
30443 8 640
30444 3 254
30973 11 738
31236 10 291
31237 12 607
31454 5 523
31629 35 21435
33349 2 378
33353 1 513
34066 2 303
34246 30 19523
34732 14 9225
34806 12 550
34811 15 5799
34814 1 712
35114 2 5397
36418 3 463
36498 31 20156
36545 2 415
36802 3 29903
37000 1 536
37844 2 431
37846 1 203
37899 15 3409
38664 1 2869
39630 5 423
40109 4 325
40111 1 263
40296 5 701
40373 14 453
40374 6 485
40488 1 484
41763 11 384
42690 1 378
42915 1 290
43261 1 300
43640 47 18238
43925 14 701
44465 5 382
44908 2 400
44911 2 412
45244 3 5086
45872 43 15512
46953 13 430
46954 7 396
46962 11 193
47106 12 274
47107 22 276
47108 12 427
47587 5 402
47588 8 459
47796 6 434
48479 9 960
48480 5 863
48489 5 513
48491 1 732
48970 2 197
49394 7 26545
50682 4 32839
51236 6 335
51331 1 184510
52214 111 64459
52323 3 151
52642 8 6414
52678 33 15365
53001 1 438
53158 11 586
53159 7 417
53317 6 5949
53548 2 688
54527 32 19068
54799 11 6492
55219 1 511
55371 77 52248
55372 1 100383
55375 4 40486
55884 2 843
55913 2 141
56092 7 548
56093 14 644
56094 17 740
56095 9 529
56097 10 403
56100 13 543
56202 1 74
56829 1 152
57393 32 610
57669 1 322
57745 12 294
57946 30 769
58380 4 133
58509 4 134
58565 15 322
58688 11 338
59292 3 1188
60007 3 774
61684 7 575
61828 11 178
61865 1 387
61901 1 142
62329 15 263
62365 1 87
62977 3 237
64584 2 131
64661 8 281
65276 5 476
65405 1 234
65533 15 304
65645 3 146
66119 6 297
66375 4 1288
66924 22 757
67191 2 49
67506 4 65
68474 15 233
68917 6 158
69597 3 72
70310 6 369
70557 2 85
70577 6 731
70971 15 457
70972 5 181
71814 1 164
71848 4 398
71850 7 210
72046 6 68
72167 11 142
72571 6 231
72823 5 190
72876 3 1354
73038 4 1173
73079 1 229
73099 9 183
73201 4 146
74645 11 511
74763 8 187
75405 13 316
76274 3 1037
76662 3 2416
76663 1 2219
76985 2 104
77705 13 220
77908 9 172
78194 1 174
78525 7 257
78646 2 365
80026 1 291
80051 11 530
80539 6 157
80540 3 125
80791 6 248
81259 2 60
81947 18 509
82190 1 613
82360 6 190
82602 4 445
83049 2 192
83074 1 559
83418 4 119
83421 7 159
83556 3 231
83581 21 768
83582 6 496
83583 10 668
83585 9 583
83588 13 438
83589 17 372
83590 14 686
83591 21 539
83595 7 524
83598 38 923
83603 2 662
83908 1 202
84104 18 556
85185 10 317
88082 1 52
88351 3 108
88381 10 221
88633 4 175
89660 1 684
89685 2 79
90592 8 1449
90887 5 326
91505 14 166
92323 2 53
92423 8 248
92466 2 54
92675 1 33
92780 3 67
93194 2 191
94727 2 196
94862 3 254
95583 4 154
96097 1 265
96858 6 182
96947 1 554
97388 16 242
97558 1 538
98015 1 258
99730 12 233
100184 7 93
100260 3 125
100749 1 144
100945 4 449
100953 10 622
101679 9 210
102891 1 78
103895 1 39
104028 6 243
104093 6 164
104995 9 247
105310 1 178
105332 8 299
105413 6 307
106996 16 431
107131 1 138
107238 3 379
108713 1 364
109450 9 661
109945 9 274
110036 1 210
110573 1 174
110842 20 633
111219 1 166
111561 6 218
111784 6 176
111994 6 120
112073 8 312
112480 1 493
113507 5 219
113622 6 525
113624 5 499
113627 5 575
115277 13 406
115718 7 570
115834 9 214
115845 1 178
116213 10 268
116244 2 714
116245 2 576
116266 1 817
116268 4 1260
116394 16 355
116529 4 260
117123 5 124
117484 8 288
118175 6 146
118493 11 292
118849 2 1196
118852 13 988
119056 5 322
119086 17 417
119221 5 156
119411 8 315
119468 1 432
119757 20 955
120085 11 399
120452 8 964
120454 3 371
120480 2 251
120481 7 191
121079 2 249
121521 3 63
121647 11 173
122536 11 1120
124370 1 442
124444 8 362
124491 11 415
124549 5 271
124711 2 895
124752 6 578
124816 5 232
125797 1 683
125858 2 251
126741 6 239
127036 10 126
127099 16 273
127923 3 39
128140 1 216
128717 12 168
128787 1 327
129115 3 176
129152 3 171
129453 3 312
130229 3 214
130230 8 278
130495 8 350
130507 8 351
130602 5 231
131611 3 77
132212 2 184
132747 4 833
132749 4 1199
132860 6 213
133129 5 715
133226 8 200
133271 8 189
133390 9 311
133626 5 228
133843 2 219
134121 4 98
134122 3 214
134173 2 280
134921 9 410
135005 16 642
135341 7 417
135935 1 353
136491 4 227
136495 4 247
136518 3 221
137939 16 358
138364 5 159
138786 1 323
138890 10 317
141331 1 827
141839 7 237
142198 9 259
142327 3 820
142429 2 206
142435 9 826
142583 3 530
142711 2 583
142980 1 564
143025 6 947
143797 4 78
144322 12 444
144590 13 458
145093 2 514
146145 4 377
146451 5 601
146699 4 143
146706 2 90
147793 3 44
147933 1 120
147952 1 141
151301 8 258
152005 1 266
152503 1 245
153066 5 445
154855 4 213
156560 4 61
156746 5 422
157712 10 205
158056 13 457
158374 8 112
158566 13 653
158567 13 620
158569 4 623
158574 13 540
158577 13 680
158578 21 714
159252 5 190
159759 11 738
159819 16 276
159847 5 829
160733 3 173
160950 8 113
162172 1 2378
162488 1 811
162799 1 214
163129 12 525
163550 6 587
164230 5 273
164851 2 296
165272 1 191
165347 1 379
165431 1 707
165434 1 398
165441 12 251
165492 7 453
165496 2 585
165537 1 448
165541 1 251
165640 1 289
165699 5 92
165744 4 261
165898 11 335
167484 3 167
167619 2 282
168557 1 230
168819 8 231
169003 22 772
169503 1 779
171804 9 197
173079 13 275
173083 6 164
174037 2 249
174472 10 309
174657 12 286
174954 3 164
175908 3 621
176606 1 517
176607 2 316
176804 19 606
177206 2 262
177618 1 70
177706 6 619
177708 19 561
177714 13 732
177715 1 683
177727 4 625
177730 8 777
177996 29 1205
180028 11 624
180272 18 538
180356 2 367
180899 6 224
182410 7 458
182413 4 605
182416 11 680
182692 3 197
182709 5 103
182884 7 110
183351 8 314
183723 2 630
184408 10 1059
184566 1 335
184610 2 360
184656 16 655
185591 1 474
185801 9 431
185889 1 137
187240 5 225
188201 4 183
189113 1 266
189511 7 94
189663 1 395
189941 6 168
190592 6 245
191065 8 228
191411 3 93
192310 2 265
192539 4 90
193087 8 105
193663 1 471
193665 1 850
193896 1 378
194454 2 207
195237 3 399
197164 8 266
197165 6 169
197536 3 76
198422 5 223
198667 1 39
198861 2 166
199032 6 338
199297 1 234
199797 12 286
200504 7 72
200511 8 79
201009 6 175
201128 4 226
201378 9 404
201383 4 104
201618 15 292
201954 9 497
202142 1 257
202499 5 169
202889 7 177
203552 7 277
204972 4 158
205129 5 213
205192 6 112
205731 2 249
205865 4 695
206121 1 251
206386 5 272
206761 3 655
207443 2 113
207540 5 238
207734 1 647
207828 1 325
208521 1 58
208750 1 77
209279 11 344
211359 5 554
211488 7 317
211698 27 595
212044 1 234
212514 10 713
212690 6 407
213042 9 189
214118 3 170
215684 5 686
216010 1 297
216148 2 327
216690 1 299
216962 6 118
217182 2 60
217225 1 299
218074 19 759
218238 4 106
218582 7 245
218690 15 803
218691 10 530
218700 10 608
218705 8 619
218900 5 142
218932 1 301
219167 1 433
219504 12 237
219593 5 418
220063 2 288
220091 1 609
221337 1 517
221578 1 714
221834 1 564
222668 2 346
222908 16 596
223159 9 262
223226 12 487
223642 1 379
223643 5 212
223676 3 610
223693 1 456
223767 13 489
223769 1 257
224863 3 190
225376 3 60
225455 5 209
225887 3 953
226861 1 137
227017 18 495
227252 1 126
227312 4 776
227371 1 128
227939 1 123
228196 3 128
228201 7 267
228329 6 495
228496 4 454
228619 12 296
228680 21 787
228783 11 579
228784 15 563
228791 8 531
228792 6 648
228800 9 635
228802 18 680
229082 1 377
229330 12 538
229460 1 290
229801 1 1448
229995 2 100
230092 3 118
230368 1 198
231150 3 59
231220 2 99
231266 1 747
231466 1 225
231671 5 175
231681 5 224
232640 5 71
233381 4 284
233421 6 212
233870 8 278
234437 7 573
234814 6 537
235970 5 235
236214 3 295
236488 11 384
236516 10 229
236518 14 300
237438 9 157
237912 2 264
240885 1 154
241172 1 264
241494 1 114
241725 12 459
241733 2 181
242674 6 600
242698 13 269
242790 6 650
243022 18 334
244789 2 148
244931 3 225
246988 3 2879
247127 1 808
247172 4 43
247330 9 273
247571 7 175
247622 1 599
247671 6 295
248337 6 185
248399 4 142
248579 2 92
248737 6 118
248964 1 496
248970 1 535
249710 3 258
249958 6 204
250199 1 749
250325 2 6286
250403 1 256
251174 5 683
251178 12 686
251184 1 736
251186 5 603
251187 4 705
251190 5 682
251262 11 711
252057 6 525
252277 2 146
252372 1 601
252618 11 624
252699 1 56
253506 4 185
253512 5 216
253610 1 557
253613 7 567
253857 5 123
254398 1 284
254762 3 598
255428 7 740
255687 7 764
255867 1 543
257031 8 244
257745 5 174
258155 6 774
258562 14 717
258573 3 588
259091 4 70
259121 3 998
260083 15 539
260084 2 546
260086 2 539
260088 1 611
260892 1 113
261042 7 321
261691 1 246
262218 1 244
262250 6 542
262965 3 194
263935 12 199
263937 5 162
264188 1 361
264673 3 547
264721 9 438
264740 8 452
264930 7 413
264950 8 430
265810 14 16729
265816 33 25803
265822 14 5726
265845 28 17259
265854 12 21100
267577 7 6751
272094 5 125
272205 1 1661
272269 2 4027
272671 2 4397
273007 1 256
273008 2 396
273995 1 441
275000 2 488
276078 3 5007
283141 1 4279
286228 3 2804
286231 3 2434
286445 56 1722
286455 3 1284
286980 4 2698
286985 22 5408
287032 51 1989
289447 20 3126
289538 3 4464
289611 1 1375
289613 1 1798
289753 6 4176
289886 1 545
289897 2 544
289916 1 1173
289920 4 7272
289932 2 4403
289933 4 2092
289950 11 956
289978 9 4235
290047 5 2728
290237 5 3427
290256 63 30074
290435 131 8814
290440 16 15196
290441 30 2293
290465 14 15747
291793 4 2238
292298 1 2887
293721 23 4942
294098 1 1903
294310 3 1780
294353 1 338
295564 3 2044
297630 10 5192
298411 3 3213
298633 2 98
299778 3 5938
300877 11 971
301226 24 3878
301450 1 357
302688 1 1782
303734 2 25485
305987 101 2653
305988 51 1574
305989 103 1612
306158 43 1273
306237 138 26903
306284 64 21202
306316 35 1503
306332 1 2556
306666 1 1173
307453 17 49380
308180 1 1806
308187 1 51551
308246 3 20735
308493 9 981
308701 1 608
308727 1 1375
308772 39 2076
308776 53 1983
308810 39 2076
308814 53 1985
308905 4 4556
308907 7 13313
308919 30 13545
308923 6 3318
308931 3 573
308947 24 16976
308953 16 14138
308959 4 4556
308961 7 13313
308973 30 13545
308977 6 3318
308985 3 573
309001 24 16976
309007 16 14138
310256 4 425
312417 7 1051
314045 1 961
320607 1 164
321975 10 2794
323981 9 667
324045 1 359
324890 3 128
325420 18 847
325484 88 1752
325485 10 996
325487 5 338
325494 8 877
325509 4 2115
325510 3 3054
325512 6 1084
325549 3 98
326105 9 669
326123 4 14885
326129 3 67196
327122 3 16929
327123 3 16927
327384 17 19585
327394 28 22044
327403 19 5903
327407 23 18061
329686 3 4384
331725 60 1685
331786 1 722
332787 2 240
333225 10 4023
333672 12 2618
334468 1 382
334471 15 390
338508 6 106
338649 113 7414
347323 1 455
347408 3 782
347837 58 63219
347869 90 47445
347934 18 11174
348003 7 2348
348055 2 1233
349517 2 2893
349695 7 2766
349902 3 3417
349994 52 8773
349997 15 3244
350021 3 6267
350449 14 14072
350479 31 11696
350496 19 14081
353963 3 1764
354582 1 170
355154 2 568
355470 1 317
356484 8 2925
356488 8 2924
356661 2 414
357505 8 242
358393 8 6679
358394 2 5252
361105 4 4143
361301 1 553
362211 6 161
366604 1 399
369429 2 320
371812 1 1764
371887 1 904
372026 4 1195
372110 2 457
372257 5 3988
372258 22 4260
372261 3 720
372278 25 28092
372279 2 5420
372281 17 5554
372406 28 14595
373135 1 1230
373834 1 44460
374014 2 80805
374166 6 2488
374399 3 3264
374569 45 1351
374974 18 12901
374994 9 13993
376822 1 7531
378071 3 7768
380114 1 115
380927 1 264
381048 2 142
381365 2 722
381686 1 961
381988 9 4173
381989 2 4051
381991 14 6428
382797 5 620
383986 6 2003
385486 7 6673
385913 6 72
385980 1 3649
387616 2 2572
392215 1 819
393526 4 8178
393550 3 30891
393646 4 2442
393742 21 2994
393747 45 58177
393765 11 740
393810 9 385
393837 3 240
393994 3 1493
394103 6 2220
394898 16 26758
395242 1 23266
395584 6 8890
395585 14 30629
395765 1 458
396258 5 38258
396392 2 147
396434 6 143
397021 1 793
397096 1 58
397185 1 51
398685 2 884
398851 1 852
399068 2 125
399646 6 386
399830 1 186
401189 1 1328
402058 1 268
402671 5 314
403977 3 524
403978 1 314
404012 1 61
404078 4 381
404296 2 492
404578 1 458
404593 2 92
405598 3 468
405643 7 940
406763 1 1024
406782 11 238
407095 4 314
407460 5 202
408063 2 384
408741 15 1245
409454 1 551
409460 7 577
409624 8 297
409939 3 529
410090 3 476
410237 3 758
410824 1 470
411890 1 427
412454 6 854
412809 1 343
413122 4 687
415068 1 69
415473 2 80
416539 1 307
418128 4 171
419173 1 219
419975 2 245
420103 2 87
420659 1 117
420758 3 498
420859 1 1300
421147 1 688
426270 1 446
427446 4 191
427666 2 174
429437 2 339
429703 2 450
430112 1 577
430987 3 361
431153 2 877
431798 3 436
431971 1 520
432092 3 371
432109 2 453
432295 4 440
432599 5 118
433084 2 644
434150 3 94
434474 6 812
434616 2 433
434774 8 431
434890 3 147
435699 4 479
436550 6 649
436551 1 1112
436700 1 1156
436740 7 2252
437225 1 74
438951 1 1114
439645 6 1920
439651 4 4134
439652 1 465
439690 1 673
439909 3 253
442289 2 319
443855 2 375
444961 2 361
445895 1 71
447488 2 428
451251 4 539
453318 1 113
455181 2 115
455182 3 395
455352 1 293
457548 1 587
457654 2 333
458315 1 432
460961 2 678
461295 1 685
461891 1 210
461892 2 728
462739 2 101
463222 5 457
466007 1 417
467632 1 67
467897 4 366
467928 4 370
468032 1 116
468421 12 367
468730 1 279
469860 2 158
471619 2 1288
472772 3 455
472869 1 1373
474272 1 281
474972 2 1119
475033 2 106
477124 6 400
479636 1 303
482476 6 588
483268 1 514
484768 23 545
484838 17 354
487235 1 94
487849 1 807
489881 3 408
490704 3 491
491228 2 604
491456 4 362
491471 2 171
492023 4 480
492151 6 460
492237 7 580
493983 5 367
494207 7 1210
494380 1 104
494467 3 356
496037 1 568
496090 2 699
496104 2 377
496106 3 313
496212 5 494
496302 1 613
496329 1 494
496439 1 68
497443 2 682
498100 3 299
498126 10 797
498334 4 380
499461 8 1140
500195 3 175
500370 1 61
500376 9 443
500450 3 365
500527 12 1057
500698 1 119
500780 2 507
501202 1 532
501941 10 632
502515 1 76
505414 2 95
505688 1 272
505934 1 317
506388 2 120
508489 23 789
509909 1 702
512764 1 2651
514227 1 630
514390 1 79
514598 3 1158
515133 10 970
515144 6 2782
515649 2 406
515952 3 677
516049 8 572
516282 3 449
516729 3 326
517903 3 374
519582 20 611
520610 8 272
522619 1 107
524236 12 351
524329 10 504
525274 3 461
525329 4 443
526399 2 813
526799 1 288
527941 3 258
