33 1 19382
366 12 505
367 6 204
368 2 269
369 2 300
9590 1 453
13182 20 736
13183 2 497
13184 1 479
20842 2 921
21614 1 32241
23529 1 333
24012 11 206
28307 2 587
33251 1 649
34995 1 371
37399 5 478
39855 12 208
41458 4 322
50333 1 508
56078 3 541
56123 2 583
56341 1 221
56742 1 460
57202 3 629
57444 4 74
57477 12 563
58338 2 117
58486 2 160
59000 1 117
59571 3 82
59621 6 599
59725 6 191
60121 18 606
60410 1 235
60840 11 558
61734 1 133
64133 1 246
64662 7 506
64677 13 462
65787 3 68
66368 3 672
70834 4 349
72170 2 188
72419 2 436
73722 7 475
75079 14 605
76114 1 797
76115 4 581
76117 5 467
78781 1 463
79361 11 477
79556 1 60
80562 4 474
81602 4 570
82607 1 262
84101 7 609
85587 20 625
85821 8 454
86499 10 592
87396 1 123
88187 7 494
88302 3 361
88438 7 623
89960 1 281
92504 5 569
93015 6 543
95359 1 125
96026 12 548
96502 1 86
96783 7 668
97987 3 160
99564 2 687
100098 15 738
100421 2 97
100638 1 627
101483 3 429
102100 9 620
104115 3 211
104487 8 568
105232 3 41
105470 1 368
106108 2 572
106685 7 744
107326 1 629
108434 9 824
108955 5 1022
108962 8 662
109417 2 258
109604 7 347
109612 1 762
110021 1 117
110591 6 486
110593 1 507
111077 5 118
111665 8 607
111949 19 595
112701 5 391
112702 1 483
113091 1 450
113381 1 783
113871 4 549
114652 4 468
116003 3 527
116241 19 463
117348 3 369
117862 6 596
117991 6 418
118029 2 240
118623 1 149
119876 6 410
119909 3 502
120029 1 131
120381 10 569
120385 4 701
120462 11 317
121784 11 360
123509 2 89
124275 9 249
124303 4 110
124340 19 620
124724 4 281
125168 4 564
125181 6 463
125468 7 546
126533 6 141
126782 3 191
128754 1 284
130270 1 271
131858 3 213
131900 3 85
132301 2 149
132972 3 216
133130 7 632
133406 1 693
133961 1 355
135080 3 967
135434 3 180
139307 1 862
140973 3 529
140984 3 232
142052 1 257
142233 1 181
142955 3 508
142965 2 721
143166 10 400
143264 3 3121
143359 7 354
144059 1 292
144733 7 509
145102 1 182
145119 1 100
145199 1 215
145227 16 480
146651 3 84
147504 6 615
148861 1 524
150993 3 52
151078 5 589
151395 14 419
152344 3 358
153791 2 206
154148 4 967
154153 15 745
154966 1 597
155148 8 404
157084 3 271
157536 9 504
157799 6 605
159344 5 639
159359 5 681
159661 5 359
159776 8 555
160054 8 591
160281 3 563
161436 2 548
161443 1 791
161839 1 283
162129 1 40
163087 1 527
164700 1 52
165078 4 254
165852 4 284
166234 2 541
166475 1 226
167230 4 692
168903 9 695
169571 3 71
171746 1 265
172316 4 122
172569 5 258
174313 1 152
176370 6 413
176562 2 303
176576 1 167
176768 2 275
177717 4 683
177908 10 421
178517 8 489
178736 1 397
178739 2 111
179041 2 349
179244 5 509
179891 3 467
179895 6 191
179896 12 577
180190 11 425
181870 5 157
182012 4 304
182870 7 525
183002 2 972
183003 6 419
183131 2 213
183132 2 279
183987 21 579
184174 4 136
185431 3 482
185433 3 775
186063 1 41
186788 10 543
186835 2 447
187703 2 211
188921 3 597
188934 3 343
189098 1 82
189954 1 105
191285 3 230
194838 6 148
194842 2 235
194846 5 228
195044 1 224
195306 1 391
195538 2 415
196288 1 208
196760 1 91
197485 2 84
198114 8 458
198120 3 647
200342 7 665
200348 3 659
201351 1 197
202969 1 50
202974 1 47
203142 3 259
205989 3 745
206969 1 231
209090 2 231
209295 4 862
209797 3 143
209802 5 248
210877 6 499
211537 4 526
213362 2 247
213852 3 478
214041 1 226
215915 10 538
216858 1 39
216885 8 206
216935 4 131
216990 11 836
217133 3 391
218627 1 421
219127 1 500
219834 2 129
220020 1 228
220556 7 291
221031 4 579
221041 3 712
221583 6 728
223154 2 113
223668 8 658
223986 8 479
223996 2 983
224563 1 586
225302 1 1037
225469 7 515
226241 3 443
226478 2 426
227082 1 347
227456 11 536
227457 6 638
227697 9 606
228749 1 96
229747 1 642
229776 24 624
230072 3 609
230665 5 664
231335 2 137
231487 1 160
231654 1 157
231701 8 589
232283 1 598
232388 1 281
232449 1 537
232587 1 230
233393 3 705
233525 17 1207
234626 2 253
235056 1 548
235532 5 132
235600 1 227
235764 8 234
235767 3 390
236802 6 219
237019 1 213
237258 5 765
237721 5 546
237933 5 583
238456 1 227
238664 3 356
239484 2 73
239573 11 530
239577 1 686
239901 4 757
240553 3 110
240563 7 624
240761 9 578
241013 4 469
241082 8 585
241326 2 509
245111 10 274
246360 2 641
246988 2 2879
247824 1 262
248443 6 540
248709 4 758
250675 2 526
250865 3 828
250876 12 652
251571 15 332
251741 3 121
252601 2 500
253328 7 673
254164 6 382
255402 9 483
255699 1 552
257196 1 936
257203 18 533
257983 3 156
258530 3 235
258784 3 274
259482 1 413
259525 2 190
259717 1 191
260233 1 255
261646 6 418
262249 8 480
262702 6 652
263272 3 346
264262 1 302
264299 1 436
264841 1 1174
265045 2 547
265795 12 1013
265810 1 16729
265816 11 25803
265854 18 21100
266519 1 223
267533 4 2478
267638 5 108
267752 1 115
267821 2 85
268193 1 462
268303 2 6782
268603 2 2073
269996 2 6852
270974 1 323
271851 3 171
272103 1 394
272269 2 4027
272762 1 110
272922 1 335
273045 3 88
273209 5 125
273304 6 211
273498 5 310
273660 1 231
274036 1 2768
275825 2 382
275901 3 205
276233 1 377
276234 1 220
276264 1 377
276265 1 220
276359 1 439
276456 4 148
276501 4 200
276566 1 390
276665 22 859
276740 4 644
276821 1 178
276929 1 543
277351 2 599
277469 3 614
277567 3 396
277862 1 722
278224 1 71
278327 1 170
278619 3 2631
278626 4 946
278723 7 517
278777 4 126
279727 7 138
279901 1 166
280071 5 229
284694 1 235
285993 1 193
287062 1 552
287083 49 764
287192 60 1561
287270 5 4819
288745 1 105
288747 30 1966
289677 4 907
289852 1 3230
290465 2 15747
290764 6 2010
291708 2 136
291784 8 158
292829 3 1212
292850 1 343
292923 7 259
293797 5 209
295259 2 284
295640 1 135
295748 2 217
295754 4 190
295832 1 98
296929 4 178
297855 2 247
297871 3 705
297876 4 621
297919 4 1235
298265 3 242
298274 3 134
298275 2 406
298493 3 248
298565 1 273
298692 4 141
298695 1 435
298808 1 58
299096 3 95
299111 1 573
299124 1 174
299461 4 484
299778 15 5938
299963 4 200
300607 29 1963
300982 1 3200
304257 2 371
304692 2 483
305198 1 200
307969 1 120
308903 8 5575
308907 9 13313
308919 1 13545
308922 2 1748
308929 2 12027
308947 7 16976
308953 3 14138
308957 8 5575
308961 9 13313
308973 1 13545
308976 2 1748
308983 2 12027
309001 7 16976
309007 3 14138
310214 1 217
310261 5 211
310300 1 217
310444 1 216
310624 3 152
311656 1 362
311998 1 152
312056 1 1993
313979 3 190
314016 6 601
316325 1 385
316366 5 156
316525 2 762
316527 20 619
316620 1 190
316758 3 2636
316775 1 245
316786 2 392
316803 2 95
316921 9 397
317146 2 391
317185 4 3071
317196 1 109
317254 2 279
317352 8 1055
317767 1 528
318330 8 130
319454 1 295
324952 1 108
325160 1 178
325163 2 397
325380 1 487
326067 1 223
326129 6 67196
326275 2 172
326734 9 138
327382 3 1440
327384 8 19585
327394 6 22044
327407 4 18061
327409 1 3377
327752 1 378
328992 2 5954
329034 2 4775
329208 3 9390
329209 4 5843
329225 2 7875
329226 2 8776
329231 1 7437
329405 1 3218
329476 1 4825
329569 2 7587
329659 4 262
329682 1 4492
329684 1 4343
329685 1 4983
329686 2 4384
329688 1 4330
329689 2 3506
329706 1 504
329750 4 111
329804 3 7586
330099 3 6898
330204 1 156
330245 3 4448
330302 11 191
330343 4 299
330767 3 2668
330884 2 3321
331432 9 8083
331755 2 270
332302 1 99
332339 1 162
332465 7 283
332752 6 87
333210 8 127
335109 9 263
336030 6 2998
336719 6 6871
337113 3 1850
337240 4 383
337247 1 119
337308 1 119
337361 9 1020
337391 1 374
337393 1 130
337396 1 175
337589 8 168
337590 5 113
337784 1 461
337794 10 299
337804 1 104
337806 12 231
338024 7 110
338028 3 113
338031 3 604
338033 1 882
338035 2 467
338272 3 154
338280 2 197
338348 17 618
338397 3 564
338426 1 372
338488 12 631
338524 2 181
338649 4 7414
338694 1 256
338699 3 443
338817 3 112
339008 8 277
339224 1 600
339922 1 252
339999 2 1246
340099 4 2202
340882 1 340
343352 8 141
345788 1 374
345844 3 96
347133 1 726
347691 3 3618
347837 2 63219
348118 3 946
348147 8 135
350449 1 14072
350454 4 4709
350479 1 11696
350496 3 14081
351850 1 138
351903 8 169
351998 1 3051
352076 5 182
352178 8 163
352779 10 194
353081 6 383
353121 4 128
353203 1 517
353300 3 101
353338 1 165
353973 5 111
354040 2 3576
354041 1 3810
354043 4 3871
354044 3 4950
354045 3 3330
354046 2 3673
354047 2 3429
354048 1 3345
354049 2 3732
354050 2 4508
354331 3 1997
354450 11 8639
354756 5 1140
354776 1 352
354974 3 182
355360 1 124
355367 1 382
355496 4 260
355949 9 479
357101 5 138
357828 9 441
358393 4 6679
358395 9 3176
358396 4 3630
358397 6 4529
360153 2 176
360154 2 131
360156 2 192
360160 8 146
360182 53 2961
360324 3 444
360404 3 186
360429 1 380
360540 4 150
361122 2 785
361124 3 308
361277 1 124
361310 1 346
361685 1 119
361842 3 378
362028 11 212
362043 1 139
362131 4 149
362132 7 154
362153 1 183
362229 1 234
362325 4 476
362374 2 87
362434 1 152
362435 1 163
362943 6 77
364137 5 110
365680 11 217
369952 3 260
369954 1 165
374316 2 526
374974 1 12901
376386 2 9418
376390 1 1889
376392 5 141
376460 9 240
376558 5 158
376565 1 565
376610 4 7750
376945 1 368
376967 4 113
377197 11 8628
377560 4 6597
377602 1 298
377899 3 207
378077 3 116
378114 5 153
378439 13 272
378536 22 381
378722 1 110
378784 6 314
378829 7 140
378987 2 126
378995 2 133
379088 1 329
379178 1 139
379504 7 128
379966 8 144
380138 7 242
380391 3 142
380659 2 257
380668 6 1993
381101 1 208
381507 4 322
381617 5 462
381991 6 6428
383541 16 344
383542 9 246
383570 1 324
383778 1 330
383856 2 184
383956 6 298
384215 5 600
384351 2 466
384602 1 3928
384683 8 205
384688 2 1297
384769 2 117
384779 7 143
384876 1 75
384885 7 103
384945 4 86
384946 8 201
384962 2 492
385057 7 124
385137 1 592
385174 1 592
385176 1 592
385275 9 260
385276 5 230
385277 7 342
385278 5 206
385286 2 216
385445 10 1685
385486 1 6673
385617 1 168
385979 4 3672
386162 1 289
386163 1 1125
387234 1 485
387462 1 515
392593 3 80
393526 4 8178
393639 3 4255
393673 3 10585
393677 2 3966
394013 1 990
394057 1 196
394062 4 969
394132 3 455
394135 65 1279
394217 4 709
394774 4 282
394789 4 445
394898 1 26758
395020 1 319
395873 2 3601
395882 5 759
396004 2 2835
396194 1 389
396258 1 38258
396331 6 429
396521 10 865
396657 3 663
396658 1 798
398046 9 1608
398370 3 666
398377 1 353
399727 2 171
400768 1 672
403402 2 618
403761 1 154
405651 1 818
408261 1 874
410480 4 477
411444 2 663
414413 1 93
414525 15 333
415613 1 1168
415725 1 1721
415768 1 820
416114 3 85
418298 8 924
418571 1 540
418577 1 135
418811 1 189
418950 1 188
421299 6 1437
422279 11 251
423401 2 1181
424985 2 411
425174 1 102
425673 2 104
426252 1 42
426277 2 840
426579 3 1108
428484 1 454
430014 8 1554
431072 2 1260
431337 4 2257
432522 1 202
436182 5 353
438756 1 520
439071 1 573
441701 2 370
441888 10 613
441992 7 736
445371 2 366
448779 2 84
449215 8 573
450768 3 52
451581 2 862
451963 1 96
452794 1 92
454407 1 413
454648 1 416
456232 2 623
456908 2 1777
461574 1 453
463636 1 314
468846 1 900
468847 2 474
469027 5 78
469031 3 1062
470078 2 492
471274 4 658
471324 1 74
471602 9 475
471675 1 557
472059 31 1683
472541 1 1307
473949 1 745
474733 3 117
475070 9 412
476229 1 226
476602 16 992
479108 13 1190
481257 3 1957
481428 4 64
481718 3 444
482080 4 107
482169 1 398
482339 2 83
482391 3 224
482858 2 212
483624 3 464
483626 2 603
487778 3 78
493739 3 202
493790 8 419
496791 1 41
497030 2 133
498329 2 779
499228 3 729
499441 9 1342
500011 11 378
501726 2 750
504238 9 362
504294 5 734
504987 1 525
506831 2 107
506927 1 477
510741 1 219
511692 2 364
514965 5 522
516887 10 494
519755 2 1501
525847 6 1143
526436 4 1033
527233 2 998
527338 4 99
527424 1 620
527623 9 635
33 18 19382
366 2 505
368 1 269
455 66 18030
1154 1 254
1646 359 55438
2641 99 17392
2679 1 533
3078 1 2940
3429 1 455
4137 132 16130
4955 2 356
5880 1 213
6209 7 601
6367 82 17463
7584 2 402
8148 111 17754
8334 2 316
8386 4 441
9273 2 379
9311 1 327
9590 1 453
9594 1 326
10012 1 486
12981 8 337
13182 3 736
13183 1 497
13184 1 479
13515 1 323
13839 1 518
13912 109 17501
14954 2 205
16527 1 223
16543 1 829
16888 1 426
17271 1 601
18707 1 377
18765 1 511
19937 1 327
20035 1 1044
20842 3 921
21614 24 32241
21687 1 649
22224 1 437
22675 1 289
23228 1 458
25059 1 181
25656 85 15042
27424 88 13034
27833 1 407
28012 4 597
28307 1 587
28648 1 319
28723 2 615
29253 1 496
30960 2 278
31231 9 598
31629 107 21435
32449 1 616
33251 3 649
34192 4 527
34246 93 19523
34260 2 328
34382 2 439
34608 1 415
35503 1 516
35800 4 351
35856 1 535
36194 2 220
36414 1 270
36498 145 20156
37066 3 446
37399 1 478
37405 3 439
38292 2 421
39788 3 388
39791 1 518
39794 1 386
43640 73 18238
43804 1 439
43807 8 623
43809 11 867
43810 1 503
43811 5 392
45222 1 255
45822 3 259
45872 75 15512
46429 2 917
47902 4 259
48994 1 324
50333 1 508
50687 1 134
50691 8 460
50694 11 457
50696 8 532
50698 1 367
50699 1 187
50701 5 175
52678 140 15365
54527 235 19068
55813 3 348
56078 1 541
56341 1 221
56742 1 460
56871 1 346
57869 3 203
58338 2 117
58486 3 160
58920 1 167
59000 2 117
59621 1 599
60121 1 606
60840 1 558
61734 1 133
62861 2 1112
63009 1 205
64133 4 246
64300 3 244
64662 1 506
64677 1 462
65113 2 649
65858 1 166
66267 2 140
66343 1 345
68980 2 316
72170 1 188
72419 3 436
73722 1 475
75079 4 605
75306 1 130
76114 2 797
76115 3 581
76117 1 467
78781 1 463
79361 1 477
79556 1 60
80237 1 640
80562 2 474
82475 1 109
82607 1 262
82903 2 422
82977 1 2067
83417 4 256
83521 7 360
85587 6 625
85821 1 454
86041 2 509
87396 3 123
88187 1 494
88302 3 361
88438 1 623
89960 3 281
91811 1 560
92504 1 569
93015 2 543
96026 1 548
96502 2 86
97987 2 160
99487 1 269
100638 1 627
101887 1 490
101896 4 817
102178 1 319
104115 1 211
105232 1 41
105811 1 227
106108 2 572
106685 2 744
107652 1 234
108434 2 824
108955 3 1022
108958 6 566
108962 8 662
109417 1 258
110591 2 486
110593 3 507
111665 2 607
111949 1 595
112702 2 483
113381 6 783
113871 3 549
114624 3 263
114652 1 468
116003 2 527
116241 3 463
116272 1 710
116793 1 2075
117425 3 195
117667 1 525
117862 2 596
117991 2 418
118029 1 240
118623 3 149
119876 1 410
119909 2 502
120029 2 131
120381 1 569
120385 4 701
120407 1 170
120440 1 559
120462 1 317
121784 1 360
123509 1 89
124275 3 249
124303 2 110
124340 1 620
124724 1 281
125168 4 564
128478 3 509
128754 2 284
130270 1 271
132972 1 216
133961 3 355
135434 1 180
140973 1 529
140984 1 232
141974 2 309
142768 2 212
142844 1 719
142965 1 721
143359 4 354
144059 2 292
145102 1 182
145119 1 100
145227 1 480
145998 1 509
147922 1 216
148816 2 227
151078 1 589
152344 2 358
153791 1 206
154966 5 597
155512 1 303
157084 1 271
157536 2 504
157799 2 605
158376 2 154
159344 2 639
159661 3 359
159776 1 555
160281 1 563
161436 2 548
161443 1 791
161839 1 283
165078 1 254
165852 2 284
166234 1 541
166339 1 163
166346 1 801
166475 1 226
167058 8 291
167230 8 692
168903 2 695
169564 1 87
171868 1 619
171968 3 257
172360 3 231
172401 1 419
172569 1 258
173266 1 532
175198 1 113
176420 4 156
176562 2 303
176576 1 167
176757 4 155
177236 5 345
177417 2 1828
177717 3 683
177908 3 421
178517 2 489
178598 1 655
178739 2 111
179041 1 349
179244 1 509
180116 1 288
180131 1 279
180190 1 425
180661 1 579
182012 1 304
183131 1 213
183132 1 279
183261 1 315
183987 2 579
184174 1 136
185431 3 482
185433 1 775
186063 1 41
186835 4 447
188429 2 825
188921 4 597
188934 3 343
189235 5 592
189954 2 105
194838 2 148
194842 1 235
194846 1 228
195538 2 415
196288 3 208
197485 1 84
198114 2 458
198120 1 647
200342 5 665
200348 6 659
202373 2 278
203142 3 259
203777 2 75
206798 2 683
206969 2 231
208546 1 198
209295 3 862
209797 1 143
209802 1 248
210877 2 499
211235 1 197
211537 1 526
213362 1 247
213852 3 478
214041 3 226
216364 2 143
216885 1 206
216935 1 131
217133 5 391
218627 4 421
219834 2 129
220020 2 228
220556 5 291
220960 2 419
221489 7 200
221583 2 728
221731 7 301
223668 2 658
223720 1 214
223822 2 527
223884 1 216
224469 3 129
224563 3 586
224567 1 602
225469 1 515
226241 1 443
226478 2 426
227081 2 548
227082 1 347
227086 4 540
227163 1 122
227456 3 536
227457 1 638
227697 1 606
228363 3 291
229446 1 152
229776 1 624
229778 5 611
229965 6 669
230072 3 609
230235 5 376
230265 4 316
231335 2 137
231642 3 346
231654 1 157
231701 4 589
232388 1 281
232449 2 537
233393 1 705
235056 1 548
235764 1 234
235962 2 400
236800 1 767
237258 1 765
237721 1 546
237933 1 583
238456 3 227
239484 1 73
239573 1 530
239577 4 686
239901 4 757
240553 2 110
241013 1 469
241326 2 509
242385 3 297
242390 2 170
242439 1 205
246360 1 641
248709 1 758
250463 1 293
251571 2 332
252601 4 500
254164 1 382
256968 1 323
257203 2 533
257877 4 472
257983 1 156
258784 1 274
258978 1 353
261646 2 418
262249 4 480
262391 2 780
262581 1 553
262602 1 831
262702 1 652
262756 1 570
262979 3 275
263007 1 518
263191 1 550
263423 3 470
263486 1 526
263712 2 377
263755 1 680
263793 2 790
263988 2 461
265031 1 700
265033 1 654
265037 1 246
265474 1 639
265478 1 230
265656 1 817
265673 2 181
265795 4 1013
265810 94 16729
265816 106 25803
265845 97 17259
265850 2 197
265854 93 21100
266519 1 223
267210 1 331
267463 1 336
267524 4 290
267533 38 2478
267540 3 786
267543 10 1097
267752 1 115
268084 33 1345
268107 1 1190
268117 1 348
268193 2 462
268268 1 378
268303 43 6782
268603 25 2073
268679 2 177
268811 4 1152
269289 4 366
269386 1 180
269508 1 187
269510 2 493
269674 3 194
269732 1 316
269785 1 385
269833 3 209
269996 44 6852
269997 79 5054
270974 3 323
271262 1 174
271708 4 691
272002 1 217
272103 3 394
272269 1 4027
272313 1 372
272411 2 241
273045 2 88
273178 1 256
273483 2 201
273880 1 271
274036 20 2768
274092 1 169
274214 1 90
274538 1 174
274553 1 804
275455 2 176
275698 1 677
275774 1 222
275780 2 279
275901 3 205
275981 1 191
275997 2 119
276078 25 5007
276127 2 153
276233 3 377
276234 3 220
276264 3 377
276265 3 220
276359 1 439
276513 2 664
276518 2 252
276566 2 390
276665 3 859
276717 1 109
276740 1 644
276823 1 249
276828 1 645
276929 2 543
277066 1 240
277310 5 349
277351 2 599
277352 2 539
277393 6 535
277469 5 614
277516 2 368
277567 4 396
277603 1 309
277771 14 1805
277862 6 722
278198 1 384
278626 11 946
278723 1 517
278783 1 503
278811 1 201
279096 108 5450
279901 1 166
280071 2 229
280267 3 773
280316 1 287
280936 2 225
282872 1 142
283224 1 456
283519 2 94
284229 1 389
284233 1 532
284359 1 479
284461 1 288
284484 1 359
284547 2 471
284681 2 187
284694 3 235
284731 5 255
284734 2 174
285032 1 732
285361 2 627
285747 1 632
285993 3 193
286020 2 231
286071 2 339
286117 2 966
286210 7 1714
286331 24 4171
286550 5 569
286640 7 1426
286764 1 446
286849 3 685
286893 2 502
286980 7 2698
287083 4 764
287192 9 1561
287270 68 4819
289348 24 18428
289576 1 329
289677 1 907
289852 39 3230
289920 54 7272
290423 1 3060
290440 89 15196
290465 81 15747
290554 2 243
290764 9 2010
291689 3 1872
291708 2 136
291793 3 2238
292303 2 110
292660 4 650
292805 8 1639
292829 13 1212
292830 2 979
292835 13 3737
292850 15 343
293285 3 2598
293962 1 107
294090 14 3338
294545 1 370
295062 1 274
295640 2 135
295748 1 217
295832 1 98
296100 3 292
297440 1 178
297800 2 397
297871 4 705
297876 7 621
297919 6 1235
298084 2 206
298274 2 134
298275 2 406
298565 1 273
298611 11 1503
298692 1 141
298695 2 435
299096 3 95
299124 3 174
299525 3 367
299778 10 5938
300339 1 288
300733 2 97
300982 15 3200
303734 41 25485
304257 1 371
304692 1 483
305198 1 200
305352 2 670
305920 2 1741
306212 1 391
306237 77 26903
306284 17 21202
306990 1 219
307453 97 49380
307969 1 120
308180 7 1806
308186 124 36306
308187 45 51551
308223 4 589
308246 37 20735
308513 61 8438
308553 6 8271
308727 1 1375
308791 7 1367
308829 7 1367
308902 3 2435
308903 14 5575
308907 53 13313
308919 65 13545
308922 14 1748
308929 10 12027
308947 57 16976
308953 83 14138
308956 3 2431
308957 14 5575
308961 53 13313
308973 65 13545
308976 14 1748
308983 10 12027
309001 57 16976
309007 83 14138
309528 3 206
309572 1 243
310070 1 303
310444 1 216
310499 1 364
311432 35 3846
311626 1 249
311639 4 694
311656 2 362
311699 6 641
311708 5 2775
311998 1 152
312040 1 293
312049 22 483
312056 4 1993
313453 1 299
313979 1 190
316138 3 217
316176 1 313
316325 1 385
316366 2 156
316527 5 619
316758 17 2636
316775 4 245
316786 3 392
316853 1 161
316921 3 397
317146 8 391
317185 8 3071
317197 3 436
317254 2 279
317352 4 1055
317767 4 528
319454 1 295
324747 1 239
324952 1 108
325106 2 397
325157 103 3262
325160 4 178
325163 17 397
325765 4 280
326129 11 67196
326275 2 172
326990 10 1360
327122 3 16929
327123 3 16927
327382 6 1440
327384 64 19585
327386 12 3284
327394 96 22044
327407 68 18061
327409 5 3377
327752 1 378
328469 2 157
328913 3 388
328992 80 5954
329034 108 4775
329208 59 9390
329209 44 5843
329225 51 7875
329226 67 8776
329231 72 7437
329405 74 3218
329412 83 7792
329476 39 4825
329568 2 4961
329569 56 7587
329659 4 262
329682 91 4492
329684 118 4343
329685 94 4983
329686 91 4384
329687 87 4905
329688 86 4330
329689 50 3506
329706 2 504
329804 44 7586
329835 2 181
330079 5 160
330099 53 6898
330245 90 4448
330471 1 279
330767 37 2668
330829 71 3502
330884 55 3321
331306 2 619
331432 42 8083
331723 1 330
331755 3 270
332302 1 99
333902 1 246
334210 1 1620
335109 3 263
336030 12 2998
336719 20 6871
337113 6 1850
337185 16 2433
337240 1 383
337391 2 374
337393 1 130
337396 3 175
337794 4 299
337804 1 104
338028 1 113
338031 2 604
338033 5 882
338035 1 467
338038 2 218
338102 5 2125
338272 2 154
338280 2 197
338348 2 618
338354 1 251
338397 6 564
338426 2 372
338468 2 321
338488 1 631
338649 45 7414
338694 1 256
338817 1 112
338937 1 93
339079 1 257
339224 1 600
339922 1 252
339945 1 383
339977 2 266
339999 1 1246
340099 7 2202
341627 3 159
341628 6 91
344347 1 163
345572 3 138
345788 4 374
345895 7 1658
347133 9 726
347673 38 1142
347681 5 1393
347691 11 3618
347748 14 2246
347773 5 1472
347837 261 63219
347869 94 47445
347984 2 1906
348045 14 1451
348082 2 366
348118 25 946
348119 73 1060
349585 30 5219
349994 82 8773
350449 68 14072
350454 28 4709
350479 48 11696
350496 89 14081
351760 2 585
351850 4 138
351903 1 169
351998 4 3051
352076 2 182
352178 1 163
352779 1 194
352857 1 612
352967 1 2555
353081 1 383
353203 4 517
353338 2 165
353597 1 495
353768 1 152
353790 1 308
353963 7 1764
354040 49 3576
354041 54 3810
354042 42 3333
354043 23 3871
354044 76 4950
354045 41 3330
354046 48 3673
354047 39 3429
354048 85 3345
354049 78 3732
354050 161 4508
354144 1 400
354297 6 1156
354331 21 1997
354450 35 8639
354756 3 1140
354974 5 182
355367 1 382
355496 1 260
355949 1 479
356918 1 185
357259 1 343
357828 3 441
357987 1 260
358393 39 6679
358395 23 3176
358396 10 3630
358397 26 4529
358424 13 2747
359152 86 9815
359290 3 1954
360153 5 176
360156 4 192
360182 5 2961
360429 1 380
360540 1 150
360716 4 364
361122 3 785
361277 2 124
361310 1 346
361346 3 759
361685 1 119
361852 1 183
362043 4 139
362132 1 154
362325 3 476
362434 2 152
362435 1 163
362977 1 126
368302 3 133
369881 11 2118
369952 2 260
369954 1 165
370531 1 262
371553 4 246
371798 3 1082
371823 16 2221
371826 6 1079
371898 106 4884
372406 56 14595
372409 1 645
373105 10 1607
373183 1 284
373834 105 44460
373836 4 848
373847 12 2670
374014 52 80805
374282 2 381
374316 2 526
374701 1 231
374749 1 157
374795 1 389
374858 2 194
374974 45 12901
374994 60 13993
376252 1 547
376386 55 9418
376390 3 1889
376460 1 240
376565 5 565
376610 62 7750
376945 3 368
377197 33 8628
377560 41 6597
377602 1 298
378077 1 116
378321 2 247
378439 4 272
378581 3 458
378995 1 133
379088 3 329
379178 1 139
380668 3 1993
381101 4 208
381617 1 462
381989 52 4051
381991 18 6428
383452 1 246
383542 2 246
383570 2 324
383778 1 330
384215 3 600
384351 3 466
384602 13 3928
384688 16 1297
384876 3 75
384962 2 492
385276 2 230
385284 3 314
385486 41 6673
385617 2 168
385979 8 3672
385980 5 3649
385981 5 2546
386740 2 165
387016 1 469
387017 2 423
392805 4 227
393526 47 8178
393527 122 4576
393550 19 30891
393575 51 2742
393639 119 4255
393664 13 1676
393668 8 1962
393673 71 10585
393677 45 3966
393747 23 58177
393958 1 414
394008 1 475
394013 3 990
394057 1 196
394062 2 969
394064 1 770
394099 23 2213
394123 6 689
394131 7 1182
394132 1 455
394135 2 1279
394146 1 450
394217 1 709
394268 2 1567
394271 1 290
394311 2 341
394316 5 1558
394393 2 735
394534 1 677
394583 2 321
394789 1 445
394815 1 1142
394829 3 1108
394854 1 392
394898 38 26758
395020 3 319
395242 5 23266
395576 15 2131
395640 9 17885
395647 1 946
395713 1 1651
395714 6 4780
395802 1 1096
395806 3 783
395852 7 1435
395873 2 3601
395882 7 759
396114 26 4324
396119 1 1555
396124 1 806
396149 8 3367
396188 2 1709
396194 1 389
396258 348 38258
396283 1 401
396290 1 674
396295 1 594
396521 3 865
396657 2 663
396658 7 798
396836 3 493
398046 1 1608
398355 2 463
399727 3 171
401170 2 833
403182 2 828
403402 1 618
404663 5 457
405651 1 818
407807 1 351
408261 1 874
410934 5 545
411444 1 663
414525 1 333
415613 6 1168
415725 1 1721
415768 1 820
416114 1 85
418571 1 540
418811 1 189
421299 1 1437
422003 1 297
422279 3 251
424985 2 411
425174 1 102
425375 2 82
425673 2 104
426301 1 390
426579 1 1108
428484 1 454
430014 3 1554
431182 4 438
431337 1 2257
432522 2 202
432527 2 137
438756 1 520
440746 3 217
441888 2 613
441992 1 736
443137 6 377
445035 5 362
445371 2 366
449042 4 305
449215 1 573
454648 1 416
456232 2 623
458336 2 805
458874 1 375
460445 3 680
461574 1 453
463636 2 314
467743 5 385
468843 2 238
469031 1 1062
470078 2 492
471272 2 1179
471274 1 658
471467 1 114
471602 1 475
471675 1 557
472059 4 1683
472526 1 284
472531 2 273
472535 1 308
472536 2 375
472541 3 1307
473949 4 745
474733 3 117
475070 2 412
479108 8 1190
481257 1 1957
482080 1 107
482169 2 398
483624 2 464
483626 2 603
485755 1 189
491135 1 393
493739 1 202
497030 1 133
497830 2 1351
497955 4 390
498329 4 779
499030 1 178
499228 2 729
499245 1 360
499441 4 1342
500011 1 378
504294 2 734
504379 6 1117
504987 2 525
505054 4 619
506831 1 107
506927 2 477
511692 1 364
514965 2 522
515761 2 1185
524547 2 1037
525783 1 422
525806 2 1391
525812 1 234
525814 1 435
525823 1 319
525833 5 863
525846 2 754
525989 1 1589
526039 1 903
526237 1 1393
526339 1 2581
526365 1 1047
526372 1 738
526399 1 813
526436 3 1033
526441 3 419
526444 7 568
526469 1 226
526473 2 458
526531 2 613
526533 1 313
526563 2 11935
526677 1 277
526711 1 376
526890 1 100
527082 1 215
527194 2 1603
527222 1 1113
527223 1 662
527236 3 536
527308 3 1325
527417 1 602
527424 1 620
527536 2 851
527568 1 692
527623 5 635
527628 1 644
527662 3 978
527674 1 952
527694 3 981
527698 1 217
527763 9 1921
527795 2 699
527848 1 1191
527897 1 551
528154 1 87
