6968 2 5837
19870 1 1666
21004 1 486
21327 1 192
21939 5 469
21940 2 166
31203 1 414
31205 1 168
39502 1 674
45020 1 512
47950 1 1422
49976 1 290
51331 10 184510
53317 2 5949
54407 1 616
54413 1 518
59361 1 4005
61356 1 143
62858 1 1524
73116 1 138
76330 1 409
81699 3 801
84421 1 4541
88916 1 23796
91127 1 633
93593 1 62
95853 1 344
96296 1 97
97484 1 437
99968 1 196
103858 2 246
106236 1 188
111253 1 361
112134 1 221
124143 1 605
129233 1 339
131797 1 167
137114 2 76
138606 1 60
140998 1 52
154034 1 313
154360 1 83
164852 1 746
166764 1 285
169139 2 53
180995 1 5417
181429 1 1089
181547 1 121
185251 1 61
187564 1 336
190868 1 197
199365 1 206
219644 1 119
220937 1 4324
227697 1 606
227699 1 520
234021 1 47
237906 1 229
241956 1 705
244323 1 172
247659 3 472
248342 2 250
249882 1 303
252494 1 463
255592 1 61
256006 1 511
257390 1 196
257609 1 518
258746 1 167
264733 1 177
264943 1 162
307588 1 407
326274 1 582
350359 1 1073
373090 1 705
373204 3 113
395029 6 146
427744 3 578
428772 1 550
445818 1 800
454711 1 94
455099 29 1052
457812 1 125
461485 1 543
461900 1 288
467582 15 503
467906 1 281
471752 6 124
478575 4 121
478645 1 645
478929 2 854
479317 1 549
488759 1 279
489275 2 541
489812 1 373
490097 6 130
492325 5 88
495785 1 108
510518 1 509
512663 1 1277
515379 7 167
515485 3 1328
520324 1 458
522532 1 267
526030 1 924
33 147 19382
34 4 2289
673 6 196
1396 4 343
1400 6 417
1646 6 55438
2028 3 208
2031 1 212
2166 10 591
2476 1 1666
3068 6 230
3069 3 244
3511 3 394
4117 3 181
4124 8 267
4162 6 333
4163 4 230
4165 2 305
4168 1 646
4172 17 529
4173 4 199
4177 1 374
4178 1 547
4183 4 373
4184 10 372
4201 2 897
4203 2 928
4204 25 949
4205 15 965
4206 5 975
4207 3 947
4209 1 937
4211 1 720
4338 9 16989
4421 6 5382
5812 5 383
5813 4 403
6968 1 5837
8038 15 285
8125 4 400
8131 5 128
9166 1 17203
9695 5 439
10166 3 162
10174 1 439
10191 3 239
10764 1 313
10892 9 271
11317 3 125
11318 5 243
11501 2 2458
11669 4 230
11997 7 224
12222 2 256
12223 18 809
12236 3 646
12283 8 385
12395 2 195
12709 5 20008
12853 5 348
12856 5 464
13850 5 213
13852 3 245
13983 21 1414
14506 1 411
15092 1 309
15093 2 210
15104 3 167
15111 5 501
15112 12 433
15113 10 469
15114 3 351
15115 1 483
15613 4 409
15726 4 219
16837 3 212
17542 4 214
17872 14 326
18590 1 325
18591 1 364
18761 7 492
19149 10 386
19152 5 382
19155 9 316
19156 3 311
19158 5 348
19710 12 323
19766 1 353
19870 2 1666
20142 5 455
20372 30 592
20389 35 589
20725 6 657
21220 8 6993
21223 4 419
21391 3 483
21399 4 163
21614 22 32241
22070 12 731
22335 1 329
22348 6 540
22349 7 587
22474 8 604
22903 3 307
23211 2 547
23212 5 225
23278 1 411
23324 3 183
23332 6 557
23776 4 293
24625 5 308
25084 4 458
25170 5 250
25172 3 143
25175 2 210
26049 3 239
26050 3 219
26218 9 277
26219 20 430
26330 7 145
26382 3 231
27024 5 227
27083 2 531
27127 1 222
27129 11 189
27161 11 441
27374 12 449
28075 14 377
28222 4 278
28224 4 175
28227 6 206
28229 4 386
28230 4 340
28461 4 5536
28476 16 335
28477 10 339
28853 31 3522
29544 7 224
29548 1 1421
30308 1 355
30372 9 214
31023 4 180
31202 2 549
31203 6 414
31205 10 168
31345 16 1570
31388 6 1146
31613 3 139
31934 13 312
31935 4 261
32174 1 1116
32187 8 484
32203 6 503
33803 14 327
33808 6 392
33913 1 773
34140 6 220
34254 3 670
34270 18 541
34291 5 85
34582 3 158
34722 1 13257
34955 1 400
35314 5 331
35315 4 324
35322 5 274
35865 8 830
35866 2 453
36178 2 317
36802 1 29903
36885 5 285
36886 2 239
37191 6 370
37275 1 372
37673 2 556
38414 3 148
38876 2 433
39104 4 364
39108 1 209
39109 6 456
39111 6 188
39397 3 188
39502 3 674
39733 4 573
40402 8 163
40403 3 230
40913 3 402
40916 1 254
40924 4 286
41397 6 341
41814 4 233
42409 4 165
42607 8 696
42936 3 187
42937 2 191
43005 11 347
43203 5 340
43610 3 341
43614 6 567
45020 2 512
45194 2 457
45280 2 268
45281 1 348
45574 1 409
45947 21 11759
46014 10 468
46017 1 209
46022 8 582
46023 9 264
46276 3 136
46405 4 220
46411 2 233
46428 5 935
46460 1 451
46467 3 471
46468 4 500
46469 4 521
46470 10 462
47318 15 448
47935 7 445
47936 12 477
47937 12 725
47939 9 536
47948 3 284
47950 27 1422
47951 15 432
47952 6 662
48190 5 331
49002 3 185
49278 4 234
49634 3 203
49635 3 199
49957 8 224
50682 3 32839
51714 5 400
51715 11 506
53174 3 143
53317 1 5949
54404 4 562
54407 1 616
54413 1 518
54551 2 194
55371 1 52248
56696 2 382
56769 1 952
57272 1 198
58818 1 483
60391 1 979
60481 1 612
61496 2 37
62750 1 452
63738 4 313
65284 1 565
65343 1 586
65751 3 524
66309 2 666
66489 2 688
66673 1 153
67668 6 131
67863 1 306
68619 3 191
69100 1 30
69108 1 33
69246 1 1158
69917 10 995
70687 2 382
70780 1 263
73229 2 104
73658 6 295
74869 1 262
75328 1 465
75384 1 51
75401 1 418
75424 1 1039
75515 1 457
75580 1 711
75836 2 73
76330 1 409
78990 3 192
79863 2 106
82702 2 847
87717 5 354
92358 4 427
95463 1 706
97179 2 103
97484 8 437
97629 2 168
99676 1 31
102363 5 643
102706 1 123
102898 4 307
103073 5 652
106371 15 885
106975 7 130
110731 4 646
111301 4 741
114801 1 604
117703 6 139
118598 12 787
120937 4 413
127866 1 550
129728 10 756
135894 2 67
137532 5 483
139305 4 533
143326 5 487
143495 7 278
143824 3 320
143849 1 48
144175 1 573
144337 2 272
145342 1 598
146239 2 267
147141 18 821
152460 2 852
153005 3 376
153455 3 184
153813 4 938
155979 3 102
156751 6 792
159215 2 208
159216 5 625
161767 1 135
161954 11 705
162340 5 207
162779 3 160
162822 2 60
162996 1 77
164852 19 746
165686 9 526
166455 8 604
169775 10 765
172650 11 376
174970 11 730
179113 5 705
179145 5 612
184005 11 342
185089 5 219
186608 6 183
188431 9 691
190414 8 887
196872 5 463
201440 3 84
201445 3 112
210317 6 210
212053 1 882
216232 5 349
217190 2 325
218572 3 409
222381 9 856
226997 2 436
227689 3 182
227816 2 264
228675 4 405
229940 5 755
230135 3 243
231456 4 227
231718 4 228
233929 5 256
234160 1 112
234359 3 860
236342 1 329
236502 9 507
237117 4 513
237342 3 268
237929 2 276
239470 2 389
239658 2 94
241549 5 900
243098 4 509
243805 3 85
246644 1 107
247509 4 172
247620 1 201
247947 1 103
250132 3 495
250984 2 222
251045 8 653
254055 6 368
254573 1 264
255047 4 130
259162 1 205
261496 1 48
261631 6 354
263930 1 47
264046 1 818
264168 4 331
264344 2 236
264665 9 484
264872 9 470
265795 1 1013
265816 3 25803
265822 5 5726
265994 3 2146
266612 1 545
266676 1 399
267198 1 3674
267461 4 867
267567 1 3974
267577 1 6751
267648 1 271
267732 4 2521
267759 1 239
267930 2 703
267935 4 165
268081 1 844
268303 4 6782
268356 1 226
268554 1 146
268712 2 280
268950 1 272
268957 1 1697
268958 2 305
269262 1 291
269290 1 117
269352 9 176
269367 5 231
269600 1 281
269711 1 982
269994 11 2943
269996 4 6852
270433 3 102
270826 1 234
270905 2 792
271179 4 2344
271216 1 416
271258 3 1713
272274 1 257
272290 1 173
272728 1 468
272822 1 746
273354 2 2901
274460 1 3312
274627 2 274
274888 1 176
274976 1 385
275325 1 268
275487 2 155
275665 2 162
275706 1 168
275920 2 1233
275930 1 461
276016 2 1330
278507 1 1008
279527 1 208
279838 1 286
280619 1 11500
280748 1 426
285063 1 214
286255 1 4222
286326 1 1953
286563 2 257
286677 10 306
287186 8 1580
287920 2 367
287994 1 445
288158 2 279
288237 1 216
288244 4 344
288254 2 287
288257 13 784
288258 3 207
288261 3 125
288263 5 129
288265 3 123
288268 4 232
288269 4 123
288272 3 226
288273 8 198
288294 3 174
288295 19 454
288296 8 178
288301 2 455
288305 6 320
288306 1 267
288308 3 174
288312 3 304
288313 39 1891
288316 3 466
288318 5 116
288333 3 454
288334 7 478
288337 2 265
288338 4 233
288340 4 118
288341 1 205
288342 5 144
288343 3 654
288344 12 447
288358 3 280
288360 2 182
288362 5 245
288376 15 785
288378 10 706
288380 6 184
288383 3 426
288384 26 430
288385 9 177
288387 5 232
288392 3 125
288399 3 101
288404 1 117
288408 3 196
288410 1 79
288424 2 134
288429 3 354
288431 6 399
288435 7 124
288439 3 112
288445 10 298
288450 2 114
288455 1 394
288460 8 329
288461 2 318
288466 7 753
288467 16 618
288470 1 228
288477 2 252
288482 5 366
288484 5 537
288486 9 640
288492 1 102
290399 2 194
290404 4 520
290417 1 833
290856 2 367
291168 2 294
292026 8 5959
293255 26 429
294016 1 140
295842 1 2346
300382 3 164
300774 1 757
301865 11 18367
303734 2 25485
306164 3 464
306283 1 285
307453 25 49380
307457 1 302
307458 5 211
307460 15 965
307462 1 136
307475 7 564
307478 1 241
307479 1 113
307480 1 339
307485 6 315
307487 1 157
307489 4 161
307490 7 949
307493 2 162
307494 4 304
307496 2 212
307497 20 1106
307499 1 74
307500 2 450
307513 2 492
307515 4 266
307517 8 831
307518 5 391
307519 5 456
307520 4 250
307521 3 108
307529 2 124
307531 6 471
307532 3 79
307534 1 356
307539 5 242
307545 7 1104
307546 1 103
307547 1 133
307548 3 173
307550 3 234
307555 2 143
307556 2 143
307564 6 264
307565 2 233
307566 1 194
307586 2 210
307588 21 407
307596 4 186
307602 10 256
307611 6 566
307620 5 440
307627 1 79
308503 1 267
308773 17 1955
308775 1 1185
308779 3 1753
308785 32 4454
308811 17 1955
308817 3 1753
308818 1 494
308823 32 4454
308825 3 503
308859 30 5677
308930 2 1249
308984 2 1249
309842 1 869
310271 1 259
310499 13 364
310755 5 434
311891 1 290
312135 17 701
312263 1 613
313856 2 476
314673 1 389
316034 1 166
316806 4 333
317393 1 335
317541 2 157
317928 1 132
319760 2 103
322899 1 745
325534 3 2074
325538 11 1844
325539 2 6072
325540 35 3234
326123 5 14885
326129 3 67196
326185 2 126
326186 3 123
326189 8 235
326194 7 178
326196 4 241
326209 3 160
326221 5 125
326230 1 77
326231 9 208
326236 7 283
326241 14 481
326243 2 128
326244 2 125
326248 5 436
326250 4 246
326256 7 451
326257 4 250
326274 12 582
326278 5 332
326282 2 132
326284 2 110
326287 10 328
326300 3 160
326303 1 193
326304 1 248
326305 2 216
326308 5 288
326315 4 195
326316 1 148
326319 1 172
326333 2 199
326336 1 83
326340 2 165
326344 1 336
326347 10 757
326349 10 409
326352 4 283
326358 2 185
326359 2 117
326364 2 117
326365 1 138
326463 1 1249
326815 1 842
327123 1 16927
327160 15 945
327295 4 657
327314 3 222
327316 1 264
327349 34 8654
327356 3 1565
327357 3 1265
327361 20 1715
327365 8 1164
329507 1 1157
329824 1 1157
330470 2 123
333512 1 264
337316 4 151
337841 2 183
338793 7 319
339273 1 400
339976 1 185
340207 1 151
343835 1 349
345418 2 158
347710 8 307
347815 2 176
347837 41 63219
347838 4 6657
348248 1 394
348403 3 1670
348744 16 3039
348859 1 134
349584 10 455
349742 3 1678
349962 1 908
350081 8 179
350151 1 454
350310 52 3011
350311 3 1111
350359 6 1073
350369 1 257
350385 2 687
350393 2 203
350395 1 273
350397 1 254
350449 1 14072
351146 1 417
351932 1 243
352036 2 250
352626 4 7519
352810 4 319
352920 9 261
352933 9 261
353379 4 144
354628 1 278
354989 1 322
355037 3 169
356586 2 111
360372 12 576
360660 14 2514
360802 2 338
364159 3 161
365067 1 107
365498 5 413
371876 3 1474
372225 4 210
372406 7 14595
372458 4 139
373197 16 716
373201 3 237
373203 5 317
373204 3 113
373205 6 174
373207 10 156
373237 7 325
373241 8 193
373247 5 81
373248 6 625
373254 4 111
373255 2 111
373269 2 269
373270 6 199
374014 1 80805
374507 8 1194
374893 2 761
374943 4 273
374944 5 539
374945 6 879
374953 7 392
374957 1 180
375788 4 184
376386 4 9418
377560 3 6597
378215 8 148
378324 7 315
378464 2 279
378749 5 148
378752 3 148
379845 3 108
386520 1 106
388127 7 220
393465 4 356
393860 2 1545
394898 4 26758
394963 4 246
394979 21 442
394981 8 325
394983 7 542
394987 2 1006
394992 5 290
394999 2 240
395004 3 279
395011 9 571
395012 11 552
395013 5 345
395014 4 444
395016 5 203
395019 3 270
395023 5 154
395029 7 146
395031 8 308
395050 2 234
395061 8 277
395071 2 148
395075 5 104
395080 2 80
395086 1 159
395087 15 300
396123 6 470
396258 2 38258
396472 1 159
396473 1 1546
396531 2 2870
396996 2 208
397234 2 249
397668 3 99
397670 3 112
398066 2 115
398284 1 544
398467 1 984
398713 7 687
398855 6 134
399952 1 1695
400834 1 657
400935 3 781
401217 5 152
401263 1 685
401997 2 770
402000 1 1044
402889 9 402
403577 2 138
404033 1 437
404229 8 605
405022 3 221
405714 2 347
406359 1 95
406811 1 586
406962 6 294
407628 3 521
408597 6 157
408742 6 171
408972 7 214
409852 6 305
410214 3 867
410599 1 510
411310 7 910
412111 4 887
412749 3 667
413252 12 780
413717 1 104
414033 9 1043
414171 2 199
414636 3 252
415230 2 407
415286 2 641
415317 1 103
415588 1 432
415888 6 666
416099 1 666
416337 6 152
416549 1 508
417990 11 443
418213 1 3418
418317 7 238
418549 3 288
418692 1 1017
419768 1 99
419824 7 331
420514 11 373
420663 1 514
420836 17 2667
421071 2 2514
421466 1 147
421569 1 565
421609 1 713
421667 3 581
421679 1 988
421920 3 476
423934 2 124
424038 9 148
424039 2 129
424569 4 466
424678 1 188
424928 1 93
425355 9 562
425370 1 335
426092 1 532
427561 10 340
428159 8 862
428679 11 788
429337 7 1080
429531 6 268
430074 1 95
430857 4 156
431086 1 170
431344 15 488
431533 4 166
431554 7 849
432314 27 479
432938 1 131
433396 10 809
433615 5 362
434060 12 428
434062 1 130
434210 5 118
434391 2 98
434527 13 1397
435491 2 308
435847 4 654
435952 20 911
436203 16 420
436483 1 890
436757 3 108
437325 5 1272
437931 3 452
438286 1 164
438841 1 527
439355 1 142
440366 4 523
440396 2 113
440689 4 488
441282 5 510
441701 2 370
441944 1 398
441978 2 143
442891 3 231
443411 16 513
445125 9 263
445419 14 589
447044 7 145
447103 9 758
447799 2 180
449063 2 386
449498 1 90
450753 2 737
451162 7 764
452046 2 976
452119 11 339
452235 31 945
452239 6 520
453467 11 365
454590 6 453
455099 18 1052
455171 5 1259
455176 3 430
455775 6 774
455839 2 350
456218 1 337
456690 7 323
456969 20 1081
457062 6 435
457253 10 835
458448 12 309
458684 5 414
458756 9 719
459075 13 674
459561 4 926
460507 4 411
461485 1 543
461881 3 304
461900 1 288
462251 2 398
462296 2 406
462443 3 594
463069 4 1263
463355 7 537
463956 1 402
464509 1 237
464953 3 210
465275 3 542
466355 8 1321
466446 2 772
466686 13 271
467582 14 503
467906 1 281
468046 13 747
469193 7 106
469381 3 146
469848 12 332
470237 16 479
471268 1 330
471751 6 123
471752 7 124
471874 2 115
472096 2 86
472272 11 446
472623 2 208
472648 14 604
473283 16 616
473623 10 396
473662 2 176
474338 9 1136
475389 1 60
476250 7 3982
476462 6 691
476668 4 170
478252 11 610
478560 2 911
478575 4 121
478645 5 645
478718 14 1216
478742 32 1205
478873 3 194
479181 2 151
479317 3 549
480096 5 150
480281 4 274
480372 9 623
480517 4 96
481061 11 456
481062 2 138
481070 5 589
481686 1 607
481828 20 1145
483169 6 486
483910 3 3011
484157 1 30
487373 9 439
487502 8 194
487588 7 799
487687 1 132
487761 5 152
488759 1 279
489244 1 139
489275 2 541
489459 8 473
489715 2 280
489812 1 373
490097 6 130
490159 2 118
490808 1 103
491629 7 838
491697 5 581
491766 6 2223
491778 6 632
492001 2 229
492097 37 1363
492136 38 1459
492325 6 88
492995 8 428
493112 1 356
493991 9 287
495333 2 84
496274 2 385
496556 4 1660
496597 11 1499
496692 20 862
496702 9 228
497329 2 396
497507 37 812
498013 4 479
498056 16 653
499523 1 47
499557 7 718
499656 6 361
500231 11 665
500809 7 189
501732 2 122
502619 3 130
504554 4 499
504631 5 97
504831 12 506
505750 5 282
506256 9 358
506282 5 464
506370 6 246
506432 12 264
507451 5 128
507629 22 979
507702 2 82
507881 2 222
508809 1 306
508909 4 87
509450 1 508
509538 3 316
509834 14 582
510518 14 509
511339 5 314
511525 1 363
513057 4 519
513293 12 1117
514375 8 258
515379 9 167
515380 6 472
515431 22 1207
515485 14 1328
515821 1 271
516426 4 457
516747 10 249
516936 17 426
518300 17 771
518888 4 96
519119 9 252
519167 4 116
519343 2 270
519460 1 55
519758 2 531
520612 5 783
520805 6 111
522532 1 267
522862 4 154
523360 4 146
524002 7 647
524102 2 552
525064 1 95
525219 9 303
525978 2 611
526107 1 473
526231 4 2610
527102 5 975
528067 1 145
