7472 3 25628
13861 2 4246
28126 4 7816
33561 5 3210
33562 1 453
33572 4 1005
33575 1 513
33957 4 8237
40061 2 19463
49394 2 26545
51331 75 184510
56227 1 319
56752 3 321
57261 1 285
58284 1 335
59374 1 1662
59596 1 135
61993 8 244
65813 1 771
70502 2 669
71099 5 262
72427 1 553
75315 1 272
78363 1 233
82166 10 319
82977 2 2067
93571 1 408
95233 1 274
95372 3 198
96778 2 31
97251 2 34
98220 2 27
98272 3 47
103223 1 61
103590 1 350
104354 1 216
104374 1 311
104469 1 231
105709 5 217
110562 6 357
111349 1 174
111824 1 193
113864 23 765
114203 5 185
114459 2 34
114645 21 693
114650 5 433
114651 6 350
114860 1 193
115114 4 422
115587 7 214
118215 6 213
120264 2 66
120271 5 117
120856 1 902
124101 5 99
127025 1 233
130662 1 216
130878 1 147
137814 2 308
138305 1 706
138618 2 470
139273 3 249
142887 1 221
144334 1 159
145156 3 377
152284 11 484
155133 1 331
160381 1 403
160382 1 394
160643 2 299
160689 1 1252
160782 2 358
160967 1 494
160968 4 207
162007 1 275
162173 1 329
162604 5 352
162697 1 295
163043 9 321
163792 2 145
163795 3 170
165300 6 335
165514 1 105
165871 1 76
167822 4 193
167986 6 217
167998 7 278
171615 1 754
173335 1 508
175493 2 146
175782 1 201
175993 3 159
176003 3 208
176153 1 260
177417 1 1828
178062 1 297
180970 7 272
183380 2 224
184700 1 255
184702 1 275
184904 1 268
184908 12 433
185632 3 357
186196 19 2567
188844 1 213
192584 3 136
195856 4 102
196347 4 97
200096 2 161
201878 7 234
204965 6 351
205245 9 379
205765 2 320
207461 1 301
207497 2 78
207653 1 43
209174 2 230
209981 6 229
213460 26 723
213774 1 189
221250 2 250
221530 2 457
223242 3 216
225229 1 317
228861 2 361
231185 2 1046
231748 2 193
233200 4 404
233279 4 251
236756 1 182
236759 1 268
236983 3 390
237151 2 296
237196 2 1158
237258 2 765
238251 4 228
238473 2 190
238663 3 236
238865 2 379
239007 3 726
239571 1 408
239754 1 414
239757 1 479
239762 9 300
239784 3 343
239990 2 235
239998 1 318
240023 3 319
240039 2 1257
240177 5 376
240350 1 206
240563 1 624
240577 1 286
240715 3 331
241286 1 295
241322 1 1216
241488 9 559
242003 3 388
242725 8 346
242985 1 291
243032 4 198
243842 2 267
243853 3 140
244469 1 274
250553 1 212
250705 1 173
250713 1 141
251327 1 156
254511 2 166
255105 2 102
257033 1 292
257540 1 290
257985 10 718
258486 2 479
258773 9 398
258797 3 372
259092 1 215
259371 2 1300
259733 1 323
260679 2 330
260792 5 408
261013 1 68
261355 1 289
262477 1 736
265810 1 16729
277992 2 83
278397 1 245
278408 2 694
278533 3 425
278619 5 2631
278688 2 329
278785 1 430
278831 2 869
278958 19 433
279067 10 362
279511 1 442
279612 9 237
279613 6 748
279616 1 303
279618 9 313
279622 3 220
279637 2 77
279706 26 603
279949 1 1179
279968 1 515
280215 3 508
280385 6 390
290440 1 15196
299464 1 179
299491 1 262
299493 4 203
299496 1 201
299564 1 419
299789 2 490
299949 4 241
299950 4 103
300034 7 167
300088 5 132
300297 3 79
300356 4 423
300387 3 157
300474 3 1449
300476 3 215
300477 3 203
300478 12 412
300483 1 355
300490 1 125
300495 4 168
300497 2 913
300544 1 296
300552 2 134
300573 3 118
300576 2 520
300578 2 208
300745 1 234
300770 1 201
301012 3 172
301110 3 140
301865 1 18367
303734 1 25485
306497 2 1107
306539 7 478
307453 1 49380
308186 4 36306
308938 18 699
308947 1 16976
308992 18 699
309001 1 16976
317898 4 234
317899 1 150
317952 1 146
318014 2 140
318022 8 402
318105 4 242
318106 1 208
318107 2 68
318109 3 337
318116 3 435
318121 2 215
318188 3 93
318189 2 266
318198 2 374
318240 8 250
318243 5 390
318304 1 188
318310 4 993
318350 3 2486
318370 1 117
318382 3 77
318390 3 563
318392 3 89
318402 3 563
318404 3 89
318446 3 77
318456 1 208
318480 1 152
318523 1 210
318524 1 166
318530 3 863
318572 2 374
318582 1 253
318687 2 276
318846 1 225
318893 1 286
319068 2 148
319081 2 178
319256 1 218
319378 13 526
319382 2 329
319383 1 228
319734 1 470
319761 3 228
319963 1 144
319973 5 150
319974 4 274
319975 5 117
319976 2 1008
319979 3 272
320049 1 103
320069 1 272
320070 8 198
320097 1 420
320184 4 291
320185 3 123
320187 2 2039
320305 2 867
320306 15 689
320307 2 107
320308 5 1455
320314 1 70
320316 3 123
320332 6 536
320336 2 92
320361 7 422
320362 6 2349
320365 3 243
320395 3 916
325624 18 4590
327381 1 191
327407 1 18061
327413 11 888
327769 47 2964
333649 3 165
334082 2 260
339071 4 189
339168 2 373
339172 3 243
339189 4 3183
339283 1 177
339287 3 227
339288 1 319
339290 4 113
339401 2 1251
339404 1 153
339405 4 108
339473 2 93
339475 3 173
339477 1 279
339481 3 363
339561 2 202
340045 2 147
340046 2 1304
340048 3 277
340089 1 626
340143 4 640
340147 3 310
340150 1 195
340172 6 559
340175 1 291
340258 2 165
340261 8 526
340262 3 226
340294 6 186
340314 3 583
340317 4 577
340380 9 429
340534 1 337
340607 4 954
340608 3 1709
340663 4 194
340759 3 284
340762 1 138
340780 7 944
340945 4 288
340947 1 201
340970 4 175
340976 1 388
341104 1 237
341170 1 1315
341275 1 118
341276 1 224
341302 4 122
341419 11 1318
341420 1 136
341422 4 219
341426 1 551
341441 7 168
341552 3 380
341724 3 232
342251 3 196
342845 2 305
347393 4 58
350495 10 991
353838 4 149
354186 10 402
362779 1 147
362903 1 299
363175 6 111
363176 1 165
363220 3 821
363241 6 445
363415 1 191
363687 2 425
363852 1 449
363854 1 227
363855 1 297
363887 2 202
363898 2 2025
363900 3 123
363981 1 326
364125 7 296
364318 8 697
364473 1 358
364562 1 122
364679 5 173
364712 5 183
364795 11 202
364796 8 315
364797 7 269
364845 9 292
364847 4 338
364861 1 103
364883 4 2891
364884 3 125
364946 3 272
364996 9 427
365009 6 251
365051 10 405
365052 6 223
365053 7 157
365054 8 269
365055 7 278
365056 4 89
365135 2 1262
365143 1 466
365150 5 122
365151 10 557
365152 7 230
365153 7 236
365154 1 156
365197 3 1256
365288 4 502
365289 9 544
365290 6 699
365291 4 198
365292 1 342
365364 1 117
365372 7 870
365524 1 141
365622 1 86
372437 5 830
376140 6 115
385493 4 290
385549 1 420
385593 2 197
385675 2 416
385773 1 342
385780 1 169
385884 2 1734
385949 1 453
385950 4 95
386009 1 248
386011 4 359
386161 7 1871
386385 4 98
386563 1 563
386825 1 810
386972 3 2852
387083 1 546
387175 3 66
387189 14 312
387298 5 267
387342 3 77
387534 2 226
387537 6 219
387917 6 115
393550 4 30891
395242 1 23266
395640 1 17885
400913 18 17082
403243 1 479
404306 1 632
408778 1 80
410055 4 90
410155 1 410
410924 2 1374
411647 1 196
413467 1 465
413786 3 114
414383 1 1015
414953 1 237
418439 8 679
418441 1 988
418444 2 596
418882 1 422
419583 1 556
419661 1 953
421764 1 511
422111 1 479
423677 1 242
428074 1 894
428227 2 446
428327 6 750
430328 1 705
430909 1 455
432669 2 519
435399 1 39
436079 3 217
436410 7 629
436745 7 467
436794 3 182
437849 2 84
438359 4 164
440811 7 214
441144 8 376
445790 1 88
446025 2 185
447547 1 454
447551 3 580
450503 1 483
462281 1 899
466158 1 157
468129 1 556
469835 1 803
470234 1 659
472757 1 499
473210 2 327
474195 2 864
474485 1 1106
474897 3 174
475570 1 39
475984 2 633
476343 1 737
476871 13 483
476892 1 815
476905 13 653
477195 1 511
477258 11 1133
477259 5 669
477260 17 639
477337 1 344
477358 2 40
477560 7 797
477568 3 565
477750 9 280
478095 18 1061
478097 2 680
478374 1 363
478567 1 380
478697 1 753
478719 2 548
479369 2 289
479437 4 414
479439 2 431
480156 1 467
480608 7 650
481143 2 437
481177 1 563
481527 1 562
481842 2 439
482477 1 980
483320 4 922
483325 4 536
483326 1 369
483702 4 561
483910 85 3011
483967 2 393
484985 4 725
485228 1 673
485923 2 558
486072 20 620
487846 1 857
488205 7 392
488492 2 1141
488629 3 232
489233 15 544
489596 3 628
490404 4 1253
490806 4 756
491285 2 764
493466 2 359
493774 5 132
493885 6 567
493905 1 101
494250 1 258
495193 4 680
495642 4 674
496787 1 48
498187 1 499
499660 1 387
501727 4 480
504039 2 477
504415 1 578
505030 1 382
505366 1 559
505732 2 571
507774 7 180
510215 2 254
510833 1 207
510878 3 605
512385 1 2547
512467 1 778
514369 8 281
517596 2 1008
519652 1 1237
520232 1 406
520703 1 230
521691 4 510
522319 2 498
522963 2 621
526237 4 1393
527803 1 1821
527822 3 468
528081 1 280
33561 4 3210
33562 2 453
33572 6 1005
33575 2 513
49394 5 26545
56227 1 319
56752 1 321
57253 1 351
57261 4 285
57765 1 87
57886 1 157
58238 1 152
58284 1 335
59374 3 1662
59596 1 135
60450 2 287
60646 2 464
61993 3 244
63075 1 112
64872 2 650
65813 4 771
69980 1 416
70502 7 669
71099 2 262
72427 1 553
75315 2 272
78363 1 233
82166 6 319
93571 1 408
95233 1 274
95372 3 198
96778 1 31
96826 3 932
97251 1 34
97580 1 523
98220 1 27
98272 2 47
99198 1 356
103223 1 61
103590 1 350
104018 1 144
104354 1 216
104374 1 311
104469 1 231
105709 3 217
110562 2 357
111349 1 174
111824 1 193
113864 14 765
114203 4 185
114459 2 34
114645 7 693
114650 4 433
114651 3 350
114860 1 193
115114 2 422
115587 4 214
118215 4 213
120264 2 66
120271 3 117
120856 1 902
124101 3 99
127025 1 233
130662 1 216
130878 1 147
136482 2 252
137814 1 308
138305 6 706
138618 3 470
139273 3 249
142887 1 221
144334 1 159
145156 1 377
152284 2 484
155133 2 331
160689 2 1252
160968 3 207
161784 1 605
162007 1 275
162173 1 329
162604 2 352
162697 1 295
162836 3 417
163043 7 321
163792 1 145
163795 1 170
165300 2 335
165514 2 105
165871 2 76
167822 5 193
167986 4 217
167998 5 278
171615 1 754
172977 1 201
173335 3 508
175493 1 146
175782 1 201
175993 2 159
176003 2 208
176153 1 260
176602 1 437
178062 1 297
180970 4 272
183380 2 224
184700 1 255
184702 1 275
184904 1 268
184908 6 433
185632 3 357
188844 1 213
192584 2 136
195856 3 102
196347 3 97
200096 2 161
201878 5 234
204965 5 351
205245 4 379
207461 1 301
207497 2 78
207653 1 43
209174 1 230
209981 1 229
213460 13 723
213774 1 189
221250 2 250
221530 3 457
223242 3 216
225197 1 143
225229 1 317
228861 1 361
229747 1 642
231185 1 1046
231748 2 193
233200 4 404
233279 3 251
236756 1 182
236759 1 268
236983 2 390
237151 2 296
237196 1 1158
237258 1 765
238251 4 228
238473 2 190
238663 4 236
238865 1 379
239007 3 726
239571 1 408
239754 1 414
239757 1 479
239762 5 300
239784 1 343
239990 1 235
239998 1 318
240023 3 319
240039 2 1257
240177 3 376
240350 1 206
240563 1 624
240577 1 286
240715 2 331
241286 1 295
241322 1 1216
241488 4 559
242003 7 388
242725 4 346
242985 1 291
243032 3 198
243842 2 267
243853 2 140
244469 1 274
251327 1 156
254511 2 166
255105 2 102
257033 1 292
258486 4 479
258773 7 398
258797 3 372
259371 1 1300
259733 1 323
260679 2 330
260792 4 408
261013 1 68
261355 1 289
262477 2 736
262552 1 234
265159 1 139
265321 1 127
297939 3 90
298000 3 90
306497 1 1107
310053 1 299
326625 11 2077
333649 1 165
372437 3 830
398065 2 102
398295 2 100
403243 1 479
404306 1 632
408778 2 80
410055 6 90
410155 2 410
410924 1 1374
411647 1 196
413467 1 465
413786 3 114
414383 2 1015
414953 2 237
418882 1 422
421764 1 511
422111 3 479
423677 1 242
426597 2 138
428074 2 894
428227 13 446
428327 1 750
428803 5 262
429299 1 124
429521 16 679
430328 8 705
430909 1 455
432669 2 519
435399 1 39
436079 4 217
436410 10 629
436745 8 467
436794 4 182
437849 4 84
438359 4 164
439566 4 1248
440811 5 214
441144 11 376
445790 4 88
446025 5 185
447547 1 454
450503 5 483
450664 10 163
451592 2 435
455567 1 700
458429 6 467
462281 5 899
466158 1 157
468129 8 556
469835 6 803
470234 8 659
471290 11 482
472612 2 246
472757 1 499
473096 2 396
473141 1 295
473144 5 600
473210 5 327
473237 14 482
473414 2 339
473449 11 507
473845 10 678
473852 16 697
474195 11 864
474485 6 1106
474897 3 174
475166 9 1008
475570 2 39
475984 6 633
476234 13 503
476298 12 767
476329 11 651
476343 11 737
476622 14 648
476870 5 449
476871 9 483
476892 8 815
476905 19 653
477013 12 587
477195 8 511
477258 12 1133
477259 5 669
477260 8 639
477337 3 344
477358 1 40
477559 28 1188
477560 13 797
477568 6 565
477750 16 280
478095 26 1061
478097 16 680
478374 12 363
478442 12 1117
478567 3 380
478697 11 753
478719 5 548
479359 8 510
479369 2 289
479426 29 1823
479437 4 414
479439 2 431
479440 6 441
479501 5 322
479779 5 534
480156 3 467
480227 11 232
480608 10 650
480857 9 501
480858 14 716
481129 9 533
481143 7 437
481177 2 563
481405 1 278
481527 11 562
481557 11 746
481581 10 431
481775 5 338
481842 10 439
482152 14 894
482477 10 980
482479 14 809
482486 25 649
483021 3 417
483320 4 922
483325 4 536
483326 9 369
483572 1 215
483702 7 561
483752 21 948
483967 2 393
484229 9 1462
484233 9 838
484822 4 402
484826 11 487
484985 26 725
485228 10 673
485338 8 416
485923 4 558
486071 10 620
486072 12 620
486664 13 690
487846 14 857
487856 9 730
488205 4 392
488492 18 1141
488621 11 993
488629 4 232
489233 15 544
489596 4 628
490005 15 849
490404 12 1253
490806 5 756
491285 6 764
493085 10 583
493401 10 705
493466 4 359
493517 5 624
493774 2 132
493885 10 567
493905 4 101
494250 1 258
494541 12 704
494542 14 519
494780 11 421
495193 10 680
495642 9 674
496096 5 215
496097 1 426
496361 2 174
496447 8 518
496787 1 48
496859 5 384
497096 2 1149
497394 5 377
497426 5 480
497458 5 313
497769 1 534
497884 3 538
498187 1 499
498662 3 106
499445 1 228
499649 15 634
499658 5 492
499660 6 387
499775 5 846
500012 9 433
500014 8 455
500375 3 462
500385 3 365
500861 1 170
500862 2 389
501392 2 435
501727 12 480
504038 7 367
504039 5 477
504415 4 578
505030 7 382
505366 13 559
505732 3 571
507705 5 427
507772 4 543
507774 4 180
508079 5 489
509448 12 654
509496 3 80
509740 10 365
509856 9 1491
510167 10 448
510215 2 254
510515 20 646
510833 2 207
510878 1 605
511685 11 686
512385 44 2547
512466 9 768
512467 8 778
514369 5 281
515143 10 3321
515673 11 451
515967 3 208
516403 1 170
517596 12 1008
517640 10 454
517728 5 206
518011 1 88
518114 4 601
518985 8 400
519580 20 628
519617 2 744
519652 21 1237
520232 1 406
520338 7 819
520703 3 230
520914 1 299
521231 7 487
521691 13 510
522319 2 498
522556 14 763
522563 10 527
522910 1 499
522959 10 692
522963 1 621
523335 1 498
523354 1 572
524459 5 198
524775 12 539
524776 1 150
524871 4 188
524878 1 162
525157 5 1237
525528 6 799
526108 1 516
526337 8 744
526343 2 154
526636 6 622
526643 2 452
526769 1 205
527084 8 361
527395 15 749
527421 2 418
527423 4 123
527683 1 313
527765 1 882
527773 1 197
527803 3 1821
527822 1 468
528081 5 280
33561 1 3210
51331 2 184510
55852 4 255
55934 7 288
56231 8 269
56752 8 321
57554 11 316
57886 1 157
58247 7 261
58284 6 335
59374 2 1662
59596 3 135
60354 5 250
60445 9 245
61993 3 244
64872 2 650
65813 12 771
69980 2 416
70502 1 669
70989 4 250
71065 4 262
71099 1 262
72427 2 553
74131 3 67
74862 3 108
75263 5 225
75315 4 272
84093 3 774
85806 5 503
91921 1 55
93571 4 408
95233 5 274
95372 3 198
96826 7 932
97580 1 523
98196 7 572
99198 6 356
102905 7 337
103590 5 350
104018 4 144
104354 8 216
104374 10 311
104469 10 231
105709 2 217
109612 12 762
110562 4 357
111349 2 174
111824 3 193
113864 3 765
114645 4 693
114650 5 433
120271 1 117
120856 13 902
123249 3 139
126851 2 64
129468 4 209
130662 6 216
130878 1 147
134937 2 83
136482 1 252
138305 1 706
142887 3 221
144334 4 159
144503 4 129
145156 3 377
152284 3 484
155765 4 196
155985 2 114
157148 4 250
157267 4 152
159567 7 193
160009 6 124
160012 7 448
160098 1 345
160101 4 285
160346 1 467
160381 13 403
160382 13 394
160587 3 275
160592 3 137
160596 2 297
160643 4 299
160689 15 1252
160782 6 358
160967 9 494
160968 4 207
161267 9 445
161784 7 605
162007 7 275
162604 5 352
162697 8 295
162831 8 315
162836 5 417
162959 2 383
163043 3 321
163067 5 418
163145 12 967
163257 11 494
163792 1 145
163795 1 170
165300 1 335
167822 2 193
167986 1 217
167998 2 278
173335 3 508
175494 4 211
175782 2 201
175993 1 159
176003 1 208
176149 5 142
176153 5 260
176602 5 437
177357 4 302
177833 10 400
177923 3 333
178062 7 297
178806 1 74
180149 1 355
180970 7 272
183380 1 224
183911 1 97
184581 5 252
184702 2 275
184904 2 268
184908 2 433
188615 3 139
188865 4 267
191005 7 262
191341 7 444
191567 3 306
191853 1 184
193108 3 247
193360 5 263
194118 3 300
198243 5 271
200298 2 190
200782 1 167
201878 2 234
202153 1 309
204965 14 351
205245 16 379
205253 19 378
205765 2 320
207220 9 293
207344 5 254
207461 6 301
207646 8 293
208065 14 403
209588 4 193
209809 2 99
209981 2 229
210528 1 276
211376 7 286
213460 10 723
213774 6 189
214027 4 228
214069 4 129
214261 2 67
218363 2 212
219079 4 365
221530 7 457
221555 1 337
221966 7 265
222344 2 301
223242 2 216
225229 1 317
227033 5 247
228861 1 361
229747 7 642
230016 3 84
231185 14 1046
231748 4 193
232888 5 414
233200 8 404
233279 1 251
234459 3 435
236605 1 720
236756 2 182
236759 4 268
236955 3 247
236983 5 390
237151 4 296
237196 4 1158
237258 6 765
237317 9 296
238251 4 228
238473 2 190
238663 3 236
238865 6 379
239007 17 726
239571 4 408
239757 11 479
239762 2 300
239784 3 343
239990 4 235
239998 2 318
240023 9 319
240039 4 1257
240177 8 376
240350 1 206
240563 2 624
240577 6 286
240715 7 331
241013 6 469
241286 6 295
241322 5 1216
241488 10 559
241497 7 230
242003 13 388
242725 1 346
242985 6 291
243032 1 198
243842 3 267
243853 2 140
244451 9 258
244469 2 274
248140 3 343
250553 5 212
250705 1 173
250713 1 141
251327 3 156
251532 8 357
251701 8 546
254592 2 151
255105 1 102
257033 3 292
257540 2 290
257985 8 718
258485 6 322
258486 2 479
258507 8 301
258771 9 414
258773 6 398
258797 6 372
258956 19 855
259092 3 215
259371 8 1300
259733 8 323
260544 4 362
260679 8 330
260792 6 408
260794 5 464
261013 1 68
261355 3 289
261850 6 272
262477 3 736
262552 3 234
264515 4 103
265159 1 139
265321 1 127
265845 1 17259
265867 1 222
265868 2 987
265872 1 125
265891 3 302
265897 1 115
265911 1 95
265942 1 135
265950 2 223
265953 2 290
265956 3 121
265964 3 197
265973 3 156
265984 1 202
265990 2 104
265991 2 117
266003 5 158
266008 1 96
266024 3 180
266025 1 174
266027 3 192
266048 1 290
266054 1 184
266056 2 117
266083 2 450
266104 3 194
266110 3 137
266113 1 163
266129 1 166
266139 2 168
266143 2 127
266146 2 132
266148 1 167
266150 3 157
266154 2 208
266156 2 172
266157 2 127
266160 2 132
266162 1 167
266164 3 157
266169 2 172
266171 2 127
266178 3 157
266188 1 175
266198 2 184
266201 1 150
266208 1 135
266211 2 208
266229 1 216
266269 1 102
266271 1 223
266285 2 88
266300 1 166
266312 1 147
266326 1 167
266332 5 137
266342 3 167
266344 2 357
266356 3 323
266397 6 344
266406 4 392
266476 3 167
266494 1 147
266495 4 296
266496 3 245
266510 1 191
266511 5 195
266512 1 116
266543 2 307
266546 1 329
266548 1 152
266569 1 352
266595 1 87
266620 2 310
266623 1 294
266634 1 197
266636 1 164
266649 2 96
266655 1 108
266676 8 399
266685 1 114
266698 1 114
266700 1 132
266707 2 121
266750 1 103
266764 1 181
266765 1 115
266766 1 92
266788 1 146
266800 2 216
266805 2 198
266811 6 339
266813 1 176
266835 1 356
266839 3 289
266855 2 151
267804 1 150
268450 3 181
277992 1 83
278397 2 245
278408 1 694
278533 10 425
278619 11 2631
278688 2 329
278785 8 430
278831 9 869
278958 1 433
279067 4 362
279229 54 2024
279503 3 162
279505 1 90
279511 21 442
279612 1 237
279613 4 748
279616 3 303
279618 5 313
279622 5 220
279637 2 77
279706 3 603
279949 23 1179
279968 3 515
279970 6 341
280062 8 428
280063 1 126
280119 3 178
280215 3 508
280385 5 390
280619 11 11500
286255 3 4222
286583 17 19748
288555 1 750
288618 9 1871
288692 1 722
288693 1 193
288728 5 326
288732 4 851
289348 37 18428
289790 1 1496
289834 6 1507
289840 1 1890
290440 2 15196
299464 7 179
299491 1 262
299493 10 203
299496 3 201
299564 4 419
299789 7 490
299949 9 241
299950 1 103
300088 1 132
300300 1 109
300356 4 423
300387 2 157
300474 12 1449
300477 1 203
300490 2 125
300497 3 913
300544 6 296
300573 3 118
300576 3 520
300578 5 208
300641 2 138
300745 2 234
300839 1 141
300944 1 85
301865 12 18367
303734 24 25485
306497 8 1107
306539 2 478
307453 2 49380
308186 1 36306
309355 3 211
310053 4 299
317891 1 281
317952 3 146
318022 12 402
318105 3 242
318106 2 208
318107 1 68
318109 3 337
318116 7 435
318121 6 215
318188 2 93
318189 6 266
318198 2 374
318240 2 250
318243 9 390
318249 1 321
318310 9 993
318350 12 2486
318370 2 117
318382 1 77
318390 6 563
318392 3 89
318402 6 563
318404 3 89
318446 1 77
318456 1 208
318480 1 152
318523 2 210
318530 2 863
318570 8 170
318572 7 374
318582 1 253
318843 1 486
318846 3 225
318893 3 286
318957 11 498
319068 2 148
319081 5 178
319256 4 218
319297 61 1479
319378 8 526
319382 3 329
319383 1 228
319734 4 470
319744 15 378
319761 5 228
319963 3 144
319973 5 150
319974 4 274
319975 2 117
319976 25 1008
319979 12 272
320049 4 103
320061 30 2240
320069 7 272
320070 6 198
320097 4 420
320184 3 291
320185 4 123
320187 37 2039
320191 1 235
320248 6 13098
320305 18 867
320306 12 689
320307 5 107
320308 27 1455
320314 2 70
320316 3 123
320332 8 536
320361 10 422
320362 50 2349
320365 7 243
320395 16 916
325624 5 4590
326129 80 67196
326436 2 345
327407 1 18061
327413 19 888
328358 27 1941
330679 13 251
331073 8 205
331249 6 275
332611 2 204
333649 1 165
334082 5 260
335921 5 274
336657 3 377
339071 1 189
339168 4 373
339172 9 243
339189 4 3183
339283 2 177
339287 5 227
339288 3 319
339290 6 113
339401 8 1251
339404 2 153
339473 1 93
339475 1 173
339477 3 279
339481 11 363
339561 1 202
339966 2 207
340045 5 147
340046 34 1304
340048 13 277
340089 6 626
340143 12 640
340147 8 310
340150 4 195
340172 3 559
340175 3 291
340258 2 165
340261 2 526
340262 2 226
340270 1 83
340294 8 186
340314 21 583
340317 7 577
340380 16 429
340504 6 296
340529 10 297
340534 3 337
340607 18 954
340608 21 1709
340663 1 194
340759 6 284
340762 1 138
340778 9 1042
340780 6 944
340945 6 288
340947 8 201
340968 4 248
340970 3 175
340976 4 388
341104 8 237
341170 26 1315
341276 4 224
341302 3 122
341419 22 1318
341420 1 136
341422 6 219
341426 11 551
341441 1 168
341552 7 380
341724 3 232
342251 3 196
342845 5 305
347837 1 63219
350495 15 991
352626 12 7519
353531 6 232
353838 6 149
354186 11 402
359152 4 9815
362554 12 1901
362605 50 1540
362779 2 147
362781 12 216
362903 2 299
363175 4 111
363176 3 165
363214 3 198
363220 13 821
363241 2 445
363243 3 192
363415 1 191
363459 1 89
363460 3 275
363604 4 168
363687 10 425
363852 1 449
363854 10 227
363855 2 297
363887 1 202
363898 21 2025
363981 2 326
364098 1 66
364125 2 296
364136 2 192
364318 8 697
364321 3 176
364473 6 358
364481 17 472
364562 2 122
364587 2 271
364679 6 173
364712 2 183
364795 4 202
364796 5 315
364797 7 269
364821 4 166
364845 3 292
364847 1 338
364883 34 2891
364884 1 125
364946 6 272
364995 6 183
364996 2 427
365009 4 251
365051 8 405
365052 5 223
365053 2 157
365054 7 269
365055 1 278
365135 8 1262
365143 2 466
365150 3 122
365151 9 557
365152 4 230
365153 7 236
365197 15 1256
365288 7 502
365289 10 544
365290 13 699
365291 4 198
365292 3 342
365372 5 870
365524 4 141
365985 9 185
366264 1 142
372277 1 2439
372278 2 28092
372406 5 14595
372437 1 830
374014 8 80805
374379 6 9608
375005 5 4439
376270 3 155
377902 8 190
378960 17 3375
380172 16 2489
384602 18 3928
385364 5 519
385486 12 6673
385493 2 290
385549 2 420
385593 4 197
385675 3 416
385773 1 342
385780 4 169
385879 1 296
385884 24 1734
385949 3 453
386009 3 248
386011 7 359
386018 9 277
386161 16 1871
386385 1 98
386503 6 145
386825 4 810
386972 6 2852
387083 1 546
387189 5 312
387298 4 267
387534 5 226
387537 5 219
387940 14 264
388105 2 164
388116 16 448
393011 18 2028
393550 36 30891
393673 1 10585
393747 3 58177
394898 3 26758
395242 7 23266
395640 9 17885
396848 6 181
398065 4 102
398295 2 100
399501 10 530
400106 2 95
400913 4 17082
403243 5 479
404306 11 632
404580 5 367
406878 5 275
407215 10 516
410055 1 90
410155 6 410
410924 12 1374
411647 4 196
413467 8 465
414953 3 237
415385 11 456
418402 11 538
418633 1 1171
418882 8 422
419093 1 775
419142 5 291
419579 1 461
421764 3 511
422111 6 479
423677 3 242
426597 3 138
428074 10 894
428327 8 750
429424 4 509
429521 2 679
430172 7 430
430328 2 705
430909 2 455
431993 7 484
432344 3 93
432669 3 519
433455 2 339
436410 1 629
439566 6 1248
446788 1 146
447547 6 454
447551 6 580
450503 4 483
451592 5 435
455567 11 700
456377 8 773
458429 1 467
462281 10 899
469726 1 509
469835 2 803
471290 2 482
473096 4 396
473141 3 295
473414 2 339
474485 1 1106
476234 2 503
476622 1 648
476870 2 449
476871 1 483
476892 1 815
477258 3 1133
477260 1 639
477559 18 1188
478097 6 680
478374 1 363
478567 1 380
478697 1 753
478719 2 548
479359 4 510
479426 3 1823
479439 1 431
479440 10 441
479501 3 322
479779 7 534
480227 1 232
480858 2 716
481129 1 533
481177 2 563
481405 1 278
481527 1 562
481775 1 338
482152 2 894
482479 2 809
483021 3 417
483326 1 369
483572 1 215
483702 2 561
483752 1 948
484229 1 1462
484233 3 838
484822 4 402
484826 2 487
485338 2 416
485923 7 558
486071 1 620
486664 3 690
487846 3 857
487856 1 730
488205 1 392
488621 1 993
490640 8 291
490806 3 756
491285 4 764
493295 4 403
493401 2 705
493466 1 359
493517 5 624
493774 2 132
493885 1 567
494250 2 258
494541 8 704
494542 1 519
494780 1 421
495193 7 680
495642 5 674
496096 1 215
496859 1 384
497096 1 1149
497458 1 313
498187 3 499
499649 1 634
500014 1 455
501392 3 435
502892 6 364
504038 2 367
504415 7 578
505030 1 382
505366 1 559
507705 4 427
507772 3 543
507774 3 180
508079 2 489
509496 1 80
509594 7 372
510125 9 321
510167 1 448
510215 1 254
510515 6 646
510833 2 207
511531 6 365
511685 2 686
512385 2 2547
512466 2 768
512467 5 778
514369 1 281
515143 2 3321
515673 5 451
515967 3 208
516403 1 170
517640 2 454
517728 1 206
518011 1 88
518114 9 601
518985 2 400
519580 5 628
519617 1 744
519652 4 1237
520338 3 819
520703 2 230
520914 2 299
521231 1 487
521691 2 510
522319 4 498
522556 3 763
522563 4 527
522910 1 499
522959 1 692
522963 6 621
523335 2 498
523354 1 572
524775 2 539
524776 1 150
525157 8 1237
525528 7 799
526237 3 1393
526343 1 154
526636 3 622
526769 1 205
527084 7 361
527395 3 749
527683 1 313
527803 1 1821
